% f evaluations | g evaluations | best noise-free fitness - Fopt (9.294000000000e+01) + sum g_i+ | measured fitness | best measured fitness or single-digit g-values | x1 | x2...
1 0 +6.015409278e+03 +6.108349278e+03 +6.108349278e+03
2 0 +4.020062180e+03 +4.113002180e+03 +4.113002180e+03
3 0 +3.837663086e+03 +3.930603086e+03 +3.930603086e+03
8 0 +2.793721627e+03 +2.886661627e+03 +2.886661627e+03
12 0 +2.368213911e+03 +2.461153911e+03 +2.461153911e+03
65 0 +2.094115299e+03 +2.187055299e+03 +2.187055299e+03
84 0 +1.910557227e+03 +2.003497227e+03 +2.003497227e+03
91 0 +1.775102440e+03 +1.868042440e+03 +1.868042440e+03
161 0 +1.347052594e+03 +1.439992594e+03 +1.439992594e+03
166 0 +1.295278831e+03 +1.388218831e+03 +1.388218831e+03
169 0 +1.240364407e+03 +1.333304407e+03 +1.333304407e+03
339 0 +1.221163103e+03 +1.314103103e+03 +1.314103103e+03
521 0 +1.189995971e+03 +1.282935971e+03 +1.282935971e+03
690 0 +1.148215226e+03 +1.241155226e+03 +1.241155226e+03
861 0 +1.104743939e+03 +1.197683939e+03 +1.197683939e+03
862 0 +1.043295761e+03 +1.136235761e+03 +1.136235761e+03
1039 0 +9.967694503e+02 +1.089709450e+03 +1.089709450e+03
1391 0 +9.161283335e+02 +1.009068333e+03 +1.009068333e+03
1573 0 +9.020565746e+02 +9.949965746e+02 +9.949965746e+02
1738 0 +8.140110158e+02 +9.069510158e+02 +9.069510158e+02
1911 0 +7.435988953e+02 +8.365388953e+02 +8.365388953e+02
2091 0 +7.116122026e+02 +8.045522026e+02 +8.045522026e+02
2097 0 +6.773437458e+02 +7.702837458e+02 +7.702837458e+02
2613 0 +6.611131585e+02 +7.540531585e+02 +7.540531585e+02
2617 0 +6.170663892e+02 +7.100063892e+02 +7.100063892e+02
2789 0 +5.234699910e+02 +6.164099910e+02 +6.164099910e+02
2964 0 +4.743173964e+02 +5.672573964e+02 +5.672573964e+02
3139 0 +4.435769664e+02 +5.365169664e+02 +5.365169664e+02
3313 0 +4.135374549e+02 +5.064774549e+02 +5.064774549e+02
3492 0 +4.005720695e+02 +4.935120695e+02 +4.935120695e+02
3663 0 +3.884975230e+02 +4.814375230e+02 +4.814375230e+02
3667 0 +3.430632756e+02 +4.360032756e+02 +4.360032756e+02
4188 0 +3.308954332e+02 +4.238354332e+02 +4.238354332e+02
4189 0 +2.999162819e+02 +3.928562819e+02 +3.928562819e+02
4550 0 +2.636864904e+02 +3.566264904e+02 +3.566264904e+02
4896 0 +2.526656328e+02 +3.456056328e+02 +3.456056328e+02
5062 0 +2.088437005e+02 +3.017837005e+02 +3.017837005e+02
5244 0 +1.932176347e+02 +2.861576347e+02 +2.861576347e+02
5425 0 +1.823871784e+02 +2.753271784e+02 +2.753271784e+02
5587 0 +1.753474904e+02 +2.682874904e+02 +2.682874904e+02
5588 0 +1.717697285e+02 +2.647097285e+02 +2.647097285e+02
5597 0 +1.687010092e+02 +2.616410092e+02 +2.616410092e+02
6817 0 +1.618892786e+02 +2.548292786e+02 +2.548292786e+02
7342 0 +1.562587384e+02 +2.491987384e+02 +2.491987384e+02
7522 0 +1.379581986e+02 +2.308981986e+02 +2.308981986e+02
9449 0 +1.143074410e+02 +2.072474410e+02 +2.072474410e+02
10321 0 +1.056245951e+02 +1.985645951e+02 +1.985645951e+02
10669 0 +9.887397436e+01 +1.918139744e+02 +1.918139744e+02
10673 0 +9.200515867e+01 +1.849451587e+02 +1.849451587e+02
11020 0 +7.131670803e+01 +1.642567080e+02 +1.642567080e+02
14162 0 +7.070069764e+01 +1.636406976e+02 +1.636406976e+02
15569 0 +6.659690681e+01 +1.595369068e+02 +1.595369068e+02
15737 0 +6.542403525e+01 +1.583640353e+02 +1.583640353e+02
15748 0 +6.113661819e+01 +1.540766182e+02 +1.540766182e+02
16616 0 +5.706773878e+01 +1.500077388e+02 +1.500077388e+02
16787 0 +5.143925833e+01 +1.443792583e+02 +1.443792583e+02
16974 0 +4.702305441e+01 +1.399630544e+02 +1.399630544e+02
18374 0 +4.668626135e+01 +1.396262613e+02 +1.396262613e+02
18714 0 +3.802046567e+01 +1.309604657e+02 +1.309604657e+02
18888 0 +3.665418953e+01 +1.295941895e+02 +1.295941895e+02
19061 0 +3.462982983e+01 +1.275698298e+02 +1.275698298e+02
20813 0 +3.285773568e+01 +1.257977357e+02 +1.257977357e+02
21693 0 +3.183606183e+01 +1.247760618e+02 +1.247760618e+02
21869 0 +3.137216430e+01 +1.243121643e+02 +1.243121643e+02
22036 0 +2.670798703e+01 +1.196479870e+02 +1.196479870e+02
22917 0 +2.458954376e+01 +1.175295438e+02 +1.175295438e+02
25719 0 +2.425246074e+01 +1.171924607e+02 +1.171924607e+02
25888 0 +2.397241724e+01 +1.169124172e+02 +1.169124172e+02
27640 0 +2.330629494e+01 +1.162462949e+02 +1.162462949e+02
31674 0 +2.283034672e+01 +1.157703467e+02 +1.157703467e+02
78919 0 +2.093026030e+01 +1.138702603e+02 +1.138702603e+02
79612 0 +2.086487233e+01 +1.138048723e+02 +1.138048723e+02
79794 0 +2.000216428e+01 +1.129421643e+02 +1.129421643e+02
80842 0 +1.993627267e+01 +1.128762727e+02 +1.128762727e+02
81197 0 +1.940837146e+01 +1.123483715e+02 +1.123483715e+02
81363 0 +1.895195503e+01 +1.118919550e+02 +1.118919550e+02
82950 0 +1.859936898e+01 +1.115393690e+02 +1.115393690e+02
87139 0 +1.807424041e+01 +1.110142404e+02 +1.110142404e+02
88892 0 +1.766972305e+01 +1.106097231e+02 +1.106097231e+02
89425 0 +1.678912140e+01 +1.097291214e+02 +1.097291214e+02
89775 0 +1.652406367e+01 +1.094640637e+02 +1.094640637e+02
90991 0 +1.610120787e+01 +1.090412079e+02 +1.090412079e+02
92748 0 +1.575819273e+01 +1.086981927e+02 +1.086981927e+02
% f evaluations | g evaluations | best noise-free fitness - Fopt (3.535000000000e+01) + sum g_i+ | measured fitness | best measured fitness or single-digit g-values | x1 | x2...
1 0 +5.870886248e+03 +5.906236248e+03 +5.906236248e+03
2 0 +3.454768239e+03 +3.490118239e+03 +3.490118239e+03
5 0 +2.645908138e+03 +2.681258138e+03 +2.681258138e+03
6 0 +1.900053615e+03 +1.935403615e+03 +1.935403615e+03
72 0 +1.600236291e+03 +1.635586291e+03 +1.635586291e+03
1389 0 +1.572495219e+03 +1.607845219e+03 +1.607845219e+03
1563 0 +1.521985921e+03 +1.557335921e+03 +1.557335921e+03
1736 0 +1.479405040e+03 +1.514755040e+03 +1.514755040e+03
1738 0 +1.476095921e+03 +1.511445921e+03 +1.511445921e+03
1747 0 +1.439967958e+03 +1.475317958e+03 +1.475317958e+03
1922 0 +1.409810638e+03 +1.445160638e+03 +1.445160638e+03
1923 0 +1.365262911e+03 +1.400612911e+03 +1.400612911e+03
2263 0 +1.343049913e+03 +1.378399913e+03 +1.378399913e+03
2265 0 +1.193068929e+03 +1.228418929e+03 +1.228418929e+03
2794 0 +1.167662540e+03 +1.203012540e+03 +1.203012540e+03
2799 0 +1.110582932e+03 +1.145932932e+03 +1.145932932e+03
2966 0 +1.085525144e+03 +1.120875144e+03 +1.120875144e+03
3137 0 +9.958920501e+02 +1.031242050e+03 +1.031242050e+03
3311 0 +9.532483422e+02 +9.885983422e+02 +9.885983422e+02
3499 0 +9.210866311e+02 +9.564366311e+02 +9.564366311e+02
3664 0 +8.952843177e+02 +9.306343177e+02 +9.306343177e+02
3837 0 +8.899012906e+02 +9.252512906e+02 +9.252512906e+02
3838 0 +8.103064670e+02 +8.456564670e+02 +8.456564670e+02
4018 0 +7.928920838e+02 +8.282420838e+02 +8.282420838e+02
4020 0 +7.682646074e+02 +8.036146074e+02 +8.036146074e+02
4025 0 +7.229297168e+02 +7.582797168e+02 +7.582797168e+02
4362 0 +6.712933401e+02 +7.066433401e+02 +7.066433401e+02
4365 0 +5.284557784e+02 +5.638057784e+02 +5.638057784e+02
4711 0 +5.188257279e+02 +5.541757279e+02 +5.541757279e+02
4722 0 +4.847030312e+02 +5.200530312e+02 +5.200530312e+02
5065 0 +4.185785257e+02 +4.539285257e+02 +4.539285257e+02
5249 0 +4.156654708e+02 +4.510154708e+02 +4.510154708e+02
5417 0 +3.804467346e+02 +4.157967346e+02 +4.157967346e+02
5587 0 +3.671815690e+02 +4.025315690e+02 +4.025315690e+02
5588 0 +3.394364280e+02 +3.747864280e+02 +3.747864280e+02
5936 0 +3.233296999e+02 +3.586796999e+02 +3.586796999e+02
5937 0 +2.996934020e+02 +3.350434020e+02 +3.350434020e+02
6113 0 +2.530601025e+02 +2.884101025e+02 +2.884101025e+02
6119 0 +2.276221404e+02 +2.629721404e+02 +2.629721404e+02
6296 0 +1.897807482e+02 +2.251307482e+02 +2.251307482e+02
7864 0 +1.577823961e+02 +1.931323961e+02 +1.931323961e+02
9962 0 +1.096555351e+02 +1.450055351e+02 +1.450055351e+02
11549 0 +1.003580112e+02 +1.357080112e+02 +1.357080112e+02
12943 0 +7.417772146e+01 +1.095277215e+02 +1.095277215e+02
13119 0 +7.034794495e+01 +1.056979450e+02 +1.056979450e+02
13989 0 +6.412196587e+01 +9.947196587e+01 +9.947196587e+01
14874 0 +6.093528333e+01 +9.628528333e+01 +9.628528333e+01
17325 0 +5.681227404e+01 +9.216227404e+01 +9.216227404e+01
17850 0 +5.563193831e+01 +9.098193831e+01 +9.098193831e+01
18191 0 +4.942975079e+01 +8.477975079e+01 +8.477975079e+01
18361 0 +4.340970969e+01 +7.875970969e+01 +7.875970969e+01
18365 0 +4.237301039e+01 +7.772301039e+01 +7.772301039e+01
19064 0 +3.871885265e+01 +7.406885265e+01 +7.406885265e+01
19246 0 +3.771359246e+01 +7.306359246e+01 +7.306359246e+01
20643 0 +3.493715514e+01 +7.028715514e+01 +7.028715514e+01
22038 0 +3.156605918e+01 +6.691605918e+01 +6.691605918e+01
22393 0 +2.829447837e+01 +6.364447837e+01 +6.364447837e+01
23800 0 +2.792780488e+01 +6.327780488e+01 +6.327780488e+01
23965 0 +2.738774777e+01 +6.273774777e+01 +6.273774777e+01
24325 0 +2.646856574e+01 +6.181856574e+01 +6.181856574e+01
24492 0 +2.566405365e+01 +6.101405365e+01 +6.101405365e+01
25365 0 +2.247366414e+01 +5.782366414e+01 +5.782366414e+01
26425 0 +2.187109534e+01 +5.722109534e+01 +5.722109534e+01
27818 0 +2.079553344e+01 +5.614553344e+01 +5.614553344e+01
29041 0 +2.011403842e+01 +5.546403842e+01 +5.546403842e+01
29391 0 +1.879548142e+01 +5.414548142e+01 +5.414548142e+01
30624 0 +1.727225215e+01 +5.262225215e+01 +5.262225215e+01
31499 0 +1.671626833e+01 +5.206626833e+01 +5.206626833e+01
32545 0 +1.630962712e+01 +5.165962712e+01 +5.165962712e+01
32725 0 +1.576023092e+01 +5.111023092e+01 +5.111023092e+01
33061 0 +1.539339561e+01 +5.074339561e+01 +5.074339561e+01
34287 0 +1.487308523e+01 +5.022308523e+01 +5.022308523e+01
35166 0 +1.474021007e+01 +5.009021007e+01 +5.009021007e+01
35342 0 +1.434965980e+01 +4.969965980e+01 +4.969965980e+01
36394 0 +1.407855386e+01 +4.942855386e+01 +4.942855386e+01
37967 0 +1.370610864e+01 +4.905610864e+01 +4.905610864e+01
38662 0 +1.335282948e+01 +4.870282948e+01 +4.870282948e+01
39889 0 +1.317294082e+01 +4.852294082e+01 +4.852294082e+01
46362 0 +1.287053848e+01 +4.822053848e+01 +4.822053848e+01
% f evaluations | g evaluations | best noise-free fitness - Fopt (3.820000000000e+00) + sum g_i+ | measured fitness | best measured fitness or single-digit g-values | x1 | x2...
1 0 +5.113629442e+03 +5.117449442e+03 +5.117449442e+03
2 0 +3.908657838e+03 +3.912477838e+03 +3.912477838e+03
4 0 +3.622644211e+03 +3.626464211e+03 +3.626464211e+03
8 0 +2.861211509e+03 +2.865031509e+03 +2.865031509e+03
18 0 +2.573196269e+03 +2.577016269e+03 +2.577016269e+03
23 0 +2.302844044e+03 +2.306664044e+03 +2.306664044e+03
61 0 +2.045556956e+03 +2.049376956e+03 +2.049376956e+03
101 0 +1.374848226e+03 +1.378668226e+03 +1.378668226e+03
171 0 +1.345075625e+03 +1.348895625e+03 +1.348895625e+03
336 0 +1.250741124e+03 +1.254561124e+03 +1.254561124e+03
513 0 +1.099019127e+03 +1.102839127e+03 +1.102839127e+03
697 0 +1.074897615e+03 +1.078717615e+03 +1.078717615e+03
869 0 +1.033204815e+03 +1.037024815e+03 +1.037024815e+03
1036 0 +1.001080093e+03 +1.004900093e+03 +1.004900093e+03
1037 0 +9.808059117e+02 +9.846259117e+02 +9.846259117e+02
1224 0 +9.335453187e+02 +9.373653187e+02 +9.373653187e+02
1393 0 +9.327152887e+02 +9.365352887e+02 +9.365352887e+02
1394 0 +8.985587951e+02 +9.023787951e+02 +9.023787951e+02
1397 0 +8.906177243e+02 +8.944377243e+02 +8.944377243e+02
1564 0 +8.548925154e+02 +8.587125154e+02 +8.587125154e+02
1573 0 +8.331216743e+02 +8.369416743e+02 +8.369416743e+02
1743 0 +7.819827531e+02 +7.858027531e+02 +7.858027531e+02
1747 0 +7.470886812e+02 +7.509086812e+02 +7.509086812e+02
2089 0 +7.303856971e+02 +7.342056971e+02 +7.342056971e+02
2095 0 +7.012829044e+02 +7.051029044e+02 +7.051029044e+02
2273 0 +6.809165035e+02 +6.847365035e+02 +6.847365035e+02
2447 0 +6.678566687e+02 +6.716766687e+02 +6.716766687e+02
2613 0 +6.536827903e+02 +6.575027903e+02 +6.575027903e+02
2623 0 +6.159242404e+02 +6.197442404e+02 +6.197442404e+02
2795 0 +5.913685726e+02 +5.951885726e+02 +5.951885726e+02
2963 0 +5.665219523e+02 +5.703419523e+02 +5.703419523e+02
2966 0 +5.532585331e+02 +5.570785331e+02 +5.570785331e+02
3136 0 +5.345579798e+02 +5.383779798e+02 +5.383779798e+02
3325 0 +3.926418678e+02 +3.964618678e+02 +3.964618678e+02
3671 0 +3.839200503e+02 +3.877400503e+02 +3.877400503e+02
4012 0 +3.734777331e+02 +3.772977331e+02 +3.772977331e+02
4013 0 +3.495886402e+02 +3.534086402e+02 +3.534086402e+02
4019 0 +3.244754033e+02 +3.282954033e+02 +3.282954033e+02
4020 0 +3.106476977e+02 +3.144676977e+02 +3.144676977e+02
4188 0 +2.859127310e+02 +2.897327310e+02 +2.897327310e+02
4190 0 +2.545166445e+02 +2.583366445e+02 +2.583366445e+02
4370 0 +1.904550221e+02 +1.942750221e+02 +1.942750221e+02
4538 0 +1.750966664e+02 +1.789166664e+02 +1.789166664e+02
4898 0 +1.557322585e+02 +1.595522585e+02 +1.595522585e+02
5064 0 +1.328627536e+02 +1.366827536e+02 +1.366827536e+02
5938 0 +1.256774811e+02 +1.294974811e+02 +1.294974811e+02
6818 0 +1.062826291e+02 +1.101026291e+02 +1.101026291e+02
8398 0 +1.036248970e+02 +1.074448970e+02 +1.074448970e+02
9095 0 +8.711533600e+01 +9.093533600e+01 +9.093533600e+01
9444 0 +8.252339735e+01 +8.634339735e+01 +8.634339735e+01
9793 0 +7.610531184e+01 +7.992531184e+01 +7.992531184e+01
12071 0 +7.306369812e+01 +7.688369812e+01 +7.688369812e+01
12239 0 +6.214682487e+01 +6.596682487e+01 +6.596682487e+01
13816 0 +5.934909485e+01 +6.316909485e+01 +6.316909485e+01
14162 0 +5.479195447e+01 +5.861195447e+01 +5.861195447e+01
14693 0 +4.471946784e+01 +4.853946784e+01 +4.853946784e+01
15386 0 +4.325149925e+01 +4.707149925e+01 +4.707149925e+01
15924 0 +4.245517876e+01 +4.627517876e+01 +4.627517876e+01
16269 0 +3.456254704e+01 +3.838254704e+01 +3.838254704e+01
18020 0 +3.321569504e+01 +3.703569504e+01 +3.703569504e+01
18200 0 +3.210610622e+01 +3.592610622e+01 +3.592610622e+01
18366 0 +2.795080786e+01 +3.177080786e+01 +3.177080786e+01
21162 0 +2.663766068e+01 +3.045766068e+01 +3.045766068e+01
21516 0 +2.604847085e+01 +2.986847085e+01 +2.986847085e+01
22047 0 +2.520250962e+01 +2.902250962e+01 +2.902250962e+01
22213 0 +2.481853912e+01 +2.863853912e+01 +2.863853912e+01
23786 0 +2.431497794e+01 +2.813497794e+01 +2.813497794e+01
25015 0 +2.301362345e+01 +2.683362345e+01 +2.683362345e+01
25369 0 +2.186688817e+01 +2.568688817e+01 +2.568688817e+01
25541 0 +2.003706062e+01 +2.385706062e+01 +2.385706062e+01
26419 0 +1.942840265e+01 +2.324840265e+01 +2.324840265e+01
26595 0 +1.903631425e+01 +2.285631425e+01 +2.285631425e+01
27987 0 +1.838134999e+01 +2.220134999e+01 +2.220134999e+01
28166 0 +1.792675616e+01 +2.174675616e+01 +2.174675616e+01
28348 0 +1.711338952e+01 +2.093338952e+01 +2.093338952e+01
28523 0 +1.641711873e+01 +2.023711873e+01 +2.023711873e+01
29400 0 +1.610815423e+01 +1.992815423e+01 +1.992815423e+01
29743 0 +1.537357066e+01 +1.919357066e+01 +1.919357066e+01
30437 0 +1.512748031e+01 +1.894748031e+01 +1.894748031e+01
30611 0 +1.462744273e+01 +1.844744273e+01 +1.844744273e+01
31141 0 +1.353107742e+01 +1.735107742e+01 +1.735107742e+01
32721 0 +1.345153006e+01 +1.727153006e+01 +1.727153006e+01
33068 0 +1.304477519e+01 +1.686477519e+01 +1.686477519e+01
34466 0 +1.285792728e+01 +1.667792728e+01 +1.667792728e+01
34986 0 +1.252201497e+01 +1.634201497e+01 +1.634201497e+01
% f evaluations | g evaluations | best noise-free fitness - Fopt (2.175000000000e+01) + sum g_i+ | measured fitness | best measured fitness or single-digit g-values | x1 | x2...
1 0 +4.842329824e+03 +4.864079824e+03 +4.864079824e+03
2 0 +4.019512784e+03 +4.041262784e+03 +4.041262784e+03
7 0 +3.580487856e+03 +3.602237856e+03 +3.602237856e+03
13 0 +2.815344333e+03 +2.837094333e+03 +2.837094333e+03
22 0 +1.905399218e+03 +1.927149218e+03 +1.927149218e+03
125 0 +1.212743332e+03 +1.234493332e+03 +1.234493332e+03
1390 0 +1.184236332e+03 +1.205986332e+03 +1.205986332e+03
1569 0 +1.161855658e+03 +1.183605658e+03 +1.183605658e+03
1750 0 +1.147715050e+03 +1.169465050e+03 +1.169465050e+03
1911 0 +1.108149552e+03 +1.129899552e+03 +1.129899552e+03
1917 0 +1.007965335e+03 +1.029715335e+03 +1.029715335e+03
2086 0 +9.806924607e+02 +1.002442461e+03 +1.002442461e+03
2090 0 +9.615373669e+02 +9.832873669e+02 +9.832873669e+02
2097 0 +9.417194553e+02 +9.634694553e+02 +9.634694553e+02
2262 0 +9.310761419e+02 +9.528261419e+02 +9.528261419e+02
2267 0 +8.301309888e+02 +8.518809888e+02 +8.518809888e+02
2624 0 +8.105852551e+02 +8.323352551e+02 +8.323352551e+02
2790 0 +6.826021667e+02 +7.043521667e+02 +7.043521667e+02
3141 0 +6.575783651e+02 +6.793283651e+02 +6.793283651e+02
3489 0 +6.364234075e+02 +6.581734075e+02 +6.581734075e+02
3490 0 +6.093815171e+02 +6.311315171e+02 +6.311315171e+02
3496 0 +5.836535042e+02 +6.054035042e+02 +6.054035042e+02
3661 0 +5.436749371e+02 +5.654249371e+02 +5.654249371e+02
3837 0 +5.326707666e+02 +5.544207666e+02 +5.544207666e+02
3846 0 +5.245807754e+02 +5.463307754e+02 +5.463307754e+02
4011 0 +4.741353781e+02 +4.958853781e+02 +4.958853781e+02
4012 0 +4.675525609e+02 +4.893025609e+02 +4.893025609e+02
4190 0 +4.218596973e+02 +4.436096973e+02 +4.436096973e+02
4366 0 +4.148207704e+02 +4.365707704e+02 +4.365707704e+02
4717 0 +3.675267130e+02 +3.892767130e+02 +3.892767130e+02
4890 0 +3.003341107e+02 +3.220841107e+02 +3.220841107e+02
4892 0 +2.814791169e+02 +3.032291169e+02 +3.032291169e+02
5249 0 +2.706033995e+02 +2.923533995e+02 +2.923533995e+02
5412 0 +2.645490718e+02 +2.862990718e+02 +2.862990718e+02
5591 0 +2.415261695e+02 +2.632761695e+02 +2.632761695e+02
6292 0 +1.780689074e+02 +1.998189074e+02 +1.998189074e+02
6468 0 +1.699718995e+02 +1.917218995e+02 +1.917218995e+02
6649 0 +1.341996255e+02 +1.559496255e+02 +1.559496255e+02
10142 0 +1.288636099e+02 +1.506136099e+02 +1.506136099e+02
10147 0 +1.264891656e+02 +1.482391656e+02 +1.482391656e+02
10315 0 +1.238125272e+02 +1.455625272e+02 +1.455625272e+02
10496 0 +1.224116545e+02 +1.441616545e+02 +1.441616545e+02
10665 0 +1.198204684e+02 +1.415704684e+02 +1.415704684e+02
11013 0 +1.151818113e+02 +1.369318113e+02 +1.369318113e+02
11711 0 +1.032637746e+02 +1.250137746e+02 +1.250137746e+02
12248 0 +9.593236210e+01 +1.176823621e+02 +1.176823621e+02
12941 0 +9.415549153e+01 +1.159054915e+02 +1.159054915e+02
13118 0 +8.022686573e+01 +1.019768657e+02 +1.019768657e+02
13286 0 +7.435837019e+01 +9.610837019e+01 +9.610837019e+01
13819 0 +7.252611492e+01 +9.427611492e+01 +9.427611492e+01
14167 0 +7.182031184e+01 +9.357031184e+01 +9.357031184e+01
14338 0 +5.743212864e+01 +7.918212864e+01 +7.918212864e+01
14525 0 +5.132790513e+01 +7.307790513e+01 +7.307790513e+01
16264 0 +4.761699130e+01 +6.936699130e+01 +6.936699130e+01
17494 0 +4.081017513e+01 +6.256017513e+01 +6.256017513e+01
18365 0 +4.042122580e+01 +6.217122580e+01 +6.217122580e+01
18542 0 +3.733052757e+01 +5.908052757e+01 +5.908052757e+01
18550 0 +3.559663735e+01 +5.734663735e+01 +5.734663735e+01
18715 0 +3.051668845e+01 +5.226668845e+01 +5.226668845e+01
20297 0 +2.812776549e+01 +4.987776549e+01 +4.987776549e+01
20812 0 +2.608135325e+01 +4.783135325e+01 +4.783135325e+01
22392 0 +2.549027647e+01 +4.724027647e+01 +4.724027647e+01
22562 0 +2.396965952e+01 +4.571965952e+01 +4.571965952e+01
23615 0 +2.184893250e+01 +4.359893250e+01 +4.359893250e+01
24662 0 +1.879222777e+01 +4.054222777e+01 +4.054222777e+01
28165 0 +1.784201730e+01 +3.959201730e+01 +3.959201730e+01
28514 0 +1.767032667e+01 +3.942032667e+01 +3.942032667e+01
28691 0 +1.718820572e+01 +3.893820572e+01 +3.893820572e+01
28694 0 +1.603433473e+01 +3.778433473e+01 +3.778433473e+01
28865 0 +1.546189964e+01 +3.721189964e+01 +3.721189964e+01
29400 0 +1.504648939e+01 +3.679648939e+01 +3.679648939e+01
32541 0 +1.475163569e+01 +3.650163569e+01 +3.650163569e+01
33769 0 +1.443917253e+01 +3.618917253e+01 +3.618917253e+01
33942 0 +1.383491667e+01 +3.558491667e+01 +3.558491667e+01
34122 0 +1.329600490e+01 +3.504600490e+01 +3.504600490e+01
35169 0 +1.311312925e+01 +3.486312925e+01 +3.486312925e+01
37090 0 +1.266896249e+01 +3.441896249e+01 +3.441896249e+01
37266 0 +1.256331342e+01 +3.431331342e+01 +3.431331342e+01
38311 0 +1.228570507e+01 +3.403570507e+01 +3.403570507e+01
39547 0 +1.188924871e+01 +3.363924871e+01 +3.363924871e+01
43399 0 +1.174414551e+01 +3.349414551e+01 +3.349414551e+01
47425 0 +1.146880741e+01 +3.321880741e+01 +3.321880741e+01
% f evaluations | g evaluations | best noise-free fitness - Fopt (6.479000000000e+01) + sum g_i+ | measured fitness | best measured fitness or single-digit g-values | x1 | x2...
1 0 +5.890983984e+03 +5.955773984e+03 +5.955773984e+03
2 0 +5.171357662e+03 +5.236147662e+03 +5.236147662e+03
4 0 +4.819783777e+03 +4.884573777e+03 +4.884573777e+03
5 0 +3.584509480e+03 +3.649299480e+03 +3.649299480e+03
13 0 +3.092310856e+03 +3.157100856e+03 +3.157100856e+03
23 0 +2.925072966e+03 +2.989862966e+03 +2.989862966e+03
50 0 +2.130292189e+03 +2.195082189e+03 +2.195082189e+03
92 0 +1.991107198e+03 +2.055897198e+03 +2.055897198e+03
350 0 +1.922668193e+03 +1.987458193e+03 +1.987458193e+03
868 0 +1.862882418e+03 +1.927672418e+03 +1.927672418e+03
1037 0 +1.821081666e+03 +1.885871666e+03 +1.885871666e+03
1039 0 +1.756056693e+03 +1.820846693e+03 +1.820846693e+03
1041 0 +1.730662907e+03 +1.795452907e+03 +1.795452907e+03
1211 0 +1.654535241e+03 +1.719325241e+03 +1.719325241e+03
1222 0 +1.510707439e+03 +1.575497439e+03 +1.575497439e+03
1911 0 +1.429673409e+03 +1.494463409e+03 +1.494463409e+03
2094 0 +1.395548470e+03 +1.460338470e+03 +1.460338470e+03
2269 0 +1.226843672e+03 +1.291633672e+03 +1.291633672e+03
2788 0 +1.174871400e+03 +1.239661400e+03 +1.239661400e+03
2791 0 +1.147235209e+03 +1.212025209e+03 +1.212025209e+03
2962 0 +1.050149719e+03 +1.114939719e+03 +1.114939719e+03
2972 0 +1.010235690e+03 +1.075025690e+03 +1.075025690e+03
3146 0 +9.052625443e+02 +9.700525443e+02 +9.700525443e+02
3491 0 +8.831246692e+02 +9.479146692e+02 +9.479146692e+02
3496 0 +8.288050148e+02 +8.935950148e+02 +8.935950148e+02
3666 0 +8.009507839e+02 +8.657407839e+02 +8.657407839e+02
3668 0 +7.770237912e+02 +8.418137912e+02 +8.418137912e+02
3836 0 +7.755354494e+02 +8.403254494e+02 +8.403254494e+02
3845 0 +7.216894520e+02 +7.864794520e+02 +7.864794520e+02
4011 0 +6.949778453e+02 +7.597678453e+02 +7.597678453e+02
4025 0 +6.855007201e+02 +7.502907201e+02 +7.502907201e+02
4186 0 +6.478981734e+02 +7.126881734e+02 +7.126881734e+02
4191 0 +6.019422112e+02 +6.667322112e+02 +6.667322112e+02
4195 0 +5.240212638e+02 +5.888112638e+02 +5.888112638e+02
4365 0 +4.761735394e+02 +5.409635394e+02 +5.409635394e+02
4713 0 +4.334230218e+02 +4.982130218e+02 +4.982130218e+02
4890 0 +4.049882731e+02 +4.697782731e+02 +4.697782731e+02
4895 0 +3.567275035e+02 +4.215175035e+02 +4.215175035e+02
5073 0 +2.997430272e+02 +3.645330272e+02 +3.645330272e+02
5238 0 +2.950617385e+02 +3.598517385e+02 +3.598517385e+02
5420 0 +2.269624298e+02 +2.917524298e+02 +2.917524298e+02
5762 0 +2.019762828e+02 +2.667662828e+02 +2.667662828e+02
7868 0 +1.481990507e+02 +2.129890507e+02 +2.129890507e+02
8921 0 +1.367790108e+02 +2.015690108e+02 +2.015690108e+02
10137 0 +1.251462338e+02 +1.899362338e+02 +1.899362338e+02
10492 0 +9.950414730e+01 +1.642941473e+02 +1.642941473e+02
11016 0 +9.296761391e+01 +1.577576139e+02 +1.577576139e+02
11024 0 +8.549811785e+01 +1.502881178e+02 +1.502881178e+02
11545 0 +8.488641839e+01 +1.496764184e+02 +1.496764184e+02
11725 0 +7.705042686e+01 +1.418404269e+02 +1.418404269e+02
13815 0 +6.919908115e+01 +1.339890811e+02 +1.339890811e+02
15036 0 +6.023525835e+01 +1.250252584e+02 +1.250252584e+02
18200 0 +5.568729310e+01 +1.204772931e+02 +1.204772931e+02
18712 0 +5.454896656e+01 +1.193389666e+02 +1.193389666e+02
18889 0 +5.091931899e+01 +1.157093190e+02 +1.157093190e+02
19071 0 +4.838355970e+01 +1.131735597e+02 +1.131735597e+02
19423 0 +4.573817012e+01 +1.105281701e+02 +1.105281701e+02
20471 0 +3.976906715e+01 +1.045590671e+02 +1.045590671e+02
22390 0 +3.578441764e+01 +1.005744176e+02 +1.005744176e+02
22572 0 +3.505649311e+01 +9.984649311e+01 +9.984649311e+01
23088 0 +3.326222425e+01 +9.805222425e+01 +9.805222425e+01
23964 0 +3.109773281e+01 +9.588773281e+01 +9.588773281e+01
25020 0 +2.985204748e+01 +9.464204748e+01 +9.464204748e+01
25723 0 +2.929570420e+01 +9.408570420e+01 +9.408570420e+01
27992 0 +2.702978485e+01 +9.181978485e+01 +9.181978485e+01
28167 0 +2.595646061e+01 +9.074646061e+01 +9.074646061e+01
28169 0 +2.424334144e+01 +8.903334144e+01 +8.903334144e+01
28172 0 +2.338090912e+01 +8.817090912e+01 +8.817090912e+01
28695 0 +1.980550150e+01 +8.459550150e+01 +8.459550150e+01
29925 0 +1.941457144e+01 +8.420457144e+01 +8.420457144e+01
30088 0 +1.891104706e+01 +8.370104706e+01 +8.370104706e+01
30274 0 +1.782696466e+01 +8.261696466e+01 +8.261696466e+01
30439 0 +1.742008077e+01 +8.221008077e+01 +8.221008077e+01
30615 0 +1.700962327e+01 +8.179962327e+01 +8.179962327e+01
31144 0 +1.633135426e+01 +8.112135426e+01 +8.112135426e+01
31493 0 +1.585826206e+01 +8.064826206e+01 +8.064826206e+01
32374 0 +1.361362042e+01 +7.840362042e+01 +7.840362042e+01
32541 0 +1.344484225e+01 +7.823484225e+01 +7.823484225e+01
32712 0 +1.286882250e+01 +7.765882250e+01 +7.765882250e+01
33944 0 +1.189674177e+01 +7.668674177e+01 +7.668674177e+01
36036 0 +1.077800715e+01 +7.556800715e+01 +7.556800715e+01
36218 0 +1.020072028e+01 +7.499072028e+01 +7.499072028e+01
40937 0 +9.907060287e+00 +7.469706029e+01 +7.469706029e+01
41298 0 +9.613906612e+00 +7.440390661e+01 +7.440390661e+01
41647 0 +9.302703381e+00 +7.409270338e+01 +7.409270338e+01
44624 0 +9.083269182e+00 +7.387326918e+01 +7.387326918e+01
45850 0 +8.885168572e+00 +7.367516857e+01 +7.367516857e+01
49689 0 +8.690594763e+00 +7.348059476e+01 +7.348059476e+01
51618 0 +8.193348223e+00 +7.298334822e+01 +7.298334822e+01
54065 0 +8.122885693e+00 +7.291288569e+01 +7.291288569e+01
54765 0 +7.937988103e+00 +7.272798810e+01 +7.272798810e+01
55811 0 +7.706954620e+00 +7.249695462e+01 +7.249695462e+01
58964 0 +7.579017675e+00 +7.236901768e+01 +7.236901768e+01
% f evaluations | g evaluations | best noise-free fitness - Fopt (-4.947000000000e+01) + sum g_i+ | measured fitness | best measured fitness or single-digit g-values | x1 | x2...
1 0 +5.774378748e+03 +5.724908748e+03 +5.724908748e+03
2 0 +4.553692503e+03 +4.504222503e+03 +4.504222503e+03
3 0 +4.430764300e+03 +4.381294300e+03 +4.381294300e+03
6 0 +3.177639486e+03 +3.128169486e+03 +3.128169486e+03
18 0 +3.161994168e+03 +3.112524168e+03 +3.112524168e+03
32 0 +2.298696447e+03 +2.249226447e+03 +2.249226447e+03
71 0 +1.842401352e+03 +1.792931352e+03 +1.792931352e+03
161 0 +1.799228934e+03 +1.749758934e+03 +1.749758934e+03
162 0 +1.660857707e+03 +1.611387707e+03 +1.611387707e+03
336 0 +1.597775831e+03 +1.548305831e+03 +1.548305831e+03
687 0 +1.540919871e+03 +1.491449871e+03 +1.491449871e+03
870 0 +1.512779164e+03 +1.463309164e+03 +1.463309164e+03
1036 0 +1.448959856e+03 +1.399489856e+03 +1.399489856e+03
1211 0 +1.416969973e+03 +1.367499973e+03 +1.367499973e+03
1389 0 +1.363456417e+03 +1.313986417e+03 +1.313986417e+03
1562 0 +1.314445662e+03 +1.264975662e+03 +1.264975662e+03
1911 0 +1.247400966e+03 +1.197930966e+03 +1.197930966e+03
1916 0 +1.147052500e+03 +1.097582500e+03 +1.097582500e+03
2094 0 +1.081429652e+03 +1.031959652e+03 +1.031959652e+03
2263 0 +1.052374673e+03 +1.002904673e+03 +1.002904673e+03
2436 0 +9.857126848e+02 +9.362426848e+02 +9.362426848e+02
2621 0 +9.594889525e+02 +9.100189525e+02 +9.100189525e+02
2786 0 +9.426454755e+02 +8.931754755e+02 +8.931754755e+02
2790 0 +8.025359562e+02 +7.530659562e+02 +7.530659562e+02
3137 0 +7.295803181e+02 +6.801103181e+02 +6.801103181e+02
3316 0 +7.056965364e+02 +6.562265364e+02 +6.562265364e+02
3319 0 +6.638632697e+02 +6.143932697e+02 +6.143932697e+02
3488 0 +6.473662929e+02 +5.978962929e+02 +5.978962929e+02
3497 0 +6.295206128e+02 +5.800506128e+02 +5.800506128e+02
3662 0 +5.391091575e+02 +4.896391575e+02 +4.896391575e+02
3837 0 +4.854768234e+02 +4.360068234e+02 +4.360068234e+02
4188 0 +4.759909269e+02 +4.265209269e+02 +4.265209269e+02
4192 0 +4.092774107e+02 +3.598074107e+02 +3.598074107e+02
4366 0 +3.964409109e+02 +3.469709109e+02 +3.469709109e+02
4373 0 +3.831891627e+02 +3.337191627e+02 +3.337191627e+02
4712 0 +3.553259842e+02 +3.058559842e+02 +3.058559842e+02
4724 0 +3.219222296e+02 +2.724522296e+02 +2.724522296e+02
5242 0 +2.796812979e+02 +2.302112979e+02 +2.302112979e+02
5413 0 +2.556256918e+02 +2.061556918e+02 +2.061556918e+02
5597 0 +2.236554557e+02 +1.741854557e+02 +1.741854557e+02
5761 0 +2.176037266e+02 +1.681337266e+02 +1.681337266e+02
5945 0 +2.012597613e+02 +1.517897613e+02 +1.517897613e+02
6299 0 +1.677671376e+02 +1.182971376e+02 +1.182971376e+02
6643 0 +1.495128461e+02 +1.000428461e+02 +1.000428461e+02
8399 0 +1.340422186e+02 +8.457221865e+01 +8.457221865e+01
8564 0 +1.209855959e+02 +7.151559588e+01 +7.151559588e+01
10138 0 +1.161751595e+02 +6.670515954e+01 +6.670515954e+01
10144 0 +1.018635577e+02 +5.239355773e+01 +5.239355773e+01
10312 0 +9.561593482e+01 +4.614593482e+01 +4.614593482e+01
10324 0 +8.316297431e+01 +3.369297431e+01 +3.369297431e+01
11191 0 +7.995957449e+01 +3.048957449e+01 +3.048957449e+01
11369 0 +7.408449604e+01 +2.461449604e+01 +2.461449604e+01
11540 0 +7.169444619e+01 +2.222444619e+01 +2.222444619e+01
11722 0 +6.232669871e+01 +1.285669871e+01 +1.285669871e+01
13466 0 +5.766256263e+01 +8.192562635e+00 +8.192562635e+00
13470 0 +5.617646543e+01 +6.706465427e+00 +6.706465427e+00
13474 0 +5.481005872e+01 +5.340058723e+00 +5.340058723e+00
13641 0 +4.814829923e+01 -1.321700771e+00 -1.321700771e+00
26943 0 +4.438415930e+01 -5.085840698e+00 -5.085840698e+00
88012 0 +4.356848733e+01 -5.901512672e+00 -5.901512672e+00
% f evaluations | g evaluations | best noise-free fitness - Fopt (-4.225000000000e+01) + sum g_i+ | measured fitness | best measured fitness or single-digit g-values | x1 | x2...
1 0 +7.833665863e+03 +7.791415863e+03 +7.791415863e+03
2 0 +3.483587772e+03 +3.441337772e+03 +3.441337772e+03
3 0 +3.326040593e+03 +3.283790593e+03 +3.283790593e+03
8 0 +2.533240393e+03 +2.490990393e+03 +2.490990393e+03
12 0 +2.107312047e+03 +2.065062047e+03 +2.065062047e+03
515 0 +2.083901681e+03 +2.041651681e+03 +2.041651681e+03
520 0 +2.021018955e+03 +1.978768955e+03 +1.978768955e+03
861 0 +1.960016186e+03 +1.917766186e+03 +1.917766186e+03
872 0 +1.944115098e+03 +1.901865098e+03 +1.901865098e+03
1050 0 +1.898184250e+03 +1.855934250e+03 +1.855934250e+03
1387 0 +1.854380806e+03 +1.812130806e+03 +1.812130806e+03
1562 0 +1.792792196e+03 +1.750542196e+03 +1.750542196e+03
1741 0 +1.710577025e+03 +1.668327025e+03 +1.668327025e+03
1914 0 +1.582551367e+03 +1.540301367e+03 +1.540301367e+03
2274 0 +1.493269979e+03 +1.451019979e+03 +1.451019979e+03
2448 0 +1.466463744e+03 +1.424213744e+03 +1.424213744e+03
2613 0 +1.431866139e+03 +1.389616139e+03 +1.389616139e+03
2786 0 +1.409955170e+03 +1.367705170e+03 +1.367705170e+03
2799 0 +1.345770083e+03 +1.303520083e+03 +1.303520083e+03
2974 0 +1.299326217e+03 +1.257076217e+03 +1.257076217e+03
3138 0 +1.242198591e+03 +1.199948591e+03 +1.199948591e+03
3313 0 +1.209547174e+03 +1.167297174e+03 +1.167297174e+03
3495 0 +1.141909760e+03 +1.099659760e+03 +1.099659760e+03
3665 0 +1.038018826e+03 +9.957688262e+02 +9.957688262e+02
3837 0 +9.061068228e+02 +8.638568228e+02 +8.638568228e+02
3843 0 +8.857098059e+02 +8.434598059e+02 +8.434598059e+02
4013 0 +8.628224993e+02 +8.205724993e+02 +8.205724993e+02
4187 0 +7.970609548e+02 +7.548109548e+02 +7.548109548e+02
4363 0 +7.506480960e+02 +7.083980960e+02 +7.083980960e+02
4366 0 +7.381966541e+02 +6.959466541e+02 +6.959466541e+02
4368 0 +6.449966631e+02 +6.027466631e+02 +6.027466631e+02
4537 0 +6.193809243e+02 +5.771309243e+02 +5.771309243e+02
4542 0 +5.544310648e+02 +5.121810648e+02 +5.121810648e+02
4888 0 +3.995612377e+02 +3.573112377e+02 +3.573112377e+02
5239 0 +3.820602037e+02 +3.398102037e+02 +3.398102037e+02
5411 0 +3.713497835e+02 +3.290997835e+02 +3.290997835e+02
5413 0 +3.489037578e+02 +3.066537578e+02 +3.066537578e+02
5423 0 +3.197526452e+02 +2.775026452e+02 +2.775026452e+02
5586 0 +2.841460648e+02 +2.418960648e+02 +2.418960648e+02
5762 0 +2.644510991e+02 +2.222010991e+02 +2.222010991e+02
5766 0 +2.444750722e+02 +2.022250722e+02 +2.022250722e+02
5770 0 +2.182103582e+02 +1.759603582e+02 +1.759603582e+02
5942 0 +1.716330921e+02 +1.293830921e+02 +1.293830921e+02
6293 0 +1.640392361e+02 +1.217892361e+02 +1.217892361e+02
6638 0 +1.478798223e+02 +1.056298223e+02 +1.056298223e+02
8036 0 +1.179922711e+02 +7.574227111e+01 +7.574227111e+01
11720 0 +9.812819450e+01 +5.587819450e+01 +5.587819450e+01
12237 0 +9.323772096e+01 +5.098772096e+01 +5.098772096e+01
12415 0 +8.874911052e+01 +4.649911052e+01 +4.649911052e+01
13121 0 +8.574430985e+01 +4.349430985e+01 +4.349430985e+01
13463 0 +8.424524749e+01 +4.199524749e+01 +4.199524749e+01
13468 0 +7.632607329e+01 +3.407607329e+01 +3.407607329e+01
13636 0 +7.060071032e+01 +2.835071032e+01 +2.835071032e+01
15045 0 +5.715764363e+01 +1.490764363e+01 +1.490764363e+01
17315 0 +5.344183628e+01 +1.119183628e+01 +1.119183628e+01
18014 0 +5.198678842e+01 +9.736788415e+00 +9.736788415e+00
18018 0 +4.903547544e+01 +6.785475436e+00 +6.785475436e+00
18547 0 +4.896855760e+01 +6.718557600e+00 +6.718557600e+00
18548 0 +4.360845067e+01 +1.358450666e+00 +1.358450666e+00
18895 0 +4.168099749e+01 -5.690025093e-01 -5.690025093e-01
35162 0 +3.728576321e+01 -4.964236792e+00 -4.964236792e+00
% f evaluations | g evaluations | best noise-free fitness - Fopt (-1.295600000000e+02) + sum g_i+ | measured fitness | best measured fitness or single-digit g-values | x1 | x2...
1 0 +3.556532018e+03 +3.426972018e+03 +3.426972018e+03
13 0 +3.229631453e+03 +3.100071453e+03 +3.100071453e+03
14 0 +2.545177359e+03 +2.415617359e+03 +2.415617359e+03
34 0 +2.489626817e+03 +2.360066817e+03 +2.360066817e+03
45 0 +2.002341764e+03 +1.872781764e+03 +1.872781764e+03
72 0 +1.844591431e+03 +1.715031431e+03 +1.715031431e+03
1388 0 +1.807823243e+03 +1.678263243e+03 +1.678263243e+03
1393 0 +1.606908738e+03 +1.477348738e+03 +1.477348738e+03
1739 0 +1.563684607e+03 +1.434124607e+03 +1.434124607e+03
1912 0 +1.459563716e+03 +1.330003716e+03 +1.330003716e+03
1916 0 +1.441127039e+03 +1.311567039e+03 +1.311567039e+03
2086 0 +1.388537458e+03 +1.258977458e+03 +1.258977458e+03
2091 0 +1.272977755e+03 +1.143417755e+03 +1.143417755e+03
2271 0 +1.208246142e+03 +1.078686142e+03 +1.078686142e+03
2438 0 +1.171457889e+03 +1.041897889e+03 +1.041897889e+03
2443 0 +1.139518796e+03 +1.009958796e+03 +1.009958796e+03
2615 0 +1.070806835e+03 +9.412468349e+02 +9.412468349e+02
2624 0 +1.029413382e+03 +8.998533824e+02 +8.998533824e+02
2795 0 +1.014888581e+03 +8.853285808e+02 +8.853285808e+02
2961 0 +8.928141585e+02 +7.632541585e+02 +7.632541585e+02
2970 0 +8.814006796e+02 +7.518406796e+02 +7.518406796e+02
3140 0 +8.005467178e+02 +6.709867178e+02 +6.709867178e+02
3142 0 +7.616460220e+02 +6.320860220e+02 +6.320860220e+02
3325 0 +7.003591630e+02 +5.707991630e+02 +5.707991630e+02
3489 0 +6.465415772e+02 +5.169815772e+02 +5.169815772e+02
3500 0 +6.141459071e+02 +4.845859071e+02 +4.845859071e+02
3841 0 +5.774334248e+02 +4.478734248e+02 +4.478734248e+02
3842 0 +5.687856170e+02 +4.392256170e+02 +4.392256170e+02
3844 0 +5.103506982e+02 +3.807906982e+02 +3.807906982e+02
4018 0 +4.470542545e+02 +3.174942545e+02 +3.174942545e+02
4188 0 +3.894957669e+02 +2.599357669e+02 +2.599357669e+02
4368 0 +3.555726352e+02 +2.260126352e+02 +2.260126352e+02
4886 0 +3.503417065e+02 +2.207817065e+02 +2.207817065e+02
5246 0 +3.121009083e+02 +1.825409083e+02 +1.825409083e+02
5590 0 +2.611755460e+02 +1.316155460e+02 +1.316155460e+02
5591 0 +2.331742379e+02 +1.036142379e+02 +1.036142379e+02
5939 0 +2.069385028e+02 +7.737850284e+01 +7.737850284e+01
6638 0 +1.874698229e+02 +5.790982286e+01 +5.790982286e+01
7692 0 +1.633131792e+02 +3.375317922e+01 +3.375317922e+01
7695 0 +1.333629539e+02 +3.802953930e+00 +3.802953930e+00
8211 0 +1.191368906e+02 -1.042310942e+01 -1.042310942e+01
25186 0 +1.071289812e+02 -2.243101882e+01 -2.243101882e+01
% f evaluations | g evaluations | best noise-free fitness - Fopt (-2.774000000000e+01) + sum g_i+ | measured fitness | best measured fitness or single-digit g-values | x1 | x2...
1 0 +4.296241877e+03 +4.268501877e+03 +4.268501877e+03
3 0 +3.791474069e+03 +3.763734069e+03 +3.763734069e+03
7 0 +2.985530175e+03 +2.957790175e+03 +2.957790175e+03
19 0 +2.581381003e+03 +2.553641003e+03 +2.553641003e+03
23 0 +2.270268991e+03 +2.242528991e+03 +2.242528991e+03
161 0 +2.065305289e+03 +2.037565289e+03 +2.037565289e+03
162 0 +1.691159342e+03 +1.663419342e+03 +1.663419342e+03
346 0 +1.645035386e+03 +1.617295386e+03 +1.617295386e+03
523 0 +1.603264230e+03 +1.575524230e+03 +1.575524230e+03
686 0 +1.571296048e+03 +1.543556048e+03 +1.543556048e+03
695 0 +1.539592798e+03 +1.511852798e+03 +1.511852798e+03
700 0 +1.475122330e+03 +1.447382330e+03 +1.447382330e+03
1037 0 +1.427884528e+03 +1.400144528e+03 +1.400144528e+03
1217 0 +1.356681210e+03 +1.328941210e+03 +1.328941210e+03
1387 0 +1.249134891e+03 +1.221394891e+03 +1.221394891e+03
1736 0 +1.138956307e+03 +1.111216307e+03 +1.111216307e+03
1911 0 +1.076255424e+03 +1.048515424e+03 +1.048515424e+03
1916 0 +1.048875056e+03 +1.021135056e+03 +1.021135056e+03
1921 0 +1.043284854e+03 +1.015544854e+03 +1.015544854e+03
2089 0 +1.005621968e+03 +9.778819680e+02 +9.778819680e+02
2263 0 +9.980073594e+02 +9.702673594e+02 +9.702673594e+02
2271 0 +8.725182625e+02 +8.447782625e+02 +8.447782625e+02
2437 0 +8.135472764e+02 +7.858072764e+02 +7.858072764e+02
2438 0 +8.092879488e+02 +7.815479488e+02 +7.815479488e+02
2611 0 +7.633692051e+02 +7.356292051e+02 +7.356292051e+02
2788 0 +7.091372670e+02 +6.813972670e+02 +6.813972670e+02
2962 0 +6.657285054e+02 +6.379885054e+02 +6.379885054e+02
2975 0 +5.326554911e+02 +5.049154911e+02 +5.049154911e+02
3314 0 +5.153536679e+02 +4.876136679e+02 +4.876136679e+02
3320 0 +4.805538299e+02 +4.528138299e+02 +4.528138299e+02
3498 0 +4.576312277e+02 +4.298912277e+02 +4.298912277e+02
3663 0 +4.488670200e+02 +4.211270200e+02 +4.211270200e+02
3665 0 +4.299507963e+02 +4.022107963e+02 +4.022107963e+02
3674 0 +3.779147288e+02 +3.501747288e+02 +3.501747288e+02
4024 0 +3.626073564e+02 +3.348673564e+02 +3.348673564e+02
4191 0 +3.539952891e+02 +3.262552891e+02 +3.262552891e+02
4370 0 +3.221262608e+02 +2.943862608e+02 +2.943862608e+02
4375 0 +2.917469156e+02 +2.640069156e+02 +2.640069156e+02
5421 0 +2.371783012e+02 +2.094383012e+02 +2.094383012e+02
6648 0 +1.636502055e+02 +1.359102055e+02 +1.359102055e+02
7167 0 +1.587401181e+02 +1.310001181e+02 +1.310001181e+02
8225 0 +1.527565406e+02 +1.250165406e+02 +1.250165406e+02
9448 0 +1.358563358e+02 +1.081163358e+02 +1.081163358e+02
10140 0 +1.070681110e+02 +7.932811096e+01 +7.932811096e+01
11013 0 +9.948755537e+01 +7.174755537e+01 +7.174755537e+01
11894 0 +7.797206964e+01 +5.023206964e+01 +5.023206964e+01
12773 0 +7.292973978e+01 +4.518973978e+01 +4.518973978e+01
12936 0 +7.167026546e+01 +4.393026546e+01 +4.393026546e+01
14342 0 +6.621326071e+01 +3.847326071e+01 +3.847326071e+01
15039 0 +6.001807255e+01 +3.227807255e+01 +3.227807255e+01
15040 0 +5.772557047e+01 +2.998557047e+01 +2.998557047e+01
15044 0 +5.575054529e+01 +2.801054529e+01 +2.801054529e+01
15213 0 +5.301037175e+01 +2.527037175e+01 +2.527037175e+01
15924 0 +4.908433451e+01 +2.134433451e+01 +2.134433451e+01
16088 0 +4.865786289e+01 +2.091786289e+01 +2.091786289e+01
16275 0 +4.513199159e+01 +1.739199159e+01 +1.739199159e+01
16972 0 +4.410019772e+01 +1.636019772e+01 +1.636019772e+01
17146 0 +4.319707511e+01 +1.545707511e+01 +1.545707511e+01
18550 0 +3.313275115e+01 +5.392751151e+00 +5.392751151e+00
19599 0 +3.293372245e+01 +5.193722447e+00 +5.193722447e+00
20824 0 +3.081956090e+01 +3.079560902e+00 +3.079560902e+00
20992 0 +2.956029987e+01 +1.820299872e+00 +1.820299872e+00
21161 0 +2.860656300e+01 +8.665630025e-01 +8.665630025e-01
21166 0 +2.596784776e+01 -1.772152240e+00 -1.772152240e+00
42689 0 +2.463020606e+01 -3.109793937e+00 -3.109793937e+00
% f evaluations | g evaluations | best noise-free fitness - Fopt (5.073300000000e+02) + sum g_i+ | measured fitness | best measured fitness or single-digit g-values | x1 | x2...
1 0 +5.519481951e+03 +6.026811951e+03 +6.026811951e+03
2 0 +5.168667005e+03 +5.675997005e+03 +5.675997005e+03
3 0 +2.902459823e+03 +3.409789823e+03 +3.409789823e+03
5 0 +2.511899965e+03 +3.019229965e+03 +3.019229965e+03
18 0 +2.451277624e+03 +2.958607624e+03 +2.958607624e+03
53 0 +1.974573143e+03 +2.481903143e+03 +2.481903143e+03
161 0 +1.757624724e+03 +2.264954724e+03 +2.264954724e+03
163 0 +1.585849853e+03 +2.093179853e+03 +2.093179853e+03
165 0 +1.581551089e+03 +2.088881089e+03 +2.088881089e+03
343 0 +1.537095520e+03 +2.044425520e+03 +2.044425520e+03
520 0 +1.485027051e+03 +1.992357051e+03 +1.992357051e+03
521 0 +1.466219764e+03 +1.973549764e+03 +1.973549764e+03
686 0 +1.436268694e+03 +1.943598694e+03 +1.943598694e+03
697 0 +1.381240807e+03 +1.888570807e+03 +1.888570807e+03
863 0 +1.328535514e+03 +1.835865514e+03 +1.835865514e+03
874 0 +1.298622255e+03 +1.805952255e+03 +1.805952255e+03
1045 0 +1.222916087e+03 +1.730246087e+03 +1.730246087e+03
1397 0 +1.198291626e+03 +1.705621626e+03 +1.705621626e+03
1562 0 +1.174057458e+03 +1.681387458e+03 +1.681387458e+03
1563 0 +1.126988559e+03 +1.634318559e+03 +1.634318559e+03
1567 0 +1.106740954e+03 +1.614070954e+03 +1.614070954e+03
1742 0 +1.044748254e+03 +1.552078254e+03 +1.552078254e+03
1748 0 +9.708479012e+02 +1.478177901e+03 +1.478177901e+03
1921 0 +9.184798339e+02 +1.425809834e+03 +1.425809834e+03
1923 0 +8.771231111e+02 +1.384453111e+03 +1.384453111e+03
2095 0 +8.374926945e+02 +1.344822695e+03 +1.344822695e+03
2262 0 +7.991191308e+02 +1.306449131e+03 +1.306449131e+03
2274 0 +7.088933167e+02 +1.216223317e+03 +1.216223317e+03
2436 0 +7.048756084e+02 +1.212205608e+03 +1.212205608e+03
2613 0 +6.765682989e+02 +1.183898299e+03 +1.183898299e+03
2624 0 +6.124152251e+02 +1.119745225e+03 +1.119745225e+03
2788 0 +4.971983029e+02 +1.004528303e+03 +1.004528303e+03
3146 0 +4.781227712e+02 +9.854527712e+02 +9.854527712e+02
3314 0 +4.107754117e+02 +9.181054117e+02 +9.181054117e+02
3490 0 +4.062200101e+02 +9.135500101e+02 +9.135500101e+02
3661 0 +3.928985895e+02 +9.002285895e+02 +9.002285895e+02
3850 0 +3.806889742e+02 +8.880189742e+02 +8.880189742e+02
4015 0 +3.778551233e+02 +8.851851233e+02 +8.851851233e+02
4018 0 +3.576209785e+02 +8.649509785e+02 +8.649509785e+02
4195 0 +3.242880208e+02 +8.316180208e+02 +8.316180208e+02
4364 0 +2.683018978e+02 +7.756318978e+02 +7.756318978e+02
4712 0 +1.584666746e+02 +6.657966746e+02 +6.657966746e+02
8736 0 +1.508479917e+02 +6.581779917e+02 +6.581779917e+02
8917 0 +1.376216013e+02 +6.449516013e+02 +6.449516013e+02
10143 0 +1.294552322e+02 +6.367852322e+02 +6.367852322e+02
10494 0 +1.225393403e+02 +6.298693403e+02 +6.298693403e+02
10496 0 +1.141076935e+02 +6.214376935e+02 +6.214376935e+02
10667 0 +1.073478289e+02 +6.146778289e+02 +6.146778289e+02
11020 0 +9.169409107e+01 +5.990240911e+02 +5.990240911e+02
11195 0 +8.849351462e+01 +5.958235146e+02 +5.958235146e+02
11538 0 +7.416909854e+01 +5.814990985e+02 +5.814990985e+02
11713 0 +6.876480242e+01 +5.760948024e+02 +5.760948024e+02
12771 0 +6.700063600e+01 +5.743306360e+02 +5.743306360e+02
13116 0 +6.407856180e+01 +5.714085618e+02 +5.714085618e+02
14339 0 +5.613312637e+01 +5.634631264e+02 +5.634631264e+02
14516 0 +4.666463953e+01 +5.539946395e+02 +5.539946395e+02
15917 0 +4.443513475e+01 +5.517651348e+02 +5.517651348e+02
17664 0 +4.215324469e+01 +5.494832447e+02 +5.494832447e+02
18018 0 +3.918530670e+01 +5.465153067e+02 +5.465153067e+02
18712 0 +3.721441688e+01 +5.445444169e+02 +5.445444169e+02
19246 0 +3.709124547e+01 +5.444212455e+02 +5.444212455e+02
19761 0 +3.621342960e+01 +5.435434296e+02 +5.435434296e+02
19772 0 +3.481104499e+01 +5.421410450e+02 +5.421410450e+02
20113 0 +3.462112913e+01 +5.419511291e+02 +5.419511291e+02
20287 0 +3.168037422e+01 +5.390103742e+02 +5.390103742e+02
20470 0 +2.914224045e+01 +5.364722405e+02 +5.364722405e+02
21513 0 +2.787545931e+01 +5.352054593e+02 +5.352054593e+02
22042 0 +2.617823724e+01 +5.335082372e+02 +5.335082372e+02
22743 0 +2.467038043e+01 +5.320003804e+02 +5.320003804e+02
23970 0 +2.402254065e+01 +5.313525407e+02 +5.313525407e+02
24315 0 +2.387140568e+01 +5.312014057e+02 +5.312014057e+02
24500 0 +2.251036931e+01 +5.298403693e+02 +5.298403693e+02
24838 0 +2.196416394e+01 +5.292941639e+02 +5.292941639e+02
25199 0 +2.184285262e+01 +5.291728526e+02 +5.291728526e+02
26074 0 +2.092225074e+01 +5.282522507e+02 +5.282522507e+02
26075 0 +2.089163510e+01 +5.282216351e+02 +5.282216351e+02
27992 0 +1.996478649e+01 +5.272947865e+02 +5.272947865e+02
28346 0 +1.991792064e+01 +5.272479206e+02 +5.272479206e+02
29037 0 +1.892748899e+01 +5.262574890e+02 +5.262574890e+02
34466 0 +1.859632076e+01 +5.259263208e+02 +5.259263208e+02
% f evaluations | g evaluations | best noise-free fitness - Fopt (5.029000000000e+01) + sum g_i+ | measured fitness | best measured fitness or single-digit g-values | x1 | x2...
1 0 +7.644880347e+03 +7.695170347e+03 +7.695170347e+03
2 0 +7.466117580e+03 +7.516407580e+03 +7.516407580e+03
3 0 +4.217259173e+03 +4.267549173e+03 +4.267549173e+03
4 0 +2.839215718e+03 +2.889505718e+03 +2.889505718e+03
20 0 +1.792696713e+03 +1.842986713e+03 +1.842986713e+03
161 0 +1.293211771e+03 +1.343501771e+03 +1.343501771e+03
164 0 +1.267288312e+03 +1.317578312e+03 +1.317578312e+03
167 0 +1.234919283e+03 +1.285209283e+03 +1.285209283e+03
345 0 +1.150694298e+03 +1.200984298e+03 +1.200984298e+03
694 0 +1.095733554e+03 +1.146023554e+03 +1.146023554e+03
870 0 +1.058531890e+03 +1.108821890e+03 +1.108821890e+03
1037 0 +9.805053424e+02 +1.030795342e+03 +1.030795342e+03
1224 0 +9.674503124e+02 +1.017740312e+03 +1.017740312e+03
1387 0 +9.530097348e+02 +1.003299735e+03 +1.003299735e+03
1564 0 +9.298541076e+02 +9.801441076e+02 +9.801441076e+02
1739 0 +8.240431012e+02 +8.743331012e+02 +8.743331012e+02
1914 0 +7.526284424e+02 +8.029184424e+02 +8.029184424e+02
2261 0 +7.241421645e+02 +7.744321645e+02 +7.744321645e+02
2264 0 +6.577109044e+02 +7.080009044e+02 +7.080009044e+02
2617 0 +5.984720777e+02 +6.487620777e+02 +6.487620777e+02
2786 0 +5.789614820e+02 +6.292514820e+02 +6.292514820e+02
2790 0 +5.704788557e+02 +6.207688557e+02 +6.207688557e+02
2964 0 +5.501351320e+02 +6.004251320e+02 +6.004251320e+02
3136 0 +5.284613318e+02 +5.787513318e+02 +5.787513318e+02
3322 0 +4.979995104e+02 +5.482895104e+02 +5.482895104e+02
3323 0 +4.859224671e+02 +5.362124671e+02 +5.362124671e+02
3493 0 +4.395512516e+02 +4.898412516e+02 +4.898412516e+02
3663 0 +3.881973039e+02 +4.384873039e+02 +4.384873039e+02
3843 0 +3.624500182e+02 +4.127400182e+02 +4.127400182e+02
4015 0 +2.983938075e+02 +3.486838075e+02 +3.486838075e+02
4187 0 +2.785195972e+02 +3.288095972e+02 +3.288095972e+02
4375 0 +2.709601182e+02 +3.212501182e+02 +3.212501182e+02
4541 0 +2.048206244e+02 +2.551106244e+02 +2.551106244e+02
5062 0 +1.945229444e+02 +2.448129444e+02 +2.448129444e+02
5594 0 +1.890937238e+02 +2.393837238e+02 +2.393837238e+02
5599 0 +1.689099423e+02 +2.191999423e+02 +2.191999423e+02
5773 0 +1.611264718e+02 +2.114164718e+02 +2.114164718e+02
6124 0 +1.470062739e+02 +1.972962739e+02 +1.972962739e+02
6996 0 +1.321314135e+02 +1.824214135e+02 +1.824214135e+02
9265 0 +1.271529779e+02 +1.774429779e+02 +1.774429779e+02
9450 0 +1.215923412e+02 +1.718823412e+02 +1.718823412e+02
9619 0 +1.183038997e+02 +1.685938997e+02 +1.685938997e+02
9961 0 +1.060727591e+02 +1.563627591e+02 +1.563627591e+02
10838 0 +9.750936487e+01 +1.477993649e+02 +1.477993649e+02
11014 0 +9.295398786e+01 +1.432439879e+02 +1.432439879e+02
11719 0 +9.102465535e+01 +1.413146553e+02 +1.413146553e+02
12236 0 +7.993481762e+01 +1.302248176e+02 +1.302248176e+02
12936 0 +7.832008556e+01 +1.286100856e+02 +1.286100856e+02
12948 0 +6.942135859e+01 +1.197113586e+02 +1.197113586e+02
13111 0 +6.238340406e+01 +1.126734041e+02 +1.126734041e+02
15213 0 +5.402826835e+01 +1.043182683e+02 +1.043182683e+02
15392 0 +5.332790363e+01 +1.036179036e+02 +1.036179036e+02
15574 0 +5.195405587e+01 +1.022440559e+02 +1.022440559e+02
16622 0 +4.936446119e+01 +9.965446119e+01 +9.965446119e+01
17141 0 +4.853024139e+01 +9.882024139e+01 +9.882024139e+01
17311 0 +4.731013805e+01 +9.760013805e+01 +9.760013805e+01
17324 0 +4.494178144e+01 +9.523178144e+01 +9.523178144e+01
17849 0 +4.386108400e+01 +9.415108400e+01 +9.415108400e+01
18015 0 +3.961236851e+01 +8.990236851e+01 +8.990236851e+01
18018 0 +3.886191231e+01 +8.915191231e+01 +8.915191231e+01
18541 0 +3.798920058e+01 +8.827920058e+01 +8.827920058e+01
19073 0 +3.675091707e+01 +8.704091707e+01 +8.704091707e+01
19419 0 +3.172018464e+01 +8.201018464e+01 +8.201018464e+01
22740 0 +2.881723785e+01 +7.910723785e+01 +7.910723785e+01
23448 0 +2.683241198e+01 +7.712241198e+01 +7.712241198e+01
26066 0 +2.624143100e+01 +7.653143100e+01 +7.653143100e+01
26591 0 +2.404705759e+01 +7.433705759e+01 +7.433705759e+01
26595 0 +2.200597554e+01 +7.229597554e+01 +7.229597554e+01
27299 0 +2.076278930e+01 +7.105278930e+01 +7.105278930e+01
27639 0 +1.989736715e+01 +7.018736715e+01 +7.018736715e+01
27986 0 +1.901985852e+01 +6.930985852e+01 +6.930985852e+01
28521 0 +1.853392669e+01 +6.882392669e+01 +6.882392669e+01
30264 0 +1.730681579e+01 +6.759681579e+01 +6.759681579e+01
30975 0 +1.668813848e+01 +6.697813848e+01 +6.697813848e+01
31324 0 +1.636843112e+01 +6.665843112e+01 +6.665843112e+01
31838 0 +1.571716635e+01 +6.600716635e+01 +6.600716635e+01
32190 0 +1.517311792e+01 +6.546311792e+01 +6.546311792e+01
32200 0 +1.454763252e+01 +6.483763252e+01 +6.483763252e+01
32361 0 +1.433871314e+01 +6.462871314e+01 +6.462871314e+01
32716 0 +1.408476774e+01 +6.437476774e+01 +6.437476774e+01
32718 0 +1.359856604e+01 +6.388856604e+01 +6.388856604e+01
34119 0 +1.318462644e+01 +6.347462644e+01 +6.347462644e+01
35164 0 +1.313253466e+01 +6.342253466e+01 +6.342253466e+01
35173 0 +1.283379778e+01 +6.312379778e+01 +6.312379778e+01
36048 0 +1.250855744e+01 +6.279855744e+01 +6.279855744e+01
37446 0 +1.228496630e+01 +6.257496630e+01 +6.257496630e+01
40949 0 +1.199603114e+01 +6.228603114e+01 +6.228603114e+01
43913 0 +1.174222087e+01 +6.203222087e+01 +6.203222087e+01
% f evaluations | g evaluations | best noise-free fitness - Fopt (-1.000000000000e+03) + sum g_i+ | measured fitness | best measured fitness or single-digit g-values | x1 | x2...
1 0 +3.440950001e+03 +2.440950001e+03 +2.440950001e+03
2 0 +3.160771098e+03 +2.160771098e+03 +2.160771098e+03
4 0 +3.016147377e+03 +2.016147377e+03 +2.016147377e+03
9 0 +2.322584301e+03 +1.322584301e+03 +1.322584301e+03
11 0 +2.198788414e+03 +1.198788414e+03 +1.198788414e+03
26 0 +1.653432752e+03 +6.534327521e+02 +6.534327521e+02
161 0 +1.222260508e+03 +2.222605079e+02 +2.222605079e+02
165 0 +1.167793207e+03 +1.677932074e+02 +1.677932074e+02
345 0 +1.145584811e+03 +1.455848109e+02 +1.455848109e+02
512 0 +1.069698971e+03 +6.969897073e+01 +6.969897073e+01
863 0 +1.014010904e+03 +1.401090446e+01 +1.401090446e+01
1388 0 +9.762662897e+02 -2.373371026e+01 -2.373371026e+01
7866 0 +9.470181152e+02 -5.298188480e+01 -5.298188480e+01
8739 0 +9.073725562e+02 -9.262744384e+01 -9.262744384e+01
71395 0 +8.735377061e+02 -1.264622939e+02 -1.264622939e+02
% f evaluations | g evaluations | best noise-free fitness - Fopt (6.074000000000e+01) + sum g_i+ | measured fitness | best measured fitness or single-digit g-values | x1 | x2...
1 0 +3.188774578e+03 +3.249514578e+03 +3.249514578e+03
5 0 +3.159810535e+03 +3.220550535e+03 +3.220550535e+03
15 0 +2.820535852e+03 +2.881275852e+03 +2.881275852e+03
23 0 +2.252118926e+03 +2.312858926e+03 +2.312858926e+03
31 0 +1.909577506e+03 +1.970317506e+03 +1.970317506e+03
61 0 +1.586157577e+03 +1.646897577e+03 +1.646897577e+03
161 0 +1.436580117e+03 +1.497320117e+03 +1.497320117e+03
162 0 +1.314069459e+03 +1.374809459e+03 +1.374809459e+03
336 0 +1.261318272e+03 +1.322058272e+03 +1.322058272e+03
338 0 +1.242925620e+03 +1.303665620e+03 +1.303665620e+03
345 0 +1.197542979e+03 +1.258282979e+03 +1.258282979e+03
512 0 +1.132371350e+03 +1.193111350e+03 +1.193111350e+03
687 0 +1.091395332e+03 +1.152135332e+03 +1.152135332e+03
694 0 +1.043030863e+03 +1.103770863e+03 +1.103770863e+03
869 0 +9.215623432e+02 +9.823023432e+02 +9.823023432e+02
1216 0 +8.911597922e+02 +9.518997922e+02 +9.518997922e+02
1392 0 +8.591864071e+02 +9.199264071e+02 +9.199264071e+02
1395 0 +8.306027927e+02 +8.913427927e+02 +8.913427927e+02
1563 0 +7.605026279e+02 +8.212426279e+02 +8.212426279e+02
1750 0 +7.561826273e+02 +8.169226273e+02 +8.169226273e+02
1912 0 +7.015794165e+02 +7.623194165e+02 +7.623194165e+02
2268 0 +6.342365035e+02 +6.949765035e+02 +6.949765035e+02
2611 0 +5.982181303e+02 +6.589581303e+02 +6.589581303e+02
2623 0 +5.689639728e+02 +6.297039728e+02 +6.297039728e+02
2786 0 +4.780467388e+02 +5.387867388e+02 +5.387867388e+02
3140 0 +4.603515563e+02 +5.210915563e+02 +5.210915563e+02
3313 0 +3.847484201e+02 +4.454884201e+02 +4.454884201e+02
3489 0 +3.533445707e+02 +4.140845707e+02 +4.140845707e+02
3490 0 +3.268128314e+02 +3.875528314e+02 +3.875528314e+02
3838 0 +3.085039810e+02 +3.692439810e+02 +3.692439810e+02
4015 0 +2.898902638e+02 +3.506302638e+02 +3.506302638e+02
4197 0 +2.764010823e+02 +3.371410823e+02 +3.371410823e+02
4548 0 +2.515351138e+02 +3.122751138e+02 +3.122751138e+02
4889 0 +2.252629425e+02 +2.860029425e+02 +2.860029425e+02
5236 0 +2.236853861e+02 +2.844253861e+02 +2.844253861e+02
5418 0 +2.098617246e+02 +2.706017246e+02 +2.706017246e+02
5939 0 +1.950673976e+02 +2.558073976e+02 +2.558073976e+02
6116 0 +1.791069232e+02 +2.398469232e+02 +2.398469232e+02
6474 0 +1.614314236e+02 +2.221714236e+02 +2.221714236e+02
6643 0 +1.446283663e+02 +2.053683663e+02 +2.053683663e+02
6646 0 +1.414513786e+02 +2.021913786e+02 +2.021913786e+02
7870 0 +1.300564073e+02 +1.907964073e+02 +1.907964073e+02
8736 0 +1.142924074e+02 +1.750324074e+02 +1.750324074e+02
9447 0 +1.010219384e+02 +1.617619384e+02 +1.617619384e+02
10149 0 +9.547411471e+01 +1.562141147e+02 +1.562141147e+02
10487 0 +7.714762284e+01 +1.378876228e+02 +1.378876228e+02
10845 0 +7.482292624e+01 +1.355629262e+02 +1.355629262e+02
11365 0 +7.045420378e+01 +1.311942038e+02 +1.311942038e+02
11891 0 +6.598314801e+01 +1.267231480e+02 +1.267231480e+02
12069 0 +6.159843012e+01 +1.223384301e+02 +1.223384301e+02
13111 0 +5.984393549e+01 +1.205839355e+02 +1.205839355e+02
13644 0 +5.236995216e+01 +1.131099522e+02 +1.131099522e+02
14515 0 +5.118999570e+01 +1.119299957e+02 +1.119299957e+02
14867 0 +4.579290218e+01 +1.065329022e+02 +1.065329022e+02
15742 0 +4.466738290e+01 +1.054073829e+02 +1.054073829e+02
15918 0 +4.284173438e+01 +1.035817344e+02 +1.035817344e+02
16095 0 +3.748110573e+01 +9.822110573e+01 +9.822110573e+01
17661 0 +3.621655096e+01 +9.695655096e+01 +9.695655096e+01
18200 0 +3.313719126e+01 +9.387719126e+01 +9.387719126e+01
18374 0 +3.290010565e+01 +9.364010565e+01 +9.364010565e+01
19249 0 +3.222219104e+01 +9.296219104e+01 +9.296219104e+01
19413 0 +3.134541091e+01 +9.208541091e+01 +9.208541091e+01
19767 0 +2.969823627e+01 +9.043823627e+01 +9.043823627e+01
20474 0 +2.870765691e+01 +8.944765691e+01 +8.944765691e+01
22746 0 +2.546748295e+01 +8.620748295e+01 +8.620748295e+01
23267 0 +2.506936920e+01 +8.580936920e+01 +8.580936920e+01
25362 0 +2.452015217e+01 +8.526015217e+01 +8.526015217e+01
26769 0 +2.242138706e+01 +8.316138706e+01 +8.316138706e+01
29393 0 +2.223395015e+01 +8.297395015e+01 +8.297395015e+01
29738 0 +2.179114974e+01 +8.253114974e+01 +8.253114974e+01
31312 0 +2.133720688e+01 +8.207720688e+01 +8.207720688e+01
32549 0 +2.084111602e+01 +8.158111602e+01 +8.158111602e+01
32890 0 +2.036735375e+01 +8.110735375e+01 +8.110735375e+01
33939 0 +1.992297330e+01 +8.066297330e+01 +8.066297330e+01
88544 0 +1.841519569e+01 +7.915519569e+01 +7.915519569e+01
89072 0 +1.766367424e+01 +7.840367424e+01 +7.840367424e+01
89938 0 +1.649845241e+01 +7.723845241e+01 +7.723845241e+01
90998 0 +1.568617963e+01 +7.642617963e+01 +7.642617963e+01
91694 0 +1.511552192e+01 +7.585552192e+01 +7.585552192e+01
92220 0 +1.467805362e+01 +7.541805362e+01 +7.541805362e+01
92563 0 +1.402364715e+01 +7.476364715e+01 +7.476364715e+01
93612 0 +1.333540339e+01 +7.407540339e+01 +7.407540339e+01
94136 0 +1.201513861e+01 +7.275513861e+01 +7.275513861e+01
94315 0 +1.108517169e+01 +7.182517169e+01 +7.182517169e+01
95363 0 +1.095871459e+01 +7.169871459e+01 +7.169871459e+01
97465 0 +1.034143733e+01 +7.108143733e+01 +7.108143733e+01
97650 0 +1.011005098e+01 +7.085005098e+01 +7.085005098e+01
98340 0 +9.997252719e+00 +7.073725272e+01 +7.073725272e+01
98696 0 +9.771338800e+00 +7.051133880e+01 +7.051133880e+01
% f evaluations | g evaluations | best noise-free fitness - Fopt (1.284000000000e+01) + sum g_i+ | measured fitness | best measured fitness or single-digit g-values | x1 | x2...
1 0 +4.132008967e+03 +4.144848967e+03 +4.144848967e+03
3 0 +2.121729236e+03 +2.134569236e+03 +2.134569236e+03
13 0 +1.905932751e+03 +1.918772751e+03 +1.918772751e+03
92 0 +1.872009771e+03 +1.884849771e+03 +1.884849771e+03
104 0 +1.811402331e+03 +1.824242331e+03 +1.824242331e+03
157 0 +1.585337601e+03 +1.598177601e+03 +1.598177601e+03
161 0 +1.250393864e+03 +1.263233864e+03 +1.263233864e+03
162 0 +1.086313340e+03 +1.099153340e+03 +1.099153340e+03
164 0 +1.071120477e+03 +1.083960477e+03 +1.083960477e+03
511 0 +8.903653510e+02 +9.032053510e+02 +9.032053510e+02
868 0 +8.573171058e+02 +8.701571058e+02 +8.701571058e+02
1047 0 +8.482377274e+02 +8.610777274e+02 +8.610777274e+02
1211 0 +7.870288561e+02 +7.998688561e+02 +7.998688561e+02
1386 0 +7.669389163e+02 +7.797789163e+02 +7.797789163e+02
1388 0 +7.383552169e+02 +7.511952169e+02 +7.511952169e+02
1568 0 +7.178219219e+02 +7.306619219e+02 +7.306619219e+02
1569 0 +6.941365140e+02 +7.069765140e+02 +7.069765140e+02
1738 0 +6.715260646e+02 +6.843660646e+02 +6.843660646e+02
1746 0 +6.581266613e+02 +6.709666613e+02 +6.709666613e+02
1918 0 +6.255194995e+02 +6.383594995e+02 +6.383594995e+02
1923 0 +6.091443673e+02 +6.219843673e+02 +6.219843673e+02
2089 0 +5.996937562e+02 +6.125337562e+02 +6.125337562e+02
2098 0 +5.785456822e+02 +5.913856822e+02 +5.913856822e+02
2261 0 +5.292053353e+02 +5.420453353e+02 +5.420453353e+02
2436 0 +5.154444960e+02 +5.282844960e+02 +5.282844960e+02
2441 0 +4.926602135e+02 +5.055002135e+02 +5.055002135e+02
2618 0 +4.719827107e+02 +4.848227107e+02 +4.848227107e+02
2786 0 +4.094705286e+02 +4.223105286e+02 +4.223105286e+02
3138 0 +3.633294696e+02 +3.761694696e+02 +3.761694696e+02
3314 0 +3.421398996e+02 +3.549798996e+02 +3.549798996e+02
3673 0 +3.381159652e+02 +3.509559652e+02 +3.509559652e+02
3845 0 +2.953139920e+02 +3.081539920e+02 +3.081539920e+02
4188 0 +2.748639508e+02 +2.877039508e+02 +2.877039508e+02
4361 0 +2.361804996e+02 +2.490204996e+02 +2.490204996e+02
4543 0 +2.280437802e+02 +2.408837802e+02 +2.408837802e+02
4712 0 +2.219425466e+02 +2.347825466e+02 +2.347825466e+02
5067 0 +2.095913148e+02 +2.224313148e+02 +2.224313148e+02
6472 0 +2.014087194e+02 +2.142487194e+02 +2.142487194e+02
6816 0 +1.840294169e+02 +1.968694169e+02 +1.968694169e+02
6986 0 +1.740995500e+02 +1.869395500e+02 +1.869395500e+02
6995 0 +1.662890379e+02 +1.791290379e+02 +1.791290379e+02
7172 0 +1.493047882e+02 +1.621447882e+02 +1.621447882e+02
7516 0 +1.454128272e+02 +1.582528272e+02 +1.582528272e+02
7518 0 +1.413178951e+02 +1.541578951e+02 +1.541578951e+02
8397 0 +1.363488880e+02 +1.491888880e+02 +1.491888880e+02
8746 0 +1.204272398e+02 +1.332672398e+02 +1.332672398e+02
9094 0 +1.193606293e+02 +1.322006293e+02 +1.322006293e+02
9789 0 +1.077295737e+02 +1.205695737e+02 +1.205695737e+02
10313 0 +1.063699297e+02 +1.192099297e+02 +1.192099297e+02
10489 0 +1.002175254e+02 +1.130575254e+02 +1.130575254e+02
10666 0 +9.413721060e+01 +1.069772106e+02 +1.069772106e+02
11018 0 +9.204135408e+01 +1.048813541e+02 +1.048813541e+02
11892 0 +9.020721205e+01 +1.030472121e+02 +1.030472121e+02
11893 0 +8.646331614e+01 +9.930331614e+01 +9.930331614e+01
12062 0 +8.246328777e+01 +9.530328777e+01 +9.530328777e+01
12591 0 +8.117905537e+01 +9.401905537e+01 +9.401905537e+01
12936 0 +7.628902077e+01 +8.912902077e+01 +8.912902077e+01
12946 0 +7.147915052e+01 +8.431915052e+01 +8.431915052e+01
13814 0 +7.044057828e+01 +8.328057828e+01 +8.328057828e+01
13990 0 +6.702037170e+01 +7.986037170e+01 +7.986037170e+01
14346 0 +6.572766359e+01 +7.856766359e+01 +7.856766359e+01
14875 0 +6.139439072e+01 +7.423439072e+01 +7.423439072e+01
15397 0 +5.949565549e+01 +7.233565549e+01 +7.233565549e+01
16612 0 +5.627465008e+01 +6.911465008e+01 +6.911465008e+01
16791 0 +5.364276683e+01 +6.648276683e+01 +6.648276683e+01
18719 0 +5.201774006e+01 +6.485774006e+01 +6.485774006e+01
19774 0 +5.060274578e+01 +6.344274578e+01 +6.344274578e+01
20293 0 +4.994814021e+01 +6.278814021e+01 +6.278814021e+01
22746 0 +4.890226007e+01 +6.174226007e+01 +6.174226007e+01
23262 0 +4.743079541e+01 +6.027079541e+01 +6.027079541e+01
23622 0 +4.672170121e+01 +5.956170121e+01 +5.956170121e+01
25019 0 +4.510450987e+01 +5.794450987e+01 +5.794450987e+01
25899 0 +4.271568644e+01 +5.555568644e+01 +5.555568644e+01
35873 0 +4.264399222e+01 +5.548399222e+01 +5.548399222e+01
42513 0 +4.166323944e+01 +5.450323944e+01 +5.450323944e+01
46022 0 +4.073353609e+01 +5.357353609e+01 +5.357353609e+01
96246 0 +3.863530116e+01 +5.147530116e+01 +5.147530116e+01
96766 0 +3.799263482e+01 +5.083263482e+01 +5.083263482e+01
97821 0 +3.685196990e+01 +4.969196990e+01 +4.969196990e+01
98344 0 +3.542445172e+01 +4.826445172e+01 +4.826445172e+01
98691 0 +3.421208931e+01 +4.705208931e+01 +4.705208931e+01
98692 0 +3.272462536e+01 +4.556462536e+01 +4.556462536e+01
99044 0 +3.074125796e+01 +4.358125796e+01 +4.358125796e+01
99216 0 +2.616505637e+01 +3.900505637e+01 +3.900505637e+01
% f evaluations | g evaluations | best noise-free fitness - Fopt (-2.626000000000e+01) + sum g_i+ | measured fitness | best measured fitness or single-digit g-values | x1 | x2...
1 0 +3.272223236e+03 +3.245963236e+03 +3.245963236e+03
2 0 +2.981067253e+03 +2.954807253e+03 +2.954807253e+03
4 0 +2.605294399e+03 +2.579034399e+03 +2.579034399e+03
19 0 +2.489030243e+03 +2.462770243e+03 +2.462770243e+03
28 0 +1.817674247e+03 +1.791414247e+03 +1.791414247e+03
161 0 +1.493709727e+03 +1.467449727e+03 +1.467449727e+03
338 0 +1.444907666e+03 +1.418647666e+03 +1.418647666e+03
512 0 +1.254764092e+03 +1.228504092e+03 +1.228504092e+03
868 0 +1.194063931e+03 +1.167803931e+03 +1.167803931e+03
874 0 +1.124148361e+03 +1.097888361e+03 +1.097888361e+03
1388 0 +1.003660404e+03 +9.774004044e+02 +9.774004044e+02
1563 0 +9.894238010e+02 +9.631638010e+02 +9.631638010e+02
1746 0 +9.579587088e+02 +9.316987088e+02 +9.316987088e+02
1923 0 +8.858374577e+02 +8.595774577e+02 +8.595774577e+02
2611 0 +8.619451522e+02 +8.356851522e+02 +8.356851522e+02
2617 0 +8.218395329e+02 +7.955795329e+02 +7.955795329e+02
2619 0 +7.211543442e+02 +6.948943442e+02 +6.948943442e+02
2793 0 +6.406094552e+02 +6.143494552e+02 +6.143494552e+02
2969 0 +6.283016573e+02 +6.020416573e+02 +6.020416573e+02
3138 0 +5.815419024e+02 +5.552819024e+02 +5.552819024e+02
3139 0 +5.365155254e+02 +5.102555254e+02 +5.102555254e+02
3321 0 +5.222696187e+02 +4.960096187e+02 +4.960096187e+02
3487 0 +5.010883889e+02 +4.748283889e+02 +4.748283889e+02
3663 0 +4.631651637e+02 +4.369051637e+02 +4.369051637e+02
3841 0 +4.567907410e+02 +4.305307410e+02 +4.305307410e+02
4018 0 +4.385837591e+02 +4.123237591e+02 +4.123237591e+02
4020 0 +3.891361593e+02 +3.628761593e+02 +3.628761593e+02
4715 0 +3.737118633e+02 +3.474518633e+02 +3.474518633e+02
4895 0 +3.309106874e+02 +3.046506874e+02 +3.046506874e+02
5241 0 +3.160211806e+02 +2.897611806e+02 +2.897611806e+02
5425 0 +2.979123121e+02 +2.716523121e+02 +2.716523121e+02
5598 0 +2.847364057e+02 +2.584764057e+02 +2.584764057e+02
5599 0 +2.542247536e+02 +2.279647536e+02 +2.279647536e+02
5944 0 +2.452467339e+02 +2.189867339e+02 +2.189867339e+02
6298 0 +2.329651194e+02 +2.067051194e+02 +2.067051194e+02
6471 0 +2.179088183e+02 +1.916488183e+02 +1.916488183e+02
6994 0 +2.136712411e+02 +1.874112411e+02 +1.874112411e+02
7164 0 +1.725393152e+02 +1.462793152e+02 +1.462793152e+02
8041 0 +1.417809864e+02 +1.155209864e+02 +1.155209864e+02
8216 0 +1.407363747e+02 +1.144763747e+02 +1.144763747e+02
8572 0 +1.205833501e+02 +9.432335012e+01 +9.432335012e+01
8740 0 +1.178208480e+02 +9.156084797e+01 +9.156084797e+01
9788 0 +1.033124425e+02 +7.705244255e+01 +7.705244255e+01
10314 0 +8.790669653e+01 +6.164669653e+01 +6.164669653e+01
14163 0 +6.737589929e+01 +4.111589929e+01 +4.111589929e+01
16441 0 +6.125584996e+01 +3.499584996e+01 +3.499584996e+01
17318 0 +5.976502991e+01 +3.350502991e+01 +3.350502991e+01
17666 0 +5.780136314e+01 +3.154136314e+01 +3.154136314e+01
17840 0 +5.441908393e+01 +2.815908393e+01 +2.815908393e+01
17845 0 +5.361446429e+01 +2.735446429e+01 +2.735446429e+01
18366 0 +5.209377697e+01 +2.583377697e+01 +2.583377697e+01
19065 0 +4.423477167e+01 +1.797477167e+01 +1.797477167e+01
19242 0 +4.346123708e+01 +1.720123708e+01 +1.720123708e+01
19423 0 +4.184632129e+01 +1.558632129e+01 +1.558632129e+01
20122 0 +4.028409827e+01 +1.402409827e+01 +1.402409827e+01
21165 0 +3.754551215e+01 +1.128551215e+01 +1.128551215e+01
22218 0 +3.699749626e+01 +1.073749626e+01 +1.073749626e+01
23098 0 +3.626759776e+01 +1.000759776e+01 +1.000759776e+01
23974 0 +3.495521988e+01 +8.695219884e+00 +8.695219884e+00
23975 0 +3.322265737e+01 +6.962657372e+00 +6.962657372e+00
24498 0 +3.310804459e+01 +6.848044591e+00 +6.848044591e+00
24846 0 +3.180725939e+01 +5.547259389e+00 +5.547259389e+00
25186 0 +3.099400782e+01 +4.734007822e+00 +4.734007822e+00
25543 0 +2.961749095e+01 +3.357490947e+00 +3.357490947e+00
27824 0 +2.815252714e+01 +1.892527136e+00 +1.892527136e+00
27994 0 +2.717260449e+01 +9.126044890e-01 +9.126044890e-01
28874 0 +2.659736705e+01 +3.373670500e-01 +3.373670500e-01
31845 0 +2.625870313e+01 -1.296871060e-03 -1.296871060e-03
56513 0 +2.502311767e+01 -1.236882325e+00 -1.236882325e+00
77338 0 +2.395701355e+01 -2.302986453e+00 -2.302986453e+00
