% f evaluations | g evaluations | best noise-free fitness - Fopt (-4.620900000000e+02) + sum g_i+ | measured fitness | best measured fitness or single-digit g-values | x1 | x2...
1 0 +1.454420942e+03 +9.923309416e+02 +9.923309416e+02
2 0 +1.335150189e+03 +8.730601887e+02 +8.730601887e+02
85 0 +1.308561902e+03 +8.464719020e+02 +8.464719020e+02
107 0 +1.283218220e+03 +8.211282200e+02 +8.211282200e+02
136 0 +1.231241493e+03 +7.691514932e+02 +7.691514932e+02
200 0 +1.205006292e+03 +7.429162917e+02 +7.429162917e+02
341 0 +1.184494093e+03 +7.224040934e+02 +7.224040934e+02
355 0 +1.164818426e+03 +7.027284258e+02 +7.027284258e+02
431 0 +1.093891725e+03 +6.318017246e+02 +6.318017246e+02
655 0 +1.063943660e+03 +6.018536602e+02 +6.018536602e+02
701 0 +1.046037196e+03 +5.839471965e+02 +5.839471965e+02
813 0 +1.023176805e+03 +5.610868051e+02 +5.610868051e+02
868 0 +9.897739350e+02 +5.276839350e+02 +5.276839350e+02
895 0 +9.707699248e+02 +5.086799248e+02 +5.086799248e+02
1031 0 +9.250148034e+02 +4.629248034e+02 +4.629248034e+02
1098 0 +8.965347207e+02 +4.344447207e+02 +4.344447207e+02
1218 0 +8.875702662e+02 +4.254802662e+02 +4.254802662e+02
1377 0 +8.263288198e+02 +3.642388198e+02 +3.642388198e+02
1394 0 +7.995186270e+02 +3.374286270e+02 +3.374286270e+02
1647 0 +7.805759046e+02 +3.184859046e+02 +3.184859046e+02
1661 0 +7.453321253e+02 +2.832421253e+02 +2.832421253e+02
1759 0 +7.279337131e+02 +2.658437131e+02 +2.658437131e+02
1767 0 +7.230896005e+02 +2.609996005e+02 +2.609996005e+02
1827 0 +6.845655185e+02 +2.224755185e+02 +2.224755185e+02
1885 0 +6.731913812e+02 +2.111013812e+02 +2.111013812e+02
1940 0 +6.400166310e+02 +1.779266310e+02 +1.779266310e+02
1979 0 +6.198318359e+02 +1.577418359e+02 +1.577418359e+02
1985 0 +6.138040730e+02 +1.517140730e+02 +1.517140730e+02
2065 0 +5.818250494e+02 +1.197350494e+02 +1.197350494e+02
2319 0 +5.720542330e+02 +1.099642330e+02 +1.099642330e+02
2369 0 +5.572819856e+02 +9.519198558e+01 +9.519198558e+01
2604 0 +5.287114634e+02 +6.662146337e+01 +6.662146337e+01
2654 0 +5.247547312e+02 +6.266473122e+01 +6.266473122e+01
2763 0 +4.836657996e+02 +2.157579959e+01 +2.157579959e+01
2781 0 +4.398684426e+02 -2.222155743e+01 -2.222155743e+01
% f evaluations | g evaluations | best noise-free fitness - Fopt (7.766000000000e+01) + sum g_i+ | measured fitness | best measured fitness or single-digit g-values | x1 | x2...
1 0 +1.793582487e+03 +1.871242487e+03 +1.871242487e+03
57 0 +1.738376787e+03 +1.816036787e+03 +1.816036787e+03
59 0 +1.735648822e+03 +1.813308822e+03 +1.813308822e+03
76 0 +1.663505747e+03 +1.741165747e+03 +1.741165747e+03
159 0 +1.615026440e+03 +1.692686440e+03 +1.692686440e+03
203 0 +1.557928227e+03 +1.635588227e+03 +1.635588227e+03
256 0 +1.541314726e+03 +1.618974726e+03 +1.618974726e+03
317 0 +1.418290148e+03 +1.495950148e+03 +1.495950148e+03
384 0 +1.351636357e+03 +1.429296357e+03 +1.429296357e+03
386 0 +1.331717684e+03 +1.409377684e+03 +1.409377684e+03
497 0 +1.231195277e+03 +1.308855277e+03 +1.308855277e+03
682 0 +1.184536245e+03 +1.262196245e+03 +1.262196245e+03
740 0 +1.156905108e+03 +1.234565108e+03 +1.234565108e+03
747 0 +1.113407109e+03 +1.191067109e+03 +1.191067109e+03
837 0 +1.095384842e+03 +1.173044842e+03 +1.173044842e+03
860 0 +1.026926343e+03 +1.104586343e+03 +1.104586343e+03
925 0 +9.693279583e+02 +1.046987958e+03 +1.046987958e+03
977 0 +9.446886660e+02 +1.022348666e+03 +1.022348666e+03
1043 0 +8.910591407e+02 +9.687191407e+02 +9.687191407e+02
1127 0 +8.540818379e+02 +9.317418379e+02 +9.317418379e+02
1149 0 +8.230167468e+02 +9.006767468e+02 +9.006767468e+02
1187 0 +7.928258893e+02 +8.704858893e+02 +8.704858893e+02
1220 0 +7.734197263e+02 +8.510797263e+02 +8.510797263e+02
1281 0 +7.552811004e+02 +8.329411004e+02 +8.329411004e+02
1338 0 +7.286641117e+02 +8.063241117e+02 +8.063241117e+02
1355 0 +6.685518655e+02 +7.462118655e+02 +7.462118655e+02
1411 0 +6.533663366e+02 +7.310263366e+02 +7.310263366e+02
1463 0 +6.294369165e+02 +7.070969165e+02 +7.070969165e+02
1519 0 +5.906494708e+02 +6.683094708e+02 +6.683094708e+02
1773 0 +5.618000452e+02 +6.394600452e+02 +6.394600452e+02
1885 0 +5.443852356e+02 +6.220452356e+02 +6.220452356e+02
1941 0 +5.262492779e+02 +6.039092779e+02 +6.039092779e+02
2294 0 +4.862207933e+02 +5.638807933e+02 +5.638807933e+02
2402 0 +4.581113131e+02 +5.357713131e+02 +5.357713131e+02
2669 0 +4.296111234e+02 +5.072711234e+02 +5.072711234e+02
2961 0 +3.843650660e+02 +4.620250660e+02 +4.620250660e+02
3930 0 +3.754126766e+02 +4.530726766e+02 +4.530726766e+02
4401 0 +3.647271006e+02 +4.423871006e+02 +4.423871006e+02
4887 0 +3.480411298e+02 +4.257011298e+02 +4.257011298e+02
4913 0 +3.138707126e+02 +3.915307126e+02 +3.915307126e+02
7779 0 +3.045167924e+02 +3.821767924e+02 +3.821767924e+02
11842 0 +2.936303708e+02 +3.712903708e+02 +3.712903708e+02
13077 0 +2.619191931e+02 +3.395791931e+02 +3.395791931e+02
17101 0 +2.484533756e+02 +3.261133756e+02 +3.261133756e+02
17539 0 +2.380884658e+02 +3.157484658e+02 +3.157484658e+02
17833 0 +2.334434504e+02 +3.111034504e+02 +3.111034504e+02
17890 0 +2.261223649e+02 +3.037823649e+02 +3.037823649e+02
18022 0 +2.075437581e+02 +2.852037581e+02 +2.852037581e+02
18068 0 +2.031766835e+02 +2.808366835e+02 +2.808366835e+02
18088 0 +1.878939059e+02 +2.655539059e+02 +2.655539059e+02
18341 0 +1.730737973e+02 +2.507337973e+02 +2.507337973e+02
18366 0 +1.669717944e+02 +2.446317944e+02 +2.446317944e+02
18674 0 +1.653593728e+02 +2.430193728e+02 +2.430193728e+02
18870 0 +1.549962550e+02 +2.326562550e+02 +2.326562550e+02
18893 0 +1.432755580e+02 +2.209355580e+02 +2.209355580e+02
18908 0 +1.397137590e+02 +2.173737590e+02 +2.173737590e+02
18930 0 +1.357973400e+02 +2.134573400e+02 +2.134573400e+02
18959 0 +1.331994127e+02 +2.108594127e+02 +2.108594127e+02
19093 0 +1.307695735e+02 +2.084295735e+02 +2.084295735e+02
19094 0 +1.217135388e+02 +1.993735388e+02 +1.993735388e+02
19327 0 +1.200278818e+02 +1.976878818e+02 +1.976878818e+02
19710 0 +1.164974626e+02 +1.941574626e+02 +1.941574626e+02
19747 0 +1.128187948e+02 +1.904787948e+02 +1.904787948e+02
19877 0 +1.094411962e+02 +1.871011962e+02 +1.871011962e+02
20003 0 +1.056439114e+02 +1.833039114e+02 +1.833039114e+02
20054 0 +1.017092400e+02 +1.793692400e+02 +1.793692400e+02
20060 0 +9.297725871e+01 +1.706372587e+02 +1.706372587e+02
20065 0 +8.295802169e+01 +1.606180217e+02 +1.606180217e+02
21008 0 +8.113211385e+01 +1.587921138e+02 +1.587921138e+02
21267 0 +7.934336565e+01 +1.570033657e+02 +1.570033657e+02
21312 0 +7.623469823e+01 +1.538946982e+02 +1.538946982e+02
21366 0 +7.557328709e+01 +1.532332871e+02 +1.532332871e+02
21541 0 +7.272133212e+01 +1.503813321e+02 +1.503813321e+02
21663 0 +7.207755501e+01 +1.497375550e+02 +1.497375550e+02
21917 0 +6.990163819e+01 +1.475616382e+02 +1.475616382e+02
22049 0 +6.697342948e+01 +1.446334295e+02 +1.446334295e+02
22637 0 +6.517399091e+01 +1.428339909e+02 +1.428339909e+02
22883 0 +6.213225453e+01 +1.397922545e+02 +1.397922545e+02
23838 0 +6.130376582e+01 +1.389637658e+02 +1.389637658e+02
24199 0 +6.024956348e+01 +1.379095635e+02 +1.379095635e+02
24955 0 +5.878379863e+01 +1.364437986e+02 +1.364437986e+02
% f evaluations | g evaluations | best noise-free fitness - Fopt (1.156800000000e+02) + sum g_i+ | measured fitness | best measured fitness or single-digit g-values | x1 | x2...
1 0 +1.887379248e+03 +2.003059248e+03 +2.003059248e+03
3 0 +1.788541117e+03 +1.904221117e+03 +1.904221117e+03
39 0 +1.708419076e+03 +1.824099076e+03 +1.824099076e+03
55 0 +1.688859864e+03 +1.804539864e+03 +1.804539864e+03
139 0 +1.644471565e+03 +1.760151565e+03 +1.760151565e+03
143 0 +1.617339695e+03 +1.733019695e+03 +1.733019695e+03
183 0 +1.556507258e+03 +1.672187258e+03 +1.672187258e+03
206 0 +1.512148963e+03 +1.627828963e+03 +1.627828963e+03
327 0 +1.460092880e+03 +1.575772880e+03 +1.575772880e+03
343 0 +1.435704944e+03 +1.551384944e+03 +1.551384944e+03
345 0 +1.410051760e+03 +1.525731760e+03 +1.525731760e+03
417 0 +1.358498109e+03 +1.474178109e+03 +1.474178109e+03
442 0 +1.319018601e+03 +1.434698601e+03 +1.434698601e+03
453 0 +1.244305353e+03 +1.359985353e+03 +1.359985353e+03
550 0 +1.221133233e+03 +1.336813233e+03 +1.336813233e+03
558 0 +1.185054139e+03 +1.300734139e+03 +1.300734139e+03
633 0 +1.133380484e+03 +1.249060484e+03 +1.249060484e+03
682 0 +1.107026576e+03 +1.222706576e+03 +1.222706576e+03
693 0 +1.027043520e+03 +1.142723520e+03 +1.142723520e+03
798 0 +9.761438895e+02 +1.091823890e+03 +1.091823890e+03
869 0 +9.364184372e+02 +1.052098437e+03 +1.052098437e+03
917 0 +9.128523172e+02 +1.028532317e+03 +1.028532317e+03
930 0 +8.912226004e+02 +1.006902600e+03 +1.006902600e+03
1026 0 +8.696327877e+02 +9.853127877e+02 +9.853127877e+02
1036 0 +8.468237668e+02 +9.625037668e+02 +9.625037668e+02
1057 0 +8.133084517e+02 +9.289884517e+02 +9.289884517e+02
1159 0 +7.704593451e+02 +8.861393451e+02 +8.861393451e+02
1309 0 +6.949411287e+02 +8.106211287e+02 +8.106211287e+02
1404 0 +6.754305127e+02 +7.911105127e+02 +7.911105127e+02
1471 0 +6.524431710e+02 +7.681231710e+02 +7.681231710e+02
1518 0 +6.237834120e+02 +7.394634120e+02 +7.394634120e+02
1613 0 +6.125412368e+02 +7.282212368e+02 +7.282212368e+02
1671 0 +5.917776462e+02 +7.074576462e+02 +7.074576462e+02
1691 0 +5.830456927e+02 +6.987256927e+02 +6.987256927e+02
1721 0 +5.672598051e+02 +6.829398051e+02 +6.829398051e+02
2057 0 +4.914194973e+02 +6.070994973e+02 +6.070994973e+02
2607 0 +4.845213361e+02 +6.002013361e+02 +6.002013361e+02
2733 0 +4.620981612e+02 +5.777781612e+02 +5.777781612e+02
2846 0 +4.465615831e+02 +5.622415831e+02 +5.622415831e+02
3067 0 +4.005845131e+02 +5.162645131e+02 +5.162645131e+02
3183 0 +3.875387916e+02 +5.032187916e+02 +5.032187916e+02
3705 0 +3.557072150e+02 +4.713872150e+02 +4.713872150e+02
3734 0 +3.513598577e+02 +4.670398577e+02 +4.670398577e+02
4031 0 +3.402455683e+02 +4.559255683e+02 +4.559255683e+02
4107 0 +3.379945388e+02 +4.536745388e+02 +4.536745388e+02
4109 0 +3.198051144e+02 +4.354851144e+02 +4.354851144e+02
7168 0 +3.111001152e+02 +4.267801152e+02 +4.267801152e+02
7944 0 +3.054077903e+02 +4.210877903e+02 +4.210877903e+02
7984 0 +2.858530617e+02 +4.015330617e+02 +4.015330617e+02
10169 0 +2.625741855e+02 +3.782541855e+02 +3.782541855e+02
10642 0 +2.488711970e+02 +3.645511970e+02 +3.645511970e+02
11063 0 +2.442042809e+02 +3.598842809e+02 +3.598842809e+02
11178 0 +2.297059707e+02 +3.453859707e+02 +3.453859707e+02
11357 0 +2.227854265e+02 +3.384654265e+02 +3.384654265e+02
11443 0 +2.163569543e+02 +3.320369543e+02 +3.320369543e+02
11601 0 +2.052430493e+02 +3.209230493e+02 +3.209230493e+02
11697 0 +2.008648419e+02 +3.165448419e+02 +3.165448419e+02
11714 0 +1.982092999e+02 +3.138892999e+02 +3.138892999e+02
11953 0 +1.944777481e+02 +3.101577481e+02 +3.101577481e+02
11969 0 +1.759289524e+02 +2.916089524e+02 +2.916089524e+02
12086 0 +1.716785808e+02 +2.873585808e+02 +2.873585808e+02
12107 0 +1.583230143e+02 +2.740030143e+02 +2.740030143e+02
12157 0 +1.481620523e+02 +2.638420523e+02 +2.638420523e+02
12184 0 +1.354511299e+02 +2.511311299e+02 +2.511311299e+02
12357 0 +1.283255352e+02 +2.440055352e+02 +2.440055352e+02
12743 0 +1.227995794e+02 +2.384795794e+02 +2.384795794e+02
12967 0 +1.188117351e+02 +2.344917351e+02 +2.344917351e+02
13042 0 +1.107902757e+02 +2.264702757e+02 +2.264702757e+02
13338 0 +1.046264900e+02 +2.203064900e+02 +2.203064900e+02
13351 0 +1.021994118e+02 +2.178794118e+02 +2.178794118e+02
13518 0 +9.995336282e+01 +2.156333628e+02 +2.156333628e+02
13526 0 +9.648821908e+01 +2.121682191e+02 +2.121682191e+02
13636 0 +9.497502901e+01 +2.106550290e+02 +2.106550290e+02
13684 0 +9.142749791e+01 +2.071074979e+02 +2.071074979e+02
13826 0 +9.099183574e+01 +2.066718357e+02 +2.066718357e+02
14110 0 +8.883715765e+01 +2.045171576e+02 +2.045171576e+02
14161 0 +8.515001993e+01 +2.008300199e+02 +2.008300199e+02
14296 0 +8.421399483e+01 +1.998939948e+02 +1.998939948e+02
14599 0 +8.229717113e+01 +1.979771711e+02 +1.979771711e+02
14822 0 +7.970442442e+01 +1.953844244e+02 +1.953844244e+02
15095 0 +7.927373821e+01 +1.949537382e+02 +1.949537382e+02
15500 0 +7.621874631e+01 +1.918987463e+02 +1.918987463e+02
15860 0 +7.490038085e+01 +1.905803808e+02 +1.905803808e+02
16621 0 +7.413089360e+01 +1.898108936e+02 +1.898108936e+02
% f evaluations | g evaluations | best noise-free fitness - Fopt (-3.710000000000e+00) + sum g_i+ | measured fitness | best measured fitness or single-digit g-values | x1 | x2...
1 0 +1.416605424e+03 +1.412895424e+03 +1.412895424e+03
2 0 +1.403549279e+03 +1.399839279e+03 +1.399839279e+03
3 0 +1.369234252e+03 +1.365524252e+03 +1.365524252e+03
5 0 +1.253273146e+03 +1.249563146e+03 +1.249563146e+03
77 0 +1.173724464e+03 +1.170014464e+03 +1.170014464e+03
198 0 +1.130156634e+03 +1.126446634e+03 +1.126446634e+03
264 0 +1.113079532e+03 +1.109369532e+03 +1.109369532e+03
299 0 +1.076783890e+03 +1.073073890e+03 +1.073073890e+03
330 0 +1.052006892e+03 +1.048296892e+03 +1.048296892e+03
439 0 +1.026162923e+03 +1.022452923e+03 +1.022452923e+03
499 0 +1.014482729e+03 +1.010772729e+03 +1.010772729e+03
573 0 +9.906848058e+02 +9.869748058e+02 +9.869748058e+02
739 0 +9.457907697e+02 +9.420807697e+02 +9.420807697e+02
798 0 +8.225412256e+02 +8.188312256e+02 +8.188312256e+02
1119 0 +8.125552232e+02 +8.088452232e+02 +8.088452232e+02
1183 0 +7.588551107e+02 +7.551451107e+02 +7.551451107e+02
1340 0 +6.991262975e+02 +6.954162975e+02 +6.954162975e+02
1385 0 +6.881092494e+02 +6.843992494e+02 +6.843992494e+02
1562 0 +6.612399117e+02 +6.575299117e+02 +6.575299117e+02
1713 0 +6.477083741e+02 +6.439983741e+02 +6.439983741e+02
1847 0 +6.387670715e+02 +6.350570715e+02 +6.350570715e+02
1869 0 +6.295783038e+02 +6.258683038e+02 +6.258683038e+02
1996 0 +6.035520788e+02 +5.998420788e+02 +5.998420788e+02
2061 0 +5.882124103e+02 +5.845024103e+02 +5.845024103e+02
2063 0 +5.652604608e+02 +5.615504608e+02 +5.615504608e+02
2067 0 +5.131290234e+02 +5.094190234e+02 +5.094190234e+02
2199 0 +5.105268064e+02 +5.068168064e+02 +5.068168064e+02
2677 0 +4.918928519e+02 +4.881828519e+02 +4.881828519e+02
2910 0 +4.708093712e+02 +4.670993712e+02 +4.670993712e+02
3015 0 +4.594721547e+02 +4.557621547e+02 +4.557621547e+02
3138 0 +4.060466569e+02 +4.023366569e+02 +4.023366569e+02
3801 0 +3.914808569e+02 +3.877708569e+02 +3.877708569e+02
3846 0 +3.611154692e+02 +3.574054692e+02 +3.574054692e+02
7077 0 +3.494679437e+02 +3.457579437e+02 +3.457579437e+02
7287 0 +3.428002411e+02 +3.390902411e+02 +3.390902411e+02
7572 0 +3.334890957e+02 +3.297790957e+02 +3.297790957e+02
8124 0 +3.165712207e+02 +3.128612207e+02 +3.128612207e+02
8179 0 +3.072730815e+02 +3.035630815e+02 +3.035630815e+02
9140 0 +2.923796946e+02 +2.886696946e+02 +2.886696946e+02
9267 0 +2.872711442e+02 +2.835611442e+02 +2.835611442e+02
9990 0 +2.515463093e+02 +2.478363093e+02 +2.478363093e+02
10401 0 +2.413166729e+02 +2.376066729e+02 +2.376066729e+02
11005 0 +2.392111813e+02 +2.355011813e+02 +2.355011813e+02
11186 0 +2.274553997e+02 +2.237453997e+02 +2.237453997e+02
11238 0 +2.232020720e+02 +2.194920720e+02 +2.194920720e+02
11291 0 +2.082707847e+02 +2.045607847e+02 +2.045607847e+02
11449 0 +1.898909785e+02 +1.861809785e+02 +1.861809785e+02
11726 0 +1.783212264e+02 +1.746112264e+02 +1.746112264e+02
11730 0 +1.612876692e+02 +1.575776692e+02 +1.575776692e+02
11901 0 +1.548112739e+02 +1.511012739e+02 +1.511012739e+02
11902 0 +1.488059410e+02 +1.450959410e+02 +1.450959410e+02
11991 0 +1.445791085e+02 +1.408691085e+02 +1.408691085e+02
12024 0 +1.309450105e+02 +1.272350105e+02 +1.272350105e+02
12075 0 +1.264313320e+02 +1.227213320e+02 +1.227213320e+02
12268 0 +1.246425431e+02 +1.209325431e+02 +1.209325431e+02
12372 0 +1.216262939e+02 +1.179162939e+02 +1.179162939e+02
12407 0 +1.200392254e+02 +1.163292254e+02 +1.163292254e+02
12508 0 +1.140944792e+02 +1.103844792e+02 +1.103844792e+02
12800 0 +1.116676601e+02 +1.079576601e+02 +1.079576601e+02
12863 0 +1.061360025e+02 +1.024260025e+02 +1.024260025e+02
12964 0 +1.039339277e+02 +1.002239277e+02 +1.002239277e+02
13137 0 +9.755005879e+01 +9.384005879e+01 +9.384005879e+01
13448 0 +9.450723497e+01 +9.079723497e+01 +9.079723497e+01
13636 0 +9.330686516e+01 +8.959686516e+01 +8.959686516e+01
13643 0 +9.034766524e+01 +8.663766524e+01 +8.663766524e+01
14046 0 +8.866622134e+01 +8.495622134e+01 +8.495622134e+01
14415 0 +8.439852159e+01 +8.068852159e+01 +8.068852159e+01
14648 0 +8.273794335e+01 +7.902794335e+01 +7.902794335e+01
15553 0 +8.081127540e+01 +7.710127540e+01 +7.710127540e+01
16398 0 +7.938649034e+01 +7.567649034e+01 +7.567649034e+01
17371 0 +7.739389216e+01 +7.368389216e+01 +7.368389216e+01
% f evaluations | g evaluations | best noise-free fitness - Fopt (1.321800000000e+02) + sum g_i+ | measured fitness | best measured fitness or single-digit g-values | x1 | x2...
1 0 +2.204818503e+03 +2.336998503e+03 +2.336998503e+03
3 0 +2.157693689e+03 +2.289873689e+03 +2.289873689e+03
8 0 +2.051231253e+03 +2.183411253e+03 +2.183411253e+03
12 0 +1.849083192e+03 +1.981263192e+03 +1.981263192e+03
80 0 +1.765830522e+03 +1.898010522e+03 +1.898010522e+03
149 0 +1.592925254e+03 +1.725105254e+03 +1.725105254e+03
233 0 +1.580928637e+03 +1.713108637e+03 +1.713108637e+03
256 0 +1.504715628e+03 +1.636895628e+03 +1.636895628e+03
333 0 +1.449605449e+03 +1.581785449e+03 +1.581785449e+03
376 0 +1.394872896e+03 +1.527052896e+03 +1.527052896e+03
421 0 +1.376635261e+03 +1.508815261e+03 +1.508815261e+03
437 0 +1.307003279e+03 +1.439183279e+03 +1.439183279e+03
525 0 +1.262477139e+03 +1.394657139e+03 +1.394657139e+03
548 0 +1.254192848e+03 +1.386372848e+03 +1.386372848e+03
616 0 +1.211145786e+03 +1.343325786e+03 +1.343325786e+03
627 0 +1.141805625e+03 +1.273985625e+03 +1.273985625e+03
797 0 +1.113017086e+03 +1.245197086e+03 +1.245197086e+03
856 0 +1.089792474e+03 +1.221972474e+03 +1.221972474e+03
861 0 +9.480126855e+02 +1.080192685e+03 +1.080192685e+03
977 0 +9.056784096e+02 +1.037858410e+03 +1.037858410e+03
1163 0 +8.133418014e+02 +9.455218014e+02 +9.455218014e+02
1208 0 +8.109808569e+02 +9.431608569e+02 +9.431608569e+02
1222 0 +7.897963875e+02 +9.219763875e+02 +9.219763875e+02
1280 0 +7.374996172e+02 +8.696796172e+02 +8.696796172e+02
1288 0 +6.945187027e+02 +8.266987027e+02 +8.266987027e+02
1373 0 +6.547131088e+02 +7.868931088e+02 +7.868931088e+02
1457 0 +6.385788045e+02 +7.707588045e+02 +7.707588045e+02
1466 0 +6.148874438e+02 +7.470674438e+02 +7.470674438e+02
1481 0 +5.871961221e+02 +7.193761221e+02 +7.193761221e+02
1640 0 +5.316727896e+02 +6.638527896e+02 +6.638527896e+02
1889 0 +5.158613810e+02 +6.480413810e+02 +6.480413810e+02
1943 0 +4.991533263e+02 +6.313333263e+02 +6.313333263e+02
1988 0 +4.246283163e+02 +5.568083163e+02 +5.568083163e+02
3630 0 +3.986861678e+02 +5.308661678e+02 +5.308661678e+02
3845 0 +3.893580817e+02 +5.215380817e+02 +5.215380817e+02
5385 0 +3.747212842e+02 +5.069012842e+02 +5.069012842e+02
5425 0 +3.705320969e+02 +5.027120969e+02 +5.027120969e+02
5825 0 +3.342251496e+02 +4.664051496e+02 +4.664051496e+02
6781 0 +3.109470592e+02 +4.431270592e+02 +4.431270592e+02
7634 0 +3.035081414e+02 +4.356881414e+02 +4.356881414e+02
8061 0 +2.879223205e+02 +4.201023205e+02 +4.201023205e+02
8720 0 +2.760733790e+02 +4.082533790e+02 +4.082533790e+02
9490 0 +2.612671372e+02 +3.934471372e+02 +3.934471372e+02
9630 0 +2.419574215e+02 +3.741374215e+02 +3.741374215e+02
10144 0 +2.394013037e+02 +3.715813037e+02 +3.715813037e+02
10227 0 +2.062952532e+02 +3.384752532e+02 +3.384752532e+02
10265 0 +1.988967158e+02 +3.310767158e+02 +3.310767158e+02
10384 0 +1.947701653e+02 +3.269501653e+02 +3.269501653e+02
10507 0 +1.816720817e+02 +3.138520817e+02 +3.138520817e+02
10698 0 +1.682771947e+02 +3.004571947e+02 +3.004571947e+02
10715 0 +1.619035082e+02 +2.940835082e+02 +2.940835082e+02
10822 0 +1.449275387e+02 +2.771075387e+02 +2.771075387e+02
10843 0 +1.364212926e+02 +2.686012926e+02 +2.686012926e+02
11061 0 +1.329496016e+02 +2.651296016e+02 +2.651296016e+02
11130 0 +1.146210805e+02 +2.468010805e+02 +2.468010805e+02
11425 0 +1.087853278e+02 +2.409653278e+02 +2.409653278e+02
11722 0 +9.749870346e+01 +2.296787035e+02 +2.296787035e+02
11843 0 +9.537796808e+01 +2.275579681e+02 +2.275579681e+02
12024 0 +9.147671726e+01 +2.236567173e+02 +2.236567173e+02
12082 0 +8.663761673e+01 +2.188176167e+02 +2.188176167e+02
12138 0 +8.504404583e+01 +2.172240458e+02 +2.172240458e+02
12269 0 +8.131985882e+01 +2.134998588e+02 +2.134998588e+02
12382 0 +8.048470435e+01 +2.126647044e+02 +2.126647044e+02
12434 0 +7.708516838e+01 +2.092651684e+02 +2.092651684e+02
12515 0 +7.392340829e+01 +2.061034083e+02 +2.061034083e+02
13208 0 +7.101819792e+01 +2.031981979e+02 +2.031981979e+02
13222 0 +6.956531215e+01 +2.017453122e+02 +2.017453122e+02
13223 0 +6.916762559e+01 +2.013476256e+02 +2.013476256e+02
13445 0 +6.758142329e+01 +1.997614233e+02 +1.997614233e+02
13456 0 +6.605985216e+01 +1.982398522e+02 +1.982398522e+02
13969 0 +6.408231326e+01 +1.962623133e+02 +1.962623133e+02
14176 0 +6.266214845e+01 +1.948421485e+02 +1.948421485e+02
14423 0 +6.151068571e+01 +1.936906857e+02 +1.936906857e+02
14901 0 +6.009994471e+01 +1.922799447e+02 +1.922799447e+02
15549 0 +5.872131889e+01 +1.909013189e+02 +1.909013189e+02
% f evaluations | g evaluations | best noise-free fitness - Fopt (1.104800000000e+02) + sum g_i+ | measured fitness | best measured fitness or single-digit g-values | x1 | x2...
1 0 +1.592412119e+03 +1.702892119e+03 +1.702892119e+03
4 0 +1.506036760e+03 +1.616516760e+03 +1.616516760e+03
37 0 +1.473206104e+03 +1.583686104e+03 +1.583686104e+03
49 0 +1.443765730e+03 +1.554245730e+03 +1.554245730e+03
79 0 +1.403094387e+03 +1.513574387e+03 +1.513574387e+03
90 0 +1.359642132e+03 +1.470122132e+03 +1.470122132e+03
145 0 +1.343540492e+03 +1.454020492e+03 +1.454020492e+03
196 0 +1.238174277e+03 +1.348654277e+03 +1.348654277e+03
326 0 +1.224463104e+03 +1.334943104e+03 +1.334943104e+03
383 0 +1.165989758e+03 +1.276469758e+03 +1.276469758e+03
387 0 +1.143939040e+03 +1.254419040e+03 +1.254419040e+03
459 0 +1.120222400e+03 +1.230702400e+03 +1.230702400e+03
626 0 +1.074544307e+03 +1.185024307e+03 +1.185024307e+03
683 0 +1.066134971e+03 +1.176614971e+03 +1.176614971e+03
684 0 +1.037375413e+03 +1.147855413e+03 +1.147855413e+03
789 0 +1.015513277e+03 +1.125993277e+03 +1.125993277e+03
798 0 +8.769547291e+02 +9.874347291e+02 +9.874347291e+02
927 0 +8.631299941e+02 +9.736099941e+02 +9.736099941e+02
990 0 +8.438158736e+02 +9.542958736e+02 +9.542958736e+02
1040 0 +8.215165785e+02 +9.319965785e+02 +9.319965785e+02
1104 0 +7.922968281e+02 +9.027768281e+02 +9.027768281e+02
1149 0 +7.449798206e+02 +8.554598206e+02 +8.554598206e+02
1291 0 +7.210805902e+02 +8.315605902e+02 +8.315605902e+02
1365 0 +6.905885234e+02 +8.010685234e+02 +8.010685234e+02
1389 0 +6.639003636e+02 +7.743803636e+02 +7.743803636e+02
1393 0 +6.560646706e+02 +7.665446706e+02 +7.665446706e+02
1455 0 +6.155750695e+02 +7.260550695e+02 +7.260550695e+02
1597 0 +5.712931318e+02 +6.817731318e+02 +6.817731318e+02
1629 0 +5.592415404e+02 +6.697215404e+02 +6.697215404e+02
1719 0 +5.377199069e+02 +6.481999069e+02 +6.481999069e+02
1749 0 +5.317131057e+02 +6.421931057e+02 +6.421931057e+02
1769 0 +5.042585170e+02 +6.147385170e+02 +6.147385170e+02
2013 0 +4.917833985e+02 +6.022633985e+02 +6.022633985e+02
2077 0 +4.625665899e+02 +5.730465899e+02 +5.730465899e+02
2104 0 +4.214771095e+02 +5.319571095e+02 +5.319571095e+02
2815 0 +4.124926292e+02 +5.229726292e+02 +5.229726292e+02
3554 0 +4.050566351e+02 +5.155366351e+02 +5.155366351e+02
3761 0 +3.701429511e+02 +4.806229511e+02 +4.806229511e+02
4634 0 +3.413890662e+02 +4.518690662e+02 +4.518690662e+02
8902 0 +3.351030158e+02 +4.455830158e+02 +4.455830158e+02
9305 0 +3.232597569e+02 +4.337397569e+02 +4.337397569e+02
9604 0 +3.158008676e+02 +4.262808676e+02 +4.262808676e+02
9979 0 +3.088410292e+02 +4.193210292e+02 +4.193210292e+02
9995 0 +2.801849593e+02 +3.906649593e+02 +3.906649593e+02
10495 0 +2.731975433e+02 +3.836775433e+02 +3.836775433e+02
10513 0 +2.675143187e+02 +3.779943187e+02 +3.779943187e+02
10768 0 +2.428783548e+02 +3.533583548e+02 +3.533583548e+02
11306 0 +2.353667601e+02 +3.458467601e+02 +3.458467601e+02
11359 0 +2.147927406e+02 +3.252727406e+02 +3.252727406e+02
11511 0 +2.077612137e+02 +3.182412137e+02 +3.182412137e+02
11704 0 +2.020280385e+02 +3.125080385e+02 +3.125080385e+02
12075 0 +1.841271047e+02 +2.946071047e+02 +2.946071047e+02
12205 0 +1.736016731e+02 +2.840816731e+02 +2.840816731e+02
12251 0 +1.651049062e+02 +2.755849062e+02 +2.755849062e+02
12328 0 +1.618137315e+02 +2.722937315e+02 +2.722937315e+02
12446 0 +1.509354106e+02 +2.614154106e+02 +2.614154106e+02
12504 0 +1.474567586e+02 +2.579367586e+02 +2.579367586e+02
12531 0 +1.311327393e+02 +2.416127393e+02 +2.416127393e+02
12727 0 +1.206598210e+02 +2.311398210e+02 +2.311398210e+02
12736 0 +1.169896180e+02 +2.274696180e+02 +2.274696180e+02
13277 0 +1.121948474e+02 +2.226748474e+02 +2.226748474e+02
13341 0 +1.032672878e+02 +2.137472878e+02 +2.137472878e+02
13764 0 +1.004638179e+02 +2.109438179e+02 +2.109438179e+02
13823 0 +9.898852161e+01 +2.094685216e+02 +2.094685216e+02
13938 0 +9.517088886e+01 +2.056508889e+02 +2.056508889e+02
14271 0 +9.255711263e+01 +2.030371126e+02 +2.030371126e+02
14393 0 +9.094918572e+01 +2.014291857e+02 +2.014291857e+02
14488 0 +8.886887262e+01 +1.993488726e+02 +1.993488726e+02
14885 0 +8.642847410e+01 +1.969084741e+02 +1.969084741e+02
14989 0 +8.500795073e+01 +1.954879507e+02 +1.954879507e+02
15035 0 +8.288946000e+01 +1.933694600e+02 +1.933694600e+02
15312 0 +8.039274266e+01 +1.908727427e+02 +1.908727427e+02
15473 0 +7.897754155e+01 +1.894575415e+02 +1.894575415e+02
15681 0 +7.661873336e+01 +1.870987334e+02 +1.870987334e+02
15829 0 +7.530317711e+01 +1.857831771e+02 +1.857831771e+02
16693 0 +7.374704346e+01 +1.842270435e+02 +1.842270435e+02
17195 0 +7.239061013e+01 +1.828706101e+02 +1.828706101e+02
17367 0 +7.075229265e+01 +1.812322927e+02 +1.812322927e+02
18302 0 +6.899553677e+01 +1.794755368e+02 +1.794755368e+02
% f evaluations | g evaluations | best noise-free fitness - Fopt (-1.509000000000e+01) + sum g_i+ | measured fitness | best measured fitness or single-digit g-values | x1 | x2...
1 0 +1.753529457e+03 +1.738439457e+03 +1.738439457e+03
2 0 +1.603124658e+03 +1.588034658e+03 +1.588034658e+03
49 0 +1.584268980e+03 +1.569178980e+03 +1.569178980e+03
79 0 +1.537034964e+03 +1.521944964e+03 +1.521944964e+03
83 0 +1.482759115e+03 +1.467669115e+03 +1.467669115e+03
117 0 +1.408076081e+03 +1.392986081e+03 +1.392986081e+03
185 0 +1.368476317e+03 +1.353386317e+03 +1.353386317e+03
208 0 +1.347206119e+03 +1.332116119e+03 +1.332116119e+03
324 0 +1.279942351e+03 +1.264852351e+03 +1.264852351e+03
497 0 +1.239619843e+03 +1.224529843e+03 +1.224529843e+03
508 0 +1.202543476e+03 +1.187453476e+03 +1.187453476e+03
523 0 +1.195317187e+03 +1.180227187e+03 +1.180227187e+03
616 0 +1.123131334e+03 +1.108041334e+03 +1.108041334e+03
631 0 +1.067548770e+03 +1.052458770e+03 +1.052458770e+03
743 0 +1.029653315e+03 +1.014563315e+03 +1.014563315e+03
805 0 +1.017985951e+03 +1.002895951e+03 +1.002895951e+03
827 0 +9.997654270e+02 +9.846754270e+02 +9.846754270e+02
863 0 +9.760921593e+02 +9.610021593e+02 +9.610021593e+02
921 0 +9.534876929e+02 +9.383976929e+02 +9.383976929e+02
927 0 +9.294425482e+02 +9.143525482e+02 +9.143525482e+02
984 0 +9.019002583e+02 +8.868102583e+02 +8.868102583e+02
987 0 +8.874022538e+02 +8.723122538e+02 +8.723122538e+02
1038 0 +8.689687533e+02 +8.538787533e+02 +8.538787533e+02
1057 0 +8.198441012e+02 +8.047541012e+02 +8.047541012e+02
1109 0 +7.497522614e+02 +7.346622614e+02 +7.346622614e+02
1257 0 +7.308668815e+02 +7.157768815e+02 +7.157768815e+02
1274 0 +7.151693459e+02 +7.000793459e+02 +7.000793459e+02
1277 0 +6.937755031e+02 +6.786855031e+02 +6.786855031e+02
1282 0 +6.627979798e+02 +6.477079798e+02 +6.477079798e+02
1348 0 +6.575188184e+02 +6.424288184e+02 +6.424288184e+02
1371 0 +6.179522137e+02 +6.028622137e+02 +6.028622137e+02
1391 0 +6.106532726e+02 +5.955632726e+02 +5.955632726e+02
1443 0 +5.735445983e+02 +5.584545983e+02 +5.584545983e+02
1671 0 +5.537685791e+02 +5.386785791e+02 +5.386785791e+02
1683 0 +5.451788958e+02 +5.300888958e+02 +5.300888958e+02
1707 0 +5.214734331e+02 +5.063834331e+02 +5.063834331e+02
1817 0 +5.126233778e+02 +4.975333778e+02 +4.975333778e+02
1833 0 +4.633810193e+02 +4.482910193e+02 +4.482910193e+02
2365 0 +4.481626529e+02 +4.330726529e+02 +4.330726529e+02
2555 0 +4.162762726e+02 +4.011862726e+02 +4.011862726e+02
2643 0 +4.042335353e+02 +3.891435353e+02 +3.891435353e+02
2774 0 +3.947712289e+02 +3.796812289e+02 +3.796812289e+02
3138 0 +3.867872498e+02 +3.716972498e+02 +3.716972498e+02
4580 0 +3.745112978e+02 +3.594212978e+02 +3.594212978e+02
4803 0 +3.696088804e+02 +3.545188804e+02 +3.545188804e+02
4862 0 +3.400781374e+02 +3.249881374e+02 +3.249881374e+02
5540 0 +3.277363925e+02 +3.126463925e+02 +3.126463925e+02
5910 0 +2.911683587e+02 +2.760783587e+02 +2.760783587e+02
13084 0 +2.770434106e+02 +2.619534106e+02 +2.619534106e+02
13265 0 +2.527078913e+02 +2.376178913e+02 +2.376178913e+02
14644 0 +2.391931867e+02 +2.241031867e+02 +2.241031867e+02
14647 0 +2.095404655e+02 +1.944504655e+02 +1.944504655e+02
15293 0 +2.058550343e+02 +1.907650343e+02 +1.907650343e+02
15386 0 +1.944278226e+02 +1.793378226e+02 +1.793378226e+02
15683 0 +1.837970853e+02 +1.687070853e+02 +1.687070853e+02
15747 0 +1.764501236e+02 +1.613601236e+02 +1.613601236e+02
15792 0 +1.696310830e+02 +1.545410830e+02 +1.545410830e+02
15845 0 +1.652280497e+02 +1.501380497e+02 +1.501380497e+02
15918 0 +1.611289326e+02 +1.460389326e+02 +1.460389326e+02
15925 0 +1.573951749e+02 +1.423051749e+02 +1.423051749e+02
15935 0 +1.488749352e+02 +1.337849352e+02 +1.337849352e+02
15969 0 +1.434054630e+02 +1.283154630e+02 +1.283154630e+02
16029 0 +1.383643136e+02 +1.232743136e+02 +1.232743136e+02
16162 0 +1.339918521e+02 +1.189018521e+02 +1.189018521e+02
16219 0 +1.229179413e+02 +1.078279413e+02 +1.078279413e+02
16537 0 +1.147402642e+02 +9.965026420e+01 +9.965026420e+01
16698 0 +1.112504396e+02 +9.616043964e+01 +9.616043964e+01
16762 0 +1.009323083e+02 +8.584230831e+01 +8.584230831e+01
16807 0 +9.926675404e+01 +8.417675404e+01 +8.417675404e+01
16885 0 +9.229110017e+01 +7.720110017e+01 +7.720110017e+01
17052 0 +9.110688123e+01 +7.601688123e+01 +7.601688123e+01
17087 0 +8.560802006e+01 +7.051802006e+01 +7.051802006e+01
17381 0 +8.167663915e+01 +6.658663915e+01 +6.658663915e+01
17406 0 +8.017891934e+01 +6.508891934e+01 +6.508891934e+01
17478 0 +7.638005319e+01 +6.129005319e+01 +6.129005319e+01
17768 0 +7.319256387e+01 +5.810256387e+01 +5.810256387e+01
17793 0 +6.841513517e+01 +5.332513517e+01 +5.332513517e+01
18081 0 +6.530077907e+01 +5.021077907e+01 +5.021077907e+01
18144 0 +6.419650728e+01 +4.910650728e+01 +4.910650728e+01
18645 0 +6.295360958e+01 +4.786360958e+01 +4.786360958e+01
18859 0 +6.158409299e+01 +4.649409299e+01 +4.649409299e+01
18971 0 +6.014155356e+01 +4.505155356e+01 +4.505155356e+01
19159 0 +5.861678944e+01 +4.352678944e+01 +4.352678944e+01
19567 0 +5.753715751e+01 +4.244715751e+01 +4.244715751e+01
19830 0 +5.612814230e+01 +4.103814230e+01 +4.103814230e+01
20541 0 +5.479614956e+01 +3.970614956e+01 +3.970614956e+01
21504 0 +5.362389955e+01 +3.853389955e+01 +3.853389955e+01
22692 0 +5.245902245e+01 +3.736902245e+01 +3.736902245e+01
24625 0 +5.127226943e+01 +3.618226943e+01 +3.618226943e+01
% f evaluations | g evaluations | best noise-free fitness - Fopt (-1.583000000000e+02) + sum g_i+ | measured fitness | best measured fitness or single-digit g-values | x1 | x2...
1 0 +1.920939717e+03 +1.762639717e+03 +1.762639717e+03
2 0 +1.828115992e+03 +1.669815992e+03 +1.669815992e+03
3 0 +1.665040136e+03 +1.506740136e+03 +1.506740136e+03
80 0 +1.651079853e+03 +1.492779853e+03 +1.492779853e+03
88 0 +1.577444502e+03 +1.419144502e+03 +1.419144502e+03
144 0 +1.542426672e+03 +1.384126672e+03 +1.384126672e+03
150 0 +1.439224824e+03 +1.280924824e+03 +1.280924824e+03
179 0 +1.354396843e+03 +1.196096843e+03 +1.196096843e+03
379 0 +1.335137534e+03 +1.176837534e+03 +1.176837534e+03
473 0 +1.279608048e+03 +1.121308048e+03 +1.121308048e+03
505 0 +1.256619712e+03 +1.098319712e+03 +1.098319712e+03
562 0 +1.205663638e+03 +1.047363638e+03 +1.047363638e+03
570 0 +1.134483577e+03 +9.761835770e+02 +9.761835770e+02
659 0 +1.097555142e+03 +9.392551425e+02 +9.392551425e+02
739 0 +1.095447990e+03 +9.371479901e+02 +9.371479901e+02
744 0 +1.059588173e+03 +9.012881727e+02 +9.012881727e+02
802 0 +1.011421218e+03 +8.531212183e+02 +8.531212183e+02
857 0 +9.973809468e+02 +8.390809468e+02 +8.390809468e+02
922 0 +9.642769783e+02 +8.059769783e+02 +8.059769783e+02
924 0 +9.548015225e+02 +7.965015225e+02 +7.965015225e+02
947 0 +9.174667820e+02 +7.591667820e+02 +7.591667820e+02
979 0 +8.238916925e+02 +6.655916925e+02 +6.655916925e+02
1110 0 +7.709303340e+02 +6.126303340e+02 +6.126303340e+02
1161 0 +7.452787138e+02 +5.869787138e+02 +5.869787138e+02
1223 0 +7.340989409e+02 +5.757989409e+02 +5.757989409e+02
1295 0 +6.919387704e+02 +5.336387704e+02 +5.336387704e+02
1348 0 +6.421313007e+02 +4.838313007e+02 +4.838313007e+02
1489 0 +6.273624224e+02 +4.690624224e+02 +4.690624224e+02
1510 0 +5.803044837e+02 +4.220044837e+02 +4.220044837e+02
1700 0 +5.369860237e+02 +3.786860237e+02 +3.786860237e+02
1762 0 +5.117779068e+02 +3.534779068e+02 +3.534779068e+02
1877 0 +4.553861102e+02 +2.970861102e+02 +2.970861102e+02
2168 0 +4.265820322e+02 +2.682820322e+02 +2.682820322e+02
2528 0 +4.207650815e+02 +2.624650815e+02 +2.624650815e+02
2666 0 +4.101841173e+02 +2.518841173e+02 +2.518841173e+02
3138 0 +3.649598390e+02 +2.066598390e+02 +2.066598390e+02
3564 0 +3.624425947e+02 +2.041425947e+02 +2.041425947e+02
4243 0 +3.299214907e+02 +1.716214907e+02 +1.716214907e+02
5113 0 +3.228205039e+02 +1.645205039e+02 +1.645205039e+02
5505 0 +3.028408139e+02 +1.445408139e+02 +1.445408139e+02
7423 0 +2.958447103e+02 +1.375447103e+02 +1.375447103e+02
7447 0 +2.893877681e+02 +1.310877681e+02 +1.310877681e+02
7567 0 +2.879119532e+02 +1.296119532e+02 +1.296119532e+02
7691 0 +2.804301879e+02 +1.221301879e+02 +1.221301879e+02
7938 0 +2.695712655e+02 +1.112712655e+02 +1.112712655e+02
7942 0 +2.503281152e+02 +9.202811520e+01 +9.202811520e+01
9687 0 +2.076106752e+02 +4.931067520e+01 +4.931067520e+01
10155 0 +1.938747347e+02 +3.557473467e+01 +3.557473467e+01
10458 0 +1.885388127e+02 +3.023881273e+01 +3.023881273e+01
10693 0 +1.830660207e+02 +2.476602066e+01 +2.476602066e+01
10760 0 +1.609533714e+02 +2.653371366e+00 +2.653371366e+00
11071 0 +1.373732268e+02 -2.092677324e+01 -2.092677324e+01
% f evaluations | g evaluations | best noise-free fitness - Fopt (-4.071000000000e+01) + sum g_i+ | measured fitness | best measured fitness or single-digit g-values | x1 | x2...
1 0 +1.409694003e+03 +1.368984003e+03 +1.368984003e+03
3 0 +1.371358268e+03 +1.330648268e+03 +1.330648268e+03
8 0 +1.330807658e+03 +1.290097658e+03 +1.290097658e+03
78 0 +1.266108565e+03 +1.225398565e+03 +1.225398565e+03
89 0 +1.235135001e+03 +1.194425001e+03 +1.194425001e+03
95 0 +1.208307265e+03 +1.167597265e+03 +1.167597265e+03
159 0 +1.191083353e+03 +1.150373353e+03 +1.150373353e+03
206 0 +1.164938942e+03 +1.124228942e+03 +1.124228942e+03
262 0 +1.118158655e+03 +1.077448655e+03 +1.077448655e+03
438 0 +1.024537922e+03 +9.838279223e+02 +9.838279223e+02
505 0 +1.019272195e+03 +9.785621950e+02 +9.785621950e+02
589 0 +9.857671054e+02 +9.450571054e+02 +9.450571054e+02
717 0 +9.650060701e+02 +9.242960701e+02 +9.242960701e+02
723 0 +9.404263863e+02 +8.997163863e+02 +8.997163863e+02
805 0 +9.238192341e+02 +8.831092341e+02 +8.831092341e+02
810 0 +8.852685085e+02 +8.445585085e+02 +8.445585085e+02
945 0 +8.608922226e+02 +8.201822226e+02 +8.201822226e+02
1001 0 +8.326827722e+02 +7.919727722e+02 +7.919727722e+02
1061 0 +7.922841837e+02 +7.515741837e+02 +7.515741837e+02
1156 0 +7.700020923e+02 +7.292920923e+02 +7.292920923e+02
1171 0 +6.342218312e+02 +5.935118312e+02 +5.935118312e+02
1582 0 +5.976471635e+02 +5.569371635e+02 +5.569371635e+02
1895 0 +5.628707896e+02 +5.221607896e+02 +5.221607896e+02
1930 0 +5.607168338e+02 +5.200068338e+02 +5.200068338e+02
1939 0 +4.966576640e+02 +4.559476640e+02 +4.559476640e+02
2245 0 +4.490467420e+02 +4.083367420e+02 +4.083367420e+02
2829 0 +4.362923521e+02 +3.955823521e+02 +3.955823521e+02
3308 0 +4.226275822e+02 +3.819175822e+02 +3.819175822e+02
3440 0 +4.123219605e+02 +3.716119605e+02 +3.716119605e+02
3728 0 +3.950676404e+02 +3.543576404e+02 +3.543576404e+02
3795 0 +3.459212021e+02 +3.052112021e+02 +3.052112021e+02
6988 0 +3.324091388e+02 +2.916991388e+02 +2.916991388e+02
8291 0 +3.270025187e+02 +2.862925187e+02 +2.862925187e+02
10394 0 +3.235254052e+02 +2.828154052e+02 +2.828154052e+02
10823 0 +3.148865582e+02 +2.741765582e+02 +2.741765582e+02
11369 0 +2.887406401e+02 +2.480306401e+02 +2.480306401e+02
13812 0 +2.800154258e+02 +2.393054258e+02 +2.393054258e+02
14774 0 +2.678732554e+02 +2.271632554e+02 +2.271632554e+02
15377 0 +2.588253099e+02 +2.181153099e+02 +2.181153099e+02
15815 0 +2.455820470e+02 +2.048720470e+02 +2.048720470e+02
15850 0 +2.359857975e+02 +1.952757975e+02 +1.952757975e+02
16081 0 +2.015218508e+02 +1.608118508e+02 +1.608118508e+02
16645 0 +1.972001444e+02 +1.564901444e+02 +1.564901444e+02
16648 0 +1.906077910e+02 +1.498977910e+02 +1.498977910e+02
16695 0 +1.769639302e+02 +1.362539302e+02 +1.362539302e+02
16717 0 +1.690137440e+02 +1.283037440e+02 +1.283037440e+02
16828 0 +1.602385762e+02 +1.195285762e+02 +1.195285762e+02
16995 0 +1.397391042e+02 +9.902910424e+01 +9.902910424e+01
17068 0 +1.312440666e+02 +9.053406658e+01 +9.053406658e+01
17183 0 +1.185908484e+02 +7.788084836e+01 +7.788084836e+01
17203 0 +1.130526332e+02 +7.234263321e+01 +7.234263321e+01
17301 0 +1.109521824e+02 +7.024218244e+01 +7.024218244e+01
17671 0 +1.010633528e+02 +6.035335283e+01 +6.035335283e+01
17789 0 +9.568730185e+01 +5.497730185e+01 +5.497730185e+01
17829 0 +9.098191153e+01 +5.027191153e+01 +5.027191153e+01
17834 0 +8.785384348e+01 +4.714384348e+01 +4.714384348e+01
17949 0 +7.952841917e+01 +3.881841917e+01 +3.881841917e+01
17983 0 +7.816103056e+01 +3.745103056e+01 +3.745103056e+01
18020 0 +7.233282311e+01 +3.162282311e+01 +3.162282311e+01
18083 0 +6.906264179e+01 +2.835264179e+01 +2.835264179e+01
18105 0 +6.460493411e+01 +2.389493411e+01 +2.389493411e+01
18723 0 +5.991524976e+01 +1.920524976e+01 +1.920524976e+01
19328 0 +5.849857319e+01 +1.778857319e+01 +1.778857319e+01
19397 0 +5.747263609e+01 +1.676263609e+01 +1.676263609e+01
19576 0 +5.613573217e+01 +1.542573217e+01 +1.542573217e+01
19635 0 +5.187376334e+01 +1.116376334e+01 +1.116376334e+01
19638 0 +5.058166149e+01 +9.871661493e+00 +9.871661493e+00
19762 0 +4.989135679e+01 +9.181356786e+00 +9.181356786e+00
20058 0 +4.875174093e+01 +8.041740925e+00 +8.041740925e+00
20183 0 +4.736161423e+01 +6.651614229e+00 +6.651614229e+00
20463 0 +4.668040367e+01 +5.970403667e+00 +5.970403667e+00
20577 0 +4.563629595e+01 +4.926295955e+00 +4.926295955e+00
20670 0 +4.461942868e+01 +3.909428684e+00 +3.909428684e+00
20834 0 +4.341137547e+01 +2.701375465e+00 +2.701375465e+00
21213 0 +4.248376591e+01 +1.773765908e+00 +1.773765908e+00
21407 0 +4.162828436e+01 +9.182843597e-01 +9.182843597e-01
22518 0 +4.071897182e+01 +8.971819021e-03 +8.971819021e-03
% f evaluations | g evaluations | best noise-free fitness - Fopt (8.139000000000e+01) + sum g_i+ | measured fitness | best measured fitness or single-digit g-values | x1 | x2...
1 0 +1.545983500e+03 +1.627373500e+03 +1.627373500e+03
3 0 +1.434215287e+03 +1.515605287e+03 +1.515605287e+03
13 0 +1.400504414e+03 +1.481894414e+03 +1.481894414e+03
55 0 +1.368674710e+03 +1.450064710e+03 +1.450064710e+03
80 0 +1.347062039e+03 +1.428452039e+03 +1.428452039e+03
147 0 +1.291526084e+03 +1.372916084e+03 +1.372916084e+03
188 0 +1.279786911e+03 +1.361176911e+03 +1.361176911e+03
200 0 +1.233291740e+03 +1.314681740e+03 +1.314681740e+03
318 0 +1.221260839e+03 +1.302650839e+03 +1.302650839e+03
335 0 +1.191343829e+03 +1.272733829e+03 +1.272733829e+03
379 0 +1.154432478e+03 +1.235822478e+03 +1.235822478e+03
388 0 +1.126594713e+03 +1.207984713e+03 +1.207984713e+03
433 0 +1.116026601e+03 +1.197416601e+03 +1.197416601e+03
448 0 +1.072868913e+03 +1.154258913e+03 +1.154258913e+03
560 0 +1.068315799e+03 +1.149705799e+03 +1.149705799e+03
595 0 +1.043436916e+03 +1.124826916e+03 +1.124826916e+03
740 0 +9.843331704e+02 +1.065723170e+03 +1.065723170e+03
759 0 +9.753070375e+02 +1.056697037e+03 +1.056697037e+03
864 0 +9.243355650e+02 +1.005725565e+03 +1.005725565e+03
983 0 +8.931340659e+02 +9.745240659e+02 +9.745240659e+02
1028 0 +8.912143830e+02 +9.726043830e+02 +9.726043830e+02
1111 0 +8.500347766e+02 +9.314247766e+02 +9.314247766e+02
1121 0 +8.183051144e+02 +8.996951144e+02 +8.996951144e+02
1162 0 +7.885167923e+02 +8.699067923e+02 +8.699067923e+02
1217 0 +7.646074016e+02 +8.459974016e+02 +8.459974016e+02
1231 0 +7.380642062e+02 +8.194542062e+02 +8.194542062e+02
1284 0 +7.028598988e+02 +7.842498988e+02 +7.842498988e+02
1337 0 +6.729868030e+02 +7.543768030e+02 +7.543768030e+02
1456 0 +6.412910907e+02 +7.226810907e+02 +7.226810907e+02
1559 0 +6.190782518e+02 +7.004682518e+02 +7.004682518e+02
1638 0 +5.826736147e+02 +6.640636147e+02 +6.640636147e+02
1655 0 +5.516361660e+02 +6.330261660e+02 +6.330261660e+02
1703 0 +5.289259601e+02 +6.103159601e+02 +6.103159601e+02
2128 0 +4.947046664e+02 +5.760946664e+02 +5.760946664e+02
2348 0 +4.795658601e+02 +5.609558601e+02 +5.609558601e+02
2515 0 +4.404320404e+02 +5.218220404e+02 +5.218220404e+02
2665 0 +4.353670619e+02 +5.167570619e+02 +5.167570619e+02
2777 0 +4.252180793e+02 +5.066080793e+02 +5.066080793e+02
3065 0 +3.991303850e+02 +4.805203850e+02 +4.805203850e+02
4229 0 +3.879047011e+02 +4.692947011e+02 +4.692947011e+02
4639 0 +3.756699782e+02 +4.570599782e+02 +4.570599782e+02
4947 0 +3.521595127e+02 +4.335495127e+02 +4.335495127e+02
6637 0 +3.117997547e+02 +3.931897547e+02 +3.931897547e+02
7477 0 +2.918341620e+02 +3.732241620e+02 +3.732241620e+02
7516 0 +2.751812838e+02 +3.565712838e+02 +3.565712838e+02
8091 0 +2.638963718e+02 +3.452863718e+02 +3.452863718e+02
8190 0 +2.364082221e+02 +3.177982221e+02 +3.177982221e+02
9150 0 +2.283828511e+02 +3.097728511e+02 +3.097728511e+02
9568 0 +2.137000403e+02 +2.950900403e+02 +2.950900403e+02
9677 0 +1.916990450e+02 +2.730890450e+02 +2.730890450e+02
9839 0 +1.880130367e+02 +2.694030367e+02 +2.694030367e+02
10031 0 +1.817650419e+02 +2.631550419e+02 +2.631550419e+02
10274 0 +1.766810160e+02 +2.580710160e+02 +2.580710160e+02
10278 0 +1.542973411e+02 +2.356873411e+02 +2.356873411e+02
10386 0 +1.336490975e+02 +2.150390975e+02 +2.150390975e+02
10843 0 +1.255649193e+02 +2.069549193e+02 +2.069549193e+02
10867 0 +1.146091123e+02 +1.959991123e+02 +1.959991123e+02
11059 0 +1.091010688e+02 +1.904910688e+02 +1.904910688e+02
11174 0 +9.972575369e+01 +1.811157537e+02 +1.811157537e+02
11195 0 +8.882094810e+01 +1.702109481e+02 +1.702109481e+02
12017 0 +8.389124232e+01 +1.652812423e+02 +1.652812423e+02
12027 0 +8.092724787e+01 +1.623172479e+02 +1.623172479e+02
12084 0 +7.529698747e+01 +1.566869875e+02 +1.566869875e+02
12133 0 +6.863649669e+01 +1.500264967e+02 +1.500264967e+02
12387 0 +6.525578351e+01 +1.466457835e+02 +1.466457835e+02
12499 0 +6.411879117e+01 +1.455087912e+02 +1.455087912e+02
12755 0 +6.287966479e+01 +1.442696648e+02 +1.442696648e+02
12799 0 +6.118499329e+01 +1.425749933e+02 +1.425749933e+02
13040 0 +6.018362202e+01 +1.415736220e+02 +1.415736220e+02
13096 0 +5.818710144e+01 +1.395771014e+02 +1.395771014e+02
13224 0 +5.594871462e+01 +1.373387146e+02 +1.373387146e+02
13703 0 +5.486931161e+01 +1.362593116e+02 +1.362593116e+02
14065 0 +5.355139110e+01 +1.349413911e+02 +1.349413911e+02
14664 0 +5.238694439e+01 +1.337769444e+02 +1.337769444e+02
15919 0 +5.125343619e+01 +1.326434362e+02 +1.326434362e+02
% f evaluations | g evaluations | best noise-free fitness - Fopt (4.144000000000e+01) + sum g_i+ | measured fitness | best measured fitness or single-digit g-values | x1 | x2...
1 0 +1.109377097e+03 +1.150817097e+03 +1.150817097e+03
2 0 +1.107555739e+03 +1.148995739e+03 +1.148995739e+03
3 0 +1.079054831e+03 +1.120494831e+03 +1.120494831e+03
82 0 +1.069378994e+03 +1.110818994e+03 +1.110818994e+03
85 0 +1.010742120e+03 +1.052182120e+03 +1.052182120e+03
144 0 +9.862162756e+02 +1.027656276e+03 +1.027656276e+03
213 0 +9.438069315e+02 +9.852469315e+02 +9.852469315e+02
341 0 +9.071289932e+02 +9.485689932e+02 +9.485689932e+02
482 0 +8.910048120e+02 +9.324448120e+02 +9.324448120e+02
558 0 +8.583320172e+02 +8.997720172e+02 +8.997720172e+02
622 0 +8.086208213e+02 +8.500608213e+02 +8.500608213e+02
745 0 +7.849593909e+02 +8.263993909e+02 +8.263993909e+02
749 0 +7.664316482e+02 +8.078716482e+02 +8.078716482e+02
803 0 +7.244465397e+02 +7.658865397e+02 +7.658865397e+02
825 0 +7.162526741e+02 +7.576926741e+02 +7.576926741e+02
924 0 +6.887830190e+02 +7.302230190e+02 +7.302230190e+02
1223 0 +6.701298122e+02 +7.115698122e+02 +7.115698122e+02
1275 0 +6.286062417e+02 +6.700462417e+02 +6.700462417e+02
1367 0 +6.160046945e+02 +6.574446945e+02 +6.574446945e+02
1389 0 +5.971337970e+02 +6.385737970e+02 +6.385737970e+02
1579 0 +5.865965854e+02 +6.280365854e+02 +6.280365854e+02
2605 0 +5.508087579e+02 +5.922487579e+02 +5.922487579e+02
2665 0 +5.403176947e+02 +5.817576947e+02 +5.817576947e+02
2837 0 +5.159702998e+02 +5.574102998e+02 +5.574102998e+02
2882 0 +5.017861674e+02 +5.432261674e+02 +5.432261674e+02
3725 0 +4.903095215e+02 +5.317495215e+02 +5.317495215e+02
3899 0 +4.766210611e+02 +5.180610611e+02 +5.180610611e+02
3915 0 +4.600932782e+02 +5.015332782e+02 +5.015332782e+02
4386 0 +4.441806457e+02 +4.856206457e+02 +4.856206457e+02
5709 0 +4.294084112e+02 +4.708484112e+02 +4.708484112e+02
6365 0 +4.059828436e+02 +4.474228436e+02 +4.474228436e+02
7257 0 +3.925460892e+02 +4.339860892e+02 +4.339860892e+02
7274 0 +3.772657981e+02 +4.187057981e+02 +4.187057981e+02
7463 0 +3.668707640e+02 +4.083107640e+02 +4.083107640e+02
7590 0 +3.572493941e+02 +3.986893941e+02 +3.986893941e+02
7746 0 +3.481504093e+02 +3.895904093e+02 +3.895904093e+02
7998 0 +3.413760799e+02 +3.828160799e+02 +3.828160799e+02
8187 0 +3.366338256e+02 +3.780738256e+02 +3.780738256e+02
8248 0 +3.277878475e+02 +3.692278475e+02 +3.692278475e+02
8422 0 +3.164961369e+02 +3.579361369e+02 +3.579361369e+02
8476 0 +3.135099863e+02 +3.549499863e+02 +3.549499863e+02
8538 0 +3.059646533e+02 +3.474046533e+02 +3.474046533e+02
8589 0 +2.989245891e+02 +3.403645891e+02 +3.403645891e+02
8726 0 +2.894944165e+02 +3.309344165e+02 +3.309344165e+02
8839 0 +2.800003673e+02 +3.214403673e+02 +3.214403673e+02
8901 0 +2.728113958e+02 +3.142513958e+02 +3.142513958e+02
9130 0 +2.683436342e+02 +3.097836342e+02 +3.097836342e+02
9504 0 +2.617919040e+02 +3.032319040e+02 +3.032319040e+02
9564 0 +2.557090980e+02 +2.971490980e+02 +2.971490980e+02
9853 0 +2.501086136e+02 +2.915486136e+02 +2.915486136e+02
10021 0 +2.449699599e+02 +2.864099599e+02 +2.864099599e+02
10936 0 +2.395953174e+02 +2.810353174e+02 +2.810353174e+02
12318 0 +2.342666999e+02 +2.757066999e+02 +2.757066999e+02
% f evaluations | g evaluations | best noise-free fitness - Fopt (-2.709000000000e+01) + sum g_i+ | measured fitness | best measured fitness or single-digit g-values | x1 | x2...
1 0 +1.529499239e+03 +1.502409239e+03 +1.502409239e+03
2 0 +1.502930095e+03 +1.475840095e+03 +1.475840095e+03
6 0 +1.474158474e+03 +1.447068474e+03 +1.447068474e+03
9 0 +1.439825061e+03 +1.412735061e+03 +1.412735061e+03
57 0 +1.377997840e+03 +1.350907840e+03 +1.350907840e+03
74 0 +1.344180674e+03 +1.317090674e+03 +1.317090674e+03
80 0 +1.317946995e+03 +1.290856995e+03 +1.290856995e+03
81 0 +1.242152867e+03 +1.215062867e+03 +1.215062867e+03
138 0 +1.230257259e+03 +1.203167259e+03 +1.203167259e+03
183 0 +1.187337933e+03 +1.160247933e+03 +1.160247933e+03
204 0 +1.140189089e+03 +1.113099089e+03 +1.113099089e+03
257 0 +1.119451365e+03 +1.092361365e+03 +1.092361365e+03
293 0 +1.089174361e+03 +1.062084361e+03 +1.062084361e+03
327 0 +1.014132130e+03 +9.870421303e+02 +9.870421303e+02
450 0 +9.975409555e+02 +9.704509555e+02 +9.704509555e+02
567 0 +9.472205022e+02 +9.201305022e+02 +9.201305022e+02
615 0 +9.254279965e+02 +8.983379965e+02 +8.983379965e+02
628 0 +9.101660526e+02 +8.830760526e+02 +8.830760526e+02
747 0 +8.844720310e+02 +8.573820310e+02 +8.573820310e+02
773 0 +8.313169398e+02 +8.042269398e+02 +8.042269398e+02
928 0 +7.909229200e+02 +7.638329200e+02 +7.638329200e+02
978 0 +7.544937441e+02 +7.274037441e+02 +7.274037441e+02
989 0 +7.247915867e+02 +6.977015867e+02 +6.977015867e+02
997 0 +7.237920663e+02 +6.967020663e+02 +6.967020663e+02
1103 0 +6.957152432e+02 +6.686252432e+02 +6.686252432e+02
1105 0 +6.311284196e+02 +6.040384196e+02 +6.040384196e+02
1400 0 +5.957834878e+02 +5.686934878e+02 +5.686934878e+02
1559 0 +5.608126900e+02 +5.337226900e+02 +5.337226900e+02
1638 0 +5.408259692e+02 +5.137359692e+02 +5.137359692e+02
1651 0 +5.121002233e+02 +4.850102233e+02 +4.850102233e+02
1655 0 +4.788490918e+02 +4.517590918e+02 +4.517590918e+02
2004 0 +4.645260738e+02 +4.374360738e+02 +4.374360738e+02
2045 0 +4.558949593e+02 +4.288049593e+02 +4.288049593e+02
2532 0 +4.382636480e+02 +4.111736480e+02 +4.111736480e+02
2705 0 +3.956422570e+02 +3.685522570e+02 +3.685522570e+02
3227 0 +3.732648929e+02 +3.461748929e+02 +3.461748929e+02
3249 0 +3.693713899e+02 +3.422813899e+02 +3.422813899e+02
4466 0 +3.593202026e+02 +3.322302026e+02 +3.322302026e+02
4837 0 +3.522677641e+02 +3.251777641e+02 +3.251777641e+02
5043 0 +3.287874335e+02 +3.016974335e+02 +3.016974335e+02
6459 0 +3.234822018e+02 +2.963922018e+02 +2.963922018e+02
8042 0 +3.056812045e+02 +2.785912045e+02 +2.785912045e+02
8610 0 +2.664948262e+02 +2.394048262e+02 +2.394048262e+02
10959 0 +2.344908839e+02 +2.074008839e+02 +2.074008839e+02
10985 0 +2.305834508e+02 +2.034934508e+02 +2.034934508e+02
12151 0 +2.254051934e+02 +1.983151934e+02 +1.983151934e+02
12181 0 +2.187653996e+02 +1.916753996e+02 +1.916753996e+02
12287 0 +2.081281310e+02 +1.810381310e+02 +1.810381310e+02
12309 0 +1.890816605e+02 +1.619916605e+02 +1.619916605e+02
12555 0 +1.855606791e+02 +1.584706791e+02 +1.584706791e+02
13147 0 +1.738460578e+02 +1.467560578e+02 +1.467560578e+02
13179 0 +1.646206320e+02 +1.375306320e+02 +1.375306320e+02
13439 0 +1.586370249e+02 +1.315470249e+02 +1.315470249e+02
13563 0 +1.490963271e+02 +1.220063271e+02 +1.220063271e+02
13573 0 +1.455593896e+02 +1.184693896e+02 +1.184693896e+02
13580 0 +1.420775852e+02 +1.149875852e+02 +1.149875852e+02
13687 0 +1.368899874e+02 +1.097999874e+02 +1.097999874e+02
13689 0 +1.243865843e+02 +9.729658434e+01 +9.729658434e+01
13759 0 +1.079095745e+02 +8.081957448e+01 +8.081957448e+01
13835 0 +1.053942479e+02 +7.830424785e+01 +7.830424785e+01
13991 0 +1.042599481e+02 +7.716994811e+01 +7.716994811e+01
14003 0 +1.006197922e+02 +7.352979225e+01 +7.352979225e+01
14043 0 +9.442460829e+01 +6.733460829e+01 +6.733460829e+01
14307 0 +9.161151821e+01 +6.452151821e+01 +6.452151821e+01
14468 0 +8.655745288e+01 +5.946745288e+01 +5.946745288e+01
14720 0 +7.950496502e+01 +5.241496502e+01 +5.241496502e+01
14825 0 +7.753312350e+01 +5.044312350e+01 +5.044312350e+01
14890 0 +7.464689289e+01 +4.755689289e+01 +4.755689289e+01
15082 0 +7.324664995e+01 +4.615664995e+01 +4.615664995e+01
15252 0 +7.080276377e+01 +4.371276377e+01 +4.371276377e+01
15357 0 +6.747002731e+01 +4.038002731e+01 +4.038002731e+01
15684 0 +6.371005770e+01 +3.662005770e+01 +3.662005770e+01
16396 0 +6.256336717e+01 +3.547336717e+01 +3.547336717e+01
16481 0 +6.149890313e+01 +3.440890313e+01 +3.440890313e+01
16633 0 +6.018480803e+01 +3.309480803e+01 +3.309480803e+01
17241 0 +5.885873212e+01 +3.176873212e+01 +3.176873212e+01
17902 0 +5.753814886e+01 +3.044814886e+01 +3.044814886e+01
18322 0 +5.606791952e+01 +2.897791952e+01 +2.897791952e+01
20610 0 +5.489987022e+01 +2.780987022e+01 +2.780987022e+01
% f evaluations | g evaluations | best noise-free fitness - Fopt (5.175000000000e+01) + sum g_i+ | measured fitness | best measured fitness or single-digit g-values | x1 | x2...
1 0 +1.103246975e+03 +1.154996975e+03 +1.154996975e+03
2 0 +1.069600069e+03 +1.121350069e+03 +1.121350069e+03
93 0 +1.033051852e+03 +1.084801852e+03 +1.084801852e+03
122 0 +1.012006421e+03 +1.063756421e+03 +1.063756421e+03
185 0 +9.975363335e+02 +1.049286334e+03 +1.049286334e+03
209 0 +9.636188244e+02 +1.015368824e+03 +1.015368824e+03
256 0 +9.397720889e+02 +9.915220889e+02 +9.915220889e+02
267 0 +9.302475793e+02 +9.819975793e+02 +9.819975793e+02
413 0 +8.844904773e+02 +9.362404773e+02 +9.362404773e+02
465 0 +8.522729426e+02 +9.040229426e+02 +9.040229426e+02
510 0 +8.399573096e+02 +8.917073096e+02 +8.917073096e+02
684 0 +8.027051205e+02 +8.544551205e+02 +8.544551205e+02
742 0 +7.895133919e+02 +8.412633919e+02 +8.412633919e+02
851 0 +7.732566658e+02 +8.250066658e+02 +8.250066658e+02
941 0 +7.465122130e+02 +7.982622130e+02 +7.982622130e+02
1105 0 +7.222979940e+02 +7.740479940e+02 +7.740479940e+02
1410 0 +6.667225049e+02 +7.184725049e+02 +7.184725049e+02
1588 0 +6.589080222e+02 +7.106580222e+02 +7.106580222e+02
1589 0 +6.410555634e+02 +6.928055634e+02 +6.928055634e+02
1681 0 +6.141977119e+02 +6.659477119e+02 +6.659477119e+02
1822 0 +6.018341466e+02 +6.535841466e+02 +6.535841466e+02
1866 0 +5.805592334e+02 +6.323092334e+02 +6.323092334e+02
2019 0 +5.701175678e+02 +6.218675678e+02 +6.218675678e+02
2071 0 +5.614326016e+02 +6.131826016e+02 +6.131826016e+02
2081 0 +5.490310970e+02 +6.007810970e+02 +6.007810970e+02
2116 0 +5.215313921e+02 +5.732813921e+02 +5.732813921e+02
2117 0 +4.800196116e+02 +5.317696116e+02 +5.317696116e+02
2261 0 +4.634866126e+02 +5.152366126e+02 +5.152366126e+02
2331 0 +4.447692148e+02 +4.965192148e+02 +4.965192148e+02
2600 0 +4.254985844e+02 +4.772485844e+02 +4.772485844e+02
3192 0 +4.142385243e+02 +4.659885243e+02 +4.659885243e+02
3209 0 +3.836069556e+02 +4.353569556e+02 +4.353569556e+02
3759 0 +3.452743573e+02 +3.970243573e+02 +3.970243573e+02
8063 0 +3.336969422e+02 +3.854469422e+02 +3.854469422e+02
10069 0 +3.287199717e+02 +3.804699717e+02 +3.804699717e+02
14348 0 +3.192441741e+02 +3.709941741e+02 +3.709941741e+02
15005 0 +3.068026911e+02 +3.585526911e+02 +3.585526911e+02
15916 0 +2.984054524e+02 +3.501554524e+02 +3.501554524e+02
16085 0 +2.770578392e+02 +3.288078392e+02 +3.288078392e+02
16225 0 +2.671339938e+02 +3.188839938e+02 +3.188839938e+02
16575 0 +2.554589209e+02 +3.072089209e+02 +3.072089209e+02
16717 0 +2.292642479e+02 +2.810142479e+02 +2.810142479e+02
16751 0 +2.276767684e+02 +2.794267684e+02 +2.794267684e+02
16765 0 +2.183936168e+02 +2.701436168e+02 +2.701436168e+02
16953 0 +2.119537009e+02 +2.637037009e+02 +2.637037009e+02
17007 0 +2.032833341e+02 +2.550333341e+02 +2.550333341e+02
17635 0 +1.718366733e+02 +2.235866733e+02 +2.235866733e+02
17771 0 +1.647275491e+02 +2.164775491e+02 +2.164775491e+02
17946 0 +1.599586684e+02 +2.117086684e+02 +2.117086684e+02
17954 0 +1.544583532e+02 +2.062083532e+02 +2.062083532e+02
18024 0 +1.461910215e+02 +1.979410215e+02 +1.979410215e+02
18124 0 +1.398267977e+02 +1.915767977e+02 +1.915767977e+02
18193 0 +1.349102977e+02 +1.866602977e+02 +1.866602977e+02
18293 0 +1.313023873e+02 +1.830523873e+02 +1.830523873e+02
18368 0 +1.276202714e+02 +1.793702714e+02 +1.793702714e+02
18427 0 +1.214948076e+02 +1.732448076e+02 +1.732448076e+02
18605 0 +1.131430688e+02 +1.648930688e+02 +1.648930688e+02
18847 0 +1.014703379e+02 +1.532203379e+02 +1.532203379e+02
19038 0 +9.606172788e+01 +1.478117279e+02 +1.478117279e+02
19163 0 +9.291489050e+01 +1.446648905e+02 +1.446648905e+02
19459 0 +9.022756742e+01 +1.419775674e+02 +1.419775674e+02
19504 0 +8.610540415e+01 +1.378554041e+02 +1.378554041e+02
19632 0 +8.421761376e+01 +1.359676138e+02 +1.359676138e+02
19880 0 +8.187915022e+01 +1.336291502e+02 +1.336291502e+02
19887 0 +7.861880817e+01 +1.303688082e+02 +1.303688082e+02
20219 0 +7.719523767e+01 +1.289452377e+02 +1.289452377e+02
20791 0 +7.464125380e+01 +1.263912538e+02 +1.263912538e+02
20843 0 +7.300459437e+01 +1.247545944e+02 +1.247545944e+02
21264 0 +7.235398636e+01 +1.241039864e+02 +1.241039864e+02
21681 0 +7.073007235e+01 +1.224800723e+02 +1.224800723e+02
22227 0 +6.911851012e+01 +1.208685101e+02 +1.208685101e+02
23490 0 +6.738961003e+01 +1.191396100e+02 +1.191396100e+02
% f evaluations | g evaluations | best noise-free fitness - Fopt (-5.541400000000e+02) + sum g_i+ | measured fitness | best measured fitness or single-digit g-values | x1 | x2...
1 0 +1.394765458e+03 +8.406254578e+02 +8.406254578e+02
4 0 +1.345079049e+03 +7.909390494e+02 +7.909390494e+02
7 0 +1.247187239e+03 +6.930472388e+02 +6.930472388e+02
83 0 +1.215978769e+03 +6.618387686e+02 +6.618387686e+02
141 0 +1.186661216e+03 +6.325212160e+02 +6.325212160e+02
161 0 +1.137252494e+03 +5.831124940e+02 +5.831124940e+02
206 0 +1.096765185e+03 +5.426251851e+02 +5.426251851e+02
259 0 +1.077050747e+03 +5.229107471e+02 +5.229107471e+02
285 0 +1.065477394e+03 +5.113373940e+02 +5.113373940e+02
333 0 +1.037273413e+03 +4.831334131e+02 +4.831334131e+02
444 0 +1.002963739e+03 +4.488237391e+02 +4.488237391e+02
497 0 +9.768731809e+02 +4.227331809e+02 +4.227331809e+02
631 0 +9.499721773e+02 +3.958321773e+02 +3.958321773e+02
680 0 +9.253078449e+02 +3.711678449e+02 +3.711678449e+02
731 0 +9.101520071e+02 +3.560120071e+02 +3.560120071e+02
986 0 +8.720085844e+02 +3.178685844e+02 +3.178685844e+02
1157 0 +8.648594366e+02 +3.107194366e+02 +3.107194366e+02
1169 0 +8.330904527e+02 +2.789504527e+02 +2.789504527e+02
1216 0 +8.265143434e+02 +2.723743434e+02 +2.723743434e+02
1247 0 +8.009881766e+02 +2.468481766e+02 +2.468481766e+02
1311 0 +7.343849220e+02 +1.802449220e+02 +1.802449220e+02
1673 0 +7.069106899e+02 +1.527706899e+02 +1.527706899e+02
1878 0 +6.866218762e+02 +1.324818762e+02 +1.324818762e+02
1946 0 +6.329010715e+02 +7.876107149e+01 +7.876107149e+01
2109 0 +6.291238624e+02 +7.498386244e+01 +7.498386244e+01
2121 0 +6.116624633e+02 +5.752246335e+01 +5.752246335e+01
2193 0 +5.843024375e+02 +3.016243749e+01 +3.016243749e+01
2352 0 +5.507235558e+02 -3.416444237e+00 -3.416444237e+00
4926 0 +5.213179576e+02 -3.282204242e+01 -3.282204242e+01
% f evaluations | g evaluations | best noise-free fitness - Fopt (1.774000000000e+01) + sum g_i+ | measured fitness | best measured fitness or single-digit g-values | x1 | x2...
1 0 +1.628488582e+03 +1.646228582e+03 +1.646228582e+03
2 0 +1.521059265e+03 +1.538799265e+03 +1.538799265e+03
3 0 +1.413325114e+03 +1.431065114e+03 +1.431065114e+03
53 0 +1.406039539e+03 +1.423779539e+03 +1.423779539e+03
109 0 +1.330226715e+03 +1.347966715e+03 +1.347966715e+03
136 0 +1.304201448e+03 +1.321941448e+03 +1.321941448e+03
211 0 +1.283304104e+03 +1.301044104e+03 +1.301044104e+03
213 0 +1.243561601e+03 +1.261301601e+03 +1.261301601e+03
261 0 +1.213388339e+03 +1.231128339e+03 +1.231128339e+03
317 0 +1.193906432e+03 +1.211646432e+03 +1.211646432e+03
323 0 +1.174336975e+03 +1.192076975e+03 +1.192076975e+03
389 0 +1.136726705e+03 +1.154466705e+03 +1.154466705e+03
562 0 +1.093912947e+03 +1.111652947e+03 +1.111652947e+03
619 0 +1.056215630e+03 +1.073955630e+03 +1.073955630e+03
664 0 +1.040851774e+03 +1.058591774e+03 +1.058591774e+03
722 0 +1.016631834e+03 +1.034371834e+03 +1.034371834e+03
844 0 +9.927557469e+02 +1.010495747e+03 +1.010495747e+03
863 0 +9.517695596e+02 +9.695095596e+02 +9.695095596e+02
925 0 +9.235773389e+02 +9.413173389e+02 +9.413173389e+02
995 0 +8.931761149e+02 +9.109161149e+02 +9.109161149e+02
1023 0 +8.892331140e+02 +9.069731140e+02 +9.069731140e+02
1100 0 +8.680793689e+02 +8.858193689e+02 +8.858193689e+02
1169 0 +8.273640552e+02 +8.451040552e+02 +8.451040552e+02
1175 0 +7.912915827e+02 +8.090315827e+02 +8.090315827e+02
1336 0 +7.681681199e+02 +7.859081199e+02 +7.859081199e+02
1345 0 +7.565573047e+02 +7.742973047e+02 +7.742973047e+02
1351 0 +7.344648538e+02 +7.522048538e+02 +7.522048538e+02
1371 0 +6.837125687e+02 +7.014525687e+02 +7.014525687e+02
1512 0 +6.728159080e+02 +6.905559080e+02 +6.905559080e+02
1530 0 +6.529665682e+02 +6.707065682e+02 +6.707065682e+02
1561 0 +6.343255154e+02 +6.520655154e+02 +6.520655154e+02
1579 0 +6.278648677e+02 +6.456048677e+02 +6.456048677e+02
1699 0 +6.140347270e+02 +6.317747270e+02 +6.317747270e+02
1703 0 +5.957693566e+02 +6.135093566e+02 +6.135093566e+02
1717 0 +5.743579186e+02 +5.920979186e+02 +5.920979186e+02
1755 0 +5.611005671e+02 +5.788405671e+02 +5.788405671e+02
1939 0 +5.426299721e+02 +5.603699721e+02 +5.603699721e+02
1981 0 +5.338529709e+02 +5.515929709e+02 +5.515929709e+02
2035 0 +5.104224616e+02 +5.281624616e+02 +5.281624616e+02
2415 0 +4.902179739e+02 +5.079579739e+02 +5.079579739e+02
2547 0 +4.466486787e+02 +4.643886787e+02 +4.643886787e+02
2793 0 +4.286607980e+02 +4.464007980e+02 +4.464007980e+02
2944 0 +4.244973185e+02 +4.422373185e+02 +4.422373185e+02
2991 0 +3.832343408e+02 +4.009743408e+02 +4.009743408e+02
3011 0 +3.624462833e+02 +3.801862833e+02 +3.801862833e+02
3683 0 +3.322205496e+02 +3.499605496e+02 +3.499605496e+02
4274 0 +3.219766474e+02 +3.397166474e+02 +3.397166474e+02
6055 0 +3.116894493e+02 +3.294294493e+02 +3.294294493e+02
6666 0 +3.054503874e+02 +3.231903874e+02 +3.231903874e+02
9017 0 +2.995006876e+02 +3.172406876e+02 +3.172406876e+02
9033 0 +2.549056245e+02 +2.726456245e+02 +2.726456245e+02
16574 0 +2.475999830e+02 +2.653399830e+02 +2.653399830e+02
20519 0 +2.454467574e+02 +2.631867574e+02 +2.631867574e+02
20583 0 +2.145887267e+02 +2.323287267e+02 +2.323287267e+02
21741 0 +2.108302318e+02 +2.285702318e+02 +2.285702318e+02
21801 0 +1.980579474e+02 +2.157979474e+02 +2.157979474e+02
21972 0 +1.811634714e+02 +1.989034714e+02 +1.989034714e+02
22589 0 +1.757176871e+02 +1.934576871e+02 +1.934576871e+02
22754 0 +1.693704192e+02 +1.871104192e+02 +1.871104192e+02
22879 0 +1.640664844e+02 +1.818064844e+02 +1.818064844e+02
23058 0 +1.617391208e+02 +1.794791208e+02 +1.794791208e+02
23173 0 +1.451794307e+02 +1.629194307e+02 +1.629194307e+02
23549 0 +1.405927875e+02 +1.583327875e+02 +1.583327875e+02
23722 0 +1.274670551e+02 +1.452070551e+02 +1.452070551e+02
23902 0 +1.255092235e+02 +1.432492235e+02 +1.432492235e+02
23944 0 +1.223694475e+02 +1.401094475e+02 +1.401094475e+02
23947 0 +1.179963712e+02 +1.357363712e+02 +1.357363712e+02
23955 0 +1.122529199e+02 +1.299929199e+02 +1.299929199e+02
24067 0 +1.070194544e+02 +1.247594544e+02 +1.247594544e+02
24388 0 +1.027800796e+02 +1.205200796e+02 +1.205200796e+02
24486 0 +9.797245435e+01 +1.157124543e+02 +1.157124543e+02
24685 0 +9.456661999e+01 +1.123066200e+02 +1.123066200e+02
25043 0 +9.085032056e+01 +1.085903206e+02 +1.085903206e+02
25222 0 +8.853587664e+01 +1.062758766e+02 +1.062758766e+02
25289 0 +8.623607786e+01 +1.039760779e+02 +1.039760779e+02
25397 0 +8.501245508e+01 +1.027524551e+02 +1.027524551e+02
26242 0 +8.126297426e+01 +9.900297426e+01 +9.900297426e+01
27309 0 +7.899333456e+01 +9.673333456e+01 +9.673333456e+01
28331 0 +7.721410939e+01 +9.495410939e+01 +9.495410939e+01
31215 0 +7.584934587e+01 +9.358934587e+01 +9.358934587e+01
