% f evaluations | g evaluations | best noise-free fitness - Fopt (-6.211100000000e+02) + sum g_i+ | measured fitness | best measured fitness or single-digit g-values | x1 | x2...
1 0 +7.670145188e+07 +7.670083077e+07 +7.670083077e+07 -3.7590e+00 -3.7569e+00 -5.7537e-01
2 0 +3.502835064e+07 +3.502772953e+07 +3.502772953e+07 -1.6421e+00 -2.7432e+00 +8.5171e-01
3 0 +1.463120154e+06 +1.462499044e+06 +1.462499044e+06 +6.8102e-01 +1.6664e+00 +3.8781e-01
243 0 +7.273194255e+05 +7.266983155e+05 +7.266983155e+05 +2.5348e+00 +1.0414e+00 -1.1539e+00
253 0 +4.157082336e+05 +4.150871236e+05 +4.150871236e+05 +1.8387e+00 +2.3633e+00 -9.7670e-01
257 0 +2.579768319e+05 +2.573557219e+05 +2.573557219e+05 +3.9619e+00 -1.6895e-01 -5.5071e-01
337 0 +1.277418573e+05 +1.271207473e+05 +1.271207473e+05 +3.9619e+00 -1.6895e-01 -7.3824e-01
417 0 +1.012384581e+05 +1.006173481e+05 +1.006173481e+05 +3.9619e+00 +5.5885e-01 -7.3824e-01
457 0 +3.715917575e+04 +3.653806575e+04 +3.653806575e+04 +3.2261e+00 +5.5885e-01 -7.3824e-01
571 0 +2.273343194e+04 +2.211232194e+04 +2.211232194e+04 +5.0000e+00 -5.7696e-01 -7.9519e-01
751 0 +7.200663965e+03 +6.579553965e+03 +6.579553965e+03 +3.1155e+00 +8.7557e-01 -6.9055e-01
1105 0 +8.520315823e+02 +2.309215823e+02 +2.309215823e+02 -3.7968e-01 +3.5580e+00 -6.7105e-03
2797 0 +4.524384153e+02 -1.686715847e+02 -1.686715847e+02 +4.0554e+00 +2.0617e-01 -8.1722e-01
3461 0 +1.783057101e+02 -4.428042899e+02 -4.428042899e+02 +2.4670e+00 +1.3361e+00 -6.7516e-01
4293 0 +1.611034000e+02 -4.600066000e+02 -4.600066000e+02 +3.4437e+00 +6.3984e-01 -7.8090e-01
4461 0 +1.156701643e+02 -5.054398357e+02 -5.054398357e+02 +2.4993e+00 +1.3361e+00 -6.7516e-01
5049 0 +5.194882172e+01 -5.691611783e+02 -5.691611783e+02 -3.7917e-01 +3.5534e+00 -3.3421e-02
5067 0 +2.936182005e+01 -5.917481799e+02 -5.917481799e+02 +2.1625e+00 +1.5766e+00 -6.3287e-01
10287 0 +2.747320313e+01 -5.936367969e+02 -5.936367969e+02 +2.1999e+00 +1.5507e+00 -6.3606e-01
10909 0 +2.543529501e+01 -5.956747050e+02 -5.956747050e+02 +2.2235e+00 +1.5326e+00 -6.3960e-01
13217 0 +2.399479838e+01 -5.971152016e+02 -5.971152016e+02 +2.1437e+00 +1.5906e+00 -6.2958e-01
14373 0 +1.872256313e+01 -6.023874369e+02 -6.023874369e+02 +2.1914e+00 +1.5545e+00 -6.3399e-01
16903 0 +1.603980971e+01 -6.050701903e+02 -6.050701903e+02 +2.0433e+00 +1.6640e+00 -6.1416e-01
18533 0 +1.551454242e+01 -6.055954576e+02 -6.055954576e+02 +2.0605e+00 +1.6512e+00 -6.1623e-01
18599 0 +1.520780900e+01 -6.059021910e+02 -6.059021910e+02 +2.0136e+00 +1.6854e+00 -6.0940e-01
20181 0 +1.510216439e+01 -6.060078356e+02 -6.060078356e+02 +2.0201e+00 +1.6814e+00 -6.1035e-01
20739 0 +1.462081845e+01 -6.064891815e+02 -6.064891815e+02 +1.9806e+00 +1.7104e+00 -6.0405e-01
22223 0 +1.442959266e+01 -6.066804073e+02 -6.066804073e+02 +1.9497e+00 +1.7343e+00 -5.9981e-01
23567 0 +1.398358032e+01 -6.071264197e+02 -6.071264197e+02 +1.9162e+00 +1.7586e+00 -5.9458e-01
24339 0 +1.373682719e+01 -6.073731728e+02 -6.073731728e+02 +1.8948e+00 +1.7747e+00 -5.9128e-01
25385 0 +1.342981821e+01 -6.076801818e+02 -6.076801818e+02 +1.8439e+00 +1.8127e+00 -5.8338e-01
27255 0 +1.299345679e+01 -6.081165432e+02 -6.081165432e+02 +1.8251e+00 +1.8274e+00 -5.8044e-01
27911 0 +1.284031095e+01 -6.082696890e+02 -6.082696890e+02 +1.8061e+00 +1.8416e+00 -5.7753e-01
28999 0 +1.255617515e+01 -6.085538249e+02 -6.085538249e+02 +1.7772e+00 +1.8637e+00 -5.7284e-01
32625 0 +1.228423926e+01 -6.088257607e+02 -6.088257607e+02 +1.7462e+00 +1.8870e+00 -5.6798e-01
33449 0 +1.199190976e+01 -6.091180902e+02 -6.091180902e+02 +1.7178e+00 +1.9083e+00 -5.6321e-01
35029 0 +1.168028816e+01 -6.094297118e+02 -6.094297118e+02 +1.6726e+00 +1.9422e+00 -5.5598e-01
37825 0 +1.146308106e+01 -6.096469189e+02 -6.096469189e+02 +1.6551e+00 +1.9556e+00 -5.5273e-01
% f evaluations | g evaluations | best noise-free fitness - Fopt (-2.548200000000e+02) + sum g_i+ | measured fitness | best measured fitness or single-digit g-values | x1 | x2...
1 0 +4.731791676e+07 +4.731766194e+07 +4.731766194e+07 +3.8577e+00 -1.3823e+00 +2.3301e+00
2 0 +7.713398846e+06 +7.713144026e+06 +7.713144026e+06 +1.5546e+00 -2.1759e+00 -4.5266e+00
4 0 +6.419946442e+05 +6.417398242e+05 +6.417398242e+05 +1.2680e+00 -1.5519e+00 -1.3763e+00
8 0 +3.840298457e+05 +3.837750257e+05 +3.837750257e+05 +2.6705e+00 +2.8145e+00 -4.6403e-01
217 0 +3.017333916e+04 +2.991851916e+04 +2.991851916e+04 +3.7072e+00 +3.8647e+00 +1.4238e-01
715 0 +8.764905889e+03 +8.510085889e+03 +8.510085889e+03 +3.0246e+00 +2.1263e+00 -3.6561e-01
1187 0 +2.423735479e+03 +2.168915479e+03 +2.168915479e+03 +1.5235e+00 -2.0032e+00 -1.7335e+00
1315 0 +9.272648738e+02 +6.724448738e+02 +6.724448738e+02 +3.0246e+00 +2.1263e+00 -4.6580e-01
1515 0 +5.476539034e+01 -2.000546097e+02 -2.000546097e+02 +2.0611e+00 -5.6391e-01 -1.2377e+00
4167 0 +9.710940048e+00 -2.451090600e+02 -2.451090600e+02 +2.9598e+00 +1.8839e+00 -5.1810e-01
7601 0 +8.731933648e+00 -2.460880664e+02 -2.460880664e+02 +2.9753e+00 +1.9178e+00 -5.1250e-01
7695 0 +3.907855360e+00 -2.509121446e+02 -2.509121446e+02 +3.0645e+00 +2.1472e+00 -4.5188e-01
10325 0 +7.257444368e-01 -2.540942556e+02 -2.540942556e+02 +3.5810e+00 +3.3936e+00 -1.8355e-01
26003 0 +5.178619257e-01 -2.543021381e+02 -2.543021381e+02 +3.9707e+00 +4.2972e+00 +5.1723e-02
26699 0 +4.837539930e-01 -2.543362460e+02 -2.543362460e+02 +3.9669e+00 +4.2872e+00 +4.9066e-02
28047 0 +4.579463246e-01 -2.543620537e+02 -2.543620537e+02 +3.9833e+00 +4.3291e+00 +5.9425e-02
29955 0 +4.563386293e-01 -2.543636614e+02 -2.543636614e+02 +3.9805e+00 +4.3216e+00 +5.7456e-02
30175 0 +3.723292118e-01 -2.544476708e+02 -2.544476708e+02 +3.9794e+00 +4.3196e+00 +5.7352e-02
33309 0 +3.703487618e-01 -2.544496512e+02 -2.544496512e+02 +3.9770e+00 +4.3136e+00 +5.5727e-02
34915 0 +2.850451858e-01 -2.545349548e+02 -2.545349548e+02 +3.5795e+00 +3.3893e+00 -1.8493e-01
38917 0 +2.738112578e-01 -2.545461887e+02 -2.545461887e+02 +3.6031e+00 +3.4433e+00 -1.7541e-01
39411 0 +1.967585820e-01 -2.546232414e+02 -2.546232414e+02 +3.6052e+00 +3.4479e+00 -1.7431e-01
% f evaluations | g evaluations | best noise-free fitness - Fopt (5.661000000000e+01) + sum g_i+ | measured fitness | best measured fitness or single-digit g-values | x1 | x2...
1 0 +1.473292240e+09 +1.473292297e+09 +1.473292297e+09 -4.9360e+00 +3.3694e-01 +1.7872e+00
4 0 +3.613385422e+08 +3.613385988e+08 +3.613385988e+08 +4.3210e+00 -4.0700e+00 -3.0362e+00
6 0 +1.946097455e+08 +1.946098021e+08 +1.946098021e+08 +3.1586e+00 -3.4918e+00 +4.3910e-02
8 0 +1.041152293e+06 +1.041208903e+06 +1.041208903e+06 -4.1317e+00 -3.2251e+00 -4.3742e+00
165 0 +1.569308692e+05 +1.569874792e+05 +1.569874792e+05 -4.9480e+00 -2.0085e+00 -3.2800e+00
279 0 +1.402299854e+05 +1.402865954e+05 +1.402865954e+05 -1.8013e+00 -3.4334e+00 -5.0000e+00
445 0 +7.424291519e+04 +7.429952519e+04 +7.429952519e+04 -4.2320e+00 -2.0085e+00 -3.9353e+00
563 0 +4.183697749e+03 +4.240307749e+03 +4.240307749e+03 -4.3855e+00 -1.9547e+00 -3.5117e+00
689 0 +9.815667401e+02 +1.038176740e+03 +1.038176740e+03 -4.9053e+00 -1.6504e+00 -3.3079e+00
1681 0 +1.903246625e+02 +2.469346625e+02 +2.469346625e+02 -4.1068e+00 -2.0550e+00 -3.6826e+00
2423 0 +3.531467351e+01 +9.192467351e+01 +9.192467351e+01 -2.0184e+00 -3.5932e+00 -4.8678e+00
3079 0 +1.310851984e+01 +6.971851984e+01 +6.971851984e+01 -4.1435e+00 -2.0400e+00 -3.6560e+00
3167 0 +1.648597408e+00 +5.825859741e+01 +5.825859741e+01 -4.2490e+00 -1.9729e+00 -3.5966e+00
8031 0 +1.356168085e+00 +5.796616809e+01 +5.796616809e+01 -3.4781e+00 -2.4689e+00 -4.0369e+00
9659 0 +7.066454049e-01 +5.731664540e+01 +5.731664540e+01 -4.2461e+00 -1.9742e+00 -3.5989e+00
9911 0 +2.899230876e-01 +5.689992309e+01 +5.689992309e+01 -3.4781e+00 -2.4680e+00 -4.0369e+00
14071 0 +1.681513120e-01 +5.677815131e+01 +5.677815131e+01 -3.4839e+00 -2.4645e+00 -4.0340e+00
20435 0 +1.596266803e-01 +5.676962668e+01 +5.676962668e+01 -3.5297e+00 -2.4400e+00 -4.0126e+00
20831 0 +1.477615667e-01 +5.675776157e+01 +5.675776157e+01 -3.5391e+00 -2.4349e+00 -4.0081e+00
21189 0 +1.184396833e-01 +5.672843968e+01 +5.672843968e+01 -3.5447e+00 -2.4321e+00 -4.0055e+00
22719 0 +1.153526739e-01 +5.672535267e+01 +5.672535267e+01 -3.5512e+00 -2.4288e+00 -4.0025e+00
23537 0 +1.124800233e-01 +5.672248002e+01 +5.672248002e+01 -3.5499e+00 -2.4295e+00 -4.0031e+00
23665 0 +1.111885034e-01 +5.672118850e+01 +5.672118850e+01 -3.5545e+00 -2.4270e+00 -4.0010e+00
23885 0 +1.093465734e-01 +5.671934657e+01 +5.671934657e+01 -3.5536e+00 -2.4275e+00 -4.0013e+00
24745 0 +1.029023475e-01 +5.671290235e+01 +5.671290235e+01 -3.5616e+00 -2.4234e+00 -3.9977e+00
24969 0 +1.006911315e-01 +5.671069113e+01 +5.671069113e+01 -3.5678e+00 -2.4201e+00 -3.9948e+00
25037 0 +9.953781513e-02 +5.670953782e+01 +5.670953782e+01 -3.5672e+00 -2.4205e+00 -3.9951e+00
25377 0 +9.759891534e-02 +5.670759892e+01 +5.670759892e+01 -3.5721e+00 -2.4179e+00 -3.9928e+00
25767 0 +9.341219372e-02 +5.670341219e+01 +5.670341219e+01 -3.5779e+00 -2.4149e+00 -3.9902e+00
26447 0 +8.767682597e-02 +5.669767683e+01 +5.669767683e+01 -3.5820e+00 -2.4128e+00 -3.9883e+00
28759 0 +8.639467514e-02 +5.669639468e+01 +5.669639468e+01 -3.5854e+00 -2.4111e+00 -3.9867e+00
29783 0 +8.328956413e-02 +5.669328956e+01 +5.669328956e+01 -3.5936e+00 -2.4069e+00 -3.9829e+00
31449 0 +8.239535781e-02 +5.669239536e+01 +5.669239536e+01 -3.5900e+00 -2.4088e+00 -3.9846e+00
32749 0 +7.986890908e-02 +5.668986891e+01 +5.668986891e+01 -3.5941e+00 -2.4066e+00 -3.9827e+00
33271 0 +7.908924496e-02 +5.668908924e+01 +5.668908924e+01 -3.5965e+00 -2.4054e+00 -3.9816e+00
35197 0 +7.733709060e-02 +5.668733709e+01 +5.668733709e+01 -3.5998e+00 -2.4037e+00 -3.9801e+00
36711 0 +7.584916299e-02 +5.668584916e+01 +5.668584916e+01 -3.6014e+00 -2.4029e+00 -3.9794e+00
39415 0 +7.355051098e-02 +5.668355051e+01 +5.668355051e+01 -3.6057e+00 -2.4007e+00 -3.9774e+00
% f evaluations | g evaluations | best noise-free fitness - Fopt (-1.810000000000e+01) + sum g_i+ | measured fitness | best measured fitness or single-digit g-values | x1 | x2...
1 0 +1.733147721e+06 +1.733129621e+06 +1.733129621e+06 -1.6657e+00 +1.3318e+00 +4.0150e+00
4 0 +1.068606967e+06 +1.068588867e+06 +1.068588867e+06 -6.8404e-01 +6.8035e-01 +1.8081e+00
12 0 +1.642946160e+05 +1.642765160e+05 +1.642765160e+05 +2.0320e+00 +1.9277e+00 +2.1757e+00
131 0 +1.364949882e+05 +1.364768882e+05 +1.364768882e+05 -2.2269e+00 -5.4982e-01 +3.8309e+00
163 0 +2.316469463e+04 +2.314659463e+04 +2.314659463e+04 +2.0320e+00 +1.9277e+00 +1.7142e+00
425 0 +1.160738326e+04 +1.158928326e+04 +1.158928326e+04 +5.3383e-01 +1.1565e+00 +2.4128e+00
503 0 +2.755733536e+03 +2.737633536e+03 +2.737633536e+03 +7.7144e-01 +1.4937e+00 +2.2506e+00
1103 0 +5.916976205e+02 +5.735976205e+02 +5.735976205e+02 +7.7144e-01 +1.4486e+00 +2.2506e+00
2741 0 +4.481249530e+01 +2.671249530e+01 +2.671249530e+01 -2.0968e+00 -5.2711e-02 +3.5302e+00
6625 0 +2.589714903e+01 +7.797149028e+00 +7.797149028e+00 -1.1444e+00 +4.4113e-01 +3.1168e+00
9557 0 +1.987945497e+01 +1.779454970e+00 +1.779454970e+00 +5.7939e-01 +1.3255e+00 +2.3331e+00
10771 0 +1.231505443e+01 -5.784945565e+00 -5.784945565e+00 -2.3481e+00 -1.8732e-01 +3.6335e+00
12925 0 +1.022956787e+01 -7.870432133e+00 -7.870432133e+00 -2.0656e+00 -4.5141e-02 +3.5154e+00
13219 0 +9.470599871e+00 -8.629400129e+00 -8.629400129e+00 +2.0630e-01 +1.1387e+00 +2.4923e+00
13309 0 +8.444414189e+00 -9.655585811e+00 -9.655585811e+00 +2.2774e-01 +1.1514e+00 +2.4768e+00
14525 0 +7.177029161e+00 -1.092297084e+01 -1.092297084e+01 -3.2602e-01 +8.6785e-01 +2.7436e+00
15963 0 +4.838875988e+00 -1.326112401e+01 -1.326112401e+01 -2.3099e+00 -1.6979e-01 +3.6172e+00
17619 0 +3.908453142e+00 -1.419154686e+01 -1.419154686e+01 -1.6533e+00 +1.7296e-01 +3.3401e+00
18287 0 +3.711685747e+00 -1.438831425e+01 -1.438831425e+01 -1.8048e+00 +9.3881e-02 +3.4044e+00
20493 0 +2.223474428e+00 -1.587652557e+01 -1.587652557e+01 -1.8293e+00 +8.1633e-02 +3.4132e+00
21347 0 +1.810008788e+00 -1.628999121e+01 -1.628999121e+01 -1.5488e+00 +2.2814e-01 +3.2947e+00
21533 0 +8.466286006e-01 -1.725337140e+01 -1.725337140e+01 -1.3607e+00 +3.2749e-01 +3.2141e+00
24561 0 +6.994081353e-01 -1.740059186e+01 -1.740059186e+01 -1.1825e+00 +4.2083e-01 +3.1380e+00
24643 0 +6.855043380e-01 -1.741449566e+01 -1.741449566e+01 -1.2838e+00 +3.6809e-01 +3.1816e+00
25147 0 +4.538555879e-01 -1.764614441e+01 -1.764614441e+01 -1.1149e+00 +4.5651e-01 +3.1094e+00
25869 0 +2.720325926e-01 -1.782796741e+01 -1.782796741e+01 -9.3651e-01 +5.5049e-01 +3.0335e+00
27025 0 +2.368103466e-01 -1.786318965e+01 -1.786318965e+01 -1.0070e+00 +5.1334e-01 +3.0637e+00
27387 0 +1.796137812e-01 -1.792038622e+01 -1.792038622e+01 -9.5608e-01 +5.3981e-01 +3.0422e+00
28329 0 +1.554836144e-01 -1.794451639e+01 -1.794451639e+01 -8.9794e-01 +5.7021e-01 +3.0175e+00
29695 0 +1.214072484e-01 -1.797859275e+01 -1.797859275e+01 -8.2324e-01 +6.0982e-01 +2.9854e+00
29813 0 +8.185519306e-02 -1.801814481e+01 -1.801814481e+01 -7.2167e-01 +6.6291e-01 +2.9422e+00
30959 0 +6.240085865e-02 -1.803759914e+01 -1.803759914e+01 -8.1157e-01 +6.1580e-01 +2.9806e+00
31797 0 +3.678366781e-02 -1.806321633e+01 -1.806321633e+01 -7.1127e-01 +6.6841e-01 +2.9378e+00
32749 0 +3.317893073e-02 -1.806682107e+01 -1.806682107e+01 -7.1649e-01 +6.6557e-01 +2.9404e+00
33831 0 +1.869786877e-02 -1.808130213e+01 -1.808130213e+01 -6.8188e-01 +6.8381e-01 +2.9254e+00
33929 0 +2.970590566e-03 -1.809702941e+01 -1.809702941e+01 -6.1824e-01 +7.1717e-01 +2.8984e+00
36257 0 +1.464042776e-03 -1.809853596e+01 -1.809853596e+01 -6.4341e-01 +7.0396e-01 +2.9091e+00
36425 0 +1.087028296e-03 -1.809891297e+01 -1.809891297e+01 -6.2663e-01 +7.1281e-01 +2.9020e+00
37359 0 +5.042775797e-04 -1.809949572e+01 -1.809949572e+01 -6.2202e-01 +7.1523e-01 +2.9000e+00
38325 0 +2.036858888e-04 -1.809979631e+01 -1.809979631e+01 -6.1865e-01 +7.1699e-01 +2.8986e+00
38677 0 +1.922906940e-04 -1.809980771e+01 -1.809980771e+01 -6.2195e-01 +7.1523e-01 +2.9000e+00
% f evaluations | g evaluations | best noise-free fitness - Fopt (3.777000000000e+01) + sum g_i+ | measured fitness | best measured fitness or single-digit g-values | x1 | x2...
1 0 +2.342208659e+07 +2.342212436e+07 +2.342212436e+07 -6.7312e-01 -5.0392e-02 -3.9034e+00
2 0 +1.106463276e+07 +1.106467053e+07 +1.106467053e+07 +3.1872e+00 +2.7448e+00 +1.9271e+00
7 0 +5.112709146e+06 +5.112746916e+06 +5.112746916e+06 -2.5717e+00 +3.1784e+00 +1.9978e+00
12 0 +4.722863259e+06 +4.722901029e+06 +4.722901029e+06 +3.7755e+00 +3.1375e+00 -3.2468e-01
39 0 +1.708553300e+06 +1.708591070e+06 +1.708591070e+06 +7.6918e-01 +3.6706e+00 -1.6946e+00
83 0 +1.629809015e+06 +1.629846785e+06 +1.629846785e+06 +3.4702e-01 +1.5667e+00 -3.2468e-01
113 0 +5.260301009e+05 +5.260678709e+05 +5.260678709e+05 -2.5717e+00 -9.7842e-02 +1.9978e+00
141 0 +1.812468296e+05 +1.812845996e+05 +1.812845996e+05 -2.5134e+00 +7.3302e-01 +1.8623e+00
197 0 +5.725752850e+04 +5.729529850e+04 +5.729529850e+04 +2.8754e+00 +5.0000e+00 -9.2507e-01
323 0 +1.003827283e+04 +1.007604283e+04 +1.007604283e+04 -9.0399e-01 +2.0310e+00 +3.8365e-01
1707 0 +5.202375959e+03 +5.240145959e+03 +5.240145959e+03 -4.9853e-01 +2.3585e+00 +2.4164e-01
2029 0 +1.098351090e+03 +1.136121090e+03 +1.136121090e+03 +3.1702e-01 +3.0895e+00 -1.1860e-01
3223 0 +4.000900343e+02 +4.378600343e+02 +4.378600343e+02 -1.0138e+00 +2.0310e+00 +4.6641e-01
4121 0 +1.174656278e+02 +1.552356278e+02 +1.552356278e+02 -4.1091e-01 +2.5153e+00 +2.3276e-01
5011 0 +5.405853898e+01 +9.182853898e+01 +9.182853898e+01 -8.4697e-01 +2.1710e+00 +4.1951e-01
5093 0 +1.065775204e+01 +4.842775204e+01 +4.842775204e+01 -1.3763e+00 +1.7600e+00 +6.1884e-01
8151 0 +3.141095236e+00 +4.091109524e+01 +4.091109524e+01 -1.1462e+00 +1.9401e+00 +5.3256e-01
8601 0 +2.456708956e+00 +4.022670896e+01 +4.022670896e+01 -4.1778e-01 +2.4967e+00 +2.3474e-01
10027 0 +1.051106540e+00 +3.882110654e+01 +3.882110654e+01 -5.8386e-01 +2.3669e+00 +3.0463e-01
10945 0 +5.566822385e-01 +3.832668224e+01 +3.832668224e+01 -1.2707e+00 +1.8444e+00 +5.7783e-01
12253 0 +4.410887945e-01 +3.821108879e+01 +3.821108879e+01 -6.2505e-01 +2.3361e+00 +3.2295e-01
14751 0 +4.276258931e-01 +3.819762589e+01 +3.819762589e+01 -5.6895e-01 +2.3800e+00 +2.9825e-01
14831 0 +4.186139087e-01 +3.818861391e+01 +3.818861391e+01 -5.6895e-01 +2.3800e+00 +2.9825e-01
15067 0 +3.222171306e-01 +3.809221713e+01 +3.809221713e+01 -5.7394e-01 +2.3758e+00 +3.0046e-01
17563 0 +2.994442677e-01 +3.806944427e+01 +3.806944427e+01 -1.2811e+00 +1.8378e+00 +5.8167e-01
18661 0 +2.335503238e-01 +3.800355032e+01 +3.800355032e+01 -1.2703e+00 +1.8461e+00 +5.7749e-01
19529 0 +2.022116658e-01 +3.797221167e+01 +3.797221167e+01 -6.6392e-01 +2.3056e+00 +3.3927e-01
19575 0 +1.849395753e-01 +3.795493958e+01 +3.795493958e+01 -6.6236e-01 +2.3067e+00 +3.3862e-01
20113 0 +1.453373080e-01 +3.791533731e+01 +3.791533731e+01 -6.9687e-01 +2.2797e+00 +3.5351e-01
20429 0 +1.361917875e-01 +3.790619179e+01 +3.790619179e+01 -7.1510e-01 +2.2655e+00 +3.6132e-01
21015 0 +9.142754609e-02 +3.786142755e+01 +3.786142755e+01 -1.2608e+00 +1.8535e+00 +5.7346e-01
21349 0 +8.744417553e-02 +3.785744418e+01 +3.785744418e+01 -7.8183e-01 +2.2135e+00 +3.9005e-01
21403 0 +3.066532487e-02 +3.780066532e+01 +3.780066532e+01 -8.6446e-01 +2.1489e+00 +4.2568e-01
23833 0 +2.003903541e-02 +3.779003904e+01 +3.779003904e+01 -9.0789e-01 +2.1149e+00 +4.4436e-01
24667 0 +1.946438704e-02 +3.778946439e+01 +3.778946439e+01 -8.7711e-01 +2.1390e+00 +4.3120e-01
25583 0 +2.847164523e-03 +3.777284716e+01 +3.777284716e+01 -9.8284e-01 +2.0566e+00 +4.7660e-01
26531 0 +1.366510827e-03 +3.777136651e+01 +3.777136651e+01 -9.5329e-01 +2.0794e+00 +4.6404e-01
27151 0 +1.296311913e-03 +3.777129631e+01 +3.777129631e+01 -9.5873e-01 +2.0752e+00 +4.6640e-01
28203 0 +7.393786941e-04 +3.777073938e+01 +3.777073938e+01 -9.6614e-01 +2.0694e+00 +4.6956e-01
29199 0 +6.904213043e-04 +3.777069042e+01 +3.777069042e+01 -9.7604e-01 +2.0617e+00 +4.7387e-01
29289 0 +1.507018094e-04 +3.777015070e+01 +3.777015070e+01 -9.7377e-01 +2.0634e+00 +4.7285e-01
31617 0 +1.214904391e-04 +3.777012149e+01 +3.777012149e+01 -9.7591e-01 +2.0618e+00 +4.7378e-01
31967 0 +1.200331653e-04 +3.777012003e+01 +3.777012003e+01 -9.7866e-01 +2.0596e+00 +4.7496e-01
34397 0 +1.055342598e-04 +3.777010553e+01 +3.777010553e+01 -9.7415e-01 +2.0632e+00 +4.7303e-01
34433 0 +3.908494772e-05 +3.777003908e+01 +3.777003908e+01 -9.7623e-01 +2.0615e+00 +4.7392e-01
36513 0 +3.340456939e-05 +3.777003340e+01 +3.777003340e+01 -9.7535e-01 +2.0622e+00 +4.7354e-01
36645 0 +2.461207967e-05 +3.777002461e+01 +3.777002461e+01 -9.7579e-01 +2.0619e+00 +4.7373e-01
36849 0 +1.143081708e-05 +3.777001143e+01 +3.777001143e+01 -9.7884e-01 +2.0595e+00 +4.7504e-01
37621 0 +4.069832173e-06 +3.777000407e+01 +3.777000407e+01 -9.7811e-01 +2.0600e+00 +4.7473e-01
38765 0 +2.572287329e-06 +3.777000257e+01 +3.777000257e+01 -9.7818e-01 +2.0600e+00 +4.7476e-01
% f evaluations | g evaluations | best noise-free fitness - Fopt (5.951800000000e+02) + sum g_i+ | measured fitness | best measured fitness or single-digit g-values | x1 | x2...
1 0 +3.891590083e+06 +3.892185263e+06 +3.892185263e+06 -1.0876e+00 +2.3472e+00 -8.3317e-01
4 0 +1.550119218e+06 +1.550714398e+06 +1.550714398e+06 -2.8029e-01 +1.7604e+00 +8.9818e-01
37 0 +9.449290118e+05 +9.455241918e+05 +9.455241918e+05 +5.5582e-01 +3.1757e+00 +3.9586e+00
63 0 +7.226155951e+05 +7.232107751e+05 +7.232107751e+05 +6.0403e-01 +3.1569e+00 +3.6058e+00
83 0 +1.401258261e+05 +1.407210061e+05 +1.407210061e+05 -3.2923e+00 +2.5665e-01 -1.8839e+00
261 0 +1.324771975e+05 +1.330723775e+05 +1.330723775e+05 -1.0876e+00 +2.4961e+00 +1.8126e+00
501 0 +1.208744393e+05 +1.214696193e+05 +1.214696193e+05 +3.4476e-01 +2.4961e+00 +3.4590e+00
673 0 +4.243686810e+04 +4.303204810e+04 +4.303204810e+04 -1.8754e-01 +2.0601e+00 +2.7520e+00
921 0 +1.540254341e+04 +1.599772341e+04 +1.599772341e+04 -7.5533e-01 +2.0333e+00 +2.1385e+00
1109 0 +1.530469422e+03 +2.125649422e+03 +2.125649422e+03 +1.3929e+00 +2.4532e+00 +4.0119e+00
1567 0 +8.483398727e+02 +1.443519873e+03 +1.443519873e+03 -7.2303e-01 +2.1747e+00 +2.1327e+00
2355 0 +3.343712973e+02 +9.295512973e+02 +9.295512973e+02 -1.3207e+00 +2.0937e+00 +1.6252e+00
2959 0 +1.023639171e+02 +6.975439171e+02 +6.975439171e+02 +1.8424e+00 +2.4622e+00 +4.4012e+00
4271 0 +7.164337196e+01 +6.668233720e+02 +6.668233720e+02 -3.0398e-01 +2.2099e+00 +2.4904e+00
5071 0 +4.248130479e+01 +6.376613048e+02 +6.376613048e+02 -1.6851e+00 +2.0348e+00 +1.2979e+00
6399 0 +2.635724296e+01 +6.215372430e+02 +6.215372430e+02 +3.0019e-01 +2.2823e+00 +3.0242e+00
7051 0 +1.175946203e+01 +6.069394620e+02 +6.069394620e+02 +5.4904e-02 +2.2448e+00 +2.8083e+00
7459 0 +7.449549092e+00 +6.026295491e+02 +6.026295491e+02 +3.2731e-01 +2.2830e+00 +3.0513e+00
8387 0 +3.622315887e+00 +5.988023159e+02 +5.988023159e+02 -3.1179e-01 +2.2028e+00 +2.4786e+00
11263 0 +7.811280102e-01 +5.959611280e+02 +5.959611280e+02 -6.4713e-01 +2.1593e+00 +2.1772e+00
12989 0 +2.120864358e-01 +5.953920864e+02 +5.953920864e+02 -7.4763e-01 +2.1472e+00 +2.0861e+00
14193 0 +1.703044970e-01 +5.953503045e+02 +5.953503045e+02 -8.8549e-01 +2.1297e+00 +1.9630e+00
14899 0 +1.389956729e-01 +5.953189957e+02 +5.953189957e+02 -1.0550e+00 +2.1091e+00 +1.8111e+00
15689 0 +1.255453586e-01 +5.953055454e+02 +5.953055454e+02 -8.3309e-01 +2.1363e+00 +2.0096e+00
15815 0 +1.888520603e-02 +5.951988852e+02 +5.951988852e+02 -1.0534e+00 +2.1089e+00 +1.8121e+00
16067 0 +1.394603622e-02 +5.951939460e+02 +5.951939460e+02 -9.9544e-01 +2.1163e+00 +1.8642e+00
18969 0 +9.986432291e-03 +5.951899864e+02 +5.951899864e+02 -1.0585e+00 +2.1084e+00 +1.8077e+00
19365 0 +2.744243656e-03 +5.951827442e+02 +5.951827442e+02 -1.0590e+00 +2.1083e+00 +1.8072e+00
19621 0 +1.719758936e-03 +5.951817198e+02 +5.951817198e+02 -1.0432e+00 +2.1103e+00 +1.8212e+00
22051 0 +6.531426741e-04 +5.951806531e+02 +5.951806531e+02 -1.0460e+00 +2.1099e+00 +1.8188e+00
23311 0 +3.918442221e-04 +5.951803918e+02 +5.951803918e+02 -1.0481e+00 +2.1097e+00 +1.8169e+00
25135 0 +2.041911349e-04 +5.951802042e+02 +5.951802042e+02 -1.0555e+00 +2.1087e+00 +1.8102e+00
25579 0 +1.456622915e-04 +5.951801457e+02 +5.951801457e+02 -1.0586e+00 +2.1084e+00 +1.8075e+00
26129 0 +3.107193902e-05 +5.951800311e+02 +5.951800311e+02 -1.0595e+00 +2.1083e+00 +1.8067e+00
27601 0 +7.316224924e-06 +5.951800073e+02 +5.951800073e+02 -1.0598e+00 +2.1082e+00 +1.8064e+00
30611 0 +1.812900905e-06 +5.951800018e+02 +5.951800018e+02 -1.0608e+00 +2.1081e+00 +1.8055e+00
33193 0 +1.490038812e-06 +5.951800015e+02 +5.951800015e+02 -1.0612e+00 +2.1081e+00 +1.8052e+00
33431 0 +3.147988537e-07 +5.951800003e+02 +5.951800003e+02 -1.0613e+00 +2.1080e+00 +1.8051e+00
36323 0 +3.017921699e-07 +5.951800003e+02 +5.951800003e+02 -1.0615e+00 +2.1080e+00 +1.8049e+00
36865 0 +1.813522204e-07 +5.951800002e+02 +5.951800002e+02 -1.0613e+00 +2.1080e+00 +1.8051e+00
37267 0 +8.954737041e-08 +5.951800001e+02 +5.951800001e+02 -1.0615e+00 +2.1080e+00 +1.8049e+00
39149 0 +7.259097856e-08 +5.951800001e+02 +5.951800001e+02 -1.0614e+00 +2.1080e+00 +1.8050e+00
39303 0 +3.099000878e-08 +5.951800000e+02 +5.951800000e+02 -1.0616e+00 +2.1080e+00 +1.8048e+00
39601 0 +2.693639090e-08 +5.951800000e+02 +5.951800000e+02 -1.0615e+00 +2.1080e+00 +1.8049e+00
39871 0 +2.017407041e-08 +5.951800000e+02 +5.951800000e+02 -1.0615e+00 +2.1080e+00 +1.8049e+00
% f evaluations | g evaluations | best noise-free fitness - Fopt (-1.547100000000e+02) + sum g_i+ | measured fitness | best measured fitness or single-digit g-values | x1 | x2...
1 0 +6.839850620e+06 +6.839695910e+06 +6.839695910e+06 +2.8867e-01 -1.6190e+00 +2.6296e+00
4 0 +6.556805474e+06 +6.556650764e+06 +6.556650764e+06 +1.9829e+00 -2.4431e+00 +1.4980e+00
8 0 +4.935473539e+06 +4.935318829e+06 +4.935318829e+06 +4.0918e+00 +2.4189e+00 +3.0305e+00
10 0 +3.980616929e+06 +3.980462219e+06 +3.980462219e+06 +7.2953e-01 -9.4468e-01 +4.1501e+00
79 0 +1.065909782e+05 +1.064362682e+05 +1.064362682e+05 +2.9070e+00 -1.6158e+00 +4.1501e+00
603 0 +6.281727456e+04 +6.266256456e+04 +6.266256456e+04 +3.2496e+00 +2.3293e+00 -1.6630e-01
619 0 +1.668788096e+04 +1.653317096e+04 +1.653317096e+04 +2.6099e+00 -1.9577e+00 +4.3048e+00
699 0 +1.031900278e+04 +1.016429278e+04 +1.016429278e+04 +2.5093e+00 -1.9577e+00 +4.3048e+00
897 0 +5.964006742e+03 +5.809296742e+03 +5.809296742e+03 +2.3343e+00 -2.5987e+00 +5.0000e+00
1951 0 +7.116172404e+02 +5.569072404e+02 +5.569072404e+02 +2.5405e+00 -1.6977e+00 +4.2057e+00
2131 0 +5.827935327e+02 +4.280835327e+02 +4.280835327e+02 +3.2436e+00 +1.4592e+00 +1.1214e+00
2251 0 +1.628909080e+01 -1.384209092e+02 -1.384209092e+02 +2.8562e+00 -2.5974e-01 +2.7730e+00
2571 0 +7.558414654e+00 -1.471515853e+02 -1.471515853e+02 +2.8599e+00 -2.5974e-01 +2.7730e+00
8147 0 +4.680907554e+00 -1.500290924e+02 -1.500290924e+02 +2.9471e+00 +1.7945e-01 +2.3435e+00
8685 0 +4.608561860e-01 -1.542491438e+02 -1.542491438e+02 +3.1409e+00 +1.1259e+00 +1.4126e+00
9861 0 +4.056524155e-01 -1.543043476e+02 -1.543043476e+02 +3.1237e+00 +1.0372e+00 +1.4999e+00
12261 0 +2.776576971e-01 -1.544323423e+02 -1.544323423e+02 +3.1237e+00 +1.0392e+00 +1.4979e+00
12791 0 +1.487017464e-01 -1.545612983e+02 -1.545612983e+02 +3.1756e+00 +1.2951e+00 +1.2459e+00
16281 0 +6.680539299e-02 -1.546431946e+02 -1.546431946e+02 +3.1741e+00 +1.2857e+00 +1.2547e+00
18311 0 +5.377141997e-02 -1.546562286e+02 -1.546562286e+02 +3.1839e+00 +1.3353e+00 +1.2064e+00
18417 0 +5.079286925e-02 -1.546592071e+02 -1.546592071e+02 +3.1543e+00 +1.1887e+00 +1.3505e+00
18441 0 +3.422205712e-02 -1.546757779e+02 -1.546757779e+02 +3.1788e+00 +1.3100e+00 +1.2311e+00
19153 0 +1.790996274e-02 -1.546920900e+02 -1.546920900e+02 +3.1777e+00 +1.3037e+00 +1.2371e+00
19665 0 +8.998460162e-03 -1.547010015e+02 -1.547010015e+02 +3.1754e+00 +1.2925e+00 +1.2483e+00
20129 0 +5.956095958e-03 -1.547040439e+02 -1.547040439e+02 +3.1831e+00 +1.3298e+00 +1.2116e+00
20641 0 +5.625644297e-03 -1.547043744e+02 -1.547043744e+02 +3.1794e+00 +1.3122e+00 +1.2291e+00
21627 0 +5.322047943e-03 -1.547046780e+02 -1.547046780e+02 +3.1829e+00 +1.3290e+00 +1.2123e+00
21987 0 +3.083351026e-03 -1.547069166e+02 -1.547069166e+02 +3.1836e+00 +1.3328e+00 +1.2088e+00
22449 0 +1.488642663e-03 -1.547085114e+02 -1.547085114e+02 +3.1848e+00 +1.3388e+00 +1.2029e+00
23567 0 +8.684437763e-04 -1.547091316e+02 -1.547091316e+02 +3.1842e+00 +1.3355e+00 +1.2061e+00
25549 0 +8.039316559e-04 -1.547091961e+02 -1.547091961e+02 +3.1813e+00 +1.3213e+00 +1.2200e+00
26661 0 +6.546236384e-04 -1.547093454e+02 -1.547093454e+02 +3.1816e+00 +1.3228e+00 +1.2185e+00
26769 0 +6.058750380e-04 -1.547093941e+02 -1.547093941e+02 +3.1824e+00 +1.3264e+00 +1.2150e+00
26773 0 +4.003701751e-04 -1.547095996e+02 -1.547095996e+02 +3.1824e+00 +1.3268e+00 +1.2146e+00
27991 0 +1.492879294e-04 -1.547098507e+02 -1.547098507e+02 +3.1835e+00 +1.3321e+00 +1.2094e+00
29457 0 +6.866836785e-05 -1.547099313e+02 -1.547099313e+02 +3.1841e+00 +1.3347e+00 +1.2068e+00
32241 0 +4.068482323e-05 -1.547099593e+02 -1.547099593e+02 +3.1846e+00 +1.3372e+00 +1.2044e+00
33811 0 +3.787546149e-05 -1.547099621e+02 -1.547099621e+02 +3.1844e+00 +1.3364e+00 +1.2051e+00
34493 0 +2.703248597e-05 -1.547099730e+02 -1.547099730e+02 +3.1842e+00 +1.3352e+00 +1.2063e+00
35115 0 +1.990604454e-05 -1.547099801e+02 -1.547099801e+02 +3.1845e+00 +1.3371e+00 +1.2045e+00
35135 0 +1.172377574e-05 -1.547099883e+02 -1.547099883e+02 +3.1847e+00 +1.3380e+00 +1.2036e+00
35249 0 +9.526396667e-06 -1.547099905e+02 -1.547099905e+02 +3.1847e+00 +1.3380e+00 +1.2035e+00
36161 0 +6.322116036e-06 -1.547099937e+02 -1.547099937e+02 +3.1846e+00 +1.3372e+00 +1.2043e+00
36545 0 +2.589872622e-06 -1.547099974e+02 -1.547099974e+02 +3.1847e+00 +1.3378e+00 +1.2038e+00
37193 0 +2.123467993e-06 -1.547099979e+02 -1.547099979e+02 +3.1846e+00 +1.3375e+00 +1.2041e+00
37785 0 +1.314179741e-06 -1.547099987e+02 -1.547099987e+02 +3.1848e+00 +1.3385e+00 +1.2031e+00
38585 0 +6.653339995e-07 -1.547099993e+02 -1.547099993e+02 +3.1848e+00 +1.3383e+00 +1.2033e+00
38609 0 +1.003906789e-07 -1.547099999e+02 -1.547099999e+02 +3.1848e+00 +1.3384e+00 +1.2032e+00
% f evaluations | g evaluations | best noise-free fitness - Fopt (1.060400000000e+02) + sum g_i+ | measured fitness | best measured fitness or single-digit g-values | x1 | x2...
1 0 +1.857879204e+07 +1.857889808e+07 +1.857889808e+07 +5.1783e-01 +1.2020e+00 +3.3057e+00
2 0 +1.476503612e+07 +1.476514216e+07 +1.476514216e+07 +2.9110e+00 +1.3816e+00 +2.4714e+00
4 0 +4.247311575e+05 +4.248371975e+05 +4.248371975e+05 -1.0352e+00 -2.9182e+00 +2.7510e+00
8 0 +1.792988243e+05 +1.794048643e+05 +1.794048643e+05 -3.5817e+00 -4.2817e+00 +2.7274e+00
619 0 +9.417978788e+04 +9.428582788e+04 +9.428582788e+04 -1.2155e+00 -3.3550e+00 +2.5372e+00
649 0 +5.662165643e+04 +5.672769643e+04 +5.672769643e+04 -4.0365e+00 -3.6763e+00 +2.6756e+00
665 0 +3.843768127e+04 +3.854372127e+04 +3.854372127e+04 -2.0179e+00 -3.4346e+00 +2.5779e+00
691 0 +3.587942030e+04 +3.598546030e+04 +3.598546030e+04 -9.0542e-01 -3.2327e+00 +2.3601e+00
745 0 +1.767968590e+04 +1.778572590e+04 +1.778572590e+04 +6.9310e-01 -2.7348e+00 +1.8869e+00
1003 0 +6.106708789e+03 +6.212748789e+03 +6.212748789e+03 -4.9616e-01 -3.1282e+00 +2.1662e+00
1069 0 +3.757347925e+03 +3.863387925e+03 +3.863387925e+03 -1.6350e+00 -3.4282e+00 +2.3615e+00
1175 0 +3.035187398e+03 +3.141227398e+03 +3.141227398e+03 +3.9174e-01 -2.9852e+00 +1.8933e+00
1927 0 +3.375613407e+02 +4.436013407e+02 +4.436013407e+02 -4.7555e-01 -3.1474e+00 +2.0802e+00
2829 0 +8.296969847e+01 +1.890096985e+02 +1.890096985e+02 -6.1697e-01 -3.1563e+00 +2.1177e+00
3561 0 +3.609759375e+01 +1.421375937e+02 +1.421375937e+02 +9.5565e-02 -3.0029e+00 +1.9679e+00
4503 0 +1.548824890e+01 +1.215282489e+02 +1.215282489e+02 -3.8893e-01 -3.1106e+00 +2.0676e+00
7971 0 +1.170000747e+01 +1.177400075e+02 +1.177400075e+02 -8.6715e-01 -3.2190e+00 +2.1593e+00
8261 0 +1.119343163e+01 +1.172334316e+02 +1.172334316e+02 -8.2966e-01 -3.2087e+00 +2.1513e+00
8557 0 +1.002923383e+01 +1.160692338e+02 +1.160692338e+02 -1.0452e+00 -3.2583e+00 +2.1934e+00
9035 0 +7.693013064e+00 +1.137330131e+02 +1.137330131e+02 -1.3295e+00 -3.3226e+00 +2.2508e+00
9645 0 +7.228189107e+00 +1.132681891e+02 +1.132681891e+02 -1.4300e+00 -3.3452e+00 +2.2705e+00
10781 0 +6.506259970e+00 +1.125462600e+02 +1.125462600e+02 -1.5306e+00 -3.3681e+00 +2.2898e+00
11085 0 +6.026114088e+00 +1.120661141e+02 +1.120661141e+02 -1.7653e+00 -3.4215e+00 +2.3355e+00
11469 0 +5.912278509e+00 +1.119522785e+02 +1.119522785e+02 -1.7793e+00 -3.4242e+00 +2.3389e+00
12995 0 +5.710765569e+00 +1.117507656e+02 +1.117507656e+02 -1.8442e+00 -3.4390e+00 +2.3516e+00
13233 0 +5.419520653e+00 +1.114595207e+02 +1.114595207e+02 -1.8069e+00 -3.4307e+00 +2.3435e+00
13293 0 +5.267191752e+00 +1.113071918e+02 +1.113071918e+02 -2.2195e+00 -3.5244e+00 +2.4244e+00
13851 0 +4.864659227e+00 +1.109046592e+02 +1.109046592e+02 -1.9924e+00 -3.4726e+00 +2.3795e+00
14663 0 +4.652382718e+00 +1.106923827e+02 +1.106923827e+02 -1.9727e+00 -3.4680e+00 +2.3759e+00
15101 0 +4.546451303e+00 +1.105864513e+02 +1.105864513e+02 -2.2418e+00 -3.5291e+00 +2.4279e+00
15329 0 +4.342048014e+00 +1.103820480e+02 +1.103820480e+02 -2.2261e+00 -3.5231e+00 +2.4253e+00
15345 0 +4.263593261e+00 +1.103035933e+02 +1.103035933e+02 -2.0863e+00 -3.4937e+00 +2.3981e+00
15615 0 +4.007085320e+00 +1.100470853e+02 +1.100470853e+02 -2.1321e+00 -3.5037e+00 +2.4077e+00
15771 0 +3.291960361e+00 +1.093319604e+02 +1.093319604e+02 -2.2381e+00 -3.5276e+00 +2.4281e+00
17515 0 +2.836183046e+00 +1.088761830e+02 +1.088761830e+02 -2.2659e+00 -3.5334e+00 +2.4328e+00
18269 0 +2.695637813e+00 +1.087356378e+02 +1.087356378e+02 -2.3143e+00 -3.5445e+00 +2.4427e+00
19109 0 +2.593289203e+00 +1.086332892e+02 +1.086332892e+02 -2.3152e+00 -3.5445e+00 +2.4427e+00
19545 0 +2.457705749e+00 +1.084977057e+02 +1.084977057e+02 -2.4117e+00 -3.5665e+00 +2.4613e+00
19803 0 +2.343347557e+00 +1.083833476e+02 +1.083833476e+02 -2.4486e+00 -3.5747e+00 +2.4684e+00
20549 0 +2.145567494e+00 +1.081855675e+02 +1.081855675e+02 -2.5013e+00 -3.5868e+00 +2.4790e+00
20579 0 +1.844925036e+00 +1.078849250e+02 +1.078849250e+02 -2.5868e+00 -3.6058e+00 +2.4956e+00
21173 0 +1.764681939e+00 +1.078046819e+02 +1.078046819e+02 -2.6417e+00 -3.6184e+00 +2.5064e+00
21481 0 +1.725959852e+00 +1.077659599e+02 +1.077659599e+02 -2.6460e+00 -3.6191e+00 +2.5071e+00
21739 0 +1.452585980e+00 +1.074925860e+02 +1.074925860e+02 -2.7473e+00 -3.6420e+00 +2.5269e+00
21803 0 +1.144983984e+00 +1.071849840e+02 +1.071849840e+02 -2.8477e+00 -3.6647e+00 +2.5467e+00
23219 0 +1.109889530e+00 +1.071498895e+02 +1.071498895e+02 -2.9036e+00 -3.6771e+00 +2.5574e+00
23245 0 +8.597492275e-01 +1.068997492e+02 +1.068997492e+02 -3.0427e+00 -3.7089e+00 +2.5847e+00
23635 0 +8.363687024e-01 +1.068763687e+02 +1.068763687e+02 -3.0838e+00 -3.7180e+00 +2.5926e+00
23699 0 +7.207933402e-01 +1.067607933e+02 +1.067607933e+02 -3.1915e+00 -3.7423e+00 +2.6136e+00
24275 0 +5.701223894e-01 +1.066101224e+02 +1.066101224e+02 -3.4747e+00 -3.8061e+00 +2.6688e+00
24591 0 +5.613953815e-01 +1.066013954e+02 +1.066013954e+02 -3.5871e+00 -3.8313e+00 +2.6907e+00
25427 0 +4.933483351e-01 +1.065333483e+02 +1.065333483e+02 -3.3344e+00 -3.7742e+00 +2.6416e+00
25869 0 +3.429009267e-01 +1.063829009e+02 +1.063829009e+02 -3.3243e+00 -3.7723e+00 +2.6399e+00
26023 0 +3.300725674e-01 +1.063700726e+02 +1.063700726e+02 -3.3564e+00 -3.7791e+00 +2.6462e+00
26205 0 +2.862869553e-01 +1.063262870e+02 +1.063262870e+02 -3.3854e+00 -3.7861e+00 +2.6522e+00
26451 0 +2.165478900e-01 +1.062565479e+02 +1.062565479e+02 -3.4769e+00 -3.8064e+00 +2.6697e+00
28357 0 +1.826796700e-01 +1.062226797e+02 +1.062226797e+02 -3.4444e+00 -3.7992e+00 +2.6635e+00
28495 0 +1.490174089e-01 +1.061890174e+02 +1.061890174e+02 -3.5689e+00 -3.8274e+00 +2.6876e+00
28649 0 +1.441583774e-01 +1.061841584e+02 +1.061841584e+02 -3.5119e+00 -3.8144e+00 +2.6766e+00
28691 0 +1.107306561e-01 +1.061507307e+02 +1.061507307e+02 -3.5741e+00 -3.8285e+00 +2.6887e+00
29373 0 +1.066523288e-01 +1.061466523e+02 +1.061466523e+02 -3.5521e+00 -3.8236e+00 +2.6845e+00
29791 0 +9.576093851e-02 +1.061357609e+02 +1.061357609e+02 -3.7097e+00 -3.8591e+00 +2.7151e+00
30829 0 +7.623433588e-02 +1.061162343e+02 +1.061162343e+02 -3.6342e+00 -3.8422e+00 +2.7005e+00
31643 0 +6.817436580e-02 +1.061081744e+02 +1.061081744e+02 -3.6600e+00 -3.8480e+00 +2.7056e+00
31985 0 +3.747858842e-02 +1.060774786e+02 +1.060774786e+02 -3.7640e+00 -3.8715e+00 +2.7260e+00
32131 0 +3.412221715e-02 +1.060741222e+02 +1.060741222e+02 -3.7837e+00 -3.8759e+00 +2.7297e+00
32395 0 +3.297248883e-02 +1.060729725e+02 +1.060729725e+02 -3.7709e+00 -3.8730e+00 +2.7275e+00
32701 0 +2.006916813e-03 +1.060420069e+02 +1.060420069e+02 -3.8099e+00 -3.8817e+00 +2.7350e+00
33699 0 +1.736432863e-03 +1.060417364e+02 +1.060417364e+02 -3.8439e+00 -3.8894e+00 +2.7416e+00
34719 0 +1.011646549e-03 +1.060410116e+02 +1.060410116e+02 -3.8331e+00 -3.8869e+00 +2.7395e+00
36551 0 +7.162806591e-04 +1.060407163e+02 +1.060407163e+02 -3.8469e+00 -3.8901e+00 +2.7422e+00
37147 0 +4.027570965e-04 +1.060404028e+02 +1.060404028e+02 -3.8380e+00 -3.8881e+00 +2.7405e+00
38453 0 +3.608405999e-04 +1.060403608e+02 +1.060403608e+02 -3.8387e+00 -3.8882e+00 +2.7406e+00
38463 0 +2.468132053e-04 +1.060402468e+02 +1.060402468e+02 -3.8396e+00 -3.8884e+00 +2.7408e+00
38599 0 +2.137051537e-04 +1.060402137e+02 +1.060402137e+02 -3.8484e+00 -3.8904e+00 +2.7425e+00
38927 0 +1.611703038e-04 +1.060401612e+02 +1.060401612e+02 -3.8423e+00 -3.8890e+00 +2.7413e+00
39155 0 +1.061694895e-04 +1.060401062e+02 +1.060401062e+02 -3.8430e+00 -3.8892e+00 +2.7414e+00
39389 0 +9.680240512e-05 +1.060400968e+02 +1.060400968e+02 -3.8441e+00 -3.8894e+00 +2.7417e+00
% f evaluations | g evaluations | best noise-free fitness - Fopt (1.374500000000e+02) + sum g_i+ | measured fitness | best measured fitness or single-digit g-values | x1 | x2...
1 0 +2.432205173e+07 +2.432218918e+07 +2.432218918e+07 -5.5249e-02 -7.3711e-01 -4.0148e+00
3 0 +1.286754639e+07 +1.286768384e+07 +1.286768384e+07 +3.8649e+00 -3.2173e-01 +1.9062e+00
8 0 +6.800453029e+06 +6.800590479e+06 +6.800590479e+06 -2.1131e+00 +1.7714e+00 -4.8306e+00
9 0 +3.838094834e+06 +3.838232284e+06 +3.838232284e+06 +1.1654e+00 +2.2646e+00 -1.0293e+00
25 0 +1.867471340e+06 +1.867608790e+06 +1.867608790e+06 +2.3148e+00 +1.4476e+00 +2.4520e+00
35 0 +1.663610374e+06 +1.663747824e+06 +1.663747824e+06 -9.8602e-01 +1.7714e+00 +5.4985e-01
51 0 +1.067010932e+05 +1.068385432e+05 +1.068385432e+05 +1.8051e+00 +1.7322e+00 +3.9630e+00
211 0 +1.045278455e+05 +1.046652955e+05 +1.046652955e+05 +1.8051e+00 +1.5034e+00 +3.7406e+00
355 0 +1.401577616e+04 +1.415322616e+04 +1.415322616e+04 +1.1105e+00 +2.0584e+00 +2.8774e+00
1267 0 +7.537252321e+03 +7.674702321e+03 +7.674702321e+03 +1.4084e+00 +1.7079e+00 +3.5067e+00
1303 0 +4.949017568e+03 +5.086467568e+03 +5.086467568e+03 +2.2423e+00 +1.4281e+00 +5.0000e+00
1383 0 +8.052263206e+02 +9.426763206e+02 +9.426763206e+02 +2.2423e+00 +1.3947e+00 +5.0000e+00
3489 0 +1.173521647e+02 +2.548021647e+02 +2.548021647e+02 -9.1337e-01 +3.2499e+00 -1.0437e+00
3583 0 +7.024224662e+01 +2.076922466e+02 +2.076922466e+02 +2.2146e+00 +1.3947e+00 +5.0000e+00
5029 0 +4.140435130e+01 +1.788543513e+02 +1.788543513e+02 -2.1174e-01 +2.7961e+00 +3.2062e-01
6913 0 +4.134028082e+00 +1.415840281e+02 +1.415840281e+02 +3.6550e-01 +2.4068e+00 +1.4725e+00
11021 0 +3.110972587e+00 +1.405609726e+02 +1.405609726e+02 +6.6921e-01 +2.2061e+00 +2.0784e+00
11849 0 +4.836919832e-01 +1.379336920e+02 +1.379336920e+02 +1.0136e+00 +1.9796e+00 +2.7575e+00
14199 0 +6.276487032e-02 +1.375127649e+02 +1.375127649e+02 +1.0094e+00 +1.9829e+00 +2.7497e+00
16833 0 +6.107989695e-02 +1.375110799e+02 +1.375110799e+02 +1.0646e+00 +1.9460e+00 +2.8601e+00
18547 0 +4.713301293e-02 +1.374971330e+02 +1.374971330e+02 +9.7933e-01 +2.0026e+00 +2.6906e+00
18569 0 +3.262581891e-02 +1.374826258e+02 +1.374826258e+02 +1.0439e+00 +1.9597e+00 +2.8186e+00
21497 0 +1.780949492e-02 +1.374678095e+02 +1.374678095e+02 +1.0374e+00 +1.9641e+00 +2.8059e+00
22687 0 +1.710121561e-02 +1.374671012e+02 +1.374671012e+02 +1.0631e+00 +1.9471e+00 +2.8569e+00
23591 0 +1.072962833e-02 +1.374607296e+02 +1.374607296e+02 +1.0411e+00 +1.9618e+00 +2.8129e+00
24601 0 +3.507774410e-03 +1.374535078e+02 +1.374535078e+02 +1.0485e+00 +1.9568e+00 +2.8278e+00
24629 0 +1.431803010e-03 +1.374514318e+02 +1.374514318e+02 +1.0573e+00 +1.9510e+00 +2.8453e+00
27593 0 +9.316101590e-04 +1.374509316e+02 +1.374509316e+02 +1.0622e+00 +1.9478e+00 +2.8549e+00
28419 0 +6.842974448e-04 +1.374506843e+02 +1.374506843e+02 +1.0615e+00 +1.9482e+00 +2.8536e+00
28887 0 +1.941121813e-04 +1.374501941e+02 +1.374501941e+02 +1.0648e+00 +1.9461e+00 +2.8602e+00
30761 0 +8.471219022e-05 +1.374500847e+02 +1.374500847e+02 +1.0675e+00 +1.9443e+00 +2.8654e+00
31937 0 +7.800902651e-05 +1.374500780e+02 +1.374500780e+02 +1.0673e+00 +1.9445e+00 +2.8650e+00
32693 0 +7.133853293e-05 +1.374500713e+02 +1.374500713e+02 +1.0678e+00 +1.9441e+00 +2.8660e+00
33733 0 +6.625319944e-05 +1.374500663e+02 +1.374500663e+02 +1.0676e+00 +1.9443e+00 +2.8656e+00
33849 0 +6.482184170e-05 +1.374500648e+02 +1.374500648e+02 +1.0670e+00 +1.9446e+00 +2.8645e+00
33875 0 +5.314051270e-05 +1.374500531e+02 +1.374500531e+02 +1.0676e+00 +1.9442e+00 +2.8657e+00
34901 0 +5.187344419e-05 +1.374500519e+02 +1.374500519e+02 +1.0677e+00 +1.9442e+00 +2.8658e+00
34951 0 +5.094273379e-05 +1.374500509e+02 +1.374500509e+02 +1.0674e+00 +1.9444e+00 +2.8653e+00
35571 0 +4.569741532e-05 +1.374500457e+02 +1.374500457e+02 +1.0678e+00 +1.9441e+00 +2.8661e+00
36043 0 +4.304316522e-05 +1.374500430e+02 +1.374500430e+02 +1.0678e+00 +1.9441e+00 +2.8660e+00
37145 0 +3.833609503e-05 +1.374500383e+02 +1.374500383e+02 +1.0678e+00 +1.9441e+00 +2.8661e+00
38883 0 +3.693941056e-05 +1.374500369e+02 +1.374500369e+02 +1.0678e+00 +1.9441e+00 +2.8660e+00
39013 0 +3.334341605e-05 +1.374500333e+02 +1.374500333e+02 +1.0680e+00 +1.9440e+00 +2.8664e+00
% f evaluations | g evaluations | best noise-free fitness - Fopt (1.588000000000e+02) + sum g_i+ | measured fitness | best measured fitness or single-digit g-values | x1 | x2...
1 0 +4.558999877e+07 +4.559015757e+07 +4.559015757e+07 +3.7318e+00 +2.9940e+00 +3.6685e+00
2 0 +1.902959402e+07 +1.902975282e+07 +1.902975282e+07 +4.5908e+00 +5.8262e-01 -8.9942e-01
3 0 +5.236077733e+06 +5.236236533e+06 +5.236236533e+06 +1.9425e+00 -4.5070e+00 +3.0465e-01
25 0 +2.612361972e+06 +2.612520772e+06 +2.612520772e+06 +4.9870e+00 -4.5070e+00 +3.0465e-01
47 0 +1.582093475e+06 +1.582252275e+06 +1.582252275e+06 +3.3380e+00 -4.9476e+00 +2.1686e+00
221 0 +1.544953398e+06 +1.545112198e+06 +1.545112198e+06 +2.6314e+00 -5.0000e+00 +2.7412e+00
325 0 +5.741432159e+05 +5.743020159e+05 +5.743020159e+05 +5.0000e+00 -2.7277e+00 +7.8251e-01
381 0 +5.048411076e+05 +5.049999076e+05 +5.049999076e+05 +3.3380e+00 -4.3276e+00 +2.4955e+00
385 0 +3.125387777e+05 +3.126975777e+05 +3.126975777e+05 +5.0000e+00 -3.7051e+00 +1.0009e+00
387 0 +1.626848939e+05 +1.628436939e+05 +1.628436939e+05 +5.0000e+00 -2.8818e+00 +1.3156e+00
447 0 +2.621105520e+04 +2.636985520e+04 +2.636985520e+04 +3.3380e+00 -3.5041e+00 +2.1686e+00
561 0 +4.965616323e+03 +5.124416323e+03 +5.124416323e+03 +4.2463e+00 -3.4790e+00 +1.6259e+00
801 0 +2.702541390e+03 +2.861341390e+03 +2.861341390e+03 +3.8054e+00 -3.4790e+00 +1.8839e+00
1093 0 +9.214518341e+02 +1.080251834e+03 +1.080251834e+03 +5.0000e+00 -3.3091e+00 +1.4107e+00
1213 0 +3.774745239e+01 +1.965474524e+02 +1.965474524e+02 +4.9373e+00 -3.3091e+00 +1.4107e+00
3169 0 +2.747064796e+01 +1.862706480e+02 +1.862706480e+02 +3.5439e+00 -3.5736e+00 +1.9694e+00
3271 0 +2.593172699e+01 +1.847317270e+02 +1.847317270e+02 +3.8096e+00 -3.5223e+00 +1.8656e+00
3993 0 +1.760496432e+01 +1.764049643e+02 +1.764049643e+02 +3.7031e+00 -3.5474e+00 +1.9014e+00
4093 0 +1.045997372e+01 +1.692599737e+02 +1.692599737e+02 +4.1003e+00 -3.4663e+00 +1.7461e+00
4243 0 +5.349205848e+00 +1.641492058e+02 +1.641492058e+02 +3.7360e+00 -3.5401e+00 +1.8905e+00
4491 0 +4.461323684e+00 +1.632613237e+02 +1.632613237e+02 +3.3975e+00 -3.6092e+00 +2.0277e+00
5583 0 +2.163979688e+00 +1.609639797e+02 +1.609639797e+02 +3.7605e+00 -3.5359e+00 +1.8818e+00
5777 0 +9.330685118e-01 +1.597330685e+02 +1.597330685e+02 +3.4648e+00 -3.5942e+00 +2.0021e+00
8323 0 +8.901113347e-01 +1.596901113e+02 +1.596901113e+02 +3.4318e+00 -3.6012e+00 +2.0149e+00
9043 0 +8.584342457e-01 +1.596584342e+02 +1.596584342e+02 +3.3952e+00 -3.6079e+00 +2.0302e+00
9207 0 +5.944544688e-01 +1.593944545e+02 +1.593944545e+02 +3.2236e+00 -3.6417e+00 +2.0989e+00
9427 0 +5.031955623e-01 +1.593031956e+02 +1.593031956e+02 +3.0627e+00 -3.6733e+00 +2.1639e+00
10459 0 +3.627746557e-01 +1.591627747e+02 +1.591627747e+02 +3.1355e+00 -3.6594e+00 +2.1350e+00
10691 0 +2.592586508e-01 +1.590592587e+02 +1.590592587e+02 +2.8725e+00 -3.7110e+00 +2.2408e+00
11315 0 +1.185585527e-01 +1.589185586e+02 +1.589185586e+02 +2.8383e+00 -3.7179e+00 +2.2547e+00
11725 0 +9.839903747e-02 +1.588983990e+02 +1.588983990e+02 +2.8112e+00 -3.7233e+00 +2.2657e+00
12113 0 +6.585228112e-02 +1.588658523e+02 +1.588658523e+02 +2.7805e+00 -3.7295e+00 +2.2781e+00
12659 0 +5.953787522e-02 +1.588595379e+02 +1.588595379e+02 +2.8012e+00 -3.7254e+00 +2.2697e+00
13173 0 +4.721533486e-02 +1.588472153e+02 +1.588472153e+02 +2.8157e+00 -3.7227e+00 +2.2636e+00
14175 0 +4.228617013e-02 +1.588422862e+02 +1.588422862e+02 +2.7696e+00 -3.7317e+00 +2.2824e+00
14787 0 +3.686884195e-02 +1.588368688e+02 +1.588368688e+02 +2.8093e+00 -3.7238e+00 +2.2663e+00
15181 0 +2.832896293e-02 +1.588283290e+02 +1.588283290e+02 +2.7570e+00 -3.7343e+00 +2.2873e+00
16121 0 +2.414591811e-02 +1.588241459e+02 +1.588241459e+02 +2.7719e+00 -3.7313e+00 +2.2814e+00
16173 0 +1.875988104e-02 +1.588187599e+02 +1.588187599e+02 +2.7175e+00 -3.7420e+00 +2.3034e+00
16355 0 +1.386808227e-02 +1.588138681e+02 +1.588138681e+02 +2.7397e+00 -3.7376e+00 +2.2943e+00
17319 0 +8.158003716e-03 +1.588081580e+02 +1.588081580e+02 +2.6927e+00 -3.7469e+00 +2.3134e+00
18247 0 +7.263520908e-03 +1.588072635e+02 +1.588072635e+02 +2.6977e+00 -3.7459e+00 +2.3112e+00
18723 0 +3.870420990e-03 +1.588038704e+02 +1.588038704e+02 +2.6871e+00 -3.7480e+00 +2.3155e+00
19449 0 +1.807575464e-03 +1.588018076e+02 +1.588018076e+02 +2.6759e+00 -3.7502e+00 +2.3201e+00
20547 0 +1.310873772e-03 +1.588013109e+02 +1.588013109e+02 +2.6712e+00 -3.7511e+00 +2.3220e+00
20621 0 +1.123237562e-03 +1.588011232e+02 +1.588011232e+02 +2.6645e+00 -3.7525e+00 +2.3247e+00
20625 0 +3.978764239e-04 +1.588003979e+02 +1.588003979e+02 +2.6539e+00 -3.7545e+00 +2.3289e+00
21415 0 +8.229633761e-05 +1.588000823e+02 +1.588000823e+02 +2.6413e+00 -3.7570e+00 +2.3340e+00
26465 0 +7.410238271e-05 +1.588000741e+02 +1.588000741e+02 +2.6445e+00 -3.7564e+00 +2.3327e+00
26893 0 +4.153068815e-05 +1.588000415e+02 +1.588000415e+02 +2.6439e+00 -3.7565e+00 +2.3330e+00
27063 0 +1.735977466e-05 +1.588000174e+02 +1.588000174e+02 +2.6414e+00 -3.7570e+00 +2.3340e+00
28435 0 +8.125535601e-06 +1.588000081e+02 +1.588000081e+02 +2.6401e+00 -3.7573e+00 +2.3345e+00
29313 0 +6.606738026e-06 +1.588000066e+02 +1.588000066e+02 +2.6398e+00 -3.7573e+00 +2.3346e+00
29623 0 +5.215154317e-07 +1.588000005e+02 +1.588000005e+02 +2.6388e+00 -3.7575e+00 +2.3350e+00
32955 0 +3.937632300e-07 +1.588000004e+02 +1.588000004e+02 +2.6389e+00 -3.7575e+00 +2.3350e+00
33397 0 +2.457221058e-07 +1.588000002e+02 +1.588000002e+02 +2.6388e+00 -3.7575e+00 +2.3350e+00
36133 0 +8.739101531e-08 +1.588000001e+02 +1.588000001e+02 +2.6386e+00 -3.7576e+00 +2.3351e+00
38193 0 +6.923139040e-08 +1.588000001e+02 +1.588000001e+02 +2.6386e+00 -3.7576e+00 +2.3351e+00
38455 0 +4.385185548e-09 +1.588000000e+02 +1.588000000e+02 +2.6385e+00 -3.7576e+00 +2.3352e+00
% f evaluations | g evaluations | best noise-free fitness - Fopt (-1.000000000000e+03) + sum g_i+ | measured fitness | best measured fitness or single-digit g-values | x1 | x2...
1 0 +8.775445375e+07 +8.775345375e+07 +8.775345375e+07 +1.5261e+00 -2.6946e+00 +3.3368e+00
2 0 +2.916136908e+06 +2.915136908e+06 +2.915136908e+06 -2.9815e-01 +2.3089e+00 -3.5422e+00
20 0 +2.007222580e+06 +2.006222580e+06 +2.006222580e+06 -7.6903e-01 +3.3695e+00 -4.4372e+00
45 0 +7.863428270e+05 +7.853428270e+05 +7.853428270e+05 +5.0000e+00 +3.7733e+00 -2.8332e+00
97 0 +1.361610283e+05 +1.351610283e+05 +1.351610283e+05 -1.4481e+00 +3.6649e+00 -3.4841e+00
109 0 +5.867849060e+02 -4.132150940e+02 -4.132150940e+02 -4.7751e+00 +3.4376e+00 -3.3895e+00
1367 0 +1.891942893e+02 -8.108057107e+02 -8.108057107e+02 +3.7873e+00 +4.5431e+00 -2.8452e+00
2243 0 +1.170250675e+02 -8.829749325e+02 -8.829749325e+02 -6.3798e-01 +3.9484e+00 -3.1139e+00
2723 0 +3.186157574e+01 -9.681384243e+02 -9.681384243e+02 -6.3798e-01 +3.9679e+00 -3.1139e+00
3651 0 +1.303647880e+01 -9.869635212e+02 -9.869635212e+02 -4.7582e+00 +3.4249e+00 -3.3709e+00
5183 0 +6.456867309e+00 -9.935431327e+02 -9.935431327e+02 -2.0296e-01 +4.0347e+00 -3.1035e+00
7595 0 +2.566968243e+00 -9.974330318e+02 -9.974330318e+02 -2.4983e+00 +3.7003e+00 -3.2194e+00
8459 0 +8.709760136e-01 -9.991290240e+02 -9.991290240e+02 -9.1369e-01 +3.9144e+00 -3.1283e+00
9627 0 +2.141122226e-01 -9.997858878e+02 -9.997858878e+02 -1.6198e+00 +3.8057e+00 -3.1606e+00
11233 0 +1.929984599e-01 -9.998070015e+02 -9.998070015e+02 -1.7776e+00 +3.7868e+00 -3.1711e+00
16283 0 +1.894415001e-01 -9.998105585e+02 -9.998105585e+02 -1.6198e+00 +3.8062e+00 -3.1600e+00
18657 0 +1.620331256e-02 -9.999837967e+02 -9.999837967e+02 -1.4308e+00 +3.8291e+00 -3.1477e+00
22031 0 +6.509275708e-03 -9.999934907e+02 -9.999934907e+02 -1.4314e+00 +3.8289e+00 -3.1479e+00
23217 0 +2.884019775e-03 -9.999971160e+02 -9.999971160e+02 -1.4373e+00 +3.8282e+00 -3.1482e+00
23709 0 +2.065337044e-03 -9.999979347e+02 -9.999979347e+02 -1.3924e+00 +3.8337e+00 -3.1452e+00
25163 0 +6.585285696e-04 -9.999993415e+02 -9.999993415e+02 -1.3931e+00 +3.8336e+00 -3.1453e+00
27569 0 +2.766956447e-04 -9.999997233e+02 -9.999997233e+02 -1.4024e+00 +3.8325e+00 -3.1459e+00
28765 0 +1.432057309e-04 -9.999998568e+02 -9.999998568e+02 -1.3855e+00 +3.8345e+00 -3.1447e+00
28931 0 +1.134835015e-04 -9.999998865e+02 -9.999998865e+02 -1.3888e+00 +3.8341e+00 -3.1450e+00
29985 0 +5.306226694e-05 -9.999999469e+02 -9.999999469e+02 -1.3885e+00 +3.8341e+00 -3.1449e+00
30161 0 +4.869351983e-05 -9.999999513e+02 -9.999999513e+02 -1.3879e+00 +3.8342e+00 -3.1449e+00
30441 0 +2.620901921e-05 -9.999999738e+02 -9.999999738e+02 -1.3879e+00 +3.8342e+00 -3.1449e+00
31515 0 +1.268849792e-05 -9.999999873e+02 -9.999999873e+02 -1.3849e+00 +3.8346e+00 -3.1447e+00
32107 0 +1.196524249e-05 -9.999999880e+02 -9.999999880e+02 -1.3872e+00 +3.8343e+00 -3.1449e+00
33287 0 +7.735915801e-06 -9.999999923e+02 -9.999999923e+02 -1.3891e+00 +3.8341e+00 -3.1450e+00
35033 0 +6.158605288e-06 -9.999999938e+02 -9.999999938e+02 -1.3858e+00 +3.8345e+00 -3.1448e+00
35191 0 +3.909359862e-06 -9.999999961e+02 -9.999999961e+02 -1.3881e+00 +3.8342e+00 -3.1449e+00
35455 0 +1.688886982e-06 -9.999999983e+02 -9.999999983e+02 -1.3857e+00 +3.8345e+00 -3.1448e+00
36815 0 +1.313677899e-06 -9.999999987e+02 -9.999999987e+02 -1.3856e+00 +3.8345e+00 -3.1448e+00
38005 0 +6.381662843e-07 -9.999999994e+02 -9.999999994e+02 -1.3863e+00 +3.8344e+00 -3.1448e+00
38875 0 +1.903691782e-07 -9.999999998e+02 -9.999999998e+02 -1.3863e+00 +3.8344e+00 -3.1448e+00
% f evaluations | g evaluations | best noise-free fitness - Fopt (-1.000000000000e+03) + sum g_i+ | measured fitness | best measured fitness or single-digit g-values | x1 | x2...
1 0 +8.685627800e+07 +8.685527800e+07 +8.685527800e+07 -3.3768e+00 -3.4374e+00 -4.3077e+00
2 0 +2.183642383e+06 +2.182642383e+06 +2.182642383e+06 -6.7233e-01 +2.1736e+00 +2.4146e+00
9 0 +9.770673153e+05 +9.760673153e+05 +9.760673153e+05 +2.5663e+00 +2.4041e+00 +1.0308e+00
77 0 +9.013542011e+05 +9.003542011e+05 +9.003542011e+05 -1.5955e+00 +2.8349e+00 +1.0308e+00
135 0 +1.420437573e+05 +1.410437573e+05 +1.410437573e+05 -1.9870e+00 +3.7300e+00 +2.2148e+00
197 0 +1.045191162e+05 +1.035191162e+05 +1.035191162e+05 -1.5955e+00 +3.7300e+00 +1.5674e+00
287 0 +5.556624165e+04 +5.456624165e+04 +5.456624165e+04 -2.2842e+00 +3.7300e+00 +1.9674e+00
415 0 +4.076883057e+04 +3.976883057e+04 +3.976883057e+04 -4.0124e+00 +3.7300e+00 +2.2148e+00
447 0 +2.470159088e+04 +2.370159088e+04 +2.370159088e+04 -2.2842e+00 +3.6382e+00 +1.9674e+00
463 0 +2.022128757e+04 +1.922128757e+04 +1.922128757e+04 -5.5125e-01 +3.2953e+00 +1.6244e+00
473 0 +4.435525251e+03 +3.435525251e+03 +3.435525251e+03 -1.7024e+00 +3.4447e+00 +1.8431e+00
827 0 +1.936679159e+03 +9.366791595e+02 +9.366791595e+02 -2.7112e+00 +3.5168e+00 +1.9541e+00
971 0 +5.987459023e+02 -4.012540977e+02 -4.012540977e+02 -2.2357e-01 +3.4225e+00 +1.5462e+00
1319 0 +1.785628199e+02 -8.214371801e+02 -8.214371801e+02 -2.1842e+00 +3.4774e+00 +1.8152e+00
1359 0 +9.308561732e+01 -9.069143827e+02 -9.069143827e+02 -2.1554e+00 +3.4774e+00 +1.8152e+00
1515 0 +1.194795989e+01 -9.880520401e+02 -9.880520401e+02 -2.3983e+00 +3.4845e+00 +1.8593e+00
3667 0 +1.590846476e+00 -9.984091535e+02 -9.984091535e+02 -9.7366e-01 +3.4482e+00 +1.6697e+00
5515 0 +2.123121061e-01 -9.997876879e+02 -9.997876879e+02 -4.2352e-01 +3.4340e+00 +1.5961e+00
7721 0 +9.480357483e-02 -9.999051964e+02 -9.999051964e+02 -2.8978e-01 +3.4306e+00 +1.5785e+00
7787 0 +9.218048465e-02 -9.999078195e+02 -9.999078195e+02 -4.0979e-01 +3.4335e+00 +1.5946e+00
9183 0 +8.405773230e-02 -9.999159423e+02 -9.999159423e+02 -3.8583e-01 +3.4330e+00 +1.5915e+00
9787 0 +6.264462756e-02 -9.999373554e+02 -9.999373554e+02 -1.4291e-01 +3.4267e+00 +1.5593e+00
10373 0 +3.788406181e-02 -9.999621159e+02 -9.999621159e+02 -3.1513e-01 +3.4312e+00 +1.5821e+00
10869 0 +3.232170975e-02 -9.999676783e+02 -9.999676783e+02 -1.4933e-01 +3.4269e+00 +1.5602e+00
10941 0 +2.616081639e-02 -9.999738392e+02 -9.999738392e+02 -2.1392e-01 +3.4286e+00 +1.5689e+00
11347 0 +2.501382264e-02 -9.999749862e+02 -9.999749862e+02 -1.4291e-01 +3.4267e+00 +1.5593e+00
11583 0 +2.476772389e-03 -9.999975232e+02 -9.999975232e+02 -1.6087e-01 +3.4273e+00 +1.5618e+00
12973 0 +7.366100112e-04 -9.999992634e+02 -9.999992634e+02 -1.1983e-01 +3.4264e+00 +1.5563e+00
17073 0 +7.031253240e-04 -9.999992969e+02 -9.999992969e+02 -1.4713e-01 +3.4270e+00 +1.5600e+00
17519 0 +6.686126110e-04 -9.999993314e+02 -9.999993314e+02 -1.4063e-01 +3.4268e+00 +1.5591e+00
18119 0 +1.701316428e-04 -9.999998299e+02 -9.999998299e+02 -1.3159e-01 +3.4266e+00 +1.5579e+00
18651 0 +6.499720030e-05 -9.999999350e+02 -9.999999350e+02 -1.2004e-01 +3.4264e+00 +1.5564e+00
20389 0 +4.592885421e-05 -9.999999541e+02 -9.999999541e+02 -1.2662e-01 +3.4265e+00 +1.5573e+00
21539 0 +4.455210944e-05 -9.999999554e+02 -9.999999554e+02 -1.2806e-01 +3.4265e+00 +1.5574e+00
22547 0 +4.000707156e-05 -9.999999600e+02 -9.999999600e+02 -1.2877e-01 +3.4265e+00 +1.5575e+00
23197 0 +3.882896283e-05 -9.999999612e+02 -9.999999612e+02 -1.2506e-01 +3.4264e+00 +1.5571e+00
23313 0 +3.017140091e-05 -9.999999698e+02 -9.999999698e+02 -1.2475e-01 +3.4264e+00 +1.5570e+00
23529 0 +2.078626608e-06 -9.999999979e+02 -9.999999979e+02 -1.2427e-01 +3.4264e+00 +1.5569e+00
25071 0 +2.000990889e-06 -9.999999980e+02 -9.999999980e+02 -1.2286e-01 +3.4264e+00 +1.5568e+00
26421 0 +1.378425964e-06 -9.999999986e+02 -9.999999986e+02 -1.2348e-01 +3.4264e+00 +1.5568e+00
26475 0 +1.068354322e-06 -9.999999989e+02 -9.999999989e+02 -1.2353e-01 +3.4264e+00 +1.5568e+00
27077 0 +3.677920404e-07 -9.999999996e+02 -9.999999996e+02 -1.2375e-01 +3.4264e+00 +1.5569e+00
27181 0 +3.035679583e-07 -9.999999997e+02 -9.999999997e+02 -1.2345e-01 +3.4264e+00 +1.5568e+00
28545 0 +2.747359531e-07 -9.999999997e+02 -9.999999997e+02 -1.2343e-01 +3.4264e+00 +1.5568e+00
28931 0 +1.659290092e-07 -9.999999998e+02 -9.999999998e+02 -1.2323e-01 +3.4264e+00 +1.5568e+00
31453 0 +9.599943951e-08 -9.999999999e+02 -9.999999999e+02 -1.2318e-01 +3.4264e+00 +1.5568e+00
31687 0 +3.947593541e-08 -1.000000000e+03 -1.000000000e+03 -1.2318e-01 +3.4264e+00 +1.5568e+00
32641 0 +2.361866791e-08 -1.000000000e+03 -1.000000000e+03 -1.2326e-01 +3.4264e+00 +1.5568e+00
32817 0 +1.174839781e-08 -1.000000000e+03 -1.000000000e+03 -1.2317e-01 +3.4264e+00 +1.5568e+00
34375 0 +2.818296707e-09 -1.000000000e+03 -1.000000000e+03 -1.2324e-01 +3.4264e+00 +1.5568e+00
% f evaluations | g evaluations | best noise-free fitness - Fopt (2.959000000000e+01) + sum g_i+ | measured fitness | best measured fitness or single-digit g-values | x1 | x2...
1 0 +2.725259137e+07 +2.725262096e+07 +2.725262096e+07 -3.3478e+00 +3.5958e+00 +2.6339e+00
2 0 +1.075929866e+05 +1.076225766e+05 +1.076225766e+05 +1.3223e+00 +2.9506e+00 -1.3183e+00
79 0 +9.767943291e+03 +9.797533291e+03 +9.797533291e+03 -3.0011e+00 +1.5149e+00 +2.2477e-01
637 0 +5.401677093e+03 +5.431267093e+03 +5.431267093e+03 +4.6896e+00 +4.5938e+00 -2.5055e+00
1005 0 +2.175753153e+03 +2.205343153e+03 +2.205343153e+03 -1.1083e+00 +2.2856e+00 -5.7530e-01
1423 0 +4.193691243e+02 +4.489591243e+02 +4.489591243e+02 +3.8774e+00 +4.3327e+00 -2.2905e+00
3979 0 +2.251617677e+02 +2.547517677e+02 +2.547517677e+02 -3.3722e+00 +1.3742e+00 +2.3425e-01
4075 0 +1.589691766e+02 +1.885591766e+02 +1.885591766e+02 -2.9230e+00 +1.6062e+00 +5.9413e-02
4867 0 +5.767469256e+01 +8.726469256e+01 +8.726469256e+01 +2.7392e+00 +3.8631e+00 -1.8827e+00
6565 0 +1.070286915e+01 +4.029286915e+01 +4.029286915e+01 -2.1743e+00 +1.9007e+00 -2.0211e-01
8571 0 +3.762642583e+00 +3.335264258e+01 +3.335264258e+01 -2.5205e+00 +1.7646e+00 -8.3145e-02
10581 0 +1.205803620e+00 +3.079580362e+01 +3.079580362e+01 -2.2175e+00 +1.8873e+00 -1.8573e-01
12063 0 +9.451322489e-01 +3.053513225e+01 +3.053513225e+01 -2.4995e+00 +1.7725e+00 -9.1206e-02
12843 0 +9.269885601e-02 +2.968269886e+01 +2.968269886e+01 -2.5289e+00 +1.7604e+00 -8.2525e-02
15415 0 +2.749656903e-02 +2.961749657e+01 +2.961749657e+01 -2.7609e+00 +1.6669e+00 -4.6522e-03
17307 0 +2.040436392e-02 +2.961040436e+01 +2.961040436e+01 -2.7622e+00 +1.6666e+00 -4.4511e-03
17973 0 +7.069587931e-03 +2.959706959e+01 +2.959706959e+01 -2.7330e+00 +1.6781e+00 -1.4262e-02
22079 0 +5.703192219e-03 +2.959570319e+01 +2.959570319e+01 -2.7323e+00 +1.6784e+00 -1.4495e-02
22429 0 +4.340108128e-03 +2.959434011e+01 +2.959434011e+01 -2.7743e+00 +1.6616e+00 -3.2642e-04
22479 0 +2.848972335e-03 +2.959284897e+01 +2.959284897e+01 -2.7581e+00 +1.6681e+00 -5.8157e-03
22735 0 +1.185440685e-03 +2.959118544e+01 +2.959118544e+01 -2.7842e+00 +1.6576e+00 +3.0662e-03
24971 0 +9.620774419e-04 +2.959096208e+01 +2.959096208e+01 -2.7780e+00 +1.6601e+00 +9.6936e-04
27531 0 +5.723676073e-04 +2.959057237e+01 +2.959057237e+01 -2.7780e+00 +1.6601e+00 +9.6936e-04
29509 0 +4.015855996e-04 +2.959040159e+01 +2.959040159e+01 -2.7841e+00 +1.6577e+00 +3.0820e-03
30383 0 +3.056532478e-04 +2.959030565e+01 +2.959030565e+01 -2.7842e+00 +1.6577e+00 +3.0941e-03
31175 0 +2.883933868e-04 +2.959028839e+01 +2.959028839e+01 -2.7849e+00 +1.6574e+00 +3.3488e-03
31817 0 +2.772445624e-04 +2.959027724e+01 +2.959027724e+01 -2.7840e+00 +1.6577e+00 +3.0240e-03
31969 0 +2.686254111e-04 +2.959026863e+01 +2.959026863e+01 -2.7851e+00 +1.6573e+00 +3.4094e-03
32265 0 +2.594742150e-04 +2.959025947e+01 +2.959025947e+01 -2.7855e+00 +1.6571e+00 +3.5494e-03
32277 0 +2.513811810e-04 +2.959025138e+01 +2.959025138e+01 -2.7853e+00 +1.6572e+00 +3.4793e-03
32389 0 +2.255167698e-04 +2.959022552e+01 +2.959022552e+01 -2.7890e+00 +1.6557e+00 +4.7475e-03
32635 0 +1.374281602e-04 +2.959013743e+01 +2.959013743e+01 -2.7895e+00 +1.6555e+00 +4.9176e-03
33665 0 +1.199938800e-04 +2.959011999e+01 +2.959011999e+01 -2.7906e+00 +1.6551e+00 +5.2988e-03
33747 0 +1.127089620e-04 +2.959011271e+01 +2.959011271e+01 -2.7920e+00 +1.6545e+00 +5.7852e-03
34031 0 +1.110400561e-04 +2.959011104e+01 +2.959011104e+01 -2.7928e+00 +1.6542e+00 +6.0595e-03
34289 0 +9.769059207e-05 +2.959009769e+01 +2.959009769e+01 -2.7899e+00 +1.6554e+00 +5.0532e-03
34541 0 +7.799912341e-05 +2.959007800e+01 +2.959007800e+01 -2.7910e+00 +1.6549e+00 +5.4412e-03
35197 0 +7.747715235e-05 +2.959007748e+01 +2.959007748e+01 -2.7930e+00 +1.6541e+00 +6.1307e-03
35785 0 +7.042112199e-05 +2.959007042e+01 +2.959007042e+01 -2.7944e+00 +1.6536e+00 +6.6212e-03
36163 0 +5.405901209e-05 +2.959005406e+01 +2.959005406e+01 -2.7933e+00 +1.6540e+00 +6.2203e-03
36293 0 +5.027504640e-05 +2.959005028e+01 +2.959005028e+01 -2.7922e+00 +1.6545e+00 +5.8535e-03
36649 0 +4.039595063e-05 +2.959004040e+01 +2.959004040e+01 -2.7929e+00 +1.6542e+00 +6.0896e-03
37007 0 +3.940127296e-05 +2.959003940e+01 +2.959003940e+01 -2.7940e+00 +1.6537e+00 +6.4904e-03
37071 0 +3.169773530e-05 +2.959003170e+01 +2.959003170e+01 -2.7936e+00 +1.6539e+00 +6.3371e-03
38583 0 +2.605625462e-05 +2.959002606e+01 +2.959002606e+01 -2.7941e+00 +1.6537e+00 +6.5254e-03
39005 0 +1.766240469e-05 +2.959001766e+01 +2.959001766e+01 -2.7962e+00 +1.6529e+00 +7.2213e-03
39495 0 +1.400878625e-05 +2.959001401e+01 +2.959001401e+01 -2.7958e+00 +1.6530e+00 +7.1152e-03
39947 0 +1.035364728e-05 +2.959001035e+01 +2.959001035e+01 -2.7956e+00 +1.6531e+00 +7.0130e-03
% f evaluations | g evaluations | best noise-free fitness - Fopt (7.100000000000e+01) + sum g_i+ | measured fitness | best measured fitness or single-digit g-values | x1 | x2...
1 0 +3.286875837e+07 +3.286882937e+07 +3.286882937e+07 +1.1787e+00 -2.9884e+00 -4.4988e+00
3 0 +2.022365523e+07 +2.022372623e+07 +2.022372623e+07 -4.6085e-01 +3.2081e+00 +4.4788e-01
4 0 +2.956169259e+06 +2.956240259e+06 +2.956240259e+06 +2.7460e-01 -2.0587e+00 -2.0269e-01
15 0 +2.372957132e+06 +2.373028132e+06 +2.373028132e+06 +4.1733e+00 +8.0858e-01 -2.9272e+00
29 0 +1.550095451e+05 +1.550805451e+05 +1.550805451e+05 +5.0000e+00 +3.1314e+00 -1.8973e+00
521 0 +2.088926945e+04 +2.096026945e+04 +2.096026945e+04 +4.0940e+00 +1.8378e+00 -1.6188e+00
753 0 +1.514331576e+03 +1.585331576e+03 +1.585331576e+03 +1.0059e+00 -6.1016e-01 -1.9100e+00
1359 0 +8.307204661e+02 +9.017204661e+02 +9.017204661e+02 +1.4259e+00 -2.6500e-01 -1.8707e+00
1599 0 +2.976538104e+02 +3.686538104e+02 +3.686538104e+02 +1.4259e+00 -2.6500e-01 -1.8859e+00
1879 0 +1.999774964e+02 +2.709774964e+02 +2.709774964e+02 +1.4259e+00 -2.6500e-01 -1.8927e+00
2915 0 +1.706808274e+02 +2.416808274e+02 +2.416808274e+02 +4.6116e+00 +2.4044e+00 -1.7097e+00
3837 0 +6.812817316e+01 +1.391281732e+02 +1.391281732e+02 +2.1817e+00 +3.3151e-01 -1.8415e+00
5197 0 +6.167716986e+01 +1.326771699e+02 +1.326771699e+02 +3.4476e+00 +1.3714e+00 -1.7670e+00
5289 0 +5.584649196e+01 +1.268464920e+02 +1.268464920e+02 +1.7140e+00 -2.9345e-02 -1.8561e+00
5687 0 +2.761372673e+01 +9.861372673e+01 +9.861372673e+01 +4.1213e+00 +1.9589e+00 -1.7380e+00
6169 0 +8.149633979e+00 +7.914963398e+01 +7.914963398e+01 +1.5614e+00 -1.5235e-01 -1.8708e+00
8411 0 +3.156099034e+00 +7.415609903e+01 +7.415609903e+01 +2.0753e+00 +2.5950e-01 -1.8422e+00
8451 0 +7.324895390e-01 +7.173248954e+01 +7.173248954e+01 +1.9836e+00 +1.8396e-01 -1.8475e+00
12211 0 +5.448854095e-01 +7.154488541e+01 +7.154488541e+01 +1.9836e+00 +1.8396e-01 -1.8478e+00
14257 0 +4.663762079e-01 +7.146637621e+01 +7.146637621e+01 +1.9132e+00 +1.2987e-01 -1.8523e+00
17035 0 +3.680495691e-01 +7.136804957e+01 +7.136804957e+01 +1.9681e+00 +1.7188e-01 -1.8489e+00
17043 0 +3.143924615e-01 +7.131439246e+01 +7.131439246e+01 +2.0115e+00 +2.0676e-01 -1.8465e+00
17127 0 +2.888512324e-01 +7.128885123e+01 +7.128885123e+01 +1.7039e+00 -3.6104e-02 -1.8645e+00
18903 0 +2.263192884e-01 +7.122631929e+01 +7.122631929e+01 +1.9408e+00 +1.5074e-01 -1.8505e+00
19415 0 +2.169509800e-01 +7.121695098e+01 +7.121695098e+01 +1.8224e+00 +5.8151e-02 -1.8575e+00
19583 0 +1.669073820e-01 +7.116690738e+01 +7.116690738e+01 +1.8576e+00 +8.5699e-02 -1.8552e+00
20329 0 +1.165928987e-01 +7.111659290e+01 +7.111659290e+01 +1.7456e+00 -2.7506e-03 -1.8620e+00
20365 0 +4.318068449e-02 +7.104318068e+01 +7.104318068e+01 +1.7033e+00 -3.6115e-02 -1.8643e+00
22765 0 +4.178417363e-02 +7.104178417e+01 +7.104178417e+01 +1.6944e+00 -4.3072e-02 -1.8645e+00
23685 0 +3.636103855e-02 +7.103636104e+01 +7.103636104e+01 +1.6609e+00 -6.9536e-02 -1.8664e+00
23771 0 +3.289436755e-02 +7.103289437e+01 +7.103289437e+01 +1.6524e+00 -7.6676e-02 -1.8670e+00
24591 0 +2.671716533e-02 +7.102671717e+01 +7.102671717e+01 +1.6681e+00 -6.3913e-02 -1.8660e+00
24719 0 +2.408523028e-02 +7.102408523e+01 +7.102408523e+01 +1.6916e+00 -4.5351e-02 -1.8648e+00
24729 0 +1.271021933e-02 +7.101271022e+01 +7.101271022e+01 +1.6588e+00 -7.1365e-02 -1.8666e+00
25329 0 +1.103789980e-02 +7.101103790e+01 +7.101103790e+01 +1.6588e+00 -7.1365e-02 -1.8667e+00
25873 0 +1.025199301e-02 +7.101025199e+01 +7.101025199e+01 +1.6512e+00 -7.7496e-02 -1.8671e+00
25903 0 +7.747249403e-03 +7.100774725e+01 +7.100774725e+01 +1.6353e+00 -9.0061e-02 -1.8680e+00
26889 0 +6.839061220e-03 +7.100683906e+01 +7.100683906e+01 +1.6383e+00 -8.7656e-02 -1.8678e+00
27893 0 +6.253997045e-03 +7.100625400e+01 +7.100625400e+01 +1.6343e+00 -9.0899e-02 -1.8680e+00
28073 0 +6.023480972e-03 +7.100602348e+01 +7.100602348e+01 +1.6348e+00 -9.0416e-02 -1.8680e+00
28079 0 +5.220796145e-03 +7.100522080e+01 +7.100522080e+01 +1.6326e+00 -9.2201e-02 -1.8682e+00
28455 0 +4.993126053e-03 +7.100499313e+01 +7.100499313e+01 +1.6296e+00 -9.4611e-02 -1.8683e+00
29261 0 +4.800900965e-03 +7.100480090e+01 +7.100480090e+01 +1.6301e+00 -9.4225e-02 -1.8683e+00
29705 0 +4.649655428e-03 +7.100464966e+01 +7.100464966e+01 +1.6306e+00 -9.3831e-02 -1.8683e+00
30019 0 +4.526289561e-03 +7.100452629e+01 +7.100452629e+01 +1.6162e+00 -1.0526e-01 -1.8691e+00
30639 0 +4.155419331e-03 +7.100415542e+01 +7.100415542e+01 +1.6173e+00 -1.0445e-01 -1.8690e+00
31187 0 +3.802268721e-03 +7.100380227e+01 +7.100380227e+01 +1.6237e+00 -9.9317e-02 -1.8687e+00
31675 0 +3.727589949e-03 +7.100372759e+01 +7.100372759e+01 +1.6215e+00 -1.0111e-01 -1.8688e+00
32119 0 +3.547471306e-03 +7.100354747e+01 +7.100354747e+01 +1.6172e+00 -1.0449e-01 -1.8690e+00
33153 0 +3.303449080e-03 +7.100330345e+01 +7.100330345e+01 +1.6195e+00 -1.0271e-01 -1.8689e+00
33577 0 +3.216141045e-03 +7.100321614e+01 +7.100321614e+01 +1.6201e+00 -1.0221e-01 -1.8689e+00
34373 0 +3.086606205e-03 +7.100308661e+01 +7.100308661e+01 +1.6136e+00 -1.0740e-01 -1.8692e+00
34789 0 +2.993952358e-03 +7.100299395e+01 +7.100299395e+01 +1.6175e+00 -1.0431e-01 -1.8690e+00
35007 0 +2.658332610e-03 +7.100265833e+01 +7.100265833e+01 +1.6153e+00 -1.0613e-01 -1.8691e+00
35257 0 +2.606521555e-03 +7.100260652e+01 +7.100260652e+01 +1.6159e+00 -1.0562e-01 -1.8691e+00
35459 0 +2.211655794e-03 +7.100221166e+01 +7.100221166e+01 +1.6130e+00 -1.0794e-01 -1.8692e+00
35561 0 +1.690291817e-03 +7.100169029e+01 +7.100169029e+01 +1.6079e+00 -1.1205e-01 -1.8695e+00
36349 0 +1.599443506e-03 +7.100159944e+01 +7.100159944e+01 +1.6084e+00 -1.1160e-01 -1.8695e+00
36639 0 +1.463172496e-03 +7.100146317e+01 +7.100146317e+01 +1.6063e+00 -1.1331e-01 -1.8696e+00
36697 0 +1.286975721e-03 +7.100128698e+01 +7.100128698e+01 +1.6046e+00 -1.1469e-01 -1.8697e+00
38035 0 +1.190192056e-03 +7.100119019e+01 +7.100119019e+01 +1.6042e+00 -1.1503e-01 -1.8697e+00
39361 0 +1.095179251e-03 +7.100109518e+01 +7.100109518e+01 +1.6032e+00 -1.1581e-01 -1.8698e+00
% f evaluations | g evaluations | best noise-free fitness - Fopt (-6.702000000000e+01) + sum g_i+ | measured fitness | best measured fitness or single-digit g-values | x1 | x2...
1 0 +5.336964354e+07 +5.336957652e+07 +5.336957652e+07 -4.8183e+00 +2.3702e+00 -4.3003e+00
2 0 +1.426902071e+07 +1.426895369e+07 +1.426895369e+07 -4.7261e+00 +2.7645e+00 +2.9575e+00
4 0 +1.282340700e+07 +1.282333998e+07 +1.282333998e+07 -2.3127e+00 -3.7933e-01 +7.9168e-01
5 0 +8.484927106e+06 +8.484860086e+06 +8.484860086e+06 +3.4517e+00 -2.6239e+00 -4.8501e+00
9 0 +6.250467237e+06 +6.250400217e+06 +6.250400217e+06 +1.9640e+00 +3.4332e+00 +1.5656e+00
14 0 +1.874341685e+05 +1.873671485e+05 +1.873671485e+05 -1.3934e+00 +3.4790e+00 +8.7926e-01
461 0 +1.038919643e+05 +1.038249443e+05 +1.038249443e+05 +1.6085e-01 +2.5118e+00 +2.0308e-01
511 0 +1.763443732e+04 +1.756741732e+04 +1.756741732e+04 -2.6161e+00 +3.8601e+00 +1.4518e+00
871 0 +1.715004422e+04 +1.708302422e+04 +1.708302422e+04 -2.6161e+00 +3.9125e+00 +1.4518e+00
1099 0 +5.291130534e+03 +5.224110534e+03 +5.224110534e+03 +3.1450e+00 +7.4954e-01 -2.3806e+00
1273 0 +5.748087065e+02 +5.077887065e+02 +5.077887065e+02 -5.2481e-01 +2.6983e+00 +7.8113e-01
2033 0 +2.586149944e+02 +1.915949944e+02 +1.915949944e+02 -4.7861e-01 +2.6983e+00 +7.8113e-01
6533 0 +1.185962495e+02 +5.157624954e+01 +5.157624954e+01 +2.6181e+00 +1.0748e+00 -1.8085e+00
9321 0 +1.273748763e+01 -5.428251237e+01 -5.428251237e+01 +2.4646e+00 +1.1475e+00 -1.6351e+00
11361 0 +4.187810555e+00 -6.283218944e+01 -6.283218944e+01 +2.4646e+00 +1.1423e+00 -1.6351e+00
11979 0 +3.081846835e+00 -6.393815317e+01 -6.393815317e+01 +2.3957e+00 +1.1795e+00 -1.5449e+00
12425 0 +2.229550466e+00 -6.479044953e+01 -6.479044953e+01 +2.3756e+00 +1.1873e+00 -1.5224e+00
13247 0 +1.035727853e+00 -6.598427215e+01 -6.598427215e+01 +2.2130e+00 +1.2713e+00 -1.3206e+00
13431 0 +2.087956241e-01 -6.681120438e+01 -6.681120438e+01 +2.6538e+00 +1.0505e+00 -1.8680e+00
13649 0 +1.132760913e-01 -6.690672391e+01 -6.690672391e+01 +2.3833e+00 +1.1849e+00 -1.5316e+00
16527 0 +3.645453332e-02 -6.698354547e+01 -6.698354547e+01 +2.5964e+00 +1.0769e+00 -1.8073e+00
20901 0 +2.809918077e-02 -6.699190082e+01 -6.699190082e+01 +2.4800e+00 +1.1356e+00 -1.6576e+00
24919 0 +1.810728782e-02 -6.700189271e+01 -6.700189271e+01 +2.4840e+00 +1.1336e+00 -1.6628e+00
28339 0 +1.695284635e-02 -6.700304715e+01 -6.700304715e+01 +2.4909e+00 +1.1301e+00 -1.6718e+00
30025 0 +1.609480864e-02 -6.700390519e+01 -6.700390519e+01 +2.4929e+00 +1.1291e+00 -1.6744e+00
30159 0 +1.417669911e-02 -6.700582330e+01 -6.700582330e+01 +2.4970e+00 +1.1270e+00 -1.6798e+00
30763 0 +1.384097707e-02 -6.700615902e+01 -6.700615902e+01 +2.4982e+00 +1.1264e+00 -1.6814e+00
31129 0 +1.284711505e-02 -6.700715288e+01 -6.700715288e+01 +2.5005e+00 +1.1252e+00 -1.6844e+00
32159 0 +1.245928573e-02 -6.700754071e+01 -6.700754071e+01 +2.5008e+00 +1.1250e+00 -1.6849e+00
32957 0 +1.172352270e-02 -6.700827648e+01 -6.700827648e+01 +2.5027e+00 +1.1241e+00 -1.6873e+00
33897 0 +1.121675779e-02 -6.700878324e+01 -6.700878324e+01 +2.5042e+00 +1.1233e+00 -1.6894e+00
34287 0 +1.081319478e-02 -6.700918681e+01 -6.700918681e+01 +2.5069e+00 +1.1219e+00 -1.6930e+00
34803 0 +9.868901417e-03 -6.701013110e+01 -6.701013110e+01 +2.5077e+00 +1.1215e+00 -1.6940e+00
36093 0 +9.472654567e-03 -6.701052735e+01 -6.701052735e+01 +2.5118e+00 +1.1194e+00 -1.6995e+00
36213 0 +9.241904458e-03 -6.701075810e+01 -6.701075810e+01 +2.5100e+00 +1.1204e+00 -1.6970e+00
37791 0 +8.990733221e-03 -6.701100927e+01 -6.701100927e+01 +2.5120e+00 +1.1194e+00 -1.6997e+00
38213 0 +8.818154670e-03 -6.701118185e+01 -6.701118185e+01 +2.5107e+00 +1.1200e+00 -1.6980e+00
39091 0 +8.525205045e-03 -6.701147479e+01 -6.701147479e+01 +2.5136e+00 +1.1186e+00 -1.7018e+00
39235 0 +8.418500386e-03 -6.701158150e+01 -6.701158150e+01 +2.5157e+00 +1.1175e+00 -1.7046e+00
