% f evaluations | g evaluations | best noise-free fitness - Fopt (-6.211100000000e+02) + sum g_i+ | measured fitness | best measured fitness or single-digit g-values | x1 | x2...
1 0 +5.558378787e+10 +5.558378724e+10 +5.558378724e+10 +8.0101e-03 -4.9411e+00
2 0 +1.701578751e+04 +1.639467751e+04 +1.639467751e+04 +1.8517e+00 +3.8201e+00
49 0 +1.396361339e+04 +1.334250339e+04 +1.334250339e+04 +3.7713e+00 +3.8491e+00
81 0 +2.245896371e+03 +1.624786371e+03 +1.624786371e+03 +4.2387e+00 +4.0638e+00
171 0 +2.452590855e+02 -3.758509145e+02 -3.758509145e+02 +3.7701e+00 +4.0293e+00
211 0 +1.128338548e+02 -5.082761452e+02 -5.082761452e+02 +5.0000e+00 +4.0293e+00
301 0 +9.996902658e+00 -6.111130973e+02 -6.111130973e+02 +2.2589e+00 +4.0071e+00
319 0 +7.663804669e+00 -6.134461953e+02 -6.134461953e+02 -2.9461e+00 +3.9822e+00
439 0 +3.247137085e+00 -6.178628629e+02 -6.178628629e+02 -2.6331e+00 +3.9822e+00
781 0 +2.715444421e+00 -6.183945556e+02 -6.183945556e+02 -1.0220e+00 +3.9922e+00
947 0 +2.057655402e+00 -6.190523446e+02 -6.190523446e+02 -2.2318e+00 +3.9833e+00
1053 0 +4.725880436e-01 -6.206374120e+02 -6.206374120e+02 -5.0156e-01 +3.9926e+00
1421 0 +4.280657264e-02 -6.210671934e+02 -6.210671934e+02 -1.0220e+00 +3.9903e+00
1771 0 +1.088450074e-02 -6.210991155e+02 -6.210991155e+02 -9.6720e-01 +3.9909e+00
2105 0 +7.006331158e-03 -6.211029937e+02 -6.211029937e+02 -9.5503e-01 +3.9908e+00
3183 0 +3.844626881e-03 -6.211061554e+02 -6.211061554e+02 -9.2138e-01 +3.9911e+00
3229 0 +1.850294267e-04 -6.211098150e+02 -6.211098150e+02 -8.9443e-01 +3.9912e+00
3583 0 +9.492042898e-05 -6.211099051e+02 -6.211099051e+02 -8.8227e-01 +3.9912e+00
4665 0 +3.131700578e-05 -6.211099687e+02 -6.211099687e+02 -8.8912e-01 +3.9912e+00
4705 0 +2.380429589e-05 -6.211099762e+02 -6.211099762e+02 -8.8892e-01 +3.9912e+00
4729 0 +3.809782356e-06 -6.211099962e+02 -6.211099962e+02 -8.9014e-01 +3.9912e+00
5677 0 +2.403192525e-06 -6.211099976e+02 -6.211099976e+02 -8.9329e-01 +3.9912e+00
5929 0 +7.704761629e-08 -6.211099999e+02 -6.211099999e+02 -8.9172e-01 +3.9912e+00
7199 0 +4.985167834e-09 -6.211100000e+02 -6.211100000e+02 -8.9202e-01 +3.9912e+00
11893 0 +0.000000000e+00 -6.211100000e+02 -6.211100000e+02 -8.9200e-01 +3.9912e+00
% f evaluations | g evaluations | best noise-free fitness - Fopt (-2.548200000000e+02) + sum g_i+ | measured fitness | best measured fitness or single-digit g-values | x1 | x2...
1 0 +1.111864274e+08 +1.111861726e+08 +1.111861726e+08 +7.1884e-01 +4.3556e-01
5 0 +8.789841770e+07 +8.789816288e+07 +8.789816288e+07 +3.1922e+00 -2.1867e+00
6 0 +5.900132775e+06 +5.899877955e+06 +5.899877955e+06 +1.5178e-01 +3.8657e+00
7 0 +5.881761332e+06 +5.881506512e+06 +5.881506512e+06 +4.3871e+00 +1.2847e+00
15 0 +1.792691783e+06 +1.792436963e+06 +1.792436963e+06 +4.7791e+00 +2.4219e+00
95 0 +1.390983731e+06 +1.390728911e+06 +1.390728911e+06 +4.0635e-01 +4.2179e+00
111 0 +2.040068278e+04 +2.014586278e+04 +2.014586278e+04 +3.3739e+00 +3.8657e+00
257 0 +3.731037261e+00 -2.510889627e+02 -2.510889627e+02 +3.9982e+00 +3.7589e+00
1297 0 +3.669534912e+00 -2.511504651e+02 -2.511504651e+02 +3.8099e+00 +3.7589e+00
1541 0 +2.023669169e+00 -2.527963308e+02 -2.527963308e+02 +2.7666e+00 +3.7340e+00
1671 0 +2.135328655e-01 -2.546064671e+02 -2.546064671e+02 +3.2847e+00 +3.7106e+00
1951 0 +2.000634179e-01 -2.546199366e+02 -2.546199366e+02 +3.2847e+00 +3.7106e+00
3451 0 +1.765107571e-01 -2.546434892e+02 -2.546434892e+02 +3.2946e+00 +3.7106e+00
4153 0 +1.543790205e-01 -2.546656210e+02 -2.546656210e+02 +3.2730e+00 +3.7100e+00
4343 0 +1.158883712e-01 -2.547041116e+02 -2.547041116e+02 +3.4179e+00 +3.7192e+00
4377 0 +1.054703147e-01 -2.547145297e+02 -2.547145297e+02 +3.4560e+00 +3.7228e+00
4459 0 +8.766389318e-02 -2.547323361e+02 -2.547323361e+02 +3.3920e+00 +3.7173e+00
4639 0 +3.306604906e-02 -2.547869340e+02 -2.547869340e+02 +3.5352e+00 +3.7322e+00
4839 0 +4.163558168e-03 -2.548158364e+02 -2.548158364e+02 +3.7292e+00 +3.7596e+00
7981 0 +3.806910416e-03 -2.548161931e+02 -2.548161931e+02 +3.6705e+00 +3.7513e+00
8091 0 +1.865447709e-03 -2.548181346e+02 -2.548181346e+02 +3.7493e+00 +3.7608e+00
8873 0 +1.726572143e-03 -2.548182734e+02 -2.548182734e+02 +3.6880e+00 +3.7539e+00
9059 0 +1.644201082e-03 -2.548183558e+02 -2.548183558e+02 +3.6916e+00 +3.7545e+00
9247 0 +1.556091888e-03 -2.548184439e+02 -2.548184439e+02 +3.6906e+00 +3.7543e+00
9501 0 +1.533804967e-03 -2.548184662e+02 -2.548184662e+02 +3.6899e+00 +3.7542e+00
9509 0 +1.171195047e-03 -2.548188288e+02 -2.548188288e+02 +3.7011e+00 +3.7559e+00
9753 0 +9.284113866e-04 -2.548190716e+02 -2.548190716e+02 +3.7063e+00 +3.7566e+00
9887 0 +6.187128499e-04 -2.548193813e+02 -2.548193813e+02 +3.7098e+00 +3.7571e+00
10919 0 +5.797218648e-04 -2.548194203e+02 -2.548194203e+02 +3.7106e+00 +3.7573e+00
11835 0 +5.578009454e-04 -2.548194422e+02 -2.548194422e+02 +3.7118e+00 +3.7574e+00
11899 0 +5.479883952e-04 -2.548194520e+02 -2.548194520e+02 +3.7112e+00 +3.7573e+00
12243 0 +4.957978351e-04 -2.548195042e+02 -2.548195042e+02 +3.7131e+00 +3.7576e+00
12487 0 +4.871991769e-04 -2.548195128e+02 -2.548195128e+02 +3.7130e+00 +3.7576e+00
12789 0 +4.694753038e-04 -2.548195305e+02 -2.548195305e+02 +3.7136e+00 +3.7577e+00
13015 0 +4.601720568e-04 -2.548195398e+02 -2.548195398e+02 +3.7146e+00 +3.7578e+00
13025 0 +4.479624823e-04 -2.548195520e+02 -2.548195520e+02 +3.7144e+00 +3.7578e+00
13141 0 +4.284515240e-04 -2.548195715e+02 -2.548195715e+02 +3.7155e+00 +3.7579e+00
13281 0 +4.209267819e-04 -2.548195791e+02 -2.548195791e+02 +3.7157e+00 +3.7580e+00
13337 0 +4.032854855e-04 -2.548195967e+02 -2.548195967e+02 +3.7159e+00 +3.7580e+00
13763 0 +3.951811924e-04 -2.548196048e+02 -2.548196048e+02 +3.7161e+00 +3.7580e+00
13785 0 +3.744924769e-04 -2.548196255e+02 -2.548196255e+02 +3.7171e+00 +3.7582e+00
14311 0 +3.663917728e-04 -2.548196336e+02 -2.548196336e+02 +3.7183e+00 +3.7583e+00
14439 0 +3.441488248e-04 -2.548196559e+02 -2.548196559e+02 +3.7178e+00 +3.7582e+00
14455 0 +3.375882755e-04 -2.548196624e+02 -2.548196624e+02 +3.7180e+00 +3.7583e+00
14607 0 +3.156086320e-04 -2.548196844e+02 -2.548196844e+02 +3.7187e+00 +3.7584e+00
14697 0 +3.079475920e-04 -2.548196921e+02 -2.548196921e+02 +3.7190e+00 +3.7584e+00
14853 0 +2.989543690e-04 -2.548197010e+02 -2.548197010e+02 +3.7197e+00 +3.7585e+00
15013 0 +2.920458764e-04 -2.548197080e+02 -2.548197080e+02 +3.7196e+00 +3.7585e+00
15249 0 +2.836135536e-04 -2.548197164e+02 -2.548197164e+02 +3.7199e+00 +3.7585e+00
15255 0 +2.772572027e-04 -2.548197227e+02 -2.548197227e+02 +3.7202e+00 +3.7586e+00
15519 0 +2.694394576e-04 -2.548197306e+02 -2.548197306e+02 +3.7209e+00 +3.7587e+00
15789 0 +2.549166916e-04 -2.548197451e+02 -2.548197451e+02 +3.7211e+00 +3.7587e+00
15791 0 +2.508618712e-04 -2.548197491e+02 -2.548197491e+02 +3.7216e+00 +3.7588e+00
15995 0 +2.428536654e-04 -2.548197571e+02 -2.548197571e+02 +3.7216e+00 +3.7588e+00
16149 0 +2.279412199e-04 -2.548197721e+02 -2.548197721e+02 +3.7225e+00 +3.7589e+00
16503 0 +2.170765718e-04 -2.548197829e+02 -2.548197829e+02 +3.7229e+00 +3.7589e+00
16675 0 +2.085365192e-04 -2.548197915e+02 -2.548197915e+02 +3.7231e+00 +3.7589e+00
16789 0 +2.007615616e-04 -2.548197992e+02 -2.548197992e+02 +3.7234e+00 +3.7590e+00
16941 0 +1.917648142e-04 -2.548198082e+02 -2.548198082e+02 +3.7241e+00 +3.7591e+00
17115 0 +1.746833344e-04 -2.548198253e+02 -2.548198253e+02 +3.7246e+00 +3.7592e+00
17305 0 +1.680029174e-04 -2.548198320e+02 -2.548198320e+02 +3.7250e+00 +3.7592e+00
17495 0 +1.632464054e-04 -2.548198368e+02 -2.548198368e+02 +3.7256e+00 +3.7593e+00
17765 0 +1.540062940e-04 -2.548198460e+02 -2.548198460e+02 +3.7259e+00 +3.7593e+00
17787 0 +1.481674469e-04 -2.548198518e+02 -2.548198518e+02 +3.7260e+00 +3.7593e+00
18235 0 +1.454029583e-04 -2.548198546e+02 -2.548198546e+02 +3.7263e+00 +3.7594e+00
18655 0 +1.381175284e-04 -2.548198619e+02 -2.548198619e+02 +3.7265e+00 +3.7594e+00
18873 0 +1.332917496e-04 -2.548198667e+02 -2.548198667e+02 +3.7268e+00 +3.7594e+00
19121 0 +1.289795833e-04 -2.548198710e+02 -2.548198710e+02 +3.7273e+00 +3.7595e+00
19565 0 +1.268677218e-04 -2.548198731e+02 -2.548198731e+02 +3.7273e+00 +3.7595e+00
19859 0 +1.255402944e-04 -2.548198745e+02 -2.548198745e+02 +3.7274e+00 +3.7595e+00
20175 0 +1.229483638e-04 -2.548198771e+02 -2.548198771e+02 +3.7274e+00 +3.7595e+00
20521 0 +1.199240180e-04 -2.548198801e+02 -2.548198801e+02 +3.7276e+00 +3.7595e+00
20567 0 +1.159704887e-04 -2.548198840e+02 -2.548198840e+02 +3.7278e+00 +3.7595e+00
20729 0 +1.139902051e-04 -2.548198860e+02 -2.548198860e+02 +3.7279e+00 +3.7596e+00
20793 0 +1.102831544e-04 -2.548198897e+02 -2.548198897e+02 +3.7282e+00 +3.7596e+00
21109 0 +1.071207243e-04 -2.548198929e+02 -2.548198929e+02 +3.7283e+00 +3.7596e+00
21431 0 +1.017952308e-04 -2.548198982e+02 -2.548198982e+02 +3.7287e+00 +3.7597e+00
21947 0 +9.993250393e-05 -2.548199001e+02 -2.548199001e+02 +3.7290e+00 +3.7597e+00
22103 0 +9.673559120e-05 -2.548199033e+02 -2.548199033e+02 +3.7291e+00 +3.7597e+00
22291 0 +9.462050457e-05 -2.548199054e+02 -2.548199054e+02 +3.7296e+00 +3.7598e+00
22663 0 +9.119985756e-05 -2.548199088e+02 -2.548199088e+02 +3.7294e+00 +3.7597e+00
22837 0 +8.566006608e-05 -2.548199143e+02 -2.548199143e+02 +3.7297e+00 +3.7598e+00
22885 0 +8.481311559e-05 -2.548199152e+02 -2.548199152e+02 +3.7298e+00 +3.7598e+00
23145 0 +8.170243984e-05 -2.548199183e+02 -2.548199183e+02 +3.7300e+00 +3.7598e+00
23419 0 +7.853718995e-05 -2.548199215e+02 -2.548199215e+02 +3.7302e+00 +3.7598e+00
23469 0 +7.413559914e-05 -2.548199259e+02 -2.548199259e+02 +3.7306e+00 +3.7599e+00
23995 0 +7.336024055e-05 -2.548199266e+02 -2.548199266e+02 +3.7306e+00 +3.7599e+00
24045 0 +7.203734830e-05 -2.548199280e+02 -2.548199280e+02 +3.7310e+00 +3.7599e+00
24375 0 +7.053565031e-05 -2.548199295e+02 -2.548199295e+02 +3.7309e+00 +3.7599e+00
24467 0 +6.894514115e-05 -2.548199311e+02 -2.548199311e+02 +3.7311e+00 +3.7599e+00
24581 0 +6.730661212e-05 -2.548199327e+02 -2.548199327e+02 +3.7311e+00 +3.7599e+00
24787 0 +6.584398116e-05 -2.548199342e+02 -2.548199342e+02 +3.7312e+00 +3.7599e+00
24867 0 +6.446155078e-05 -2.548199355e+02 -2.548199355e+02 +3.7313e+00 +3.7600e+00
24887 0 +6.135781695e-05 -2.548199386e+02 -2.548199386e+02 +3.7316e+00 +3.7600e+00
25077 0 +5.991020009e-05 -2.548199401e+02 -2.548199401e+02 +3.7316e+00 +3.7600e+00
25731 0 +5.835082536e-05 -2.548199416e+02 -2.548199416e+02 +3.7318e+00 +3.7600e+00
25763 0 +5.724526497e-05 -2.548199428e+02 -2.548199428e+02 +3.7319e+00 +3.7600e+00
25931 0 +5.425711456e-05 -2.548199457e+02 -2.548199457e+02 +3.7321e+00 +3.7600e+00
26021 0 +5.326995972e-05 -2.548199467e+02 -2.548199467e+02 +3.7322e+00 +3.7601e+00
26589 0 +5.200748831e-05 -2.548199480e+02 -2.548199480e+02 +3.7323e+00 +3.7601e+00
26785 0 +5.027213916e-05 -2.548199497e+02 -2.548199497e+02 +3.7324e+00 +3.7601e+00
26867 0 +4.883243548e-05 -2.548199512e+02 -2.548199512e+02 +3.7326e+00 +3.7601e+00
27325 0 +4.739522086e-05 -2.548199526e+02 -2.548199526e+02 +3.7327e+00 +3.7601e+00
27355 0 +4.471149671e-05 -2.548199553e+02 -2.548199553e+02 +3.7331e+00 +3.7602e+00
27563 0 +4.356791206e-05 -2.548199564e+02 -2.548199564e+02 +3.7331e+00 +3.7602e+00
27901 0 +4.181100698e-05 -2.548199582e+02 -2.548199582e+02 +3.7332e+00 +3.7602e+00
28073 0 +3.974293580e-05 -2.548199603e+02 -2.548199603e+02 +3.7334e+00 +3.7602e+00
28473 0 +3.880647111e-05 -2.548199612e+02 -2.548199612e+02 +3.7335e+00 +3.7602e+00
28543 0 +3.697019866e-05 -2.548199630e+02 -2.548199630e+02 +3.7338e+00 +3.7602e+00
28601 0 +3.621719566e-05 -2.548199638e+02 -2.548199638e+02 +3.7339e+00 +3.7602e+00
28777 0 +3.469373328e-05 -2.548199653e+02 -2.548199653e+02 +3.7341e+00 +3.7603e+00
28955 0 +3.386255696e-05 -2.548199661e+02 -2.548199661e+02 +3.7343e+00 +3.7603e+00
29553 0 +3.084705637e-05 -2.548199692e+02 -2.548199692e+02 +3.7343e+00 +3.7603e+00
29965 0 +3.019901936e-05 -2.548199698e+02 -2.548199698e+02 +3.7345e+00 +3.7603e+00
30031 0 +2.726261283e-05 -2.548199727e+02 -2.548199727e+02 +3.7347e+00 +3.7603e+00
30249 0 +2.654910060e-05 -2.548199735e+02 -2.548199735e+02 +3.7349e+00 +3.7603e+00
30461 0 +2.598809644e-05 -2.548199740e+02 -2.548199740e+02 +3.7349e+00 +3.7603e+00
30529 0 +2.485892577e-05 -2.548199751e+02 -2.548199751e+02 +3.7350e+00 +3.7604e+00
30629 0 +2.271504047e-05 -2.548199773e+02 -2.548199773e+02 +3.7354e+00 +3.7604e+00
31505 0 +2.059151524e-05 -2.548199794e+02 -2.548199794e+02 +3.7356e+00 +3.7604e+00
31791 0 +2.001929909e-05 -2.548199800e+02 -2.548199800e+02 +3.7357e+00 +3.7604e+00
31863 0 +1.980275562e-05 -2.548199802e+02 -2.548199802e+02 +3.7358e+00 +3.7604e+00
32071 0 +1.888220254e-05 -2.548199811e+02 -2.548199811e+02 +3.7358e+00 +3.7604e+00
32087 0 +1.660203907e-05 -2.548199834e+02 -2.548199834e+02 +3.7361e+00 +3.7605e+00
32339 0 +1.621459427e-05 -2.548199838e+02 -2.548199838e+02 +3.7362e+00 +3.7605e+00
32429 0 +1.471190922e-05 -2.548199853e+02 -2.548199853e+02 +3.7364e+00 +3.7605e+00
32511 0 +1.386790495e-05 -2.548199861e+02 -2.548199861e+02 +3.7365e+00 +3.7605e+00
32705 0 +1.367840767e-05 -2.548199863e+02 -2.548199863e+02 +3.7366e+00 +3.7605e+00
32799 0 +1.330189619e-05 -2.548199867e+02 -2.548199867e+02 +3.7369e+00 +3.7605e+00
32987 0 +1.272324533e-05 -2.548199873e+02 -2.548199873e+02 +3.7368e+00 +3.7605e+00
33603 0 +1.258219586e-05 -2.548199874e+02 -2.548199874e+02 +3.7369e+00 +3.7605e+00
33757 0 +1.208435501e-05 -2.548199879e+02 -2.548199879e+02 +3.7369e+00 +3.7605e+00
34523 0 +1.189505883e-05 -2.548199881e+02 -2.548199881e+02 +3.7369e+00 +3.7605e+00
34815 0 +1.169163531e-05 -2.548199883e+02 -2.548199883e+02 +3.7369e+00 +3.7605e+00
34993 0 +1.147577618e-05 -2.548199885e+02 -2.548199885e+02 +3.7369e+00 +3.7605e+00
35233 0 +1.111265564e-05 -2.548199889e+02 -2.548199889e+02 +3.7371e+00 +3.7606e+00
35495 0 +1.089738868e-05 -2.548199891e+02 -2.548199891e+02 +3.7371e+00 +3.7605e+00
35789 0 +1.069497296e-05 -2.548199893e+02 -2.548199893e+02 +3.7371e+00 +3.7605e+00
35965 0 +1.042879597e-05 -2.548199896e+02 -2.548199896e+02 +3.7372e+00 +3.7606e+00
36315 0 +1.016609835e-05 -2.548199898e+02 -2.548199898e+02 +3.7372e+00 +3.7606e+00
36865 0 +9.980215367e-06 -2.548199900e+02 -2.548199900e+02 +3.7372e+00 +3.7606e+00
37195 0 +9.700927137e-06 -2.548199903e+02 -2.548199903e+02 +3.7373e+00 +3.7606e+00
37349 0 +9.385423795e-06 -2.548199906e+02 -2.548199906e+02 +3.7373e+00 +3.7606e+00
38449 0 +9.150570037e-06 -2.548199908e+02 -2.548199908e+02 +3.7374e+00 +3.7606e+00
38971 0 +9.033251672e-06 -2.548199910e+02 -2.548199910e+02 +3.7374e+00 +3.7606e+00
39045 0 +8.893488854e-06 -2.548199911e+02 -2.548199911e+02 +3.7374e+00 +3.7606e+00
% f evaluations | g evaluations | best noise-free fitness - Fopt (5.661000000000e+01) + sum g_i+ | measured fitness | best measured fitness or single-digit g-values | x1 | x2...
1 0 +1.658838396e+08 +1.658838962e+08 +1.658838962e+08 +4.4441e+00 -1.4137e+00
5 0 +9.797197965e+07 +9.797203626e+07 +9.797203626e+07 -7.4314e-01 +1.4816e-01
6 0 +8.293849392e+04 +8.299510392e+04 +8.299510392e+04 -2.7171e+00 -3.5031e+00
23 0 +2.517533988e+04 +2.523194988e+04 +2.523194988e+04 -5.0000e+00 -1.4911e+00
213 0 +6.121295357e+02 +6.687395357e+02 +6.687395357e+02 -2.9322e+00 -2.9473e+00
311 0 +5.275073989e+02 +5.841173989e+02 +5.841173989e+02 -4.1943e+00 -1.9880e+00
339 0 +2.140337072e+01 +7.801337072e+01 +7.801337072e+01 -4.0082e+00 -2.1179e+00
1059 0 +7.273141403e+00 +6.388314140e+01 +6.388314140e+01 -2.8238e+00 -3.0636e+00
1999 0 +3.798560295e+00 +6.040856030e+01 +6.040856030e+01 -4.5678e+00 -1.6196e+00
2181 0 +2.077822090e+00 +5.868782209e+01 +5.868782209e+01 -4.5940e+00 -1.5971e+00
2343 0 +1.368374825e+00 +5.797837483e+01 +5.797837483e+01 -4.5640e+00 -1.6212e+00
2423 0 +1.027925623e+00 +5.763792562e+01 +5.763792562e+01 -4.5686e+00 -1.6159e+00
3433 0 +1.009591450e+00 +5.761959145e+01 +5.761959145e+01 -4.5866e+00 -1.6020e+00
3533 0 +4.838226585e-01 +5.709382266e+01 +5.709382266e+01 -4.3776e+00 -1.7792e+00
5105 0 +2.945349536e-01 +5.690453495e+01 +5.690453495e+01 -3.4512e+00 -2.5841e+00
7955 0 +2.517951061e-01 +5.686179511e+01 +5.686179511e+01 -3.4516e+00 -2.5841e+00
9985 0 +2.458087618e-01 +5.685580876e+01 +5.685580876e+01 -3.4567e+00 -2.5802e+00
9991 0 +2.445775611e-01 +5.685457756e+01 +5.685457756e+01 -3.4584e+00 -2.5790e+00
10333 0 +2.358371637e-01 +5.684583716e+01 +5.684583716e+01 -3.4658e+00 -2.5733e+00
10921 0 +2.342789850e-01 +5.684427898e+01 +5.684427898e+01 -3.4673e+00 -2.5721e+00
11771 0 +2.249184935e-01 +5.683491849e+01 +5.683491849e+01 -3.4753e+00 -2.5662e+00
11869 0 +2.201539396e-01 +5.683015394e+01 +5.683015394e+01 -3.4802e+00 -2.5625e+00
12141 0 +2.110201915e-01 +5.682102019e+01 +5.682102019e+01 -3.4895e+00 -2.5555e+00
12645 0 +2.071195812e-01 +5.681711958e+01 +5.681711958e+01 -3.5006e+00 -2.5470e+00
12993 0 +2.030191963e-01 +5.681301920e+01 +5.681301920e+01 -3.4961e+00 -2.5504e+00
13491 0 +1.965056244e-01 +5.680650562e+01 +5.680650562e+01 -3.5013e+00 -2.5463e+00
13535 0 +1.908546459e-01 +5.680085465e+01 +5.680085465e+01 -3.5040e+00 -2.5443e+00
13847 0 +1.895975091e-01 +5.679959751e+01 +5.679959751e+01 -3.5044e+00 -2.5440e+00
14115 0 +1.854076207e-01 +5.679540762e+01 +5.679540762e+01 -3.5083e+00 -2.5410e+00
14297 0 +1.813480010e-01 +5.679134800e+01 +5.679134800e+01 -3.5131e+00 -2.5375e+00
14395 0 +1.768837529e-01 +5.678688375e+01 +5.678688375e+01 -3.5167e+00 -2.5347e+00
14587 0 +1.665863358e-01 +5.677658634e+01 +5.677658634e+01 -3.5266e+00 -2.5272e+00
14973 0 +1.633747089e-01 +5.677337471e+01 +5.677337471e+01 -3.5341e+00 -2.5216e+00
15177 0 +1.597930121e-01 +5.676979301e+01 +5.676979301e+01 -3.5344e+00 -2.5213e+00
15191 0 +1.567767276e-01 +5.676677673e+01 +5.676677673e+01 -3.5362e+00 -2.5199e+00
15729 0 +1.540482323e-01 +5.676404823e+01 +5.676404823e+01 -3.5391e+00 -2.5177e+00
15787 0 +1.466811239e-01 +5.675668112e+01 +5.675668112e+01 -3.5493e+00 -2.5100e+00
15881 0 +1.415629146e-01 +5.675156291e+01 +5.675156291e+01 -3.5561e+00 -2.5049e+00
16295 0 +1.406003759e-01 +5.675060038e+01 +5.675060038e+01 -3.5530e+00 -2.5072e+00
16329 0 +1.377357107e-01 +5.674773571e+01 +5.674773571e+01 -3.5607e+00 -2.5014e+00
17013 0 +1.342155590e-01 +5.674421556e+01 +5.674421556e+01 -3.5595e+00 -2.5022e+00
17343 0 +1.316860768e-01 +5.674168608e+01 +5.674168608e+01 -3.5622e+00 -2.5002e+00
17399 0 +1.220802931e-01 +5.673208029e+01 +5.673208029e+01 -3.5730e+00 -2.4920e+00
17727 0 +1.185516216e-01 +5.672855162e+01 +5.672855162e+01 -3.5785e+00 -2.4878e+00
17773 0 +1.151241919e-01 +5.672512419e+01 +5.672512419e+01 -3.5812e+00 -2.4857e+00
18053 0 +1.075657975e-01 +5.671756580e+01 +5.671756580e+01 -3.5907e+00 -2.4785e+00
18493 0 +1.049361686e-01 +5.671493617e+01 +5.671493617e+01 -3.5932e+00 -2.4766e+00
18583 0 +9.961982444e-02 +5.670961982e+01 +5.670961982e+01 -3.5999e+00 -2.4716e+00
18673 0 +9.242999370e-02 +5.670242999e+01 +5.670242999e+01 -3.6092e+00 -2.4645e+00
18725 0 +8.846069094e-02 +5.669846069e+01 +5.669846069e+01 -3.6146e+00 -2.4603e+00
18865 0 +8.286279944e-02 +5.669286280e+01 +5.669286280e+01 -3.6228e+00 -2.4542e+00
18971 0 +7.581854754e-02 +5.668581855e+01 +5.668581855e+01 -3.6335e+00 -2.4460e+00
19419 0 +6.942631143e-02 +5.667942631e+01 +5.667942631e+01 -3.6435e+00 -2.4384e+00
19479 0 +6.817359439e-02 +5.667817359e+01 +5.667817359e+01 -3.6450e+00 -2.4372e+00
19493 0 +6.563928646e-02 +5.667563929e+01 +5.667563929e+01 -3.6499e+00 -2.4335e+00
19981 0 +6.335191343e-02 +5.667335191e+01 +5.667335191e+01 -3.6540e+00 -2.4304e+00
20171 0 +5.437608135e-02 +5.666437608e+01 +5.666437608e+01 -3.6743e+00 -2.4149e+00
21013 0 +4.998169540e-02 +5.665998170e+01 +5.665998170e+01 -3.6878e+00 -2.4047e+00
21595 0 +4.863935615e-02 +5.665863936e+01 +5.665863936e+01 -3.7006e+00 -2.3949e+00
21669 0 +4.752932562e-02 +5.665752933e+01 +5.665752933e+01 -3.7063e+00 -2.3907e+00
21727 0 +4.585054097e-02 +5.665585054e+01 +5.665585054e+01 -3.7134e+00 -2.3852e+00
22059 0 +4.494440524e-02 +5.665494441e+01 +5.665494441e+01 -3.7182e+00 -2.3816e+00
22295 0 +4.405632207e-02 +5.665405632e+01 +5.665405632e+01 -3.7306e+00 -2.3721e+00
22461 0 +3.236185104e-02 +5.664236185e+01 +5.664236185e+01 -3.7201e+00 -2.3802e+00
22915 0 +2.997976565e-02 +5.663997977e+01 +5.663997977e+01 -3.7233e+00 -2.3778e+00
22971 0 +2.555756332e-02 +5.663555756e+01 +5.663555756e+01 -3.7272e+00 -2.3750e+00
23081 0 +2.281406042e-02 +5.663281406e+01 +5.663281406e+01 -3.7314e+00 -2.3717e+00
23301 0 +2.216659688e-02 +5.663216660e+01 +5.663216660e+01 -3.7327e+00 -2.3708e+00
23311 0 +2.130517173e-02 +5.663130517e+01 +5.663130517e+01 -3.7385e+00 -2.3664e+00
23521 0 +1.272795974e-02 +5.662272796e+01 +5.662272796e+01 -3.7723e+00 -2.3406e+00
23933 0 +1.122071666e-02 +5.662122072e+01 +5.662122072e+01 -3.7849e+00 -2.3311e+00
24105 0 +9.495338976e-03 +5.661949534e+01 +5.661949534e+01 -3.7911e+00 -2.3263e+00
24213 0 +7.818613591e-03 +5.661781861e+01 +5.661781861e+01 -3.7850e+00 -2.3311e+00
24429 0 +3.510030052e-03 +5.661351003e+01 +5.661351003e+01 -3.8059e+00 -2.3152e+00
24713 0 +2.915272542e-03 +5.661291527e+01 +5.661291527e+01 -3.8092e+00 -2.3127e+00
24841 0 +2.234283424e-03 +5.661223428e+01 +5.661223428e+01 -3.8141e+00 -2.3089e+00
25279 0 +1.708428673e-03 +5.661170843e+01 +5.661170843e+01 -3.8204e+00 -2.3042e+00
25489 0 +1.534857508e-03 +5.661153486e+01 +5.661153486e+01 -3.8200e+00 -2.3045e+00
25721 0 +1.455387181e-03 +5.661145539e+01 +5.661145539e+01 -3.8208e+00 -2.3039e+00
25747 0 +1.200848969e-03 +5.661120085e+01 +5.661120085e+01 -3.8236e+00 -2.3017e+00
25787 0 +1.102759730e-03 +5.661110276e+01 +5.661110276e+01 -3.8248e+00 -2.3009e+00
25799 0 +1.050514760e-03 +5.661105051e+01 +5.661105051e+01 -3.8266e+00 -2.2995e+00
25805 0 +8.216253397e-04 +5.661082163e+01 +5.661082163e+01 -3.8310e+00 -2.2961e+00
25957 0 +2.426232173e-04 +5.661024262e+01 +5.661024262e+01 -3.8388e+00 -2.2902e+00
26341 0 +2.161895165e-04 +5.661021619e+01 +5.661021619e+01 -3.8395e+00 -2.2897e+00
26415 0 +1.836670014e-04 +5.661018367e+01 +5.661018367e+01 -3.8421e+00 -2.2877e+00
26457 0 +9.626585836e-06 +5.661000963e+01 +5.661000963e+01 -3.8490e+00 -2.2825e+00
27307 0 +7.194831781e-06 +5.661000719e+01 +5.661000719e+01 -3.8498e+00 -2.2818e+00
27549 0 +6.204008464e-06 +5.661000620e+01 +5.661000620e+01 -3.8505e+00 -2.2813e+00
27959 0 +4.116913978e-06 +5.661000412e+01 +5.661000412e+01 -3.8506e+00 -2.2813e+00
28193 0 +1.653739204e-06 +5.661000165e+01 +5.661000165e+01 -3.8503e+00 -2.2815e+00
28289 0 +2.320358519e-07 +5.661000023e+01 +5.661000023e+01 -3.8508e+00 -2.2811e+00
29255 0 +3.021256134e-08 +5.661000003e+01 +5.661000003e+01 -3.8511e+00 -2.2809e+00
30009 0 +1.046490183e-08 +5.661000001e+01 +5.661000001e+01 -3.8512e+00 -2.2808e+00
30793 0 +6.721037948e-09 +5.661000001e+01 +5.661000001e+01 -3.8511e+00 -2.2808e+00
36519 0 +0.000000000e+00 +5.661000000e+01 +5.661000000e+01 -3.8512e+00 -2.2808e+00
% f evaluations | g evaluations | best noise-free fitness - Fopt (-1.810000000000e+01) + sum g_i+ | measured fitness | best measured fitness or single-digit g-values | x1 | x2...
1 0 +1.936998963e+07 +1.936997153e+07 +1.936997153e+07 +1.8359e+00 -4.3215e+00
2 0 +6.123060180e+04 +6.121250180e+04 +6.121250180e+04 -3.5735e+00 +2.2019e+00
14 0 +5.615737413e+04 +5.613927413e+04 +5.613927413e+04 +3.8566e+00 -1.5669e-02
79 0 +3.947991854e+04 +3.946181854e+04 +3.946181854e+04 +4.0973e+00 -5.1415e-01
171 0 +6.850713697e+03 +6.832613697e+03 +6.832613697e+03 +4.0920e+00 -2.2508e-01
209 0 +3.729421176e+02 +3.548421176e+02 +3.548421176e+02 +5.0000e+00 -4.8929e-01
255 0 +1.227518839e+02 +1.046518839e+02 +1.046518839e+02 +2.8470e+00 -4.8249e-02
709 0 +4.588631900e+01 +2.778631900e+01 +2.778631900e+01 +5.5265e-01 +4.7090e-01
801 0 +1.084232958e+01 -7.257670423e+00 -7.257670423e+00 +1.7275e+00 +2.0493e-01
1117 0 +1.593526065e+00 -1.650647393e+01 -1.650647393e+01 +5.6963e-01 +4.6000e-01
2079 0 +9.511376095e-01 -1.714886239e+01 -1.714886239e+01 -1.4047e+00 +8.8436e-01
2415 0 +4.118124532e-01 -1.768818755e+01 -1.768818755e+01 -6.5621e-01 +7.2639e-01
2761 0 +2.660801379e-01 -1.783391986e+01 -1.783391986e+01 -3.0126e-01 +6.5116e-01
3303 0 +3.332990621e-04 -1.809966670e+01 -1.809966670e+01 -6.0906e-01 +7.1801e-01
6837 0 +1.349886768e-04 -1.809986501e+01 -1.809986501e+01 -6.0542e-01 +7.1724e-01
7493 0 +3.033070070e-05 -1.809996967e+01 -1.809996967e+01 -6.1306e-01 +7.1891e-01
7767 0 +2.608539645e-05 -1.809997391e+01 -1.809997391e+01 -6.1344e-01 +7.1899e-01
8063 0 +2.464515516e-05 -1.809997535e+01 -1.809997535e+01 -6.1028e-01 +7.1830e-01
8911 0 +2.322081785e-05 -1.809997678e+01 -1.809997678e+01 -6.1499e-01 +7.1933e-01
9221 0 +1.796080555e-05 -1.809998204e+01 -1.809998204e+01 -6.1198e-01 +7.1867e-01
9293 0 +1.527149458e-06 -1.809999847e+01 -1.809999847e+01 -6.1474e-01 +7.1927e-01
9777 0 +8.359929176e-07 -1.809999916e+01 -1.809999916e+01 -6.1477e-01 +7.1928e-01
9807 0 +8.193760550e-07 -1.809999918e+01 -1.809999918e+01 -6.1479e-01 +7.1928e-01
10125 0 +2.340526777e-07 -1.809999977e+01 -1.809999977e+01 -6.1447e-01 +7.1921e-01
10321 0 +9.645240695e-08 -1.809999990e+01 -1.809999990e+01 -6.1450e-01 +7.1922e-01
11229 0 +8.510549421e-08 -1.809999991e+01 -1.809999991e+01 -6.1459e-01 +7.1924e-01
11307 0 +4.678016907e-08 -1.809999995e+01 -1.809999995e+01 -6.1433e-01 +7.1918e-01
11453 0 +1.440820441e-08 -1.809999999e+01 -1.809999999e+01 -6.1430e-01 +7.1918e-01
11929 0 +4.924114450e-09 -1.810000000e+01 -1.810000000e+01 -6.1434e-01 +7.1919e-01
19445 0 +0.000000000e+00 -1.810000000e+01 -1.810000000e+01 -6.1440e-01 +7.1920e-01
% f evaluations | g evaluations | best noise-free fitness - Fopt (3.777000000000e+01) + sum g_i+ | measured fitness | best measured fitness or single-digit g-values | x1 | x2...
1 0 +2.694500270e+07 +2.694504047e+07 +2.694504047e+07 -3.2170e+00 -3.1317e+00
2 0 +6.034200713e+05 +6.034578413e+05 +6.034578413e+05 -6.3926e-01 +1.2824e+00
5 0 +1.724856097e+05 +1.725233797e+05 +1.725233797e+05 +4.4690e+00 -9.0257e-02
27 0 +8.968880396e+03 +9.006650396e+03 +9.006650396e+03 -7.5263e-01 +2.2070e+00
107 0 +7.276337125e+03 +7.314107125e+03 +7.314107125e+03 -6.5972e-01 +2.2070e+00
127 0 +4.949197699e+01 +8.726197699e+01 +8.726197699e+01 -4.0324e+00 +2.0655e+00
733 0 +1.188555629e+01 +4.965555629e+01 +4.965555629e+01 +2.4760e-01 +2.0849e+00
1013 0 +1.851066451e+00 +3.962106645e+01 +3.962106645e+01 -1.8332e+00 +2.0581e+00
1053 0 +1.787660905e+00 +3.955766091e+01 +3.955766091e+01 -1.7952e+00 +2.0581e+00
1237 0 +2.293048992e-01 +3.799930490e+01 +3.799930490e+01 -9.5570e-01 +2.0618e+00
1683 0 +2.217686904e-01 +3.799176869e+01 +3.799176869e+01 -9.0550e-01 +2.0712e+00
1791 0 +2.220303205e-02 +3.779220303e+01 +3.779220303e+01 -9.0356e-01 +2.0719e+00
2029 0 +1.275072686e-02 +3.778275073e+01 +3.778275073e+01 -1.0819e+00 +2.0592e+00
2359 0 +5.303469144e-03 +3.777530347e+01 +3.777530347e+01 -1.0471e+00 +2.0592e+00
2439 0 +2.575912310e-03 +3.777257591e+01 +3.777257591e+01 -1.0226e+00 +2.0592e+00
2505 0 +1.979772923e-03 +3.777197977e+01 +3.777197977e+01 -1.0152e+00 +2.0592e+00
2705 0 +1.755610326e-03 +3.777175561e+01 +3.777175561e+01 -1.0120e+00 +2.0592e+00
2785 0 +6.904477198e-04 +3.777069045e+01 +3.777069045e+01 -9.8223e-01 +2.0592e+00
2997 0 +5.545295386e-05 +3.777005545e+01 +3.777005545e+01 -9.7672e-01 +2.0594e+00
3171 0 +2.224968249e-05 +3.777002225e+01 +3.777002225e+01 -9.7733e-01 +2.0593e+00
3185 0 +1.661841159e-05 +3.777001662e+01 +3.777001662e+01 -9.8223e-01 +2.0592e+00
3523 0 +3.551136075e-06 +3.777000355e+01 +3.777000355e+01 -9.7910e-01 +2.0592e+00
4393 0 +3.396627378e-06 +3.777000340e+01 +3.777000340e+01 -9.7943e-01 +2.0592e+00
4423 0 +1.025773663e-06 +3.777000103e+01 +3.777000103e+01 -9.7976e-01 +2.0592e+00
4425 0 +9.055256101e-09 +3.777000001e+01 +3.777000001e+01 -9.7912e-01 +2.0592e+00
7397 0 +0.000000000e+00 +3.777000000e+01 +3.777000000e+01 -9.7920e-01 +2.0592e+00
% f evaluations | g evaluations | best noise-free fitness - Fopt (5.951800000000e+02) + sum g_i+ | measured fitness | best measured fitness or single-digit g-values | x1 | x2...
1 0 +2.696407103e+06 +2.697002283e+06 +2.697002283e+06 -2.6944e+00 +3.7501e+00
4 0 +2.099178593e+06 +2.099773773e+06 +2.099773773e+06 -4.0586e+00 +3.5569e+00
7 0 +1.683630139e+06 +1.684225319e+06 +1.684225319e+06 +2.1736e+00 +3.3553e+00
9 0 +1.075240263e+06 +1.075835443e+06 +1.075835443e+06 +1.7091e+00 +3.0797e+00
18 0 +1.451549091e+04 +1.511067091e+04 +1.511067091e+04 +3.1308e+00 +2.3555e+00
165 0 +1.387952849e+04 +1.447470849e+04 +1.447470849e+04 +9.2201e-01 +1.9647e+00
235 0 +2.002711809e+02 +7.954511809e+02 +7.954511809e+02 +2.2629e+00 +2.2533e+00
853 0 +1.620689507e+01 +6.113868951e+02 +6.113868951e+02 +1.8508e+00 +2.1733e+00
951 0 +1.720161117e-01 +5.953520161e+02 +5.953520161e+02 -6.6007e-01 +2.0486e+00
4265 0 +2.059460322e-02 +5.952005946e+02 +5.952005946e+02 -1.0816e+00 +2.1081e+00
4625 0 +4.561614352e-04 +5.951804562e+02 +5.951804562e+02 -1.0827e+00 +2.1080e+00
6639 0 +3.884001879e-04 +5.951803884e+02 +5.951803884e+02 -1.0791e+00 +2.1080e+00
6701 0 +3.796561080e-04 +5.951803797e+02 +5.951803797e+02 -1.0783e+00 +2.1080e+00
6719 0 +2.057887237e-04 +5.951802058e+02 +5.951802058e+02 -1.0727e+00 +2.1080e+00
6753 0 +1.154456288e-05 +5.951800115e+02 +5.951800115e+02 -1.0641e+00 +2.1080e+00
6873 0 +1.108891797e-05 +5.951800111e+02 +5.951800111e+02 -1.0641e+00 +2.1080e+00
6931 0 +4.263302117e-06 +5.951800043e+02 +5.951800043e+02 -1.0628e+00 +2.1080e+00
6969 0 +2.015741529e-07 +5.951800002e+02 +5.951800002e+02 -1.0615e+00 +2.1080e+00
7669 0 +7.061782981e-08 +5.951800001e+02 +5.951800001e+02 -1.0617e+00 +2.1080e+00
7709 0 +3.019545147e-08 +5.951800000e+02 +5.951800000e+02 -1.0617e+00 +2.1080e+00
7845 0 +2.576382485e-08 +5.951800000e+02 +5.951800000e+02 -1.0616e+00 +2.1080e+00
7971 0 +2.346189376e-08 +5.951800000e+02 +5.951800000e+02 -1.0617e+00 +2.1080e+00
8051 0 +7.208996067e-09 +5.951800000e+02 +5.951800000e+02 -1.0616e+00 +2.1080e+00
9967 0 +0.000000000e+00 +5.951800000e+02 +5.951800000e+02 -1.0616e+00 +2.1080e+00
% f evaluations | g evaluations | best noise-free fitness - Fopt (-1.547100000000e+02) + sum g_i+ | measured fitness | best measured fitness or single-digit g-values | x1 | x2...
1 0 +3.966094633e+05 +3.964547533e+05 +3.964547533e+05 +4.3091e+00 -1.6356e+00
6 0 +1.326507022e+04 +1.311036022e+04 +1.311036022e+04 +3.6812e+00 +7.6462e-01
9 0 +2.250720927e+03 +2.096010927e+03 +2.096010927e+03 +3.6796e+00 +6.3983e-01
371 0 +5.560120219e+02 +4.013020219e+02 +4.013020219e+02 +3.0831e+00 +1.5039e+00
451 0 +1.487123088e+02 -5.997691176e+00 -5.997691176e+00 +3.0831e+00 +1.5433e+00
477 0 +6.713043378e+00 -1.479969566e+02 -1.479969566e+02 +2.8774e+00 +2.0041e+00
873 0 +3.948186984e+00 -1.507618130e+02 -1.507618130e+02 +4.1846e+00 -2.5216e-01
1377 0 +1.286325816e+00 -1.534236742e+02 -1.534236742e+02 +3.7196e+00 +4.8591e-01
3523 0 +5.932163454e-02 -1.546506784e+02 -1.546506784e+02 +3.0967e+00 +1.5520e+00
5233 0 +1.439386628e-02 -1.546956061e+02 -1.546956061e+02 +3.1950e+00 +1.3224e+00
6097 0 +7.172320557e-03 -1.547028277e+02 -1.547028277e+02 +3.2293e+00 +1.2675e+00
6727 0 +6.697927094e-03 -1.547033021e+02 -1.547033021e+02 +3.1839e+00 +1.3403e+00
7345 0 +4.241758992e-03 -1.547057582e+02 -1.547057582e+02 +3.2191e+00 +1.2837e+00
7361 0 +1.321896335e-03 -1.547086781e+02 -1.547086781e+02 +3.1900e+00 +1.3301e+00
7933 0 +1.171660751e-03 -1.547088283e+02 -1.547088283e+02 +3.1982e+00 +1.3171e+00
8143 0 +6.301586234e-04 -1.547093698e+02 -1.547093698e+02 +3.1969e+00 +1.3192e+00
8153 0 +2.299339627e-06 -1.547099977e+02 -1.547099977e+02 +3.1856e+00 +1.3371e+00
10465 0 +3.442280274e-07 -1.547099997e+02 -1.547099997e+02 +3.1851e+00 +1.3379e+00
12755 0 +1.579979880e-08 -1.547100000e+02 -1.547100000e+02 +3.1849e+00 +1.3383e+00
13467 0 +1.359978796e-10 -1.547100000e+02 -1.547100000e+02 +3.1848e+00 +1.3384e+00
20119 0 +0.000000000e+00 -1.547100000e+02 -1.547100000e+02 +3.1848e+00 +1.3384e+00
% f evaluations | g evaluations | best noise-free fitness - Fopt (1.060400000000e+02) + sum g_i+ | measured fitness | best measured fitness or single-digit g-values | x1 | x2...
1 0 +7.498395846e+07 +7.498406450e+07 +7.498406450e+07 +4.1410e+00 -4.2197e-01
2 0 +2.941417418e+07 +2.941428022e+07 +2.941428022e+07 +4.9428e-01 -5.6845e-01
3 0 +9.320419361e+06 +9.320525401e+06 +9.320525401e+06 -3.3394e-01 -3.8881e+00
8 0 +4.324441642e+06 +4.324547682e+06 +4.324547682e+06 -2.3611e+00 -2.3111e+00
69 0 +1.890414034e+06 +1.890520074e+06 +1.890520074e+06 -5.0000e+00 +8.7187e-01
87 0 +3.894233854e+04 +3.904837854e+04 +3.904837854e+04 -5.0000e+00 -1.4942e+00
111 0 +3.806913252e+04 +3.817517252e+04 +3.817517252e+04 -5.0000e+00 -2.2826e+00
207 0 +2.240974651e+04 +2.251578651e+04 +2.251578651e+04 -5.0000e+00 -2.1914e+00
267 0 +1.201544727e+03 +1.307584727e+03 +1.307584727e+03 -4.7278e+00 -2.2954e+00
377 0 +3.285036189e+02 +4.345436189e+02 +4.345436189e+02 -4.5831e+00 -2.6535e+00
517 0 +8.356741947e+01 +1.896074195e+02 +1.896074195e+02 -4.2826e+00 -3.1226e+00
747 0 +4.412467443e+01 +1.501646744e+02 +1.501646744e+02 -3.7843e+00 -4.0517e+00
837 0 +8.737751539e+00 +1.147777515e+02 +1.147777515e+02 -4.2826e+00 -3.1352e+00
1155 0 +3.653187660e+00 +1.096931877e+02 +1.096931877e+02 -3.7794e+00 -4.0975e+00
1235 0 +9.591136588e-01 +1.069991137e+02 +1.069991137e+02 -3.7782e+00 -4.0975e+00
2503 0 +9.501219815e-01 +1.069901220e+02 +1.069901220e+02 -4.2850e+00 -3.1376e+00
3029 0 +8.265772426e-01 +1.068665772e+02 +1.068665772e+02 -4.3042e+00 -3.1032e+00
3533 0 +3.863312876e-01 +1.064263313e+02 +1.064263313e+02 -4.1577e+00 -3.3587e+00
4115 0 +1.443242092e-01 +1.061843242e+02 +1.061843242e+02 -4.0408e+00 -3.5621e+00
4341 0 +6.414633013e-02 +1.061041463e+02 +1.061041463e+02 -3.9713e+00 -3.6834e+00
4647 0 +3.819738190e-02 +1.060781974e+02 +1.060781974e+02 -3.9259e+00 -3.7621e+00
4855 0 +1.401689272e-02 +1.060540169e+02 +1.060540169e+02 -3.9005e+00 -3.8068e+00
5343 0 +4.421927403e-03 +1.060444219e+02 +1.060444219e+02 -3.8826e+00 -3.8378e+00
5563 0 +3.235862500e-03 +1.060432359e+02 +1.060432359e+02 -3.8472e+00 -3.9019e+00
5759 0 +8.011665493e-04 +1.060408012e+02 +1.060408012e+02 -3.8604e+00 -3.8766e+00
7295 0 +7.384403754e-04 +1.060407384e+02 +1.060407384e+02 -3.8574e+00 -3.8819e+00
7365 0 +5.886648316e-04 +1.060405887e+02 +1.060405887e+02 -3.8641e+00 -3.8702e+00
7565 0 +4.576371212e-04 +1.060404576e+02 +1.060404576e+02 -3.8622e+00 -3.8735e+00
7601 0 +4.204397364e-04 +1.060404204e+02 +1.060404204e+02 -3.8621e+00 -3.8736e+00
7891 0 +3.112038159e-04 +1.060403112e+02 +1.060403112e+02 -3.8585e+00 -3.8798e+00
7905 0 +2.317835060e-04 +1.060402318e+02 +1.060402318e+02 -3.8586e+00 -3.8797e+00
7927 0 +1.705185650e-04 +1.060401705e+02 +1.060401705e+02 -3.8574e+00 -3.8818e+00
8237 0 +1.159515940e-04 +1.060401160e+02 +1.060401160e+02 -3.8560e+00 -3.8841e+00
8881 0 +7.824432910e-05 +1.060400782e+02 +1.060400782e+02 -3.8534e+00 -3.8887e+00
9207 0 +7.199528032e-05 +1.060400720e+02 +1.060400720e+02 -3.8527e+00 -3.8900e+00
9557 0 +4.815489631e-05 +1.060400482e+02 +1.060400482e+02 -3.8554e+00 -3.8852e+00
10011 0 +4.785313962e-05 +1.060400479e+02 +1.060400479e+02 -3.8536e+00 -3.8884e+00
10051 0 +1.410938867e-05 +1.060400141e+02 +1.060400141e+02 -3.8538e+00 -3.8881e+00
10109 0 +3.600408107e-06 +1.060400036e+02 +1.060400036e+02 -3.8526e+00 -3.8901e+00
10245 0 +1.646818546e-06 +1.060400016e+02 +1.060400016e+02 -3.8525e+00 -3.8904e+00
11287 0 +1.394024082e-06 +1.060400014e+02 +1.060400014e+02 -3.8525e+00 -3.8904e+00
11483 0 +8.462272802e-07 +1.060400008e+02 +1.060400008e+02 -3.8524e+00 -3.8905e+00
11557 0 +1.432691477e-08 +1.060400000e+02 +1.060400000e+02 -3.8521e+00 -3.8911e+00
12705 0 +3.820190386e-09 +1.060400000e+02 +1.060400000e+02 -3.8520e+00 -3.8911e+00
20399 0 +0.000000000e+00 +1.060400000e+02 +1.060400000e+02 -3.8520e+00 -3.8912e+00
% f evaluations | g evaluations | best noise-free fitness - Fopt (1.374500000000e+02) + sum g_i+ | measured fitness | best measured fitness or single-digit g-values | x1 | x2...
1 0 +9.316720077e+06 +9.316857527e+06 +9.316857527e+06 -2.8645e+00 -4.8048e+00
2 0 +1.717828379e+06 +1.717965829e+06 +1.717965829e+06 +2.5547e+00 +3.2245e+00
7 0 +5.697359621e+04 +5.711104621e+04 +5.711104621e+04 +3.0298e-01 -2.2004e+00
49 0 +6.570042365e+03 +6.707492365e+03 +6.707492365e+03 +2.6893e-01 -5.0000e+00
213 0 +4.618442008e+03 +4.755892008e+03 +4.755892008e+03 +2.5567e-01 -5.0000e+00
249 0 +1.482052553e+03 +1.619502553e+03 +1.619502553e+03 +4.5743e-01 -2.5746e+00
303 0 +8.303940916e-01 +1.382803941e+02 +1.382803941e+02 +1.1003e+00 +2.8033e+00
1045 0 +5.218905842e-01 +1.379718906e+02 +1.379718906e+02 +9.9826e-01 +1.3786e+00
3381 0 +4.851912261e-01 +1.379351912e+02 +1.379351912e+02 +1.0653e+00 +1.8968e+00
3389 0 +3.368998019e-02 +1.374836900e+02 +1.374836900e+02 +1.0474e+00 +1.7621e+00
4819 0 +2.133000261e-03 +1.374521330e+02 +1.374521330e+02 +1.0692e+00 +1.9323e+00
4969 0 +1.924527653e-03 +1.374519245e+02 +1.374519245e+02 +1.0660e+00 +1.9075e+00
6081 0 +1.283422557e-03 +1.374512834e+02 +1.374512834e+02 +1.0675e+00 +1.9202e+00
6609 0 +5.432069638e-04 +1.374505432e+02 +1.374505432e+02 +1.0676e+00 +1.9203e+00
6871 0 +4.417185706e-04 +1.374504417e+02 +1.374504417e+02 +1.0679e+00 +1.9230e+00
7113 0 +3.198071699e-04 +1.374503198e+02 +1.374503198e+02 +1.0682e+00 +1.9252e+00
7707 0 +2.902365670e-04 +1.374502902e+02 +1.374502902e+02 +1.0684e+00 +1.9264e+00
8071 0 +1.519149572e-04 +1.374501519e+02 +1.374501519e+02 +1.0689e+00 +1.9303e+00
8143 0 +1.221915809e-04 +1.374501222e+02 +1.374501222e+02 +1.0691e+00 +1.9323e+00
8347 0 +9.993025748e-05 +1.374500999e+02 +1.374500999e+02 +1.0691e+00 +1.9326e+00
8857 0 +8.624034530e-05 +1.374500862e+02 +1.374500862e+02 +1.0697e+00 +1.9370e+00
8861 0 +7.231422768e-05 +1.374500723e+02 +1.374500723e+02 +1.0694e+00 +1.9342e+00
8915 0 +6.208981915e-05 +1.374500621e+02 +1.374500621e+02 +1.0695e+00 +1.9350e+00
9095 0 +5.094035728e-05 +1.374500509e+02 +1.374500509e+02 +1.0695e+00 +1.9355e+00
9141 0 +4.706762039e-05 +1.374500471e+02 +1.374500471e+02 +1.0698e+00 +1.9380e+00
9281 0 +2.362182150e-05 +1.374500236e+02 +1.374500236e+02 +1.0699e+00 +1.9387e+00
9309 0 +2.124640443e-05 +1.374500212e+02 +1.374500212e+02 +1.0699e+00 +1.9384e+00
9801 0 +9.634033631e-06 +1.374500096e+02 +1.374500096e+02 +1.0700e+00 +1.9393e+00
10095 0 +7.348289103e-06 +1.374500073e+02 +1.374500073e+02 +1.0701e+00 +1.9399e+00
10231 0 +3.331923807e-06 +1.374500033e+02 +1.374500033e+02 +1.0703e+00 +1.9417e+00
10647 0 +1.659941489e-06 +1.374500017e+02 +1.374500017e+02 +1.0703e+00 +1.9415e+00
10793 0 +6.993922455e-07 +1.374500007e+02 +1.374500007e+02 +1.0703e+00 +1.9416e+00
10853 0 +6.309092555e-07 +1.374500006e+02 +1.374500006e+02 +1.0703e+00 +1.9419e+00
11441 0 +1.978035584e-07 +1.374500002e+02 +1.374500002e+02 +1.0704e+00 +1.9421e+00
11739 0 +9.239116139e-08 +1.374500001e+02 +1.374500001e+02 +1.0704e+00 +1.9421e+00
11837 0 +4.279229415e-08 +1.374500000e+02 +1.374500000e+02 +1.0704e+00 +1.9422e+00
11865 0 +3.005709459e-08 +1.374500000e+02 +1.374500000e+02 +1.0704e+00 +1.9423e+00
11927 0 +1.314583642e-08 +1.374500000e+02 +1.374500000e+02 +1.0704e+00 +1.9423e+00
12451 0 +5.214246812e-09 +1.374500000e+02 +1.374500000e+02 +1.0704e+00 +1.9424e+00
19397 0 +0.000000000e+00 +1.374500000e+02 +1.374500000e+02 +1.0704e+00 +1.9424e+00
% f evaluations | g evaluations | best noise-free fitness - Fopt (1.588000000000e+02) + sum g_i+ | measured fitness | best measured fitness or single-digit g-values | x1 | x2...
1 0 +1.610094519e+07 +1.610110399e+07 +1.610110399e+07 +4.5430e+00 -1.4010e-01
4 0 +3.367991163e+06 +3.368149963e+06 +3.368149963e+06 +1.5806e-01 -2.6567e+00
5 0 +2.892978927e+06 +2.893137727e+06 +2.893137727e+06 +4.5412e+00 -3.1052e+00
6 0 +7.735450686e+04 +7.751330686e+04 +7.751330686e+04 +1.1833e+00 -2.6066e+00
177 0 +3.922728796e+04 +3.938608796e+04 +3.938608796e+04 +4.4992e+00 -5.0000e+00
263 0 +2.264584529e+04 +2.280464529e+04 +2.280464529e+04 +7.5764e-01 -1.0065e+00
285 0 +7.067618687e+03 +7.226418687e+03 +7.226418687e+03 +3.9784e+00 -4.7275e+00
293 0 +2.095199171e+03 +2.253999171e+03 +2.253999171e+03 +4.1292e+00 -4.8979e+00
333 0 +1.148884599e+03 +1.307684599e+03 +1.307684599e+03 +4.1292e+00 -5.0000e+00
545 0 +1.135887193e+03 +1.294687193e+03 +1.294687193e+03 +4.1295e+00 -5.0000e+00
645 0 +3.697794385e+01 +1.957779438e+02 +1.957779438e+02 +3.9780e+00 -4.8275e+00
677 0 +8.663568373e-02 +1.588866357e+02 +1.588866357e+02 +2.8000e+00 -3.8879e+00
3243 0 +7.001119790e-02 +1.588700112e+02 +1.588700112e+02 +2.6649e+00 -3.7785e+00
3561 0 +1.413021755e-02 +1.588141302e+02 +1.588141302e+02 +2.6369e+00 -3.7566e+00
4193 0 +4.420811716e-03 +1.588044208e+02 +1.588044208e+02 +2.6655e+00 -3.7794e+00
5117 0 +4.272167363e-03 +1.588042722e+02 +1.588042722e+02 +2.6888e+00 -3.7981e+00
5437 0 +2.358434766e-03 +1.588023584e+02 +1.588023584e+02 +2.6700e+00 -3.7830e+00
5633 0 +1.010152554e-04 +1.588001010e+02 +1.588001010e+02 +2.6370e+00 -3.7565e+00
8413 0 +8.307876126e-05 +1.588000831e+02 +1.588000831e+02 +2.6455e+00 -3.7633e+00
8735 0 +4.273621272e-05 +1.588000427e+02 +1.588000427e+02 +2.6430e+00 -3.7613e+00
8827 0 +1.401746215e-05 +1.588000140e+02 +1.588000140e+02 +2.6401e+00 -3.7590e+00
8935 0 +9.516388815e-06 +1.588000095e+02 +1.588000095e+02 +2.6407e+00 -3.7595e+00
8967 0 +5.141453215e-06 +1.588000051e+02 +1.588000051e+02 +2.6392e+00 -3.7583e+00
10153 0 +1.776750679e-06 +1.588000018e+02 +1.588000018e+02 +2.6387e+00 -3.7578e+00
10249 0 +4.025760632e-07 +1.588000004e+02 +1.588000004e+02 +2.6383e+00 -3.7575e+00
10777 0 +1.087801138e-08 +1.588000000e+02 +1.588000000e+02 +2.6384e+00 -3.7576e+00
12931 0 +1.046015541e-08 +1.588000000e+02 +1.588000000e+02 +2.6385e+00 -3.7577e+00
12983 0 +3.696726480e-09 +1.588000000e+02 +1.588000000e+02 +2.6384e+00 -3.7576e+00
18629 0 +0.000000000e+00 +1.588000000e+02 +1.588000000e+02 +2.6384e+00 -3.7576e+00
% f evaluations | g evaluations | best noise-free fitness - Fopt (-1.000000000000e+03) + sum g_i+ | measured fitness | best measured fitness or single-digit g-values | x1 | x2...
1 0 +5.830392589e+06 +5.829392589e+06 +5.829392589e+06 -2.5888e+00 +1.5298e+00
2 0 +2.739762965e+06 +2.738762965e+06 +2.738762965e+06 -5.0160e-01 +2.0805e+00
9 0 +1.061186559e+06 +1.060186559e+06 +1.060186559e+06 +1.2858e+00 +2.5267e+00
10 0 +5.536891872e+05 +5.526891872e+05 +5.526891872e+05 -4.4189e+00 +4.9223e+00
12 0 +5.919695621e+04 +5.819695621e+04 +5.819695621e+04 +4.0542e+00 +3.5247e+00
39 0 +1.489829241e+02 -8.510170759e+02 -8.510170759e+02 +1.6167e+00 +3.5166e+00
375 0 +1.365465027e+02 -8.634534973e+02 -8.634534973e+02 -2.5065e+00 +3.9558e+00
575 0 +1.014711518e+02 -8.985288482e+02 -8.985288482e+02 -2.4874e+00 +3.9558e+00
647 0 +2.427320684e+01 -9.757267932e+02 -9.757267932e+02 -5.0000e+00 +4.2741e+00
1417 0 +7.916891060e+00 -9.920831089e+02 -9.920831089e+02 -3.8610e+00 +4.1403e+00
1471 0 +2.386351109e+00 -9.976136489e+02 -9.976136489e+02 -4.7197e-01 +3.7400e+00
1523 0 +5.196370106e-01 -9.994803630e+02 -9.994803630e+02 -2.0165e+00 +3.9117e+00
1645 0 +5.023537708e-01 -9.994976462e+02 -9.994976462e+02 -1.8700e+00 +3.8920e+00
2611 0 +4.891378234e-01 -9.995108622e+02 -9.995108622e+02 -1.3305e+00 +3.8294e+00
3321 0 +1.548438274e-01 -9.998451562e+02 -9.998451562e+02 -1.7466e+00 +3.8771e+00
4329 0 +1.352993681e-01 -9.998647006e+02 -9.998647006e+02 -1.0297e+00 +3.7980e+00
5015 0 +1.085786723e-02 -9.999891421e+02 -9.999891421e+02 -1.4041e+00 +3.8362e+00
6683 0 +9.710694021e-03 -9.999902893e+02 -9.999902893e+02 -1.4840e+00 +3.8455e+00
7099 0 +3.714563233e-03 -9.999962854e+02 -9.999962854e+02 -1.4456e+00 +3.8410e+00
7965 0 +1.615741353e-03 -9.999983843e+02 -9.999983843e+02 -1.4230e+00 +3.8384e+00
9231 0 +1.296650177e-03 -9.999987033e+02 -9.999987033e+02 -1.4208e+00 +3.8382e+00
9959 0 +1.205956328e-03 -9.999987940e+02 -9.999987940e+02 -1.4207e+00 +3.8382e+00
10037 0 +8.005798207e-04 -9.999991994e+02 -9.999991994e+02 -1.4145e+00 +3.8375e+00
10677 0 +6.925836269e-04 -9.999993074e+02 -9.999993074e+02 -1.4084e+00 +3.8368e+00
11113 0 +6.647346117e-04 -9.999993353e+02 -9.999993353e+02 -1.4109e+00 +3.8371e+00
11351 0 +5.855890893e-04 -9.999994144e+02 -9.999994144e+02 -1.4102e+00 +3.8370e+00
11609 0 +5.454185518e-04 -9.999994546e+02 -9.999994546e+02 -1.4096e+00 +3.8369e+00
11815 0 +5.163125152e-04 -9.999994837e+02 -9.999994837e+02 -1.4071e+00 +3.8366e+00
11919 0 +4.453885618e-04 -9.999995546e+02 -9.999995546e+02 -1.4071e+00 +3.8366e+00
12043 0 +3.501687819e-04 -9.999996498e+02 -9.999996498e+02 -1.4046e+00 +3.8364e+00
12419 0 +3.162298062e-04 -9.999996838e+02 -9.999996838e+02 -1.4040e+00 +3.8363e+00
12609 0 +2.276619456e-04 -9.999997723e+02 -9.999997723e+02 -1.4011e+00 +3.8360e+00
13915 0 +1.989344474e-04 -9.999998011e+02 -9.999998011e+02 -1.4004e+00 +3.8359e+00
14157 0 +1.858217621e-04 -9.999998142e+02 -9.999998142e+02 -1.3997e+00 +3.8358e+00
14177 0 +1.738282062e-04 -9.999998262e+02 -9.999998262e+02 -1.3993e+00 +3.8358e+00
14205 0 +1.579041774e-04 -9.999998421e+02 -9.999998421e+02 -1.3988e+00 +3.8357e+00
14409 0 +1.399207761e-04 -9.999998601e+02 -9.999998601e+02 -1.3982e+00 +3.8357e+00
14665 0 +1.249778189e-04 -9.999998750e+02 -9.999998750e+02 -1.3974e+00 +3.8356e+00
14815 0 +1.170688629e-04 -9.999998829e+02 -9.999998829e+02 -1.3971e+00 +3.8355e+00
14849 0 +1.133087666e-04 -9.999998867e+02 -9.999998867e+02 -1.3969e+00 +3.8355e+00
15033 0 +1.104929576e-04 -9.999998895e+02 -9.999998895e+02 -1.3965e+00 +3.8355e+00
15049 0 +1.007294653e-04 -9.999998993e+02 -9.999998993e+02 -1.3963e+00 +3.8355e+00
15417 0 +9.850177821e-05 -9.999999015e+02 -9.999999015e+02 -1.3960e+00 +3.8354e+00
15455 0 +9.139502311e-05 -9.999999086e+02 -9.999999086e+02 -1.3957e+00 +3.8354e+00
15529 0 +8.464934706e-05 -9.999999154e+02 -9.999999154e+02 -1.3954e+00 +3.8354e+00
15707 0 +7.826586625e-05 -9.999999217e+02 -9.999999217e+02 -1.3951e+00 +3.8353e+00
15783 0 +6.230259316e-05 -9.999999377e+02 -9.999999377e+02 -1.3936e+00 +3.8352e+00
15831 0 +5.324778499e-05 -9.999999468e+02 -9.999999468e+02 -1.3927e+00 +3.8351e+00
15963 0 +3.760507843e-05 -9.999999624e+02 -9.999999624e+02 -1.3915e+00 +3.8349e+00
16035 0 +3.094133478e-05 -9.999999691e+02 -9.999999691e+02 -1.3917e+00 +3.8350e+00
16143 0 +2.416969664e-05 -9.999999758e+02 -9.999999758e+02 -1.3912e+00 +3.8349e+00
16153 0 +6.832005511e-06 -9.999999932e+02 -9.999999932e+02 -1.3886e+00 +3.8346e+00
16297 0 +4.513684416e-06 -9.999999955e+02 -9.999999955e+02 -1.3885e+00 +3.8346e+00
16639 0 +3.682401257e-06 -9.999999963e+02 -9.999999963e+02 -1.3883e+00 +3.8346e+00
17125 0 +3.428811965e-06 -9.999999966e+02 -9.999999966e+02 -1.3882e+00 +3.8346e+00
17143 0 +4.870615840e-07 -9.999999995e+02 -9.999999995e+02 -1.3870e+00 +3.8345e+00
17715 0 +2.410538400e-07 -9.999999998e+02 -9.999999998e+02 -1.3869e+00 +3.8344e+00
18163 0 +2.040178515e-07 -9.999999998e+02 -9.999999998e+02 -1.3868e+00 +3.8344e+00
18465 0 +1.743255780e-07 -9.999999998e+02 -9.999999998e+02 -1.3868e+00 +3.8344e+00
18483 0 +8.417168829e-08 -9.999999999e+02 -9.999999999e+02 -1.3865e+00 +3.8344e+00
18597 0 +6.459129054e-08 -9.999999999e+02 -9.999999999e+02 -1.3867e+00 +3.8344e+00
18659 0 +5.150127436e-08 -9.999999999e+02 -9.999999999e+02 -1.3865e+00 +3.8344e+00
18763 0 +1.850082754e-08 -1.000000000e+03 -1.000000000e+03 -1.3865e+00 +3.8344e+00
19021 0 +1.508612968e-08 -1.000000000e+03 -1.000000000e+03 -1.3864e+00 +3.8344e+00
19123 0 +2.860133463e-09 -1.000000000e+03 -1.000000000e+03 -1.3864e+00 +3.8344e+00
24493 0 +0.000000000e+00 -1.000000000e+03 -1.000000000e+03 -1.3864e+00 +3.8344e+00
% f evaluations | g evaluations | best noise-free fitness - Fopt (-1.000000000000e+03) + sum g_i+ | measured fitness | best measured fitness or single-digit g-values | x1 | x2...
1 0 +3.889676908e+05 +3.879676908e+05 +3.879676908e+05 +2.2501e+00 +4.5200e+00
3 0 +3.859641938e+05 +3.849641938e+05 +3.849641938e+05 -1.0694e+00 +3.6224e+00
9 0 +1.889408187e+04 +1.789408187e+04 +1.789408187e+04 +8.0793e-01 +4.4178e+00
16 0 +1.667714874e+04 +1.567714874e+04 +1.567714874e+04 -4.6269e+00 -1.0382e-01
81 0 +2.767938748e+03 +1.767938748e+03 +1.767938748e+03 +1.9632e+00 +5.0000e+00
287 0 +1.192743549e+01 -9.880725645e+02 -9.880725645e+02 -1.1042e+00 +2.6885e+00
913 0 +1.304547237e+00 -9.986954528e+02 -9.986954528e+02 -1.1248e-01 +3.4374e+00
3927 0 +4.966667518e-02 -9.999503333e+02 -9.999503333e+02 -2.6028e-01 +3.3237e+00
5719 0 +7.765912918e-04 -9.999992234e+02 -9.999992234e+02 -1.4549e-01 +3.4097e+00
7929 0 +4.194784448e-04 -9.999995805e+02 -9.999995805e+02 -1.3307e-01 +3.4190e+00
8357 0 +1.589136799e-04 -9.999998411e+02 -9.999998411e+02 -1.3314e-01 +3.4190e+00
10097 0 +1.460873381e-04 -9.999998539e+02 -9.999998539e+02 -1.3238e-01 +3.4195e+00
10311 0 +6.932803285e-05 -9.999999307e+02 -9.999999307e+02 -1.2979e-01 +3.4215e+00
10367 0 +1.705997818e-05 -9.999999829e+02 -9.999999829e+02 -1.2281e-01 +3.4267e+00
11429 0 +1.624517483e-05 -9.999999838e+02 -9.999999838e+02 -1.2615e-01 +3.4242e+00
11739 0 +1.398776465e-05 -9.999999860e+02 -9.999999860e+02 -1.2515e-01 +3.4249e+00
11883 0 +6.342578217e-06 -9.999999937e+02 -9.999999937e+02 -1.2329e-01 +3.4263e+00
11967 0 +3.322315365e-06 -9.999999967e+02 -9.999999967e+02 -1.2428e-01 +3.4256e+00
12281 0 +2.571365485e-07 -9.999999997e+02 -9.999999997e+02 -1.2352e-01 +3.4262e+00
12751 0 +8.747429092e-08 -9.999999999e+02 -9.999999999e+02 -1.2313e-01 +3.4265e+00
13033 0 +5.309084372e-08 -9.999999999e+02 -9.999999999e+02 -1.2338e-01 +3.4263e+00
14127 0 +7.580297279e-09 -1.000000000e+03 -1.000000000e+03 -1.2314e-01 +3.4264e+00
21305 0 +0.000000000e+00 -1.000000000e+03 -1.000000000e+03 -1.2320e-01 +3.4264e+00
% f evaluations | g evaluations | best noise-free fitness - Fopt (2.959000000000e+01) + sum g_i+ | measured fitness | best measured fitness or single-digit g-values | x1 | x2...
1 0 +3.474092621e+07 +3.474095580e+07 +3.474095580e+07 -3.2556e+00 -4.2421e+00
2 0 +4.596962361e+06 +4.596991951e+06 +4.596991951e+06 -1.5371e+00 +3.1677e+00
6 0 +8.193848889e+05 +8.194144789e+05 +8.194144789e+05 +4.6371e+00 +7.4683e-01
9 0 +7.469655213e+05 +7.469951113e+05 +7.469951113e+05 -3.6537e-01 +7.8773e-01
12 0 +5.042460893e+03 +5.072050893e+03 +5.072050893e+03 -2.7477e+00 +1.5810e+00
129 0 +4.528599416e+03 +4.558189416e+03 +4.558189416e+03 +1.1878e-01 +1.6814e+00
205 0 +5.817700512e+02 +6.113600512e+02 +6.113600512e+02 -1.8394e+00 +1.6673e+00
365 0 +1.102519531e+02 +1.398419531e+02 +1.398419531e+02 -2.2021e+00 +1.6673e+00
427 0 +3.145226532e+01 +6.104226532e+01 +6.104226532e+01 -7.8507e-01 +1.7472e+00
625 0 +1.894521213e+01 +4.853521213e+01 +4.853521213e+01 -1.0252e+00 +1.7289e+00
707 0 +4.177460582e+00 +3.376746058e+01 +3.376746058e+01 -7.8507e-01 +1.7413e+00
899 0 +1.492630935e+00 +3.108263094e+01 +3.108263094e+01 -2.3832e+00 +1.6708e+00
941 0 +1.109764008e+00 +3.069976401e+01 +3.069976401e+01 -1.9490e+00 +1.6953e+00
1267 0 +7.596737726e-01 +3.034967377e+01 +3.034967377e+01 -3.6280e+00 +1.6523e+00
1713 0 +4.701039613e-01 +3.006010396e+01 +3.006010396e+01 -2.6574e+00 +1.6584e+00
1761 0 +1.051073449e-01 +2.969510734e+01 +2.969510734e+01 -2.5207e+00 +1.6644e+00
2577 0 +4.079355411e-03 +2.959407936e+01 +2.959407936e+01 -2.7343e+00 +1.6539e+00
4247 0 +3.407555364e-03 +2.959340756e+01 +2.959340756e+01 -2.7418e+00 +1.6536e+00
4867 0 +2.999194742e-03 +2.959299919e+01 +2.959299919e+01 -2.7440e+00 +1.6535e+00
5645 0 +2.727156543e-03 +2.959272716e+01 +2.959272716e+01 -2.7462e+00 +1.6535e+00
5713 0 +2.448180782e-03 +2.959244818e+01 +2.959244818e+01 -2.7488e+00 +1.6534e+00
5787 0 +2.235949093e-03 +2.959223595e+01 +2.959223595e+01 -2.7510e+00 +1.6533e+00
6117 0 +2.075665258e-03 +2.959207567e+01 +2.959207567e+01 -2.7530e+00 +1.6532e+00
6417 0 +2.028932022e-03 +2.959202893e+01 +2.959202893e+01 -2.7543e+00 +1.6531e+00
6643 0 +1.903494006e-03 +2.959190349e+01 +2.959190349e+01 -2.7576e+00 +1.6530e+00
6737 0 +1.693311911e-03 +2.959169331e+01 +2.959169331e+01 -2.7587e+00 +1.6530e+00
6997 0 +1.658371267e-03 +2.959165837e+01 +2.959165837e+01 -2.7576e+00 +1.6530e+00
7243 0 +1.589148338e-03 +2.959158915e+01 +2.959158915e+01 -2.7585e+00 +1.6530e+00
7263 0 +1.544436966e-03 +2.959154444e+01 +2.959154444e+01 -2.7618e+00 +1.6529e+00
7321 0 +1.503319036e-03 +2.959150332e+01 +2.959150332e+01 -2.7596e+00 +1.6530e+00
7423 0 +1.422261407e-03 +2.959142226e+01 +2.959142226e+01 -2.7609e+00 +1.6529e+00
7541 0 +1.400979065e-03 +2.959140098e+01 +2.959140098e+01 -2.7615e+00 +1.6529e+00
7701 0 +1.356606645e-03 +2.959135661e+01 +2.959135661e+01 -2.7615e+00 +1.6529e+00
7953 0 +1.267974409e-03 +2.959126797e+01 +2.959126797e+01 -2.7627e+00 +1.6529e+00
8169 0 +1.220054230e-03 +2.959122005e+01 +2.959122005e+01 -2.7634e+00 +1.6528e+00
8329 0 +1.200804528e-03 +2.959120080e+01 +2.959120080e+01 -2.7640e+00 +1.6528e+00
8341 0 +1.166453618e-03 +2.959116645e+01 +2.959116645e+01 -2.7642e+00 +1.6528e+00
8357 0 +1.090847207e-03 +2.959109085e+01 +2.959109085e+01 -2.7654e+00 +1.6528e+00
8463 0 +1.037818543e-03 +2.959103782e+01 +2.959103782e+01 -2.7671e+00 +1.6527e+00
8675 0 +1.000473638e-03 +2.959100047e+01 +2.959100047e+01 -2.7670e+00 +1.6527e+00
8817 0 +9.817580624e-04 +2.959098176e+01 +2.959098176e+01 -2.7674e+00 +1.6527e+00
8837 0 +8.959990797e-04 +2.959089600e+01 +2.959089600e+01 -2.7689e+00 +1.6527e+00
9637 0 +8.754299832e-04 +2.959087543e+01 +2.959087543e+01 -2.7693e+00 +1.6527e+00
9731 0 +8.588189870e-04 +2.959085882e+01 +2.959085882e+01 -2.7699e+00 +1.6526e+00
9749 0 +8.373807988e-04 +2.959083738e+01 +2.959083738e+01 -2.7708e+00 +1.6526e+00
9811 0 +8.307310799e-04 +2.959083073e+01 +2.959083073e+01 -2.7699e+00 +1.6526e+00
10081 0 +7.912106188e-04 +2.959079121e+01 +2.959079121e+01 -2.7703e+00 +1.6526e+00
10141 0 +7.705664062e-04 +2.959077057e+01 +2.959077057e+01 -2.7721e+00 +1.6526e+00
10335 0 +7.340015610e-04 +2.959073400e+01 +2.959073400e+01 -2.7714e+00 +1.6526e+00
10363 0 +6.967099658e-04 +2.959069671e+01 +2.959069671e+01 -2.7719e+00 +1.6526e+00
10443 0 +6.153856588e-04 +2.959061539e+01 +2.959061539e+01 -2.7736e+00 +1.6525e+00
10547 0 +6.007244660e-04 +2.959060072e+01 +2.959060072e+01 -2.7740e+00 +1.6525e+00
10869 0 +5.638948739e-04 +2.959056389e+01 +2.959056389e+01 -2.7748e+00 +1.6525e+00
10953 0 +4.835417263e-04 +2.959048354e+01 +2.959048354e+01 -2.7765e+00 +1.6524e+00
10977 0 +4.489195777e-04 +2.959044892e+01 +2.959044892e+01 -2.7773e+00 +1.6524e+00
11233 0 +4.280795776e-04 +2.959042808e+01 +2.959042808e+01 -2.7783e+00 +1.6524e+00
11409 0 +4.109316080e-04 +2.959041093e+01 +2.959041093e+01 -2.7781e+00 +1.6524e+00
11493 0 +3.406400391e-04 +2.959034064e+01 +2.959034064e+01 -2.7803e+00 +1.6523e+00
11513 0 +2.970659613e-04 +2.959029707e+01 +2.959029707e+01 -2.7816e+00 +1.6523e+00
11765 0 +2.898431312e-04 +2.959028984e+01 +2.959028984e+01 -2.7817e+00 +1.6523e+00
12185 0 +2.782945350e-04 +2.959027829e+01 +2.959027829e+01 -2.7818e+00 +1.6523e+00
12241 0 +2.701108455e-04 +2.959027011e+01 +2.959027011e+01 -2.7819e+00 +1.6523e+00
12571 0 +2.536602243e-04 +2.959025366e+01 +2.959025366e+01 -2.7827e+00 +1.6523e+00
12621 0 +2.419041879e-04 +2.959024190e+01 +2.959024190e+01 -2.7838e+00 +1.6523e+00
12659 0 +2.224763563e-04 +2.959022248e+01 +2.959022248e+01 -2.7837e+00 +1.6523e+00
12817 0 +2.039778441e-04 +2.959020398e+01 +2.959020398e+01 -2.7841e+00 +1.6522e+00
13223 0 +1.900964394e-04 +2.959019010e+01 +2.959019010e+01 -2.7847e+00 +1.6522e+00
13437 0 +1.860257054e-04 +2.959018603e+01 +2.959018603e+01 -2.7847e+00 +1.6522e+00
13873 0 +1.787037849e-04 +2.959017870e+01 +2.959017870e+01 -2.7850e+00 +1.6522e+00
14319 0 +1.778139053e-04 +2.959017781e+01 +2.959017781e+01 -2.7851e+00 +1.6522e+00
14357 0 +1.612169748e-04 +2.959016122e+01 +2.959016122e+01 -2.7857e+00 +1.6522e+00
14739 0 +1.569542998e-04 +2.959015695e+01 +2.959015695e+01 -2.7859e+00 +1.6522e+00
14969 0 +1.503119848e-04 +2.959015031e+01 +2.959015031e+01 -2.7866e+00 +1.6522e+00
15223 0 +1.395481338e-04 +2.959013955e+01 +2.959013955e+01 -2.7867e+00 +1.6522e+00
15287 0 +1.342092365e-04 +2.959013421e+01 +2.959013421e+01 -2.7871e+00 +1.6522e+00
15349 0 +1.207383490e-04 +2.959012074e+01 +2.959012074e+01 -2.7874e+00 +1.6522e+00
15713 0 +1.195432968e-04 +2.959011954e+01 +2.959011954e+01 -2.7876e+00 +1.6522e+00
15801 0 +1.028989684e-04 +2.959010290e+01 +2.959010290e+01 -2.7883e+00 +1.6522e+00
15895 0 +1.015267577e-04 +2.959010153e+01 +2.959010153e+01 -2.7883e+00 +1.6522e+00
16031 0 +9.871555469e-05 +2.959009872e+01 +2.959009872e+01 -2.7888e+00 +1.6521e+00
16051 0 +8.757590443e-05 +2.959008758e+01 +2.959008758e+01 -2.7893e+00 +1.6521e+00
16383 0 +7.881568989e-05 +2.959007882e+01 +2.959007882e+01 -2.7895e+00 +1.6521e+00
16563 0 +7.551523901e-05 +2.959007552e+01 +2.959007552e+01 -2.7898e+00 +1.6521e+00
17011 0 +6.375463946e-05 +2.959006375e+01 +2.959006375e+01 -2.7904e+00 +1.6521e+00
17421 0 +6.270721217e-05 +2.959006271e+01 +2.959006271e+01 -2.7905e+00 +1.6521e+00
17463 0 +6.075429313e-05 +2.959006075e+01 +2.959006075e+01 -2.7907e+00 +1.6521e+00
17625 0 +5.939920994e-05 +2.959005940e+01 +2.959005940e+01 -2.7907e+00 +1.6521e+00
17823 0 +5.755758952e-05 +2.959005756e+01 +2.959005756e+01 -2.7909e+00 +1.6521e+00
17931 0 +5.608871017e-05 +2.959005609e+01 +2.959005609e+01 -2.7909e+00 +1.6521e+00
18007 0 +5.394229726e-05 +2.959005394e+01 +2.959005394e+01 -2.7910e+00 +1.6521e+00
18155 0 +5.349324931e-05 +2.959005349e+01 +2.959005349e+01 -2.7911e+00 +1.6521e+00
18167 0 +4.618597518e-05 +2.959004619e+01 +2.959004619e+01 -2.7919e+00 +1.6521e+00
18261 0 +4.530535677e-05 +2.959004531e+01 +2.959004531e+01 -2.7921e+00 +1.6521e+00
18543 0 +3.831130688e-05 +2.959003831e+01 +2.959003831e+01 -2.7922e+00 +1.6521e+00
18643 0 +3.633959483e-05 +2.959003634e+01 +2.959003634e+01 -2.7927e+00 +1.6521e+00
18669 0 +3.606596031e-05 +2.959003607e+01 +2.959003607e+01 -2.7924e+00 +1.6521e+00
18671 0 +3.213689876e-05 +2.959003214e+01 +2.959003214e+01 -2.7927e+00 +1.6521e+00
18709 0 +2.830465439e-05 +2.959002830e+01 +2.959002830e+01 -2.7932e+00 +1.6521e+00
18849 0 +2.333004068e-05 +2.959002333e+01 +2.959002333e+01 -2.7940e+00 +1.6520e+00
19191 0 +1.958969983e-05 +2.959001959e+01 +2.959001959e+01 -2.7940e+00 +1.6520e+00
19301 0 +1.614319437e-05 +2.959001614e+01 +2.959001614e+01 -2.7944e+00 +1.6520e+00
19497 0 +1.163167728e-05 +2.959001163e+01 +2.959001163e+01 -2.7952e+00 +1.6520e+00
19669 0 +8.640352938e-06 +2.959000864e+01 +2.959000864e+01 -2.7955e+00 +1.6520e+00
20095 0 +5.768723746e-06 +2.959000577e+01 +2.959000577e+01 -2.7960e+00 +1.6520e+00
20547 0 +3.993015746e-06 +2.959000399e+01 +2.959000399e+01 -2.7964e+00 +1.6520e+00
21125 0 +3.934294700e-06 +2.959000393e+01 +2.959000393e+01 -2.7964e+00 +1.6520e+00
21233 0 +3.719804361e-06 +2.959000372e+01 +2.959000372e+01 -2.7965e+00 +1.6520e+00
21239 0 +3.646645141e-06 +2.959000365e+01 +2.959000365e+01 -2.7965e+00 +1.6520e+00
21249 0 +3.425959381e-06 +2.959000343e+01 +2.959000343e+01 -2.7967e+00 +1.6520e+00
21297 0 +3.054816190e-06 +2.959000305e+01 +2.959000305e+01 -2.7967e+00 +1.6520e+00
21363 0 +2.503641575e-06 +2.959000250e+01 +2.959000250e+01 -2.7969e+00 +1.6520e+00
21629 0 +2.066531291e-06 +2.959000207e+01 +2.959000207e+01 -2.7970e+00 +1.6520e+00
21905 0 +1.497156109e-06 +2.959000150e+01 +2.959000150e+01 -2.7972e+00 +1.6520e+00
22363 0 +1.370829754e-06 +2.959000137e+01 +2.959000137e+01 -2.7973e+00 +1.6520e+00
22485 0 +1.347899293e-06 +2.959000135e+01 +2.959000135e+01 -2.7974e+00 +1.6520e+00
22625 0 +1.046036306e-06 +2.959000105e+01 +2.959000105e+01 -2.7974e+00 +1.6520e+00
22857 0 +6.803522901e-07 +2.959000068e+01 +2.959000068e+01 -2.7976e+00 +1.6520e+00
22877 0 +2.138381419e-07 +2.959000021e+01 +2.959000021e+01 -2.7980e+00 +1.6520e+00
23581 0 +1.982190483e-07 +2.959000020e+01 +2.959000020e+01 -2.7980e+00 +1.6520e+00
23615 0 +1.685173174e-07 +2.959000017e+01 +2.959000017e+01 -2.7980e+00 +1.6520e+00
23859 0 +1.486598720e-07 +2.959000015e+01 +2.959000015e+01 -2.7981e+00 +1.6520e+00
23941 0 +1.400021290e-07 +2.959000014e+01 +2.959000014e+01 -2.7981e+00 +1.6520e+00
24061 0 +1.376550607e-07 +2.959000014e+01 +2.959000014e+01 -2.7981e+00 +1.6520e+00
24081 0 +1.290891056e-07 +2.959000013e+01 +2.959000013e+01 -2.7981e+00 +1.6520e+00
24207 0 +8.379852900e-08 +2.959000008e+01 +2.959000008e+01 -2.7981e+00 +1.6520e+00
24247 0 +6.928258856e-08 +2.959000007e+01 +2.959000007e+01 -2.7981e+00 +1.6520e+00
24353 0 +4.003386422e-08 +2.959000004e+01 +2.959000004e+01 -2.7982e+00 +1.6520e+00
24515 0 +2.579940173e-08 +2.959000003e+01 +2.959000003e+01 -2.7983e+00 +1.6520e+00
24641 0 +2.264886589e-08 +2.959000002e+01 +2.959000002e+01 -2.7983e+00 +1.6520e+00
24717 0 +1.475198985e-08 +2.959000001e+01 +2.959000001e+01 -2.7984e+00 +1.6520e+00
24847 0 +4.836437029e-09 +2.959000000e+01 +2.959000000e+01 -2.7983e+00 +1.6520e+00
27735 0 +0.000000000e+00 +2.959000000e+01 +2.959000000e+01 -2.7984e+00 +1.6520e+00
% f evaluations | g evaluations | best noise-free fitness - Fopt (7.100000000000e+01) + sum g_i+ | measured fitness | best measured fitness or single-digit g-values | x1 | x2...
1 0 +2.112714168e+06 +2.112785168e+06 +2.112785168e+06 +4.7253e-01 -1.2908e+00
9 0 +1.215916406e+05 +1.216626406e+05 +1.216626406e+05 +2.1720e+00 -3.0436e+00
77 0 +1.003534536e+05 +1.004244536e+05 +1.004244536e+05 +1.0132e+00 +2.1375e+00
121 0 +7.162846904e+04 +7.169946904e+04 +7.169946904e+04 -7.5524e-01 +5.0000e+00
203 0 +5.724198409e+03 +5.795198409e+03 +5.795198409e+03 +1.0891e+00 +1.2948e+00
261 0 +2.691632647e+03 +2.762632647e+03 +2.762632647e+03 +4.7253e-01 +2.4992e+00
321 0 +4.107516877e+02 +4.817516877e+02 +4.817516877e+02 -4.4625e-01 +5.0000e+00
423 0 +3.625343331e+02 +4.335343331e+02 +4.335343331e+02 +3.3868e-02 +3.6909e+00
477 0 +5.153010095e+01 +1.225301010e+02 +1.225301010e+02 +2.9730e-02 +3.7673e+00
993 0 +3.234910033e+01 +1.033491003e+02 +1.033491003e+02 +7.4051e-01 +1.9801e+00
1013 0 +1.903134880e+01 +9.003134880e+01 +9.003134880e+01 +7.8886e-01 +1.8548e+00
1229 0 +9.127470501e-01 +7.191274705e+01 +7.191274705e+01 +1.2534e+00 +6.7854e-01
1283 0 +9.871791472e-02 +7.109871791e+01 +7.109871791e+01 +1.5538e+00 -7.7962e-02
3703 0 +4.259046947e-02 +7.104259047e+01 +7.104259047e+01 +1.5537e+00 -7.6338e-02
4085 0 +2.973295975e-02 +7.102973296e+01 +7.102973296e+01 +1.5811e+00 -1.4324e-01
4251 0 +1.195694963e-02 +7.101195695e+01 +7.101195695e+01 +1.5526e+00 -7.4322e-02
4699 0 +2.853313726e-03 +7.100285331e+01 +7.100285331e+01 +1.5590e+00 -9.0169e-02
5339 0 +1.740271594e-05 +7.100001740e+01 +7.100001740e+01 +1.5778e+00 -1.3716e-01
8947 0 +1.191472796e-05 +7.100001191e+01 +7.100001191e+01 +1.5769e+00 -1.3506e-01
9009 0 +2.580801805e-06 +7.100000258e+01 +7.100000258e+01 +1.5770e+00 -1.3536e-01
10417 0 +2.504681106e-06 +7.100000250e+01 +7.100000250e+01 +1.5776e+00 -1.3670e-01
10651 0 +2.171394740e-06 +7.100000217e+01 +7.100000217e+01 +1.5773e+00 -1.3614e-01
10749 0 +4.654608148e-07 +7.100000047e+01 +7.100000047e+01 +1.5775e+00 -1.3644e-01
10953 0 +4.115432830e-07 +7.100000041e+01 +7.100000041e+01 +1.5776e+00 -1.3677e-01
11311 0 +9.648880450e-08 +7.100000010e+01 +7.100000010e+01 +1.5775e+00 -1.3659e-01
11737 0 +4.093161010e-08 +7.100000004e+01 +7.100000004e+01 +1.5776e+00 -1.3679e-01
11837 0 +2.404941313e-08 +7.100000002e+01 +7.100000002e+01 +1.5776e+00 -1.3673e-01
12189 0 +2.315000813e-08 +7.100000002e+01 +7.100000002e+01 +1.5776e+00 -1.3671e-01
12695 0 +8.285098829e-09 +7.100000001e+01 +7.100000001e+01 +1.5776e+00 -1.3672e-01
20057 0 +0.000000000e+00 +7.100000000e+01 +7.100000000e+01 +1.5776e+00 -1.3680e-01
% f evaluations | g evaluations | best noise-free fitness - Fopt (-6.702000000000e+01) + sum g_i+ | measured fitness | best measured fitness or single-digit g-values | x1 | x2...
1 0 +3.909905663e+07 +3.909898961e+07 +3.909898961e+07 -1.4100e+00 -4.4012e+00
2 0 +2.320730388e+05 +2.320060188e+05 +2.320060188e+05 +3.7956e+00 +4.1672e-02
91 0 +2.292436433e+04 +2.285734433e+04 +2.285734433e+04 +4.7343e+00 -2.6579e+00
117 0 +1.168150231e+04 +1.161448231e+04 +1.161448231e+04 +2.5407e+00 +1.3079e+00
215 0 +8.629447412e+03 +8.562427412e+03 +8.562427412e+03 +4.6434e+00 -2.0513e+00
255 0 +8.375391785e+03 +8.308371785e+03 +8.308371785e+03 +4.6434e+00 -2.0539e+00
567 0 +5.055978879e+03 +4.988958879e+03 +4.988958879e+03 +4.2960e+00 -1.8041e+00
569 0 +1.178047716e+03 +1.111027716e+03 +1.111027716e+03 +5.0000e+00 -2.7336e+00
579 0 +9.894877567e+01 +3.192877567e+01 +3.192877567e+01 +4.1496e+00 -1.4532e+00
845 0 +5.883914982e+01 -8.180850179e+00 -8.180850179e+00 +3.3615e+00 -1.5845e-01
1071 0 +9.790947097e+00 -5.722905290e+01 -5.722905290e+01 +3.4400e+00 -2.9336e-01
1627 0 +9.076540779e+00 -5.794345922e+01 -5.794345922e+01 +3.9732e+00 -1.1499e+00
1911 0 +8.773851891e+00 -5.824614811e+01 -5.824614811e+01 +3.0189e+00 +3.8162e-01
2203 0 +6.335433565e+00 -6.068456643e+01 -6.068456643e+01 +3.7622e+00 -8.1247e-01
2257 0 +1.395351285e-01 -6.688046487e+01 -6.688046487e+01 +2.7217e+00 +8.5300e-01
3805 0 +8.609248378e-02 -6.693390752e+01 -6.693390752e+01 +2.7253e+00 +8.4679e-01
3871 0 +1.811703922e-02 -6.700188296e+01 -6.700188296e+01 +2.6183e+00 +1.0179e+00
4611 0 +1.124012968e-03 -6.701887599e+01 -6.701887599e+01 +2.5881e+00 +1.0665e+00
6183 0 +2.257893509e-04 -6.701977421e+01 -6.701977421e+01 +2.5829e+00 +1.0749e+00
6537 0 +1.429705328e-05 -6.701998570e+01 -6.701998570e+01 +2.5757e+00 +1.0864e+00
7741 0 +4.010862398e-06 -6.701999599e+01 -6.701999599e+01 +2.5757e+00 +1.0864e+00
8271 0 +1.656099244e-06 -6.701999834e+01 -6.701999834e+01 +2.5753e+00 +1.0871e+00
8759 0 +1.444491247e-06 -6.701999856e+01 -6.701999856e+01 +2.5757e+00 +1.0864e+00
8873 0 +5.904477973e-08 -6.701999994e+01 -6.701999994e+01 +2.5753e+00 +1.0870e+00
10713 0 +2.434484259e-08 -6.701999998e+01 -6.701999998e+01 +2.5753e+00 +1.0871e+00
11249 0 +8.145406127e-09 -6.701999999e+01 -6.701999999e+01 +2.5752e+00 +1.0873e+00
18639 0 +0.000000000e+00 -6.702000000e+01 -6.702000000e+01 +2.5752e+00 +1.0872e+00
