% f evaluations | g evaluations | best noise-free fitness - Fopt (-4.620900000000e+02) + sum g_i+ | measured fitness | best measured fitness or single-digit g-values | x1 | x2...
1 0 +2.967702233e+02 -1.653197767e+02 -1.653197767e+02 +8.8989e-01 +4.6196e+00 +1.8301e+00 -1.4635e+00 -2.2182e+00
2 0 +2.247790588e+02 -2.373109412e+02 -2.373109412e+02 -1.4461e+00 +2.1910e+00 -1.6347e+00 -4.1245e+00 +1.5865e+00
11 0 +1.692316707e+02 -2.928583293e+02 -2.928583293e+02 +1.9631e+00 +2.6612e+00 -2.0228e+00 -1.8835e+00 +1.7615e+00
81 0 +1.556702510e+02 -3.064197490e+02 -3.064197490e+02 +1.9631e+00 +5.0000e+00 -2.0228e+00 -2.3656e-01 +1.7615e+00
135 0 +9.118433669e+01 -3.709056633e+02 -3.709056633e+02 -1.5142e+00 -2.3732e+00 +1.7577e+00 +2.6593e-01 +2.1292e+00
211 0 +7.688249081e+01 -3.852075092e+02 -3.852075092e+02 +1.1636e+00 +1.2429e+00 +1.5728e+00 -1.0431e+00 +1.5964e+00
215 0 +6.635734279e+01 -3.957326572e+02 -3.957326572e+02 -1.5142e+00 +1.4269e+00 +1.7577e+00 +2.6593e-01 +1.0292e+00
299 0 +5.274729603e+01 -4.093427040e+02 -4.093427040e+02 +4.9089e-01 +1.6861e+00 +2.1179e+00 -8.2593e-02 +1.8138e+00
413 0 +4.789277495e+01 -4.141972250e+02 -4.141972250e+02 +4.4511e-01 +1.1099e+00 +1.5117e+00 +1.0616e+00 +1.5266e+00
619 0 +3.169174679e+01 -4.303982532e+02 -4.303982532e+02 +4.9089e-01 +1.6861e+00 +2.1179e+00 -8.2593e-02 +1.9832e+00
721 0 +2.797324771e+01 -4.341167523e+02 -4.341167523e+02 -7.7210e-01 +2.2746e+00 +2.1307e+00 +1.2298e+00 +1.9423e+00
765 0 +2.592758133e+01 -4.361624187e+02 -4.361624187e+02 +5.5641e-01 +3.0434e+00 +1.7651e+00 +1.1491e+00 +1.6824e+00
819 0 +2.527399114e+01 -4.368160089e+02 -4.368160089e+02 +4.9089e-01 +1.6861e+00 +2.1179e+00 -1.3467e-01 +1.9832e+00
959 0 +1.890731449e+01 -4.431826855e+02 -4.431826855e+02 +2.5593e+00 +1.5323e+00 +1.7124e+00 +3.3066e-01 +1.9727e+00
1059 0 +1.496369344e+01 -4.471263066e+02 -4.471263066e+02 +4.9089e-01 +1.5560e+00 +2.1179e+00 +2.9360e-01 +1.9832e+00
1599 0 +8.893540823e+00 -4.531964592e+02 -4.531964592e+02 +1.3277e+00 +1.5323e+00 +1.7124e+00 +3.2952e-01 +1.9727e+00
2103 0 +8.346957369e+00 -4.537430426e+02 -4.537430426e+02 +1.3417e+00 +2.2275e+00 +1.6204e+00 +7.0094e-01 +1.6056e+00
2325 0 +7.935666599e+00 -4.541543334e+02 -4.541543334e+02 +1.3550e+00 +1.5480e+00 +1.6885e+00 +3.0295e-01 +1.9826e+00
2355 0 +7.110664726e+00 -4.549793353e+02 -4.549793353e+02 +1.4063e+00 +2.2107e+00 +1.6096e+00 +7.3762e-01 +1.9992e+00
2635 0 +5.753617339e+00 -4.563363827e+02 -4.563363827e+02 +1.4063e+00 +2.3481e+00 +1.6096e+00 +7.3762e-01 +1.9992e+00
2755 0 +4.352545008e+00 -4.577374550e+02 -4.577374550e+02 +1.3532e+00 +2.3481e+00 +1.6096e+00 +7.3762e-01 +1.9992e+00
3075 0 +4.170533884e+00 -4.579194661e+02 -4.579194661e+02 +1.3532e+00 +2.3481e+00 +1.6096e+00 +7.3762e-01 +1.9841e+00
3175 0 +3.350365001e+00 -4.587396350e+02 -4.587396350e+02 +2.3302e+00 +2.3544e+00 +1.6225e+00 +7.1865e-01 +1.9848e+00
3255 0 +2.232683124e+00 -4.598573169e+02 -4.598573169e+02 +2.3302e+00 +2.3148e+00 +1.6225e+00 +7.1865e-01 +1.9848e+00
3981 0 +2.076402835e+00 -4.600135972e+02 -4.600135972e+02 +2.3302e+00 +2.2906e+00 +1.6070e+00 +7.2866e-01 +1.9906e+00
4437 0 +2.035563191e+00 -4.600544368e+02 -4.600544368e+02 +2.3403e+00 +2.3096e+00 +1.6210e+00 +7.2891e-01 +1.9876e+00
4929 0 +1.992836786e+00 -4.600971632e+02 -4.600971632e+02 +2.3383e+00 +2.3007e+00 +1.6154e+00 +7.2780e-01 +1.9895e+00
% f evaluations | g evaluations | best noise-free fitness - Fopt (7.766000000000e+01) + sum g_i+ | measured fitness | best measured fitness or single-digit g-values | x1 | x2...
1 0 +2.977779156e+02 +3.754379156e+02 +3.754379156e+02 -6.9927e-01 -4.9341e+00 +2.5995e-01 +1.9872e+00 -1.7689e+00
9 0 +1.454867874e+02 +2.231467874e+02 +2.231467874e+02 +8.5668e-01 +2.0073e+00 +1.6459e+00 +3.8831e+00 +1.0097e+00
61 0 +1.436021430e+02 +2.212621430e+02 +2.212621430e+02 -8.1283e-01 -4.9341e+00 +2.5995e-01 +1.9872e+00 +1.1235e+00
89 0 +1.109787048e+02 +1.886387048e+02 +1.886387048e+02 -1.9717e+00 -1.3055e-01 +8.6495e-03 +5.0000e+00 +2.0330e+00
99 0 +9.676475060e+01 +1.744247506e+02 +1.744247506e+02 +1.4597e+00 -2.2781e+00 +3.5915e-01 +4.4796e+00 +3.3456e-01
221 0 +8.934661120e+01 +1.670066112e+02 +1.670066112e+02 -8.1283e-01 -1.0556e-01 +2.5995e-01 +4.3387e+00 +1.1235e+00
251 0 +8.383731498e+01 +1.614973150e+02 +1.614973150e+02 +2.5892e+00 -1.5181e-01 -2.4425e-03 +2.5227e+00 +9.2778e-01
369 0 +8.185204781e+01 +1.595120478e+02 +1.595120478e+02 +1.4534e+00 -9.4199e-01 +8.6495e-03 +3.2410e+00 +7.7997e-01
395 0 +5.570860781e+01 +1.333686078e+02 +1.333686078e+02 +2.3149e+00 +9.3202e-01 +1.2030e+00 +3.7157e+00 +1.1076e+00
415 0 +5.080535556e+01 +1.284653556e+02 +1.284653556e+02 +2.6104e+00 -3.0664e+00 -1.0509e+00 +2.4349e+00 +1.5351e+00
551 0 +4.460952247e+01 +1.222695225e+02 +1.222695225e+02 +2.2950e+00 -2.2067e+00 -1.6001e-01 +3.0310e+00 +1.5130e+00
699 0 +3.731792726e+01 +1.149779273e+02 +1.149779273e+02 +1.4597e+00 -2.2781e+00 -2.3542e-01 +3.1895e+00 +2.4142e+00
701 0 +3.103424629e+01 +1.086942463e+02 +1.086942463e+02 +4.2721e-01 -1.0556e-01 +1.2070e+00 +2.8548e+00 +2.4778e+00
799 0 +2.720564358e+01 +1.048656436e+02 +1.048656436e+02 +2.3170e+00 -2.2407e+00 +5.4814e-01 +3.7388e+00 +1.8777e+00
901 0 +1.715929252e+01 +9.481929252e+01 +9.481929252e+01 +2.5078e+00 -1.0556e-01 +1.2070e+00 +3.2815e+00 +2.2001e+00
1369 0 +1.604238921e+01 +9.370238921e+01 +9.370238921e+01 +3.2890e-01 -9.4199e-01 +7.0630e-01 +3.2410e+00 +2.1370e+00
1379 0 +1.114328219e+01 +8.880328219e+01 +8.880328219e+01 +1.4597e+00 -2.2781e+00 +6.5872e-01 +3.3147e+00 +2.1779e+00
2017 0 +1.075547479e+01 +8.841547479e+01 +8.841547479e+01 +2.3653e+00 -1.7997e-02 +1.2262e+00 +3.7421e+00 +1.8207e+00
2299 0 +6.206892494e+00 +8.386689249e+01 +8.386689249e+01 +1.4597e+00 -5.9602e-02 +6.5872e-01 +3.3147e+00 +2.1712e+00
2537 0 +5.777966166e+00 +8.343796617e+01 +8.343796617e+01 +2.3653e+00 -1.7997e-02 +1.2262e+00 +3.7421e+00 +2.1660e+00
2675 0 +5.692839152e+00 +8.335283915e+01 +8.335283915e+01 +2.3149e+00 -1.7101e+00 +6.5283e-01 +3.3349e+00 +2.1482e+00
2953 0 +2.770932858e+00 +8.043093286e+01 +8.043093286e+01 +2.3802e+00 -8.9355e-01 +6.7262e-01 +3.3239e+00 +2.1616e+00
3565 0 +2.385238365e+00 +8.004523837e+01 +8.004523837e+01 +2.3692e+00 -8.3716e-01 +6.8904e-01 +3.3194e+00 +2.1578e+00
3833 0 +2.214333348e+00 +7.987433335e+01 +7.987433335e+01 +2.3802e+00 -8.4109e-01 +6.7262e-01 +3.3239e+00 +2.1488e+00
4223 0 +2.079799495e+00 +7.973979950e+01 +7.973979950e+01 +2.3810e+00 -8.3362e-01 +1.2548e+00 +3.3020e+00 +2.1465e+00
4233 0 +1.308501097e+00 +7.896850110e+01 +7.896850110e+01 +2.3802e+00 -8.4109e-01 +1.2732e+00 +3.3239e+00 +2.1488e+00
4549 0 +1.183715744e+00 +7.884371574e+01 +7.884371574e+01 +2.3947e+00 -8.4966e-01 +1.2594e+00 +3.3287e+00 +2.1581e+00
4851 0 +1.146486117e+00 +7.880648612e+01 +7.880648612e+01 +2.3884e+00 -8.4125e-01 +1.2699e+00 +3.3217e+00 +2.1586e+00
4909 0 +1.084215861e+00 +7.874421586e+01 +7.874421586e+01 +2.3947e+00 -8.4966e-01 +1.2709e+00 +3.3287e+00 +2.1581e+00
4925 0 +1.048083175e+00 +7.870808317e+01 +7.870808317e+01 +2.3899e+00 -8.5791e-01 +1.2682e+00 +3.3254e+00 +2.1512e+00
4979 0 +1.046977846e+00 +7.870697785e+01 +7.870697785e+01 +2.3837e+00 -8.5769e-01 +1.2700e+00 +3.3251e+00 +2.1540e+00
5119 0 +1.018054747e+00 +7.867805475e+01 +7.867805475e+01 +2.3950e+00 -8.5630e-01 +1.2701e+00 +3.3195e+00 +2.1547e+00
5559 0 +9.984272659e-01 +7.865842727e+01 +7.865842727e+01 +2.3955e+00 -8.5630e-01 +1.2719e+00 +3.3244e+00 +2.1541e+00
% f evaluations | g evaluations | best noise-free fitness - Fopt (1.156800000000e+02) + sum g_i+ | measured fitness | best measured fitness or single-digit g-values | x1 | x2...
1 0 +5.294993778e+02 +6.451793778e+02 +6.451793778e+02 +1.5482e+00 -5.4336e-01 -8.7950e-01 -2.2639e+00 -2.3754e+00
3 0 +3.824664945e+02 +4.981464945e+02 +4.981464945e+02 +2.8798e+00 -3.9335e+00 -4.3846e+00 +1.5166e+00 -9.7449e-01
4 0 +2.706122515e+02 +3.862922515e+02 +3.862922515e+02 +3.6087e+00 -4.6579e+00 -9.6969e-01 +3.4536e+00 +3.6967e+00
9 0 +4.443551375e+01 +1.601155137e+02 +1.601155137e+02 +1.6339e+00 -2.6311e-01 +2.0722e-01 +2.6381e+00 +3.4302e+00
37 0 +4.152751794e+01 +1.572075179e+02 +1.572075179e+02 -6.6081e-01 -2.6311e-01 +2.0722e-01 +2.6381e+00 +3.4302e+00
415 0 +3.600172262e+01 +1.516817226e+02 +1.516817226e+02 +2.4639e+00 -9.5306e-01 -1.3387e+00 +3.1721e+00 +3.5193e+00
601 0 +3.451370176e+01 +1.501937018e+02 +1.501937018e+02 +2.3566e+00 -9.6905e-01 -3.1653e-01 +2.6453e+00 +2.8072e+00
659 0 +3.300366340e+01 +1.486836634e+02 +1.486836634e+02 +1.2999e+00 +5.8970e-01 -1.3114e+00 +3.9341e+00 +2.9480e+00
717 0 +2.239645009e+01 +1.380764501e+02 +1.380764501e+02 -6.6081e-01 -2.6311e-01 +2.0722e-01 +2.6381e+00 +3.6018e+00
721 0 +1.908571614e+01 +1.347657161e+02 +1.347657161e+02 +9.7775e-03 -9.6905e-01 -3.1653e-01 +3.4736e+00 +3.2513e+00
847 0 +1.874929743e+01 +1.344292974e+02 +1.344292974e+02 +2.1472e+00 -1.9309e+00 +2.0139e-01 +2.5985e+00 +3.5850e+00
943 0 +1.775664087e+01 +1.334366409e+02 +1.334366409e+02 +2.0771e+00 -2.9509e-01 -4.3471e-01 +3.9943e+00 +3.3472e+00
1121 0 +1.628502549e+01 +1.319650255e+02 +1.319650255e+02 +9.7775e-03 -9.6905e-01 -3.1653e-01 +3.4736e+00 +3.5690e+00
1155 0 +1.489555854e+01 +1.305755585e+02 +1.305755585e+02 +3.2017e-01 -1.8438e+00 -2.3685e-01 +3.5040e+00 +3.2886e+00
1467 0 +1.051397209e+01 +1.261939721e+02 +1.261939721e+02 +2.7024e-01 -1.7663e+00 +2.1513e-01 +3.4919e+00 +3.3148e+00
1579 0 +6.613600419e+00 +1.222936004e+02 +1.222936004e+02 +1.6813e-01 -1.9282e-01 +2.4728e-01 +3.0647e+00 +3.5945e+00
1939 0 +3.724013949e+00 +1.194040139e+02 +1.194040139e+02 +2.2716e+00 -2.5053e-01 +2.4728e-01 +3.0647e+00 +3.5945e+00
2177 0 +2.756556004e+00 +1.184365560e+02 +1.184365560e+02 +2.1389e+00 -1.0071e+00 +2.0409e-01 +3.5278e+00 +3.6021e+00
2457 0 +1.970333316e+00 +1.176503333e+02 +1.176503333e+02 +2.1389e+00 -1.0071e+00 +2.0409e-01 +3.1031e+00 +3.6021e+00
3521 0 +1.766969058e+00 +1.174469691e+02 +1.174469691e+02 +2.0895e+00 -9.8890e-01 +2.4627e-01 +3.1043e+00 +3.5988e+00
3645 0 +1.639525211e+00 +1.173195252e+02 +1.173195252e+02 +2.1789e+00 -9.7495e-01 +2.1074e-01 +3.0969e+00 +3.5855e+00
3673 0 +1.534764476e+00 +1.172147645e+02 +1.172147645e+02 +2.1337e+00 -1.0238e+00 +2.4644e-01 +3.0989e+00 +3.5949e+00
3679 0 +1.510460373e+00 +1.171904604e+02 +1.171904604e+02 +2.1791e+00 -1.0179e+00 +2.3326e-01 +3.0914e+00 +3.5827e+00
3735 0 +1.221680959e+00 +1.169016810e+02 +1.169016810e+02 +2.1769e+00 -9.7920e-01 +2.4383e-01 +3.1029e+00 +3.5821e+00
3815 0 +9.530248853e-01 +1.166330249e+02 +1.166330249e+02 +2.1769e+00 -9.7920e-01 +2.4383e-01 +3.1066e+00 +3.6066e+00
3825 0 +6.326809571e-01 +1.163126810e+02 +1.163126810e+02 +2.1453e+00 -9.7072e-01 +2.2307e-01 +3.0864e+00 +3.6007e+00
3915 0 +4.449637240e-01 +1.161249637e+02 +1.161249637e+02 +2.1551e+00 -9.8458e-01 +2.2876e-01 +3.0992e+00 +3.6002e+00
3917 0 +2.288005543e-01 +1.159088006e+02 +1.159088006e+02 +2.1700e+00 -9.7734e-01 +2.2856e-01 +3.0929e+00 +3.6023e+00
3927 0 +1.797589511e-01 +1.158597590e+02 +1.158597590e+02 +2.1739e+00 -9.8024e-01 +2.3646e-01 +3.0930e+00 +3.5966e+00
4137 0 +1.295134021e-01 +1.158095134e+02 +1.158095134e+02 +2.1661e+00 -9.8236e-01 +2.3228e-01 +3.0884e+00 +3.6040e+00
4223 0 +8.052136465e-02 +1.157605214e+02 +1.157605214e+02 +2.1717e+00 -9.8065e-01 +2.4094e-01 +3.0960e+00 +3.6036e+00
4343 0 +7.838958486e-02 +1.157583896e+02 +1.157583896e+02 +2.1732e+00 -9.8065e-01 +2.4094e-01 +3.0960e+00 +3.6036e+00
4383 0 +1.748346239e-02 +1.156974835e+02 +1.156974835e+02 +2.1732e+00 -9.8065e-01 +2.4220e-01 +3.0903e+00 +3.6036e+00
4543 0 +1.543947591e-02 +1.156954395e+02 +1.156954395e+02 +2.1732e+00 -9.8232e-01 +2.4220e-01 +3.0903e+00 +3.6036e+00
4703 0 +1.085145005e-02 +1.156908515e+02 +1.156908515e+02 +2.1756e+00 -9.8232e-01 +2.4220e-01 +3.0903e+00 +3.6036e+00
4761 0 +9.032982820e-03 +1.156890330e+02 +1.156890330e+02 +2.1757e+00 -9.8249e-01 +2.4261e-01 +3.0906e+00 +3.6042e+00
4823 0 +8.860545843e-03 +1.156888605e+02 +1.156888605e+02 +2.1756e+00 -9.8232e-01 +2.4220e-01 +3.0903e+00 +3.6041e+00
4897 0 +7.816584281e-03 +1.156878166e+02 +1.156878166e+02 +2.1768e+00 -9.8532e-01 +2.4451e-01 +3.0905e+00 +3.6035e+00
4955 0 +5.627285415e-03 +1.156856273e+02 +1.156856273e+02 +2.1774e+00 -9.8283e-01 +2.4283e-01 +3.0875e+00 +3.6040e+00
4959 0 +3.018106501e-03 +1.156830181e+02 +1.156830181e+02 +2.1758e+00 -9.8355e-01 +2.4464e-01 +3.0876e+00 +3.6047e+00
5079 0 +1.398007452e-03 +1.156813980e+02 +1.156813980e+02 +2.1758e+00 -9.8355e-01 +2.4464e-01 +3.0886e+00 +3.6047e+00
5159 0 +1.204210384e-03 +1.156812042e+02 +1.156812042e+02 +2.1764e+00 -9.8355e-01 +2.4464e-01 +3.0894e+00 +3.6047e+00
5343 0 +7.461914053e-04 +1.156807462e+02 +1.156807462e+02 +2.1784e+00 -9.8266e-01 +2.4452e-01 +3.0881e+00 +3.6047e+00
5511 0 +4.043441013e-04 +1.156804043e+02 +1.156804043e+02 +2.1784e+00 -9.8319e-01 +2.4478e-01 +3.0886e+00 +3.6044e+00
5595 0 +3.073741600e-04 +1.156803074e+02 +1.156803074e+02 +2.1774e+00 -9.8355e-01 +2.4469e-01 +3.0890e+00 +3.6048e+00
5663 0 +1.610987291e-04 +1.156801611e+02 +1.156801611e+02 +2.1784e+00 -9.8266e-01 +2.4452e-01 +3.0888e+00 +3.6047e+00
5813 0 +1.559350432e-04 +1.156801559e+02 +1.156801559e+02 +2.1782e+00 -9.8338e-01 +2.4473e-01 +3.0885e+00 +3.6046e+00
5829 0 +1.498789996e-04 +1.156801499e+02 +1.156801499e+02 +2.1780e+00 -9.8275e-01 +2.4462e-01 +3.0888e+00 +3.6047e+00
5881 0 +9.285246081e-05 +1.156800929e+02 +1.156800929e+02 +2.1784e+00 -9.8281e-01 +2.4461e-01 +3.0887e+00 +3.6047e+00
5893 0 +2.548467914e-05 +1.156800255e+02 +1.156800255e+02 +2.1783e+00 -9.8338e-01 +2.4472e-01 +3.0887e+00 +3.6048e+00
5911 0 +2.084972238e-05 +1.156800208e+02 +1.156800208e+02 +2.1784e+00 -9.8322e-01 +2.4478e-01 +3.0887e+00 +3.6047e+00
5991 0 +8.806509328e-06 +1.156800088e+02 +1.156800088e+02 +2.1784e+00 -9.8322e-01 +2.4478e-01 +3.0888e+00 +3.6047e+00
6311 0 +2.865695521e-06 +1.156800029e+02 +1.156800029e+02 +2.1784e+00 -9.8322e-01 +2.4480e-01 +3.0888e+00 +3.6048e+00
6411 0 +2.001018174e-06 +1.156800020e+02 +1.156800020e+02 +2.1784e+00 -9.8326e-01 +2.4478e-01 +3.0888e+00 +3.6048e+00
6671 0 +1.458498645e-06 +1.156800015e+02 +1.156800015e+02 +2.1784e+00 -9.8322e-01 +2.4480e-01 +3.0888e+00 +3.6048e+00
6743 0 +9.133109131e-07 +1.156800009e+02 +1.156800009e+02 +2.1784e+00 -9.8320e-01 +2.4480e-01 +3.0888e+00 +3.6048e+00
6839 0 +5.928954323e-07 +1.156800006e+02 +1.156800006e+02 +2.1784e+00 -9.8321e-01 +2.4479e-01 +3.0888e+00 +3.6048e+00
6895 0 +5.003065127e-07 +1.156800005e+02 +1.156800005e+02 +2.1784e+00 -9.8320e-01 +2.4478e-01 +3.0888e+00 +3.6048e+00
6917 0 +3.653550493e-07 +1.156800004e+02 +1.156800004e+02 +2.1784e+00 -9.8321e-01 +2.4478e-01 +3.0888e+00 +3.6048e+00
6947 0 +2.314906880e-07 +1.156800002e+02 +1.156800002e+02 +2.1784e+00 -9.8321e-01 +2.4479e-01 +3.0888e+00 +3.6048e+00
7193 0 +2.280006299e-07 +1.156800002e+02 +1.156800002e+02 +2.1784e+00 -9.8320e-01 +2.4478e-01 +3.0888e+00 +3.6048e+00
7227 0 +2.162093011e-07 +1.156800002e+02 +1.156800002e+02 +2.1784e+00 -9.8321e-01 +2.4480e-01 +3.0888e+00 +3.6048e+00
7233 0 +6.011610765e-08 +1.156800001e+02 +1.156800001e+02 +2.1784e+00 -9.8320e-01 +2.4480e-01 +3.0888e+00 +3.6048e+00
7329 0 +4.910017992e-08 +1.156800000e+02 +1.156800000e+02 +2.1784e+00 -9.8320e-01 +2.4479e-01 +3.0888e+00 +3.6048e+00
7567 0 +2.726362425e-08 +1.156800000e+02 +1.156800000e+02 +2.1784e+00 -9.8320e-01 +2.4480e-01 +3.0888e+00 +3.6048e+00
7729 0 +1.151425977e-08 +1.156800000e+02 +1.156800000e+02 +2.1784e+00 -9.8320e-01 +2.4480e-01 +3.0888e+00 +3.6048e+00
7767 0 +7.976296956e-09 +1.156800000e+02 +1.156800000e+02 +2.1784e+00 -9.8320e-01 +2.4480e-01 +3.0888e+00 +3.6048e+00
11163 0 +0.000000000e+00 +1.156800000e+02 +1.156800000e+02 +2.1784e+00 -9.8320e-01 +2.4480e-01 +3.0888e+00 +3.6048e+00
% f evaluations | g evaluations | best noise-free fitness - Fopt (-3.710000000000e+00) + sum g_i+ | measured fitness | best measured fitness or single-digit g-values | x1 | x2...
1 0 +2.885284921e+02 +2.848184921e+02 +2.848184921e+02 +1.2825e+00 -5.5232e-01 +4.3324e-02 +3.6949e+00 -1.7105e+00
6 0 +1.585929275e+02 +1.548829275e+02 +1.548829275e+02 +1.7877e+00 +1.2466e+00 -2.5043e+00 +3.5839e+00 +2.5813e+00
19 0 +1.179734285e+02 +1.142634285e+02 +1.142634285e+02 -1.7443e+00 -1.7145e+00 -1.9660e-01 +3.8358e+00 +3.3232e+00
101 0 +1.078578417e+02 +1.041478417e+02 +1.041478417e+02 +3.4526e-01 -3.5511e+00 +4.3324e-02 +2.4501e+00 +1.7838e+00
131 0 +8.608515895e+01 +8.237515895e+01 +8.237515895e+01 +2.1500e+00 -5.0000e+00 -5.4682e-01 +5.0000e+00 +3.0228e+00
241 0 +7.839178619e+01 +7.468178619e+01 +7.468178619e+01 +2.1932e+00 -1.7141e+00 +1.7596e+00 +2.4188e+00 +1.2032e+00
263 0 +6.049985876e+01 +5.678985876e+01 +5.678985876e+01 +1.0968e-01 -2.4842e+00 +6.9528e-01 +2.6714e+00 +2.3510e+00
321 0 +5.830350055e+01 +5.459350055e+01 +5.459350055e+01 +2.4896e+00 -1.7141e+00 +1.7596e+00 +4.4182e+00 +1.9224e+00
431 0 +4.847810817e+01 +4.476810817e+01 +4.476810817e+01 +1.1428e+00 -4.7013e+00 +2.0181e-01 +4.4091e+00 +2.5813e+00
521 0 +4.332147901e+01 +3.961147901e+01 +3.961147901e+01 +1.1509e+00 -1.7141e+00 +1.7596e+00 +4.4182e+00 +1.9224e+00
551 0 +4.219046080e+01 +3.848046080e+01 +3.848046080e+01 +1.1428e+00 -4.7013e+00 +2.0181e-01 +4.3381e+00 +2.5813e+00
641 0 +3.303252685e+01 +2.932252685e+01 +2.932252685e+01 +1.1509e+00 -1.7141e+00 +1.7596e+00 +4.4182e+00 +2.5694e+00
761 0 +2.499597803e+01 +2.128597803e+01 +2.128597803e+01 +1.1509e+00 -1.7141e+00 +1.7596e+00 +4.4182e+00 +2.4342e+00
933 0 +2.284459976e+01 +1.913459976e+01 +1.913459976e+01 +8.2063e-01 -2.2159e+00 +1.7526e+00 +4.3576e+00 +2.8061e+00
1259 0 +1.848604848e+01 +1.477604848e+01 +1.477604848e+01 +1.2616e+00 -1.4359e+00 +1.0954e+00 +4.3252e+00 +2.4269e+00
1449 0 +1.312095241e+01 +9.410952409e+00 +9.410952409e+00 +2.1126e+00 -2.3194e+00 +1.7079e+00 +4.3101e+00 +2.7952e+00
1843 0 +8.750622113e+00 +5.040622113e+00 +5.040622113e+00 +2.1563e+00 -1.5423e+00 +1.2918e+00 +4.3582e+00 +2.8440e+00
2175 0 +8.328110302e+00 +4.618110302e+00 +4.618110302e+00 +1.1026e+00 -1.4488e+00 +1.7785e+00 +4.3568e+00 +2.8258e+00
2201 0 +5.240140179e+00 +1.530140179e+00 +1.530140179e+00 +2.0997e+00 -1.5891e+00 +1.7596e+00 +4.3470e+00 +2.8459e+00
2483 0 +4.318676288e+00 +6.086762880e-01 +6.086762880e-01 +2.1563e+00 -2.2559e+00 +1.7579e+00 +4.3582e+00 +2.8440e+00
2887 0 +3.612939359e+00 -9.706064100e-02 -9.706064100e-02 +2.1286e+00 -2.3302e+00 +1.7714e+00 +4.3495e+00 +2.8461e+00
3007 0 +3.529119321e+00 -1.808806786e-01 -1.808806786e-01 +2.1286e+00 -2.3302e+00 +1.7814e+00 +4.3495e+00 +2.8461e+00
3069 0 +3.277893637e+00 -4.321063630e-01 -4.321063630e-01 +2.0736e+00 -2.2840e+00 +1.7796e+00 +4.3549e+00 +3.1417e+00
3133 0 +2.689507688e+00 -1.020492312e+00 -1.020492312e+00 +2.1125e+00 -2.2674e+00 +1.7653e+00 +4.3435e+00 +3.1502e+00
3269 0 +2.423546851e+00 -1.286453149e+00 -1.286453149e+00 +2.1410e+00 -2.2840e+00 +1.7796e+00 +4.3488e+00 +3.1417e+00
3427 0 +2.161696802e+00 -1.548303198e+00 -1.548303198e+00 +2.1168e+00 -2.2975e+00 +1.7817e+00 +4.3619e+00 +3.1493e+00
3641 0 +2.121102188e+00 -1.588897812e+00 -1.588897812e+00 +2.1200e+00 -2.2954e+00 +1.7771e+00 +4.3531e+00 +3.1535e+00
3669 0 +2.076152058e+00 -1.633847942e+00 -1.633847942e+00 +2.1223e+00 -2.2840e+00 +1.7796e+00 +4.3488e+00 +3.1529e+00
3797 0 +2.025115284e+00 -1.684884716e+00 -1.684884716e+00 +2.1251e+00 -2.2917e+00 +1.7781e+00 +4.3560e+00 +3.1522e+00
4155 0 +1.990950834e+00 -1.719049166e+00 -1.719049166e+00 +2.1237e+00 -2.2959e+00 +1.7828e+00 +4.3538e+00 +3.1524e+00
% f evaluations | g evaluations | best noise-free fitness - Fopt (1.321800000000e+02) + sum g_i+ | measured fitness | best measured fitness or single-digit g-values | x1 | x2...
1 0 +2.712891640e+02 +4.034691640e+02 +4.034691640e+02 -3.1476e+00 +2.7774e+00 -3.7699e+00 +7.3601e-02 +2.0302e+00
4 0 +2.587797825e+02 +3.909597825e+02 +3.909597825e+02 +2.1821e+00 -3.4947e+00 +2.6816e+00 +2.1560e+00 -9.8164e-02
7 0 +2.097997770e+02 +3.419797770e+02 +3.419797770e+02 +1.7477e+00 +1.7807e-01 -3.1668e+00 -4.8649e+00 +1.3008e+00
37 0 +1.998945366e+02 +3.320745366e+02 +3.320745366e+02 -2.4661e+00 -5.0000e+00 +1.9850e+00 -3.6869e+00 +5.5941e-01
103 0 +1.849801371e+02 +3.171601371e+02 +3.171601371e+02 +1.9562e+00 -5.0000e+00 +3.5045e+00 +5.4084e-01 +8.8674e-01
109 0 +1.532674639e+02 +2.854474639e+02 +2.854474639e+02 -2.9627e+00 +1.3790e+00 +1.6871e+00 -3.1242e+00 +3.8252e-01
141 0 +1.381899355e+02 +2.703699355e+02 +2.703699355e+02 -3.1476e+00 +2.7774e+00 +2.0636e+00 +7.3601e-02 +2.0302e+00
279 0 +1.096829485e+02 +2.418629485e+02 +2.418629485e+02 +1.4128e+00 -5.0000e+00 +1.9773e+00 -1.9473e+00 +1.5527e+00
371 0 +8.982251496e+01 +2.220025150e+02 +2.220025150e+02 -2.3726e+00 +7.8327e-01 +2.7750e+00 -3.1383e+00 +1.1136e+00
479 0 +8.474484793e+01 +2.169248479e+02 +2.169248479e+02 +3.5353e-01 -3.9794e-01 +1.7408e+00 -1.9473e+00 +1.5527e+00
487 0 +7.894482529e+01 +2.111248253e+02 +2.111248253e+02 +1.4637e+00 -8.3733e-01 +2.8805e+00 -3.2790e+00 +1.4602e+00
549 0 +5.876207446e+01 +1.909420745e+02 +1.909420745e+02 +4.0776e+00 +3.0467e+00 +3.4071e+00 -2.5279e+00 +1.3492e+00
631 0 +5.610721425e+01 +1.882872142e+02 +1.882872142e+02 +9.3928e-03 +2.6560e+00 +2.9901e+00 -3.1367e+00 +2.1512e+00
721 0 +4.391140625e+01 +1.760914063e+02 +1.760914063e+02 +3.7404e+00 -2.1171e+00 +2.3112e+00 -2.4042e+00 +2.2026e+00
727 0 +3.800507829e+01 +1.701850783e+02 +1.701850783e+02 +1.4637e+00 -8.3733e-01 +2.9001e+00 -1.5841e+00 +1.8698e+00
801 0 +2.650758407e+01 +1.586875841e+02 +1.586875841e+02 +2.9677e+00 +2.9023e+00 +2.9458e+00 -2.4422e+00 +2.2026e+00
1217 0 +1.996087291e+01 +1.521408729e+02 +1.521408729e+02 +2.7071e+00 +2.3609e+00 +3.4303e+00 -2.5015e+00 +1.8219e+00
1485 0 +1.676291372e+01 +1.489429137e+02 +1.489429137e+02 +3.7332e+00 +2.9993e+00 +3.0217e+00 -1.9739e+00 +1.8134e+00
1737 0 +1.536751684e+01 +1.475475168e+02 +1.475475168e+02 +2.7071e+00 +2.3609e+00 +2.3998e+00 -1.5499e+00 +1.8219e+00
1777 0 +9.235797643e+00 +1.414157976e+02 +1.414157976e+02 +2.7071e+00 +2.3609e+00 +3.4261e+00 -1.5499e+00 +2.2012e+00
2417 0 +6.373795731e+00 +1.385537957e+02 +1.385537957e+02 +3.7273e+00 +2.3609e+00 +3.4602e+00 -1.5530e+00 +2.2012e+00
3295 0 +5.864948636e+00 +1.380449486e+02 +1.380449486e+02 +3.7590e+00 +2.3392e+00 +3.4557e+00 -1.9514e+00 +1.8182e+00
3575 0 +4.566420870e+00 +1.367464209e+02 +1.367464209e+02 +3.7590e+00 +1.4975e+00 +3.4557e+00 -1.9514e+00 +1.8182e+00
4255 0 +1.326815608e+00 +1.335068156e+02 +1.335068156e+02 +3.7622e+00 +1.4975e+00 +3.4557e+00 -1.9514e+00 +2.1830e+00
4895 0 +1.262599484e+00 +1.334425995e+02 +1.334425995e+02 +3.7622e+00 +1.4892e+00 +3.4557e+00 -1.9514e+00 +2.1830e+00
5199 0 +1.168506497e+00 +1.333485065e+02 +1.333485065e+02 +3.7559e+00 +1.4862e+00 +3.4516e+00 -1.9598e+00 +2.1771e+00
5631 0 +1.096635735e+00 +1.332766357e+02 +1.332766357e+02 +3.7588e+00 +1.4733e+00 +3.4616e+00 -1.9741e+00 +2.1831e+00
5671 0 +1.025990723e+00 +1.332059907e+02 +1.332059907e+02 +3.7588e+00 +1.4773e+00 +3.4616e+00 -1.9647e+00 +2.1844e+00
5711 0 +1.022134643e+00 +1.332021346e+02 +1.332021346e+02 +3.7643e+00 +1.4773e+00 +3.4616e+00 -1.9647e+00 +2.1844e+00
6245 0 +9.999777911e-01 +1.331799778e+02 +1.331799778e+02 +3.7635e+00 +1.4833e+00 +3.4599e+00 -1.9661e+00 +2.1811e+00
% f evaluations | g evaluations | best noise-free fitness - Fopt (1.104800000000e+02) + sum g_i+ | measured fitness | best measured fitness or single-digit g-values | x1 | x2...
1 0 +2.005525477e+02 +3.110325477e+02 +3.110325477e+02 +8.4280e-01 +3.3854e+00 -3.6806e+00 +2.8973e+00 +2.4307e+00
2 0 +1.318085765e+02 +2.422885765e+02 +2.422885765e+02 +1.6891e+00 -3.5606e+00 +1.0860e+00 +3.3289e+00 +1.1067e+00
45 0 +1.189662552e+02 +2.294462552e+02 +2.294462552e+02 +1.4625e+00 -2.4849e+00 -2.1274e+00 +3.1032e+00 +3.5273e+00
117 0 +1.042327834e+02 +2.147127834e+02 +2.147127834e+02 -3.0121e-01 -4.5656e+00 +6.6791e-01 +3.4098e+00 +1.9302e+00
155 0 +4.226154585e+01 +1.527415458e+02 +1.527415458e+02 +4.5835e-01 -1.5934e+00 -6.8824e-01 +3.1305e+00 +3.3718e+00
475 0 +2.850163171e+01 +1.389816317e+02 +1.389816317e+02 +4.5835e-01 -8.6479e-01 +7.0109e-01 +1.2551e+00 +3.3718e+00
543 0 +2.363593673e+01 +1.341159367e+02 +1.341159367e+02 +1.3817e+00 -7.8273e-01 +1.0860e+00 +2.3773e+00 +3.6099e+00
793 0 +2.302690877e+01 +1.335069088e+02 +1.335069088e+02 -3.5387e-01 -7.3625e-01 +1.1867e+00 +1.8995e+00 +2.9579e+00
903 0 +2.224168868e+01 +1.327216887e+02 +1.327216887e+02 +1.4151e+00 -7.8273e-01 +1.0860e+00 +2.3773e+00 +3.6099e+00
1077 0 +2.099545671e+01 +1.314754567e+02 +1.314754567e+02 -5.2411e-01 -2.0844e-01 +1.7337e+00 +2.8663e+00 +3.4120e+00
1261 0 +1.478076334e+01 +1.252607633e+02 +1.252607633e+02 -5.1180e-01 +1.3376e-02 +1.1950e+00 +2.8039e+00 +3.3165e+00
1335 0 +1.330156208e+01 +1.237815621e+02 +1.237815621e+02 +5.3582e-01 -5.1829e-02 +1.6986e+00 +2.6998e+00 +3.3489e+00
1589 0 +1.282778330e+01 +1.233077833e+02 +1.233077833e+02 +1.6027e+00 -1.2047e-02 +1.6771e+00 +2.3462e+00 +3.6298e+00
1695 0 +8.704229422e+00 +1.191842294e+02 +1.191842294e+02 +5.3582e-01 -5.1829e-02 +1.6986e+00 +2.8571e+00 +3.3489e+00
2189 0 +7.586587859e+00 +1.180665879e+02 +1.180665879e+02 +1.4516e+00 -1.2047e-02 +1.6771e+00 +2.3462e+00 +3.6298e+00
2359 0 +7.376764893e+00 +1.178567649e+02 +1.178567649e+02 +1.4456e+00 -9.1358e-01 +1.7283e+00 +3.1986e+00 +3.3583e+00
2387 0 +6.065539694e+00 +1.165455397e+02 +1.165455397e+02 +5.4416e-01 -1.8136e-01 +2.2226e+00 +2.7823e+00 +3.3456e+00
2455 0 +5.110247744e+00 +1.155902477e+02 +1.155902477e+02 +5.3582e-01 -5.1829e-02 +1.7006e+00 +2.7871e+00 +3.3489e+00
2547 0 +4.606470612e+00 +1.150864706e+02 +1.150864706e+02 +5.4416e-01 -8.3129e-01 +2.2226e+00 +2.7823e+00 +3.3456e+00
2845 0 +4.449601163e+00 +1.149296012e+02 +1.149296012e+02 +1.4851e+00 -8.3167e-02 +1.6451e+00 +2.7679e+00 +3.3571e+00
3103 0 +2.946783011e+00 +1.134267830e+02 +1.134267830e+02 +1.4937e+00 -8.3385e-01 +2.2358e+00 +2.3802e+00 +3.3604e+00
3435 0 +2.616714208e+00 +1.130967142e+02 +1.130967142e+02 +1.4602e+00 -8.9052e-01 +1.6730e+00 +2.7992e+00 +3.3488e+00
3675 0 +2.214481514e+00 +1.126944815e+02 +1.126944815e+02 +1.4602e+00 -8.9052e-01 +2.2304e+00 +2.7992e+00 +3.3488e+00
3703 0 +1.764394779e+00 +1.122443948e+02 +1.122443948e+02 +1.4937e+00 -8.3385e-01 +2.2358e+00 +2.7972e+00 +3.3466e+00
3823 0 +1.352068379e+00 +1.118320684e+02 +1.118320684e+02 +1.4937e+00 -8.3385e-01 +2.2502e+00 +2.7972e+00 +3.3516e+00
3999 0 +1.190340411e+00 +1.116703404e+02 +1.116703404e+02 +1.4865e+00 -8.5336e-01 +2.2601e+00 +2.7969e+00 +3.3605e+00
4307 0 +1.157524590e+00 +1.116375246e+02 +1.116375246e+02 +1.4848e+00 -8.6861e-01 +2.2477e+00 +2.8014e+00 +3.3547e+00
4347 0 +1.145071691e+00 +1.116250717e+02 +1.116250717e+02 +1.4848e+00 -8.6861e-01 +2.2477e+00 +2.8014e+00 +3.3529e+00
4399 0 +1.085526047e+00 +1.115655260e+02 +1.115655260e+02 +1.4802e+00 -8.5336e-01 +2.2601e+00 +2.8021e+00 +3.3499e+00
4559 0 +1.064638076e+00 +1.115446381e+02 +1.115446381e+02 +1.4802e+00 -8.6724e-01 +2.2601e+00 +2.7987e+00 +3.3499e+00
4737 0 +1.040850742e+00 +1.115208507e+02 +1.115208507e+02 +1.4907e+00 -8.6692e-01 +2.2555e+00 +2.7982e+00 +3.3546e+00
4857 0 +1.002824343e+00 +1.114828243e+02 +1.114828243e+02 +1.4921e+00 -8.6130e-01 +2.2606e+00 +2.7982e+00 +3.3542e+00
5067 0 +9.997978726e-01 +1.114797979e+02 +1.114797979e+02 +1.4936e+00 -8.5783e-01 +2.2591e+00 +2.7987e+00 +3.3529e+00
% f evaluations | g evaluations | best noise-free fitness - Fopt (-1.509000000000e+01) + sum g_i+ | measured fitness | best measured fitness or single-digit g-values | x1 | x2...
1 0 +7.150403484e+02 +6.999503484e+02 +6.999503484e+02 +1.0392e+00 +1.0945e+00 -3.9117e+00 -3.2762e+00 +4.1565e+00
3 0 +5.211945448e+02 +5.061045448e+02 +5.061045448e+02 -7.3118e-02 -4.0973e+00 -4.8271e+00 +3.3088e+00 +6.5574e-02
5 0 +3.066940944e+02 +2.916040944e+02 +2.916040944e+02 -2.5087e-01 +9.8891e-01 -3.8042e+00 -3.2542e+00 -9.2559e-01
20 0 +1.459425207e+02 +1.308525207e+02 +1.308525207e+02 +5.2780e-01 -1.5252e+00 +3.7520e-01 -1.6637e+00 +1.2800e+00
63 0 +1.322757565e+02 +1.171857565e+02 +1.171857565e+02 -2.2810e+00 +2.3534e+00 -4.5885e-01 -2.1199e+00 +1.8124e+00
121 0 +1.179113681e+02 +1.028213681e+02 +1.028213681e+02 -3.7123e+00 -5.4872e-03 -1.4132e+00 -2.9677e+00 +8.7659e-01
123 0 +6.729850518e+01 +5.220850518e+01 +5.220850518e+01 -3.8408e+00 -4.6882e+00 +2.4819e-01 -2.4416e+00 +2.6753e+00
163 0 +6.226348425e+01 +4.717348425e+01 +4.717348425e+01 -3.8408e+00 -3.8523e-01 +2.4819e-01 -3.9900e+00 +2.6753e+00
283 0 +3.239755025e+01 +1.730755025e+01 +1.730755025e+01 -6.6174e-01 -9.6414e-01 +2.4819e-01 -3.9900e+00 +2.6753e+00
323 0 +3.181800050e+01 +1.672800050e+01 +1.672800050e+01 -6.6174e-01 -9.6414e-01 +2.4819e-01 -2.3985e+00 +2.6753e+00
629 0 +2.636858076e+01 +1.127858076e+01 +1.127858076e+01 -6.4827e-01 +3.6848e-01 +6.7928e-02 -3.8164e+00 +2.3965e+00
869 0 +2.592447589e+01 +1.083447589e+01 +1.083447589e+01 +3.0270e-01 +3.6848e-01 +6.7928e-02 -3.8164e+00 +2.3965e+00
981 0 +2.213666633e+01 +7.046666331e+00 +7.046666331e+00 -7.3573e-01 -1.6287e+00 -5.2116e-01 -2.4585e+00 +2.9998e+00
999 0 +1.831589984e+01 +3.225899838e+00 +3.225899838e+00 -1.4650e+00 -1.9007e+00 -4.5852e-01 -3.3715e+00 +3.0724e+00
1059 0 +1.596569616e+01 +8.756961629e-01 +8.756961629e-01 -5.3486e-01 -1.7981e+00 -1.0078e+00 -3.3753e+00 +2.6228e+00
1263 0 +1.481549260e+01 -2.745073998e-01 -2.745073998e-01 -6.0562e-01 -1.0837e+00 -9.1710e-01 -2.5017e+00 +3.0342e+00
1605 0 +9.730295813e+00 -5.359704187e+00 -5.359704187e+00 +3.3897e-01 -9.0425e-01 -4.1051e-01 -2.4921e+00 +3.0236e+00
1699 0 +8.764092967e+00 -6.325907033e+00 -6.325907033e+00 -5.3486e-01 -1.7981e+00 -4.3995e-01 -3.3753e+00 +2.6228e+00
1835 0 +4.215125478e+00 -1.087487452e+01 -1.087487452e+01 +3.5062e-01 -9.6971e-01 -4.0129e-01 -3.3705e+00 +3.3107e+00
2195 0 +3.677755147e+00 -1.141224485e+01 -1.141224485e+01 +3.5062e-01 -9.6971e-01 -4.9807e-01 -3.3705e+00 +3.3107e+00
2835 0 +3.594566330e+00 -1.149543367e+01 -1.149543367e+01 +3.5062e-01 -9.6971e-01 -4.9452e-01 -3.3705e+00 +3.3107e+00
3089 0 +3.510974063e+00 -1.157902594e+01 -1.157902594e+01 +3.5701e-01 -9.6941e-01 -4.6267e-01 -3.3652e+00 +3.0171e+00
3383 0 +2.776950199e+00 -1.231304980e+01 -1.231304980e+01 -6.3043e-01 -1.7895e+00 -4.6774e-01 -3.3660e+00 +3.3189e+00
3497 0 +2.730030618e+00 -1.235996938e+01 -1.235996938e+01 +3.3883e-01 -9.7373e-01 -4.5842e-01 -3.3677e+00 +3.3305e+00
3543 0 +2.352851950e+00 -1.273714805e+01 -1.273714805e+01 +3.5643e-01 -1.7895e+00 -4.1574e-01 -3.3660e+00 +3.3189e+00
3687 0 +1.587465207e+00 -1.350253479e+01 -1.350253479e+01 +3.8638e-01 -1.7879e+00 -4.8680e-01 -3.3729e+00 +3.3186e+00
3861 0 +1.447723612e+00 -1.364227639e+01 -1.364227639e+01 +3.9500e-01 -1.7817e+00 -4.7835e-01 -3.3728e+00 +3.3305e+00
4061 0 +1.381672897e+00 -1.370832710e+01 -1.370832710e+01 +3.9500e-01 -1.7817e+00 -4.7056e-01 -3.3728e+00 +3.3305e+00
4223 0 +1.347597735e+00 -1.374240226e+01 -1.374240226e+01 +3.8877e-01 -1.7895e+00 -4.7885e-01 -3.3767e+00 +3.3209e+00
4299 0 +1.223315318e+00 -1.386668468e+01 -1.386668468e+01 +3.8243e-01 -1.7641e+00 -4.8450e-01 -3.3777e+00 +3.3285e+00
4369 0 +1.079727015e+00 -1.401027299e+01 -1.401027299e+01 +3.8777e-01 -1.7861e+00 -4.5841e-01 -3.3784e+00 +3.3270e+00
4541 0 +1.063226087e+00 -1.402677391e+01 -1.402677391e+01 +3.7928e-01 -1.7817e+00 -4.6736e-01 -3.3759e+00 +3.3305e+00
4577 0 +1.008668346e+00 -1.408133165e+01 -1.408133165e+01 +3.8684e-01 -1.7773e+00 -4.5803e-01 -3.3783e+00 +3.3297e+00
4969 0 +9.989317055e-01 -1.409106829e+01 -1.409106829e+01 +3.8992e-01 -1.7725e+00 -4.5994e-01 -3.3784e+00 +3.3292e+00
% f evaluations | g evaluations | best noise-free fitness - Fopt (-1.583000000000e+02) + sum g_i+ | measured fitness | best measured fitness or single-digit g-values | x1 | x2...
1 0 +7.179288414e+03 +7.020988414e+03 +7.020988414e+03 -2.8316e+00 -1.6432e+00 -1.3280e+00 +3.3325e+00 +4.9830e+00
2 0 +2.233612148e+03 +2.075312148e+03 +2.075312148e+03 +1.9507e+00 +2.0427e+00 +4.8792e+00 -1.9863e+00 -1.2900e-01
3 0 +1.235967534e+03 +1.077667534e+03 +1.077667534e+03 +3.9832e+00 -1.8240e+00 -4.1823e+00 +3.4976e+00 -3.7700e+00
5 0 +9.891710085e+02 +8.308710085e+02 +8.308710085e+02 +2.4212e+00 -2.6781e+00 +3.3582e+00 +2.9505e+00 -4.3680e+00
6 0 +9.065647329e+02 +7.482647329e+02 +7.482647329e+02 +2.9427e-01 +9.9972e-01 +4.0047e+00 +1.0698e+00 +6.9875e-02
7 0 +2.973962484e+02 +1.390962484e+02 +1.390962484e+02 +2.2271e-01 -3.3833e+00 -1.2008e+00 -1.2669e+00 -6.1839e-01
11 0 +1.382858217e+02 -2.001417829e+01 -2.001417829e+01 +1.0542e+00 +2.2067e+00 -2.9725e+00 -3.3719e+00 +1.0699e+00
143 0 +1.269243352e+02 -3.137566482e+01 -3.137566482e+01 +1.9507e+00 +5.0000e+00 -1.2599e+00 +1.4483e-01 +1.8308e+00
183 0 +1.230086254e+02 -3.529137460e+01 -3.529137460e+01 +1.9507e+00 +2.6940e+00 -1.2599e+00 +1.4483e-01 +1.8308e+00
263 0 +1.007604709e+02 -5.753952911e+01 -5.753952911e+01 +1.9507e+00 +2.6940e+00 -2.2436e-01 +1.4483e-01 +1.8308e+00
269 0 +5.969918755e+01 -9.860081245e+01 -9.860081245e+01 -1.7949e-01 +5.0000e+00 +9.5639e-01 -5.0000e+00 +1.5397e+00
403 0 +5.769756964e+01 -1.006024304e+02 -1.006024304e+02 +9.4467e-01 +5.0000e+00 +5.2848e-01 -4.4046e+00 +2.2419e+00
563 0 +5.371663384e+01 -1.045833662e+02 -1.045833662e+02 +9.4467e-01 +5.0000e+00 +1.9502e+00 -4.4046e+00 +1.6621e+00
567 0 +3.891962619e+01 -1.193803738e+02 -1.193803738e+02 +1.9671e-01 +2.6265e+00 +1.8594e+00 -3.7229e+00 +2.4018e+00
727 0 +3.805345796e+01 -1.202465420e+02 -1.202465420e+02 +1.9671e-01 +2.6265e+00 +1.8594e+00 -3.7229e+00 +1.7397e+00
733 0 +3.357531128e+01 -1.247246887e+02 -1.247246887e+02 +1.2666e-01 +3.4335e+00 +1.2747e-01 -3.7550e+00 +2.4679e+00
847 0 +3.258829394e+01 -1.257117061e+02 -1.257117061e+02 +1.9671e-01 +2.6265e+00 +1.8594e+00 -3.7229e+00 +2.2857e+00
967 0 +3.189584801e+01 -1.264041520e+02 -1.264041520e+02 +1.8012e-01 +5.0000e+00 +1.8594e+00 -3.7229e+00 +2.2857e+00
1005 0 +2.210681511e+01 -1.361931849e+02 -1.361931849e+02 -7.3918e-02 +5.0000e+00 +1.2908e+00 -2.4276e+00 +2.5839e+00
1093 0 +2.133588492e+01 -1.369641151e+02 -1.369641151e+02 +8.2117e-01 +3.4335e+00 +1.9453e+00 -3.7550e+00 +1.8331e+00
1125 0 +1.558351377e+01 -1.427164862e+02 -1.427164862e+02 -7.3918e-02 +5.0000e+00 +2.3768e+00 -2.8740e+00 +2.5839e+00
1145 0 +1.532546863e+01 -1.429745314e+02 -1.429745314e+02 +1.2663e-01 +4.2168e+00 +1.8193e+00 -3.3032e+00 +2.1681e+00
1345 0 +1.252805104e+01 -1.457719490e+02 -1.457719490e+02 +1.2663e-01 +4.2168e+00 +1.8807e+00 -2.4219e+00 +2.2247e+00
2045 0 +1.133121367e+01 -1.469687863e+02 -1.469687863e+02 -1.7544e-02 +5.0000e+00 +1.8095e+00 -2.8740e+00 +2.2133e+00
2499 0 +1.065990227e+01 -1.476400977e+02 -1.476400977e+02 +9.0125e-01 +5.0000e+00 +1.8454e+00 -3.3267e+00 +2.5053e+00
2571 0 +9.750901399e+00 -1.485490986e+02 -1.485490986e+02 +9.5823e-01 +5.0000e+00 +1.9071e+00 -2.8594e+00 +2.5113e+00
2673 0 +8.399679835e+00 -1.499003202e+02 -1.499003202e+02 +1.8508e+00 +4.2230e+00 +2.4031e+00 -2.4024e+00 +2.2317e+00
2845 0 +8.241576719e+00 -1.500584233e+02 -1.500584233e+02 -1.7544e-02 +3.4385e+00 +1.8095e+00 -2.8740e+00 +2.2133e+00
3143 0 +7.942474742e+00 -1.503575253e+02 -1.503575253e+02 +9.6772e-01 +4.2230e+00 +1.9259e+00 -2.8530e+00 +2.5071e+00
3231 0 +5.778851096e+00 -1.525211489e+02 -1.525211489e+02 +1.8793e+00 +4.2199e+00 +2.4203e+00 -2.4302e+00 +2.2347e+00
3339 0 +5.711020880e+00 -1.525889791e+02 -1.525889791e+02 +9.0125e-01 +4.2283e+00 +1.8454e+00 -3.2937e+00 +2.5053e+00
3511 0 +3.295343575e+00 -1.550046564e+02 -1.550046564e+02 +1.8793e+00 +4.2199e+00 +2.4203e+00 -2.8561e+00 +2.5058e+00
4231 0 +3.150859486e+00 -1.551491405e+02 -1.551491405e+02 +1.8886e+00 +4.2224e+00 +2.4203e+00 -2.8561e+00 +2.5058e+00
4977 0 +2.991759482e+00 -1.553082405e+02 -1.553082405e+02 +1.9181e+00 +4.2289e+00 +1.8380e+00 -2.8732e+00 +2.5084e+00
5023 0 +2.834527215e+00 -1.554654728e+02 -1.554654728e+02 +1.9102e+00 +4.2365e+00 +2.4155e+00 -2.8541e+00 +2.5071e+00
5071 0 +2.562259118e+00 -1.557377409e+02 -1.557377409e+02 +1.9236e+00 +4.2324e+00 +2.4203e+00 -2.8561e+00 +2.5076e+00
5171 0 +2.170958391e+00 -1.561290416e+02 -1.561290416e+02 +1.9173e+00 +4.2143e+00 +2.4164e+00 -2.8764e+00 +2.5060e+00
5183 0 +2.055633284e+00 -1.562443667e+02 -1.562443667e+02 +1.9102e+00 +4.2365e+00 +2.4155e+00 -2.8748e+00 +2.5071e+00
5219 0 +1.876476033e+00 -1.564235240e+02 -1.564235240e+02 +1.9299e+00 +4.2283e+00 +2.4181e+00 -2.8802e+00 +2.5085e+00
5379 0 +1.723208950e+00 -1.565767910e+02 -1.565767910e+02 +1.9299e+00 +4.2132e+00 +2.4181e+00 -2.8775e+00 +2.5183e+00
5455 0 +1.690134162e+00 -1.566098658e+02 -1.566098658e+02 +1.9264e+00 +4.2365e+00 +2.4200e+00 -2.8757e+00 +2.5126e+00
5633 0 +1.643779738e+00 -1.566562203e+02 -1.566562203e+02 +1.9296e+00 +4.2403e+00 +2.4148e+00 -2.8756e+00 +2.5156e+00
5745 0 +1.608582143e+00 -1.566914179e+02 -1.566914179e+02 +1.9293e+00 +4.2387e+00 +2.4202e+00 -2.8854e+00 +2.5197e+00
5793 0 +1.550888524e+00 -1.567491115e+02 -1.567491115e+02 +1.9296e+00 +4.2530e+00 +2.4196e+00 -2.8764e+00 +2.5156e+00
5927 0 +1.516697089e+00 -1.567833029e+02 -1.567833029e+02 +1.9224e+00 +4.2546e+00 +2.4207e+00 -2.8799e+00 +2.5174e+00
6033 0 +1.505447115e+00 -1.567945529e+02 -1.567945529e+02 +1.9319e+00 +4.2530e+00 +2.4196e+00 -2.8764e+00 +2.5187e+00
6211 0 +1.477380076e+00 -1.568226199e+02 -1.568226199e+02 +1.9265e+00 +4.2614e+00 +2.4222e+00 -2.8788e+00 +2.5193e+00
6405 0 +1.403668438e+00 -1.568963316e+02 -1.568963316e+02 +1.9243e+00 +4.2730e+00 +2.4219e+00 -2.8793e+00 +2.5191e+00
6515 0 +1.377779042e+00 -1.569222210e+02 -1.569222210e+02 +1.9303e+00 +4.2748e+00 +2.4195e+00 -2.8781e+00 +2.5197e+00
6621 0 +1.344311352e+00 -1.569556886e+02 -1.569556886e+02 +1.9319e+00 +4.2806e+00 +2.4216e+00 -2.8793e+00 +2.5180e+00
6787 0 +1.283093719e+00 -1.570169063e+02 -1.570169063e+02 +1.9334e+00 +4.2917e+00 +2.4212e+00 -2.8808e+00 +2.5179e+00
6845 0 +1.226647666e+00 -1.570733523e+02 -1.570733523e+02 +1.9270e+00 +4.2985e+00 +2.4217e+00 -2.8794e+00 +2.5191e+00
6933 0 +1.118678274e+00 -1.571813217e+02 -1.571813217e+02 +1.9317e+00 +4.3134e+00 +2.4213e+00 -2.8801e+00 +2.5198e+00
6993 0 +1.073302568e+00 -1.572266974e+02 -1.572266974e+02 +1.9257e+00 +4.3264e+00 +2.4220e+00 -2.8769e+00 +2.5188e+00
7073 0 +1.058765003e+00 -1.572412350e+02 -1.572412350e+02 +1.9316e+00 +4.3264e+00 +2.4220e+00 -2.8786e+00 +2.5201e+00
7119 0 +1.006531516e+00 -1.572934685e+02 -1.572934685e+02 +1.9321e+00 +4.3365e+00 +2.4208e+00 -2.8791e+00 +2.5193e+00
7373 0 +9.976857268e-01 -1.573023143e+02 -1.573023143e+02 +1.9310e+00 +4.3411e+00 +2.4213e+00 -2.8788e+00 +2.5198e+00
% f evaluations | g evaluations | best noise-free fitness - Fopt (-4.071000000000e+01) + sum g_i+ | measured fitness | best measured fitness or single-digit g-values | x1 | x2...
1 0 +9.474477111e+02 +9.067377111e+02 +9.067377111e+02 -4.7774e+00 +2.3636e+00 +4.7442e+00 +3.5371e+00 -3.6618e-01
2 0 +4.897193817e+02 +4.490093817e+02 +4.490093817e+02 -3.7243e+00 +8.4497e-01 +4.5141e+00 +1.3283e-01 -7.6690e-01
10 0 +2.480716829e+02 +2.073616829e+02 +2.073616829e+02 +1.3444e+00 -2.2492e+00 +4.2246e+00 -2.0370e+00 +1.8925e+00
12 0 +1.870717290e+02 +1.463617290e+02 +1.463617290e+02 +1.9828e+00 -3.1342e+00 +3.3939e+00 -4.1722e+00 +1.9836e+00
20 0 +1.561660538e+02 +1.154560538e+02 +1.154560538e+02 +1.3507e+00 -5.4471e-01 -1.5204e+00 -1.4289e+00 +2.6773e+00
43 0 +1.270687987e+02 +8.635879866e+01 +8.635879866e+01 -3.7751e-01 -3.1342e+00 +3.3939e+00 -2.7154e+00 +1.7990e+00
57 0 +1.191465916e+02 +7.843659163e+01 +7.843659163e+01 -4.8850e+00 -1.2457e+00 +2.5772e+00 -3.7860e+00 +2.8352e+00
99 0 +9.406206840e+01 +5.335206840e+01 +5.335206840e+01 +1.3507e+00 -5.4471e-01 +3.3146e+00 -1.4289e+00 +2.6773e+00
243 0 +7.257813288e+01 +3.186813288e+01 +3.186813288e+01 -3.7751e-01 +3.2826e+00 +3.3791e+00 -1.9277e+00 +1.7990e+00
277 0 +5.560296132e+01 +1.489296132e+01 +1.489296132e+01 +9.5649e-01 +4.6349e+00 +3.6099e+00 -4.6396e+00 +2.0391e+00
505 0 +4.838371713e+01 +7.673717132e+00 +7.673717132e+00 -1.0272e+00 +3.2978e+00 +3.6533e+00 -1.9847e+00 +1.8164e+00
567 0 +4.750300390e+01 +6.793003903e+00 +6.793003903e+00 -1.3581e+00 +3.2734e+00 +1.3172e+00 -2.0607e+00 +2.0424e+00
625 0 +4.603072884e+01 +5.320728837e+00 +5.320728837e+00 -1.0272e+00 +3.2978e+00 +2.0820e+00 -2.8366e+00 +1.8164e+00
745 0 +3.317058652e+01 -7.539413484e+00 -7.539413484e+00 -1.0272e+00 +3.2978e+00 +2.0820e+00 -2.6509e+00 +1.7720e+00
757 0 +2.768296517e+01 -1.302703483e+01 -1.302703483e+01 +9.5649e-01 +3.9655e+00 +2.1246e+00 -3.5304e+00 +2.7225e+00
825 0 +2.726212907e+01 -1.344787093e+01 -1.344787093e+01 -1.0272e+00 +3.2978e+00 +2.4872e+00 -2.6509e+00 +1.7720e+00
879 0 +2.416643351e+01 -1.654356649e+01 -1.654356649e+01 -1.3177e+00 +3.2914e+00 +3.0425e+00 -3.4060e+00 +2.7186e+00
1017 0 +2.092127348e+01 -1.978872652e+01 -1.978872652e+01 +9.2547e-01 +3.3932e+00 +3.5529e+00 -3.4558e+00 +2.0890e+00
1361 0 +1.807867457e+01 -2.263132543e+01 -2.263132543e+01 -2.0549e+00 +4.0562e+00 +2.9351e+00 -3.4159e+00 +2.7468e+00
1377 0 +1.471257139e+01 -2.599742861e+01 -2.599742861e+01 -9.1307e-01 +4.0453e+00 +3.5529e+00 -3.4558e+00 +2.0890e+00
1637 0 +1.300425096e+01 -2.770574904e+01 -2.770574904e+01 +9.5649e-01 +4.0329e+00 +3.5874e+00 -3.3153e+00 +2.7225e+00
1717 0 +6.534399204e+00 -3.417560080e+01 -3.417560080e+01 +9.5649e-01 +4.0933e+00 +3.5874e+00 -3.4158e+00 +2.7225e+00
2061 0 +6.113622876e+00 -3.459637712e+01 -3.459637712e+01 +1.0647e+00 +4.0814e+00 +2.9422e+00 -3.0160e+00 +2.7337e+00
2213 0 +5.299530111e+00 -3.541046989e+01 -3.541046989e+01 +1.0482e+00 +2.3784e+00 +2.9626e+00 -3.3959e+00 +2.4266e+00
2301 0 +3.440425030e+00 -3.726957497e+01 -3.726957497e+01 +1.0189e+00 +4.0814e+00 +3.0014e+00 -3.0160e+00 +2.7337e+00
2661 0 +2.857504504e+00 -3.785249550e+01 -3.785249550e+01 +1.0189e+00 +4.0814e+00 +3.0014e+00 -2.9793e+00 +2.7337e+00
2821 0 +1.649276675e+00 -3.906072333e+01 -3.906072333e+01 +1.0189e+00 +3.2165e+00 +3.0014e+00 -2.9793e+00 +2.7337e+00
3653 0 +1.414694441e+00 -3.929530556e+01 -3.929530556e+01 +1.0482e+00 +3.2176e+00 +2.9626e+00 -2.9810e+00 +2.7364e+00
3697 0 +1.330372755e+00 -3.937962725e+01 -3.937962725e+01 +1.0516e+00 +2.4231e+00 +3.5651e+00 -2.9825e+00 +2.7378e+00
3895 0 +5.929987782e-01 -4.011700122e+01 -4.011700122e+01 +1.0480e+00 +3.2251e+00 +3.5677e+00 -2.9707e+00 +2.7395e+00
4015 0 +2.386046887e-01 -4.047139531e+01 -4.047139531e+01 +1.0480e+00 +3.2251e+00 +3.5677e+00 -2.9932e+00 +2.7374e+00
4055 0 +1.976022749e-01 -4.051239773e+01 -4.051239773e+01 +1.0480e+00 +3.2251e+00 +3.5677e+00 -2.9932e+00 +2.7395e+00
4383 0 +1.220826192e-01 -4.058791738e+01 -4.058791738e+01 +1.0494e+00 +3.2300e+00 +3.5816e+00 -2.9967e+00 +2.7362e+00
4407 0 +9.830705853e-02 -4.061169294e+01 -4.061169294e+01 +1.0479e+00 +3.2202e+00 +3.5738e+00 -2.9903e+00 +2.7395e+00
4515 0 +6.311245707e-02 -4.064688754e+01 -4.064688754e+01 +1.0413e+00 +3.2225e+00 +3.5809e+00 -2.9930e+00 +2.7404e+00
4719 0 +2.436854210e-02 -4.068563146e+01 -4.068563146e+01 +1.0474e+00 +3.2286e+00 +3.5796e+00 -2.9920e+00 +2.7410e+00
4853 0 +1.809064909e-02 -4.069190935e+01 -4.069190935e+01 +1.0511e+00 +3.2286e+00 +3.5803e+00 -2.9874e+00 +2.7412e+00
4955 0 +1.143295919e-02 -4.069856704e+01 -4.069856704e+01 +1.0491e+00 +3.2274e+00 +3.5818e+00 -2.9887e+00 +2.7416e+00
4997 0 +8.031521993e-03 -4.070196848e+01 -4.070196848e+01 +1.0527e+00 +3.2284e+00 +3.5820e+00 -2.9901e+00 +2.7406e+00
5195 0 +3.965611104e-03 -4.070603439e+01 -4.070603439e+01 +1.0514e+00 +3.2274e+00 +3.5818e+00 -2.9901e+00 +2.7421e+00
5343 0 +3.335709577e-03 -4.070666429e+01 -4.070666429e+01 +1.0518e+00 +3.2304e+00 +3.5817e+00 -2.9895e+00 +2.7421e+00
5445 0 +3.075074295e-03 -4.070692493e+01 -4.070692493e+01 +1.0513e+00 +3.2287e+00 +3.5830e+00 -2.9903e+00 +2.7414e+00
5449 0 +1.609870521e-03 -4.070839013e+01 -4.070839013e+01 +1.0535e+00 +3.2290e+00 +3.5818e+00 -2.9900e+00 +2.7424e+00
5455 0 +1.081403623e-03 -4.070891860e+01 -4.070891860e+01 +1.0533e+00 +3.2284e+00 +3.5829e+00 -2.9909e+00 +2.7421e+00
5535 0 +1.053705921e-03 -4.070894629e+01 -4.070894629e+01 +1.0531e+00 +3.2284e+00 +3.5831e+00 -2.9909e+00 +2.7421e+00
5649 0 +6.483628809e-04 -4.070935164e+01 -4.070935164e+01 +1.0535e+00 +3.2299e+00 +3.5826e+00 -2.9909e+00 +2.7424e+00
5789 0 +2.536693816e-04 -4.070974633e+01 -4.070974633e+01 +1.0530e+00 +3.2300e+00 +3.5829e+00 -2.9904e+00 +2.7422e+00
6069 0 +2.099923452e-04 -4.070979001e+01 -4.070979001e+01 +1.0530e+00 +3.2300e+00 +3.5829e+00 -2.9903e+00 +2.7423e+00
6081 0 +7.624277400e-05 -4.070992376e+01 -4.070992376e+01 +1.0535e+00 +3.2297e+00 +3.5831e+00 -2.9902e+00 +2.7423e+00
6161 0 +6.341588235e-05 -4.070993658e+01 -4.070993658e+01 +1.0535e+00 +3.2297e+00 +3.5829e+00 -2.9905e+00 +2.7423e+00
6239 0 +2.768537658e-05 -4.070997231e+01 -4.070997231e+01 +1.0534e+00 +3.2295e+00 +3.5830e+00 -2.9904e+00 +2.7424e+00
6497 0 +2.022725099e-05 -4.070997977e+01 -4.070997977e+01 +1.0535e+00 +3.2297e+00 +3.5830e+00 -2.9904e+00 +2.7424e+00
6519 0 +1.508632747e-05 -4.070998491e+01 -4.070998491e+01 +1.0534e+00 +3.2295e+00 +3.5831e+00 -2.9904e+00 +2.7424e+00
6657 0 +1.357643512e-05 -4.070998642e+01 -4.070998642e+01 +1.0535e+00 +3.2297e+00 +3.5831e+00 -2.9905e+00 +2.7424e+00
6665 0 +1.335515558e-05 -4.070998664e+01 -4.070998664e+01 +1.0535e+00 +3.2297e+00 +3.5831e+00 -2.9905e+00 +2.7424e+00
6715 0 +1.074015310e-05 -4.070998926e+01 -4.070998926e+01 +1.0535e+00 +3.2297e+00 +3.5831e+00 -2.9904e+00 +2.7424e+00
6755 0 +6.070237809e-06 -4.070999393e+01 -4.070999393e+01 +1.0535e+00 +3.2297e+00 +3.5831e+00 -2.9904e+00 +2.7424e+00
6949 0 +1.308092969e-06 -4.070999869e+01 -4.070999869e+01 +1.0536e+00 +3.2296e+00 +3.5832e+00 -2.9904e+00 +2.7424e+00
6989 0 +7.805268467e-07 -4.070999922e+01 -4.070999922e+01 +1.0536e+00 +3.2296e+00 +3.5832e+00 -2.9904e+00 +2.7424e+00
7187 0 +6.562743522e-07 -4.070999934e+01 -4.070999934e+01 +1.0536e+00 +3.2296e+00 +3.5832e+00 -2.9904e+00 +2.7424e+00
7269 0 +3.357406726e-07 -4.070999966e+01 -4.070999966e+01 +1.0536e+00 +3.2296e+00 +3.5832e+00 -2.9904e+00 +2.7424e+00
7469 0 +2.916439854e-07 -4.070999971e+01 -4.070999971e+01 +1.0536e+00 +3.2296e+00 +3.5832e+00 -2.9904e+00 +2.7424e+00
7553 0 +2.736004561e-07 -4.070999973e+01 -4.070999973e+01 +1.0536e+00 +3.2296e+00 +3.5832e+00 -2.9904e+00 +2.7424e+00
7593 0 +2.471568621e-07 -4.070999975e+01 -4.070999975e+01 +1.0536e+00 +3.2296e+00 +3.5832e+00 -2.9904e+00 +2.7424e+00
7703 0 +1.259426554e-07 -4.070999987e+01 -4.070999987e+01 +1.0536e+00 +3.2296e+00 +3.5832e+00 -2.9904e+00 +2.7424e+00
7863 0 +6.816641474e-09 -4.070999999e+01 -4.070999999e+01 +1.0536e+00 +3.2296e+00 +3.5832e+00 -2.9904e+00 +2.7424e+00
11691 0 +0.000000000e+00 -4.071000000e+01 -4.071000000e+01 +1.0536e+00 +3.2296e+00 +3.5832e+00 -2.9904e+00 +2.7424e+00
% f evaluations | g evaluations | best noise-free fitness - Fopt (8.139000000000e+01) + sum g_i+ | measured fitness | best measured fitness or single-digit g-values | x1 | x2...
1 0 +1.485443761e+02 +2.299343761e+02 +2.299343761e+02 -3.0315e-01 +8.9986e-01 -1.3893e+00 -2.0484e+00 +6.1496e-01
2 0 +1.482028717e+02 +2.295928717e+02 +2.295928717e+02 -4.5982e+00 +2.9820e+00 +2.6745e+00 +1.5785e+00 -1.6605e+00
33 0 +8.179436210e+01 +1.631843621e+02 +1.631843621e+02 -3.0764e+00 +4.4738e-01 +1.2695e+00 +1.4208e+00 +4.1539e-01
73 0 +7.289005365e+01 +1.542800536e+02 +1.542800536e+02 -2.9520e+00 +5.0000e+00 +1.2695e+00 +1.4208e+00 +2.1083e-01
113 0 +6.482621171e+01 +1.462162117e+02 +1.462162117e+02 -8.9835e-02 +5.0000e+00 +1.1164e+00 +1.4208e+00 +2.1083e-01
313 0 +5.928992585e+01 +1.406799258e+02 +1.406799258e+02 -8.9835e-02 +5.0000e+00 +1.1164e+00 +1.4208e+00 +6.9610e-01
433 0 +5.258095724e+01 +1.339709572e+02 +1.339709572e+02 -8.9835e-02 +5.0000e+00 +1.1164e+00 +2.3301e-01 +6.9610e-01
499 0 +4.235293616e+01 +1.237429362e+02 +1.237429362e+02 -8.9045e-02 +1.2049e+00 +2.2860e+00 +1.6029e+00 +6.2162e-01
675 0 +3.716601450e+01 +1.185560145e+02 +1.185560145e+02 -3.2266e+00 +4.0863e+00 +1.8761e+00 -1.0189e-01 -4.3471e-03
691 0 +2.905589773e+01 +1.104458977e+02 +1.104458977e+02 +7.0874e-01 +2.0257e+00 +2.9899e+00 -1.6044e-01 -5.6200e-01
699 0 +1.479381273e+01 +9.618381273e+01 +9.618381273e+01 -8.9045e-02 +5.0000e+00 +2.2860e+00 +2.5645e-01 +6.2162e-01
1309 0 +8.681304334e+00 +9.007130433e+01 +9.007130433e+01 -8.5525e-02 +4.2638e+00 +2.4430e+00 +2.4550e-01 +5.9240e-01
1719 0 +7.678864564e+00 +8.906886456e+01 +8.906886456e+01 +7.9688e-01 +4.0863e+00 +3.0643e+00 +7.6664e-01 +6.0015e-01
2315 0 +6.349878729e+00 +8.773987873e+01 +8.773987873e+01 -1.7345e-01 +4.1085e+00 +2.4281e+00 +3.2972e-01 +6.0238e-01
2735 0 +3.653219986e+00 +8.504321999e+01 +8.504321999e+01 +8.4198e-01 +4.2638e+00 +2.4062e+00 +2.8397e-01 +3.0338e-01
3195 0 +2.738870656e+00 +8.412887066e+01 +8.412887066e+01 +8.3434e-01 +4.2021e+00 +2.4152e+00 +3.1435e-01 +6.1792e-01
3275 0 +1.780088852e+00 +8.317008885e+01 +8.317008885e+01 +8.3434e-01 +4.2021e+00 +2.9984e+00 +3.1435e-01 +6.1792e-01
3355 0 +1.696996433e+00 +8.308699643e+01 +8.308699643e+01 +8.3434e-01 +4.2663e+00 +2.9984e+00 +3.1435e-01 +6.1792e-01
3857 0 +1.626565013e+00 +8.301656501e+01 +8.301656501e+01 +8.4617e-01 +4.2608e+00 +2.9876e+00 +3.0029e-01 +6.0985e-01
3875 0 +1.592079354e+00 +8.298207935e+01 +8.298207935e+01 +8.3434e-01 +4.2513e+00 +2.9984e+00 +3.1435e-01 +6.1792e-01
3923 0 +1.439063666e+00 +8.282906367e+01 +8.282906367e+01 +8.3116e-01 +4.2497e+00 +2.9987e+00 +3.0069e-01 +6.1545e-01
3995 0 +1.311308120e+00 +8.270130812e+01 +8.270130812e+01 +8.4752e-01 +4.2093e+00 +2.9984e+00 +2.9581e-01 +6.1792e-01
4003 0 +1.108517786e+00 +8.249851779e+01 +8.249851779e+01 +8.6606e-01 +4.2497e+00 +2.9987e+00 +2.9722e-01 +6.1545e-01
4155 0 +1.092652428e+00 +8.248265243e+01 +8.248265243e+01 +8.7054e-01 +4.2377e+00 +2.9984e+00 +2.9581e-01 +6.1792e-01
4501 0 +1.066717245e+00 +8.245671724e+01 +8.245671724e+01 +8.5522e-01 +4.2416e+00 +3.0002e+00 +2.9855e-01 +6.2063e-01
4537 0 +1.042160460e+00 +8.243216046e+01 +8.243216046e+01 +8.6728e-01 +4.2399e+00 +3.0051e+00 +2.9558e-01 +6.1752e-01
4767 0 +1.015940980e+00 +8.240594098e+01 +8.240594098e+01 +8.6843e-01 +4.2535e+00 +3.0056e+00 +2.9934e-01 +6.1991e-01
5185 0 +9.989598012e-01 +8.238895980e+01 +8.238895980e+01 +8.6840e-01 +4.2419e+00 +3.0056e+00 +2.9822e-01 +6.2047e-01
% f evaluations | g evaluations | best noise-free fitness - Fopt (4.144000000000e+01) + sum g_i+ | measured fitness | best measured fitness or single-digit g-values | x1 | x2...
1 0 +7.827260056e+02 +8.241660056e+02 +8.241660056e+02 -7.8289e-01 -1.8238e+00 -4.9056e+00 +7.0922e-01 -4.4216e+00
2 0 +2.482800351e+02 +2.897200351e+02 +2.897200351e+02 -4.1867e-01 +2.0604e+00 +1.4168e+00 +2.8209e+00 +4.3445e-01
18 0 +1.979395493e+02 +2.393795493e+02 +2.393795493e+02 +3.2258e-03 -1.0422e+00 -1.2757e+00 +7.3646e-02 +5.9924e-01
19 0 +7.609607420e+01 +1.175360742e+02 +1.175360742e+02 -1.4229e+00 +5.9537e-01 +2.5233e+00 -1.5042e+00 +3.5006e+00
177 0 +5.238992362e+01 +9.382992362e+01 +9.382992362e+01 -3.8110e-01 -4.0691e-01 +2.5233e+00 -1.5042e+00 +3.5006e+00
263 0 +2.663705510e+01 +6.807705510e+01 +6.807705510e+01 -4.1867e-01 -2.4571e+00 +1.4168e+00 -1.3916e+00 +2.7088e+00
451 0 +2.468562268e+01 +6.612562268e+01 +6.612562268e+01 -8.3537e-01 -1.0435e+00 +1.4640e+00 -2.2475e+00 +3.3505e+00
919 0 +2.151479846e+01 +6.295479846e+01 +6.295479846e+01 -3.8431e-01 -9.5410e-01 +1.9342e+00 -8.9395e-01 +3.0677e+00
933 0 +1.930050169e+01 +6.074050169e+01 +6.074050169e+01 -9.0310e-01 -2.6074e+00 +1.9090e+00 -1.8100e+00 +3.0508e+00
959 0 +1.459957597e+01 +5.603957597e+01 +5.603957597e+01 -6.2696e-01 -9.5410e-01 +1.9342e+00 -8.9395e-01 +3.0677e+00
1533 0 +1.355657129e+01 +5.499657129e+01 +5.499657129e+01 -7.4117e-01 -1.9217e+00 +1.9090e+00 -1.8100e+00 +3.3665e+00
1773 0 +1.329259118e+01 +5.473259118e+01 +5.473259118e+01 -7.4117e-01 -1.8761e+00 +1.9090e+00 -1.8100e+00 +3.3665e+00
1951 0 +1.112641134e+01 +5.256641134e+01 +5.256641134e+01 -7.8096e-01 -2.6142e+00 +1.9704e+00 -1.3845e+00 +2.7193e+00
1971 0 +4.788460748e+00 +4.622846075e+01 +4.622846075e+01 +1.1780e+00 -1.7577e+00 +2.5181e+00 -9.2182e-01 +3.4057e+00
3247 0 +3.697108291e+00 +4.513710829e+01 +4.513710829e+01 +1.2317e+00 -1.8025e+00 +2.5040e+00 -1.3689e+00 +3.0902e+00
3491 0 +3.603263499e+00 +4.504326350e+01 +4.504326350e+01 +1.1780e+00 -1.7577e+00 +2.5280e+00 -1.3660e+00 +3.4057e+00
3811 0 +2.463690808e+00 +4.390369081e+01 +4.390369081e+01 +2.6882e-01 -1.7577e+00 +2.5280e+00 -1.3660e+00 +3.4057e+00
4205 0 +2.283561316e+00 +4.372356132e+01 +4.372356132e+01 +1.2501e+00 -1.8149e+00 +2.5057e+00 -1.3659e+00 +3.4059e+00
4419 0 +1.260249543e+00 +4.270024954e+01 +4.270024954e+01 +1.2711e+00 -2.5980e+00 +1.9599e+00 -1.3517e+00 +3.4054e+00
5001 0 +1.255166823e+00 +4.269516682e+01 +4.269516682e+01 +2.9721e-01 -2.6109e+00 +2.5249e+00 -1.3571e+00 +3.4010e+00
5059 0 +2.536384155e-01 +4.169363842e+01 +4.169363842e+01 +1.2711e+00 -2.5980e+00 +2.5283e+00 -1.3517e+00 +3.4054e+00
5179 0 +2.236392900e-01 +4.166363929e+01 +4.166363929e+01 +1.2711e+00 -2.5903e+00 +2.5394e+00 -1.3517e+00 +3.4054e+00
5259 0 +1.310680505e-01 +4.157106805e+01 +4.157106805e+01 +1.2711e+00 -2.5903e+00 +2.5394e+00 -1.3577e+00 +3.4054e+00
5419 0 +1.060956015e-01 +4.154609560e+01 +4.154609560e+01 +1.2711e+00 -2.5942e+00 +2.5394e+00 -1.3577e+00 +3.4054e+00
5597 0 +9.183122809e-02 +4.153183123e+01 +4.153183123e+01 +1.2824e+00 -2.6019e+00 +2.5339e+00 -1.3632e+00 +3.4012e+00
5717 0 +3.767010256e-02 +4.147767010e+01 +4.147767010e+01 +1.2824e+00 -2.6019e+00 +2.5339e+00 -1.3632e+00 +3.4046e+00
5767 0 +1.713050631e-02 +4.145713051e+01 +4.145713051e+01 +1.2871e+00 -2.5973e+00 +2.5386e+00 -1.3593e+00 +3.4048e+00
6051 0 +1.461681401e-02 +4.145461681e+01 +4.145461681e+01 +1.2819e+00 -2.6028e+00 +2.5383e+00 -1.3604e+00 +3.4057e+00
6091 0 +1.234824223e-02 +4.145234824e+01 +4.145234824e+01 +1.2831e+00 -2.6028e+00 +2.5383e+00 -1.3604e+00 +3.4057e+00
6175 0 +9.885509939e-03 +4.144988551e+01 +4.144988551e+01 +1.2856e+00 -2.5980e+00 +2.5375e+00 -1.3628e+00 +3.4060e+00
6183 0 +5.977644109e-03 +4.144597764e+01 +4.144597764e+01 +1.2872e+00 -2.5977e+00 +2.5386e+00 -1.3629e+00 +3.4062e+00
6331 0 +3.814833568e-03 +4.144381483e+01 +4.144381483e+01 +1.2898e+00 -2.6008e+00 +2.5383e+00 -1.3604e+00 +3.4057e+00
6335 0 +3.697250728e-03 +4.144369725e+01 +4.144369725e+01 +1.2881e+00 -2.5991e+00 +2.5375e+00 -1.3617e+00 +3.4060e+00
6449 0 +2.201847236e-03 +4.144220185e+01 +4.144220185e+01 +1.2892e+00 -2.5995e+00 +2.5383e+00 -1.3611e+00 +3.4057e+00
6489 0 +1.984454983e-03 +4.144198445e+01 +4.144198445e+01 +1.2892e+00 -2.5995e+00 +2.5383e+00 -1.3618e+00 +3.4057e+00
6543 0 +1.540228384e-03 +4.144154023e+01 +4.144154023e+01 +1.2884e+00 -2.6000e+00 +2.5387e+00 -1.3617e+00 +3.4057e+00
6583 0 +1.335649443e-03 +4.144133565e+01 +4.144133565e+01 +1.2891e+00 -2.6000e+00 +2.5387e+00 -1.3617e+00 +3.4057e+00
6663 0 +7.715278490e-04 +4.144077153e+01 +4.144077153e+01 +1.2891e+00 -2.6000e+00 +2.5387e+00 -1.3617e+00 +3.4060e+00
6717 0 +5.061031816e-04 +4.144050610e+01 +4.144050610e+01 +1.2895e+00 -2.6010e+00 +2.5392e+00 -1.3612e+00 +3.4064e+00
6763 0 +4.811759223e-04 +4.144048118e+01 +4.144048118e+01 +1.2894e+00 -2.6018e+00 +2.5389e+00 -1.3617e+00 +3.4062e+00
6803 0 +1.931119403e-04 +4.144019311e+01 +4.144019311e+01 +1.2894e+00 -2.6004e+00 +2.5389e+00 -1.3617e+00 +3.4062e+00
7127 0 +1.787193181e-04 +4.144017872e+01 +4.144017872e+01 +1.2895e+00 -2.6004e+00 +2.5389e+00 -1.3617e+00 +3.4063e+00
7141 0 +1.007704623e-04 +4.144010077e+01 +4.144010077e+01 +1.2895e+00 -2.6009e+00 +2.5392e+00 -1.3614e+00 +3.4063e+00
7243 0 +2.377457245e-05 +4.144002377e+01 +4.144002377e+01 +1.2896e+00 -2.6008e+00 +2.5391e+00 -1.3617e+00 +3.4064e+00
7315 0 +1.521316120e-05 +4.144001521e+01 +4.144001521e+01 +1.2896e+00 -2.6007e+00 +2.5391e+00 -1.3616e+00 +3.4064e+00
7523 0 +1.389352153e-05 +4.144001389e+01 +4.144001389e+01 +1.2896e+00 -2.6008e+00 +2.5391e+00 -1.3615e+00 +3.4064e+00
7675 0 +7.908425182e-06 +4.144000791e+01 +4.144000791e+01 +1.2896e+00 -2.6008e+00 +2.5391e+00 -1.3616e+00 +3.4064e+00
7795 0 +5.435025749e-06 +4.144000544e+01 +4.144000544e+01 +1.2896e+00 -2.6008e+00 +2.5392e+00 -1.3616e+00 +3.4064e+00
7919 0 +4.523854074e-06 +4.144000452e+01 +4.144000452e+01 +1.2896e+00 -2.6007e+00 +2.5392e+00 -1.3616e+00 +3.4064e+00
7951 0 +1.187886141e-06 +4.144000119e+01 +4.144000119e+01 +1.2896e+00 -2.6008e+00 +2.5392e+00 -1.3616e+00 +3.4064e+00
8231 0 +8.461877954e-07 +4.144000085e+01 +4.144000085e+01 +1.2896e+00 -2.6008e+00 +2.5392e+00 -1.3616e+00 +3.4064e+00
8285 0 +7.350084701e-07 +4.144000074e+01 +4.144000074e+01 +1.2896e+00 -2.6008e+00 +2.5392e+00 -1.3616e+00 +3.4064e+00
8325 0 +4.255612964e-07 +4.144000043e+01 +4.144000043e+01 +1.2896e+00 -2.6008e+00 +2.5392e+00 -1.3616e+00 +3.4064e+00
8443 0 +2.490087567e-07 +4.144000025e+01 +4.144000025e+01 +1.2896e+00 -2.6008e+00 +2.5392e+00 -1.3616e+00 +3.4064e+00
8603 0 +2.416694898e-07 +4.144000024e+01 +4.144000024e+01 +1.2896e+00 -2.6008e+00 +2.5392e+00 -1.3616e+00 +3.4064e+00
8755 0 +1.823472715e-07 +4.144000018e+01 +4.144000018e+01 +1.2896e+00 -2.6008e+00 +2.5392e+00 -1.3616e+00 +3.4064e+00
8763 0 +8.741699986e-08 +4.144000009e+01 +4.144000009e+01 +1.2896e+00 -2.6008e+00 +2.5392e+00 -1.3616e+00 +3.4064e+00
9031 0 +6.759531601e-08 +4.144000007e+01 +4.144000007e+01 +1.2896e+00 -2.6008e+00 +2.5392e+00 -1.3616e+00 +3.4064e+00
9033 0 +6.161101851e-08 +4.144000006e+01 +4.144000006e+01 +1.2896e+00 -2.6008e+00 +2.5392e+00 -1.3616e+00 +3.4064e+00
9179 0 +3.628342427e-08 +4.144000004e+01 +4.144000004e+01 +1.2896e+00 -2.6008e+00 +2.5392e+00 -1.3616e+00 +3.4064e+00
9297 0 +2.327964665e-08 +4.144000002e+01 +4.144000002e+01 +1.2896e+00 -2.6008e+00 +2.5392e+00 -1.3616e+00 +3.4064e+00
9389 0 +1.414141337e-08 +4.144000001e+01 +4.144000001e+01 +1.2896e+00 -2.6008e+00 +2.5392e+00 -1.3616e+00 +3.4064e+00
9583 0 +7.163883708e-09 +4.144000001e+01 +4.144000001e+01 +1.2896e+00 -2.6008e+00 +2.5392e+00 -1.3616e+00 +3.4064e+00
13181 0 +0.000000000e+00 +4.144000000e+01 +4.144000000e+01 +1.2896e+00 -2.6008e+00 +2.5392e+00 -1.3616e+00 +3.4064e+00
% f evaluations | g evaluations | best noise-free fitness - Fopt (-2.709000000000e+01) + sum g_i+ | measured fitness | best measured fitness or single-digit g-values | x1 | x2...
1 0 +6.073343233e+03 +6.046253233e+03 +6.046253233e+03 +4.6980e+00 -3.2967e+00 +4.7870e+00 -3.0126e+00 -4.1638e+00
2 0 +2.997067649e+02 +2.726167649e+02 +2.726167649e+02 -2.1253e+00 +4.2193e+00 -3.9288e+00 +3.9512e+00 +2.0022e+00
3 0 +2.610630092e+02 +2.339730092e+02 +2.339730092e+02 -1.5443e-02 -3.8487e+00 -3.1478e+00 -1.8595e+00 +7.7868e-01
19 0 +1.192021845e+02 +9.211218452e+01 +9.211218452e+01 -2.5989e+00 -1.6866e-01 -1.1662e+00 +2.6141e+00 +1.5352e+00
149 0 +1.027038322e+02 +7.561383217e+01 +7.561383217e+01 -2.9203e+00 -3.9180e+00 -1.3705e-02 +3.3619e+00 +1.5851e+00
187 0 +8.390466735e+01 +5.681466735e+01 +5.681466735e+01 +3.4147e-01 -1.6824e+00 -1.9715e+00 +3.0085e+00 +2.3795e+00
313 0 +6.651731384e+01 +3.942731384e+01 +3.942731384e+01 +1.3454e+00 -2.4798e+00 +1.2365e+00 +8.7981e-01 +2.5981e+00
427 0 +6.084803616e+01 +3.375803616e+01 +3.375803616e+01 -1.4717e+00 -1.6824e+00 +7.3583e-01 +1.7950e+00 +2.3795e+00
457 0 +5.129912052e+01 +2.420912052e+01 +2.420912052e+01 +1.5831e-01 -1.8538e+00 +1.0791e+00 +2.6141e+00 +1.5352e+00
567 0 +3.841395400e+01 +1.132395400e+01 +1.132395400e+01 +7.2841e-01 -1.3191e+00 +3.9572e-01 +2.7041e+00 +3.0476e+00
651 0 +3.524388409e+01 +8.153884087e+00 +8.153884087e+00 +9.9477e-01 -2.5267e+00 +6.0973e-01 +2.2868e+00 +2.5539e+00
695 0 +3.203621444e+01 +4.946214444e+00 +4.946214444e+00 +3.0510e-01 -1.8209e+00 +9.7809e-01 +2.2618e+00 +3.2131e+00
845 0 +2.108768329e+01 -6.002316710e+00 -6.002316710e+00 +1.4776e-01 -1.2947e+00 +3.8999e-01 +1.8213e+00 +3.2539e+00
1005 0 +1.788515167e+01 -9.204848326e+00 -9.204848326e+00 +1.4776e-01 -1.2947e+00 +1.0393e+00 +1.8213e+00 +3.2539e+00
1269 0 +1.516973801e+01 -1.192026199e+01 -1.192026199e+01 +1.1256e+00 -3.4402e+00 -5.5036e-02 +1.8275e+00 +2.6528e+00
1379 0 +1.404782446e+01 -1.304217554e+01 -1.304217554e+01 -6.3789e-01 -2.5924e+00 +4.9016e-01 +1.8788e+00 +3.0042e+00
1459 0 +3.643195596e+00 -2.344680440e+01 -2.344680440e+01 +1.1595e+00 -2.5924e+00 +4.9016e-01 +1.8232e+00 +3.0042e+00
2579 0 +3.258178320e+00 -2.383182168e+01 -2.383182168e+01 +1.1595e+00 -2.6528e+00 +4.9016e-01 +1.8232e+00 +3.0042e+00
3611 0 +2.115635737e+00 -2.497436426e+01 -2.497436426e+01 +1.1278e+00 -2.6038e+00 +1.0838e+00 +1.8240e+00 +3.3102e+00
3835 0 +1.931198448e+00 -2.515880155e+01 -2.515880155e+01 +1.1727e+00 -1.8480e+00 +1.0829e+00 +1.8004e+00 +3.3084e+00
3931 0 +1.722684867e+00 -2.536731513e+01 -2.536731513e+01 +1.1523e+00 -2.6038e+00 +1.0838e+00 +1.8240e+00 +3.3102e+00
4529 0 +1.560706124e+00 -2.552929388e+01 -2.552929388e+01 +1.1687e+00 -2.6000e+00 +4.9007e-01 +1.8120e+00 +3.3214e+00
4631 0 +1.258122975e+00 -2.583187703e+01 -2.583187703e+01 +1.1669e+00 -2.6575e+00 +1.0835e+00 +1.8262e+00 +3.3171e+00
4635 0 +7.880013331e-01 -2.630199867e+01 -2.630199867e+01 +1.1809e+00 -2.6273e+00 +1.0829e+00 +1.8004e+00 +3.3084e+00
4671 0 +4.950079204e-01 -2.659499208e+01 -2.659499208e+01 +1.1669e+00 -2.6575e+00 +1.0835e+00 +1.8031e+00 +3.3171e+00
4681 0 +4.187524730e-01 -2.667124753e+01 -2.667124753e+01 +1.1668e+00 -2.6421e+00 +1.0813e+00 +1.8137e+00 +3.3187e+00
4935 0 +2.675213871e-01 -2.682247861e+01 -2.682247861e+01 +1.1788e+00 -2.6536e+00 +1.0828e+00 +1.8019e+00 +3.3209e+00
4961 0 +2.625894926e-01 -2.682741051e+01 -2.682741051e+01 +1.1668e+00 -2.6367e+00 +1.0813e+00 +1.8068e+00 +3.3187e+00
5001 0 +2.398561024e-01 -2.685014390e+01 -2.685014390e+01 +1.1668e+00 -2.6367e+00 +1.0813e+00 +1.7990e+00 +3.3187e+00
5087 0 +1.999416620e-01 -2.689005834e+01 -2.689005834e+01 +1.1775e+00 -2.6467e+00 +1.0855e+00 +1.7995e+00 +3.3199e+00
5157 0 +1.013502737e-01 -2.698864973e+01 -2.698864973e+01 +1.1758e+00 -2.6301e+00 +1.0840e+00 +1.8025e+00 +3.3220e+00
5237 0 +8.826178909e-02 -2.700173821e+01 -2.700173821e+01 +1.1758e+00 -2.6301e+00 +1.0863e+00 +1.8025e+00 +3.3220e+00
5275 0 +4.997739827e-02 -2.704002260e+01 -2.704002260e+01 +1.1735e+00 -2.6300e+00 +1.0854e+00 +1.7988e+00 +3.3251e+00
5311 0 +4.252990038e-02 -2.704747010e+01 -2.704747010e+01 +1.1746e+00 -2.6331e+00 +1.0835e+00 +1.7995e+00 +3.3260e+00
5391 0 +4.074215801e-02 -2.704925784e+01 -2.704925784e+01 +1.1813e+00 -2.6331e+00 +1.0832e+00 +1.7995e+00 +3.3260e+00
5475 0 +3.966943545e-02 -2.705033056e+01 -2.705033056e+01 +1.1749e+00 -2.6300e+00 +1.0867e+00 +1.7988e+00 +3.3251e+00
5553 0 +2.861325052e-02 -2.706138675e+01 -2.706138675e+01 +1.1794e+00 -2.6339e+00 +1.0852e+00 +1.8002e+00 +3.3255e+00
5589 0 +2.316220490e-02 -2.706683780e+01 -2.706683780e+01 +1.1790e+00 -2.6360e+00 +1.0869e+00 +1.7982e+00 +3.3277e+00
5629 0 +2.267619736e-02 -2.706732380e+01 -2.706732380e+01 +1.1790e+00 -2.6295e+00 +1.0869e+00 +1.7982e+00 +3.3277e+00
5673 0 +1.649389871e-02 -2.707350610e+01 -2.707350610e+01 +1.1794e+00 -2.6339e+00 +1.0876e+00 +1.8002e+00 +3.3255e+00
5703 0 +1.057575026e-02 -2.707942425e+01 -2.707942425e+01 +1.1792e+00 -2.6330e+00 +1.0867e+00 +1.7995e+00 +3.3276e+00
5743 0 +8.869083699e-03 -2.708113092e+01 -2.708113092e+01 +1.1792e+00 -2.6343e+00 +1.0867e+00 +1.8003e+00 +3.3276e+00
5811 0 +8.193294405e-03 -2.708180671e+01 -2.708180671e+01 +1.1759e+00 -2.6327e+00 +1.0889e+00 +1.8001e+00 +3.3278e+00
5877 0 +5.877128062e-03 -2.708412287e+01 -2.708412287e+01 +1.1811e+00 -2.6349e+00 +1.0881e+00 +1.8012e+00 +3.3274e+00
5997 0 +5.156804999e-03 -2.708484320e+01 -2.708484320e+01 +1.1811e+00 -2.6349e+00 +1.0887e+00 +1.8012e+00 +3.3273e+00
6037 0 +3.808182677e-03 -2.708619182e+01 -2.708619182e+01 +1.1811e+00 -2.6334e+00 +1.0887e+00 +1.8012e+00 +3.3273e+00
6051 0 +3.773352764e-03 -2.708622665e+01 -2.708622665e+01 +1.1790e+00 -2.6339e+00 +1.0889e+00 +1.8001e+00 +3.3278e+00
6071 0 +3.411154084e-03 -2.708658885e+01 -2.708658885e+01 +1.1795e+00 -2.6316e+00 +1.0885e+00 +1.8009e+00 +3.3271e+00
6111 0 +2.856322115e-03 -2.708714368e+01 -2.708714368e+01 +1.1795e+00 -2.6317e+00 +1.0885e+00 +1.8009e+00 +3.3273e+00
6143 0 +1.531130925e-03 -2.708846887e+01 -2.708846887e+01 +1.1792e+00 -2.6343e+00 +1.0891e+00 +1.8014e+00 +3.3280e+00
6351 0 +4.313704720e-04 -2.708956863e+01 -2.708956863e+01 +1.1800e+00 -2.6334e+00 +1.0891e+00 +1.8017e+00 +3.3279e+00
6431 0 +3.205776034e-04 -2.708967942e+01 -2.708967942e+01 +1.1800e+00 -2.6334e+00 +1.0893e+00 +1.8017e+00 +3.3279e+00
6675 0 +2.462080684e-04 -2.708975379e+01 -2.708975379e+01 +1.1801e+00 -2.6332e+00 +1.0893e+00 +1.8017e+00 +3.3278e+00
6801 0 +1.495781417e-04 -2.708985042e+01 -2.708985042e+01 +1.1801e+00 -2.6329e+00 +1.0895e+00 +1.8015e+00 +3.3279e+00
6809 0 +1.001369134e-04 -2.708989986e+01 -2.708989986e+01 +1.1803e+00 -2.6331e+00 +1.0896e+00 +1.8016e+00 +3.3280e+00
6929 0 +3.457972945e-05 -2.708996542e+01 -2.708996542e+01 +1.1807e+00 -2.6331e+00 +1.0896e+00 +1.8016e+00 +3.3280e+00
7237 0 +2.851382346e-05 -2.708997149e+01 -2.708997149e+01 +1.1808e+00 -2.6327e+00 +1.0895e+00 +1.8016e+00 +3.3279e+00
7287 0 +2.509551714e-05 -2.708997490e+01 -2.708997490e+01 +1.1808e+00 -2.6326e+00 +1.0895e+00 +1.8016e+00 +3.3279e+00
7327 0 +1.778031550e-05 -2.708998222e+01 -2.708998222e+01 +1.1808e+00 -2.6326e+00 +1.0895e+00 +1.8016e+00 +3.3280e+00
7329 0 +1.001502415e-05 -2.708998998e+01 -2.708998998e+01 +1.1807e+00 -2.6327e+00 +1.0895e+00 +1.8016e+00 +3.3280e+00
7453 0 +4.999015225e-06 -2.708999500e+01 -2.708999500e+01 +1.1807e+00 -2.6327e+00 +1.0895e+00 +1.8016e+00 +3.3280e+00
7597 0 +3.073386072e-06 -2.708999693e+01 -2.708999693e+01 +1.1808e+00 -2.6328e+00 +1.0896e+00 +1.8016e+00 +3.3280e+00
7619 0 +2.726770582e-06 -2.708999727e+01 -2.708999727e+01 +1.1808e+00 -2.6327e+00 +1.0896e+00 +1.8016e+00 +3.3280e+00
7739 0 +1.632353445e-06 -2.708999837e+01 -2.708999837e+01 +1.1808e+00 -2.6327e+00 +1.0896e+00 +1.8016e+00 +3.3280e+00
7939 0 +3.503310744e-07 -2.708999965e+01 -2.708999965e+01 +1.1808e+00 -2.6328e+00 +1.0896e+00 +1.8016e+00 +3.3280e+00
7949 0 +2.849549716e-07 -2.708999972e+01 -2.708999972e+01 +1.1808e+00 -2.6328e+00 +1.0896e+00 +1.8016e+00 +3.3280e+00
8019 0 +2.678155901e-07 -2.708999973e+01 -2.708999973e+01 +1.1808e+00 -2.6328e+00 +1.0896e+00 +1.8016e+00 +3.3280e+00
8245 0 +2.422486318e-07 -2.708999976e+01 -2.708999976e+01 +1.1808e+00 -2.6328e+00 +1.0896e+00 +1.8016e+00 +3.3280e+00
8249 0 +1.619049002e-07 -2.708999984e+01 -2.708999984e+01 +1.1808e+00 -2.6328e+00 +1.0896e+00 +1.8016e+00 +3.3280e+00
8329 0 +1.547979842e-07 -2.708999985e+01 -2.708999985e+01 +1.1808e+00 -2.6328e+00 +1.0896e+00 +1.8016e+00 +3.3280e+00
8389 0 +1.295809504e-07 -2.708999987e+01 -2.708999987e+01 +1.1808e+00 -2.6328e+00 +1.0896e+00 +1.8016e+00 +3.3280e+00
8497 0 +1.230634901e-07 -2.708999988e+01 -2.708999988e+01 +1.1808e+00 -2.6328e+00 +1.0896e+00 +1.8016e+00 +3.3280e+00
8503 0 +4.989369984e-08 -2.708999995e+01 -2.708999995e+01 +1.1808e+00 -2.6328e+00 +1.0896e+00 +1.8016e+00 +3.3280e+00
8643 0 +4.154178868e-08 -2.708999996e+01 -2.708999996e+01 +1.1808e+00 -2.6328e+00 +1.0896e+00 +1.8016e+00 +3.3280e+00
8687 0 +1.947758221e-08 -2.708999998e+01 -2.708999998e+01 +1.1808e+00 -2.6328e+00 +1.0896e+00 +1.8016e+00 +3.3280e+00
8721 0 +1.703370600e-08 -2.708999998e+01 -2.708999998e+01 +1.1808e+00 -2.6328e+00 +1.0896e+00 +1.8016e+00 +3.3280e+00
8881 0 +1.520725945e-08 -2.708999998e+01 -2.708999998e+01 +1.1808e+00 -2.6328e+00 +1.0896e+00 +1.8016e+00 +3.3280e+00
8895 0 +9.106511101e-09 -2.708999999e+01 -2.708999999e+01 +1.1808e+00 -2.6328e+00 +1.0896e+00 +1.8016e+00 +3.3280e+00
12515 0 +0.000000000e+00 -2.709000000e+01 -2.709000000e+01 +1.1808e+00 -2.6328e+00 +1.0896e+00 +1.8016e+00 +3.3280e+00
% f evaluations | g evaluations | best noise-free fitness - Fopt (5.175000000000e+01) + sum g_i+ | measured fitness | best measured fitness or single-digit g-values | x1 | x2...
1 0 +2.009730395e+02 +2.527230395e+02 +2.527230395e+02 -7.6466e-01 +2.0090e-01 +2.6395e+00 +1.5527e+00 -3.5635e+00
67 0 +1.890829563e+02 +2.408329563e+02 +2.408329563e+02 -4.0870e+00 +4.1293e+00 +3.5787e+00 +1.6811e+00 -2.1936e-01
71 0 +9.629478412e+01 +1.480447841e+02 +1.480447841e+02 -1.5361e+00 +1.7473e+00 +2.6301e+00 +1.1124e+00 -2.2247e+00
251 0 +6.832654859e+01 +1.200765486e+02 +1.200765486e+02 +1.9961e-02 +2.1351e+00 +2.7922e+00 +1.4199e+00 -1.0836e+00
385 0 +6.290750446e+01 +1.146575045e+02 +1.146575045e+02 +2.3044e-01 -1.7143e+00 +2.8889e+00 +2.3300e+00 +1.1355e-01
411 0 +5.140643926e+01 +1.031564393e+02 +1.031564393e+02 +1.9961e-02 +2.1351e+00 +2.7922e+00 +1.4199e+00 -6.2766e-01
465 0 +5.045347874e+01 +1.022034787e+02 +1.022034787e+02 +2.3044e-01 -3.2090e-01 +2.8459e+00 +2.1146e+00 +1.1355e-01
491 0 +3.816705641e+01 +8.991705641e+01 +8.991705641e+01 +1.9961e-02 +2.1351e+00 +2.7922e+00 -2.9005e-03 -6.2766e-01
531 0 +3.333895666e+01 +8.508895666e+01 +8.508895666e+01 +1.9961e-02 +4.8384e-01 +2.7922e+00 -2.9005e-03 -6.2766e-01
599 0 +2.830474668e+01 +8.005474668e+01 +8.005474668e+01 -7.7514e-01 +6.1418e-01 +2.4174e+00 +4.4547e-01 -9.3397e-01
719 0 +1.485359669e+01 +6.660359669e+01 +6.660359669e+01 -7.7514e-01 -8.4914e-01 +2.4174e+00 +4.4547e-01 -2.6434e-01
879 0 +1.342277051e+01 +6.517277051e+01 +6.517277051e+01 -7.7514e-01 -8.7722e-01 +2.4174e+00 +4.4547e-01 -2.6434e-01
1103 0 +1.047339627e+01 +6.222339627e+01 +6.222339627e+01 +4.6573e-02 -3.3459e-01 +2.4294e+00 +1.2349e+00 -2.0721e-01
1179 0 +7.522334768e+00 +5.927233477e+01 +5.927233477e+01 -1.8234e+00 +1.2302e+00 +2.4495e+00 +4.1710e-01 +5.0897e-02
1603 0 +7.013513306e+00 +5.876351331e+01 +5.876351331e+01 +3.2813e-03 +4.7666e-01 +2.3977e+00 +1.2423e+00 -2.5166e-01
1633 0 +4.344608768e+00 +5.609460877e+01 +5.609460877e+01 +2.1377e-01 -3.1448e-01 +2.9928e+00 +8.2407e-01 +5.3860e-02
2511 0 +3.842401327e+00 +5.559240133e+01 +5.559240133e+01 +1.0765e-01 +4.0766e-01 +2.4761e+00 +8.1814e-01 -2.5916e-01
2937 0 +3.695886571e+00 +5.544588657e+01 +5.544588657e+01 +1.2155e-01 +4.6670e-01 +2.3739e+00 +8.4533e-01 -2.3996e-01
3101 0 +2.445455419e+00 +5.419545542e+01 +5.419545542e+01 +6.8486e-02 +4.1602e-01 +2.4302e+00 +8.0651e-01 +5.1224e-02
3421 0 +1.863559792e+00 +5.361355979e+01 +5.361355979e+01 +6.8486e-02 +4.7714e-01 +2.9813e+00 +8.1455e-01 +5.1224e-02
3565 0 +1.850121130e+00 +5.360012113e+01 +5.360012113e+01 +5.7448e-02 +4.6087e-01 +2.4106e+00 +8.2077e-01 +5.6037e-02
3825 0 +1.273874901e+00 +5.302387490e+01 +5.302387490e+01 +9.7636e-02 +4.6240e-01 +2.4202e+00 +8.1456e-01 +5.7585e-02
3969 0 +9.850797776e-01 +5.273507978e+01 +5.273507978e+01 +8.8866e-02 +4.7631e-01 +2.9981e+00 +8.1478e-01 +4.9725e-02
4071 0 +9.576855678e-01 +5.270768557e+01 +5.270768557e+01 +6.8347e-02 +4.5954e-01 +2.9946e+00 +8.1814e-01 +5.9556e-02
4109 0 +4.120701752e-01 +5.216207018e+01 +5.216207018e+01 +1.1204e-01 +4.7057e-01 +3.0047e+00 +8.1702e-01 +5.1192e-02
4189 0 +1.957798859e-01 +5.194577989e+01 +5.194577989e+01 +1.1204e-01 +4.4017e-01 +3.0047e+00 +8.1702e-01 +5.4988e-02
4321 0 +1.880131037e-01 +5.193801310e+01 +5.193801310e+01 +1.2296e-01 +4.5538e-01 +2.9995e+00 +8.2125e-01 +5.6733e-02
4421 0 +1.628160906e-01 +5.191281609e+01 +5.191281609e+01 +1.1089e-01 +4.4221e-01 +3.0056e+00 +8.1455e-01 +5.8825e-02
4461 0 +1.182405394e-01 +5.186824054e+01 +5.186824054e+01 +1.1089e-01 +4.4221e-01 +3.0056e+00 +8.2598e-01 +5.8825e-02
4587 0 +1.149302931e-01 +5.186493029e+01 +5.186493029e+01 +1.2134e-01 +4.3594e-01 +3.0096e+00 +8.1757e-01 +5.8160e-02
4651 0 +8.749842443e-02 +5.183749842e+01 +5.183749842e+01 +1.2443e-01 +4.4149e-01 +3.0085e+00 +8.2508e-01 +5.5206e-02
4731 0 +7.225540620e-02 +5.182225541e+01 +5.182225541e+01 +1.2443e-01 +4.5063e-01 +3.0085e+00 +8.2508e-01 +5.5206e-02
4799 0 +5.434143723e-02 +5.180434144e+01 +5.180434144e+01 +1.2141e-01 +4.5204e-01 +3.0072e+00 +8.2593e-01 +5.8390e-02
4809 0 +4.059295250e-02 +5.179059295e+01 +5.179059295e+01 +1.2371e-01 +4.4815e-01 +3.0069e+00 +8.2365e-01 +5.8244e-02
4919 0 +3.629197226e-02 +5.178629197e+01 +5.178629197e+01 +1.2125e-01 +4.5048e-01 +3.0094e+00 +8.2571e-01 +5.9055e-02
4961 0 +3.485773372e-02 +5.178485773e+01 +5.178485773e+01 +1.1906e-01 +4.4338e-01 +3.0115e+00 +8.2070e-01 +5.7801e-02
5009 0 +2.896237466e-02 +5.177896237e+01 +5.177896237e+01 +1.2371e-01 +4.4815e-01 +3.0086e+00 +8.2365e-01 +5.8244e-02
5031 0 +2.662284470e-02 +5.177662284e+01 +5.177662284e+01 +1.2263e-01 +4.4425e-01 +3.0114e+00 +8.2352e-01 +5.7583e-02
5035 0 +2.455969785e-02 +5.177455970e+01 +5.177455970e+01 +1.1720e-01 +4.4602e-01 +3.0124e+00 +8.2507e-01 +5.9165e-02
5053 0 +1.685119378e-02 +5.176685119e+01 +5.176685119e+01 +1.1960e-01 +4.4533e-01 +3.0127e+00 +8.2199e-01 +5.8132e-02
5103 0 +9.847386239e-03 +5.175984739e+01 +5.175984739e+01 +1.2173e-01 +4.4518e-01 +3.0131e+00 +8.2249e-01 +5.8952e-02
5207 0 +9.453914326e-03 +5.175945391e+01 +5.175945391e+01 +1.2169e-01 +4.4776e-01 +3.0123e+00 +8.2201e-01 +5.8198e-02
5303 0 +7.393216179e-03 +5.175739322e+01 +5.175739322e+01 +1.2173e-01 +4.4518e-01 +3.0151e+00 +8.2249e-01 +5.8952e-02
5321 0 +6.703750960e-03 +5.175670375e+01 +5.175670375e+01 +1.2105e-01 +4.4817e-01 +3.0151e+00 +8.2226e-01 +5.7915e-02
5383 0 +3.130449991e-03 +5.175313045e+01 +5.175313045e+01 +1.2173e-01 +4.4702e-01 +3.0151e+00 +8.2249e-01 +5.8952e-02
5545 0 +6.874580998e-04 +5.175068746e+01 +5.175068746e+01 +1.2411e-01 +4.4910e-01 +3.0153e+00 +8.2266e-01 +5.9107e-02
5577 0 +6.038899091e-04 +5.175060389e+01 +5.175060389e+01 +1.2380e-01 +4.4800e-01 +3.0150e+00 +8.2232e-01 +5.9231e-02
5771 0 +4.923936615e-04 +5.175049239e+01 +5.175049239e+01 +1.2429e-01 +4.4924e-01 +3.0150e+00 +8.2190e-01 +5.9206e-02
5805 0 +2.090141148e-04 +5.175020901e+01 +5.175020901e+01 +1.2430e-01 +4.4821e-01 +3.0152e+00 +8.2252e-01 +5.9196e-02
5939 0 +1.861703334e-04 +5.175018617e+01 +5.175018617e+01 +1.2393e-01 +4.4855e-01 +3.0150e+00 +8.2228e-01 +5.9199e-02
6065 0 +1.445148569e-04 +5.175014451e+01 +5.175014451e+01 +1.2464e-01 +4.4910e-01 +3.0150e+00 +8.2266e-01 +5.9107e-02
6139 0 +6.948799467e-05 +5.175006949e+01 +5.175006949e+01 +1.2440e-01 +4.4880e-01 +3.0150e+00 +8.2228e-01 +5.9199e-02
6267 0 +5.771915301e-05 +5.175005772e+01 +5.175005772e+01 +1.2467e-01 +4.4886e-01 +3.0150e+00 +8.2226e-01 +5.9154e-02
6347 0 +4.715645393e-05 +5.175004716e+01 +5.175004716e+01 +1.2467e-01 +4.4886e-01 +3.0150e+00 +8.2251e-01 +5.9154e-02
6415 0 +4.175558707e-05 +5.175004176e+01 +5.175004176e+01 +1.2446e-01 +4.4887e-01 +3.0151e+00 +8.2235e-01 +5.9196e-02
6507 0 +3.406595234e-05 +5.175003407e+01 +5.175003407e+01 +1.2472e-01 +4.4886e-01 +3.0150e+00 +8.2236e-01 +5.9154e-02
6555 0 +3.156697699e-05 +5.175003157e+01 +5.175003157e+01 +1.2465e-01 +4.4883e-01 +3.0151e+00 +8.2246e-01 +5.9116e-02
6577 0 +2.989317601e-05 +5.175002989e+01 +5.175002989e+01 +1.2455e-01 +4.4886e-01 +3.0151e+00 +8.2243e-01 +5.9112e-02
6587 0 +2.681810204e-05 +5.175002682e+01 +5.175002682e+01 +1.2472e-01 +4.4870e-01 +3.0150e+00 +8.2237e-01 +5.9154e-02
6599 0 +2.126342508e-05 +5.175002126e+01 +5.175002126e+01 +1.2456e-01 +4.4878e-01 +3.0152e+00 +8.2240e-01 +5.9124e-02
6655 0 +1.193158312e-05 +5.175001193e+01 +5.175001193e+01 +1.2462e-01 +4.4884e-01 +3.0152e+00 +8.2235e-01 +5.9169e-02
6679 0 +1.006759847e-05 +5.175001007e+01 +5.175001007e+01 +1.2463e-01 +4.4878e-01 +3.0152e+00 +8.2245e-01 +5.9171e-02
6695 0 +9.678410528e-06 +5.175000968e+01 +5.175000968e+01 +1.2462e-01 +4.4880e-01 +3.0152e+00 +8.2235e-01 +5.9196e-02
6777 0 +6.340407026e-06 +5.175000634e+01 +5.175000634e+01 +1.2478e-01 +4.4886e-01 +3.0151e+00 +8.2243e-01 +5.9166e-02
6815 0 +3.905130072e-06 +5.175000391e+01 +5.175000391e+01 +1.2476e-01 +4.4880e-01 +3.0152e+00 +8.2235e-01 +5.9196e-02
6927 0 +3.648342151e-06 +5.175000365e+01 +5.175000365e+01 +1.2480e-01 +4.4881e-01 +3.0151e+00 +8.2242e-01 +5.9175e-02
6971 0 +2.927748874e-06 +5.175000293e+01 +5.175000293e+01 +1.2473e-01 +4.4876e-01 +3.0152e+00 +8.2238e-01 +5.9178e-02
6999 0 +1.605874544e-06 +5.175000161e+01 +5.175000161e+01 +1.2472e-01 +4.4878e-01 +3.0152e+00 +8.2240e-01 +5.9201e-02
7207 0 +5.182425156e-07 +5.175000052e+01 +5.175000052e+01 +1.2480e-01 +4.4881e-01 +3.0152e+00 +8.2241e-01 +5.9198e-02
7367 0 +4.874744306e-07 +5.175000049e+01 +5.175000049e+01 +1.2480e-01 +4.4881e-01 +3.0152e+00 +8.2239e-01 +5.9198e-02
7505 0 +2.380951969e-07 +5.175000024e+01 +5.175000024e+01 +1.2479e-01 +4.4881e-01 +3.0152e+00 +8.2241e-01 +5.9194e-02
7619 0 +1.794815390e-07 +5.175000018e+01 +5.175000018e+01 +1.2480e-01 +4.4880e-01 +3.0152e+00 +8.2241e-01 +5.9196e-02
7625 0 +1.488529620e-07 +5.175000015e+01 +5.175000015e+01 +1.2479e-01 +4.4879e-01 +3.0152e+00 +8.2241e-01 +5.9196e-02
7769 0 +1.457913115e-07 +5.175000015e+01 +5.175000015e+01 +1.2478e-01 +4.4880e-01 +3.0152e+00 +8.2240e-01 +5.9198e-02
7785 0 +1.240481993e-07 +5.175000012e+01 +5.175000012e+01 +1.2479e-01 +4.4880e-01 +3.0152e+00 +8.2241e-01 +5.9197e-02
7807 0 +9.406134183e-08 +5.175000009e+01 +5.175000009e+01 +1.2480e-01 +4.4881e-01 +3.0152e+00 +8.2240e-01 +5.9199e-02
7825 0 +4.943250786e-08 +5.175000005e+01 +5.175000005e+01 +1.2479e-01 +4.4880e-01 +3.0152e+00 +8.2240e-01 +5.9197e-02
8073 0 +3.299272322e-08 +5.175000003e+01 +5.175000003e+01 +1.2480e-01 +4.4880e-01 +3.0152e+00 +8.2240e-01 +5.9198e-02
8151 0 +1.640309222e-08 +5.175000002e+01 +5.175000002e+01 +1.2479e-01 +4.4880e-01 +3.0152e+00 +8.2240e-01 +5.9200e-02
8247 0 +9.363667175e-09 +5.175000001e+01 +5.175000001e+01 +1.2480e-01 +4.4880e-01 +3.0152e+00 +8.2240e-01 +5.9199e-02
11461 0 +0.000000000e+00 +5.175000000e+01 +5.175000000e+01 +1.2480e-01 +4.4880e-01 +3.0152e+00 +8.2240e-01 +5.9200e-02
% f evaluations | g evaluations | best noise-free fitness - Fopt (-5.541400000000e+02) + sum g_i+ | measured fitness | best measured fitness or single-digit g-values | x1 | x2...
1 0 +9.704251780e+03 +9.150111780e+03 +9.150111780e+03 +2.3419e+00 +1.9283e+00 -1.3628e+00 +4.9321e+00 +3.4665e+00
2 0 +4.966618321e+03 +4.412478321e+03 +4.412478321e+03 -3.7675e+00 +4.3395e+00 +4.4423e+00 -2.5202e-01 +2.1166e+00
4 0 +3.998239644e+02 -1.543160356e+02 -1.543160356e+02 +3.7735e+00 +2.3349e+00 +1.0102e+00 +3.1826e+00 -1.4507e+00
6 0 +3.779908805e+02 -1.761491195e+02 -1.761491195e+02 -3.6661e+00 -1.7192e+00 -1.9271e+00 -9.2433e-01 -3.2865e+00
10 0 +2.368679707e+02 -3.172720293e+02 -3.172720293e+02 +2.1022e+00 -1.2833e+00 -2.1642e+00 -9.3183e-01 -1.5539e+00
15 0 +1.693855404e+02 -3.847544596e+02 -3.847544596e+02 -2.6900e+00 -1.7166e-01 +4.1723e-02 +1.5975e+00 -1.5993e+00
121 0 +1.244492500e+02 -4.296907500e+02 -4.296907500e+02 +3.3782e-01 +2.7639e+00 -1.4185e+00 +3.1405e+00 -9.6895e-01
187 0 +6.206677351e+01 -4.920732265e+02 -4.920732265e+02 -8.1688e-03 +2.3349e+00 +1.0102e+00 +3.1826e+00 -1.4507e+00
387 0 +3.890924077e+01 -5.152307592e+02 -5.152307592e+02 -8.1688e-03 +2.3349e+00 +1.0102e+00 +3.1826e+00 +3.8861e-01
507 0 +3.169498153e+01 -5.224450185e+02 -5.224450185e+02 -8.1688e-03 +2.3349e+00 +1.0102e+00 +3.1826e+00 -3.2088e-01
811 0 +2.864532235e+01 -5.254946776e+02 -5.254946776e+02 +9.6420e-01 +4.7597e+00 +2.1001e+00 +2.3516e+00 +4.4115e-02
911 0 +2.603428858e+01 -5.281057114e+02 -5.281057114e+02 +1.8086e+00 +8.6667e-01 +1.5877e+00 +3.0620e+00 -7.6622e-03
971 0 +2.091043512e+01 -5.332295649e+02 -5.332295649e+02 +9.6420e-01 +4.7597e+00 +2.1001e+00 +3.1636e+00 -3.3836e-01
1023 0 +1.397151262e+01 -5.401684874e+02 -5.401684874e+02 +9.9927e-01 +3.2269e+00 +1.5675e+00 +1.8404e+00 +2.3349e-01
1273 0 +1.074666304e+01 -5.433933370e+02 -5.433933370e+02 +8.9772e-01 +4.0484e+00 +2.1285e+00 +2.2528e+00 +2.1500e-01
1463 0 +9.517808364e+00 -5.446221916e+02 -5.446221916e+02 +9.0453e-01 +3.2269e+00 +1.5675e+00 +2.6786e+00 +2.3349e-01
1513 0 +6.865011858e+00 -5.472749881e+02 -5.472749881e+02 +8.2253e-01 +4.0070e+00 +2.1285e+00 +2.6981e+00 +2.6116e-01
1873 0 +5.777931005e+00 -5.483620690e+02 -5.483620690e+02 +1.9712e+00 +4.0070e+00 +2.1285e+00 +2.6981e+00 +2.6116e-01
2065 0 +5.120321065e+00 -5.490196789e+02 -5.490196789e+02 +1.9707e+00 +4.0624e+00 +1.5415e+00 +2.2167e+00 -2.4150e-02
2401 0 +3.968313822e+00 -5.501716862e+02 -5.501716862e+02 +8.4721e-01 +4.0897e+00 +2.1199e+00 +2.2424e+00 +3.2798e-01
2725 0 +3.284692668e+00 -5.508553073e+02 -5.508553073e+02 +8.7123e-01 +3.2258e+00 +1.5860e+00 +2.2226e+00 +2.8767e-01
3021 0 +2.649701903e+00 -5.514902981e+02 -5.514902981e+02 +8.7777e-01 +3.2535e+00 +2.1212e+00 +2.2293e+00 -1.0245e-02
3339 0 +2.629973423e+00 -5.515100266e+02 -5.515100266e+02 +8.4389e-01 +3.1849e+00 +2.1201e+00 +2.2580e+00 +2.8725e-01
3421 0 +2.195265368e+00 -5.519447346e+02 -5.519447346e+02 +8.7777e-01 +3.2326e+00 +2.1212e+00 +2.2383e+00 -1.0245e-02
3459 0 +2.108546856e+00 -5.520314531e+02 -5.520314531e+02 +8.8737e-01 +3.1849e+00 +2.1256e+00 +2.2580e+00 +2.8725e-01
3479 0 +1.705901035e+00 -5.524340990e+02 -5.524340990e+02 +8.5882e-01 +3.2147e+00 +2.1231e+00 +2.2481e+00 +2.7937e-01
3503 0 +1.418493860e+00 -5.527215061e+02 -5.527215061e+02 +9.0453e-01 +3.2269e+00 +2.1311e+00 +2.2514e+00 +2.8591e-01
3575 0 +1.320391553e+00 -5.528196084e+02 -5.528196084e+02 +8.7387e-01 +3.2176e+00 +2.1321e+00 +2.2423e+00 +2.8177e-01
3627 0 +1.310426665e+00 -5.528295733e+02 -5.528295733e+02 +8.7313e-01 +3.2176e+00 +2.1205e+00 +2.2379e+00 +2.8451e-01
3935 0 +1.119340329e+00 -5.530206597e+02 -5.530206597e+02 +8.7387e-01 +3.2176e+00 +2.1321e+00 +2.2423e+00 +2.8782e-01
4229 0 +1.092070787e+00 -5.530479292e+02 -5.530479292e+02 +8.7642e-01 +3.2276e+00 +2.1273e+00 +2.2387e+00 +2.8931e-01
4309 0 +1.061436968e+00 -5.530785630e+02 -5.530785630e+02 +8.7642e-01 +3.2276e+00 +2.1273e+00 +2.2422e+00 +2.8931e-01
4433 0 +1.036881985e+00 -5.531031180e+02 -5.531031180e+02 +8.7528e-01 +3.2276e+00 +2.1285e+00 +2.2444e+00 +2.9009e-01
4531 0 +1.021966933e+00 -5.531180331e+02 -5.531180331e+02 +8.7865e-01 +3.2272e+00 +2.1299e+00 +2.2460e+00 +2.9059e-01
5283 0 +9.985888095e-01 -5.531414112e+02 -5.531414112e+02 +8.7920e-01 +3.2284e+00 +2.1320e+00 +2.2436e+00 +2.9231e-01
% f evaluations | g evaluations | best noise-free fitness - Fopt (1.774000000000e+01) + sum g_i+ | measured fitness | best measured fitness or single-digit g-values | x1 | x2...
1 0 +2.860809500e+03 +2.878549500e+03 +2.878549500e+03 -1.5446e+00 -4.3483e+00 -6.5634e-01 -4.5276e+00 +2.7251e+00
2 0 +3.368265231e+02 +3.545665231e+02 +3.545665231e+02 -3.6084e+00 +2.1644e+00 -3.5850e+00 +2.8661e+00 -2.7043e+00
5 0 +3.171881029e+02 +3.349281029e+02 +3.349281029e+02 -4.9635e+00 +2.9430e+00 +2.4799e+00 -3.7981e+00 +6.9757e-02
7 0 +2.055119515e+02 +2.232519515e+02 +2.232519515e+02 -4.9069e+00 -3.0389e+00 -2.8260e-01 -8.7694e-01 +4.4835e-01
73 0 +1.644948607e+02 +1.822348607e+02 +1.822348607e+02 -4.9069e+00 +1.7732e+00 -2.8260e-01 +5.0000e+00 +4.4835e-01
109 0 +1.460859156e+02 +1.638259156e+02 +1.638259156e+02 -5.0000e+00 +2.2224e+00 +2.4799e+00 +3.8205e+00 +6.9757e-02
113 0 +1.347819844e+02 +1.525219844e+02 +1.525219844e+02 -1.9392e+00 +1.7732e+00 -2.8260e-01 +5.0000e+00 +4.4835e-01
149 0 +1.169392658e+02 +1.346792658e+02 +1.346792658e+02 -5.0000e+00 +2.2224e+00 +1.3137e+00 +3.8205e+00 +6.9757e-02
193 0 +7.386314785e+01 +9.160314785e+01 +9.160314785e+01 +2.1444e+00 +1.7613e-01 -2.8260e-01 +2.8439e+00 +4.4835e-01
327 0 +5.801787898e+01 +7.575787898e+01 +7.575787898e+01 -6.7783e-01 +3.1196e-01 +1.6050e+00 +1.7477e+00 +4.7934e-01
407 0 +5.754121922e+01 +7.528121922e+01 +7.528121922e+01 -6.7783e-01 +3.1196e-01 +1.6050e+00 +2.5934e+00 +4.7934e-01
523 0 +5.177218607e+01 +6.951218607e+01 +6.951218607e+01 +1.9866e+00 +4.0690e+00 +1.7913e+00 +2.7233e+00 +2.4790e-01
567 0 +3.479094385e+01 +5.253094385e+01 +5.253094385e+01 +2.0597e+00 +2.4474e+00 +1.6050e+00 +2.5934e+00 -1.8139e-01
709 0 +3.453962764e+01 +5.227962764e+01 +5.227962764e+01 -8.0929e-01 +2.2224e+00 +1.4032e+00 +1.8627e+00 +6.9757e-02
767 0 +3.204816656e+01 +4.978816656e+01 +4.978816656e+01 +1.3172e+00 +3.5310e-01 +1.6050e+00 +2.5934e+00 +6.9609e-01
829 0 +2.742141244e+01 +4.516141244e+01 +4.516141244e+01 +2.1566e+00 +2.2224e+00 +1.4032e+00 +1.8627e+00 +6.9757e-02
977 0 +2.311424013e+01 +4.085424013e+01 +4.085424013e+01 +2.9753e-01 +4.0113e+00 +1.0032e+00 +2.2767e+00 +9.4021e-01
1095 0 +2.026102294e+01 +3.800102294e+01 +3.800102294e+01 +1.2210e+00 +3.2228e+00 +2.0515e+00 +1.3920e+00 +5.0423e-02
1163 0 +1.879370841e+01 +3.653370841e+01 +3.653370841e+01 +1.1846e+00 +3.0070e+00 +1.4262e+00 +3.1578e+00 +3.2742e-01
1175 0 +1.762676879e+01 +3.536676879e+01 +3.536676879e+01 +1.2210e+00 +3.2228e+00 +2.0515e+00 +1.3920e+00 +6.5597e-01
1177 0 +1.662442932e+01 +3.436442932e+01 +3.436442932e+01 +2.9753e-01 +4.0113e+00 +1.5615e+00 +1.3397e+00 +6.8472e-01
1287 0 +1.355191988e+01 +3.129191988e+01 +3.129191988e+01 +1.3172e+00 +3.0126e+00 +1.4823e+00 +2.5934e+00 +6.9609e-01
1459 0 +5.488934040e+00 +2.322893404e+01 +2.322893404e+01 +1.2360e+00 +2.4033e+00 +1.5538e+00 +1.8652e+00 +9.9124e-01
2317 0 +5.136789062e+00 +2.287678906e+01 +2.287678906e+01 +1.3234e+00 +2.4061e+00 +2.0992e+00 +2.6712e+00 +1.0105e+00
2827 0 +5.048495472e+00 +2.278849547e+01 +2.278849547e+01 +1.2686e+00 +2.2895e+00 +2.1293e+00 +2.7186e+00 +1.0104e+00
3247 0 +4.556824811e+00 +2.229682481e+01 +2.229682481e+01 +1.2601e+00 +2.3153e+00 +2.1290e+00 +2.7045e+00 +6.9163e-01
3381 0 +3.905715145e+00 +2.164571515e+01 +2.164571515e+01 +2.2521e+00 +2.3931e+00 +1.5028e+00 +2.6563e+00 +1.0093e+00
3861 0 +3.609457478e+00 +2.134945748e+01 +2.134945748e+01 +2.2521e+00 +2.3931e+00 +1.5370e+00 +2.6563e+00 +1.0093e+00
3899 0 +3.415590934e+00 +2.115559093e+01 +2.115559093e+01 +1.2422e+00 +2.4033e+00 +1.5538e+00 +2.2490e+00 +9.9602e-01
4167 0 +3.377280784e+00 +2.111728078e+01 +2.111728078e+01 +1.2810e+00 +2.3153e+00 +2.1290e+00 +2.2457e+00 +6.9163e-01
4265 0 +1.756208527e+00 +1.949620853e+01 +1.949620853e+01 +2.2410e+00 +3.1210e+00 +2.1165e+00 +2.2388e+00 +1.0036e+00
4899 0 +1.375997046e+00 +1.911599705e+01 +1.911599705e+01 +2.2335e+00 +2.4033e+00 +2.1089e+00 +2.2490e+00 +9.9856e-01
5009 0 +1.330160196e+00 +1.907016020e+01 +1.907016020e+01 +2.2212e+00 +2.3376e+00 +2.1146e+00 +2.2295e+00 +1.0023e+00
5011 0 +1.073699462e+00 +1.881369946e+01 +1.881369946e+01 +2.2298e+00 +2.3779e+00 +2.1066e+00 +2.2684e+00 +1.0141e+00
5027 0 +8.477290842e-01 +1.858772908e+01 +1.858772908e+01 +2.2309e+00 +2.3483e+00 +2.1287e+00 +2.2629e+00 +1.0003e+00
5069 0 +2.073656678e-01 +1.794736567e+01 +1.794736567e+01 +2.2400e+00 +2.3530e+00 +2.1301e+00 +2.2517e+00 +1.0079e+00
5781 0 +1.752104271e-01 +1.791521043e+01 +1.791521043e+01 +2.2419e+00 +2.3614e+00 +2.1221e+00 +2.2542e+00 +1.0093e+00
5789 0 +1.645248120e-01 +1.790452481e+01 +1.790452481e+01 +2.2463e+00 +2.3530e+00 +2.1282e+00 +2.2517e+00 +1.0069e+00
5941 0 +1.504351790e-01 +1.789043518e+01 +1.789043518e+01 +2.2419e+00 +2.3614e+00 +2.1230e+00 +2.2443e+00 +1.0093e+00
5971 0 +8.787026053e-02 +1.782787026e+01 +1.782787026e+01 +2.2497e+00 +2.3615e+00 +2.1237e+00 +2.2491e+00 +1.0141e+00
5979 0 +6.655351028e-02 +1.780655351e+01 +1.780655351e+01 +2.2490e+00 +2.3717e+00 +2.1272e+00 +2.2490e+00 +1.0107e+00
6089 0 +5.150359160e-02 +1.779150359e+01 +1.779150359e+01 +2.2492e+00 +2.3670e+00 +2.1249e+00 +2.2512e+00 +1.0125e+00
6169 0 +3.489451290e-02 +1.777489451e+01 +1.777489451e+01 +2.2594e+00 +2.3670e+00 +2.1249e+00 +2.2512e+00 +1.0125e+00
6289 0 +2.604422407e-02 +1.776604422e+01 +1.776604422e+01 +2.2570e+00 +2.3670e+00 +2.1249e+00 +2.2488e+00 +1.0125e+00
6449 0 +1.346978900e-02 +1.775346979e+01 +1.775346979e+01 +2.2551e+00 +2.3670e+00 +2.1297e+00 +2.2488e+00 +1.0125e+00
6537 0 +7.262571084e-03 +1.774726257e+01 +1.774726257e+01 +2.2582e+00 +2.3613e+00 +2.1294e+00 +2.2485e+00 +1.0119e+00
6577 0 +6.227398790e-03 +1.774622740e+01 +1.774622740e+01 +2.2582e+00 +2.3613e+00 +2.1294e+00 +2.2495e+00 +1.0124e+00
6579 0 +3.227266710e-03 +1.774322727e+01 +1.774322727e+01 +2.2590e+00 +2.3652e+00 +2.1291e+00 +2.2490e+00 +1.0134e+00
6847 0 +5.049579617e-04 +1.774050496e+01 +1.774050496e+01 +2.2590e+00 +2.3627e+00 +2.1296e+00 +2.2483e+00 +1.0136e+00
7099 0 +4.418118464e-04 +1.774044181e+01 +1.774044181e+01 +2.2590e+00 +2.3633e+00 +2.1291e+00 +2.2477e+00 +1.0133e+00
7139 0 +4.331125135e-04 +1.774043311e+01 +1.774043311e+01 +2.2590e+00 +2.3633e+00 +2.1291e+00 +2.2484e+00 +1.0134e+00
7287 0 +2.411157801e-04 +1.774024112e+01 +1.774024112e+01 +2.2590e+00 +2.3627e+00 +2.1296e+00 +2.2483e+00 +1.0135e+00
7291 0 +1.902467838e-04 +1.774019025e+01 +1.774019025e+01 +2.2590e+00 +2.3634e+00 +2.1293e+00 +2.2482e+00 +1.0134e+00
7481 0 +1.032357574e-04 +1.774010324e+01 +1.774010324e+01 +2.2591e+00 +2.3630e+00 +2.1294e+00 +2.2482e+00 +1.0135e+00
7569 0 +9.409593714e-05 +1.774009410e+01 +1.774009410e+01 +2.2590e+00 +2.3629e+00 +2.1296e+00 +2.2482e+00 +1.0136e+00
7603 0 +2.621313143e-05 +1.774002621e+01 +1.774002621e+01 +2.2591e+00 +2.3634e+00 +2.1295e+00 +2.2479e+00 +1.0136e+00
7889 0 +7.946624201e-06 +1.774000795e+01 +1.774000795e+01 +2.2592e+00 +2.3632e+00 +2.1296e+00 +2.2480e+00 +1.0136e+00
7943 0 +1.358576291e-06 +1.774000136e+01 +1.774000136e+01 +2.2592e+00 +2.3632e+00 +2.1296e+00 +2.2480e+00 +1.0136e+00
8543 0 +1.233235821e-06 +1.774000123e+01 +1.774000123e+01 +2.2592e+00 +2.3632e+00 +2.1296e+00 +2.2480e+00 +1.0136e+00
8643 0 +1.166272245e-06 +1.774000117e+01 +1.774000117e+01 +2.2591e+00 +2.3632e+00 +2.1296e+00 +2.2480e+00 +1.0136e+00
8665 0 +1.097887861e-06 +1.774000110e+01 +1.774000110e+01 +2.2592e+00 +2.3632e+00 +2.1296e+00 +2.2480e+00 +1.0136e+00
8683 0 +6.762467883e-07 +1.774000068e+01 +1.774000068e+01 +2.2592e+00 +2.3632e+00 +2.1296e+00 +2.2480e+00 +1.0136e+00
8703 0 +6.349684014e-07 +1.774000063e+01 +1.774000063e+01 +2.2592e+00 +2.3632e+00 +2.1296e+00 +2.2480e+00 +1.0136e+00
8851 0 +1.807492680e-07 +1.774000018e+01 +1.774000018e+01 +2.2592e+00 +2.3632e+00 +2.1296e+00 +2.2480e+00 +1.0136e+00
8955 0 +1.751195597e-07 +1.774000018e+01 +1.774000018e+01 +2.2592e+00 +2.3632e+00 +2.1296e+00 +2.2480e+00 +1.0136e+00
9017 0 +8.805156071e-08 +1.774000009e+01 +1.774000009e+01 +2.2592e+00 +2.3632e+00 +2.1296e+00 +2.2480e+00 +1.0136e+00
9057 0 +6.463915270e-08 +1.774000006e+01 +1.774000006e+01 +2.2592e+00 +2.3632e+00 +2.1296e+00 +2.2480e+00 +1.0136e+00
9387 0 +1.781985048e-08 +1.774000002e+01 +1.774000002e+01 +2.2592e+00 +2.3632e+00 +2.1296e+00 +2.2480e+00 +1.0136e+00
9547 0 +1.347595457e-08 +1.774000001e+01 +1.774000001e+01 +2.2592e+00 +2.3632e+00 +2.1296e+00 +2.2480e+00 +1.0136e+00
9779 0 +9.391580846e-09 +1.774000001e+01 +1.774000001e+01 +2.2592e+00 +2.3632e+00 +2.1296e+00 +2.2480e+00 +1.0136e+00
12977 0 +0.000000000e+00 +1.774000000e+01 +1.774000000e+01 +2.2592e+00 +2.3632e+00 +2.1296e+00 +2.2480e+00 +1.0136e+00
