% f evaluations | g evaluations | best noise-free fitness - Fopt (1.026100000000e+02) + sum g_i+ | measured fitness | best measured fitness or single-digit g-values | x1 | x2...
1 0 +1.618047725e+03 +1.720657725e+03 +1.720657725e+03
2 0 +1.616621323e+03 +1.719231323e+03 +1.719231323e+03
7 0 +1.550548730e+03 +1.653158730e+03 +1.653158730e+03
13 0 +1.451669314e+03 +1.554279314e+03 +1.554279314e+03
17 0 +1.153858211e+03 +1.256468211e+03 +1.256468211e+03
275 0 +1.125006665e+03 +1.227616665e+03 +1.227616665e+03
447 0 +1.086355017e+03 +1.188965017e+03 +1.188965017e+03
453 0 +1.046288648e+03 +1.148898648e+03 +1.148898648e+03
533 0 +1.011069802e+03 +1.113679802e+03 +1.113679802e+03
559 0 +9.127934384e+02 +1.015403438e+03 +1.015403438e+03
679 0 +8.146495440e+02 +9.172595440e+02 +9.172595440e+02
719 0 +8.090963551e+02 +9.117063551e+02 +9.117063551e+02
959 0 +7.898221582e+02 +8.924321582e+02 +8.924321582e+02
1219 0 +7.554144839e+02 +8.580244839e+02 +8.580244839e+02
1535 0 +7.129250099e+02 +8.155350099e+02 +8.155350099e+02
1859 0 +7.047612523e+02 +8.073712523e+02 +8.073712523e+02
2237 0 +6.592030720e+02 +7.618130720e+02 +7.618130720e+02
2243 0 +6.201267932e+02 +7.227367932e+02 +7.227367932e+02
2281 0 +6.063730007e+02 +7.089830007e+02 +7.089830007e+02
2931 0 +5.876876512e+02 +6.902976512e+02 +6.902976512e+02
3155 0 +5.658942135e+02 +6.685042135e+02 +6.685042135e+02
3547 0 +5.187328086e+02 +6.213428086e+02 +6.213428086e+02
% f evaluations | g evaluations | best noise-free fitness - Fopt (9.330000000000e+01) + sum g_i+ | measured fitness | best measured fitness or single-digit g-values | x1 | x2...
1 0 +1.664004475e+03 +1.757304475e+03 +1.757304475e+03
5 0 +1.536669754e+03 +1.629969754e+03 +1.629969754e+03
11 0 +1.510186763e+03 +1.603486763e+03 +1.603486763e+03
18 0 +1.356950588e+03 +1.450250588e+03 +1.450250588e+03
249 0 +1.307787723e+03 +1.401087723e+03 +1.401087723e+03
255 0 +1.171124715e+03 +1.264424715e+03 +1.264424715e+03
325 0 +1.108551720e+03 +1.201851720e+03 +1.201851720e+03
405 0 +1.076339348e+03 +1.169639348e+03 +1.169639348e+03
485 0 +1.020383535e+03 +1.113683535e+03 +1.113683535e+03
649 0 +9.394958102e+02 +1.032795810e+03 +1.032795810e+03
769 0 +9.046755334e+02 +9.979755334e+02 +9.979755334e+02
959 0 +8.527936795e+02 +9.460936795e+02 +9.460936795e+02
1009 0 +8.426468681e+02 +9.359468681e+02 +9.359468681e+02
1031 0 +8.046083851e+02 +8.979083851e+02 +8.979083851e+02
1089 0 +7.619718371e+02 +8.552718371e+02 +8.552718371e+02
1249 0 +7.458148346e+02 +8.391148346e+02 +8.391148346e+02
1413 0 +6.219517853e+02 +7.152517853e+02 +7.152517853e+02
1693 0 +6.036195560e+02 +6.969195560e+02 +6.969195560e+02
2819 0 +6.009265104e+02 +6.942265104e+02 +6.942265104e+02
2859 0 +5.579959429e+02 +6.512959429e+02 +6.512959429e+02
2943 0 +5.183416541e+02 +6.116416541e+02 +6.116416541e+02
3149 0 +4.886389716e+02 +5.819389716e+02 +5.819389716e+02
% f evaluations | g evaluations | best noise-free fitness - Fopt (1.364000000000e+01) + sum g_i+ | measured fitness | best measured fitness or single-digit g-values | x1 | x2...
1 0 +1.259405045e+03 +1.273045045e+03 +1.273045045e+03
61 0 +1.202423235e+03 +1.216063235e+03 +1.216063235e+03
215 0 +1.047235325e+03 +1.060875325e+03 +1.060875325e+03
375 0 +1.025535645e+03 +1.039175645e+03 +1.039175645e+03
563 0 +9.541286399e+02 +9.677686399e+02 +9.677686399e+02
723 0 +9.290069888e+02 +9.426469888e+02 +9.426469888e+02
933 0 +8.806661718e+02 +8.943061718e+02 +8.943061718e+02
949 0 +8.602244858e+02 +8.738644858e+02 +8.738644858e+02
1053 0 +7.931307999e+02 +8.067707999e+02 +8.067707999e+02
1401 0 +7.321529277e+02 +7.457929277e+02 +7.457929277e+02
1787 0 +7.036730036e+02 +7.173130036e+02 +7.173130036e+02
1859 0 +6.885118652e+02 +7.021518652e+02 +7.021518652e+02
1923 0 +6.703079418e+02 +6.839479418e+02 +6.839479418e+02
2035 0 +6.250086705e+02 +6.386486705e+02 +6.386486705e+02
2303 0 +6.058912305e+02 +6.195312305e+02 +6.195312305e+02
2871 0 +5.530935961e+02 +5.667335961e+02 +5.667335961e+02
3033 0 +5.440938917e+02 +5.577338917e+02 +5.577338917e+02
3365 0 +5.297625656e+02 +5.434025656e+02 +5.434025656e+02
3935 0 +5.203301065e+02 +5.339701065e+02 +5.339701065e+02
% f evaluations | g evaluations | best noise-free fitness - Fopt (1.948000000000e+02) + sum g_i+ | measured fitness | best measured fitness or single-digit g-values | x1 | x2...
1 0 +1.660777702e+03 +1.855577702e+03 +1.855577702e+03
3 0 +1.488048980e+03 +1.682848980e+03 +1.682848980e+03
12 0 +1.228776418e+03 +1.423576418e+03 +1.423576418e+03
305 0 +1.191714763e+03 +1.386514763e+03 +1.386514763e+03
385 0 +1.148550494e+03 +1.343350494e+03 +1.343350494e+03
447 0 +1.114911012e+03 +1.309711012e+03 +1.309711012e+03
519 0 +1.070105562e+03 +1.264905562e+03 +1.264905562e+03
529 0 +1.042762230e+03 +1.237562230e+03 +1.237562230e+03
581 0 +9.367733565e+02 +1.131573356e+03 +1.131573356e+03
899 0 +9.030320512e+02 +1.097832051e+03 +1.097832051e+03
901 0 +8.898859118e+02 +1.084685912e+03 +1.084685912e+03
1099 0 +8.630751184e+02 +1.057875118e+03 +1.057875118e+03
1497 0 +8.446093112e+02 +1.039409311e+03 +1.039409311e+03
1599 0 +8.272742775e+02 +1.022074278e+03 +1.022074278e+03
1621 0 +7.971642188e+02 +9.919642188e+02 +9.919642188e+02
1711 0 +7.283939959e+02 +9.231939959e+02 +9.231939959e+02
1833 0 +7.154638160e+02 +9.102638160e+02 +9.102638160e+02
2009 0 +6.802148389e+02 +8.750148389e+02 +8.750148389e+02
2169 0 +6.318214979e+02 +8.266214979e+02 +8.266214979e+02
2729 0 +6.156933380e+02 +8.104933380e+02 +8.104933380e+02
3037 0 +5.946231694e+02 +7.894231694e+02 +7.894231694e+02
3459 0 +5.656642579e+02 +7.604642579e+02 +7.604642579e+02
% f evaluations | g evaluations | best noise-free fitness - Fopt (-1.335900000000e+02) + sum g_i+ | measured fitness | best measured fitness or single-digit g-values | x1 | x2...
1 0 +1.525793051e+03 +1.392203051e+03 +1.392203051e+03
11 0 +1.515232484e+03 +1.381642484e+03 +1.381642484e+03
41 0 +1.379076968e+03 +1.245486968e+03 +1.245486968e+03
141 0 +1.287815598e+03 +1.154225598e+03 +1.154225598e+03
301 0 +1.192201959e+03 +1.058611959e+03 +1.058611959e+03
545 0 +9.955123048e+02 +8.619223048e+02 +8.619223048e+02
887 0 +8.252284734e+02 +6.916384734e+02 +6.916384734e+02
1491 0 +7.471797950e+02 +6.135897950e+02 +6.135897950e+02
2007 0 +6.749629913e+02 +5.413729913e+02 +5.413729913e+02
2187 0 +6.502123116e+02 +5.166223116e+02 +5.166223116e+02
2207 0 +6.223695605e+02 +4.887795605e+02 +4.887795605e+02
2439 0 +6.036575679e+02 +4.700675679e+02 +4.700675679e+02
2695 0 +5.408350960e+02 +4.072450960e+02 +4.072450960e+02
3175 0 +5.239059401e+02 +3.903159401e+02 +3.903159401e+02
3753 0 +5.007175591e+02 +3.671275591e+02 +3.671275591e+02
% f evaluations | g evaluations | best noise-free fitness - Fopt (1.741400000000e+02) + sum g_i+ | measured fitness | best measured fitness or single-digit g-values | x1 | x2...
1 0 +1.656691380e+03 +1.830831380e+03 +1.830831380e+03
2 0 +1.546258982e+03 +1.720398982e+03 +1.720398982e+03
3 0 +1.328854555e+03 +1.502994555e+03 +1.502994555e+03
107 0 +1.302497699e+03 +1.476637699e+03 +1.476637699e+03
237 0 +1.254334939e+03 +1.428474939e+03 +1.428474939e+03
289 0 +1.165653350e+03 +1.339793350e+03 +1.339793350e+03
437 0 +1.122174886e+03 +1.296314886e+03 +1.296314886e+03
483 0 +1.119014550e+03 +1.293154550e+03 +1.293154550e+03
647 0 +8.892282928e+02 +1.063368293e+03 +1.063368293e+03
1053 0 +8.018037417e+02 +9.759437417e+02 +9.759437417e+02
1137 0 +7.813612373e+02 +9.555012373e+02 +9.555012373e+02
1177 0 +7.472246220e+02 +9.213646220e+02 +9.213646220e+02
1337 0 +7.010960658e+02 +8.752360658e+02 +8.752360658e+02
1657 0 +6.121113825e+02 +7.862513825e+02 +7.862513825e+02
2289 0 +5.705655398e+02 +7.447055398e+02 +7.447055398e+02
2981 0 +5.453236678e+02 +7.194636678e+02 +7.194636678e+02
3021 0 +5.353117661e+02 +7.094517661e+02 +7.094517661e+02
3555 0 +5.187701454e+02 +6.929101454e+02 +6.929101454e+02
3911 0 +4.662472791e+02 +6.403872791e+02 +6.403872791e+02
% f evaluations | g evaluations | best noise-free fitness - Fopt (1.496600000000e+02) + sum g_i+ | measured fitness | best measured fitness or single-digit g-values | x1 | x2...
1 0 +1.702621003e+03 +1.852281003e+03 +1.852281003e+03
2 0 +1.700715439e+03 +1.850375439e+03 +1.850375439e+03
3 0 +1.620632915e+03 +1.770292915e+03 +1.770292915e+03
9 0 +1.524061362e+03 +1.673721362e+03 +1.673721362e+03
12 0 +1.471746616e+03 +1.621406616e+03 +1.621406616e+03
123 0 +1.403234027e+03 +1.552894027e+03 +1.552894027e+03
127 0 +1.368609082e+03 +1.518269082e+03 +1.518269082e+03
135 0 +1.297183241e+03 +1.446843241e+03 +1.446843241e+03
215 0 +1.218041224e+03 +1.367701224e+03 +1.367701224e+03
649 0 +1.165189820e+03 +1.314849820e+03 +1.314849820e+03
729 0 +1.138278268e+03 +1.287938268e+03 +1.287938268e+03
743 0 +1.046124501e+03 +1.195784501e+03 +1.195784501e+03
1069 0 +9.710762042e+02 +1.120736204e+03 +1.120736204e+03
1143 0 +8.244796956e+02 +9.741396956e+02 +9.741396956e+02
1743 0 +8.096106650e+02 +9.592706650e+02 +9.592706650e+02
1877 0 +7.518460927e+02 +9.015060927e+02 +9.015060927e+02
2701 0 +7.137194734e+02 +8.633794734e+02 +8.633794734e+02
2931 0 +6.961109996e+02 +8.457709996e+02 +8.457709996e+02
3207 0 +6.758565150e+02 +8.255165150e+02 +8.255165150e+02
3327 0 +6.561399614e+02 +8.057999614e+02 +8.057999614e+02
3383 0 +5.991632395e+02 +7.488232395e+02 +7.488232395e+02
3963 0 +5.802734758e+02 +7.299334758e+02 +7.299334758e+02
% f evaluations | g evaluations | best noise-free fitness - Fopt (-4.425600000000e+02) + sum g_i+ | measured fitness | best measured fitness or single-digit g-values | x1 | x2...
1 0 +1.793147109e+03 +1.350587109e+03 +1.350587109e+03
2 0 +1.536182397e+03 +1.093622397e+03 +1.093622397e+03
7 0 +1.405557194e+03 +9.629971938e+02 +9.629971938e+02
77 0 +1.279986756e+03 +8.374267555e+02 +8.374267555e+02
139 0 +1.201333963e+03 +7.587739627e+02 +7.587739627e+02
251 0 +1.138872742e+03 +6.963127424e+02 +6.963127424e+02
291 0 +1.053652286e+03 +6.110922863e+02 +6.110922863e+02
535 0 +9.528799342e+02 +5.103199342e+02 +5.103199342e+02
701 0 +8.858211577e+02 +4.432611577e+02 +4.432611577e+02
1037 0 +8.497504855e+02 +4.071904855e+02 +4.071904855e+02
1163 0 +8.019285898e+02 +3.593685898e+02 +3.593685898e+02
1243 0 +7.836887067e+02 +3.411287067e+02 +3.411287067e+02
1481 0 +7.338775842e+02 +2.913175842e+02 +2.913175842e+02
1721 0 +6.959302818e+02 +2.533702818e+02 +2.533702818e+02
1733 0 +6.710579408e+02 +2.284979408e+02 +2.284979408e+02
1881 0 +6.288136808e+02 +1.862536808e+02 +1.862536808e+02
2375 0 +5.916635082e+02 +1.491035082e+02 +1.491035082e+02
3139 0 +5.801828698e+02 +1.376228698e+02 +1.376228698e+02
3165 0 +5.496962300e+02 +1.071362300e+02 +1.071362300e+02
3205 0 +5.494202055e+02 +1.068602055e+02 +1.068602055e+02
3211 0 +5.273877622e+02 +8.482776219e+01 +8.482776219e+01
3695 0 +5.212941660e+02 +7.873416596e+01 +7.873416596e+01
3797 0 +5.093629922e+02 +6.680299221e+01 +6.680299221e+01
% f evaluations | g evaluations | best noise-free fitness - Fopt (1.583000000000e+01) + sum g_i+ | measured fitness | best measured fitness or single-digit g-values | x1 | x2...
1 0 +1.935508516e+03 +1.951338516e+03 +1.951338516e+03
3 0 +1.886544934e+03 +1.902374934e+03 +1.902374934e+03
4 0 +1.755446215e+03 +1.771276215e+03 +1.771276215e+03
6 0 +1.490167419e+03 +1.505997419e+03 +1.505997419e+03
27 0 +1.429703083e+03 +1.445533083e+03 +1.445533083e+03
131 0 +1.349140921e+03 +1.364970921e+03 +1.364970921e+03
233 0 +1.345880472e+03 +1.361710472e+03 +1.361710472e+03
487 0 +1.280547410e+03 +1.296377410e+03 +1.296377410e+03
551 0 +1.246354361e+03 +1.262184361e+03 +1.262184361e+03
591 0 +1.210153142e+03 +1.225983142e+03 +1.225983142e+03
619 0 +1.128336854e+03 +1.144166854e+03 +1.144166854e+03
715 0 +1.109250013e+03 +1.125080013e+03 +1.125080013e+03
829 0 +1.041194819e+03 +1.057024819e+03 +1.057024819e+03
873 0 +1.008583050e+03 +1.024413050e+03 +1.024413050e+03
919 0 +9.100370605e+02 +9.258670605e+02 +9.258670605e+02
1059 0 +8.251882177e+02 +8.410182177e+02 +8.410182177e+02
1609 0 +7.330466143e+02 +7.488766143e+02 +7.488766143e+02
1933 0 +7.165233730e+02 +7.323533730e+02 +7.323533730e+02
1973 0 +6.612578704e+02 +6.770878704e+02 +6.770878704e+02
2851 0 +6.122504415e+02 +6.280804415e+02 +6.280804415e+02
2917 0 +5.636703745e+02 +5.795003745e+02 +5.795003745e+02
2957 0 +5.506336842e+02 +5.664636842e+02 +5.664636842e+02
% f evaluations | g evaluations | best noise-free fitness - Fopt (-9.371200000000e+02) + sum g_i+ | measured fitness | best measured fitness or single-digit g-values | x1 | x2...
1 0 +1.625663863e+03 +6.885438625e+02 +6.885438625e+02
2 0 +1.580423760e+03 +6.433037605e+02 +6.433037605e+02
7 0 +1.461561820e+03 +5.244418205e+02 +5.244418205e+02
16 0 +1.338604413e+03 +4.014844132e+02 +4.014844132e+02
51 0 +1.307733888e+03 +3.706138884e+02 +3.706138884e+02
153 0 +1.275626753e+03 +3.385067533e+02 +3.385067533e+02
171 0 +1.234007826e+03 +2.968878258e+02 +2.968878258e+02
273 0 +1.204970386e+03 +2.678503859e+02 +2.678503859e+02
397 0 +1.194663972e+03 +2.575439719e+02 +2.575439719e+02
401 0 +1.056370594e+03 +1.192505944e+02 +1.192505944e+02
437 0 +9.427951609e+02 +5.675160869e+00 +5.675160869e+00
907 0 +8.785526016e+02 -5.856739841e+01 -5.856739841e+01
1165 0 +8.347080029e+02 -1.024119971e+02 -1.024119971e+02
1247 0 +8.220124681e+02 -1.151075319e+02 -1.151075319e+02
1591 0 +7.979589948e+02 -1.391610052e+02 -1.391610052e+02
1699 0 +7.935277350e+02 -1.435922650e+02 -1.435922650e+02
1725 0 +7.673123163e+02 -1.698076837e+02 -1.698076837e+02
1819 0 +7.548157595e+02 -1.823042405e+02 -1.823042405e+02
1899 0 +6.857748389e+02 -2.513451611e+02 -2.513451611e+02
2019 0 +6.557334420e+02 -2.813865580e+02 -2.813865580e+02
2587 0 +6.179632485e+02 -3.191567515e+02 -3.191567515e+02
2627 0 +6.100953050e+02 -3.270246950e+02 -3.270246950e+02
2699 0 +5.930691681e+02 -3.440508319e+02 -3.440508319e+02
2907 0 +5.498800977e+02 -3.872399023e+02 -3.872399023e+02
3373 0 +5.407456407e+02 -3.963743593e+02 -3.963743593e+02
% f evaluations | g evaluations | best noise-free fitness - Fopt (-1.553000000000e+01) + sum g_i+ | measured fitness | best measured fitness or single-digit g-values | x1 | x2...
1 0 +1.900226155e+03 +1.884696155e+03 +1.884696155e+03
3 0 +1.648988732e+03 +1.633458732e+03 +1.633458732e+03
5 0 +1.494935744e+03 +1.479405744e+03 +1.479405744e+03
49 0 +1.388211637e+03 +1.372681637e+03 +1.372681637e+03
85 0 +1.265654946e+03 +1.250124946e+03 +1.250124946e+03
125 0 +1.245691730e+03 +1.230161730e+03 +1.230161730e+03
127 0 +1.212503732e+03 +1.196973732e+03 +1.196973732e+03
149 0 +1.170189689e+03 +1.154659689e+03 +1.154659689e+03
235 0 +1.137046804e+03 +1.121516804e+03 +1.121516804e+03
315 0 +1.059457552e+03 +1.043927552e+03 +1.043927552e+03
327 0 +1.044895386e+03 +1.029365386e+03 +1.029365386e+03
439 0 +1.004851867e+03 +9.893218668e+02 +9.893218668e+02
447 0 +9.918270722e+02 +9.762970722e+02 +9.762970722e+02
489 0 +9.070759156e+02 +8.915459156e+02 +8.915459156e+02
715 0 +8.825124544e+02 +8.669824544e+02 +8.669824544e+02
869 0 +8.633030657e+02 +8.477730657e+02 +8.477730657e+02
1035 0 +8.247564718e+02 +8.092264718e+02 +8.092264718e+02
1049 0 +7.619210167e+02 +7.463910167e+02 +7.463910167e+02
1125 0 +7.065497065e+02 +6.910197065e+02 +6.910197065e+02
1449 0 +6.817610674e+02 +6.662310674e+02 +6.662310674e+02
1861 0 +6.582434719e+02 +6.427134719e+02 +6.427134719e+02
2115 0 +5.758064304e+02 +5.602764304e+02 +5.602764304e+02
2633 0 +5.754277180e+02 +5.598977180e+02 +5.598977180e+02
3087 0 +5.515536792e+02 +5.360236792e+02 +5.360236792e+02
3785 0 +5.442848714e+02 +5.287548714e+02 +5.287548714e+02
3845 0 +5.289456506e+02 +5.134156506e+02 +5.134156506e+02
3961 0 +5.097575048e+02 +4.942275048e+02 +4.942275048e+02
% f evaluations | g evaluations | best noise-free fitness - Fopt (1.568800000000e+02) + sum g_i+ | measured fitness | best measured fitness or single-digit g-values | x1 | x2...
1 0 +2.080957154e+03 +2.237837154e+03 +2.237837154e+03
2 0 +1.566186334e+03 +1.723066334e+03 +1.723066334e+03
6 0 +1.463040332e+03 +1.619920332e+03 +1.619920332e+03
31 0 +1.428770228e+03 +1.585650228e+03 +1.585650228e+03
63 0 +1.409430820e+03 +1.566310820e+03 +1.566310820e+03
333 0 +1.321643704e+03 +1.478523704e+03 +1.478523704e+03
335 0 +1.242261744e+03 +1.399141744e+03 +1.399141744e+03
667 0 +1.108593896e+03 +1.265473896e+03 +1.265473896e+03
795 0 +1.096176236e+03 +1.253056236e+03 +1.253056236e+03
965 0 +1.046372714e+03 +1.203252714e+03 +1.203252714e+03
1195 0 +1.016642972e+03 +1.173522972e+03 +1.173522972e+03
1213 0 +9.338844648e+02 +1.090764465e+03 +1.090764465e+03
1395 0 +8.228740479e+02 +9.797540479e+02 +9.797540479e+02
2549 0 +7.210936038e+02 +8.779736038e+02 +8.779736038e+02
3669 0 +7.048011197e+02 +8.616811197e+02 +8.616811197e+02
% f evaluations | g evaluations | best noise-free fitness - Fopt (-5.710000000000e+00) + sum g_i+ | measured fitness | best measured fitness or single-digit g-values | x1 | x2...
1 0 +1.626145781e+03 +1.620435781e+03 +1.620435781e+03
6 0 +1.324688174e+03 +1.318978174e+03 +1.318978174e+03
71 0 +1.138267774e+03 +1.132557774e+03 +1.132557774e+03
295 0 +1.088677569e+03 +1.082967569e+03 +1.082967569e+03
299 0 +1.020571916e+03 +1.014861916e+03 +1.014861916e+03
733 0 +9.198707844e+02 +9.141607844e+02 +9.141607844e+02
893 0 +8.237571848e+02 +8.180471848e+02 +8.180471848e+02
1173 0 +7.725099378e+02 +7.667999378e+02 +7.667999378e+02
1181 0 +6.839851094e+02 +6.782751094e+02 +6.782751094e+02
1461 0 +6.740813121e+02 +6.683713121e+02 +6.683713121e+02
1523 0 +6.437181093e+02 +6.380081093e+02 +6.380081093e+02
2273 0 +6.004729905e+02 +5.947629905e+02 +5.947629905e+02
3077 0 +5.810486051e+02 +5.753386051e+02 +5.753386051e+02
3175 0 +5.725845881e+02 +5.668745881e+02 +5.668745881e+02
3275 0 +5.572798801e+02 +5.515698801e+02 +5.515698801e+02
3829 0 +5.393812400e+02 +5.336712400e+02 +5.336712400e+02
% f evaluations | g evaluations | best noise-free fitness - Fopt (2.413000000000e+01) + sum g_i+ | measured fitness | best measured fitness or single-digit g-values | x1 | x2...
1 0 +1.843877146e+03 +1.868007146e+03 +1.868007146e+03
2 0 +1.751723783e+03 +1.775853783e+03 +1.775853783e+03
4 0 +1.642597928e+03 +1.666727928e+03 +1.666727928e+03
6 0 +1.300989324e+03 +1.325119324e+03 +1.325119324e+03
31 0 +1.193682151e+03 +1.217812151e+03 +1.217812151e+03
353 0 +1.106370704e+03 +1.130500704e+03 +1.130500704e+03
673 0 +1.051130848e+03 +1.075260848e+03 +1.075260848e+03
775 0 +1.046288874e+03 +1.070418874e+03 +1.070418874e+03
783 0 +8.870122535e+02 +9.111422535e+02 +9.111422535e+02
1477 0 +7.966062068e+02 +8.207362068e+02 +8.207362068e+02
1963 0 +7.901283557e+02 +8.142583557e+02 +8.142583557e+02
1993 0 +7.654028351e+02 +7.895328351e+02 +7.895328351e+02
2289 0 +7.151121049e+02 +7.392421049e+02 +7.392421049e+02
2315 0 +6.662381186e+02 +6.903681186e+02 +6.903681186e+02
2519 0 +6.193045819e+02 +6.434345819e+02 +6.434345819e+02
3427 0 +6.036577556e+02 +6.277877556e+02 +6.277877556e+02
3735 0 +6.001228328e+02 +6.242528328e+02 +6.242528328e+02
% f evaluations | g evaluations | best noise-free fitness - Fopt (-5.837000000000e+02) + sum g_i+ | measured fitness | best measured fitness or single-digit g-values | x1 | x2...
1 0 +1.846515523e+03 +1.262815523e+03 +1.262815523e+03
4 0 +1.582672547e+03 +9.989725474e+02 +9.989725474e+02
9 0 +1.429386612e+03 +8.456866121e+02 +8.456866121e+02
11 0 +1.321752298e+03 +7.380522975e+02 +7.380522975e+02
229 0 +1.277980719e+03 +6.942807192e+02 +6.942807192e+02
277 0 +1.216600939e+03 +6.329009390e+02 +6.329009390e+02
441 0 +1.197665878e+03 +6.139658783e+02 +6.139658783e+02
627 0 +1.012199905e+03 +4.284999049e+02 +4.284999049e+02
709 0 +9.797371833e+02 +3.960371833e+02 +3.960371833e+02
929 0 +9.755923686e+02 +3.918923686e+02 +3.918923686e+02
965 0 +9.390640999e+02 +3.553640999e+02 +3.553640999e+02
1075 0 +9.026041262e+02 +3.189041262e+02 +3.189041262e+02
1141 0 +8.386695991e+02 +2.549695991e+02 +2.549695991e+02
1327 0 +8.082730558e+02 +2.245730558e+02 +2.245730558e+02
1459 0 +7.724646055e+02 +1.887646055e+02 +1.887646055e+02
1543 0 +7.526473394e+02 +1.689473394e+02 +1.689473394e+02
1797 0 +6.854164632e+02 +1.017164632e+02 +1.017164632e+02
1837 0 +6.415784264e+02 +5.787842637e+01 +5.787842637e+01
1995 0 +6.139785882e+02 +3.027858823e+01 +3.027858823e+01
2185 0 +5.923710757e+02 +8.671075698e+00 +8.671075698e+00
3105 0 +5.837459721e+02 +4.597211140e-02 +4.597211140e-02
3175 0 +5.649688924e+02 -1.873110763e+01 -1.873110763e+01
3275 0 +5.017061850e+02 -8.199381502e+01 -8.199381502e+01
