% f evaluations | g evaluations | best noise-free fitness - Fopt (1.026100000000e+02) + sum g_i+ | measured fitness | best measured fitness or single-digit g-values | x1 | x2...
1 0 +5.058364135e+03 +5.160974135e+03 +5.160974135e+03
2 0 +1.067069751e+03 +1.169679751e+03 +1.169679751e+03
6 0 +1.035534901e+03 +1.138144901e+03 +1.138144901e+03
10 0 +9.848535437e+02 +1.087463544e+03 +1.087463544e+03
79 0 +9.341050549e+02 +1.036715055e+03 +1.036715055e+03
85 0 +9.290661438e+02 +1.031676144e+03 +1.031676144e+03
101 0 +7.540053623e+02 +8.566153623e+02 +8.566153623e+02
164 0 +6.448003224e+02 +7.474103224e+02 +7.474103224e+02
254 0 +5.785822989e+02 +6.811922989e+02 +6.811922989e+02
322 0 +5.224751232e+02 +6.250851232e+02 +6.250851232e+02
401 0 +4.267670977e+02 +5.293770977e+02 +5.293770977e+02
598 0 +4.248072963e+02 +5.274172963e+02 +5.274172963e+02
882 0 +3.747230277e+02 +4.773330277e+02 +4.773330277e+02
2365 0 +3.633192607e+02 +4.659292607e+02 +4.659292607e+02
2396 0 +3.526963514e+02 +4.553063514e+02 +4.553063514e+02
3004 0 +3.272221588e+02 +4.298321588e+02 +4.298321588e+02
4512 0 +3.221049058e+02 +4.247149058e+02 +4.247149058e+02
14781 0 +3.157673764e+02 +4.183773764e+02 +4.183773764e+02
15150 0 +2.754769962e+02 +3.780869962e+02 +3.780869962e+02
15167 0 +2.564412890e+02 +3.590512890e+02 +3.590512890e+02
15278 0 +2.414019244e+02 +3.440119244e+02 +3.440119244e+02
15388 0 +2.375470358e+02 +3.401570358e+02 +3.401570358e+02
15504 0 +2.263945387e+02 +3.290045387e+02 +3.290045387e+02
15605 0 +2.179965734e+02 +3.206065734e+02 +3.206065734e+02
15640 0 +2.114465209e+02 +3.140565209e+02 +3.140565209e+02
15679 0 +2.075414154e+02 +3.101514154e+02 +3.101514154e+02
15691 0 +2.017130021e+02 +3.043230021e+02 +3.043230021e+02
15712 0 +1.925362288e+02 +2.951462288e+02 +2.951462288e+02
15739 0 +1.866302430e+02 +2.892402430e+02 +2.892402430e+02
15753 0 +1.841885937e+02 +2.867985937e+02 +2.867985937e+02
15771 0 +1.732629036e+02 +2.758729036e+02 +2.758729036e+02
15857 0 +1.694935140e+02 +2.721035140e+02 +2.721035140e+02
15938 0 +1.652023365e+02 +2.678123365e+02 +2.678123365e+02
15977 0 +1.616596217e+02 +2.642696217e+02 +2.642696217e+02
15979 0 +1.584668822e+02 +2.610768822e+02 +2.610768822e+02
16116 0 +1.537320341e+02 +2.563420341e+02 +2.563420341e+02
16140 0 +1.496486309e+02 +2.522586309e+02 +2.522586309e+02
16211 0 +1.474595736e+02 +2.500695736e+02 +2.500695736e+02
16278 0 +1.440471106e+02 +2.466571106e+02 +2.466571106e+02
16391 0 +1.400909606e+02 +2.427009606e+02 +2.427009606e+02
16648 0 +1.378244004e+02 +2.404344004e+02 +2.404344004e+02
16694 0 +1.335457438e+02 +2.361557438e+02 +2.361557438e+02
16744 0 +1.316636715e+02 +2.342736715e+02 +2.342736715e+02
16859 0 +1.282457687e+02 +2.308557687e+02 +2.308557687e+02
16893 0 +1.248015642e+02 +2.274115642e+02 +2.274115642e+02
16966 0 +1.213957849e+02 +2.240057849e+02 +2.240057849e+02
17023 0 +1.193862861e+02 +2.219962861e+02 +2.219962861e+02
17067 0 +1.173625400e+02 +2.199725400e+02 +2.199725400e+02
17192 0 +1.137265167e+02 +2.163365167e+02 +2.163365167e+02
17251 0 +1.111343872e+02 +2.137443872e+02 +2.137443872e+02
17276 0 +1.091565617e+02 +2.117665617e+02 +2.117665617e+02
17319 0 +1.069299226e+02 +2.095399226e+02 +2.095399226e+02
17449 0 +1.036592920e+02 +2.062692920e+02 +2.062692920e+02
17543 0 +1.022469116e+02 +2.048569116e+02 +2.048569116e+02
17631 0 +9.898314703e+01 +2.015931470e+02 +2.015931470e+02
17806 0 +9.712072129e+01 +1.997307213e+02 +1.997307213e+02
17911 0 +9.494158409e+01 +1.975515841e+02 +1.975515841e+02
18121 0 +9.312766440e+01 +1.957376644e+02 +1.957376644e+02
18272 0 +9.103940598e+01 +1.936494060e+02 +1.936494060e+02
18651 0 +8.897093848e+01 +1.915809385e+02 +1.915809385e+02
19535 0 +8.703622144e+01 +1.896462214e+02 +1.896462214e+02
% f evaluations | g evaluations | best noise-free fitness - Fopt (9.330000000000e+01) + sum g_i+ | measured fitness | best measured fitness or single-digit g-values | x1 | x2...
1 0 +1.118124880e+03 +1.211424880e+03 +1.211424880e+03
3 0 +1.117307119e+03 +1.210607119e+03 +1.210607119e+03
4 0 +1.092153859e+03 +1.185453859e+03 +1.185453859e+03
7 0 +9.140606035e+02 +1.007360603e+03 +1.007360603e+03
8 0 +8.661813556e+02 +9.594813556e+02 +9.594813556e+02
11 0 +8.002488150e+02 +8.935488150e+02 +8.935488150e+02
144 0 +7.775028810e+02 +8.708028810e+02 +8.708028810e+02
155 0 +6.965343710e+02 +7.898343710e+02 +7.898343710e+02
210 0 +6.710765883e+02 +7.643765883e+02 +7.643765883e+02
305 0 +5.920365222e+02 +6.853365222e+02 +6.853365222e+02
334 0 +5.256321689e+02 +6.189321689e+02 +6.189321689e+02
526 0 +5.199157299e+02 +6.132157299e+02 +6.132157299e+02
544 0 +5.031708613e+02 +5.964708613e+02 +5.964708613e+02
560 0 +4.721587308e+02 +5.654587308e+02 +5.654587308e+02
827 0 +4.175350079e+02 +5.108350079e+02 +5.108350079e+02
999 0 +3.877710560e+02 +4.810710560e+02 +4.810710560e+02
1863 0 +3.793412857e+02 +4.726412857e+02 +4.726412857e+02
3305 0 +3.424901070e+02 +4.357901070e+02 +4.357901070e+02
16321 0 +3.316508843e+02 +4.249508843e+02 +4.249508843e+02
27491 0 +3.270099292e+02 +4.203099292e+02 +4.203099292e+02
% f evaluations | g evaluations | best noise-free fitness - Fopt (1.364000000000e+01) + sum g_i+ | measured fitness | best measured fitness or single-digit g-values | x1 | x2...
1 0 +1.088110025e+03 +1.101750025e+03 +1.101750025e+03
3 0 +9.927210190e+02 +1.006361019e+03 +1.006361019e+03
25 0 +9.058161910e+02 +9.194561910e+02 +9.194561910e+02
66 0 +8.520287931e+02 +8.656687931e+02 +8.656687931e+02
129 0 +7.833758661e+02 +7.970158661e+02 +7.970158661e+02
131 0 +7.673890923e+02 +7.810290923e+02 +7.810290923e+02
140 0 +6.999949226e+02 +7.136349226e+02 +7.136349226e+02
194 0 +6.604617814e+02 +6.741017814e+02 +6.741017814e+02
220 0 +6.379085597e+02 +6.515485597e+02 +6.515485597e+02
225 0 +5.996641109e+02 +6.133041109e+02 +6.133041109e+02
362 0 +5.834915388e+02 +5.971315388e+02 +5.971315388e+02
424 0 +5.625876561e+02 +5.762276561e+02 +5.762276561e+02
453 0 +5.470966200e+02 +5.607366200e+02 +5.607366200e+02
549 0 +4.762344948e+02 +4.898744948e+02 +4.898744948e+02
654 0 +4.567122360e+02 +4.703522360e+02 +4.703522360e+02
705 0 +4.328181998e+02 +4.464581998e+02 +4.464581998e+02
728 0 +4.252707524e+02 +4.389107524e+02 +4.389107524e+02
1095 0 +4.103681007e+02 +4.240081007e+02 +4.240081007e+02
1200 0 +4.058072560e+02 +4.194472560e+02 +4.194472560e+02
2681 0 +3.821489812e+02 +3.957889812e+02 +3.957889812e+02
3201 0 +3.661521578e+02 +3.797921578e+02 +3.797921578e+02
5271 0 +3.576185851e+02 +3.712585851e+02 +3.712585851e+02
16035 0 +3.410321878e+02 +3.546721878e+02 +3.546721878e+02
19828 0 +3.245520600e+02 +3.381920600e+02 +3.381920600e+02
34179 0 +2.877930279e+02 +3.014330279e+02 +3.014330279e+02
34527 0 +2.786790126e+02 +2.923190126e+02 +2.923190126e+02
34594 0 +2.606485335e+02 +2.742885335e+02 +2.742885335e+02
34622 0 +2.363594341e+02 +2.499994341e+02 +2.499994341e+02
34847 0 +2.323902357e+02 +2.460302357e+02 +2.460302357e+02
34861 0 +2.219035746e+02 +2.355435746e+02 +2.355435746e+02
34946 0 +2.101600674e+02 +2.238000674e+02 +2.238000674e+02
34992 0 +1.971137242e+02 +2.107537242e+02 +2.107537242e+02
35159 0 +1.936016188e+02 +2.072416188e+02 +2.072416188e+02
35199 0 +1.901966023e+02 +2.038366023e+02 +2.038366023e+02
35318 0 +1.733559839e+02 +1.869959839e+02 +1.869959839e+02
35558 0 +1.669897145e+02 +1.806297145e+02 +1.806297145e+02
35629 0 +1.630301631e+02 +1.766701631e+02 +1.766701631e+02
35667 0 +1.580614830e+02 +1.717014830e+02 +1.717014830e+02
35768 0 +1.480277408e+02 +1.616677408e+02 +1.616677408e+02
35823 0 +1.383587264e+02 +1.519987264e+02 +1.519987264e+02
36039 0 +1.307485283e+02 +1.443885283e+02 +1.443885283e+02
36124 0 +1.287509216e+02 +1.423909216e+02 +1.423909216e+02
36346 0 +1.258057176e+02 +1.394457176e+02 +1.394457176e+02
36481 0 +1.206036315e+02 +1.342436315e+02 +1.342436315e+02
36650 0 +1.198107365e+02 +1.334507365e+02 +1.334507365e+02
36836 0 +1.170110026e+02 +1.306510026e+02 +1.306510026e+02
36982 0 +1.144872463e+02 +1.281272463e+02 +1.281272463e+02
37235 0 +1.114282862e+02 +1.250682862e+02 +1.250682862e+02
37834 0 +1.096375105e+02 +1.232775105e+02 +1.232775105e+02
38791 0 +1.070886437e+02 +1.207286437e+02 +1.207286437e+02
% f evaluations | g evaluations | best noise-free fitness - Fopt (1.948000000000e+02) + sum g_i+ | measured fitness | best measured fitness or single-digit g-values | x1 | x2...
1 0 +9.747536079e+02 +1.169553608e+03 +1.169553608e+03
23 0 +9.452854874e+02 +1.140085487e+03 +1.140085487e+03
42 0 +8.568793563e+02 +1.051679356e+03 +1.051679356e+03
91 0 +8.508652829e+02 +1.045665283e+03 +1.045665283e+03
126 0 +8.090337958e+02 +1.003833796e+03 +1.003833796e+03
127 0 +6.906513066e+02 +8.854513066e+02 +8.854513066e+02
137 0 +6.438154819e+02 +8.386154819e+02 +8.386154819e+02
339 0 +6.058779287e+02 +8.006779287e+02 +8.006779287e+02
372 0 +5.980135669e+02 +7.928135669e+02 +7.928135669e+02
386 0 +5.467098765e+02 +7.415098765e+02 +7.415098765e+02
468 0 +4.812979270e+02 +6.760979270e+02 +6.760979270e+02
559 0 +4.687006629e+02 +6.635006629e+02 +6.635006629e+02
586 0 +4.535072974e+02 +6.483072974e+02 +6.483072974e+02
621 0 +4.162778066e+02 +6.110778066e+02 +6.110778066e+02
1274 0 +4.002467903e+02 +5.950467903e+02 +5.950467903e+02
1310 0 +3.941551698e+02 +5.889551698e+02 +5.889551698e+02
1548 0 +3.514345781e+02 +5.462345781e+02 +5.462345781e+02
5230 0 +3.375934228e+02 +5.323934228e+02 +5.323934228e+02
5770 0 +3.294289448e+02 +5.242289448e+02 +5.242289448e+02
21759 0 +3.151144225e+02 +5.099144225e+02 +5.099144225e+02
21798 0 +3.076396256e+02 +5.024396256e+02 +5.024396256e+02
21820 0 +2.668677949e+02 +4.616677949e+02 +4.616677949e+02
21903 0 +2.408035720e+02 +4.356035720e+02 +4.356035720e+02
22078 0 +2.320263379e+02 +4.268263379e+02 +4.268263379e+02
22173 0 +2.233152409e+02 +4.181152409e+02 +4.181152409e+02
22216 0 +2.126758064e+02 +4.074758064e+02 +4.074758064e+02
22282 0 +2.047621675e+02 +3.995621675e+02 +3.995621675e+02
22285 0 +1.951455633e+02 +3.899455633e+02 +3.899455633e+02
22324 0 +1.914385296e+02 +3.862385296e+02 +3.862385296e+02
22360 0 +1.869930397e+02 +3.817930397e+02 +3.817930397e+02
22376 0 +1.842769215e+02 +3.790769215e+02 +3.790769215e+02
22422 0 +1.798027240e+02 +3.746027240e+02 +3.746027240e+02
22489 0 +1.761127631e+02 +3.709127631e+02 +3.709127631e+02
22555 0 +1.727862051e+02 +3.675862051e+02 +3.675862051e+02
22705 0 +1.646931443e+02 +3.594931443e+02 +3.594931443e+02
22756 0 +1.614088377e+02 +3.562088377e+02 +3.562088377e+02
22784 0 +1.583365332e+02 +3.531365332e+02 +3.531365332e+02
22824 0 +1.541650773e+02 +3.489650773e+02 +3.489650773e+02
23052 0 +1.491473322e+02 +3.439473322e+02 +3.439473322e+02
23095 0 +1.476962527e+02 +3.424962527e+02 +3.424962527e+02
23247 0 +1.400613089e+02 +3.348613089e+02 +3.348613089e+02
23402 0 +1.364827676e+02 +3.312827676e+02 +3.312827676e+02
23481 0 +1.338485004e+02 +3.286485004e+02 +3.286485004e+02
23625 0 +1.317278301e+02 +3.265278301e+02 +3.265278301e+02
23629 0 +1.288065093e+02 +3.236065093e+02 +3.236065093e+02
24004 0 +1.257094749e+02 +3.205094749e+02 +3.205094749e+02
24272 0 +1.225661828e+02 +3.173661828e+02 +3.173661828e+02
24625 0 +1.200772554e+02 +3.148772554e+02 +3.148772554e+02
25201 0 +1.172575487e+02 +3.120575487e+02 +3.120575487e+02
% f evaluations | g evaluations | best noise-free fitness - Fopt (-1.335900000000e+02) + sum g_i+ | measured fitness | best measured fitness or single-digit g-values | x1 | x2...
1 0 +1.149413573e+03 +1.015823573e+03 +1.015823573e+03
3 0 +1.036421907e+03 +9.028319067e+02 +9.028319067e+02
13 0 +9.509773949e+02 +8.173873949e+02 +8.173873949e+02
17 0 +8.486127424e+02 +7.150227424e+02 +7.150227424e+02
21 0 +7.937276937e+02 +6.601376937e+02 +6.601376937e+02
181 0 +7.591664461e+02 +6.255764461e+02 +6.255764461e+02
186 0 +7.380995366e+02 +6.045095366e+02 +6.045095366e+02
214 0 +6.838721989e+02 +5.502821989e+02 +5.502821989e+02
231 0 +6.413313459e+02 +5.077413459e+02 +5.077413459e+02
303 0 +6.204779989e+02 +4.868879989e+02 +4.868879989e+02
305 0 +5.818981357e+02 +4.483081357e+02 +4.483081357e+02
375 0 +5.092294121e+02 +3.756394121e+02 +3.756394121e+02
479 0 +4.826848841e+02 +3.490948841e+02 +3.490948841e+02
560 0 +4.707892859e+02 +3.371992859e+02 +3.371992859e+02
739 0 +4.616147555e+02 +3.280247555e+02 +3.280247555e+02
787 0 +4.231816385e+02 +2.895916385e+02 +2.895916385e+02
1096 0 +4.168049214e+02 +2.832149214e+02 +2.832149214e+02
1645 0 +4.039133923e+02 +2.703233923e+02 +2.703233923e+02
1802 0 +3.765340015e+02 +2.429440015e+02 +2.429440015e+02
1895 0 +3.611894245e+02 +2.275994245e+02 +2.275994245e+02
13546 0 +3.318769221e+02 +1.982869221e+02 +1.982869221e+02
19729 0 +3.267498715e+02 +1.931598715e+02 +1.931598715e+02
19838 0 +3.182963631e+02 +1.847063631e+02 +1.847063631e+02
19894 0 +3.018898854e+02 +1.682998854e+02 +1.682998854e+02
19989 0 +2.938407752e+02 +1.602507752e+02 +1.602507752e+02
20002 0 +2.766534414e+02 +1.430634414e+02 +1.430634414e+02
20074 0 +2.727632402e+02 +1.391732402e+02 +1.391732402e+02
20154 0 +2.434704375e+02 +1.098804375e+02 +1.098804375e+02
20276 0 +2.247139058e+02 +9.112390579e+01 +9.112390579e+01
20442 0 +2.178837057e+02 +8.429370569e+01 +8.429370569e+01
20572 0 +2.132865254e+02 +7.969652544e+01 +7.969652544e+01
20660 0 +1.999103302e+02 +6.632033018e+01 +6.632033018e+01
20689 0 +1.922882142e+02 +5.869821425e+01 +5.869821425e+01
20697 0 +1.824657508e+02 +4.887575084e+01 +4.887575084e+01
20862 0 +1.740741688e+02 +4.048416882e+01 +4.048416882e+01
20866 0 +1.700185263e+02 +3.642852632e+01 +3.642852632e+01
20891 0 +1.654625121e+02 +3.187251213e+01 +3.187251213e+01
20970 0 +1.600356878e+02 +2.644568777e+01 +2.644568777e+01
21012 0 +1.566145322e+02 +2.302453223e+01 +2.302453223e+01
21071 0 +1.545320309e+02 +2.094203086e+01 +2.094203086e+01
21223 0 +1.497284213e+02 +1.613842130e+01 +1.613842130e+01
21364 0 +1.469903242e+02 +1.340032419e+01 +1.340032419e+01
21379 0 +1.428070866e+02 +9.217086633e+00 +9.217086633e+00
21453 0 +1.390171767e+02 +5.427176652e+00 +5.427176652e+00
21603 0 +1.374573292e+02 +3.867329165e+00 +3.867329165e+00
21810 0 +1.340065134e+02 +4.165133750e-01 +4.165133750e-01
21951 0 +1.305796936e+02 -3.010306429e+00 -3.010306429e+00
22047 0 +1.282982507e+02 -5.291749324e+00 -5.291749324e+00
22127 0 +1.257937291e+02 -7.796270884e+00 -7.796270884e+00
22358 0 +1.223929087e+02 -1.119709132e+01 -1.119709132e+01
22582 0 +1.200019315e+02 -1.358806855e+01 -1.358806855e+01
22704 0 +1.168988771e+02 -1.669112288e+01 -1.669112288e+01
22862 0 +1.147822440e+02 -1.880775602e+01 -1.880775602e+01
23099 0 +1.121709646e+02 -2.141903538e+01 -2.141903538e+01
23480 0 +1.095730752e+02 -2.401692485e+01 -2.401692485e+01
24284 0 +1.071442827e+02 -2.644571726e+01 -2.644571726e+01
% f evaluations | g evaluations | best noise-free fitness - Fopt (1.741400000000e+02) + sum g_i+ | measured fitness | best measured fitness or single-digit g-values | x1 | x2...
1 0 +1.320082886e+03 +1.494222886e+03 +1.494222886e+03
2 0 +8.915687329e+02 +1.065708733e+03 +1.065708733e+03
137 0 +8.365259206e+02 +1.010665921e+03 +1.010665921e+03
209 0 +8.304313591e+02 +1.004571359e+03 +1.004571359e+03
233 0 +7.809365760e+02 +9.550765760e+02 +9.550765760e+02
270 0 +7.614528639e+02 +9.355928639e+02 +9.355928639e+02
308 0 +7.373888604e+02 +9.115288604e+02 +9.115288604e+02
315 0 +6.654629783e+02 +8.396029783e+02 +8.396029783e+02
331 0 +6.492725623e+02 +8.234125623e+02 +8.234125623e+02
371 0 +6.140959120e+02 +7.882359120e+02 +7.882359120e+02
378 0 +5.820341116e+02 +7.561741116e+02 +7.561741116e+02
406 0 +5.561401173e+02 +7.302801173e+02 +7.302801173e+02
430 0 +5.484100339e+02 +7.225500339e+02 +7.225500339e+02
488 0 +5.228712666e+02 +6.970112666e+02 +6.970112666e+02
512 0 +4.958934316e+02 +6.700334316e+02 +6.700334316e+02
753 0 +4.854035865e+02 +6.595435865e+02 +6.595435865e+02
768 0 +4.516330119e+02 +6.257730119e+02 +6.257730119e+02
845 0 +3.992584733e+02 +5.733984733e+02 +5.733984733e+02
2135 0 +3.879843723e+02 +5.621243723e+02 +5.621243723e+02
3803 0 +3.685932879e+02 +5.427332879e+02 +5.427332879e+02
7213 0 +3.492054246e+02 +5.233454246e+02 +5.233454246e+02
7601 0 +3.399530677e+02 +5.140930677e+02 +5.140930677e+02
10214 0 +3.364515306e+02 +5.105915306e+02 +5.105915306e+02
11092 0 +3.239043599e+02 +4.980443599e+02 +4.980443599e+02
28197 0 +3.190762867e+02 +4.932162867e+02 +4.932162867e+02
28249 0 +2.943578181e+02 +4.684978181e+02 +4.684978181e+02
28433 0 +2.757916728e+02 +4.499316728e+02 +4.499316728e+02
28445 0 +2.726401288e+02 +4.467801288e+02 +4.467801288e+02
28614 0 +2.613675942e+02 +4.355075942e+02 +4.355075942e+02
28620 0 +2.543565786e+02 +4.284965786e+02 +4.284965786e+02
28629 0 +2.474046320e+02 +4.215446320e+02 +4.215446320e+02
28632 0 +2.409962405e+02 +4.151362405e+02 +4.151362405e+02
28690 0 +2.289078222e+02 +4.030478222e+02 +4.030478222e+02
28727 0 +2.237944457e+02 +3.979344457e+02 +3.979344457e+02
28755 0 +2.106974872e+02 +3.848374872e+02 +3.848374872e+02
28853 0 +2.031989858e+02 +3.773389858e+02 +3.773389858e+02
28870 0 +1.923892580e+02 +3.665292580e+02 +3.665292580e+02
28921 0 +1.883045111e+02 +3.624445111e+02 +3.624445111e+02
28932 0 +1.839993129e+02 +3.581393129e+02 +3.581393129e+02
28971 0 +1.815443436e+02 +3.556843436e+02 +3.556843436e+02
29019 0 +1.738072311e+02 +3.479472311e+02 +3.479472311e+02
29123 0 +1.730638487e+02 +3.472038487e+02 +3.472038487e+02
29144 0 +1.666428621e+02 +3.407828621e+02 +3.407828621e+02
29246 0 +1.658253109e+02 +3.399653109e+02 +3.399653109e+02
29297 0 +1.613053023e+02 +3.354453023e+02 +3.354453023e+02
29391 0 +1.561811351e+02 +3.303211351e+02 +3.303211351e+02
29402 0 +1.538665673e+02 +3.280065673e+02 +3.280065673e+02
29562 0 +1.490320144e+02 +3.231720144e+02 +3.231720144e+02
29588 0 +1.455650423e+02 +3.197050423e+02 +3.197050423e+02
29590 0 +1.444254946e+02 +3.185654946e+02 +3.185654946e+02
29926 0 +1.406892321e+02 +3.148292321e+02 +3.148292321e+02
30031 0 +1.370986921e+02 +3.112386921e+02 +3.112386921e+02
30171 0 +1.348918693e+02 +3.090318693e+02 +3.090318693e+02
30479 0 +1.315238999e+02 +3.056638999e+02 +3.056638999e+02
30736 0 +1.287384530e+02 +3.028784530e+02 +3.028784530e+02
31124 0 +1.256193679e+02 +2.997593679e+02 +2.997593679e+02
31560 0 +1.230123326e+02 +2.971523326e+02 +2.971523326e+02
32218 0 +1.200933716e+02 +2.942333716e+02 +2.942333716e+02
% f evaluations | g evaluations | best noise-free fitness - Fopt (1.496600000000e+02) + sum g_i+ | measured fitness | best measured fitness or single-digit g-values | x1 | x2...
1 0 +3.871398815e+03 +4.021058815e+03 +4.021058815e+03
2 0 +9.453163727e+02 +1.094976373e+03 +1.094976373e+03
9 0 +8.785073506e+02 +1.028167351e+03 +1.028167351e+03
37 0 +7.728328895e+02 +9.224928895e+02 +9.224928895e+02
106 0 +7.406755657e+02 +8.903355657e+02 +8.903355657e+02
163 0 +6.880686360e+02 +8.377286360e+02 +8.377286360e+02
204 0 +6.637181475e+02 +8.133781475e+02 +8.133781475e+02
224 0 +6.521921076e+02 +8.018521076e+02 +8.018521076e+02
229 0 +6.253493571e+02 +7.750093571e+02 +7.750093571e+02
231 0 +5.716709728e+02 +7.213309728e+02 +7.213309728e+02
267 0 +5.020499115e+02 +6.517099115e+02 +6.517099115e+02
424 0 +4.906129799e+02 +6.402729799e+02 +6.402729799e+02
451 0 +4.862428184e+02 +6.359028184e+02 +6.359028184e+02
473 0 +4.348410242e+02 +5.845010242e+02 +5.845010242e+02
915 0 +4.181199862e+02 +5.677799862e+02 +5.677799862e+02
2144 0 +3.996253805e+02 +5.492853805e+02 +5.492853805e+02
2866 0 +3.958444396e+02 +5.455044396e+02 +5.455044396e+02
2964 0 +3.745729039e+02 +5.242329039e+02 +5.242329039e+02
3446 0 +3.639972916e+02 +5.136572916e+02 +5.136572916e+02
9225 0 +3.627868309e+02 +5.124468309e+02 +5.124468309e+02
9310 0 +3.265954849e+02 +4.762554849e+02 +4.762554849e+02
9327 0 +3.090234407e+02 +4.586834407e+02 +4.586834407e+02
9413 0 +2.981304579e+02 +4.477904579e+02 +4.477904579e+02
9436 0 +2.894972851e+02 +4.391572851e+02 +4.391572851e+02
9484 0 +2.803464464e+02 +4.300064464e+02 +4.300064464e+02
9508 0 +2.679968165e+02 +4.176568165e+02 +4.176568165e+02
9547 0 +2.548532311e+02 +4.045132311e+02 +4.045132311e+02
9571 0 +2.478046980e+02 +3.974646980e+02 +3.974646980e+02
9608 0 +2.379264485e+02 +3.875864485e+02 +3.875864485e+02
9759 0 +2.323040373e+02 +3.819640373e+02 +3.819640373e+02
9793 0 +2.286481926e+02 +3.783081926e+02 +3.783081926e+02
9801 0 +2.156553910e+02 +3.653153910e+02 +3.653153910e+02
9920 0 +2.096358070e+02 +3.592958070e+02 +3.592958070e+02
9948 0 +2.089156939e+02 +3.585756939e+02 +3.585756939e+02
9993 0 +2.026848034e+02 +3.523448034e+02 +3.523448034e+02
10002 0 +1.972956821e+02 +3.469556821e+02 +3.469556821e+02
10038 0 +1.935890195e+02 +3.432490195e+02 +3.432490195e+02
10047 0 +1.899663612e+02 +3.396263612e+02 +3.396263612e+02
10115 0 +1.832433932e+02 +3.329033932e+02 +3.329033932e+02
10290 0 +1.810780684e+02 +3.307380684e+02 +3.307380684e+02
10331 0 +1.743971728e+02 +3.240571728e+02 +3.240571728e+02
10391 0 +1.732845987e+02 +3.229445987e+02 +3.229445987e+02
10547 0 +1.679312363e+02 +3.175912363e+02 +3.175912363e+02
10622 0 +1.649859657e+02 +3.146459657e+02 +3.146459657e+02
10663 0 +1.618530169e+02 +3.115130169e+02 +3.115130169e+02
10876 0 +1.582016588e+02 +3.078616588e+02 +3.078616588e+02
11013 0 +1.547477970e+02 +3.044077970e+02 +3.044077970e+02
11269 0 +1.510384200e+02 +3.006984200e+02 +3.006984200e+02
11811 0 +1.476338789e+02 +2.972938789e+02 +2.972938789e+02
% f evaluations | g evaluations | best noise-free fitness - Fopt (-4.425600000000e+02) + sum g_i+ | measured fitness | best measured fitness or single-digit g-values | x1 | x2...
1 0 +1.035704442e+03 +5.931444421e+02 +5.931444421e+02
13 0 +9.635682164e+02 +5.210082164e+02 +5.210082164e+02
32 0 +9.060450103e+02 +4.634850103e+02 +4.634850103e+02
48 0 +8.257565697e+02 +3.831965697e+02 +3.831965697e+02
102 0 +8.086336194e+02 +3.660736194e+02 +3.660736194e+02
124 0 +7.850198462e+02 +3.424598462e+02 +3.424598462e+02
140 0 +7.420111458e+02 +2.994511458e+02 +2.994511458e+02
156 0 +6.975059831e+02 +2.549459831e+02 +2.549459831e+02
163 0 +6.761356185e+02 +2.335756185e+02 +2.335756185e+02
181 0 +6.706404920e+02 +2.280804920e+02 +2.280804920e+02
288 0 +6.331799609e+02 +1.906199609e+02 +1.906199609e+02
293 0 +5.885734396e+02 +1.460134396e+02 +1.460134396e+02
355 0 +5.670952199e+02 +1.245352199e+02 +1.245352199e+02
369 0 +5.472428628e+02 +1.046828628e+02 +1.046828628e+02
410 0 +5.010115787e+02 +5.845157872e+01 +5.845157872e+01
543 0 +4.830895439e+02 +4.052954393e+01 +4.052954393e+01
567 0 +4.640368777e+02 +2.147687775e+01 +2.147687775e+01
699 0 +4.503773869e+02 +7.817386876e+00 +7.817386876e+00
862 0 +4.334327983e+02 -9.127201748e+00 -9.127201748e+00
1178 0 +4.141525215e+02 -2.840747850e+01 -2.840747850e+01
1457 0 +3.916697577e+02 -5.089024233e+01 -5.089024233e+01
1485 0 +3.828437477e+02 -5.971625230e+01 -5.971625230e+01
3287 0 +3.758960504e+02 -6.666394965e+01 -6.666394965e+01
10952 0 +3.666482059e+02 -7.591179410e+01 -7.591179410e+01
10975 0 +3.514654628e+02 -9.109453725e+01 -9.109453725e+01
11135 0 +3.333157603e+02 -1.092442397e+02 -1.092442397e+02
11153 0 +3.292439774e+02 -1.133160226e+02 -1.133160226e+02
11190 0 +3.097668785e+02 -1.327931215e+02 -1.327931215e+02
11211 0 +3.049399861e+02 -1.376200139e+02 -1.376200139e+02
11215 0 +2.847049879e+02 -1.578550121e+02 -1.578550121e+02
11248 0 +2.711244843e+02 -1.714355157e+02 -1.714355157e+02
11355 0 +2.515909397e+02 -1.909690603e+02 -1.909690603e+02
11511 0 +2.404959598e+02 -2.020640402e+02 -2.020640402e+02
11779 0 +2.210100167e+02 -2.215499833e+02 -2.215499833e+02
11845 0 +2.098346504e+02 -2.327253496e+02 -2.327253496e+02
11929 0 +1.907986873e+02 -2.517613127e+02 -2.517613127e+02
12069 0 +1.902528948e+02 -2.523071052e+02 -2.523071052e+02
12090 0 +1.791071646e+02 -2.634528354e+02 -2.634528354e+02
12094 0 +1.704569568e+02 -2.721030432e+02 -2.721030432e+02
12283 0 +1.674791465e+02 -2.750808535e+02 -2.750808535e+02
12336 0 +1.658829028e+02 -2.766770972e+02 -2.766770972e+02
12425 0 +1.562728766e+02 -2.862871234e+02 -2.862871234e+02
12468 0 +1.516878174e+02 -2.908721826e+02 -2.908721826e+02
12497 0 +1.489908334e+02 -2.935691666e+02 -2.935691666e+02
12542 0 +1.462072817e+02 -2.963527183e+02 -2.963527183e+02
12558 0 +1.444339127e+02 -2.981260873e+02 -2.981260873e+02
12625 0 +1.388310845e+02 -3.037289155e+02 -3.037289155e+02
12644 0 +1.369121670e+02 -3.056478330e+02 -3.056478330e+02
12750 0 +1.341208708e+02 -3.084391292e+02 -3.084391292e+02
12844 0 +1.299687051e+02 -3.125912949e+02 -3.125912949e+02
12859 0 +1.286370293e+02 -3.139229707e+02 -3.139229707e+02
12972 0 +1.256053553e+02 -3.169546447e+02 -3.169546447e+02
13022 0 +1.220081052e+02 -3.205518948e+02 -3.205518948e+02
13225 0 +1.199452092e+02 -3.226147908e+02 -3.226147908e+02
13422 0 +1.170692715e+02 -3.254907285e+02 -3.254907285e+02
13613 0 +1.145291082e+02 -3.280308918e+02 -3.280308918e+02
13798 0 +1.120749772e+02 -3.304850228e+02 -3.304850228e+02
14389 0 +1.095374366e+02 -3.330225634e+02 -3.330225634e+02
% f evaluations | g evaluations | best noise-free fitness - Fopt (1.583000000000e+01) + sum g_i+ | measured fitness | best measured fitness or single-digit g-values | x1 | x2...
1 0 +1.124227514e+03 +1.140057514e+03 +1.140057514e+03
3 0 +9.997035982e+02 +1.015533598e+03 +1.015533598e+03
10 0 +8.467939027e+02 +8.626239027e+02 +8.626239027e+02
64 0 +8.176236562e+02 +8.334536562e+02 +8.334536562e+02
77 0 +7.833287887e+02 +7.991587887e+02 +7.991587887e+02
113 0 +7.658973030e+02 +7.817273030e+02 +7.817273030e+02
134 0 +6.403275948e+02 +6.561575948e+02 +6.561575948e+02
298 0 +6.246538446e+02 +6.404838446e+02 +6.404838446e+02
309 0 +5.858231214e+02 +6.016531214e+02 +6.016531214e+02
378 0 +5.269971121e+02 +5.428271121e+02 +5.428271121e+02
393 0 +5.158658072e+02 +5.316958072e+02 +5.316958072e+02
429 0 +4.752496156e+02 +4.910796156e+02 +4.910796156e+02
539 0 +4.463125198e+02 +4.621425198e+02 +4.621425198e+02
549 0 +4.310213900e+02 +4.468513900e+02 +4.468513900e+02
946 0 +4.202299791e+02 +4.360599791e+02 +4.360599791e+02
989 0 +3.957116433e+02 +4.115416433e+02 +4.115416433e+02
1089 0 +3.811224342e+02 +3.969524342e+02 +3.969524342e+02
1190 0 +3.703309646e+02 +3.861609646e+02 +3.861609646e+02
1414 0 +3.534941300e+02 +3.693241300e+02 +3.693241300e+02
14343 0 +3.432093520e+02 +3.590393520e+02 +3.590393520e+02
18510 0 +3.144777169e+02 +3.303077169e+02 +3.303077169e+02
18934 0 +2.956624286e+02 +3.114924286e+02 +3.114924286e+02
19106 0 +2.850866920e+02 +3.009166920e+02 +3.009166920e+02
19117 0 +2.689984567e+02 +2.848284567e+02 +2.848284567e+02
19351 0 +2.462312149e+02 +2.620612149e+02 +2.620612149e+02
19375 0 +2.263262793e+02 +2.421562793e+02 +2.421562793e+02
19476 0 +2.167143198e+02 +2.325443198e+02 +2.325443198e+02
19511 0 +2.031526467e+02 +2.189826467e+02 +2.189826467e+02
19610 0 +1.936407298e+02 +2.094707298e+02 +2.094707298e+02
19636 0 +1.884268474e+02 +2.042568474e+02 +2.042568474e+02
19688 0 +1.848703754e+02 +2.007003754e+02 +2.007003754e+02
19701 0 +1.794549042e+02 +1.952849042e+02 +1.952849042e+02
19711 0 +1.768265663e+02 +1.926565663e+02 +1.926565663e+02
19770 0 +1.667686045e+02 +1.825986045e+02 +1.825986045e+02
19819 0 +1.659567584e+02 +1.817867584e+02 +1.817867584e+02
19861 0 +1.603437196e+02 +1.761737196e+02 +1.761737196e+02
19992 0 +1.576322581e+02 +1.734622581e+02 +1.734622581e+02
20037 0 +1.529577646e+02 +1.687877646e+02 +1.687877646e+02
20041 0 +1.511064511e+02 +1.669364511e+02 +1.669364511e+02
20116 0 +1.429654214e+02 +1.587954214e+02 +1.587954214e+02
20239 0 +1.387540273e+02 +1.545840273e+02 +1.545840273e+02
20292 0 +1.345899189e+02 +1.504199189e+02 +1.504199189e+02
20393 0 +1.316804113e+02 +1.475104113e+02 +1.475104113e+02
20475 0 +1.284555980e+02 +1.442855980e+02 +1.442855980e+02
20557 0 +1.258289165e+02 +1.416589165e+02 +1.416589165e+02
20662 0 +1.210655507e+02 +1.368955507e+02 +1.368955507e+02
20724 0 +1.193960234e+02 +1.352260234e+02 +1.352260234e+02
20891 0 +1.174332902e+02 +1.332632902e+02 +1.332632902e+02
21057 0 +1.146915285e+02 +1.305215285e+02 +1.305215285e+02
21170 0 +1.120652693e+02 +1.278952693e+02 +1.278952693e+02
21334 0 +1.090598350e+02 +1.248898350e+02 +1.248898350e+02
21453 0 +1.070671627e+02 +1.228971627e+02 +1.228971627e+02
21663 0 +1.043972630e+02 +1.202272630e+02 +1.202272630e+02
21861 0 +1.022684012e+02 +1.180984012e+02 +1.180984012e+02
22041 0 +9.961413828e+01 +1.154441383e+02 +1.154441383e+02
22565 0 +9.762015076e+01 +1.134501508e+02 +1.134501508e+02
% f evaluations | g evaluations | best noise-free fitness - Fopt (-9.371200000000e+02) + sum g_i+ | measured fitness | best measured fitness or single-digit g-values | x1 | x2...
1 0 +1.029735584e+03 +9.261558420e+01 +9.261558420e+01
7 0 +9.831740261e+02 +4.605402608e+01 +4.605402608e+01
13 0 +9.368866792e+02 -2.333208282e-01 -2.333208282e-01
14 0 +9.079247398e+02 -2.919526020e+01 -2.919526020e+01
80 0 +7.989296821e+02 -1.381903179e+02 -1.381903179e+02
136 0 +7.778583200e+02 -1.592616800e+02 -1.592616800e+02
142 0 +7.432758459e+02 -1.938441541e+02 -1.938441541e+02
176 0 +7.105491320e+02 -2.265708680e+02 -2.265708680e+02
186 0 +6.958537860e+02 -2.412662140e+02 -2.412662140e+02
215 0 +6.688973518e+02 -2.682226482e+02 -2.682226482e+02
264 0 +6.451551689e+02 -2.919648311e+02 -2.919648311e+02
277 0 +5.933307777e+02 -3.437892223e+02 -3.437892223e+02
296 0 +5.833615290e+02 -3.537584710e+02 -3.537584710e+02
304 0 +5.193632847e+02 -4.177567153e+02 -4.177567153e+02
451 0 +4.238678796e+02 -5.132521204e+02 -5.132521204e+02
532 0 +4.061717953e+02 -5.309482047e+02 -5.309482047e+02
553 0 +3.812627665e+02 -5.558572335e+02 -5.558572335e+02
683 0 +3.660676242e+02 -5.710523758e+02 -5.710523758e+02
746 0 +3.537843840e+02 -5.833356160e+02 -5.833356160e+02
1563 0 +3.275116950e+02 -6.096083050e+02 -6.096083050e+02
7189 0 +3.190465541e+02 -6.180734459e+02 -6.180734459e+02
8131 0 +3.156492410e+02 -6.214707590e+02 -6.214707590e+02
11493 0 +2.969930118e+02 -6.401269882e+02 -6.401269882e+02
28502 0 +2.793968678e+02 -6.577231322e+02 -6.577231322e+02
% f evaluations | g evaluations | best noise-free fitness - Fopt (-1.553000000000e+01) + sum g_i+ | measured fitness | best measured fitness or single-digit g-values | x1 | x2...
1 0 +2.369072474e+03 +2.353542474e+03 +2.353542474e+03
2 0 +1.107580787e+03 +1.092050787e+03 +1.092050787e+03
3 0 +8.525546205e+02 +8.370246205e+02 +8.370246205e+02
53 0 +7.992541363e+02 +7.837241363e+02 +7.837241363e+02
96 0 +7.699763066e+02 +7.544463066e+02 +7.544463066e+02
119 0 +7.542821750e+02 +7.387521750e+02 +7.387521750e+02
126 0 +7.217866983e+02 +7.062566983e+02 +7.062566983e+02
154 0 +7.042127135e+02 +6.886827135e+02 +6.886827135e+02
162 0 +6.555708518e+02 +6.400408518e+02 +6.400408518e+02
209 0 +5.768766495e+02 +5.613466495e+02 +5.613466495e+02
309 0 +5.544783633e+02 +5.389483633e+02 +5.389483633e+02
329 0 +5.278079828e+02 +5.122779828e+02 +5.122779828e+02
349 0 +4.910915048e+02 +4.755615048e+02 +4.755615048e+02
427 0 +4.549375868e+02 +4.394075868e+02 +4.394075868e+02
455 0 +4.207242459e+02 +4.051942459e+02 +4.051942459e+02
578 0 +4.142812572e+02 +3.987512572e+02 +3.987512572e+02
591 0 +4.055240279e+02 +3.899940279e+02 +3.899940279e+02
593 0 +3.636899114e+02 +3.481599114e+02 +3.481599114e+02
1215 0 +3.627966054e+02 +3.472666054e+02 +3.472666054e+02
1803 0 +3.420165340e+02 +3.264865340e+02 +3.264865340e+02
2125 0 +3.355805849e+02 +3.200505849e+02 +3.200505849e+02
2661 0 +3.005180948e+02 +2.849880948e+02 +2.849880948e+02
22928 0 +2.871183610e+02 +2.715883610e+02 +2.715883610e+02
23709 0 +2.731447551e+02 +2.576147551e+02 +2.576147551e+02
23727 0 +2.644488538e+02 +2.489188538e+02 +2.489188538e+02
23810 0 +2.583104167e+02 +2.427804167e+02 +2.427804167e+02
23822 0 +2.545089125e+02 +2.389789125e+02 +2.389789125e+02
23823 0 +2.500538914e+02 +2.345238914e+02 +2.345238914e+02
23857 0 +2.187646505e+02 +2.032346505e+02 +2.032346505e+02
24003 0 +2.072162100e+02 +1.916862100e+02 +1.916862100e+02
24007 0 +1.893237869e+02 +1.737937869e+02 +1.737937869e+02
24034 0 +1.837092905e+02 +1.681792905e+02 +1.681792905e+02
24088 0 +1.668821747e+02 +1.513521747e+02 +1.513521747e+02
24141 0 +1.567273003e+02 +1.411973003e+02 +1.411973003e+02
24237 0 +1.530459590e+02 +1.375159590e+02 +1.375159590e+02
24291 0 +1.485960849e+02 +1.330660849e+02 +1.330660849e+02
24364 0 +1.334430554e+02 +1.179130554e+02 +1.179130554e+02
24459 0 +1.293672840e+02 +1.138372840e+02 +1.138372840e+02
24478 0 +1.282987731e+02 +1.127687731e+02 +1.127687731e+02
24496 0 +1.167610014e+02 +1.012310014e+02 +1.012310014e+02
24540 0 +1.087680119e+02 +9.323801186e+01 +9.323801186e+01
24612 0 +1.034978938e+02 +8.796789379e+01 +8.796789379e+01
24635 0 +1.010591750e+02 +8.552917504e+01 +8.552917504e+01
24637 0 +9.921758499e+01 +8.368758499e+01 +8.368758499e+01
24669 0 +9.586730310e+01 +8.033730310e+01 +8.033730310e+01
24717 0 +9.176651127e+01 +7.623651127e+01 +7.623651127e+01
24814 0 +9.064866989e+01 +7.511866989e+01 +7.511866989e+01
24836 0 +8.760656491e+01 +7.207656491e+01 +7.207656491e+01
24854 0 +8.563037166e+01 +7.010037166e+01 +7.010037166e+01
24912 0 +8.334882241e+01 +6.781882241e+01 +6.781882241e+01
24931 0 +8.250433548e+01 +6.697433548e+01 +6.697433548e+01
25053 0 +8.049920980e+01 +6.496920980e+01 +6.496920980e+01
25071 0 +7.877775013e+01 +6.324775013e+01 +6.324775013e+01
25128 0 +7.705286686e+01 +6.152286686e+01 +6.152286686e+01
25248 0 +7.485850445e+01 +5.932850445e+01 +5.932850445e+01
25322 0 +7.341664577e+01 +5.788664577e+01 +5.788664577e+01
25356 0 +7.177080153e+01 +5.624080153e+01 +5.624080153e+01
25404 0 +7.011920800e+01 +5.458920800e+01 +5.458920800e+01
25513 0 +6.852968577e+01 +5.299968577e+01 +5.299968577e+01
25641 0 +6.625063812e+01 +5.072063812e+01 +5.072063812e+01
25761 0 +6.530147178e+01 +4.977147178e+01 +4.977147178e+01
25989 0 +6.420191149e+01 +4.867191149e+01 +4.867191149e+01
26079 0 +6.286562773e+01 +4.733562773e+01 +4.733562773e+01
26150 0 +6.154090309e+01 +4.601090309e+01 +4.601090309e+01
26343 0 +6.023636081e+01 +4.470636081e+01 +4.470636081e+01
26712 0 +5.874380015e+01 +4.321380015e+01 +4.321380015e+01
27199 0 +5.746873714e+01 +4.193873714e+01 +4.193873714e+01
27589 0 +5.621823343e+01 +4.068823343e+01 +4.068823343e+01
29873 0 +5.495387575e+01 +3.942387575e+01 +3.942387575e+01
% f evaluations | g evaluations | best noise-free fitness - Fopt (1.568800000000e+02) + sum g_i+ | measured fitness | best measured fitness or single-digit g-values | x1 | x2...
1 0 +1.137023162e+03 +1.293903162e+03 +1.293903162e+03
7 0 +1.058862656e+03 +1.215742656e+03 +1.215742656e+03
13 0 +9.999133018e+02 +1.156793302e+03 +1.156793302e+03
16 0 +8.605680311e+02 +1.017448031e+03 +1.017448031e+03
45 0 +8.365024421e+02 +9.933824421e+02 +9.933824421e+02
52 0 +8.163140649e+02 +9.731940649e+02 +9.731940649e+02
71 0 +7.984316821e+02 +9.553116821e+02 +9.553116821e+02
75 0 +7.664143907e+02 +9.232943907e+02 +9.232943907e+02
146 0 +6.992543533e+02 +8.561343533e+02 +8.561343533e+02
196 0 +6.880577449e+02 +8.449377449e+02 +8.449377449e+02
203 0 +6.600580362e+02 +8.169380362e+02 +8.169380362e+02
206 0 +6.454159315e+02 +8.022959315e+02 +8.022959315e+02
213 0 +5.775929448e+02 +7.344729448e+02 +7.344729448e+02
251 0 +5.658753205e+02 +7.227553205e+02 +7.227553205e+02
258 0 +5.073729177e+02 +6.642529177e+02 +6.642529177e+02
291 0 +4.938071363e+02 +6.506871363e+02 +6.506871363e+02
300 0 +4.856466200e+02 +6.425266200e+02 +6.425266200e+02
479 0 +4.753078263e+02 +6.321878263e+02 +6.321878263e+02
714 0 +4.514263661e+02 +6.083063661e+02 +6.083063661e+02
778 0 +3.936114691e+02 +5.504914691e+02 +5.504914691e+02
1511 0 +3.790086825e+02 +5.358886825e+02 +5.358886825e+02
2031 0 +3.614950682e+02 +5.183750682e+02 +5.183750682e+02
4754 0 +3.533990125e+02 +5.102790125e+02 +5.102790125e+02
8169 0 +3.422007039e+02 +4.990807039e+02 +4.990807039e+02
12225 0 +3.353732920e+02 +4.922532920e+02 +4.922532920e+02
12230 0 +3.208816128e+02 +4.777616128e+02 +4.777616128e+02
12397 0 +2.920911297e+02 +4.489711297e+02 +4.489711297e+02
12636 0 +2.882377740e+02 +4.451177740e+02 +4.451177740e+02
12793 0 +2.727878866e+02 +4.296678866e+02 +4.296678866e+02
12848 0 +2.638152287e+02 +4.206952287e+02 +4.206952287e+02
12868 0 +2.576779512e+02 +4.145579512e+02 +4.145579512e+02
12871 0 +2.449504784e+02 +4.018304784e+02 +4.018304784e+02
12891 0 +2.295154959e+02 +3.863954959e+02 +3.863954959e+02
12898 0 +2.231295706e+02 +3.800095706e+02 +3.800095706e+02
13028 0 +2.127340503e+02 +3.696140503e+02 +3.696140503e+02
13069 0 +2.066747605e+02 +3.635547605e+02 +3.635547605e+02
13107 0 +2.023334937e+02 +3.592134937e+02 +3.592134937e+02
13137 0 +1.968684377e+02 +3.537484377e+02 +3.537484377e+02
13202 0 +1.904705092e+02 +3.473505092e+02 +3.473505092e+02
13248 0 +1.839720721e+02 +3.408520721e+02 +3.408520721e+02
13255 0 +1.776397807e+02 +3.345197807e+02 +3.345197807e+02
13316 0 +1.737078155e+02 +3.305878155e+02 +3.305878155e+02
13343 0 +1.684906344e+02 +3.253706344e+02 +3.253706344e+02
13390 0 +1.647441248e+02 +3.216241248e+02 +3.216241248e+02
13421 0 +1.619336861e+02 +3.188136861e+02 +3.188136861e+02
13524 0 +1.570070558e+02 +3.138870558e+02 +3.138870558e+02
13578 0 +1.547935517e+02 +3.116735517e+02 +3.116735517e+02
13651 0 +1.513193199e+02 +3.081993199e+02 +3.081993199e+02
13691 0 +1.446173077e+02 +3.014973077e+02 +3.014973077e+02
13719 0 +1.436791959e+02 +3.005591959e+02 +3.005591959e+02
13896 0 +1.391682415e+02 +2.960482415e+02 +2.960482415e+02
13942 0 +1.373900398e+02 +2.942700398e+02 +2.942700398e+02
14040 0 +1.343757522e+02 +2.912557522e+02 +2.912557522e+02
14177 0 +1.313072750e+02 +2.881872750e+02 +2.881872750e+02
14386 0 +1.284505428e+02 +2.853305428e+02 +2.853305428e+02
14562 0 +1.252056440e+02 +2.820856440e+02 +2.820856440e+02
14945 0 +1.227347746e+02 +2.796147746e+02 +2.796147746e+02
15578 0 +1.201951745e+02 +2.770751745e+02 +2.770751745e+02
% f evaluations | g evaluations | best noise-free fitness - Fopt (-5.710000000000e+00) + sum g_i+ | measured fitness | best measured fitness or single-digit g-values | x1 | x2...
1 0 +1.138823705e+03 +1.133113705e+03 +1.133113705e+03
2 0 +1.073499176e+03 +1.067789176e+03 +1.067789176e+03
4 0 +9.122075216e+02 +9.064975216e+02 +9.064975216e+02
8 0 +9.031951671e+02 +8.974851671e+02 +8.974851671e+02
20 0 +8.807355578e+02 +8.750255578e+02 +8.750255578e+02
57 0 +8.678982581e+02 +8.621882581e+02 +8.621882581e+02
83 0 +8.140845190e+02 +8.083745190e+02 +8.083745190e+02
169 0 +7.739382746e+02 +7.682282746e+02 +7.682282746e+02
195 0 +6.455697797e+02 +6.398597797e+02 +6.398597797e+02
249 0 +6.106262758e+02 +6.049162758e+02 +6.049162758e+02
260 0 +5.312986620e+02 +5.255886620e+02 +5.255886620e+02
372 0 +4.772227309e+02 +4.715127309e+02 +4.715127309e+02
414 0 +4.304188689e+02 +4.247088689e+02 +4.247088689e+02
544 0 +4.060485027e+02 +4.003385027e+02 +4.003385027e+02
845 0 +3.958141090e+02 +3.901041090e+02 +3.901041090e+02
1323 0 +3.826083780e+02 +3.768983780e+02 +3.768983780e+02
1771 0 +3.514669074e+02 +3.457569074e+02 +3.457569074e+02
9312 0 +3.348618623e+02 +3.291518623e+02 +3.291518623e+02
13779 0 +3.193999436e+02 +3.136899436e+02 +3.136899436e+02
16715 0 +2.985140989e+02 +2.928040989e+02 +2.928040989e+02
18939 0 +2.941738736e+02 +2.884638736e+02 +2.884638736e+02
22422 0 +2.752547094e+02 +2.695447094e+02 +2.695447094e+02
22778 0 +2.394164416e+02 +2.337064416e+02 +2.337064416e+02
22811 0 +2.305533018e+02 +2.248433018e+02 +2.248433018e+02
22882 0 +2.160021276e+02 +2.102921276e+02 +2.102921276e+02
22953 0 +2.103781765e+02 +2.046681765e+02 +2.046681765e+02
23012 0 +2.084709725e+02 +2.027609725e+02 +2.027609725e+02
23052 0 +2.026199671e+02 +1.969099671e+02 +1.969099671e+02
23074 0 +1.947001616e+02 +1.889901616e+02 +1.889901616e+02
23116 0 +1.891469314e+02 +1.834369314e+02 +1.834369314e+02
23148 0 +1.776865553e+02 +1.719765553e+02 +1.719765553e+02
23186 0 +1.705536557e+02 +1.648436557e+02 +1.648436557e+02
23193 0 +1.568079569e+02 +1.510979569e+02 +1.510979569e+02
23253 0 +1.496444879e+02 +1.439344879e+02 +1.439344879e+02
23264 0 +1.442773703e+02 +1.385673703e+02 +1.385673703e+02
23457 0 +1.408218164e+02 +1.351118164e+02 +1.351118164e+02
23512 0 +1.375268839e+02 +1.318168839e+02 +1.318168839e+02
23596 0 +1.322096765e+02 +1.264996765e+02 +1.264996765e+02
23650 0 +1.302449996e+02 +1.245349996e+02 +1.245349996e+02
23678 0 +1.259806093e+02 +1.202706093e+02 +1.202706093e+02
23706 0 +1.253615761e+02 +1.196515761e+02 +1.196515761e+02
23776 0 +1.215546295e+02 +1.158446295e+02 +1.158446295e+02
23796 0 +1.198622532e+02 +1.141522532e+02 +1.141522532e+02
23812 0 +1.152488032e+02 +1.095388032e+02 +1.095388032e+02
24002 0 +1.145875751e+02 +1.088775751e+02 +1.088775751e+02
24091 0 +1.121546840e+02 +1.064446840e+02 +1.064446840e+02
24156 0 +1.095303219e+02 +1.038203219e+02 +1.038203219e+02
24404 0 +1.062660049e+02 +1.005560049e+02 +1.005560049e+02
24438 0 +1.045872859e+02 +9.887728591e+01 +9.887728591e+01
24537 0 +1.019790215e+02 +9.626902148e+01 +9.626902148e+01
24643 0 +9.983867249e+01 +9.412867249e+01 +9.412867249e+01
24721 0 +9.721234123e+01 +9.150234123e+01 +9.150234123e+01
24937 0 +9.479111577e+01 +8.908111577e+01 +8.908111577e+01
25042 0 +9.327203787e+01 +8.756203787e+01 +8.756203787e+01
25230 0 +9.094672212e+01 +8.523672212e+01 +8.523672212e+01
25385 0 +8.874771458e+01 +8.303771458e+01 +8.303771458e+01
25644 0 +8.673377781e+01 +8.102377781e+01 +8.102377781e+01
25892 0 +8.500423271e+01 +7.929423271e+01 +7.929423271e+01
26232 0 +8.299672978e+01 +7.728672978e+01 +7.728672978e+01
26672 0 +8.124645268e+01 +7.553645268e+01 +7.553645268e+01
28156 0 +7.942375152e+01 +7.371375152e+01 +7.371375152e+01
% f evaluations | g evaluations | best noise-free fitness - Fopt (2.413000000000e+01) + sum g_i+ | measured fitness | best measured fitness or single-digit g-values | x1 | x2...
1 0 +9.933629536e+02 +1.017492954e+03 +1.017492954e+03
2 0 +8.790449692e+02 +9.031749692e+02 +9.031749692e+02
44 0 +7.854038943e+02 +8.095338943e+02 +8.095338943e+02
64 0 +7.364826787e+02 +7.606126787e+02 +7.606126787e+02
171 0 +6.714113356e+02 +6.955413356e+02 +6.955413356e+02
230 0 +6.413811270e+02 +6.655111270e+02 +6.655111270e+02
232 0 +5.897584141e+02 +6.138884141e+02 +6.138884141e+02
277 0 +5.772085303e+02 +6.013385303e+02 +6.013385303e+02
351 0 +5.465846797e+02 +5.707146797e+02 +5.707146797e+02
447 0 +5.326341222e+02 +5.567641222e+02 +5.567641222e+02
451 0 +5.144968100e+02 +5.386268100e+02 +5.386268100e+02
509 0 +4.993616931e+02 +5.234916931e+02 +5.234916931e+02
612 0 +4.810070751e+02 +5.051370751e+02 +5.051370751e+02
620 0 +4.580777786e+02 +4.822077786e+02 +4.822077786e+02
627 0 +4.525192853e+02 +4.766492853e+02 +4.766492853e+02
712 0 +4.410601891e+02 +4.651901891e+02 +4.651901891e+02
758 0 +3.972527938e+02 +4.213827938e+02 +4.213827938e+02
771 0 +3.652760159e+02 +3.894060159e+02 +3.894060159e+02
4543 0 +3.614662717e+02 +3.855962717e+02 +3.855962717e+02
5428 0 +3.512756606e+02 +3.754056606e+02 +3.754056606e+02
9024 0 +3.391327733e+02 +3.632627733e+02 +3.632627733e+02
9128 0 +3.265921040e+02 +3.507221040e+02 +3.507221040e+02
9130 0 +3.121971259e+02 +3.363271259e+02 +3.363271259e+02
9179 0 +3.080870405e+02 +3.322170405e+02 +3.322170405e+02
9226 0 +2.998772813e+02 +3.240072813e+02 +3.240072813e+02
9308 0 +2.728512891e+02 +2.969812891e+02 +2.969812891e+02
9310 0 +2.615357271e+02 +2.856657271e+02 +2.856657271e+02
9370 0 +2.535682905e+02 +2.776982905e+02 +2.776982905e+02
9396 0 +2.444488240e+02 +2.685788240e+02 +2.685788240e+02
9512 0 +2.377151556e+02 +2.618451556e+02 +2.618451556e+02
9527 0 +2.286310098e+02 +2.527610098e+02 +2.527610098e+02
9583 0 +2.222407913e+02 +2.463707913e+02 +2.463707913e+02
9634 0 +2.160305086e+02 +2.401605086e+02 +2.401605086e+02
9641 0 +2.066204914e+02 +2.307504914e+02 +2.307504914e+02
9672 0 +2.009575162e+02 +2.250875162e+02 +2.250875162e+02
9721 0 +1.896092342e+02 +2.137392342e+02 +2.137392342e+02
9840 0 +1.760370580e+02 +2.001670580e+02 +2.001670580e+02
9852 0 +1.702868019e+02 +1.944168019e+02 +1.944168019e+02
9993 0 +1.671441398e+02 +1.912741398e+02 +1.912741398e+02
10051 0 +1.638059465e+02 +1.879359465e+02 +1.879359465e+02
10072 0 +1.600247927e+02 +1.841547927e+02 +1.841547927e+02
10096 0 +1.557045613e+02 +1.798345613e+02 +1.798345613e+02
10112 0 +1.520556052e+02 +1.761856052e+02 +1.761856052e+02
10133 0 +1.477728104e+02 +1.719028104e+02 +1.719028104e+02
10303 0 +1.432889252e+02 +1.674189252e+02 +1.674189252e+02
10322 0 +1.409347856e+02 +1.650647856e+02 +1.650647856e+02
10364 0 +1.372096848e+02 +1.613396848e+02 +1.613396848e+02
10423 0 +1.346784085e+02 +1.588084085e+02 +1.588084085e+02
10457 0 +1.314451280e+02 +1.555751280e+02 +1.555751280e+02
10533 0 +1.278057957e+02 +1.519357957e+02 +1.519357957e+02
10570 0 +1.255639666e+02 +1.496939666e+02 +1.496939666e+02
10593 0 +1.228414264e+02 +1.469714264e+02 +1.469714264e+02
10748 0 +1.193734090e+02 +1.435034090e+02 +1.435034090e+02
10838 0 +1.171243063e+02 +1.412543063e+02 +1.412543063e+02
10939 0 +1.142714017e+02 +1.384014017e+02 +1.384014017e+02
11003 0 +1.119606678e+02 +1.360906678e+02 +1.360906678e+02
11134 0 +1.095081153e+02 +1.336381153e+02 +1.336381153e+02
11309 0 +1.062107597e+02 +1.303407597e+02 +1.303407597e+02
11487 0 +1.041447490e+02 +1.282747490e+02 +1.282747490e+02
11551 0 +1.023132297e+02 +1.264432297e+02 +1.264432297e+02
11861 0 +9.989313029e+01 +1.240231303e+02 +1.240231303e+02
12319 0 +9.766154971e+01 +1.217915497e+02 +1.217915497e+02
% f evaluations | g evaluations | best noise-free fitness - Fopt (-5.837000000000e+02) + sum g_i+ | measured fitness | best measured fitness or single-digit g-values | x1 | x2...
1 0 +1.283080342e+03 +6.993803422e+02 +6.993803422e+02
3 0 +1.075499973e+03 +4.917999725e+02 +4.917999725e+02
4 0 +1.063616983e+03 +4.799169827e+02 +4.799169827e+02
6 0 +1.030631855e+03 +4.469318553e+02 +4.469318553e+02
14 0 +9.689013667e+02 +3.852013667e+02 +3.852013667e+02
18 0 +9.295233655e+02 +3.458233655e+02 +3.458233655e+02
29 0 +9.103884197e+02 +3.266884197e+02 +3.266884197e+02
58 0 +8.402035945e+02 +2.565035945e+02 +2.565035945e+02
152 0 +8.235284694e+02 +2.398284694e+02 +2.398284694e+02
156 0 +7.666923618e+02 +1.829923618e+02 +1.829923618e+02
191 0 +7.405709123e+02 +1.568709123e+02 +1.568709123e+02
237 0 +7.165918461e+02 +1.328918461e+02 +1.328918461e+02
243 0 +6.168116843e+02 +3.311168427e+01 +3.311168427e+01
284 0 +5.719397022e+02 -1.176029779e+01 -1.176029779e+01
323 0 +5.199414659e+02 -6.375853411e+01 -6.375853411e+01
467 0 +4.857652530e+02 -9.793474696e+01 -9.793474696e+01
549 0 +4.766673399e+02 -1.070326601e+02 -1.070326601e+02
630 0 +4.644880904e+02 -1.192119096e+02 -1.192119096e+02
812 0 +3.765443730e+02 -2.071556270e+02 -2.071556270e+02
9593 0 +3.560449799e+02 -2.276550201e+02 -2.276550201e+02
11190 0 +3.532083674e+02 -2.304916326e+02 -2.304916326e+02
14210 0 +3.350775671e+02 -2.486224329e+02 -2.486224329e+02
15118 0 +3.269141280e+02 -2.567858720e+02 -2.567858720e+02
15208 0 +3.175518332e+02 -2.661481668e+02 -2.661481668e+02
15264 0 +3.135589053e+02 -2.701410947e+02 -2.701410947e+02
15320 0 +2.945305594e+02 -2.891694406e+02 -2.891694406e+02
15369 0 +2.775112558e+02 -3.061887442e+02 -3.061887442e+02
15432 0 +2.705069222e+02 -3.131930778e+02 -3.131930778e+02
15437 0 +2.690881193e+02 -3.146118807e+02 -3.146118807e+02
15458 0 +2.581783800e+02 -3.255216200e+02 -3.255216200e+02
15619 0 +2.527294838e+02 -3.309705162e+02 -3.309705162e+02
15675 0 +2.500852954e+02 -3.336147046e+02 -3.336147046e+02
15681 0 +2.447419291e+02 -3.389580709e+02 -3.389580709e+02
15715 0 +2.393652309e+02 -3.443347691e+02 -3.443347691e+02
15730 0 +2.308785969e+02 -3.528214031e+02 -3.528214031e+02
15750 0 +2.264355890e+02 -3.572644110e+02 -3.572644110e+02
15909 0 +2.167157207e+02 -3.669842793e+02 -3.669842793e+02
15942 0 +2.079214473e+02 -3.757785527e+02 -3.757785527e+02
16015 0 +2.028268176e+02 -3.808731824e+02 -3.808731824e+02
16041 0 +1.946320587e+02 -3.890679413e+02 -3.890679413e+02
16216 0 +1.893177134e+02 -3.943822866e+02 -3.943822866e+02
16219 0 +1.846680481e+02 -3.990319519e+02 -3.990319519e+02
16254 0 +1.747600422e+02 -4.089399578e+02 -4.089399578e+02
16394 0 +1.727488522e+02 -4.109511478e+02 -4.109511478e+02
16486 0 +1.687676510e+02 -4.149323490e+02 -4.149323490e+02
16563 0 +1.659253868e+02 -4.177746132e+02 -4.177746132e+02
16591 0 +1.580510981e+02 -4.256489019e+02 -4.256489019e+02
16673 0 +1.539003424e+02 -4.297996576e+02 -4.297996576e+02
16776 0 +1.506259286e+02 -4.330740714e+02 -4.330740714e+02
16837 0 +1.463735405e+02 -4.373264595e+02 -4.373264595e+02
16977 0 +1.441706101e+02 -4.395293899e+02 -4.395293899e+02
17008 0 +1.406561689e+02 -4.430438311e+02 -4.430438311e+02
17220 0 +1.375265686e+02 -4.461734314e+02 -4.461734314e+02
17375 0 +1.347581138e+02 -4.489418862e+02 -4.489418862e+02
17498 0 +1.318060067e+02 -4.518939933e+02 -4.518939933e+02
17895 0 +1.285433273e+02 -4.551566727e+02 -4.551566727e+02
18468 0 +1.258116156e+02 -4.578883844e+02 -4.578883844e+02
