% f evaluations | g evaluations | best noise-free fitness - Fopt (-4.620900000000e+02) + sum g_i+ | measured fitness | best measured fitness or single-digit g-values | x1 | x2...
1 0 +5.261283378e+03 +4.799193378e+03 +4.799193378e+03
4 0 +4.096057452e+03 +3.633967452e+03 +3.633967452e+03
6 0 +2.413983325e+03 +1.951893325e+03 +1.951893325e+03
13 0 +1.867828572e+03 +1.405738572e+03 +1.405738572e+03
17 0 +1.665768142e+03 +1.203678142e+03 +1.203678142e+03
37 0 +1.512009186e+03 +1.049919186e+03 +1.049919186e+03
45 0 +1.253462241e+03 +7.913722413e+02 +7.913722413e+02
51 0 +1.220594283e+03 +7.585042830e+02 +7.585042830e+02
267 0 +1.191919286e+03 +7.298292858e+02 +7.298292858e+02
285 0 +1.147575734e+03 +6.854857336e+02 +6.854857336e+02
292 0 +1.037056124e+03 +5.749661241e+02 +5.749661241e+02
304 0 +9.842682792e+02 +5.221782792e+02 +5.221782792e+02
360 0 +8.572261152e+02 +3.951361152e+02 +3.951361152e+02
364 0 +8.321965070e+02 +3.701065070e+02 +3.701065070e+02
429 0 +7.642950139e+02 +3.022050139e+02 +3.022050139e+02
479 0 +6.894505817e+02 +2.273605817e+02 +2.273605817e+02
648 0 +6.754171655e+02 +2.133271655e+02 +2.133271655e+02
673 0 +5.993063350e+02 +1.372163350e+02 +1.372163350e+02
729 0 +5.592653421e+02 +9.717534210e+01 +9.717534210e+01
794 0 +5.264707512e+02 +6.438075117e+01 +6.438075117e+01
909 0 +5.168368014e+02 +5.474680142e+01 +5.474680142e+01
911 0 +5.097235810e+02 +4.763358096e+01 +4.763358096e+01
925 0 +3.985236649e+02 -6.356633509e+01 -6.356633509e+01
92586 0 +3.712590438e+02 -9.083095622e+01 -9.083095622e+01
% f evaluations | g evaluations | best noise-free fitness - Fopt (7.766000000000e+01) + sum g_i+ | measured fitness | best measured fitness or single-digit g-values | x1 | x2...
1 0 +2.447944785e+03 +2.525604785e+03 +2.525604785e+03
18 0 +2.442729857e+03 +2.520389857e+03 +2.520389857e+03
55 0 +2.046267356e+03 +2.123927356e+03 +2.123927356e+03
183 0 +1.971715627e+03 +2.049375627e+03 +2.049375627e+03
222 0 +1.941015612e+03 +2.018675612e+03 +2.018675612e+03
267 0 +1.840316436e+03 +1.917976436e+03 +1.917976436e+03
272 0 +1.391085214e+03 +1.468745214e+03 +1.468745214e+03
360 0 +1.244510523e+03 +1.322170523e+03 +1.322170523e+03
415 0 +1.164574497e+03 +1.242234497e+03 +1.242234497e+03
462 0 +1.100577552e+03 +1.178237552e+03 +1.178237552e+03
466 0 +1.081543640e+03 +1.159203640e+03 +1.159203640e+03
473 0 +1.066594446e+03 +1.144254446e+03 +1.144254446e+03
483 0 +1.021344866e+03 +1.099004866e+03 +1.099004866e+03
513 0 +9.569502469e+02 +1.034610247e+03 +1.034610247e+03
529 0 +8.484032732e+02 +9.260632732e+02 +9.260632732e+02
615 0 +8.303215979e+02 +9.079815979e+02 +9.079815979e+02
669 0 +8.008772452e+02 +8.785372452e+02 +8.785372452e+02
687 0 +7.828243331e+02 +8.604843331e+02 +8.604843331e+02
721 0 +7.619323337e+02 +8.395923337e+02 +8.395923337e+02
741 0 +7.309186695e+02 +8.085786695e+02 +8.085786695e+02
766 0 +7.109328389e+02 +7.885928389e+02 +7.885928389e+02
795 0 +7.026441322e+02 +7.803041322e+02 +7.803041322e+02
802 0 +6.872918272e+02 +7.649518272e+02 +7.649518272e+02
806 0 +6.537836593e+02 +7.314436593e+02 +7.314436593e+02
878 0 +6.190470661e+02 +6.967070661e+02 +6.967070661e+02
955 0 +5.661635241e+02 +6.438235241e+02 +6.438235241e+02
1127 0 +5.467016098e+02 +6.243616098e+02 +6.243616098e+02
1462 0 +5.107568126e+02 +5.884168126e+02 +5.884168126e+02
1468 0 +4.973178992e+02 +5.749778992e+02 +5.749778992e+02
1674 0 +4.808011148e+02 +5.584611148e+02 +5.584611148e+02
1693 0 +4.784701466e+02 +5.561301466e+02 +5.561301466e+02
1846 0 +4.337907790e+02 +5.114507790e+02 +5.114507790e+02
2302 0 +4.255849376e+02 +5.032449376e+02 +5.032449376e+02
2476 0 +4.156558673e+02 +4.933158673e+02 +4.933158673e+02
2588 0 +3.844722641e+02 +4.621322641e+02 +4.621322641e+02
2830 0 +3.612952684e+02 +4.389552684e+02 +4.389552684e+02
2856 0 +3.519251188e+02 +4.295851188e+02 +4.295851188e+02
2867 0 +3.427174529e+02 +4.203774529e+02 +4.203774529e+02
2987 0 +3.256106124e+02 +4.032706124e+02 +4.032706124e+02
2995 0 +3.197105186e+02 +3.973705186e+02 +3.973705186e+02
3010 0 +2.868860491e+02 +3.645460491e+02 +3.645460491e+02
3181 0 +2.568585201e+02 +3.345185201e+02 +3.345185201e+02
3239 0 +2.478026731e+02 +3.254626731e+02 +3.254626731e+02
3260 0 +2.377118749e+02 +3.153718749e+02 +3.153718749e+02
3261 0 +2.256161563e+02 +3.032761563e+02 +3.032761563e+02
3263 0 +2.128007206e+02 +2.904607206e+02 +2.904607206e+02
3331 0 +1.985908591e+02 +2.762508591e+02 +2.762508591e+02
3427 0 +1.945123268e+02 +2.721723268e+02 +2.721723268e+02
3465 0 +1.898204024e+02 +2.674804024e+02 +2.674804024e+02
3611 0 +1.821232189e+02 +2.597832189e+02 +2.597832189e+02
3621 0 +1.786431742e+02 +2.563031742e+02 +2.563031742e+02
3644 0 +1.776628387e+02 +2.553228387e+02 +2.553228387e+02
3680 0 +1.704339840e+02 +2.480939840e+02 +2.480939840e+02
3681 0 +1.694872407e+02 +2.471472407e+02 +2.471472407e+02
3721 0 +1.632509253e+02 +2.409109253e+02 +2.409109253e+02
3799 0 +1.618887505e+02 +2.395487505e+02 +2.395487505e+02
3851 0 +1.562829014e+02 +2.339429014e+02 +2.339429014e+02
4024 0 +1.542589453e+02 +2.319189453e+02 +2.319189453e+02
4125 0 +1.513088680e+02 +2.289688680e+02 +2.289688680e+02
4498 0 +1.478803972e+02 +2.255403972e+02 +2.255403972e+02
19280 0 +1.437200774e+02 +2.213800774e+02 +2.213800774e+02
19290 0 +1.410740590e+02 +2.187340590e+02 +2.187340590e+02
19393 0 +1.363126798e+02 +2.139726798e+02 +2.139726798e+02
19418 0 +1.333663773e+02 +2.110263773e+02 +2.110263773e+02
19467 0 +1.312356042e+02 +2.088956042e+02 +2.088956042e+02
19543 0 +1.283808420e+02 +2.060408420e+02 +2.060408420e+02
19714 0 +1.231832456e+02 +2.008432456e+02 +2.008432456e+02
19761 0 +1.228632913e+02 +2.005232913e+02 +2.005232913e+02
20001 0 +1.199600524e+02 +1.976200524e+02 +1.976200524e+02
20253 0 +1.174046994e+02 +1.950646994e+02 +1.950646994e+02
20629 0 +1.147230556e+02 +1.923830556e+02 +1.923830556e+02
21274 0 +1.121966364e+02 +1.898566364e+02 +1.898566364e+02
34830 0 +1.086435018e+02 +1.863035018e+02 +1.863035018e+02
34882 0 +1.032190273e+02 +1.808790273e+02 +1.808790273e+02
34905 0 +1.019707949e+02 +1.796307949e+02 +1.796307949e+02
34929 0 +9.593738928e+01 +1.735973893e+02 +1.735973893e+02
34953 0 +9.431560914e+01 +1.719756091e+02 +1.719756091e+02
34980 0 +9.319528386e+01 +1.708552839e+02 +1.708552839e+02
35099 0 +8.760992446e+01 +1.652699245e+02 +1.652699245e+02
35178 0 +8.638333051e+01 +1.640433305e+02 +1.640433305e+02
35238 0 +8.460615898e+01 +1.622661590e+02 +1.622661590e+02
35338 0 +8.278360341e+01 +1.604436034e+02 +1.604436034e+02
35416 0 +8.125105856e+01 +1.589110586e+02 +1.589110586e+02
35509 0 +7.862114125e+01 +1.562811412e+02 +1.562811412e+02
35648 0 +7.747661973e+01 +1.551366197e+02 +1.551366197e+02
35987 0 +7.579506969e+01 +1.534550697e+02 +1.534550697e+02
38283 0 +7.412953700e+01 +1.517895370e+02 +1.517895370e+02
% f evaluations | g evaluations | best noise-free fitness - Fopt (1.156800000000e+02) + sum g_i+ | measured fitness | best measured fitness or single-digit g-values | x1 | x2...
1 0 +4.931247751e+03 +5.046927751e+03 +5.046927751e+03
2 0 +2.481776502e+03 +2.597456502e+03 +2.597456502e+03
6 0 +1.921326134e+03 +2.037006134e+03 +2.037006134e+03
22 0 +1.516282203e+03 +1.631962203e+03 +1.631962203e+03
84 0 +1.491890306e+03 +1.607570306e+03 +1.607570306e+03
127 0 +1.407345451e+03 +1.523025451e+03 +1.523025451e+03
151 0 +1.370559732e+03 +1.486239732e+03 +1.486239732e+03
166 0 +1.268497705e+03 +1.384177705e+03 +1.384177705e+03
200 0 +1.206455258e+03 +1.322135258e+03 +1.322135258e+03
221 0 +1.131200616e+03 +1.246880616e+03 +1.246880616e+03
256 0 +1.044417142e+03 +1.160097142e+03 +1.160097142e+03
261 0 +9.713571420e+02 +1.087037142e+03 +1.087037142e+03
313 0 +9.108268032e+02 +1.026506803e+03 +1.026506803e+03
341 0 +8.615586328e+02 +9.772386328e+02 +9.772386328e+02
408 0 +7.644928684e+02 +8.801728684e+02 +8.801728684e+02
550 0 +7.574164271e+02 +8.730964271e+02 +8.730964271e+02
571 0 +6.656223599e+02 +7.813023599e+02 +7.813023599e+02
752 0 +6.370823752e+02 +7.527623752e+02 +7.527623752e+02
788 0 +6.089670445e+02 +7.246470445e+02 +7.246470445e+02
808 0 +5.630034645e+02 +6.786834645e+02 +6.786834645e+02
829 0 +5.142164437e+02 +6.298964437e+02 +6.298964437e+02
1342 0 +5.108083031e+02 +6.264883031e+02 +6.264883031e+02
1366 0 +4.927138573e+02 +6.083938573e+02 +6.083938573e+02
1467 0 +4.571346854e+02 +5.728146854e+02 +5.728146854e+02
1627 0 +4.570686213e+02 +5.727486213e+02 +5.727486213e+02
1868 0 +4.394083923e+02 +5.550883923e+02 +5.550883923e+02
1986 0 +4.126751446e+02 +5.283551446e+02 +5.283551446e+02
2129 0 +3.831830231e+02 +4.988630231e+02 +4.988630231e+02
2272 0 +3.656728889e+02 +4.813528889e+02 +4.813528889e+02
2292 0 +3.514644211e+02 +4.671444211e+02 +4.671444211e+02
2314 0 +3.392313602e+02 +4.549113602e+02 +4.549113602e+02
2488 0 +3.335824459e+02 +4.492624459e+02 +4.492624459e+02
2527 0 +3.215005503e+02 +4.371805503e+02 +4.371805503e+02
2545 0 +3.034050058e+02 +4.190850058e+02 +4.190850058e+02
2583 0 +2.874768644e+02 +4.031568644e+02 +4.031568644e+02
2672 0 +2.813319739e+02 +3.970119739e+02 +3.970119739e+02
2684 0 +2.729705638e+02 +3.886505638e+02 +3.886505638e+02
2699 0 +2.588306344e+02 +3.745106344e+02 +3.745106344e+02
2834 0 +2.545186129e+02 +3.701986129e+02 +3.701986129e+02
2865 0 +2.469357357e+02 +3.626157357e+02 +3.626157357e+02
2889 0 +2.452340111e+02 +3.609140111e+02 +3.609140111e+02
2931 0 +2.295536510e+02 +3.452336510e+02 +3.452336510e+02
2965 0 +2.084913745e+02 +3.241713745e+02 +3.241713745e+02
3000 0 +1.997264775e+02 +3.154064775e+02 +3.154064775e+02
3018 0 +1.944657520e+02 +3.101457520e+02 +3.101457520e+02
3020 0 +1.862830193e+02 +3.019630193e+02 +3.019630193e+02
3064 0 +1.851296939e+02 +3.008096939e+02 +3.008096939e+02
3090 0 +1.817924554e+02 +2.974724554e+02 +2.974724554e+02
3155 0 +1.777731619e+02 +2.934531619e+02 +2.934531619e+02
3243 0 +1.736631066e+02 +2.893431066e+02 +2.893431066e+02
3285 0 +1.684424054e+02 +2.841224054e+02 +2.841224054e+02
3306 0 +1.649517592e+02 +2.806317592e+02 +2.806317592e+02
3320 0 +1.609632359e+02 +2.766432359e+02 +2.766432359e+02
3402 0 +1.575497612e+02 +2.732297612e+02 +2.732297612e+02
3623 0 +1.534108198e+02 +2.690908198e+02 +2.690908198e+02
3668 0 +1.510563862e+02 +2.667363862e+02 +2.667363862e+02
4152 0 +1.478268298e+02 +2.635068298e+02 +2.635068298e+02
17639 0 +1.401209523e+02 +2.558009523e+02 +2.558009523e+02
17719 0 +1.369286638e+02 +2.526086638e+02 +2.526086638e+02
17763 0 +1.347947620e+02 +2.504747620e+02 +2.504747620e+02
17800 0 +1.233591281e+02 +2.390391281e+02 +2.390391281e+02
17812 0 +1.226534970e+02 +2.383334970e+02 +2.383334970e+02
17822 0 +1.177389071e+02 +2.334189071e+02 +2.334189071e+02
17835 0 +1.167646530e+02 +2.324446530e+02 +2.324446530e+02
17914 0 +1.111634761e+02 +2.268434761e+02 +2.268434761e+02
17995 0 +1.096388246e+02 +2.253188246e+02 +2.253188246e+02
18041 0 +1.044951972e+02 +2.201751972e+02 +2.201751972e+02
18155 0 +1.018595714e+02 +2.175395714e+02 +2.175395714e+02
18359 0 +9.983589730e+01 +2.155158973e+02 +2.155158973e+02
18526 0 +9.769897428e+01 +2.133789743e+02 +2.133789743e+02
19177 0 +9.547050433e+01 +2.111505043e+02 +2.111505043e+02
63567 0 +9.235659057e+01 +2.080365906e+02 +2.080365906e+02
63690 0 +9.111983199e+01 +2.067998320e+02 +2.067998320e+02
63840 0 +8.896566536e+01 +2.046456654e+02 +2.046456654e+02
63977 0 +8.684175789e+01 +2.025217579e+02 +2.025217579e+02
64340 0 +8.500815063e+01 +2.006881506e+02 +2.006881506e+02
65002 0 +8.316200167e+01 +1.988420017e+02 +1.988420017e+02
% f evaluations | g evaluations | best noise-free fitness - Fopt (-3.710000000000e+00) + sum g_i+ | measured fitness | best measured fitness or single-digit g-values | x1 | x2...
1 0 +4.614309441e+03 +4.610599441e+03 +4.610599441e+03
2 0 +3.955409259e+03 +3.951699259e+03 +3.951699259e+03
5 0 +3.754708102e+03 +3.750998102e+03 +3.750998102e+03
7 0 +3.387102684e+03 +3.383392684e+03 +3.383392684e+03
8 0 +3.174345959e+03 +3.170635959e+03 +3.170635959e+03
13 0 +1.723570868e+03 +1.719860868e+03 +1.719860868e+03
90 0 +1.545180077e+03 +1.541470077e+03 +1.541470077e+03
91 0 +1.440058680e+03 +1.436348680e+03 +1.436348680e+03
159 0 +1.354785756e+03 +1.351075756e+03 +1.351075756e+03
181 0 +1.331577773e+03 +1.327867773e+03 +1.327867773e+03
203 0 +1.287835747e+03 +1.284125747e+03 +1.284125747e+03
219 0 +1.183012392e+03 +1.179302392e+03 +1.179302392e+03
304 0 +1.126177441e+03 +1.122467441e+03 +1.122467441e+03
328 0 +1.050422251e+03 +1.046712251e+03 +1.046712251e+03
363 0 +1.011084029e+03 +1.007374029e+03 +1.007374029e+03
364 0 +9.542980749e+02 +9.505880749e+02 +9.505880749e+02
389 0 +9.316243096e+02 +9.279143096e+02 +9.279143096e+02
406 0 +8.883294237e+02 +8.846194237e+02 +8.846194237e+02
455 0 +8.495692074e+02 +8.458592074e+02 +8.458592074e+02
572 0 +8.057602362e+02 +8.020502362e+02 +8.020502362e+02
574 0 +7.239048618e+02 +7.201948618e+02 +7.201948618e+02
630 0 +6.464197682e+02 +6.427097682e+02 +6.427097682e+02
686 0 +6.362045787e+02 +6.324945787e+02 +6.324945787e+02
713 0 +5.931993188e+02 +5.894893188e+02 +5.894893188e+02
839 0 +5.416107427e+02 +5.379007427e+02 +5.379007427e+02
961 0 +5.177567136e+02 +5.140467136e+02 +5.140467136e+02
1015 0 +4.963421640e+02 +4.926321640e+02 +4.926321640e+02
1231 0 +4.880469359e+02 +4.843369359e+02 +4.843369359e+02
1301 0 +4.560569513e+02 +4.523469513e+02 +4.523469513e+02
1336 0 +4.456776552e+02 +4.419676552e+02 +4.419676552e+02
1357 0 +4.073407475e+02 +4.036307475e+02 +4.036307475e+02
2091 0 +3.779889413e+02 +3.742789413e+02 +3.742789413e+02
2372 0 +3.678860637e+02 +3.641760637e+02 +3.641760637e+02
2473 0 +3.469319569e+02 +3.432219569e+02 +3.432219569e+02
2539 0 +3.211992114e+02 +3.174892114e+02 +3.174892114e+02
2592 0 +3.025442486e+02 +2.988342486e+02 +2.988342486e+02
2659 0 +2.810120608e+02 +2.773020608e+02 +2.773020608e+02
2683 0 +2.743861444e+02 +2.706761444e+02 +2.706761444e+02
2687 0 +2.618303091e+02 +2.581203091e+02 +2.581203091e+02
2729 0 +2.526944955e+02 +2.489844955e+02 +2.489844955e+02
2734 0 +2.371376886e+02 +2.334276886e+02 +2.334276886e+02
2911 0 +2.239887704e+02 +2.202787704e+02 +2.202787704e+02
2929 0 +2.066880972e+02 +2.029780972e+02 +2.029780972e+02
2986 0 +1.980738950e+02 +1.943638950e+02 +1.943638950e+02
3042 0 +1.916682528e+02 +1.879582528e+02 +1.879582528e+02
3071 0 +1.891693573e+02 +1.854593573e+02 +1.854593573e+02
3113 0 +1.832941642e+02 +1.795841642e+02 +1.795841642e+02
3114 0 +1.803770342e+02 +1.766670342e+02 +1.766670342e+02
3292 0 +1.764840136e+02 +1.727740136e+02 +1.727740136e+02
3320 0 +1.675632164e+02 +1.638532164e+02 +1.638532164e+02
3333 0 +1.658277524e+02 +1.621177524e+02 +1.621177524e+02
3428 0 +1.615827270e+02 +1.578727270e+02 +1.578727270e+02
3559 0 +1.571305366e+02 +1.534205366e+02 +1.534205366e+02
3718 0 +1.547714209e+02 +1.510614209e+02 +1.510614209e+02
3916 0 +1.511350462e+02 +1.474250462e+02 +1.474250462e+02
4063 0 +1.467038188e+02 +1.429938188e+02 +1.429938188e+02
4199 0 +1.443633951e+02 +1.406533951e+02 +1.406533951e+02
4679 0 +1.410772163e+02 +1.373672163e+02 +1.373672163e+02
34471 0 +1.370546665e+02 +1.333446665e+02 +1.333446665e+02
34493 0 +1.342139471e+02 +1.305039471e+02 +1.305039471e+02
34559 0 +1.306791107e+02 +1.269691107e+02 +1.269691107e+02
34580 0 +1.260026352e+02 +1.222926352e+02 +1.222926352e+02
34643 0 +1.224703031e+02 +1.187603031e+02 +1.187603031e+02
34769 0 +1.201269193e+02 +1.164169193e+02 +1.164169193e+02
34903 0 +1.169946156e+02 +1.132846156e+02 +1.132846156e+02
35124 0 +1.144785190e+02 +1.107685190e+02 +1.107685190e+02
35707 0 +1.121373451e+02 +1.084273451e+02 +1.084273451e+02
63066 0 +1.095060654e+02 +1.057960654e+02 +1.057960654e+02
63320 0 +1.060704856e+02 +1.023604856e+02 +1.023604856e+02
63331 0 +1.037253889e+02 +1.000153889e+02 +1.000153889e+02
63413 0 +1.015702888e+02 +9.786028878e+01 +9.786028878e+01
63511 0 +9.973228970e+01 +9.602228970e+01 +9.602228970e+01
63680 0 +9.761926219e+01 +9.390926219e+01 +9.390926219e+01
64042 0 +9.543796469e+01 +9.172796469e+01 +9.172796469e+01
% f evaluations | g evaluations | best noise-free fitness - Fopt (1.321800000000e+02) + sum g_i+ | measured fitness | best measured fitness or single-digit g-values | x1 | x2...
1 0 +5.153750009e+03 +5.285930009e+03 +5.285930009e+03
4 0 +4.648279025e+03 +4.780459025e+03 +4.780459025e+03
5 0 +3.394781097e+03 +3.526961097e+03 +3.526961097e+03
9 0 +3.203568880e+03 +3.335748880e+03 +3.335748880e+03
10 0 +2.523256742e+03 +2.655436742e+03 +2.655436742e+03
23 0 +2.009781049e+03 +2.141961049e+03 +2.141961049e+03
42 0 +1.954293514e+03 +2.086473514e+03 +2.086473514e+03
44 0 +1.753298772e+03 +1.885478772e+03 +1.885478772e+03
81 0 +1.583109538e+03 +1.715289538e+03 +1.715289538e+03
104 0 +1.399420074e+03 +1.531600074e+03 +1.531600074e+03
167 0 +1.179932523e+03 +1.312112523e+03 +1.312112523e+03
240 0 +1.115616309e+03 +1.247796309e+03 +1.247796309e+03
287 0 +1.031985197e+03 +1.164165197e+03 +1.164165197e+03
290 0 +9.669363999e+02 +1.099116400e+03 +1.099116400e+03
394 0 +9.465089894e+02 +1.078688989e+03 +1.078688989e+03
427 0 +9.246443126e+02 +1.056824313e+03 +1.056824313e+03
473 0 +9.115670065e+02 +1.043747006e+03 +1.043747006e+03
493 0 +8.677870482e+02 +9.999670482e+02 +9.999670482e+02
506 0 +8.244444515e+02 +9.566244515e+02 +9.566244515e+02
515 0 +7.969175713e+02 +9.290975713e+02 +9.290975713e+02
545 0 +7.508013823e+02 +8.829813823e+02 +8.829813823e+02
582 0 +7.165771839e+02 +8.487571839e+02 +8.487571839e+02
653 0 +7.034199702e+02 +8.355999702e+02 +8.355999702e+02
669 0 +6.903978857e+02 +8.225778857e+02 +8.225778857e+02
677 0 +6.677852498e+02 +7.999652498e+02 +7.999652498e+02
679 0 +6.393576141e+02 +7.715376141e+02 +7.715376141e+02
682 0 +6.285214475e+02 +7.607014475e+02 +7.607014475e+02
725 0 +5.799341889e+02 +7.121141889e+02 +7.121141889e+02
733 0 +5.552175013e+02 +6.873975013e+02 +6.873975013e+02
791 0 +5.109394825e+02 +6.431194825e+02 +6.431194825e+02
1115 0 +4.994753906e+02 +6.316553906e+02 +6.316553906e+02
1194 0 +4.605815526e+02 +5.927615526e+02 +5.927615526e+02
1412 0 +4.243475997e+02 +5.565275997e+02 +5.565275997e+02
1654 0 +3.874519118e+02 +5.196319118e+02 +5.196319118e+02
1655 0 +3.755950321e+02 +5.077750321e+02 +5.077750321e+02
2553 0 +3.706132647e+02 +5.027932647e+02 +5.027932647e+02
2558 0 +3.611478915e+02 +4.933278915e+02 +4.933278915e+02
2723 0 +3.450896466e+02 +4.772696466e+02 +4.772696466e+02
2882 0 +3.381121054e+02 +4.702921054e+02 +4.702921054e+02
3069 0 +3.152751958e+02 +4.474551958e+02 +4.474551958e+02
3472 0 +2.815757949e+02 +4.137557949e+02 +4.137557949e+02
3482 0 +2.645122046e+02 +3.966922046e+02 +3.966922046e+02
3560 0 +2.404670925e+02 +3.726470925e+02 +3.726470925e+02
3723 0 +2.371476665e+02 +3.693276665e+02 +3.693276665e+02
3739 0 +2.147070413e+02 +3.468870413e+02 +3.468870413e+02
3790 0 +2.098862015e+02 +3.420662015e+02 +3.420662015e+02
3851 0 +1.946160233e+02 +3.267960233e+02 +3.267960233e+02
3874 0 +1.763301896e+02 +3.085101896e+02 +3.085101896e+02
3940 0 +1.664986604e+02 +2.986786604e+02 +2.986786604e+02
3974 0 +1.227306348e+02 +2.549106348e+02 +2.549106348e+02
4176 0 +1.177605738e+02 +2.499405738e+02 +2.499405738e+02
4201 0 +1.154641947e+02 +2.476441947e+02 +2.476441947e+02
4233 0 +1.115071847e+02 +2.436871847e+02 +2.436871847e+02
4297 0 +1.077407198e+02 +2.399207198e+02 +2.399207198e+02
4343 0 +1.020604913e+02 +2.342404913e+02 +2.342404913e+02
4470 0 +9.967581477e+01 +2.318558148e+02 +2.318558148e+02
4550 0 +9.771370262e+01 +2.298937026e+02 +2.298937026e+02
4666 0 +9.543441358e+01 +2.276144136e+02 +2.276144136e+02
4821 0 +9.235282741e+01 +2.245328274e+02 +2.245328274e+02
4844 0 +9.102737374e+01 +2.232073737e+02 +2.232073737e+02
5821 0 +8.909875890e+01 +2.212787589e+02 +2.212787589e+02
% f evaluations | g evaluations | best noise-free fitness - Fopt (1.104800000000e+02) + sum g_i+ | measured fitness | best measured fitness or single-digit g-values | x1 | x2...
1 0 +7.648625304e+03 +7.759105304e+03 +7.759105304e+03
2 0 +5.131841559e+03 +5.242321559e+03 +5.242321559e+03
3 0 +2.073804916e+03 +2.184284916e+03 +2.184284916e+03
17 0 +1.695733351e+03 +1.806213351e+03 +1.806213351e+03
85 0 +1.642744152e+03 +1.753224152e+03 +1.753224152e+03
134 0 +1.463538213e+03 +1.574018213e+03 +1.574018213e+03
140 0 +1.257702801e+03 +1.368182801e+03 +1.368182801e+03
215 0 +1.200016599e+03 +1.310496599e+03 +1.310496599e+03
226 0 +1.126388781e+03 +1.236868781e+03 +1.236868781e+03
264 0 +1.118027404e+03 +1.228507404e+03 +1.228507404e+03
293 0 +1.060833047e+03 +1.171313047e+03 +1.171313047e+03
336 0 +9.921489912e+02 +1.102628991e+03 +1.102628991e+03
351 0 +9.416799532e+02 +1.052159953e+03 +1.052159953e+03
376 0 +9.143911663e+02 +1.024871166e+03 +1.024871166e+03
395 0 +8.850567179e+02 +9.955367179e+02 +9.955367179e+02
401 0 +8.288262719e+02 +9.393062719e+02 +9.393062719e+02
425 0 +7.238595487e+02 +8.343395487e+02 +8.343395487e+02
577 0 +6.834974809e+02 +7.939774809e+02 +7.939774809e+02
639 0 +6.592739452e+02 +7.697539452e+02 +7.697539452e+02
725 0 +6.393706688e+02 +7.498506688e+02 +7.498506688e+02
831 0 +6.141294693e+02 +7.246094693e+02 +7.246094693e+02
850 0 +5.717086330e+02 +6.821886330e+02 +6.821886330e+02
859 0 +5.437783583e+02 +6.542583583e+02 +6.542583583e+02
1074 0 +5.225604469e+02 +6.330404469e+02 +6.330404469e+02
1108 0 +5.046140564e+02 +6.150940564e+02 +6.150940564e+02
1229 0 +4.961759384e+02 +6.066559384e+02 +6.066559384e+02
1237 0 +4.726000742e+02 +5.830800742e+02 +5.830800742e+02
1443 0 +4.388227032e+02 +5.493027032e+02 +5.493027032e+02
1447 0 +4.339410262e+02 +5.444210262e+02 +5.444210262e+02
2098 0 +4.242154092e+02 +5.346954092e+02 +5.346954092e+02
2232 0 +4.124148469e+02 +5.228948469e+02 +5.228948469e+02
2261 0 +3.954247354e+02 +5.059047354e+02 +5.059047354e+02
2475 0 +3.884462928e+02 +4.989262928e+02 +4.989262928e+02
2484 0 +3.759016533e+02 +4.863816533e+02 +4.863816533e+02
2525 0 +3.533269986e+02 +4.638069986e+02 +4.638069986e+02
2562 0 +3.392772421e+02 +4.497572421e+02 +4.497572421e+02
2600 0 +3.359755311e+02 +4.464555311e+02 +4.464555311e+02
2644 0 +3.118876636e+02 +4.223676636e+02 +4.223676636e+02
2679 0 +3.024324486e+02 +4.129124486e+02 +4.129124486e+02
2725 0 +2.915575808e+02 +4.020375808e+02 +4.020375808e+02
2747 0 +2.777171926e+02 +3.881971926e+02 +3.881971926e+02
2768 0 +2.549329223e+02 +3.654129223e+02 +3.654129223e+02
2826 0 +2.457690536e+02 +3.562490536e+02 +3.562490536e+02
2835 0 +2.352172143e+02 +3.456972143e+02 +3.456972143e+02
2844 0 +2.161247669e+02 +3.266047669e+02 +3.266047669e+02
2906 0 +2.098028451e+02 +3.202828451e+02 +3.202828451e+02
2973 0 +2.051464225e+02 +3.156264225e+02 +3.156264225e+02
3027 0 +2.034082243e+02 +3.138882243e+02 +3.138882243e+02
3035 0 +1.975928012e+02 +3.080728012e+02 +3.080728012e+02
3054 0 +1.897235718e+02 +3.002035718e+02 +3.002035718e+02
3170 0 +1.782775170e+02 +2.887575170e+02 +2.887575170e+02
3185 0 +1.748206320e+02 +2.853006320e+02 +2.853006320e+02
3218 0 +1.702416058e+02 +2.807216058e+02 +2.807216058e+02
3250 0 +1.686011904e+02 +2.790811904e+02 +2.790811904e+02
3366 0 +1.636870685e+02 +2.741670685e+02 +2.741670685e+02
3459 0 +1.619500357e+02 +2.724300357e+02 +2.724300357e+02
3548 0 +1.573130061e+02 +2.677930061e+02 +2.677930061e+02
3684 0 +1.546961634e+02 +2.651761634e+02 +2.651761634e+02
3983 0 +1.512390668e+02 +2.617190668e+02 +2.617190668e+02
30308 0 +1.446135195e+02 +2.550935195e+02 +2.550935195e+02
30321 0 +1.373289714e+02 +2.478089714e+02 +2.478089714e+02
30340 0 +1.319890905e+02 +2.424690905e+02 +2.424690905e+02
30409 0 +1.296946721e+02 +2.401746721e+02 +2.401746721e+02
30424 0 +1.276707604e+02 +2.381507604e+02 +2.381507604e+02
30464 0 +1.232094112e+02 +2.336894112e+02 +2.336894112e+02
30486 0 +1.228663925e+02 +2.333463925e+02 +2.333463925e+02
30495 0 +1.188346058e+02 +2.293146058e+02 +2.293146058e+02
30665 0 +1.170659057e+02 +2.275459057e+02 +2.275459057e+02
30703 0 +1.147439211e+02 +2.252239211e+02 +2.252239211e+02
30820 0 +1.113834820e+02 +2.218634820e+02 +2.218634820e+02
30829 0 +1.082811474e+02 +2.187611474e+02 +2.187611474e+02
30968 0 +1.060173620e+02 +2.164973620e+02 +2.164973620e+02
31099 0 +1.046444452e+02 +2.151244452e+02 +2.151244452e+02
31384 0 +1.019709775e+02 +2.124509775e+02 +2.124509775e+02
31688 0 +9.995837143e+01 +2.104383714e+02 +2.104383714e+02
62566 0 +9.693367704e+01 +2.074136770e+02 +2.074136770e+02
62789 0 +9.513471479e+01 +2.056147148e+02 +2.056147148e+02
63170 0 +9.332418375e+01 +2.038041838e+02 +2.038041838e+02
63475 0 +9.092654425e+01 +2.014065442e+02 +2.014065442e+02
63985 0 +8.899520638e+01 +1.994752064e+02 +1.994752064e+02
% f evaluations | g evaluations | best noise-free fitness - Fopt (-1.509000000000e+01) + sum g_i+ | measured fitness | best measured fitness or single-digit g-values | x1 | x2...
1 0 +3.598122104e+03 +3.583032104e+03 +3.583032104e+03
9 0 +3.032616549e+03 +3.017526549e+03 +3.017526549e+03
17 0 +2.645997871e+03 +2.630907871e+03 +2.630907871e+03
21 0 +1.743081446e+03 +1.727991446e+03 +1.727991446e+03
60 0 +1.671496435e+03 +1.656406435e+03 +1.656406435e+03
78 0 +1.586627758e+03 +1.571537758e+03 +1.571537758e+03
82 0 +1.534027918e+03 +1.518937918e+03 +1.518937918e+03
123 0 +1.423876938e+03 +1.408786938e+03 +1.408786938e+03
128 0 +1.363854053e+03 +1.348764053e+03 +1.348764053e+03
148 0 +1.188572160e+03 +1.173482160e+03 +1.173482160e+03
206 0 +1.008962609e+03 +9.938726094e+02 +9.938726094e+02
302 0 +9.058070382e+02 +8.907170382e+02 +8.907170382e+02
332 0 +8.714554301e+02 +8.563654301e+02 +8.563654301e+02
337 0 +8.466375952e+02 +8.315475952e+02 +8.315475952e+02
382 0 +8.173775998e+02 +8.022875998e+02 +8.022875998e+02
393 0 +7.862001476e+02 +7.711101476e+02 +7.711101476e+02
433 0 +6.883889796e+02 +6.732989796e+02 +6.732989796e+02
550 0 +5.950665068e+02 +5.799765068e+02 +5.799765068e+02
746 0 +5.744276027e+02 +5.593376027e+02 +5.593376027e+02
774 0 +5.500807494e+02 +5.349907494e+02 +5.349907494e+02
856 0 +5.442740350e+02 +5.291840350e+02 +5.291840350e+02
901 0 +5.299934180e+02 +5.149034180e+02 +5.149034180e+02
932 0 +5.154503226e+02 +5.003603226e+02 +5.003603226e+02
982 0 +4.663594366e+02 +4.512694366e+02 +4.512694366e+02
1572 0 +4.564637282e+02 +4.413737282e+02 +4.413737282e+02
1726 0 +4.409417505e+02 +4.258517505e+02 +4.258517505e+02
1791 0 +4.024065927e+02 +3.873165927e+02 +3.873165927e+02
2196 0 +3.971819184e+02 +3.820919184e+02 +3.820919184e+02
2220 0 +3.691052197e+02 +3.540152197e+02 +3.540152197e+02
2312 0 +3.585969623e+02 +3.435069623e+02 +3.435069623e+02
2420 0 +3.362065765e+02 +3.211165765e+02 +3.211165765e+02
2438 0 +3.298156119e+02 +3.147256119e+02 +3.147256119e+02
2483 0 +3.172085395e+02 +3.021185395e+02 +3.021185395e+02
2517 0 +3.087904387e+02 +2.937004387e+02 +2.937004387e+02
2542 0 +2.844830843e+02 +2.693930843e+02 +2.693930843e+02
2669 0 +2.800211970e+02 +2.649311970e+02 +2.649311970e+02
2675 0 +2.635093800e+02 +2.484193800e+02 +2.484193800e+02
2695 0 +2.589197105e+02 +2.438297105e+02 +2.438297105e+02
2754 0 +2.468834341e+02 +2.317934341e+02 +2.317934341e+02
2759 0 +2.379635091e+02 +2.228735091e+02 +2.228735091e+02
2798 0 +2.317230108e+02 +2.166330108e+02 +2.166330108e+02
2887 0 +2.271886434e+02 +2.120986434e+02 +2.120986434e+02
2996 0 +2.135845754e+02 +1.984945754e+02 +1.984945754e+02
3025 0 +2.087082075e+02 +1.936182075e+02 +1.936182075e+02
3041 0 +2.023834478e+02 +1.872934478e+02 +1.872934478e+02
3046 0 +1.958900507e+02 +1.808000507e+02 +1.808000507e+02
3057 0 +1.920412711e+02 +1.769512711e+02 +1.769512711e+02
3072 0 +1.905091198e+02 +1.754191198e+02 +1.754191198e+02
3172 0 +1.858119178e+02 +1.707219178e+02 +1.707219178e+02
3183 0 +1.768435385e+02 +1.617535385e+02 +1.617535385e+02
3223 0 +1.713542209e+02 +1.562642209e+02 +1.562642209e+02
3442 0 +1.685798039e+02 +1.534898039e+02 +1.534898039e+02
3633 0 +1.643312692e+02 +1.492412692e+02 +1.492412692e+02
3750 0 +1.601086697e+02 +1.450186697e+02 +1.450186697e+02
3850 0 +1.583338991e+02 +1.432438991e+02 +1.432438991e+02
4233 0 +1.548212266e+02 +1.397312266e+02 +1.397312266e+02
5451 0 +1.513420526e+02 +1.362520526e+02 +1.362520526e+02
18584 0 +1.441778675e+02 +1.290878675e+02 +1.290878675e+02
18605 0 +1.360797620e+02 +1.209897620e+02 +1.209897620e+02
18726 0 +1.348750396e+02 +1.197850396e+02 +1.197850396e+02
18738 0 +1.305185410e+02 +1.154285410e+02 +1.154285410e+02
18801 0 +1.269184764e+02 +1.118284764e+02 +1.118284764e+02
18927 0 +1.252516580e+02 +1.101616580e+02 +1.101616580e+02
19044 0 +1.230010321e+02 +1.079110321e+02 +1.079110321e+02
19114 0 +1.201340920e+02 +1.050440920e+02 +1.050440920e+02
19188 0 +1.168010257e+02 +1.017110257e+02 +1.017110257e+02
19296 0 +1.147180205e+02 +9.962802045e+01 +9.962802045e+01
19648 0 +1.121986508e+02 +9.710865080e+01 +9.710865080e+01
22180 0 +1.096328791e+02 +9.454287913e+01 +9.454287913e+01
% f evaluations | g evaluations | best noise-free fitness - Fopt (-1.583000000000e+02) + sum g_i+ | measured fitness | best measured fitness or single-digit g-values | x1 | x2...
1 0 +2.166096472e+03 +2.007796472e+03 +2.007796472e+03
2 0 +1.613455938e+03 +1.455155938e+03 +1.455155938e+03
37 0 +1.567638241e+03 +1.409338241e+03 +1.409338241e+03
60 0 +1.480186191e+03 +1.321886191e+03 +1.321886191e+03
84 0 +1.435929293e+03 +1.277629293e+03 +1.277629293e+03
111 0 +1.408844552e+03 +1.250544552e+03 +1.250544552e+03
121 0 +1.146462245e+03 +9.881622447e+02 +9.881622447e+02
241 0 +1.057719573e+03 +8.994195735e+02 +8.994195735e+02
293 0 +1.001659011e+03 +8.433590114e+02 +8.433590114e+02
340 0 +9.776287311e+02 +8.193287311e+02 +8.193287311e+02
391 0 +9.038570002e+02 +7.455570002e+02 +7.455570002e+02
428 0 +7.850368043e+02 +6.267368043e+02 +6.267368043e+02
537 0 +7.497252845e+02 +5.914252845e+02 +5.914252845e+02
609 0 +7.332450699e+02 +5.749450699e+02 +5.749450699e+02
652 0 +6.792083927e+02 +5.209083927e+02 +5.209083927e+02
654 0 +6.019198042e+02 +4.436198042e+02 +4.436198042e+02
751 0 +5.695134467e+02 +4.112134467e+02 +4.112134467e+02
856 0 +5.550669099e+02 +3.967669099e+02 +3.967669099e+02
1194 0 +5.447469403e+02 +3.864469403e+02 +3.864469403e+02
1216 0 +5.330807908e+02 +3.747807908e+02 +3.747807908e+02
1265 0 +5.092920214e+02 +3.509920214e+02 +3.509920214e+02
1511 0 +4.995675940e+02 +3.412675940e+02 +3.412675940e+02
1581 0 +4.818545035e+02 +3.235545035e+02 +3.235545035e+02
1589 0 +4.706190424e+02 +3.123190424e+02 +3.123190424e+02
1650 0 +4.584413307e+02 +3.001413307e+02 +3.001413307e+02
1664 0 +4.324547335e+02 +2.741547335e+02 +2.741547335e+02
1843 0 +4.137673266e+02 +2.554673266e+02 +2.554673266e+02
2225 0 +4.010343568e+02 +2.427343568e+02 +2.427343568e+02
2355 0 +3.888595432e+02 +2.305595432e+02 +2.305595432e+02
3025 0 +3.768760575e+02 +2.185760575e+02 +2.185760575e+02
3058 0 +3.681128878e+02 +2.098128878e+02 +2.098128878e+02
3123 0 +3.546713364e+02 +1.963713364e+02 +1.963713364e+02
3198 0 +3.311980152e+02 +1.728980152e+02 +1.728980152e+02
3218 0 +3.228823878e+02 +1.645823878e+02 +1.645823878e+02
3235 0 +2.859238615e+02 +1.276238615e+02 +1.276238615e+02
3388 0 +2.766134959e+02 +1.183134959e+02 +1.183134959e+02
3400 0 +2.710601658e+02 +1.127601658e+02 +1.127601658e+02
3420 0 +2.649952323e+02 +1.066952323e+02 +1.066952323e+02
3447 0 +2.472572286e+02 +8.895722864e+01 +8.895722864e+01
3572 0 +2.415924778e+02 +8.329247779e+01 +8.329247779e+01
3592 0 +2.364631864e+02 +7.816318639e+01 +7.816318639e+01
3601 0 +2.303644354e+02 +7.206443541e+01 +7.206443541e+01
3647 0 +2.283236369e+02 +7.002363688e+01 +7.002363688e+01
3697 0 +2.212237282e+02 +6.292372816e+01 +6.292372816e+01
3746 0 +2.167287742e+02 +5.842877417e+01 +5.842877417e+01
3767 0 +2.097712350e+02 +5.147123496e+01 +5.147123496e+01
3770 0 +2.065402113e+02 +4.824021131e+01 +4.824021131e+01
3795 0 +2.040394640e+02 +4.573946402e+01 +4.573946402e+01
3857 0 +1.928441021e+02 +3.454410207e+01 +3.454410207e+01
3882 0 +1.869488393e+02 +2.864883934e+01 +2.864883934e+01
3997 0 +1.843587399e+02 +2.605873989e+01 +2.605873989e+01
4130 0 +1.819062418e+02 +2.360624183e+01 +2.360624183e+01
4256 0 +1.773927948e+02 +1.909279479e+01 +1.909279479e+01
4327 0 +1.737699463e+02 +1.546994635e+01 +1.546994635e+01
4634 0 +1.695583168e+02 +1.125831678e+01 +1.125831678e+01
6385 0 +1.659107159e+02 +7.610715888e+00 +7.610715888e+00
19529 0 +1.603670086e+02 +2.067008634e+00 +2.067008634e+00
19550 0 +1.571022766e+02 -1.197723402e+00 -1.197723402e+00
19562 0 +1.526978508e+02 -5.602149169e+00 -5.602149169e+00
24228 0 +1.504111133e+02 -7.888886654e+00 -7.888886654e+00
27931 0 +1.472800606e+02 -1.101993937e+01 -1.101993937e+01
27934 0 +1.316824949e+02 -2.661750506e+01 -2.661750506e+01
% f evaluations | g evaluations | best noise-free fitness - Fopt (-4.071000000000e+01) + sum g_i+ | measured fitness | best measured fitness or single-digit g-values | x1 | x2...
1 0 +6.783485930e+03 +6.742775930e+03 +6.742775930e+03
4 0 +3.076254130e+03 +3.035544130e+03 +3.035544130e+03
7 0 +1.915863158e+03 +1.875153158e+03 +1.875153158e+03
16 0 +1.599492055e+03 +1.558782055e+03 +1.558782055e+03
109 0 +1.523550790e+03 +1.482840790e+03 +1.482840790e+03
126 0 +1.422426880e+03 +1.381716880e+03 +1.381716880e+03
137 0 +1.385478835e+03 +1.344768835e+03 +1.344768835e+03
260 0 +1.230758973e+03 +1.190048973e+03 +1.190048973e+03
263 0 +1.228286440e+03 +1.187576440e+03 +1.187576440e+03
281 0 +1.136389477e+03 +1.095679477e+03 +1.095679477e+03
298 0 +1.018010079e+03 +9.773000788e+02 +9.773000788e+02
324 0 +9.790970574e+02 +9.383870574e+02 +9.383870574e+02
331 0 +9.515475847e+02 +9.108375847e+02 +9.108375847e+02
420 0 +8.618927078e+02 +8.211827078e+02 +8.211827078e+02
458 0 +7.756907443e+02 +7.349807443e+02 +7.349807443e+02
521 0 +7.066868325e+02 +6.659768325e+02 +6.659768325e+02
688 0 +6.777598826e+02 +6.370498826e+02 +6.370498826e+02
701 0 +6.183586472e+02 +5.776486472e+02 +5.776486472e+02
821 0 +5.750140714e+02 +5.343040714e+02 +5.343040714e+02
1019 0 +5.598898713e+02 +5.191798713e+02 +5.191798713e+02
1076 0 +5.475231165e+02 +5.068131165e+02 +5.068131165e+02
1288 0 +5.149078115e+02 +4.741978115e+02 +4.741978115e+02
1293 0 +4.885856503e+02 +4.478756503e+02 +4.478756503e+02
1449 0 +4.510478295e+02 +4.103378295e+02 +4.103378295e+02
2300 0 +4.197895745e+02 +3.790795745e+02 +3.790795745e+02
2746 0 +4.023717350e+02 +3.616617350e+02 +3.616617350e+02
2824 0 +3.915039404e+02 +3.507939404e+02 +3.507939404e+02
2851 0 +3.295889545e+02 +2.888789545e+02 +2.888789545e+02
2927 0 +3.117824634e+02 +2.710724634e+02 +2.710724634e+02
3122 0 +2.977613197e+02 +2.570513197e+02 +2.570513197e+02
3141 0 +2.864825827e+02 +2.457725827e+02 +2.457725827e+02
3191 0 +2.796314508e+02 +2.389214508e+02 +2.389214508e+02
3223 0 +2.677024871e+02 +2.269924871e+02 +2.269924871e+02
3240 0 +2.531943296e+02 +2.124843296e+02 +2.124843296e+02
3293 0 +2.502295856e+02 +2.095195856e+02 +2.095195856e+02
3319 0 +2.451164420e+02 +2.044064420e+02 +2.044064420e+02
3400 0 +2.144500893e+02 +1.737400893e+02 +1.737400893e+02
3469 0 +2.099010808e+02 +1.691910808e+02 +1.691910808e+02
3509 0 +2.083009690e+02 +1.675909690e+02 +1.675909690e+02
3522 0 +1.933492594e+02 +1.526392594e+02 +1.526392594e+02
3559 0 +1.896209807e+02 +1.489109807e+02 +1.489109807e+02
3562 0 +1.837849646e+02 +1.430749646e+02 +1.430749646e+02
3589 0 +1.802088391e+02 +1.394988391e+02 +1.394988391e+02
3635 0 +1.764551054e+02 +1.357451054e+02 +1.357451054e+02
3710 0 +1.673839888e+02 +1.266739888e+02 +1.266739888e+02
3765 0 +1.654447560e+02 +1.247347560e+02 +1.247347560e+02
3844 0 +1.620027173e+02 +1.212927173e+02 +1.212927173e+02
3922 0 +1.569272396e+02 +1.162172396e+02 +1.162172396e+02
3953 0 +1.542184607e+02 +1.135084607e+02 +1.135084607e+02
4012 0 +1.507798586e+02 +1.100698586e+02 +1.100698586e+02
4194 0 +1.468101168e+02 +1.061001168e+02 +1.061001168e+02
4267 0 +1.440450799e+02 +1.033350799e+02 +1.033350799e+02
4501 0 +1.411962460e+02 +1.004862460e+02 +1.004862460e+02
19554 0 +1.380146361e+02 +9.730463609e+01 +9.730463609e+01
20043 0 +1.348346420e+02 +9.412464197e+01 +9.412464197e+01
20159 0 +1.310086854e+02 +9.029868536e+01 +9.029868536e+01
20256 0 +1.287622701e+02 +8.805227007e+01 +8.805227007e+01
20834 0 +1.258644551e+02 +8.515445512e+01 +8.515445512e+01
35225 0 +1.211370633e+02 +8.042706325e+01 +8.042706325e+01
35239 0 +1.154993163e+02 +7.478931633e+01 +7.478931633e+01
35275 0 +1.136444410e+02 +7.293444098e+01 +7.293444098e+01
35407 0 +1.092092403e+02 +6.849924029e+01 +6.849924029e+01
35485 0 +1.064832633e+02 +6.577326328e+01 +6.577326328e+01
35543 0 +1.044787213e+02 +6.376872133e+01 +6.376872133e+01
35634 0 +1.020223421e+02 +6.131234212e+01 +6.131234212e+01
35664 0 +9.963635738e+01 +5.892635738e+01 +5.892635738e+01
35761 0 +9.737652689e+01 +5.666652689e+01 +5.666652689e+01
35883 0 +9.549635344e+01 +5.478635344e+01 +5.478635344e+01
36017 0 +9.328869674e+01 +5.257869674e+01 +5.257869674e+01
36429 0 +9.115232495e+01 +5.044232495e+01 +5.044232495e+01
% f evaluations | g evaluations | best noise-free fitness - Fopt (8.139000000000e+01) + sum g_i+ | measured fitness | best measured fitness or single-digit g-values | x1 | x2...
1 0 +2.910836128e+03 +2.992226128e+03 +2.992226128e+03
4 0 +2.170092538e+03 +2.251482538e+03 +2.251482538e+03
17 0 +1.973325936e+03 +2.054715936e+03 +2.054715936e+03
32 0 +1.890353832e+03 +1.971743832e+03 +1.971743832e+03
38 0 +1.706861898e+03 +1.788251898e+03 +1.788251898e+03
49 0 +1.690962004e+03 +1.772352004e+03 +1.772352004e+03
54 0 +1.539673839e+03 +1.621063839e+03 +1.621063839e+03
58 0 +1.475383450e+03 +1.556773450e+03 +1.556773450e+03
72 0 +1.320732759e+03 +1.402122759e+03 +1.402122759e+03
91 0 +1.269599593e+03 +1.350989593e+03 +1.350989593e+03
301 0 +1.110524882e+03 +1.191914882e+03 +1.191914882e+03
338 0 +9.702735644e+02 +1.051663564e+03 +1.051663564e+03
400 0 +9.131227025e+02 +9.945127025e+02 +9.945127025e+02
431 0 +8.834161124e+02 +9.648061124e+02 +9.648061124e+02
576 0 +8.620089326e+02 +9.433989326e+02 +9.433989326e+02
597 0 +8.034384217e+02 +8.848284217e+02 +8.848284217e+02
621 0 +7.755027065e+02 +8.568927065e+02 +8.568927065e+02
647 0 +7.532717342e+02 +8.346617342e+02 +8.346617342e+02
656 0 +7.059888787e+02 +7.873788787e+02 +7.873788787e+02
720 0 +6.827815130e+02 +7.641715130e+02 +7.641715130e+02
742 0 +6.626539846e+02 +7.440439846e+02 +7.440439846e+02
760 0 +6.602363805e+02 +7.416263805e+02 +7.416263805e+02
761 0 +6.262243162e+02 +7.076143162e+02 +7.076143162e+02
809 0 +6.151326885e+02 +6.965226885e+02 +6.965226885e+02
888 0 +5.864846918e+02 +6.678746918e+02 +6.678746918e+02
958 0 +5.745767638e+02 +6.559667638e+02 +6.559667638e+02
1003 0 +5.614587042e+02 +6.428487042e+02 +6.428487042e+02
1018 0 +5.431107467e+02 +6.245007467e+02 +6.245007467e+02
1128 0 +5.167708786e+02 +5.981608786e+02 +5.981608786e+02
1138 0 +4.974821150e+02 +5.788721150e+02 +5.788721150e+02
1148 0 +4.734454769e+02 +5.548354769e+02 +5.548354769e+02
1609 0 +3.999797461e+02 +4.813697461e+02 +4.813697461e+02
1870 0 +3.910814728e+02 +4.724714728e+02 +4.724714728e+02
2010 0 +3.849034762e+02 +4.662934762e+02 +4.662934762e+02
2042 0 +3.689121961e+02 +4.503021961e+02 +4.503021961e+02
2351 0 +3.555080736e+02 +4.368980736e+02 +4.368980736e+02
2577 0 +3.538773186e+02 +4.352673186e+02 +4.352673186e+02
2597 0 +3.132582920e+02 +3.946482920e+02 +3.946482920e+02
2639 0 +3.009704947e+02 +3.823604947e+02 +3.823604947e+02
2648 0 +2.894713318e+02 +3.708613318e+02 +3.708613318e+02
2654 0 +2.838659259e+02 +3.652559259e+02 +3.652559259e+02
2687 0 +2.801712897e+02 +3.615612897e+02 +3.615612897e+02
2792 0 +2.244980834e+02 +3.058880834e+02 +3.058880834e+02
2919 0 +2.222612564e+02 +3.036512564e+02 +3.036512564e+02
2940 0 +2.072231413e+02 +2.886131413e+02 +2.886131413e+02
2967 0 +1.985046141e+02 +2.798946141e+02 +2.798946141e+02
3019 0 +1.864015932e+02 +2.677915932e+02 +2.677915932e+02
3082 0 +1.816180305e+02 +2.630080305e+02 +2.630080305e+02
3094 0 +1.742109541e+02 +2.556009541e+02 +2.556009541e+02
3097 0 +1.663262162e+02 +2.477162162e+02 +2.477162162e+02
3142 0 +1.631023109e+02 +2.444923109e+02 +2.444923109e+02
3168 0 +1.614523353e+02 +2.428423353e+02 +2.428423353e+02
3188 0 +1.530795679e+02 +2.344695679e+02 +2.344695679e+02
3212 0 +1.493510762e+02 +2.307410762e+02 +2.307410762e+02
3265 0 +1.469229497e+02 +2.283129497e+02 +2.283129497e+02
3312 0 +1.440206147e+02 +2.254106147e+02 +2.254106147e+02
3411 0 +1.399721939e+02 +2.213621939e+02 +2.213621939e+02
3484 0 +1.380050554e+02 +2.193950554e+02 +2.193950554e+02
3525 0 +1.346755711e+02 +2.160655711e+02 +2.160655711e+02
3622 0 +1.313342221e+02 +2.127242221e+02 +2.127242221e+02
3653 0 +1.277293480e+02 +2.091193480e+02 +2.091193480e+02
3771 0 +1.251298796e+02 +2.065198796e+02 +2.065198796e+02
3872 0 +1.219750983e+02 +2.033650983e+02 +2.033650983e+02
4119 0 +1.202120357e+02 +2.016020357e+02 +2.016020357e+02
5722 0 +1.174834958e+02 +1.988734958e+02 +1.988734958e+02
19909 0 +1.146758452e+02 +1.960658452e+02 +1.960658452e+02
20182 0 +1.118061674e+02 +1.931961674e+02 +1.931961674e+02
21203 0 +1.096351453e+02 +1.910251453e+02 +1.910251453e+02
35031 0 +1.062289103e+02 +1.876189103e+02 +1.876189103e+02
35158 0 +1.038610499e+02 +1.852510499e+02 +1.852510499e+02
35189 0 +1.016951382e+02 +1.830851382e+02 +1.830851382e+02
35343 0 +9.836730439e+01 +1.797573044e+02 +1.797573044e+02
35523 0 +9.742922576e+01 +1.788192258e+02 +1.788192258e+02
35821 0 +9.540050984e+01 +1.767905098e+02 +1.767905098e+02
64448 0 +9.326681031e+01 +1.746568103e+02 +1.746568103e+02
64835 0 +9.105561509e+01 +1.724456151e+02 +1.724456151e+02
% f evaluations | g evaluations | best noise-free fitness - Fopt (4.144000000000e+01) + sum g_i+ | measured fitness | best measured fitness or single-digit g-values | x1 | x2...
1 0 +1.172931483e+04 +1.177075483e+04 +1.177075483e+04
2 0 +2.288890668e+03 +2.330330668e+03 +2.330330668e+03
5 0 +1.843635097e+03 +1.885075097e+03 +1.885075097e+03
11 0 +1.388474032e+03 +1.429914032e+03 +1.429914032e+03
17 0 +1.364759188e+03 +1.406199188e+03 +1.406199188e+03
221 0 +1.149183212e+03 +1.190623212e+03 +1.190623212e+03
341 0 +1.069845592e+03 +1.111285592e+03 +1.111285592e+03
380 0 +9.586775599e+02 +1.000117560e+03 +1.000117560e+03
395 0 +9.422498640e+02 +9.836898640e+02 +9.836898640e+02
498 0 +9.126325914e+02 +9.540725914e+02 +9.540725914e+02
548 0 +8.900501469e+02 +9.314901469e+02 +9.314901469e+02
588 0 +8.550942860e+02 +8.965342860e+02 +8.965342860e+02
608 0 +8.400367131e+02 +8.814767131e+02 +8.814767131e+02
620 0 +7.921093023e+02 +8.335493023e+02 +8.335493023e+02
682 0 +6.371622241e+02 +6.786022241e+02 +6.786022241e+02
702 0 +6.286642829e+02 +6.701042829e+02 +6.701042829e+02
1013 0 +5.919807598e+02 +6.334207598e+02 +6.334207598e+02
1019 0 +5.683534531e+02 +6.097934531e+02 +6.097934531e+02
1103 0 +5.596198329e+02 +6.010598329e+02 +6.010598329e+02
1118 0 +5.389775596e+02 +5.804175596e+02 +5.804175596e+02
1161 0 +5.365079706e+02 +5.779479706e+02 +5.779479706e+02
1243 0 +5.240432107e+02 +5.654832107e+02 +5.654832107e+02
1250 0 +5.113598310e+02 +5.527998310e+02 +5.527998310e+02
1269 0 +4.977594880e+02 +5.391994880e+02 +5.391994880e+02
1304 0 +4.807914613e+02 +5.222314613e+02 +5.222314613e+02
1317 0 +4.749498078e+02 +5.163898078e+02 +5.163898078e+02
1550 0 +4.545232813e+02 +4.959632813e+02 +4.959632813e+02
2114 0 +4.121121700e+02 +4.535521700e+02 +4.535521700e+02
2830 0 +3.872294987e+02 +4.286694987e+02 +4.286694987e+02
2950 0 +3.652621481e+02 +4.067021481e+02 +4.067021481e+02
2977 0 +3.580636288e+02 +3.995036288e+02 +3.995036288e+02
3150 0 +3.289055255e+02 +3.703455255e+02 +3.703455255e+02
3302 0 +3.044270649e+02 +3.458670649e+02 +3.458670649e+02
3343 0 +2.840686830e+02 +3.255086830e+02 +3.255086830e+02
3444 0 +2.774571713e+02 +3.188971713e+02 +3.188971713e+02
3504 0 +2.559828090e+02 +2.974228090e+02 +2.974228090e+02
3564 0 +2.293705415e+02 +2.708105415e+02 +2.708105415e+02
3644 0 +2.269047397e+02 +2.683447397e+02 +2.683447397e+02
3699 0 +2.232627964e+02 +2.647027964e+02 +2.647027964e+02
3727 0 +2.082554393e+02 +2.496954393e+02 +2.496954393e+02
3812 0 +1.974915680e+02 +2.389315680e+02 +2.389315680e+02
4068 0 +1.915544531e+02 +2.329944531e+02 +2.329944531e+02
4220 0 +1.904000809e+02 +2.318400809e+02 +2.318400809e+02
4297 0 +1.842261707e+02 +2.256661707e+02 +2.256661707e+02
4399 0 +1.815607769e+02 +2.230007769e+02 +2.230007769e+02
4461 0 +1.760226625e+02 +2.174626625e+02 +2.174626625e+02
4695 0 +1.721983713e+02 +2.136383713e+02 +2.136383713e+02
4920 0 +1.696236456e+02 +2.110636456e+02 +2.110636456e+02
5403 0 +1.658621880e+02 +2.073021880e+02 +2.073021880e+02
20157 0 +1.580996793e+02 +1.995396793e+02 +1.995396793e+02
20200 0 +1.524508457e+02 +1.938908457e+02 +1.938908457e+02
20207 0 +1.431424022e+02 +1.845824022e+02 +1.845824022e+02
20278 0 +1.374252929e+02 +1.788652929e+02 +1.788652929e+02
20346 0 +1.315805481e+02 +1.730205481e+02 +1.730205481e+02
20390 0 +1.275788412e+02 +1.690188412e+02 +1.690188412e+02
20448 0 +1.240087456e+02 +1.654487456e+02 +1.654487456e+02
20485 0 +1.229054402e+02 +1.643454402e+02 +1.643454402e+02
20496 0 +1.194055635e+02 +1.608455635e+02 +1.608455635e+02
20547 0 +1.163748369e+02 +1.578148369e+02 +1.578148369e+02
20684 0 +1.141585263e+02 +1.555985263e+02 +1.555985263e+02
20711 0 +1.119978689e+02 +1.534378689e+02 +1.534378689e+02
20751 0 +1.085410738e+02 +1.499810738e+02 +1.499810738e+02
20797 0 +1.060752641e+02 +1.475152641e+02 +1.475152641e+02
21000 0 +1.046374155e+02 +1.460774155e+02 +1.460774155e+02
21078 0 +1.019889288e+02 +1.434289288e+02 +1.434289288e+02
21144 0 +9.918533101e+01 +1.406253310e+02 +1.406253310e+02
21303 0 +9.734673303e+01 +1.387867330e+02 +1.387867330e+02
21680 0 +9.547234172e+01 +1.369123417e+02 +1.369123417e+02
50130 0 +9.328476816e+01 +1.347247682e+02 +1.347247682e+02
50189 0 +9.103544520e+01 +1.324754452e+02 +1.324754452e+02
50326 0 +8.885345978e+01 +1.302934598e+02 +1.302934598e+02
50339 0 +8.615993762e+01 +1.275999376e+02 +1.275999376e+02
50621 0 +8.473476943e+01 +1.261747694e+02 +1.261747694e+02
50668 0 +8.165335650e+01 +1.230933565e+02 +1.230933565e+02
50710 0 +8.114863024e+01 +1.225886302e+02 +1.225886302e+02
50867 0 +7.931525317e+01 +1.207552532e+02 +1.207552532e+02
51011 0 +7.743791984e+01 +1.188779198e+02 +1.188779198e+02
51317 0 +7.585309603e+01 +1.172930960e+02 +1.172930960e+02
% f evaluations | g evaluations | best noise-free fitness - Fopt (-2.709000000000e+01) + sum g_i+ | measured fitness | best measured fitness or single-digit g-values | x1 | x2...
1 0 +5.470353280e+03 +5.443263280e+03 +5.443263280e+03
2 0 +2.822739473e+03 +2.795649473e+03 +2.795649473e+03
10 0 +2.300948200e+03 +2.273858200e+03 +2.273858200e+03
12 0 +2.142952906e+03 +2.115862906e+03 +2.115862906e+03
20 0 +1.712966922e+03 +1.685876922e+03 +1.685876922e+03
73 0 +1.689022894e+03 +1.661932894e+03 +1.661932894e+03
82 0 +1.615267335e+03 +1.588177335e+03 +1.588177335e+03
95 0 +1.536036950e+03 +1.508946950e+03 +1.508946950e+03
260 0 +1.247747629e+03 +1.220657629e+03 +1.220657629e+03
275 0 +1.160554905e+03 +1.133464905e+03 +1.133464905e+03
305 0 +1.008973968e+03 +9.818839682e+02 +9.818839682e+02
340 0 +9.368234647e+02 +9.097334647e+02 +9.097334647e+02
396 0 +9.298609398e+02 +9.027709398e+02 +9.027709398e+02
454 0 +8.361072794e+02 +8.090172794e+02 +8.090172794e+02
468 0 +8.215954460e+02 +7.945054460e+02 +7.945054460e+02
505 0 +8.111445499e+02 +7.840545499e+02 +7.840545499e+02
552 0 +7.830482092e+02 +7.559582092e+02 +7.559582092e+02
564 0 +7.040180223e+02 +6.769280223e+02 +6.769280223e+02
618 0 +6.888762065e+02 +6.617862065e+02 +6.617862065e+02
628 0 +6.403272573e+02 +6.132372573e+02 +6.132372573e+02
696 0 +6.055307935e+02 +5.784407935e+02 +5.784407935e+02
751 0 +6.005947485e+02 +5.735047485e+02 +5.735047485e+02
880 0 +5.699067701e+02 +5.428167701e+02 +5.428167701e+02
914 0 +5.471428019e+02 +5.200528019e+02 +5.200528019e+02
972 0 +5.220064087e+02 +4.949164087e+02 +4.949164087e+02
1090 0 +5.099662662e+02 +4.828762662e+02 +4.828762662e+02
1293 0 +4.973604781e+02 +4.702704781e+02 +4.702704781e+02
1325 0 +4.779497069e+02 +4.508597069e+02 +4.508597069e+02
1381 0 +4.354121815e+02 +4.083221815e+02 +4.083221815e+02
1796 0 +4.140326506e+02 +3.869426506e+02 +3.869426506e+02
1866 0 +3.820564035e+02 +3.549664035e+02 +3.549664035e+02
1894 0 +3.738151522e+02 +3.467251522e+02 +3.467251522e+02
2269 0 +3.579217726e+02 +3.308317726e+02 +3.308317726e+02
2501 0 +3.134491912e+02 +2.863591912e+02 +2.863591912e+02
2655 0 +3.029258516e+02 +2.758358516e+02 +2.758358516e+02
2675 0 +2.919734026e+02 +2.648834026e+02 +2.648834026e+02
2770 0 +2.755104292e+02 +2.484204292e+02 +2.484204292e+02
2789 0 +2.698109605e+02 +2.427209605e+02 +2.427209605e+02
2970 0 +2.651703509e+02 +2.380803509e+02 +2.380803509e+02
3014 0 +2.508644295e+02 +2.237744295e+02 +2.237744295e+02
3058 0 +2.407392548e+02 +2.136492548e+02 +2.136492548e+02
3091 0 +2.323092030e+02 +2.052192030e+02 +2.052192030e+02
3158 0 +2.264760884e+02 +1.993860884e+02 +1.993860884e+02
3202 0 +2.237554063e+02 +1.966654063e+02 +1.966654063e+02
3241 0 +2.143811712e+02 +1.872911712e+02 +1.872911712e+02
3248 0 +2.097550255e+02 +1.826650255e+02 +1.826650255e+02
3254 0 +2.085309853e+02 +1.814409853e+02 +1.814409853e+02
3284 0 +1.976439614e+02 +1.705539614e+02 +1.705539614e+02
3301 0 +1.946329895e+02 +1.675429895e+02 +1.675429895e+02
3317 0 +1.862798798e+02 +1.591898798e+02 +1.591898798e+02
3351 0 +1.800892380e+02 +1.529992380e+02 +1.529992380e+02
3407 0 +1.762267037e+02 +1.491367037e+02 +1.491367037e+02
3434 0 +1.705140565e+02 +1.434240565e+02 +1.434240565e+02
3521 0 +1.641036130e+02 +1.370136130e+02 +1.370136130e+02
3628 0 +1.609284389e+02 +1.338384389e+02 +1.338384389e+02
3676 0 +1.573312201e+02 +1.302412201e+02 +1.302412201e+02
3743 0 +1.544449587e+02 +1.273549587e+02 +1.273549587e+02
4004 0 +1.501739957e+02 +1.230839957e+02 +1.230839957e+02
4079 0 +1.477297779e+02 +1.206397779e+02 +1.206397779e+02
4200 0 +1.442111210e+02 +1.171211210e+02 +1.171211210e+02
4325 0 +1.408939748e+02 +1.138039748e+02 +1.138039748e+02
4665 0 +1.378458623e+02 +1.107558623e+02 +1.107558623e+02
33209 0 +1.345806413e+02 +1.074906413e+02 +1.074906413e+02
33294 0 +1.303902502e+02 +1.033002502e+02 +1.033002502e+02
33357 0 +1.283421161e+02 +1.012521161e+02 +1.012521161e+02
33450 0 +1.253264907e+02 +9.823649068e+01 +9.823649068e+01
33505 0 +1.222794924e+02 +9.518949237e+01 +9.518949237e+01
33713 0 +1.202182804e+02 +9.312828035e+01 +9.312828035e+01
33829 0 +1.173384310e+02 +9.024843105e+01 +9.024843105e+01
34038 0 +1.145622755e+02 +8.747227550e+01 +8.747227550e+01
34150 0 +1.120337044e+02 +8.494370438e+01 +8.494370438e+01
34315 0 +1.096268707e+02 +8.253687074e+01 +8.253687074e+01
34847 0 +1.068676370e+02 +7.977763702e+01 +7.977763702e+01
36136 0 +1.046967037e+02 +7.760670367e+01 +7.760670367e+01
50534 0 +1.021999461e+02 +7.510994609e+01 +7.510994609e+01
50645 0 +9.836053437e+01 +7.127053437e+01 +7.127053437e+01
50695 0 +9.574642463e+01 +6.865642463e+01 +6.865642463e+01
50709 0 +9.475716325e+01 +6.766716325e+01 +6.766716325e+01
50713 0 +9.050970200e+01 +6.341970200e+01 +6.341970200e+01
50897 0 +8.853836282e+01 +6.144836282e+01 +6.144836282e+01
51009 0 +8.662311515e+01 +5.953311515e+01 +5.953311515e+01
51141 0 +8.503442501e+01 +5.794442501e+01 +5.794442501e+01
51657 0 +8.316969977e+01 +5.607969977e+01 +5.607969977e+01
79890 0 +8.055445071e+01 +5.346445071e+01 +5.346445071e+01
79926 0 +7.901021293e+01 +5.192021293e+01 +5.192021293e+01
79946 0 +7.646792572e+01 +4.937792572e+01 +4.937792572e+01
80042 0 +7.523644344e+01 +4.814644344e+01 +4.814644344e+01
80081 0 +7.368783305e+01 +4.659783305e+01 +4.659783305e+01
80286 0 +7.201019361e+01 +4.492019361e+01 +4.492019361e+01
80428 0 +7.061724519e+01 +4.352724519e+01 +4.352724519e+01
80738 0 +6.904660067e+01 +4.195660067e+01 +4.195660067e+01
% f evaluations | g evaluations | best noise-free fitness - Fopt (5.175000000000e+01) + sum g_i+ | measured fitness | best measured fitness or single-digit g-values | x1 | x2...
1 0 +5.705874952e+03 +5.757624952e+03 +5.757624952e+03
2 0 +4.770029623e+03 +4.821779623e+03 +4.821779623e+03
5 0 +4.054479227e+03 +4.106229227e+03 +4.106229227e+03
7 0 +3.300189802e+03 +3.351939802e+03 +3.351939802e+03
14 0 +2.987777805e+03 +3.039527805e+03 +3.039527805e+03
19 0 +2.063068960e+03 +2.114818960e+03 +2.114818960e+03
24 0 +1.824169413e+03 +1.875919413e+03 +1.875919413e+03
32 0 +1.738697026e+03 +1.790447026e+03 +1.790447026e+03
39 0 +1.688825614e+03 +1.740575614e+03 +1.740575614e+03
69 0 +1.569230754e+03 +1.620980754e+03 +1.620980754e+03
176 0 +1.443060176e+03 +1.494810176e+03 +1.494810176e+03
186 0 +1.408265622e+03 +1.460015622e+03 +1.460015622e+03
211 0 +1.348042824e+03 +1.399792824e+03 +1.399792824e+03
216 0 +1.291892134e+03 +1.343642134e+03 +1.343642134e+03
235 0 +1.205422800e+03 +1.257172800e+03 +1.257172800e+03
247 0 +1.032706132e+03 +1.084456132e+03 +1.084456132e+03
252 0 +9.071527367e+02 +9.589027367e+02 +9.589027367e+02
296 0 +8.613999522e+02 +9.131499522e+02 +9.131499522e+02
315 0 +8.207965732e+02 +8.725465732e+02 +8.725465732e+02
435 0 +8.110321234e+02 +8.627821234e+02 +8.627821234e+02
551 0 +7.063024573e+02 +7.580524573e+02 +7.580524573e+02
656 0 +6.259189177e+02 +6.776689177e+02 +6.776689177e+02
885 0 +5.676903271e+02 +6.194403271e+02 +6.194403271e+02
976 0 +5.426827893e+02 +5.944327893e+02 +5.944327893e+02
1225 0 +5.325686690e+02 +5.843186690e+02 +5.843186690e+02
1316 0 +4.820903285e+02 +5.338403285e+02 +5.338403285e+02
1485 0 +4.615345830e+02 +5.132845830e+02 +5.132845830e+02
1577 0 +4.403878140e+02 +4.921378140e+02 +4.921378140e+02
1637 0 +4.354263379e+02 +4.871763379e+02 +4.871763379e+02
1642 0 +3.867753436e+02 +4.385253436e+02 +4.385253436e+02
1963 0 +3.750110836e+02 +4.267610836e+02 +4.267610836e+02
1999 0 +3.142189435e+02 +3.659689435e+02 +3.659689435e+02
2370 0 +2.978291624e+02 +3.495791624e+02 +3.495791624e+02
2557 0 +2.873897810e+02 +3.391397810e+02 +3.391397810e+02
2656 0 +2.796267831e+02 +3.313767831e+02 +3.313767831e+02
2660 0 +2.644211637e+02 +3.161711637e+02 +3.161711637e+02
2684 0 +2.535993845e+02 +3.053493845e+02 +3.053493845e+02
2717 0 +2.300480922e+02 +2.817980922e+02 +2.817980922e+02
2881 0 +2.213832942e+02 +2.731332942e+02 +2.731332942e+02
2886 0 +2.115087803e+02 +2.632587803e+02 +2.632587803e+02
2977 0 +2.044916377e+02 +2.562416377e+02 +2.562416377e+02
2988 0 +1.980757424e+02 +2.498257424e+02 +2.498257424e+02
2990 0 +1.902008583e+02 +2.419508583e+02 +2.419508583e+02
3019 0 +1.841975650e+02 +2.359475650e+02 +2.359475650e+02
3050 0 +1.800303472e+02 +2.317803472e+02 +2.317803472e+02
3052 0 +1.723076945e+02 +2.240576945e+02 +2.240576945e+02
3100 0 +1.692532807e+02 +2.210032807e+02 +2.210032807e+02
3105 0 +1.625347000e+02 +2.142847000e+02 +2.142847000e+02
3182 0 +1.619730789e+02 +2.137230789e+02 +2.137230789e+02
3297 0 +1.582882159e+02 +2.100382159e+02 +2.100382159e+02
3336 0 +1.536766290e+02 +2.054266290e+02 +2.054266290e+02
3342 0 +1.503097850e+02 +2.020597850e+02 +2.020597850e+02
3378 0 +1.453748115e+02 +1.971248115e+02 +1.971248115e+02
3402 0 +1.440770878e+02 +1.958270878e+02 +1.958270878e+02
3493 0 +1.391004179e+02 +1.908504179e+02 +1.908504179e+02
3565 0 +1.361680408e+02 +1.879180408e+02 +1.879180408e+02
3601 0 +1.346727129e+02 +1.864227129e+02 +1.864227129e+02
3713 0 +1.303665040e+02 +1.821165040e+02 +1.821165040e+02
3906 0 +1.277179581e+02 +1.794679581e+02 +1.794679581e+02
4312 0 +1.258769452e+02 +1.776269452e+02 +1.776269452e+02
5708 0 +1.228314424e+02 +1.745814424e+02 +1.745814424e+02
18904 0 +1.149157609e+02 +1.666657609e+02 +1.666657609e+02
18967 0 +1.136519612e+02 +1.654019612e+02 +1.654019612e+02
18984 0 +1.112838087e+02 +1.630338087e+02 +1.630338087e+02
19051 0 +1.090832104e+02 +1.608332104e+02 +1.608332104e+02
19215 0 +1.070489291e+02 +1.587989291e+02 +1.587989291e+02
19374 0 +1.045501029e+02 +1.563001029e+02 +1.563001029e+02
19442 0 +1.012406139e+02 +1.529906139e+02 +1.529906139e+02
19681 0 +9.998459956e+01 +1.517345996e+02 +1.517345996e+02
21687 0 +9.771642793e+01 +1.494664279e+02 +1.494664279e+02
35512 0 +9.511389198e+01 +1.468638920e+02 +1.468638920e+02
% f evaluations | g evaluations | best noise-free fitness - Fopt (-5.541400000000e+02) + sum g_i+ | measured fitness | best measured fitness or single-digit g-values | x1 | x2...
1 0 +1.950337318e+03 +1.396197318e+03 +1.396197318e+03
3 0 +1.826761798e+03 +1.272621798e+03 +1.272621798e+03
30 0 +1.691813560e+03 +1.137673560e+03 +1.137673560e+03
53 0 +1.492452421e+03 +9.383124207e+02 +9.383124207e+02
67 0 +1.478314963e+03 +9.241749633e+02 +9.241749633e+02
230 0 +1.300916592e+03 +7.467765918e+02 +7.467765918e+02
245 0 +1.245341670e+03 +6.912016703e+02 +6.912016703e+02
253 0 +1.179756922e+03 +6.256169223e+02 +6.256169223e+02
276 0 +1.044227646e+03 +4.900876462e+02 +4.900876462e+02
297 0 +9.967138477e+02 +4.425738477e+02 +4.425738477e+02
334 0 +9.549688416e+02 +4.008288416e+02 +4.008288416e+02
357 0 +8.940383778e+02 +3.398983778e+02 +3.398983778e+02
369 0 +8.764072058e+02 +3.222672058e+02 +3.222672058e+02
424 0 +8.664597334e+02 +3.123197334e+02 +3.123197334e+02
500 0 +8.167265219e+02 +2.625865219e+02 +2.625865219e+02
501 0 +7.545249621e+02 +2.003849621e+02 +2.003849621e+02
521 0 +6.902179445e+02 +1.360779445e+02 +1.360779445e+02
664 0 +6.039340685e+02 +4.979406846e+01 +4.979406846e+01
863 0 +5.380198377e+02 -1.612016232e+01 -1.612016232e+01
1907 0 +4.784499062e+02 -7.569009380e+01 -7.569009380e+01
4404 0 +4.484613673e+02 -1.056786327e+02 -1.056786327e+02
% f evaluations | g evaluations | best noise-free fitness - Fopt (1.774000000000e+01) + sum g_i+ | measured fitness | best measured fitness or single-digit g-values | x1 | x2...
1 0 +1.552953008e+03 +1.570693008e+03 +1.570693008e+03
106 0 +1.521621435e+03 +1.539361435e+03 +1.539361435e+03
117 0 +1.492941177e+03 +1.510681177e+03 +1.510681177e+03
122 0 +1.292449162e+03 +1.310189162e+03 +1.310189162e+03
134 0 +1.216969141e+03 +1.234709141e+03 +1.234709141e+03
139 0 +1.180410051e+03 +1.198150051e+03 +1.198150051e+03
151 0 +1.019793523e+03 +1.037533523e+03 +1.037533523e+03
280 0 +9.913281915e+02 +1.009068191e+03 +1.009068191e+03
335 0 +9.507886500e+02 +9.685286500e+02 +9.685286500e+02
357 0 +9.293479919e+02 +9.470879919e+02 +9.470879919e+02
385 0 +8.970112443e+02 +9.147512443e+02 +9.147512443e+02
397 0 +8.380963809e+02 +8.558363809e+02 +8.558363809e+02
446 0 +7.922882570e+02 +8.100282570e+02 +8.100282570e+02
456 0 +7.433503419e+02 +7.610903419e+02 +7.610903419e+02
471 0 +7.260050426e+02 +7.437450426e+02 +7.437450426e+02
494 0 +6.589575399e+02 +6.766975399e+02 +6.766975399e+02
600 0 +6.163236620e+02 +6.340636620e+02 +6.340636620e+02
726 0 +5.943622729e+02 +6.121022729e+02 +6.121022729e+02
812 0 +5.739416216e+02 +5.916816216e+02 +5.916816216e+02
883 0 +5.485210689e+02 +5.662610689e+02 +5.662610689e+02
949 0 +5.001719526e+02 +5.179119526e+02 +5.179119526e+02
1072 0 +4.804175807e+02 +4.981575807e+02 +4.981575807e+02
1183 0 +4.626099769e+02 +4.803499769e+02 +4.803499769e+02
1237 0 +4.414179234e+02 +4.591579234e+02 +4.591579234e+02
1346 0 +4.328161861e+02 +4.505561861e+02 +4.505561861e+02
1894 0 +3.993697445e+02 +4.171097445e+02 +4.171097445e+02
1961 0 +3.904485841e+02 +4.081885841e+02 +4.081885841e+02
2363 0 +3.872152404e+02 +4.049552404e+02 +4.049552404e+02
2482 0 +3.467063144e+02 +3.644463144e+02 +3.644463144e+02
2671 0 +3.340248754e+02 +3.517648754e+02 +3.517648754e+02
2683 0 +3.228482230e+02 +3.405882230e+02 +3.405882230e+02
2734 0 +3.148250622e+02 +3.325650622e+02 +3.325650622e+02
2746 0 +2.604057247e+02 +2.781457247e+02 +2.781457247e+02
2863 0 +2.555846749e+02 +2.733246749e+02 +2.733246749e+02
2930 0 +2.299317036e+02 +2.476717036e+02 +2.476717036e+02
2932 0 +2.272152608e+02 +2.449552608e+02 +2.449552608e+02
2963 0 +2.020167357e+02 +2.197567357e+02 +2.197567357e+02
3123 0 +1.989924908e+02 +2.167324908e+02 +2.167324908e+02
3137 0 +1.917792971e+02 +2.095192971e+02 +2.095192971e+02
3162 0 +1.813129479e+02 +1.990529479e+02 +1.990529479e+02
3198 0 +1.676662758e+02 +1.854062758e+02 +1.854062758e+02
3212 0 +1.557916728e+02 +1.735316728e+02 +1.735316728e+02
3265 0 +1.523056285e+02 +1.700456285e+02 +1.700456285e+02
3291 0 +1.507260707e+02 +1.684660707e+02 +1.684660707e+02
3304 0 +1.470965809e+02 +1.648365809e+02 +1.648365809e+02
3325 0 +1.409761120e+02 +1.587161120e+02 +1.587161120e+02
3389 0 +1.359299063e+02 +1.536699063e+02 +1.536699063e+02
3419 0 +1.341895413e+02 +1.519295413e+02 +1.519295413e+02
3428 0 +1.314264491e+02 +1.491664491e+02 +1.491664491e+02
3506 0 +1.261749573e+02 +1.439149573e+02 +1.439149573e+02
3578 0 +1.253284600e+02 +1.430684600e+02 +1.430684600e+02
3586 0 +1.212010233e+02 +1.389410233e+02 +1.389410233e+02
3651 0 +1.179961872e+02 +1.357361872e+02 +1.357361872e+02
3682 0 +1.172223586e+02 +1.349623586e+02 +1.349623586e+02
3706 0 +1.143922588e+02 +1.321322588e+02 +1.321322588e+02
3951 0 +1.097521031e+02 +1.274921031e+02 +1.274921031e+02
4009 0 +1.096270274e+02 +1.273670274e+02 +1.273670274e+02
4087 0 +1.064673361e+02 +1.242073361e+02 +1.242073361e+02
4261 0 +1.045639092e+02 +1.223039092e+02 +1.223039092e+02
4699 0 +1.023021617e+02 +1.200421617e+02 +1.200421617e+02
31733 0 +9.740323886e+01 +1.151432389e+02 +1.151432389e+02
31853 0 +9.174189465e+01 +1.094818947e+02 +1.094818947e+02
31912 0 +8.387540188e+01 +1.016154019e+02 +1.016154019e+02
31941 0 +8.141106517e+01 +9.915106517e+01 +9.915106517e+01
31995 0 +8.081512797e+01 +9.855512797e+01 +9.855512797e+01
32023 0 +7.861598765e+01 +9.635598765e+01 +9.635598765e+01
32096 0 +7.714313180e+01 +9.488313180e+01 +9.488313180e+01
32105 0 +7.378260056e+01 +9.152260056e+01 +9.152260056e+01
32119 0 +7.164585604e+01 +8.938585604e+01 +8.938585604e+01
32273 0 +6.935502986e+01 +8.709502986e+01 +8.709502986e+01
32302 0 +6.895956811e+01 +8.669956811e+01 +8.669956811e+01
32304 0 +6.703294532e+01 +8.477294532e+01 +8.477294532e+01
32363 0 +6.584072387e+01 +8.358072387e+01 +8.358072387e+01
32379 0 +6.377061855e+01 +8.151061855e+01 +8.151061855e+01
32444 0 +6.257852961e+01 +8.031852961e+01 +8.031852961e+01
32531 0 +6.144421837e+01 +7.918421837e+01 +7.918421837e+01
32687 0 +6.019936342e+01 +7.793936342e+01 +7.793936342e+01
32819 0 +5.881195344e+01 +7.655195344e+01 +7.655195344e+01
33154 0 +5.746598746e+01 +7.520598746e+01 +7.520598746e+01
33507 0 +5.609052468e+01 +7.383052468e+01 +7.383052468e+01
33673 0 +5.472806635e+01 +7.246806635e+01 +7.246806635e+01
33843 0 +5.359210720e+01 +7.133210720e+01 +7.133210720e+01
34222 0 +5.246212270e+01 +7.020212270e+01 +7.020212270e+01
