% f evaluations | g evaluations | best noise-free fitness - Fopt (1.000000000000e+03) + sum g_i+ | measured fitness | best measured fitness or single-digit g-values | x1 | x2...
1 0 +7.683855260e+02 +1.768385526e+03 +1.768385526e+03 +2.2223e+00 +2.9328e+00 +2.6016e-01
2 0 +3.306798299e+02 +1.330679830e+03 +1.330679830e+03 -4.4032e+00 -2.7138e-02 -2.4438e+00
3 0 +1.854038863e+02 +1.185403886e+03 +1.185403886e+03 -2.0017e+00 +1.8190e+00 +4.1620e-01
12 0 +1.025669349e+02 +1.102566935e+03 +1.102566935e+03 -9.5225e-01 +2.6511e+00 +2.3886e+00
25 0 +6.934312384e+01 +1.069343124e+03 +1.069343124e+03 -2.0017e+00 +1.8190e+00 +2.4238e+00
105 0 +5.871210323e+01 +1.058712103e+03 +1.058712103e+03 -2.0017e+00 +5.0000e+00 +2.4238e+00
115 0 +5.204632939e+01 +1.052046329e+03 +1.052046329e+03 -4.5375e+00 +3.4601e+00 +2.7429e+00
167 0 +4.378462293e+01 +1.043784623e+03 +1.043784623e+03 -2.0017e+00 +1.5689e+00 +5.0000e+00
189 0 +3.682633455e+01 +1.036826335e+03 +1.036826335e+03 -4.2830e+00 +5.0000e+00 +2.5340e+00
195 0 +3.557933189e+01 +1.035579332e+03 +1.035579332e+03 -4.2447e+00 +3.4601e+00 +2.7429e+00
203 0 +2.790574671e+01 +1.027905747e+03 +1.027905747e+03 -4.0850e+00 +2.6511e+00 +2.3886e+00
207 0 +2.447002467e+01 +1.024470025e+03 +1.024470025e+03 -5.0000e+00 +1.5689e+00 +1.9122e+00
395 0 +1.690774145e+01 +1.016907741e+03 +1.016907741e+03 -4.0850e+00 +3.4601e+00 +2.7429e+00
515 0 +1.030747063e+01 +1.010307471e+03 +1.010307471e+03 -3.7339e+00 +3.7319e+00 +2.7429e+00
1181 0 +1.011461883e+01 +1.010114619e+03 +1.010114619e+03 -4.3963e+00 +3.7236e+00 +2.9689e+00
1401 0 +6.200869639e+00 +1.006200870e+03 +1.006200870e+03 -3.3825e+00 +2.4317e+00 +3.5943e+00
1427 0 +5.792912202e+00 +1.005792912e+03 +1.005792912e+03 -3.9810e+00 +3.4061e+00 +2.7287e+00
1885 0 +4.017815618e+00 +1.004017816e+03 +1.004017816e+03 -3.6345e+00 +2.4888e+00 +3.1108e+00
3277 0 +3.687610777e+00 +1.003687611e+03 +1.003687611e+03 -3.9858e+00 +3.3385e+00 +2.7628e+00
5317 0 +2.439965357e+00 +1.002439965e+03 +1.002439965e+03 -3.9858e+00 +3.3385e+00 +2.7380e+00
6609 0 +1.740420562e+00 +1.001740421e+03 +1.001740421e+03 -3.3833e+00 +2.5373e+00 +3.6004e+00
9127 0 +1.598143951e+00 +1.001598144e+03 +1.001598144e+03 -3.3808e+00 +2.5293e+00 +3.6073e+00
9801 0 +1.491485091e+00 +1.001491485e+03 +1.001491485e+03 -3.3825e+00 +2.5356e+00 +3.6083e+00
9883 0 +1.171547792e+00 +1.001171548e+03 +1.001171548e+03 -3.3422e+00 +2.5299e+00 +3.6359e+00
11189 0 +1.056435378e+00 +1.001056435e+03 +1.001056435e+03 -3.3459e+00 +2.5414e+00 +3.6472e+00
11749 0 +1.044066020e+00 +1.001044066e+03 +1.001044066e+03 -3.3459e+00 +2.5414e+00 +3.6464e+00
11913 0 +1.015221869e+00 +1.001015222e+03 +1.001015222e+03 -3.3489e+00 +2.5477e+00 +3.6395e+00
12103 0 +9.985306577e-01 +1.000998531e+03 +1.000998531e+03 -3.3392e+00 +2.5422e+00 +3.6459e+00
% f evaluations | g evaluations | best noise-free fitness - Fopt (7.003000000000e+01) + sum g_i+ | measured fitness | best measured fitness or single-digit g-values | x1 | x2...
1 0 +2.322806961e+02 +3.023106961e+02 +3.023106961e+02 +2.9032e+00 -2.1544e+00 +2.8891e+00
2 0 +1.374063674e+02 +2.074363674e+02 +2.074363674e+02 +3.9236e+00 +4.9346e+00 -3.2985e+00
4 0 +4.754695624e+01 +1.175769562e+02 +1.175769562e+02 -8.4441e-01 -2.8411e+00 -1.3239e+00
27 0 +3.330491920e+01 +1.033349192e+02 +1.033349192e+02 -8.4441e-01 -2.8411e+00 -4.8979e+00
45 0 +2.788116400e+01 +9.791116400e+01 +9.791116400e+01 -1.4482e+00 -1.8723e+00 -3.7953e+00
169 0 +2.671430549e+01 +9.674430549e+01 +9.674430549e+01 -1.5500e-01 -1.9255e-01 -3.1910e+00
205 0 +1.346864554e+01 +8.349864554e+01 +8.349864554e+01 -7.8570e-01 -2.3518e+00 -3.7953e+00
525 0 +5.329497764e+00 +7.535949776e+01 +7.535949776e+01 -7.8570e-01 -2.3518e+00 -5.0000e+00
1261 0 +4.204963194e+00 +7.423496319e+01 +7.423496319e+01 -4.4007e-01 -2.1544e+00 -3.0525e+00
3541 0 +3.191811268e+00 +7.322181127e+01 +7.322181127e+01 -4.2746e-01 -2.1105e+00 -3.0525e+00
5103 0 +2.196148685e+00 +7.222614868e+01 +7.222614868e+01 -6.5423e-01 -2.6811e+00 -3.6937e+00
5263 0 +2.116420073e+00 +7.214642007e+01 +7.214642007e+01 -6.5423e-01 -2.6716e+00 -3.6937e+00
7341 0 +2.070299121e+00 +7.210029912e+01 +7.210029912e+01 -3.6783e-01 -2.0802e+00 -3.0525e+00
11329 0 +1.802225035e+00 +7.183222503e+01 +7.183222503e+01 -6.3685e-01 -2.6346e+00 -3.6106e+00
11743 0 +1.456114832e+00 +7.148611483e+01 +7.148611483e+01 -6.5375e-01 -2.6716e+00 -3.6675e+00
12049 0 +1.131102699e+00 +7.116110270e+01 +7.116110270e+01 -6.3685e-01 -2.6346e+00 -3.6314e+00
12089 0 +1.034782592e+00 +7.106478259e+01 +7.106478259e+01 -6.2848e-01 -2.6346e+00 -3.6314e+00
14329 0 +1.022229294e+00 +7.105222929e+01 +7.105222929e+01 -6.2848e-01 -2.6375e+00 -3.6314e+00
17773 0 +9.967421995e-01 +7.102674220e+01 +7.102674220e+01 -6.3477e-01 -2.6435e+00 -3.6371e+00
% f evaluations | g evaluations | best noise-free fitness - Fopt (-4.822000000000e+01) + sum g_i+ | measured fitness | best measured fitness or single-digit g-values | x1 | x2...
1 0 +2.612565641e+02 +2.130365641e+02 +2.130365641e+02 +4.9792e+00 -2.8494e+00 -4.5213e+00
2 0 +8.504709354e+01 +3.682709354e+01 +3.682709354e+01 -2.8739e+00 -1.1975e+00 +1.3710e+00
5 0 +4.824958828e+01 +2.958827561e-02 +2.958827561e-02 -1.9979e+00 -1.6218e+00 -3.0303e-01
7 0 +3.491674646e+01 -1.330325354e+01 -1.330325354e+01 -2.9217e+00 -1.9491e+00 -1.2369e+00
11 0 +3.012591831e+01 -1.809408169e+01 -1.809408169e+01 -3.0188e+00 -1.1694e+00 -2.1892e+00
39 0 +1.661888152e+01 -3.160111848e+01 -3.160111848e+01 -1.6511e+00 -5.1488e-01 -1.8784e+00
47 0 +1.185154511e+01 -3.636845489e+01 -3.636845489e+01 -2.0891e+00 -3.0273e-01 -2.5747e+00
657 0 +7.438427282e+00 -4.078157272e+01 -4.078157272e+01 -1.4594e+00 -7.0313e-01 -1.9990e+00
871 0 +6.438979583e+00 -4.178102042e+01 -4.178102042e+01 -1.6352e+00 -1.8804e+00 -2.3086e+00
987 0 +5.457645628e+00 -4.276235437e+01 -4.276235437e+01 -1.4162e+00 -1.3641e+00 -2.6626e+00
1027 0 +5.150368780e+00 -4.306963122e+01 -4.306963122e+01 -1.4162e+00 -1.3641e+00 -2.6583e+00
1161 0 +4.897527168e+00 -4.332247283e+01 -4.332247283e+01 -2.4211e+00 -5.5270e-01 -2.1892e+00
1947 0 +4.600028773e+00 -4.361997123e+01 -4.361997123e+01 -1.4162e+00 -6.5093e-01 -2.7130e+00
2027 0 +2.781001087e+00 -4.543899891e+01 -4.543899891e+01 -1.4162e+00 -5.6638e-01 -2.7130e+00
2521 0 +2.630995725e+00 -4.558900428e+01 -4.558900428e+01 -2.4211e+00 -5.5270e-01 -2.2222e+00
4565 0 +2.141414067e+00 -4.607858593e+01 -4.607858593e+01 -1.6919e+00 -1.7753e+00 -2.3239e+00
5173 0 +1.344882956e+00 -4.687511704e+01 -4.687511704e+01 -1.8604e+00 -1.0274e+00 -2.1759e+00
7213 0 +5.840677418e-01 -4.763593226e+01 -4.763593226e+01 -1.8604e+00 -1.0274e+00 -2.2190e+00
9355 0 +5.252914268e-01 -4.769470857e+01 -4.769470857e+01 -1.8573e+00 -9.9147e-01 -2.2000e+00
9733 0 +3.066139789e-01 -4.791338602e+01 -4.791338602e+01 -1.8604e+00 -9.8864e-01 -2.2190e+00
11425 0 +2.302936324e-01 -4.798970637e+01 -4.798970637e+01 -1.8586e+00 -9.9283e-01 -2.2130e+00
11893 0 +1.964486319e-01 -4.802355137e+01 -4.802355137e+01 -1.8531e+00 -9.9188e-01 -2.2190e+00
11991 0 +1.607117848e-01 -4.805928822e+01 -4.805928822e+01 -1.8456e+00 -9.9877e-01 -2.2195e+00
12039 0 +1.175709007e-01 -4.810242910e+01 -4.810242910e+01 -1.8379e+00 -9.9505e-01 -2.2455e+00
12071 0 +5.034600195e-02 -4.816965400e+01 -4.816965400e+01 -1.8456e+00 -9.9877e-01 -2.2289e+00
12941 0 +4.053845480e-02 -4.817946155e+01 -4.817946155e+01 -1.8446e+00 -1.0000e+00 -2.2304e+00
13087 0 +3.950865238e-02 -4.818049135e+01 -4.818049135e+01 -1.8473e+00 -1.0002e+00 -2.2272e+00
13101 0 +3.386156944e-02 -4.818613843e+01 -4.818613843e+01 -1.8462e+00 -1.0000e+00 -2.2304e+00
13289 0 +2.770572694e-02 -4.819229427e+01 -4.819229427e+01 -1.8457e+00 -1.0004e+00 -2.2324e+00
13371 0 +2.264837988e-02 -4.819735162e+01 -4.819735162e+01 -1.8471e+00 -1.0024e+00 -2.2337e+00
13501 0 +2.156583722e-02 -4.819843416e+01 -4.819843416e+01 -1.8462e+00 -1.0016e+00 -2.2307e+00
13505 0 +1.867262907e-02 -4.820132737e+01 -4.820132737e+01 -1.8450e+00 -1.0020e+00 -2.2333e+00
13531 0 +1.736736338e-02 -4.820263264e+01 -4.820263264e+01 -1.8471e+00 -1.0024e+00 -2.2304e+00
13689 0 +1.682327628e-02 -4.820317672e+01 -4.820317672e+01 -1.8457e+00 -1.0048e+00 -2.2282e+00
13807 0 +1.578731436e-02 -4.820421269e+01 -4.820421269e+01 -1.8457e+00 -1.0028e+00 -2.2308e+00
13873 0 +8.759790329e-03 -4.821124021e+01 -4.821124021e+01 -1.8459e+00 -1.0056e+00 -2.2301e+00
13929 0 +6.285980493e-03 -4.821371402e+01 -4.821371402e+01 -1.8457e+00 -1.0067e+00 -2.2330e+00
13969 0 +2.102835040e-03 -4.821789716e+01 -4.821789716e+01 -1.8446e+00 -1.0067e+00 -2.2330e+00
14089 0 +1.461160705e-03 -4.821853884e+01 -4.821853884e+01 -1.8434e+00 -1.0067e+00 -2.2330e+00
14249 0 +1.400679959e-03 -4.821859932e+01 -4.821859932e+01 -1.8434e+00 -1.0067e+00 -2.2330e+00
14257 0 +1.195508918e-03 -4.821880449e+01 -4.821880449e+01 -1.8439e+00 -1.0073e+00 -2.2335e+00
14355 0 +5.915109089e-04 -4.821940849e+01 -4.821940849e+01 -1.8417e+00 -1.0066e+00 -2.2359e+00
14523 0 +2.659482982e-04 -4.821973405e+01 -4.821973405e+01 -1.8427e+00 -1.0076e+00 -2.2350e+00
14639 0 +2.288738615e-04 -4.821977113e+01 -4.821977113e+01 -1.8424e+00 -1.0076e+00 -2.2347e+00
14713 0 +1.016728309e-04 -4.821989833e+01 -4.821989833e+01 -1.8422e+00 -1.0070e+00 -2.2357e+00
14803 0 +5.256894566e-05 -4.821994743e+01 -4.821994743e+01 -1.8425e+00 -1.0070e+00 -2.2350e+00
14865 0 +2.395451592e-05 -4.821997605e+01 -4.821997605e+01 -1.8426e+00 -1.0070e+00 -2.2350e+00
14923 0 +1.806615621e-05 -4.821998193e+01 -4.821998193e+01 -1.8425e+00 -1.0072e+00 -2.2350e+00
15313 0 +7.629670336e-06 -4.821999237e+01 -4.821999237e+01 -1.8425e+00 -1.0071e+00 -2.2351e+00
15485 0 +6.574331692e-06 -4.821999343e+01 -4.821999343e+01 -1.8425e+00 -1.0072e+00 -2.2352e+00
15515 0 +4.494088266e-06 -4.821999551e+01 -4.821999551e+01 -1.8424e+00 -1.0071e+00 -2.2351e+00
15705 0 +4.003436239e-06 -4.821999600e+01 -4.821999600e+01 -1.8423e+00 -1.0072e+00 -2.2353e+00
15775 0 +2.091852984e-06 -4.821999791e+01 -4.821999791e+01 -1.8424e+00 -1.0072e+00 -2.2351e+00
15883 0 +1.324443957e-06 -4.821999868e+01 -4.821999868e+01 -1.8424e+00 -1.0072e+00 -2.2352e+00
16283 0 +1.120454989e-06 -4.821999888e+01 -4.821999888e+01 -1.8424e+00 -1.0072e+00 -2.2352e+00
16311 0 +7.912994135e-07 -4.821999921e+01 -4.821999921e+01 -1.8424e+00 -1.0072e+00 -2.2352e+00
16351 0 +7.730361276e-07 -4.821999923e+01 -4.821999923e+01 -1.8424e+00 -1.0072e+00 -2.2352e+00
16395 0 +5.225321118e-07 -4.821999948e+01 -4.821999948e+01 -1.8424e+00 -1.0072e+00 -2.2352e+00
16505 0 +7.305015259e-08 -4.821999993e+01 -4.821999993e+01 -1.8424e+00 -1.0072e+00 -2.2352e+00
16827 0 +3.347233957e-08 -4.821999997e+01 -4.821999997e+01 -1.8424e+00 -1.0072e+00 -2.2352e+00
16959 0 +2.639772134e-08 -4.821999997e+01 -4.821999997e+01 -1.8424e+00 -1.0072e+00 -2.2352e+00
17113 0 +1.435312669e-08 -4.821999999e+01 -4.821999999e+01 -1.8424e+00 -1.0072e+00 -2.2352e+00
17267 0 +9.033605863e-09 -4.821999999e+01 -4.821999999e+01 -1.8424e+00 -1.0072e+00 -2.2352e+00
21103 0 +0.000000000e+00 -4.822000000e+01 -4.822000000e+01 -1.8424e+00 -1.0072e+00 -2.2352e+00
% f evaluations | g evaluations | best noise-free fitness - Fopt (2.547000000000e+01) + sum g_i+ | measured fitness | best measured fitness or single-digit g-values | x1 | x2...
1 0 +2.461956431e+03 +2.487426431e+03 +2.487426431e+03 -5.1854e-01 +3.1639e+00 +1.2780e+00
3 0 +1.554457374e+03 +1.579927374e+03 +1.579927374e+03 -4.7477e+00 +2.9751e+00 +3.6473e+00
4 0 +7.174333538e+02 +7.429033538e+02 +7.429033538e+02 +4.4152e+00 -3.4643e+00 -1.6722e+00
5 0 +1.311253133e+02 +1.565953133e+02 +1.565953133e+02 +3.0139e-01 -4.7348e+00 +2.4643e+00
10 0 +3.207881605e+01 +5.754881605e+01 +5.754881605e+01 -3.6869e+00 -9.5390e-01 -3.7263e+00
199 0 +2.745604802e+01 +5.292604802e+01 +5.292604802e+01 -3.6869e+00 -9.5390e-01 -5.0000e+00
239 0 +2.587543684e+01 +5.134543684e+01 +5.134543684e+01 -5.0000e+00 -9.5390e-01 -1.9047e+00
493 0 +1.699742134e+01 +4.246742134e+01 +4.246742134e+01 -3.2215e+00 -1.7557e+00 -1.0588e+00
869 0 +1.273159658e+01 +3.820159658e+01 +3.820159658e+01 -2.9630e+00 -1.7446e+00 +1.1936e-01
1197 0 +9.389421439e+00 +3.485942144e+01 +3.485942144e+01 -2.5111e+00 -2.9922e+00 -9.9886e-01
1373 0 +6.586013933e+00 +3.205601393e+01 +3.205601393e+01 -3.2215e+00 -1.7557e+00 -1.2636e+00
1673 0 +6.400878528e+00 +3.187087853e+01 +3.187087853e+01 -4.2534e+00 -2.0026e+00 -1.6833e-01
2169 0 +3.146529705e+00 +2.861652970e+01 +2.861652970e+01 -4.0825e+00 -1.6778e+00 -1.7656e+00
2393 0 +2.889992149e+00 +2.835999215e+01 +2.835999215e+01 -4.2086e+00 -2.0026e+00 -1.6833e-01
4193 0 +2.831108408e+00 +2.830110841e+01 +2.830110841e+01 -4.2086e+00 -2.0072e+00 -1.6833e-01
5497 0 +2.053454460e+00 +2.752345446e+01 +2.752345446e+01 -4.4367e+00 -1.3280e+00 -1.3371e+00
9115 0 +1.892237310e+00 +2.736223731e+01 +2.736223731e+01 -3.4708e+00 -2.1890e+00 -1.6168e+00
10047 0 +1.356488041e+00 +2.682648804e+01 +2.682648804e+01 -3.4015e+00 -2.1488e+00 -6.1026e-01
10207 0 +1.189498751e+00 +2.665949875e+01 +2.665949875e+01 -3.4015e+00 -2.1743e+00 -6.1026e-01
10413 0 +5.867296524e-01 +2.605672965e+01 +2.605672965e+01 -3.7627e+00 -1.9103e+00 -1.1778e+00
12173 0 +2.044566636e-01 +2.567445666e+01 +2.567445666e+01 -3.7944e+00 -1.9103e+00 -1.1778e+00
14865 0 +1.403895500e-01 +2.561038955e+01 +2.561038955e+01 -3.7752e+00 -1.9152e+00 -1.1814e+00
18039 0 +1.298981672e-01 +2.559989817e+01 +2.559989817e+01 -3.7740e+00 -1.9179e+00 -1.1561e+00
18237 0 +4.525642785e-02 +2.551525643e+01 +2.551525643e+01 -3.7804e+00 -1.9185e+00 -1.1648e+00
18487 0 +2.366429098e-02 +2.549366429e+01 +2.549366429e+01 -3.7838e+00 -1.9067e+00 -1.1686e+00
19117 0 +9.763118360e-03 +2.547976312e+01 +2.547976312e+01 -3.7826e+00 -1.9110e+00 -1.1648e+00
19557 0 +2.360279136e-03 +2.547236028e+01 +2.547236028e+01 -3.7863e+00 -1.9110e+00 -1.1648e+00
20565 0 +1.089995860e-03 +2.547109000e+01 +2.547109000e+01 -3.7847e+00 -1.9109e+00 -1.1644e+00
20947 0 +7.366463033e-04 +2.547073665e+01 +2.547073665e+01 -3.7856e+00 -1.9116e+00 -1.1643e+00
21219 0 +5.143769511e-04 +2.547051438e+01 +2.547051438e+01 -3.7848e+00 -1.9114e+00 -1.1654e+00
21243 0 +5.001129806e-04 +2.547050011e+01 +2.547050011e+01 -3.7852e+00 -1.9125e+00 -1.1630e+00
21265 0 +2.951419500e-04 +2.547029514e+01 +2.547029514e+01 -3.7853e+00 -1.9118e+00 -1.1635e+00
21345 0 +2.381579332e-04 +2.547023816e+01 +2.547023816e+01 -3.7852e+00 -1.9118e+00 -1.1635e+00
21425 0 +1.949794943e-04 +2.547019498e+01 +2.547019498e+01 -3.7852e+00 -1.9118e+00 -1.1643e+00
21483 0 +1.712147709e-04 +2.547017121e+01 +2.547017121e+01 -3.7852e+00 -1.9116e+00 -1.1641e+00
21665 0 +8.196319884e-05 +2.547008196e+01 +2.547008196e+01 -3.7846e+00 -1.9118e+00 -1.1643e+00
21711 0 +2.180678471e-05 +2.547002181e+01 +2.547002181e+01 -3.7849e+00 -1.9119e+00 -1.1640e+00
21953 0 +1.927893713e-05 +2.547001928e+01 +2.547001928e+01 -3.7847e+00 -1.9119e+00 -1.1641e+00
22063 0 +1.765246105e-05 +2.547001765e+01 +2.547001765e+01 -3.7848e+00 -1.9121e+00 -1.1638e+00
22191 0 +1.999513191e-06 +2.547000200e+01 +2.547000200e+01 -3.7848e+00 -1.9120e+00 -1.1640e+00
22469 0 +6.193256255e-07 +2.547000062e+01 +2.547000062e+01 -3.7848e+00 -1.9120e+00 -1.1640e+00
22719 0 +3.412739353e-07 +2.547000034e+01 +2.547000034e+01 -3.7848e+00 -1.9120e+00 -1.1640e+00
22729 0 +2.432436013e-07 +2.547000024e+01 +2.547000024e+01 -3.7848e+00 -1.9120e+00 -1.1640e+00
22787 0 +1.086769217e-07 +2.547000011e+01 +2.547000011e+01 -3.7848e+00 -1.9120e+00 -1.1640e+00
22947 0 +1.013659734e-07 +2.547000010e+01 +2.547000010e+01 -3.7848e+00 -1.9120e+00 -1.1640e+00
23393 0 +2.995559356e-09 +2.547000000e+01 +2.547000000e+01 -3.7848e+00 -1.9120e+00 -1.1640e+00
26571 0 +0.000000000e+00 +2.547000000e+01 +2.547000000e+01 -3.7848e+00 -1.9120e+00 -1.1640e+00
% f evaluations | g evaluations | best noise-free fitness - Fopt (-1.008100000000e+02) + sum g_i+ | measured fitness | best measured fitness or single-digit g-values | x1 | x2...
1 0 +3.783658370e+02 +2.775558370e+02 +2.775558370e+02 +3.7042e+00 +2.9730e+00 -4.9401e+00
2 0 +2.124569214e+02 +1.116469214e+02 +1.116469214e+02 -1.5061e+00 -1.7010e+00 +2.7387e+00
3 0 +1.340133812e+02 +3.320338116e+01 +3.320338116e+01 +9.8666e-01 +3.3912e+00 -1.9318e+00
6 0 +1.282195300e+02 +2.740952998e+01 +2.740952998e+01 +1.8428e+00 +3.8492e+00 +7.2370e-01
7 0 +9.490106677e+01 -5.908933234e+00 -5.908933234e+00 -2.9315e+00 +2.1813e+00 +1.7587e+00
8 0 +5.724433108e+01 -4.356566892e+01 -4.356566892e+01 +2.9836e+00 +4.0590e-01 +5.6565e-01
23 0 +5.511652344e+01 -4.569347656e+01 -4.569347656e+01 -1.5061e+00 +2.7234e+00 +2.6856e+00
41 0 +2.689605305e+01 -7.391394695e+01 -7.391394695e+01 -3.5744e-01 +2.5999e+00 +2.8349e+00
275 0 +2.558418683e+01 -7.522581317e+01 -7.522581317e+01 -1.0480e+00 +1.2476e+00 +5.6565e-01
301 0 +1.314633827e+01 -8.766366173e+01 -8.766366173e+01 +1.2533e+00 +1.0477e+00 +8.1491e-01
381 0 +1.258264718e+01 -8.822735282e+01 -8.822735282e+01 +1.2533e+00 +3.2212e-01 +8.1491e-01
781 0 +1.077927575e+01 -9.003072425e+01 -9.003072425e+01 +1.2533e+00 -4.7001e-01 +8.1491e-01
905 0 +9.897057428e+00 -9.091294257e+01 -9.091294257e+01 +5.0530e-02 +1.2015e-01 +9.4500e-01
945 0 +5.916685672e+00 -9.489331433e+01 -9.489331433e+01 +8.8316e-01 +1.2015e-01 +9.4500e-01
1225 0 +5.398620821e+00 -9.541137918e+01 -9.541137918e+01 +8.8316e-01 +1.2015e-01 +9.5751e-01
2423 0 +2.265205872e+00 -9.854479413e+01 -9.854479413e+01 +1.2452e+00 +6.8852e-01 +1.6864e+00
4003 0 +2.127670235e+00 -9.868232977e+01 -9.868232977e+01 +5.3092e-01 +1.0527e+00 +7.0576e-01
6945 0 +1.928280113e+00 -9.888171989e+01 -9.888171989e+01 +1.2781e+00 +3.6761e-01 +9.5751e-01
7533 0 +1.891297850e+00 -9.891870215e+01 -9.891870215e+01 +5.9988e-01 +5.7204e-01 +1.6819e+00
8253 0 +1.068617827e+00 -9.974138217e+01 -9.974138217e+01 +6.3644e-01 +5.7204e-01 +1.6819e+00
13457 0 +9.061602743e-01 -9.990383973e+01 -9.990383973e+01 +9.6353e-01 +5.2912e-01 +1.3351e+00
14777 0 +8.103203255e-01 -9.999967967e+01 -9.999967967e+01 +9.5378e-01 +5.2912e-01 +1.3351e+00
14897 0 +5.406912722e-01 -1.002693087e+02 -1.002693087e+02 +9.5378e-01 +5.2109e-01 +1.3351e+00
19031 0 +3.780360072e-01 -1.004319640e+02 -1.004319640e+02 +9.6855e-01 +5.1455e-01 +1.3416e+00
19111 0 +3.677309412e-01 -1.004422691e+02 -1.004422691e+02 +9.6579e-01 +5.1455e-01 +1.3395e+00
20461 0 +3.255233675e-01 -1.004844766e+02 -1.004844766e+02 +9.6443e-01 +5.0001e-01 +1.3352e+00
20923 0 +2.306195942e-01 -1.005793804e+02 -1.005793804e+02 +9.7155e-01 +4.8934e-01 +1.3310e+00
21003 0 +1.603471804e-01 -1.006496528e+02 -1.006496528e+02 +9.7155e-01 +4.9553e-01 +1.3357e+00
22113 0 +1.293347509e-01 -1.006806652e+02 -1.006806652e+02 +9.6957e-01 +5.0073e-01 +1.3298e+00
22223 0 +1.197827161e-01 -1.006902173e+02 -1.006902173e+02 +9.7026e-01 +5.0150e-01 +1.3293e+00
22671 0 +1.166998242e-01 -1.006933002e+02 -1.006933002e+02 +9.7200e-01 +5.0073e-01 +1.3353e+00
22761 0 +1.117504734e-01 -1.006982495e+02 -1.006982495e+02 +9.7282e-01 +5.0166e-01 +1.3356e+00
22913 0 +9.572033734e-02 -1.007142797e+02 -1.007142797e+02 +9.7634e-01 +4.9964e-01 +1.3376e+00
23151 0 +7.536721097e-02 -1.007346328e+02 -1.007346328e+02 +9.7739e-01 +4.9980e-01 +1.3353e+00
23227 0 +4.558792484e-02 -1.007644121e+02 -1.007644121e+02 +9.8058e-01 +4.9587e-01 +1.3285e+00
23259 0 +4.143123107e-02 -1.007685688e+02 -1.007685688e+02 +9.8008e-01 +4.9402e-01 +1.3325e+00
23387 0 +3.885442613e-02 -1.007711456e+02 -1.007711456e+02 +9.8058e-01 +4.9587e-01 +1.3320e+00
23419 0 +3.267215165e-02 -1.007773278e+02 -1.007773278e+02 +9.8133e-01 +4.9402e-01 +1.3325e+00
23513 0 +2.807401550e-02 -1.007819260e+02 -1.007819260e+02 +9.8494e-01 +4.9451e-01 +1.3302e+00
23527 0 +1.513125957e-02 -1.007948687e+02 -1.007948687e+02 +9.8939e-01 +4.8624e-01 +1.3323e+00
23605 0 +1.309881941e-02 -1.007969012e+02 -1.007969012e+02 +9.9286e-01 +4.8920e-01 +1.3306e+00
23615 0 +9.234835149e-03 -1.008007652e+02 -1.008007652e+02 +9.8732e-01 +4.9207e-01 +1.3325e+00
23869 0 +8.510745004e-03 -1.008014893e+02 -1.008014893e+02 +9.8992e-01 +4.9189e-01 +1.3334e+00
23909 0 +3.098386860e-03 -1.008069016e+02 -1.008069016e+02 +9.8992e-01 +4.8821e-01 +1.3334e+00
23965 0 +3.933237503e-04 -1.008096067e+02 -1.008096067e+02 +9.9286e-01 +4.8709e-01 +1.3334e+00
24349 0 +2.200829821e-04 -1.008097799e+02 -1.008097799e+02 +9.9126e-01 +4.8821e-01 +1.3334e+00
24781 0 +1.328809696e-04 -1.008098671e+02 -1.008098671e+02 +9.9234e-01 +4.8769e-01 +1.3333e+00
25021 0 +1.007116591e-04 -1.008098993e+02 -1.008098993e+02 +9.9234e-01 +4.8769e-01 +1.3334e+00
25343 0 +1.705907775e-05 -1.008099829e+02 -1.008099829e+02 +9.9212e-01 +4.8783e-01 +1.3335e+00
25423 0 +1.525979151e-05 -1.008099847e+02 -1.008099847e+02 +9.9212e-01 +4.8783e-01 +1.3336e+00
25727 0 +9.098204856e-06 -1.008099909e+02 -1.008099909e+02 +9.9186e-01 +4.8802e-01 +1.3336e+00
26007 0 +4.290643218e-06 -1.008099957e+02 -1.008099957e+02 +9.9204e-01 +4.8802e-01 +1.3336e+00
26287 0 +3.097766225e-06 -1.008099969e+02 -1.008099969e+02 +9.9204e-01 +4.8802e-01 +1.3336e+00
26327 0 +1.580032574e-06 -1.008099984e+02 -1.008099984e+02 +9.9204e-01 +4.8795e-01 +1.3336e+00
26407 0 +8.757842807e-07 -1.008099991e+02 -1.008099991e+02 +9.9204e-01 +4.8796e-01 +1.3336e+00
26449 0 +1.953548434e-07 -1.008099998e+02 -1.008099998e+02 +9.9201e-01 +4.8799e-01 +1.3336e+00
27489 0 +4.366853545e-08 -1.008100000e+02 -1.008100000e+02 +9.9201e-01 +4.8799e-01 +1.3336e+00
27757 0 +4.193971392e-08 -1.008100000e+02 -1.008100000e+02 +9.9201e-01 +4.8800e-01 +1.3336e+00
27913 0 +4.517474395e-09 -1.008100000e+02 -1.008100000e+02 +9.9200e-01 +4.8800e-01 +1.3336e+00
31709 0 +0.000000000e+00 -1.008100000e+02 -1.008100000e+02 +9.9200e-01 +4.8800e-01 +1.3336e+00
% f evaluations | g evaluations | best noise-free fitness - Fopt (7.739000000000e+01) + sum g_i+ | measured fitness | best measured fitness or single-digit g-values | x1 | x2...
1 0 +8.589336284e+01 +1.632833628e+02 +1.632833628e+02 +3.5691e+00 +1.5226e+00 +3.8930e+00
3 0 +4.825224494e+01 +1.256422449e+02 +1.256422449e+02 +3.6826e+00 +1.4920e+00 +4.6822e-01
39 0 +3.971364727e+01 +1.171036473e+02 +1.171036473e+02 +3.9722e+00 +3.7182e+00 +3.6614e+00
99 0 +2.677947985e+01 +1.041694798e+02 +1.041694798e+02 +5.0000e+00 +3.4038e+00 +3.8590e+00
189 0 +2.301982348e+01 +1.004098235e+02 +1.004098235e+02 +5.0000e+00 +4.3872e+00 +2.3661e+00
259 0 +1.745025580e+01 +9.484025580e+01 +9.484025580e+01 +4.8786e+00 +3.4038e+00 +3.8590e+00
439 0 +8.947191097e+00 +8.633719110e+01 +8.633719110e+01 +3.9722e+00 +2.4133e+00 +1.2118e+00
541 0 +7.230780280e+00 +8.462078028e+01 +8.462078028e+01 +3.5691e+00 +3.5554e+00 +1.2821e+00
1245 0 +5.686965909e+00 +8.307696591e+01 +8.307696591e+01 +4.0867e+00 +3.3983e+00 +1.1559e+00
1287 0 +5.529623309e+00 +8.291962331e+01 +8.291962331e+01 +3.6455e+00 +3.6785e+00 +1.2936e+00
1413 0 +5.458602686e+00 +8.284860269e+01 +8.284860269e+01 +3.5231e+00 +3.6361e+00 +1.2467e+00
1609 0 +2.470377223e+00 +7.986037722e+01 +7.986037722e+01 +4.5375e+00 +3.6402e+00 +5.6491e-01
3703 0 +2.215813229e+00 +7.960581323e+01 +7.960581323e+01 +3.5695e+00 +3.6387e+00 +1.3488e+00
5467 0 +7.524704998e-01 +7.814247050e+01 +7.814247050e+01 +3.9439e+00 +3.3491e+00 +1.1788e+00
8817 0 +4.742992637e-01 +7.786429926e+01 +7.786429926e+01 +3.9449e+00 +3.3531e+00 +1.1708e+00
9473 0 +4.609660015e-01 +7.785096600e+01 +7.785096600e+01 +3.9610e+00 +3.3627e+00 +1.1707e+00
9707 0 +1.252888110e-01 +7.751528881e+01 +7.751528881e+01 +3.9439e+00 +3.3491e+00 +1.1268e+00
10851 0 +7.464127729e-02 +7.746464128e+01 +7.746464128e+01 +3.9383e+00 +3.3428e+00 +1.1323e+00
11895 0 +3.531604013e-02 +7.742531604e+01 +7.742531604e+01 +3.9492e+00 +3.3461e+00 +1.1446e+00
12289 0 +3.336528979e-02 +7.742336529e+01 +7.742336529e+01 +3.9446e+00 +3.3443e+00 +1.1434e+00
12669 0 +3.004048328e-02 +7.742004048e+01 +7.742004048e+01 +3.9495e+00 +3.3465e+00 +1.1451e+00
12673 0 +2.540122491e-02 +7.741540122e+01 +7.741540122e+01 +3.9547e+00 +3.3556e+00 +1.1458e+00
12889 0 +1.067773057e-02 +7.740067773e+01 +7.740067773e+01 +3.9446e+00 +3.3459e+00 +1.1434e+00
13509 0 +1.024825290e-02 +7.740024825e+01 +7.740024825e+01 +3.9492e+00 +3.3530e+00 +1.1451e+00
13609 0 +9.668372604e-03 +7.739966837e+01 +7.739966837e+01 +3.9491e+00 +3.3482e+00 +1.1434e+00
13897 0 +6.625056127e-03 +7.739662506e+01 +7.739662506e+01 +3.9518e+00 +3.3515e+00 +1.1455e+00
13937 0 +3.104738614e-03 +7.739310474e+01 +7.739310474e+01 +3.9496e+00 +3.3515e+00 +1.1455e+00
14217 0 +1.040447256e-03 +7.739104045e+01 +7.739104045e+01 +3.9482e+00 +3.3499e+00 +1.1455e+00
14449 0 +8.926817343e-04 +7.739089268e+01 +7.739089268e+01 +3.9474e+00 +3.3504e+00 +1.1434e+00
14723 0 +5.465831137e-04 +7.739054658e+01 +7.739054658e+01 +3.9483e+00 +3.3505e+00 +1.1443e+00
14945 0 +4.879047197e-04 +7.739048790e+01 +7.739048790e+01 +3.9467e+00 +3.3498e+00 +1.1443e+00
15025 0 +2.880129547e-04 +7.739028801e+01 +7.739028801e+01 +3.9467e+00 +3.3498e+00 +1.1437e+00
15459 0 +1.073496545e-04 +7.739010735e+01 +7.739010735e+01 +3.9471e+00 +3.3496e+00 +1.1435e+00
15619 0 +4.174722179e-05 +7.739004175e+01 +7.739004175e+01 +3.9471e+00 +3.3496e+00 +1.1437e+00
15779 0 +2.156704629e-05 +7.739002157e+01 +7.739002157e+01 +3.9471e+00 +3.3495e+00 +1.1438e+00
15781 0 +1.204695916e-05 +7.739001205e+01 +7.739001205e+01 +3.9471e+00 +3.3496e+00 +1.1441e+00
15841 0 +1.166687828e-05 +7.739001167e+01 +7.739001167e+01 +3.9472e+00 +3.3496e+00 +1.1441e+00
16101 0 +5.920438937e-06 +7.739000592e+01 +7.739000592e+01 +3.9471e+00 +3.3496e+00 +1.1439e+00
16141 0 +5.017791452e-06 +7.739000502e+01 +7.739000502e+01 +3.9471e+00 +3.3496e+00 +1.1439e+00
16641 0 +4.502575763e-06 +7.739000450e+01 +7.739000450e+01 +3.9471e+00 +3.3496e+00 +1.1439e+00
16767 0 +8.997327825e-07 +7.739000090e+01 +7.739000090e+01 +3.9472e+00 +3.3496e+00 +1.1440e+00
16817 0 +6.362162708e-08 +7.739000006e+01 +7.739000006e+01 +3.9472e+00 +3.3496e+00 +1.1440e+00
17417 0 +3.372768731e-08 +7.739000003e+01 +7.739000003e+01 +3.9472e+00 +3.3496e+00 +1.1440e+00
17979 0 +1.210879930e-08 +7.739000001e+01 +7.739000001e+01 +3.9472e+00 +3.3496e+00 +1.1440e+00
18005 0 +1.163725472e-08 +7.739000001e+01 +7.739000001e+01 +3.9472e+00 +3.3496e+00 +1.1440e+00
18045 0 +5.589399166e-09 +7.739000001e+01 +7.739000001e+01 +3.9472e+00 +3.3496e+00 +1.1440e+00
21687 0 +0.000000000e+00 +7.739000000e+01 +7.739000000e+01 +3.9472e+00 +3.3496e+00 +1.1440e+00
% f evaluations | g evaluations | best noise-free fitness - Fopt (-7.828000000000e+01) + sum g_i+ | measured fitness | best measured fitness or single-digit g-values | x1 | x2...
1 0 +2.975406466e+03 +2.897126466e+03 +2.897126466e+03 +2.5055e+00 +2.2143e+00 -4.3745e+00
2 0 +1.026563270e+02 +2.437632698e+01 +2.437632698e+01 -1.8444e+00 +4.6810e+00 +3.3449e+00
18 0 +9.039979995e+01 +1.211979995e+01 +1.211979995e+01 -3.6479e+00 +3.1689e+00 -2.4888e+00
19 0 +6.873932318e+01 -9.540676815e+00 -9.540676815e+00 -4.6311e+00 +3.8528e+00 -1.4370e+00
33 0 +5.891160592e+01 -1.936839408e+01 -1.936839408e+01 -2.6601e+00 -4.0140e-01 +5.3425e-01
89 0 +3.203090730e+01 -4.624909270e+01 -4.624909270e+01 -2.1933e+00 +1.1211e+00 +2.5326e+00
247 0 +2.578198514e+01 -5.249801486e+01 -5.249801486e+01 -2.9301e+00 +3.0679e+00 +3.0454e-01
307 0 +2.175264554e+01 -5.652735446e+01 -5.652735446e+01 -1.7716e+00 +7.0023e-01 +4.8497e+00
359 0 +1.493485335e+01 -6.334514665e+01 -6.334514665e+01 -9.5003e-01 -3.6647e-01 +3.7583e+00
427 0 +6.789492407e+00 -7.149050759e+01 -7.149050759e+01 -1.7716e+00 +7.8968e-01 +3.6057e+00
947 0 +5.155225635e+00 -7.312477436e+01 -7.312477436e+01 -1.7716e+00 +7.8968e-01 +3.8197e+00
975 0 +4.933476798e+00 -7.334652320e+01 -7.334652320e+01 -2.4416e+00 +1.6935e+00 +2.8681e+00
1349 0 +3.193442231e+00 -7.508655777e+01 -7.508655777e+01 -2.1314e+00 +1.1491e+00 +2.0462e+00
1463 0 +3.107858149e+00 -7.517214185e+01 -7.517214185e+01 -1.4498e+00 +7.6856e-01 +3.0760e+00
1651 0 +2.279145800e+00 -7.600085420e+01 -7.600085420e+01 -1.7580e+00 +8.5958e-01 +3.7259e+00
5069 0 +1.549139968e+00 -7.673086003e+01 -7.673086003e+01 -2.1314e+00 +1.1826e+00 +2.0462e+00
5313 0 +5.893931061e-01 -7.769060689e+01 -7.769060689e+01 -1.9205e+00 +1.0188e+00 +2.9131e+00
14273 0 +3.734033428e-01 -7.790659666e+01 -7.790659666e+01 -1.8956e+00 +1.0188e+00 +2.9131e+00
21637 0 +3.609214875e-01 -7.791907851e+01 -7.791907851e+01 -1.8961e+00 +1.0231e+00 +2.9065e+00
22749 0 +1.743557104e-01 -7.810564429e+01 -7.810564429e+01 -1.9166e+00 +1.0430e+00 +2.9071e+00
25397 0 +1.296837784e-01 -7.815031622e+01 -7.815031622e+01 -1.9104e+00 +1.0231e+00 +2.9065e+00
25637 0 +1.097695447e-01 -7.817023046e+01 -7.817023046e+01 -1.9104e+00 +1.0249e+00 +2.9065e+00
26517 0 +6.641322785e-02 -7.821358677e+01 -7.821358677e+01 -1.9104e+00 +1.0310e+00 +2.9045e+00
27221 0 +3.905325374e-02 -7.824094675e+01 -7.824094675e+01 -1.9134e+00 +1.0319e+00 +2.9020e+00
27969 0 +3.510357030e-02 -7.824489643e+01 -7.824489643e+01 -1.9146e+00 +1.0330e+00 +2.9014e+00
28301 0 +2.028355630e-02 -7.825971644e+01 -7.825971644e+01 -1.9134e+00 +1.0319e+00 +2.8973e+00
28549 0 +1.847812027e-02 -7.826152188e+01 -7.826152188e+01 -1.9146e+00 +1.0316e+00 +2.8971e+00
28597 0 +1.220571056e-02 -7.826779429e+01 -7.826779429e+01 -1.9155e+00 +1.0310e+00 +2.8943e+00
28745 0 +7.667529355e-03 -7.827233247e+01 -7.827233247e+01 -1.9160e+00 +1.0326e+00 +2.8931e+00
29013 0 +6.460583446e-03 -7.827353942e+01 -7.827353942e+01 -1.9170e+00 +1.0355e+00 +2.8934e+00
29065 0 +6.043023346e-03 -7.827395698e+01 -7.827395698e+01 -1.9170e+00 +1.0335e+00 +2.8931e+00
29187 0 +5.126559508e-03 -7.827487344e+01 -7.827487344e+01 -1.9162e+00 +1.0334e+00 +2.8927e+00
29245 0 +3.541979213e-03 -7.827645802e+01 -7.827645802e+01 -1.9162e+00 +1.0334e+00 +2.8913e+00
29345 0 +3.011419552e-03 -7.827698858e+01 -7.827698858e+01 -1.9165e+00 +1.0335e+00 +2.8916e+00
29435 0 +1.978762288e-03 -7.827802124e+01 -7.827802124e+01 -1.9169e+00 +1.0340e+00 +2.8915e+00
29477 0 +1.826071611e-03 -7.827817393e+01 -7.827817393e+01 -1.9174e+00 +1.0333e+00 +2.8897e+00
29557 0 +1.083695652e-03 -7.827891630e+01 -7.827891630e+01 -1.9174e+00 +1.0339e+00 +2.8897e+00
29701 0 +9.542236023e-04 -7.827904578e+01 -7.827904578e+01 -1.9180e+00 +1.0347e+00 +2.8906e+00
29721 0 +7.628345852e-04 -7.827923717e+01 -7.827923717e+01 -1.9178e+00 +1.0341e+00 +2.8898e+00
29861 0 +6.784437297e-04 -7.827932156e+01 -7.827932156e+01 -1.9180e+00 +1.0347e+00 +2.8904e+00
29865 0 +6.649813980e-04 -7.827933502e+01 -7.827933502e+01 -1.9176e+00 +1.0347e+00 +2.8904e+00
29895 0 +1.174378484e-04 -7.827988256e+01 -7.827988256e+01 -1.9182e+00 +1.0352e+00 +2.8894e+00
30047 0 +2.594541698e-05 -7.827997405e+01 -7.827997405e+01 -1.9184e+00 +1.0353e+00 +2.8887e+00
30183 0 +1.809951213e-05 -7.827998190e+01 -7.827998190e+01 -1.9184e+00 +1.0353e+00 +2.8890e+00
30607 0 +1.394417772e-05 -7.827998606e+01 -7.827998606e+01 -1.9184e+00 +1.0353e+00 +2.8887e+00
30611 0 +3.160532330e-06 -7.827999684e+01 -7.827999684e+01 -1.9184e+00 +1.0352e+00 +2.8887e+00
30809 0 +1.343532830e-06 -7.827999866e+01 -7.827999866e+01 -1.9184e+00 +1.0352e+00 +2.8887e+00
31319 0 +2.707753168e-07 -7.827999973e+01 -7.827999973e+01 -1.9184e+00 +1.0352e+00 +2.8888e+00
31359 0 +1.365939966e-07 -7.827999986e+01 -7.827999986e+01 -1.9184e+00 +1.0352e+00 +2.8888e+00
31505 0 +9.934495893e-09 -7.827999999e+01 -7.827999999e+01 -1.9184e+00 +1.0352e+00 +2.8888e+00
36563 0 +0.000000000e+00 -7.828000000e+01 -7.828000000e+01 -1.9184e+00 +1.0352e+00 +2.8888e+00
% f evaluations | g evaluations | best noise-free fitness - Fopt (-1.853000000000e+01) + sum g_i+ | measured fitness | best measured fitness or single-digit g-values | x1 | x2...
1 0 +4.236938804e+02 +4.051638804e+02 +4.051638804e+02 -4.2455e+00 +2.3322e+00 +3.1580e+00
2 0 +1.828452590e+02 +1.643152590e+02 +1.643152590e+02 -3.2982e-01 +1.9358e+00 +1.6142e+00
3 0 +2.815664295e+01 +9.626642952e+00 +9.626642952e+00 -1.0523e+00 -3.0310e+00 -1.4319e+00
93 0 +1.569717901e+01 -2.832820987e+00 -2.832820987e+00 +7.5158e-01 -2.0086e+00 -3.5033e+00
489 0 +8.493748107e+00 -1.003625189e+01 -1.003625189e+01 +1.2109e-01 -1.7741e+00 -3.1862e+00
1043 0 +6.038709935e+00 -1.249129007e+01 -1.249129007e+01 +9.7109e-01 -1.9459e+00 -3.7997e+00
1199 0 +4.194361727e+00 -1.433563827e+01 -1.433563827e+01 +1.0220e+00 -1.4381e+00 -3.9604e+00
1325 0 +3.693492437e+00 -1.483650756e+01 -1.483650756e+01 +1.2265e+00 -2.0607e+00 -3.4981e+00
2953 0 +3.439006509e+00 -1.509099349e+01 -1.509099349e+01 +1.7694e+00 -1.1202e+00 -3.9081e+00
3639 0 +2.767181268e+00 -1.576281873e+01 -1.576281873e+01 +8.7612e-01 -9.1450e-01 -3.3885e+00
4045 0 +2.394933753e+00 -1.613506625e+01 -1.613506625e+01 +1.1523e+00 -2.0607e+00 -3.4981e+00
5721 0 +1.287318483e+00 -1.724268152e+01 -1.724268152e+01 +1.3277e+00 -1.5108e+00 -3.8163e+00
7005 0 +1.255336039e+00 -1.727466396e+01 -1.727466396e+01 +1.1523e+00 -2.0607e+00 -3.4567e+00
7481 0 +9.868073134e-01 -1.754319269e+01 -1.754319269e+01 +1.3277e+00 -1.5413e+00 -3.8163e+00
11681 0 +8.456382692e-01 -1.768436173e+01 -1.768436173e+01 +1.3277e+00 -1.5330e+00 -3.8163e+00
13161 0 +8.073262302e-01 -1.772267377e+01 -1.772267377e+01 +1.3277e+00 -1.5330e+00 -3.7548e+00
14241 0 +6.414858685e-01 -1.788851413e+01 -1.788851413e+01 +1.3221e+00 -1.5330e+00 -3.7548e+00
18665 0 +4.878819571e-01 -1.804211804e+01 -1.804211804e+01 +1.3043e+00 -1.5352e+00 -3.7731e+00
18933 0 +1.613827900e-01 -1.836861721e+01 -1.836861721e+01 +1.3215e+00 -1.5507e+00 -3.7596e+00
19015 0 +6.337062478e-03 -1.852366294e+01 -1.852366294e+01 +1.3393e+00 -1.5486e+00 -3.7851e+00
23571 0 +4.415108593e-03 -1.852558489e+01 -1.852558489e+01 +1.3369e+00 -1.5472e+00 -3.7831e+00
23731 0 +1.180396349e-03 -1.852881960e+01 -1.852881960e+01 +1.3369e+00 -1.5496e+00 -3.7831e+00
24085 0 +2.174171778e-04 -1.852978258e+01 -1.852978258e+01 +1.3359e+00 -1.5487e+00 -3.7836e+00
24117 0 +1.637691430e-04 -1.852983623e+01 -1.852983623e+01 +1.3362e+00 -1.5483e+00 -3.7836e+00
24171 0 +1.166337435e-04 -1.852988337e+01 -1.852988337e+01 +1.3360e+00 -1.5485e+00 -3.7831e+00
24611 0 +5.332268580e-05 -1.852994668e+01 -1.852994668e+01 +1.3360e+00 -1.5491e+00 -3.7831e+00
24851 0 +4.098354649e-05 -1.852995902e+01 -1.852995902e+01 +1.3360e+00 -1.5487e+00 -3.7831e+00
25061 0 +3.147642767e-05 -1.852996852e+01 -1.852996852e+01 +1.3361e+00 -1.5487e+00 -3.7835e+00
25077 0 +2.207963144e-05 -1.852997792e+01 -1.852997792e+01 +1.3362e+00 -1.5489e+00 -3.7833e+00
25461 0 +2.093417008e-05 -1.852997907e+01 -1.852997907e+01 +1.3359e+00 -1.5487e+00 -3.7830e+00
25541 0 +1.755842299e-05 -1.852998244e+01 -1.852998244e+01 +1.3359e+00 -1.5487e+00 -3.7833e+00
25641 0 +1.530348941e-05 -1.852998470e+01 -1.852998470e+01 +1.3359e+00 -1.5487e+00 -3.7831e+00
25749 0 +8.279027114e-06 -1.852999172e+01 -1.852999172e+01 +1.3360e+00 -1.5489e+00 -3.7833e+00
25755 0 +4.007692677e-06 -1.852999599e+01 -1.852999599e+01 +1.3360e+00 -1.5488e+00 -3.7832e+00
25987 0 +3.743503139e-06 -1.852999626e+01 -1.852999626e+01 +1.3359e+00 -1.5488e+00 -3.7831e+00
26029 0 +3.007451500e-06 -1.852999699e+01 -1.852999699e+01 +1.3360e+00 -1.5488e+00 -3.7833e+00
26073 0 +9.818282649e-07 -1.852999902e+01 -1.852999902e+01 +1.3360e+00 -1.5488e+00 -3.7832e+00
26301 0 +9.543281010e-07 -1.852999905e+01 -1.852999905e+01 +1.3360e+00 -1.5488e+00 -3.7833e+00
26343 0 +2.999373336e-07 -1.852999970e+01 -1.852999970e+01 +1.3360e+00 -1.5488e+00 -3.7832e+00
26479 0 +2.292225325e-07 -1.852999977e+01 -1.852999977e+01 +1.3360e+00 -1.5488e+00 -3.7832e+00
26553 0 +8.812863328e-08 -1.852999991e+01 -1.852999991e+01 +1.3360e+00 -1.5488e+00 -3.7832e+00
26873 0 +1.695772767e-08 -1.852999998e+01 -1.852999998e+01 +1.3360e+00 -1.5488e+00 -3.7832e+00
27443 0 +9.878366569e-09 -1.852999999e+01 -1.852999999e+01 +1.3360e+00 -1.5488e+00 -3.7832e+00
30773 0 +0.000000000e+00 -1.853000000e+01 -1.853000000e+01 +1.3360e+00 -1.5488e+00 -3.7832e+00
% f evaluations | g evaluations | best noise-free fitness - Fopt (-4.502000000000e+01) + sum g_i+ | measured fitness | best measured fitness or single-digit g-values | x1 | x2...
1 0 +8.971707130e+01 +4.469707130e+01 +4.469707130e+01 -4.9291e+00 -1.7828e+00 +1.1759e+00
4 0 +6.869482494e+01 +2.367482494e+01 +2.367482494e+01 -1.2588e+00 -3.3825e+00 +1.6936e+00
8 0 +2.711053659e+01 -1.790946341e+01 -1.790946341e+01 -1.5527e+00 -1.3623e+00 +2.5743e+00
13 0 +2.470232145e+01 -2.031767855e+01 -2.031767855e+01 -1.2078e+00 -2.0447e+00 +9.6429e-01
457 0 +1.372402416e+01 -3.129597584e+01 -3.129597584e+01 -2.1492e+00 -1.9947e+00 +1.6070e+00
577 0 +1.310860324e+01 -3.191139676e+01 -3.191139676e+01 -2.1492e+00 -2.0103e+00 +1.6070e+00
607 0 +1.245838886e+01 -3.256161114e+01 -3.256161114e+01 -2.2956e+00 -9.9657e-01 +2.1388e+00
635 0 +1.035752099e+01 -3.466247901e+01 -3.466247901e+01 -2.0036e+00 -1.3623e+00 +2.1946e+00
751 0 +9.664251835e+00 -3.535574816e+01 -3.535574816e+01 -7.2308e-01 -2.3290e+00 +2.5997e+00
777 0 +8.315160635e+00 -3.670483937e+01 -3.670483937e+01 -2.1492e+00 -1.2795e+00 +1.9471e+00
1411 0 +7.970160438e+00 -3.704983956e+01 -3.704983956e+01 -2.7865e+00 -2.1282e+00 +2.3863e+00
1431 0 +5.215769223e+00 -3.980423078e+01 -3.980423078e+01 -8.7905e-01 -2.3290e+00 +2.5997e+00
3247 0 +5.002793516e+00 -4.001720648e+01 -4.001720648e+01 -2.2956e+00 -2.4031e+00 +1.8754e+00
4973 0 +4.305670882e+00 -4.071432912e+01 -4.071432912e+01 -1.0569e+00 -1.9993e+00 +1.0314e+00
5577 0 +3.627941832e+00 -4.139205817e+01 -4.139205817e+01 -1.5573e+00 -2.0963e+00 +1.9471e+00
6417 0 +3.292765360e+00 -4.172723464e+01 -4.172723464e+01 -1.5625e+00 -2.0963e+00 +1.9471e+00
6671 0 +2.903228123e+00 -4.211677188e+01 -4.211677188e+01 -8.3540e-01 -2.3290e+00 +2.5997e+00
7817 0 +2.448796631e+00 -4.257120337e+01 -4.257120337e+01 -1.5625e+00 -2.1497e+00 +2.0769e+00
9937 0 +1.023979472e+00 -4.399602053e+01 -4.399602053e+01 -1.5625e+00 -2.1497e+00 +2.0380e+00
11217 0 +1.034188503e-01 -4.491658115e+01 -4.491658115e+01 -1.5625e+00 -2.1232e+00 +2.0172e+00
19017 0 +5.865497562e-02 -4.496134502e+01 -4.496134502e+01 -1.5827e+00 -2.1192e+00 +2.0172e+00
27237 0 +4.908423730e-02 -4.497091576e+01 -4.497091576e+01 -1.5864e+00 -2.1190e+00 +2.0098e+00
28117 0 +1.750700400e-02 -4.500249300e+01 -4.500249300e+01 -1.5726e+00 -2.1190e+00 +2.0098e+00
29207 0 +1.421708465e-03 -4.501857829e+01 -4.501857829e+01 -1.5797e+00 -2.1164e+00 +2.0072e+00
30269 0 +1.113735349e-03 -4.501888626e+01 -4.501888626e+01 -1.5797e+00 -2.1178e+00 +2.0066e+00
30429 0 +4.092095228e-04 -4.501959079e+01 -4.501959079e+01 -1.5797e+00 -2.1170e+00 +2.0066e+00
30595 0 +2.114800234e-04 -4.501978852e+01 -4.501978852e+01 -1.5805e+00 -2.1172e+00 +2.0067e+00
30715 0 +1.991910099e-04 -4.501980081e+01 -4.501980081e+01 -1.5805e+00 -2.1172e+00 +2.0067e+00
30751 0 +2.616112834e-05 -4.501997384e+01 -4.501997384e+01 -1.5806e+00 -2.1169e+00 +2.0067e+00
31217 0 +2.106354583e-05 -4.501997894e+01 -4.501997894e+01 -1.5806e+00 -2.1168e+00 +2.0066e+00
31377 0 +1.797293403e-05 -4.501998203e+01 -4.501998203e+01 -1.5806e+00 -2.1168e+00 +2.0066e+00
31505 0 +1.113605487e-05 -4.501998886e+01 -4.501998886e+01 -1.5806e+00 -2.1168e+00 +2.0065e+00
31515 0 +7.969317572e-06 -4.501999203e+01 -4.501999203e+01 -1.5807e+00 -2.1168e+00 +2.0064e+00
31531 0 +7.563898187e-06 -4.501999244e+01 -4.501999244e+01 -1.5808e+00 -2.1168e+00 +2.0063e+00
31603 0 +6.612184606e-06 -4.501999339e+01 -4.501999339e+01 -1.5807e+00 -2.1168e+00 +2.0065e+00
31673 0 +9.162244865e-07 -4.501999908e+01 -4.501999908e+01 -1.5808e+00 -2.1168e+00 +2.0064e+00
31809 0 +1.540052494e-07 -4.501999985e+01 -4.501999985e+01 -1.5808e+00 -2.1168e+00 +2.0064e+00
32317 0 +1.095072406e-07 -4.501999989e+01 -4.501999989e+01 -1.5808e+00 -2.1168e+00 +2.0064e+00
32539 0 +4.333172399e-08 -4.501999996e+01 -4.501999996e+01 -1.5808e+00 -2.1168e+00 +2.0064e+00
32685 0 +2.366846985e-08 -4.501999998e+01 -4.501999998e+01 -1.5808e+00 -2.1168e+00 +2.0064e+00
32825 0 +2.204298966e-08 -4.501999998e+01 -4.501999998e+01 -1.5808e+00 -2.1168e+00 +2.0064e+00
32939 0 +2.128664534e-08 -4.501999998e+01 -4.501999998e+01 -1.5808e+00 -2.1168e+00 +2.0064e+00
32949 0 +1.796444593e-08 -4.501999998e+01 -4.501999998e+01 -1.5808e+00 -2.1168e+00 +2.0064e+00
33055 0 +1.667856964e-08 -4.501999998e+01 -4.501999998e+01 -1.5808e+00 -2.1168e+00 +2.0064e+00
33113 0 +8.897444559e-09 -4.501999999e+01 -4.501999999e+01 -1.5808e+00 -2.1168e+00 +2.0064e+00
36113 0 +0.000000000e+00 -4.502000000e+01 -4.502000000e+01 -1.5808e+00 -2.1168e+00 +2.0064e+00
% f evaluations | g evaluations | best noise-free fitness - Fopt (3.000000000000e-02) + sum g_i+ | measured fitness | best measured fitness or single-digit g-values | x1 | x2...
1 0 +2.608920593e+02 +2.609220593e+02 +2.609220593e+02 +9.4944e-01 +7.9763e-02 +1.1439e+00
4 0 +5.897862165e+01 +5.900862165e+01 +5.900862165e+01 +2.2737e+00 +1.5485e+00 -2.0035e+00
49 0 +5.124804577e+01 +5.127804577e+01 +5.127804577e+01 +1.5631e+00 +3.5860e+00 -3.1756e+00
71 0 +4.807150082e+01 +4.810150082e+01 +4.810150082e+01 +4.5890e+00 +1.3221e+00 -1.1499e+00
117 0 +3.311914115e+01 +3.314914115e+01 +3.314914115e+01 +2.6358e+00 +4.6755e+00 -1.3077e+00
171 0 +2.852834703e+01 +2.855834703e+01 +2.855834703e+01 +5.0000e+00 +2.1727e+00 -3.4641e+00
191 0 +2.193323053e+01 +2.196323053e+01 +2.196323053e+01 +4.5890e+00 +1.3743e+00 -3.1160e+00
367 0 +2.032164675e+01 +2.035164675e+01 +2.035164675e+01 +3.9691e+00 +1.9705e+00 -1.7711e+00
581 0 +1.608852990e+01 +1.611852990e+01 +1.611852990e+01 +4.0532e+00 +1.0803e+00 -3.8537e+00
587 0 +1.113141880e+01 +1.116141880e+01 +1.116141880e+01 +3.8232e+00 +3.0985e+00 -3.1181e+00
889 0 +1.015933418e+01 +1.018933418e+01 +1.018933418e+01 +4.3549e+00 +1.5117e+00 -3.0206e+00
1045 0 +3.151379461e+00 +3.181379461e+00 +3.181379461e+00 +3.9275e+00 +3.0704e+00 -3.1812e+00
1485 0 +2.276728644e+00 +2.306728644e+00 +2.306728644e+00 +3.9275e+00 +3.0704e+00 -3.1380e+00
3017 0 +1.322883916e+00 +1.352883916e+00 +1.352883916e+00 +3.9450e+00 +2.4006e+00 -2.4056e+00
4177 0 +1.179247870e+00 +1.209247870e+00 +1.209247870e+00 +3.9450e+00 +2.4085e+00 -2.4056e+00
11825 0 +1.156867323e+00 +1.186867323e+00 +1.186867323e+00 +3.9576e+00 +2.2357e+00 -2.9655e+00
12505 0 +1.083835242e+00 +1.113835242e+00 +1.113835242e+00 +3.9576e+00 +2.2357e+00 -2.9430e+00
14745 0 +1.024115915e+00 +1.054115915e+00 +1.054115915e+00 +3.9588e+00 +2.2357e+00 -2.9430e+00
15305 0 +4.704253370e-01 +5.004253370e-01 +5.004253370e-01 +3.9708e+00 +2.2357e+00 -2.9430e+00
16769 0 +3.679397903e-01 +3.979397903e-01 +3.979397903e-01 +3.9740e+00 +2.2269e+00 -2.9565e+00
16787 0 +2.124532666e-01 +2.424532666e-01 +2.424532666e-01 +4.0008e+00 +2.1821e+00 -2.9786e+00
19827 0 +1.043178434e-01 +1.343178434e-01 +1.343178434e-01 +4.0008e+00 +2.1891e+00 -2.9786e+00
19955 0 +8.855565105e-02 +1.185556510e-01 +1.185556510e-01 +4.0049e+00 +2.1828e+00 -2.9729e+00
20331 0 +3.722980392e-02 +6.722980392e-02 +6.722980392e-02 +3.9950e+00 +2.2058e+00 -2.9724e+00
20915 0 +2.631299156e-02 +5.631299156e-02 +5.631299156e-02 +4.0049e+00 +2.1944e+00 -2.9729e+00
21081 0 +1.452347436e-02 +4.452347436e-02 +4.452347436e-02 +3.9985e+00 +2.2040e+00 -2.9638e+00
21087 0 +1.359387907e-02 +4.359387907e-02 +4.359387907e-02 +3.9971e+00 +2.1980e+00 -2.9694e+00
21647 0 +4.056851989e-03 +3.405685199e-02 +3.405685199e-02 +3.9990e+00 +2.1980e+00 -2.9694e+00
22361 0 +1.179301496e-03 +3.117930150e-02 +3.117930150e-02 +3.9979e+00 +2.2003e+00 -2.9664e+00
22897 0 +1.154212339e-03 +3.115421234e-02 +3.115421234e-02 +3.9994e+00 +2.1986e+00 -2.9686e+00
23083 0 +5.399701635e-04 +3.053997016e-02 +3.053997016e-02 +3.9984e+00 +2.2003e+00 -2.9675e+00
23319 0 +2.893145256e-04 +3.028931453e-02 +3.028931453e-02 +3.9987e+00 +2.1996e+00 -2.9666e+00
23439 0 +2.859663024e-04 +3.028596630e-02 +3.028596630e-02 +3.9987e+00 +2.1999e+00 -2.9674e+00
23579 0 +1.640932975e-04 +3.016409330e-02 +3.016409330e-02 +3.9996e+00 +2.1989e+00 -2.9675e+00
23729 0 +7.161128799e-05 +3.007161129e-02 +3.007161129e-02 +3.9994e+00 +2.1990e+00 -2.9675e+00
23889 0 +5.367377442e-05 +3.005367377e-02 +3.005367377e-02 +3.9992e+00 +2.1995e+00 -2.9673e+00
24043 0 +2.179695422e-05 +3.002179695e-02 +3.002179695e-02 +3.9992e+00 +2.1990e+00 -2.9674e+00
24243 0 +2.019839955e-05 +3.002019840e-02 +3.002019840e-02 +3.9994e+00 +2.1990e+00 -2.9674e+00
24259 0 +1.405662000e-05 +3.001405662e-02 +3.001405662e-02 +3.9991e+00 +2.1994e+00 -2.9671e+00
24677 0 +1.209277756e-05 +3.001209278e-02 +3.001209278e-02 +3.9992e+00 +2.1991e+00 -2.9673e+00
24759 0 +9.751264255e-06 +3.000975126e-02 +3.000975126e-02 +3.9993e+00 +2.1990e+00 -2.9672e+00
24811 0 +7.016702764e-06 +3.000701670e-02 +3.000701670e-02 +3.9992e+00 +2.1991e+00 -2.9672e+00
24897 0 +2.730884997e-06 +3.000273088e-02 +3.000273088e-02 +3.9993e+00 +2.1991e+00 -2.9672e+00
25111 0 +1.598099372e-06 +3.000159810e-02 +3.000159810e-02 +3.9992e+00 +2.1992e+00 -2.9672e+00
25121 0 +1.158191031e-06 +3.000115819e-02 +3.000115819e-02 +3.9992e+00 +2.1992e+00 -2.9672e+00
25211 0 +2.193939100e-07 +3.000021939e-02 +3.000021939e-02 +3.9992e+00 +2.1992e+00 -2.9672e+00
25371 0 +2.174087817e-07 +3.000021741e-02 +3.000021741e-02 +3.9992e+00 +2.1992e+00 -2.9672e+00
25487 0 +8.074300933e-08 +3.000008074e-02 +3.000008074e-02 +3.9992e+00 +2.1992e+00 -2.9672e+00
25801 0 +7.797753758e-08 +3.000007798e-02 +3.000007798e-02 +3.9992e+00 +2.1992e+00 -2.9672e+00
25921 0 +5.747917832e-08 +3.000005748e-02 +3.000005748e-02 +3.9992e+00 +2.1992e+00 -2.9672e+00
25975 0 +3.591591228e-08 +3.000003592e-02 +3.000003592e-02 +3.9992e+00 +2.1992e+00 -2.9672e+00
26159 0 +3.201253942e-08 +3.000003201e-02 +3.000003201e-02 +3.9992e+00 +2.1992e+00 -2.9672e+00
26211 0 +1.316681281e-08 +3.000001317e-02 +3.000001317e-02 +3.9992e+00 +2.1992e+00 -2.9672e+00
26443 0 +9.040997971e-09 +3.000000904e-02 +3.000000904e-02 +3.9992e+00 +2.1992e+00 -2.9672e+00
29801 0 +0.000000000e+00 +3.000000000e-02 +3.000000000e-02 +3.9992e+00 +2.1992e+00 -2.9672e+00
% f evaluations | g evaluations | best noise-free fitness - Fopt (4.822900000000e+02) + sum g_i+ | measured fitness | best measured fitness or single-digit g-values | x1 | x2...
1 0 +9.037708775e+02 +1.386060878e+03 +1.386060878e+03 -1.8497e-01 +2.2050e+00 -4.5264e+00
2 0 +3.430784090e+02 +8.253684090e+02 +8.253684090e+02 -3.0794e+00 -3.7067e+00 +2.4169e+00
3 0 +2.798420406e+02 +7.621320406e+02 +7.621320406e+02 -1.3786e+00 +1.4255e-01 -3.5447e-01
4 0 +1.661642016e+02 +6.484542016e+02 +6.484542016e+02 +2.0575e+00 -2.4470e+00 +4.5346e+00
5 0 +1.337471002e+02 +6.160371002e+02 +6.160371002e+02 -3.3393e-01 +4.0294e+00 -5.7545e-01
9 0 +7.747907121e+01 +5.597690712e+02 +5.597690712e+02 +2.4031e+00 +2.9465e+00 +4.7741e+00
14 0 +7.113266025e+01 +5.534226603e+02 +5.534226603e+02 -9.4085e-01 +7.5384e-01 +4.2701e+00
19 0 +1.541996133e+01 +4.977099613e+02 +4.977099613e+02 +1.7753e+00 +2.7264e+00 +2.4651e+00
417 0 +1.292605558e+01 +4.952160556e+02 +4.952160556e+02 +1.7753e+00 +3.9071e+00 +2.4651e+00
697 0 +1.000843787e+01 +4.922984379e+02 +4.922984379e+02 +1.7753e+00 +3.9071e+00 +2.4858e+00
885 0 +9.533447269e+00 +4.918234473e+02 +4.918234473e+02 +1.4274e-01 +4.3594e+00 +2.8970e+00
1555 0 +8.499202187e+00 +4.907892022e+02 +4.907892022e+02 +1.4136e-01 +3.3162e+00 +2.7848e+00
1867 0 +4.644011904e+00 +4.869340119e+02 +4.869340119e+02 +1.2258e+00 +3.4819e+00 +2.4240e+00
2475 0 +2.770670805e+00 +4.850606708e+02 +4.850606708e+02 +2.1203e+00 +3.4909e+00 +2.2492e+00
3147 0 +2.459706964e+00 +4.847497070e+02 +4.847497070e+02 +1.1568e+00 +3.4819e+00 +2.4240e+00
6363 0 +1.689870293e+00 +4.839798703e+02 +4.839798703e+02 +2.0851e+00 +3.4181e+00 +2.3155e+00
7203 0 +1.488178725e+00 +4.837781787e+02 +4.837781787e+02 +2.0851e+00 +3.4008e+00 +2.3155e+00
9643 0 +1.352059498e+00 +4.836420595e+02 +4.836420595e+02 +2.0725e+00 +3.4008e+00 +2.3081e+00
10309 0 +1.114749932e+00 +4.834047499e+02 +4.834047499e+02 +2.1032e+00 +3.4421e+00 +2.2866e+00
10469 0 +1.032868530e+00 +4.833228685e+02 +4.833228685e+02 +2.1032e+00 +3.4250e+00 +2.2943e+00
11651 0 +1.019520715e+00 +4.833095207e+02 +4.833095207e+02 +2.1025e+00 +3.4307e+00 +2.2913e+00
12235 0 +9.978463542e-01 +4.832878464e+02 +4.832878464e+02 +2.0983e+00 +3.4292e+00 +2.2890e+00
% f evaluations | g evaluations | best noise-free fitness - Fopt (-2.724000000000e+01) + sum g_i+ | measured fitness | best measured fitness or single-digit g-values | x1 | x2...
1 0 +2.569667697e+02 +2.297267697e+02 +2.297267697e+02 -2.8273e+00 -4.7498e+00 +4.0749e+00
2 0 +1.597737380e+02 +1.325337380e+02 +1.325337380e+02 -4.2365e-01 +2.6198e+00 -1.3925e+00
7 0 +8.470657705e+01 +5.746657705e+01 +5.746657705e+01 +2.8503e+00 -3.0369e+00 +4.2249e+00
8 0 +7.068218575e+01 +4.344218575e+01 +4.344218575e+01 +4.3992e+00 +7.1151e-01 -4.0487e+00
11 0 +5.692991640e+01 +2.968991640e+01 +2.968991640e+01 +3.4311e+00 +6.4746e-01 -1.2365e+00
13 0 +4.856901220e+01 +2.132901220e+01 +2.132901220e+01 +3.0846e+00 +1.0998e+00 -3.8646e+00
25 0 +3.515220405e+01 +7.912204049e+00 +7.912204049e+00 +1.1446e+00 -4.1534e-01 -7.5703e-02
127 0 +2.394638893e+01 -3.293611073e+00 -3.293611073e+00 +6.3280e-01 -1.8919e+00 +1.1416e+00
245 0 +1.884552240e+01 -8.394477597e+00 -8.394477597e+00 +3.0846e+00 +1.0998e+00 +2.2374e-01
451 0 +1.305963261e+01 -1.418036739e+01 -1.418036739e+01 +1.0528e+00 -8.1822e-02 +5.8954e-01
459 0 +6.285703628e+00 -2.095429637e+01 -2.095429637e+01 +2.2292e+00 -1.7907e+00 +4.0747e-01
1515 0 +5.638354346e+00 -2.160164565e+01 -2.160164565e+01 +1.8454e+00 -1.5826e+00 +3.7708e-01
1715 0 +5.561587874e+00 -2.167841213e+01 -2.167841213e+01 +1.8454e+00 -2.4143e-01 +3.7708e-01
1789 0 +5.113146554e+00 -2.212685345e+01 -2.212685345e+01 +1.2008e+00 -1.7012e+00 +2.0472e+00
2487 0 +1.227007109e+00 -2.601299289e+01 -2.601299289e+01 +1.5896e+00 -1.1806e+00 +9.7887e-01
4889 0 +1.152902947e+00 -2.608709705e+01 -2.608709705e+01 +1.8261e+00 -5.5679e-01 +1.0485e+00
5007 0 +1.003099645e+00 -2.623690036e+01 -2.623690036e+01 +1.5952e+00 -1.1806e+00 +9.7887e-01
8327 0 +9.324683421e-01 -2.630753166e+01 -2.630753166e+01 +1.5952e+00 -1.1806e+00 +9.3140e-01
8747 0 +5.298553305e-01 -2.671014467e+01 -2.671014467e+01 +1.6313e+00 -1.1732e+00 +9.3904e-01
9467 0 +3.535619017e-01 -2.688643810e+01 -2.688643810e+01 +1.6313e+00 -1.1306e+00 +9.3904e-01
10887 0 +3.012030326e-01 -2.693879697e+01 -2.693879697e+01 +1.6134e+00 -1.1806e+00 +9.3140e-01
11547 0 +1.339669796e-01 -2.710603302e+01 -2.710603302e+01 +1.6313e+00 -1.1476e+00 +9.3904e-01
14395 0 +1.220018751e-01 -2.711799812e+01 -2.711799812e+01 +1.6145e+00 -1.1544e+00 +9.4142e-01
14827 0 +1.001015499e-01 -2.713989845e+01 -2.713989845e+01 +1.6295e+00 -1.1476e+00 +9.3904e-01
15459 0 +6.728385712e-03 -2.723327161e+01 -2.723327161e+01 +1.6271e+00 -1.1489e+00 +9.2723e-01
16573 0 +1.811296810e-03 -2.723818870e+01 -2.723818870e+01 +1.6262e+00 -1.1506e+00 +9.2717e-01
17385 0 +4.201837127e-04 -2.723957982e+01 -2.723957982e+01 +1.6254e+00 -1.1514e+00 +9.2770e-01
17859 0 +2.911643333e-04 -2.723970884e+01 -2.723970884e+01 +1.6253e+00 -1.1514e+00 +9.2792e-01
17899 0 +2.430397133e-04 -2.723975696e+01 -2.723975696e+01 +1.6252e+00 -1.1514e+00 +9.2792e-01
17995 0 +2.359236981e-04 -2.723976408e+01 -2.723976408e+01 +1.6248e+00 -1.1517e+00 +9.2810e-01
18023 0 +4.933402319e-05 -2.723995067e+01 -2.723995067e+01 +1.6247e+00 -1.1520e+00 +9.2853e-01
18423 0 +2.692957276e-05 -2.723997307e+01 -2.723997307e+01 +1.6249e+00 -1.1520e+00 +9.2863e-01
18523 0 +2.519600152e-05 -2.723997480e+01 -2.723997480e+01 +1.6247e+00 -1.1520e+00 +9.2876e-01
18541 0 +1.378876640e-05 -2.723998621e+01 -2.723998621e+01 +1.6249e+00 -1.1518e+00 +9.2866e-01
18627 0 +1.084049670e-05 -2.723998916e+01 -2.723998916e+01 +1.6248e+00 -1.1519e+00 +9.2864e-01
18867 0 +9.064177469e-06 -2.723999094e+01 -2.723999094e+01 +1.6248e+00 -1.1519e+00 +9.2864e-01
18933 0 +8.673003375e-06 -2.723999133e+01 -2.723999133e+01 +1.6248e+00 -1.1520e+00 +9.2895e-01
19047 0 +1.001245618e-06 -2.723999900e+01 -2.723999900e+01 +1.6248e+00 -1.1520e+00 +9.2885e-01
19381 0 +6.724417965e-07 -2.723999933e+01 -2.723999933e+01 +1.6248e+00 -1.1520e+00 +9.2884e-01
19701 0 +5.213004535e-07 -2.723999948e+01 -2.723999948e+01 +1.6248e+00 -1.1520e+00 +9.2884e-01
19769 0 +2.997704129e-07 -2.723999970e+01 -2.723999970e+01 +1.6248e+00 -1.1520e+00 +9.2881e-01
20051 0 +1.328457486e-07 -2.723999987e+01 -2.723999987e+01 +1.6248e+00 -1.1520e+00 +9.2882e-01
20101 0 +1.099705926e-08 -2.723999999e+01 -2.723999999e+01 +1.6248e+00 -1.1520e+00 +9.2880e-01
20967 0 +8.596444445e-09 -2.723999999e+01 -2.723999999e+01 +1.6248e+00 -1.1520e+00 +9.2880e-01
24479 0 +0.000000000e+00 -2.724000000e+01 -2.724000000e+01 +1.6248e+00 -1.1520e+00 +9.2880e-01
% f evaluations | g evaluations | best noise-free fitness - Fopt (9.868000000000e+01) + sum g_i+ | measured fitness | best measured fitness or single-digit g-values | x1 | x2...
1 0 +4.646855438e+02 +5.633655438e+02 +5.633655438e+02 +4.7066e+00 -4.5756e+00 +2.7943e+00
2 0 +1.525068272e+02 +2.511868272e+02 +2.511868272e+02 +3.6937e+00 +3.3544e-01 -3.3099e+00
4 0 +2.942111039e+01 +1.281011104e+02 +1.281011104e+02 -1.6317e+00 +1.7599e+00 -1.3533e+00
14 0 +2.736779471e+01 +1.260477947e+02 +1.260477947e+02 -1.9716e+00 +5.6381e-01 -4.6355e-01
67 0 +2.655004904e+01 +1.252300490e+02 +1.252300490e+02 -1.6317e+00 +7.2209e-01 -1.3533e+00
167 0 +2.101504267e+01 +1.196950427e+02 +1.196950427e+02 -2.4951e+00 +5.6381e-01 -4.6355e-01
431 0 +1.906784757e+01 +1.177478476e+02 +1.177478476e+02 -2.1269e+00 +3.1103e+00 -1.3960e+00
465 0 +1.621442238e+01 +1.148944224e+02 +1.148944224e+02 +4.4466e-01 +2.5215e+00 -2.6570e+00
585 0 +1.197338997e+01 +1.106533900e+02 +1.106533900e+02 -2.3155e-01 +2.5215e+00 -4.1248e+00
613 0 +8.569099881e+00 +1.072490999e+02 +1.072490999e+02 -9.5416e-01 +2.2891e+00 -2.0600e+00
863 0 +8.509345204e+00 +1.071893452e+02 +1.071893452e+02 -1.4649e+00 +2.7947e+00 -2.5607e+00
1693 0 +7.847707337e+00 +1.065277073e+02 +1.065277073e+02 -9.5416e-01 +2.7333e+00 -3.3644e+00
2125 0 +6.706295577e+00 +1.053862956e+02 +1.053862956e+02 -1.6686e-01 +3.0277e+00 -3.1361e+00
2877 0 +4.811237408e+00 +1.034912374e+02 +1.034912374e+02 +2.8464e-01 +3.1936e+00 -3.5070e+00
3511 0 +2.341236440e+00 +1.010212364e+02 +1.010212364e+02 -2.2350e-01 +3.0263e+00 -3.0644e+00
6541 0 +2.172701954e+00 +1.008527020e+02 +1.008527020e+02 -8.9259e-01 +3.2854e+00 -2.6435e+00
6831 0 +1.712811970e+00 +1.003928120e+02 +1.003928120e+02 -2.2350e-01 +2.9845e+00 -3.0644e+00
10065 0 +1.157835931e+00 +9.983783593e+01 +9.983783593e+01 -2.3155e-01 +2.9588e+00 -3.0023e+00
10305 0 +1.148112778e+00 +9.982811278e+01 +9.982811278e+01 -2.3155e-01 +2.9554e+00 -3.0023e+00
11605 0 +1.051002840e+00 +9.973100284e+01 +9.973100284e+01 -2.5419e-01 +2.9576e+00 -3.0074e+00
11665 0 +1.007867354e+00 +9.968786735e+01 +9.968786735e+01 -2.4312e-01 +2.9554e+00 -3.0023e+00
13465 0 +9.980704675e-01 +9.967807047e+01 +9.967807047e+01 -2.4764e-01 +2.9554e+00 -3.0023e+00
% f evaluations | g evaluations | best noise-free fitness - Fopt (-3.705000000000e+01) + sum g_i+ | measured fitness | best measured fitness or single-digit g-values | x1 | x2...
1 0 +3.183117396e+02 +2.812617396e+02 +2.812617396e+02 -3.9391e+00 +4.9738e+00 -2.2420e+00
2 0 +9.367448863e+01 +5.662448863e+01 +5.662448863e+01 +3.7731e+00 +3.8417e+00 +3.9523e+00
5 0 +9.167755584e+01 +5.462755584e+01 +5.462755584e+01 -4.7818e+00 -8.6066e-01 -2.6032e-01
10 0 +3.944412725e+01 +2.394127247e+00 +2.394127247e+00 +8.6158e-01 +3.3587e+00 +3.8060e+00
67 0 +2.952556511e+01 -7.524434891e+00 -7.524434891e+00 -5.0000e+00 +9.9312e-01 +2.7683e-01
145 0 +2.712930260e+01 -9.920697396e+00 -9.920697396e+00 -4.2758e+00 +2.5073e+00 +3.0032e+00
293 0 +2.643317513e+01 -1.061682487e+01 -1.061682487e+01 -4.0601e+00 +3.0403e+00 +2.4771e+00
345 0 +2.254126195e+01 -1.450873805e+01 -1.450873805e+01 -3.8894e+00 +1.9840e+00 +1.1197e+00
393 0 +1.717605003e+01 -1.987394997e+01 -1.987394997e+01 -3.6654e+00 +4.2097e+00 +3.2166e+00
653 0 +1.583876669e+01 -2.121123331e+01 -2.121123331e+01 -4.0601e+00 +3.0403e+00 +2.7715e+00
789 0 +6.809712270e+00 -3.024028773e+01 -3.024028773e+01 -3.5823e+00 +3.0076e+00 +3.1946e+00
2479 0 +5.037243034e+00 -3.201275697e+01 -3.201275697e+01 -3.9608e+00 +1.9424e+00 +1.9750e+00
2535 0 +3.290571647e+00 -3.375942835e+01 -3.375942835e+01 -3.8460e+00 +2.3605e+00 +2.3788e+00
8255 0 +3.080375017e+00 -3.396962498e+01 -3.396962498e+01 -3.9389e+00 +2.3605e+00 +2.7653e+00
11441 0 +2.823725730e+00 -3.422627427e+01 -3.422627427e+01 -3.5642e+00 +2.5118e+00 +2.1201e+00
11681 0 +2.479720542e+00 -3.457027946e+01 -3.457027946e+01 -2.7136e+00 +2.5118e+00 +2.2464e+00
13841 0 +2.315468551e+00 -3.473453145e+01 -3.473453145e+01 -2.7136e+00 +2.5187e+00 +2.2464e+00
15161 0 +1.704931945e+00 -3.534506805e+01 -3.534506805e+01 -2.8354e+00 +2.5187e+00 +2.2464e+00
16361 0 +1.299702291e+00 -3.575029771e+01 -3.575029771e+01 -2.8180e+00 +2.5187e+00 +2.2464e+00
21099 0 +1.187193194e+00 -3.586280681e+01 -3.586280681e+01 -2.8062e+00 +2.5207e+00 +2.2434e+00
22917 0 +1.149703961e+00 -3.590029604e+01 -3.590029604e+01 -2.7985e+00 +2.5200e+00 +2.2506e+00
23355 0 +1.146857070e+00 -3.590314293e+01 -3.590314293e+01 -2.8004e+00 +2.5160e+00 +2.2493e+00
23455 0 +1.093370279e+00 -3.595662972e+01 -3.595662972e+01 -2.7926e+00 +2.5094e+00 +2.2423e+00
25529 0 +1.044420194e+00 -3.600557981e+01 -3.600557981e+01 -2.7904e+00 +2.5149e+00 +2.2471e+00
26601 0 +1.023159629e+00 -3.602684037e+01 -3.602684037e+01 -2.7843e+00 +2.5180e+00 +2.2466e+00
26837 0 +9.974405351e-01 -3.605255946e+01 -3.605255946e+01 -2.7782e+00 +2.5205e+00 +2.2502e+00
% f evaluations | g evaluations | best noise-free fitness - Fopt (1.324500000000e+02) + sum g_i+ | measured fitness | best measured fitness or single-digit g-values | x1 | x2...
1 0 +7.330719433e+01 +2.057571943e+02 +2.057571943e+02 -2.5699e+00 -3.4012e+00 -3.0446e+00
17 0 +6.384379752e+01 +1.962937975e+02 +1.962937975e+02 -4.2631e+00 +2.4181e+00 -3.7906e+00
29 0 +3.860964545e+01 +1.710596454e+02 +1.710596454e+02 -4.4575e+00 -8.8273e-01 -3.3291e+00
53 0 +3.731657734e+01 +1.697665773e+02 +1.697665773e+02 -4.2631e+00 -2.7926e+00 -3.7906e+00
267 0 +2.170377180e+01 +1.541537718e+02 +1.541537718e+02 -4.6566e+00 -1.6956e-02 -2.9188e+00
599 0 +1.521550933e+01 +1.476655093e+02 +1.476655093e+02 -2.6303e+00 -1.2672e+00 -4.1036e+00
703 0 +1.180060348e+01 +1.442506035e+02 +1.442506035e+02 -3.2858e+00 +5.7081e-01 -4.0751e+00
1237 0 +1.040027586e+01 +1.428502759e+02 +1.428502759e+02 -2.6731e+00 +1.2488e+00 -4.2228e+00
1359 0 +9.190742507e+00 +1.416407425e+02 +1.416407425e+02 -2.6303e+00 -3.8886e-01 -3.9519e+00
1439 0 +8.566374178e+00 +1.410163742e+02 +1.410163742e+02 -2.6303e+00 -1.1929e+00 -4.2685e+00
1533 0 +7.175359848e+00 +1.396253598e+02 +1.396253598e+02 -2.4053e+00 +2.0489e+00 -3.8468e+00
1789 0 +3.507785291e+00 +1.359577853e+02 +1.359577853e+02 -2.3094e+00 +1.1594e+00 -4.1131e+00
3109 0 +2.986055532e+00 +1.354360555e+02 +1.354360555e+02 -2.3094e+00 +1.0563e+00 -4.1131e+00
4465 0 +2.335316741e+00 +1.347853167e+02 +1.347853167e+02 -2.8214e+00 +1.5176e+00 -3.5617e+00
4989 0 +2.060477794e+00 +1.345104778e+02 +1.345104778e+02 -2.7972e+00 +1.0563e+00 -4.1568e+00
5453 0 +1.961657975e+00 +1.344116580e+02 +1.344116580e+02 -2.8365e+00 +7.3262e-01 -3.8468e+00
6309 0 +1.446942699e+00 +1.338969427e+02 +1.338969427e+02 -2.7972e+00 +1.1470e+00 -4.1568e+00
7149 0 +1.435655725e+00 +1.338856557e+02 +1.338856557e+02 -2.7926e+00 +1.1470e+00 -4.1568e+00
7217 0 +9.076892415e-01 +1.333576892e+02 +1.333576892e+02 -2.8029e+00 +7.1181e-01 -3.8670e+00
7733 0 +3.643843280e-01 +1.328143843e+02 +1.328143843e+02 -2.8151e+00 +6.9080e-01 -3.8924e+00
8057 0 +1.031664758e-01 +1.325531665e+02 +1.325531665e+02 -2.8144e+00 +7.2429e-01 -3.8864e+00
10271 0 +1.250438944e-02 +1.324625044e+02 +1.324625044e+02 -2.8044e+00 +7.2624e-01 -3.8857e+00
10919 0 +7.118080537e-03 +1.324571181e+02 +1.324571181e+02 -2.8051e+00 +7.2757e-01 -3.8900e+00
10933 0 +3.813452025e-03 +1.324538135e+02 +1.324538135e+02 -2.8054e+00 +7.2806e-01 -3.8878e+00
11113 0 +3.237137521e-03 +1.324532371e+02 +1.324532371e+02 -2.8019e+00 +7.3143e-01 -3.8878e+00
11273 0 +2.249301839e-03 +1.324522493e+02 +1.324522493e+02 -2.8028e+00 +7.3143e-01 -3.8878e+00
11485 0 +2.211979181e-03 +1.324522120e+02 +1.324522120e+02 -2.8045e+00 +7.2604e-01 -3.8882e+00
11565 0 +2.100768817e-03 +1.324521008e+02 +1.324521008e+02 -2.8045e+00 +7.2604e-01 -3.8888e+00
11605 0 +1.521830036e-03 +1.324515218e+02 +1.324515218e+02 -2.8045e+00 +7.2674e-01 -3.8888e+00
11705 0 +1.051352612e-03 +1.324510514e+02 +1.324510514e+02 -2.8040e+00 +7.2994e-01 -3.8883e+00
11787 0 +8.158837551e-04 +1.324508159e+02 +1.324508159e+02 -2.8034e+00 +7.2675e-01 -3.8888e+00
11817 0 +3.650283317e-04 +1.324503650e+02 +1.324503650e+02 -2.8032e+00 +7.2814e-01 -3.8894e+00
11905 0 +3.293855338e-04 +1.324503294e+02 +1.324503294e+02 -2.8036e+00 +7.2864e-01 -3.8883e+00
11945 0 +3.160114627e-04 +1.324503160e+02 +1.324503160e+02 -2.8036e+00 +7.2909e-01 -3.8883e+00
11977 0 +2.069400545e-04 +1.324502069e+02 +1.324502069e+02 -2.8032e+00 +7.2814e-01 -3.8887e+00
11983 0 +1.719977692e-04 +1.324501720e+02 +1.324501720e+02 -2.8028e+00 +7.2953e-01 -3.8887e+00
12157 0 +1.321090253e-04 +1.324501321e+02 +1.324501321e+02 -2.8029e+00 +7.2841e-01 -3.8890e+00
12187 0 +1.669476345e-05 +1.324500167e+02 +1.324500167e+02 -2.8033e+00 +7.2869e-01 -3.8887e+00
12363 0 +8.358180310e-06 +1.324500084e+02 +1.324500084e+02 -2.8032e+00 +7.2881e-01 -3.8887e+00
12555 0 +2.396361225e-06 +1.324500024e+02 +1.324500024e+02 -2.8032e+00 +7.2885e-01 -3.8888e+00
12715 0 +1.728365021e-06 +1.324500017e+02 +1.324500017e+02 -2.8032e+00 +7.2883e-01 -3.8888e+00
12909 0 +1.138756971e-06 +1.324500011e+02 +1.324500011e+02 -2.8032e+00 +7.2874e-01 -3.8888e+00
12967 0 +8.812757244e-07 +1.324500009e+02 +1.324500009e+02 -2.8032e+00 +7.2880e-01 -3.8888e+00
13025 0 +5.863378760e-08 +1.324500001e+02 +1.324500001e+02 -2.8032e+00 +7.2879e-01 -3.8888e+00
13349 0 +4.488353511e-08 +1.324500000e+02 +1.324500000e+02 -2.8032e+00 +7.2881e-01 -3.8888e+00
13389 0 +2.360940243e-08 +1.324500000e+02 +1.324500000e+02 -2.8032e+00 +7.2880e-01 -3.8888e+00
13629 0 +2.161189627e-08 +1.324500000e+02 +1.324500000e+02 -2.8032e+00 +7.2880e-01 -3.8888e+00
13905 0 +7.135099622e-09 +1.324500000e+02 +1.324500000e+02 -2.8032e+00 +7.2880e-01 -3.8888e+00
16281 0 +0.000000000e+00 +1.324500000e+02 +1.324500000e+02 -2.8032e+00 +7.2880e-01 -3.8888e+00
