% f evaluations | g evaluations | best noise-free fitness - Fopt (-1.694000000000e+01) + sum g_i+ | measured fitness | best measured fitness or single-digit g-values | x1 | x2...
1 0 +3.219511627e+02 +3.050111627e+02 +3.050111627e+02 -1.2457e+00 +2.4108e+00
2 0 +1.274311683e+02 +1.104911683e+02 +1.104911683e+02 -1.4290e+00 -3.0038e+00
4 0 +2.741618025e+01 +1.047618025e+01 +1.047618025e+01 +9.3786e-01 +1.0511e+00
9 0 +2.296927571e+01 +6.029275707e+00 +6.029275707e+00 +2.0299e+00 +5.4177e-01
15 0 +7.253743838e+00 -9.686256162e+00 -9.686256162e+00 +2.9191e+00 -8.0906e-01
16 0 +7.040271695e+00 -9.899728305e+00 -9.899728305e+00 +2.9512e+00 -5.7532e-01
19 0 +5.782818211e+00 -1.115718179e+01 -1.115718179e+01 +2.7909e+00 -5.0520e-01
28 0 +5.043613654e+00 -1.189638635e+01 -1.189638635e+01 +2.5268e+00 +3.8599e-01
51 0 +4.004021957e+00 -1.293597804e+01 -1.293597804e+01 +2.9336e+00 +2.5750e-01
94 0 +3.673165492e+00 -1.326683451e+01 -1.326683451e+01 +4.0668e+00 +1.5086e+00
96 0 +2.290601923e+00 -1.464939808e+01 -1.464939808e+01 +3.6370e+00 +9.3786e-01
112 0 +1.857578333e+00 -1.508242167e+01 -1.508242167e+01 +4.0287e+00 +1.1889e+00
248 0 +5.852781955e-01 -1.635472180e+01 -1.635472180e+01 +3.4719e+00 +3.0560e+00
798 0 +3.831259874e-01 -1.655687401e+01 -1.655687401e+01 +3.5612e+00 +2.6825e+00
1186 0 +1.596267794e-01 -1.678037322e+01 -1.678037322e+01 +3.6805e+00 +2.6383e+00
13326 0 +1.356888943e-01 -1.680431111e+01 -1.680431111e+01 +3.6357e+00 +2.5754e+00
20585 0 +6.658348936e-02 -1.687341651e+01 -1.687341651e+01 +3.6750e+00 +2.5518e+00
% f evaluations | g evaluations | best noise-free fitness - Fopt (1.881000000000e+01) + sum g_i+ | measured fitness | best measured fitness or single-digit g-values | x1 | x2...
1 0 +2.232742430e+00 +2.104274243e+01 +2.104274243e+01 -9.7949e-01 +1.5702e+00
14 0 +2.036894488e+00 +2.084689449e+01 +2.084689449e+01 -1.0766e+00 +1.2913e+00
23 0 +1.980640434e+00 +2.079064043e+01 +2.079064043e+01 -1.0810e+00 +1.4567e+00
27 0 +9.244519705e-01 +1.973445197e+01 +1.973445197e+01 +1.5257e-01 +1.5652e+00
34 0 +6.009704010e-01 +1.941097040e+01 +1.941097040e+01 +4.0645e-01 +1.6824e+00
40 0 +5.503204851e-01 +1.936032049e+01 +1.936032049e+01 -3.0722e-01 +1.6206e+00
44 0 +3.030785710e-01 +1.911307857e+01 +1.911307857e+01 -9.7076e-02 +1.7759e+00
59 0 +2.655185309e-01 +1.907551853e+01 +1.907551853e+01 -1.8179e-01 +1.7004e+00
104 0 +2.476206185e-01 +1.905762062e+01 +1.905762062e+01 +1.2790e-02 +1.8099e+00
117 0 +1.000172888e-01 +1.891001729e+01 +1.891001729e+01 -5.8459e-02 +1.7624e+00
140 0 +1.364268412e-02 +1.882364268e+01 +1.882364268e+01 -1.9168e-01 +1.7795e+00
180 0 +8.265563008e-03 +1.881826556e+01 +1.881826556e+01 -1.8981e-01 +1.7784e+00
188 0 +1.303068035e-03 +1.881130307e+01 +1.881130307e+01 -1.9201e-01 +1.7806e+00
275 0 +1.079099119e-03 +1.881107910e+01 +1.881107910e+01 -1.9146e-01 +1.7809e+00
292 0 +1.021411059e-03 +1.881102141e+01 +1.881102141e+01 -1.9025e-01 +1.7806e+00
304 0 +9.844789886e-04 +1.881098448e+01 +1.881098448e+01 -1.9120e-01 +1.7805e+00
306 0 +7.761608696e-04 +1.881077616e+01 +1.881077616e+01 -1.9152e-01 +1.7808e+00
347 0 +3.200840850e-04 +1.881032008e+01 +1.881032008e+01 -1.9133e-01 +1.7808e+00
373 0 +2.344474022e-04 +1.881023445e+01 +1.881023445e+01 -1.9117e-01 +1.7807e+00
378 0 +2.335577473e-04 +1.881023356e+01 +1.881023356e+01 -1.9120e-01 +1.7809e+00
382 0 +2.882940615e-05 +1.881002883e+01 +1.881002883e+01 -1.9123e-01 +1.7808e+00
3912 0 +1.859221448e-05 +1.881001859e+01 +1.881001859e+01 -1.9120e-01 +1.7808e+00
8161 0 +1.597970694e-05 +1.881001598e+01 +1.881001598e+01 -1.9120e-01 +1.7808e+00
8177 0 +1.132901457e-05 +1.881001133e+01 +1.881001133e+01 -1.9120e-01 +1.7808e+00
8911 0 +6.172483584e-06 +1.881000617e+01 +1.881000617e+01 -1.9120e-01 +1.7808e+00
8947 0 +8.985278583e-07 +1.881000090e+01 +1.881000090e+01 -1.9120e-01 +1.7808e+00
8976 0 +8.117998256e-07 +1.881000081e+01 +1.881000081e+01 -1.9120e-01 +1.7808e+00
8987 0 +6.894131452e-07 +1.881000069e+01 +1.881000069e+01 -1.9120e-01 +1.7808e+00
9007 0 +4.982171120e-07 +1.881000050e+01 +1.881000050e+01 -1.9120e-01 +1.7808e+00
9024 0 +4.849168604e-07 +1.881000048e+01 +1.881000048e+01 -1.9120e-01 +1.7808e+00
9028 0 +2.887188195e-07 +1.881000029e+01 +1.881000029e+01 -1.9120e-01 +1.7808e+00
9030 0 +2.202894791e-07 +1.881000022e+01 +1.881000022e+01 -1.9120e-01 +1.7808e+00
9051 0 +1.524078748e-07 +1.881000015e+01 +1.881000015e+01 -1.9120e-01 +1.7808e+00
9057 0 +1.245545391e-07 +1.881000012e+01 +1.881000012e+01 -1.9120e-01 +1.7808e+00
9066 0 +1.148593967e-07 +1.881000011e+01 +1.881000011e+01 -1.9120e-01 +1.7808e+00
9074 0 +6.404764008e-08 +1.881000006e+01 +1.881000006e+01 -1.9120e-01 +1.7808e+00
9092 0 +4.041314128e-08 +1.881000004e+01 +1.881000004e+01 -1.9120e-01 +1.7808e+00
9118 0 +2.749435879e-08 +1.881000003e+01 +1.881000003e+01 -1.9120e-01 +1.7808e+00
9120 0 +1.517650716e-08 +1.881000002e+01 +1.881000002e+01 -1.9120e-01 +1.7808e+00
9124 0 +1.223876112e-08 +1.881000001e+01 +1.881000001e+01 -1.9120e-01 +1.7808e+00
9125 0 +1.008902828e-08 +1.881000001e+01 +1.881000001e+01 -1.9120e-01 +1.7808e+00
9132 0 +8.232678539e-09 +1.881000001e+01 +1.881000001e+01 -1.9120e-01 +1.7808e+00
% f evaluations | g evaluations | best noise-free fitness - Fopt (2.731500000000e+02) + sum g_i+ | measured fitness | best measured fitness or single-digit g-values | x1 | x2...
1 0 +1.648810513e+01 +2.896381051e+02 +2.896381051e+02 -5.5296e-01 +1.4875e-02
5 0 +1.235508350e+01 +2.855050835e+02 +2.855050835e+02 +6.4754e-02 +4.6789e+00
21 0 +9.427399385e+00 +2.825773994e+02 +2.825773994e+02 -1.5956e+00 +2.3087e+00
22 0 +8.521868155e+00 +2.816718682e+02 +2.816718682e+02 -4.6363e+00 -1.2387e+00
23 0 +4.560657831e+00 +2.777106578e+02 +2.777106578e+02 -4.8547e+00 +2.3224e+00
79 0 +2.622681632e+00 +2.757726816e+02 +2.757726816e+02 -3.9427e+00 +4.4112e+00
111 0 +1.523077179e+00 +2.746730772e+02 +2.746730772e+02 -3.9934e+00 +2.8720e+00
123 0 +1.041980104e-01 +2.732541980e+02 +2.732541980e+02 -3.6269e+00 +3.6860e+00
191 0 +5.885795069e-02 +2.732088580e+02 +2.732088580e+02 -3.6088e+00 +3.7126e+00
219 0 +2.210186446e-02 +2.731721019e+02 +2.731721019e+02 -3.5835e+00 +3.7505e+00
233 0 +1.845709768e-02 +2.731684571e+02 +2.731684571e+02 -3.5711e+00 +3.7597e+00
244 0 +1.647850128e-02 +2.731664785e+02 +2.731664785e+02 -3.5809e+00 +3.7615e+00
254 0 +4.801853799e-03 +2.731548019e+02 +2.731548019e+02 -3.5773e+00 +3.7571e+00
303 0 +3.028635655e-03 +2.731530286e+02 +2.731530286e+02 -3.5807e+00 +3.7520e+00
335 0 +2.394636255e-03 +2.731523946e+02 +2.731523946e+02 -3.5789e+00 +3.7548e+00
343 0 +1.944867960e-03 +2.731519449e+02 +2.731519449e+02 -3.5786e+00 +3.7544e+00
347 0 +1.081534248e-03 +2.731510815e+02 +2.731510815e+02 -3.5796e+00 +3.7530e+00
352 0 +1.033443758e-03 +2.731510334e+02 +2.731510334e+02 -3.5796e+00 +3.7528e+00
354 0 +9.869419924e-04 +2.731509869e+02 +2.731509869e+02 -3.5788e+00 +3.7546e+00
369 0 +4.727377429e-04 +2.731504727e+02 +2.731504727e+02 -3.5793e+00 +3.7536e+00
375 0 +4.325402938e-04 +2.731504325e+02 +2.731504325e+02 -3.5794e+00 +3.7534e+00
376 0 +2.640769273e-04 +2.731502641e+02 +2.731502641e+02 -3.5793e+00 +3.7535e+00
390 0 +2.465461956e-04 +2.731502465e+02 +2.731502465e+02 -3.5792e+00 +3.7538e+00
393 0 +2.431489046e-04 +2.731502431e+02 +2.731502431e+02 -3.5792e+00 +3.7537e+00
396 0 +2.296265879e-04 +2.731502296e+02 +2.731502296e+02 -3.5793e+00 +3.7535e+00
2989 0 +8.227241676e-05 +2.731500823e+02 +2.731500823e+02 -3.5792e+00 +3.7536e+00
2994 0 +5.132945410e-05 +2.731500513e+02 +2.731500513e+02 -3.5792e+00 +3.7536e+00
3004 0 +2.953017986e-05 +2.731500295e+02 +2.731500295e+02 -3.5792e+00 +3.7536e+00
3038 0 +2.732117503e-05 +2.731500273e+02 +2.731500273e+02 -3.5792e+00 +3.7536e+00
3746 0 +2.436304567e-05 +2.731500244e+02 +2.731500244e+02 -3.5792e+00 +3.7536e+00
3782 0 +2.081494205e-05 +2.731500208e+02 +2.731500208e+02 -3.5792e+00 +3.7536e+00
3807 0 +1.147124220e-05 +2.731500115e+02 +2.731500115e+02 -3.5792e+00 +3.7536e+00
3808 0 +3.216786467e-06 +2.731500032e+02 +2.731500032e+02 -3.5792e+00 +3.7536e+00
3831 0 +2.623485898e-06 +2.731500026e+02 +2.731500026e+02 -3.5792e+00 +3.7536e+00
3833 0 +1.374369219e-06 +2.731500014e+02 +2.731500014e+02 -3.5792e+00 +3.7536e+00
3840 0 +1.075275463e-06 +2.731500011e+02 +2.731500011e+02 -3.5792e+00 +3.7536e+00
3843 0 +5.293300092e-07 +2.731500005e+02 +2.731500005e+02 -3.5792e+00 +3.7536e+00
3869 0 +2.574909672e-07 +2.731500003e+02 +2.731500003e+02 -3.5792e+00 +3.7536e+00
3884 0 +2.355396305e-07 +2.731500002e+02 +2.731500002e+02 -3.5792e+00 +3.7536e+00
3897 0 +3.234953283e-08 +2.731500000e+02 +2.731500000e+02 -3.5792e+00 +3.7536e+00
3955 0 +3.041094487e-08 +2.731500000e+02 +2.731500000e+02 -3.5792e+00 +3.7536e+00
3968 0 +8.268955298e-09 +2.731500000e+02 +2.731500000e+02 -3.5792e+00 +3.7536e+00
% f evaluations | g evaluations | best noise-free fitness - Fopt (3.718000000000e+01) + sum g_i+ | measured fitness | best measured fitness or single-digit g-values | x1 | x2...
1 0 +1.945656070e+01 +5.663656070e+01 +5.663656070e+01 -2.0833e+00 -6.4642e-01
3 0 +8.519129092e+00 +4.569912909e+01 +4.569912909e+01 +1.1347e+00 +5.3208e-01
5 0 +7.151613538e+00 +4.433161354e+01 +4.433161354e+01 +8.0879e-01 +1.9849e+00
9 0 +5.063769292e+00 +4.224376929e+01 +4.224376929e+01 -1.3343e+00 +4.6825e-01
31 0 +3.629904380e+00 +4.080990438e+01 +4.080990438e+01 -2.3511e+00 +1.2960e+00
39 0 +2.490178742e+00 +3.967017874e+01 +3.967017874e+01 -2.4160e+00 +2.0306e+00
45 0 +1.389155794e+00 +3.856915579e+01 +3.856915579e+01 -2.4988e+00 +2.0168e+00
47 0 +1.319938398e+00 +3.849993840e+01 +3.849993840e+01 -3.4415e+00 +1.9962e+00
65 0 +1.123883968e+00 +3.830388397e+01 +3.830388397e+01 -2.8919e+00 +1.9995e+00
74 0 +1.093351054e+00 +3.827335105e+01 +3.827335105e+01 -3.3236e+00 +2.0533e+00
82 0 +6.694061344e-01 +3.784940613e+01 +3.784940613e+01 -3.3896e+00 +2.0567e+00
83 0 +6.516426180e-01 +3.783164262e+01 +3.783164262e+01 -3.7542e+00 +2.1637e+00
84 0 +1.639130611e-01 +3.734391306e+01 +3.734391306e+01 -3.7983e+00 +2.1152e+00
100 0 +1.580539256e-01 +3.733805393e+01 +3.733805393e+01 -3.9143e+00 +2.0407e+00
140 0 +1.010082367e-01 +3.728100824e+01 +3.728100824e+01 -3.9834e+00 +2.0507e+00
147 0 +5.800820382e-02 +3.723800820e+01 +3.723800820e+01 -3.9025e+00 +2.0842e+00
194 0 +4.811058332e-02 +3.722811058e+01 +3.722811058e+01 -3.9032e+00 +2.0714e+00
198 0 +3.588257507e-02 +3.721588258e+01 +3.721588258e+01 -3.8967e+00 +2.0648e+00
199 0 +1.832441183e-02 +3.719832441e+01 +3.719832441e+01 -3.8883e+00 +2.0637e+00
223 0 +1.284735548e-02 +3.719284736e+01 +3.719284736e+01 -3.9053e+00 +2.0601e+00
232 0 +1.249772422e-02 +3.719249772e+01 +3.719249772e+01 -3.8952e+00 +2.0593e+00
241 0 +5.686173962e-03 +3.718568617e+01 +3.718568617e+01 -3.9013e+00 +2.0612e+00
267 0 +1.021663688e-03 +3.718102166e+01 +3.718102166e+01 -3.8997e+00 +2.0603e+00
334 0 +9.844006165e-04 +3.718098440e+01 +3.718098440e+01 -3.9000e+00 +2.0599e+00
347 0 +5.547626055e-04 +3.718055476e+01 +3.718055476e+01 -3.8995e+00 +2.0601e+00
351 0 +3.769713036e-04 +3.718037697e+01 +3.718037697e+01 -3.8991e+00 +2.0600e+00
353 0 +2.346369550e-04 +3.718023464e+01 +3.718023464e+01 -3.8994e+00 +2.0600e+00
386 0 +2.309923025e-04 +3.718023099e+01 +3.718023099e+01 -3.8990e+00 +2.0599e+00
396 0 +3.296899726e-05 +3.718003297e+01 +3.718003297e+01 -3.8992e+00 +2.0600e+00
440 0 +3.144832215e-05 +3.718003145e+01 +3.718003145e+01 -3.8992e+00 +2.0600e+00
459 0 +2.878078362e-05 +3.718002878e+01 +3.718002878e+01 -3.8992e+00 +2.0600e+00
494 0 +2.773681622e-06 +3.718000277e+01 +3.718000277e+01 -3.8992e+00 +2.0600e+00
537 0 +1.021381344e-06 +3.718000102e+01 +3.718000102e+01 -3.8992e+00 +2.0600e+00
541 0 +7.808238180e-07 +3.718000078e+01 +3.718000078e+01 -3.8992e+00 +2.0600e+00
549 0 +6.661513723e-07 +3.718000067e+01 +3.718000067e+01 -3.8992e+00 +2.0600e+00
562 0 +6.076717085e-07 +3.718000061e+01 +3.718000061e+01 -3.8992e+00 +2.0600e+00
567 0 +5.260955689e-07 +3.718000053e+01 +3.718000053e+01 -3.8992e+00 +2.0600e+00
569 0 +4.083872795e-07 +3.718000041e+01 +3.718000041e+01 -3.8992e+00 +2.0600e+00
577 0 +3.763861471e-07 +3.718000038e+01 +3.718000038e+01 -3.8992e+00 +2.0600e+00
586 0 +2.772433660e-07 +3.718000028e+01 +3.718000028e+01 -3.8992e+00 +2.0600e+00
596 0 +1.736111699e-07 +3.718000017e+01 +3.718000017e+01 -3.8992e+00 +2.0600e+00
619 0 +6.756067705e-08 +3.718000007e+01 +3.718000007e+01 -3.8992e+00 +2.0600e+00
620 0 +5.440782047e-08 +3.718000005e+01 +3.718000005e+01 -3.8992e+00 +2.0600e+00
639 0 +4.999688485e-08 +3.718000005e+01 +3.718000005e+01 -3.8992e+00 +2.0600e+00
647 0 +4.008798982e-08 +3.718000004e+01 +3.718000004e+01 -3.8992e+00 +2.0600e+00
648 0 +2.180779290e-08 +3.718000002e+01 +3.718000002e+01 -3.8992e+00 +2.0600e+00
655 0 +1.298780461e-08 +3.718000001e+01 +3.718000001e+01 -3.8992e+00 +2.0600e+00
663 0 +9.665185985e-09 +3.718000001e+01 +3.718000001e+01 -3.8992e+00 +2.0600e+00
% f evaluations | g evaluations | best noise-free fitness - Fopt (-1.479000000000e+02) + sum g_i+ | measured fitness | best measured fitness or single-digit g-values | x1 | x2...
1 0 +3.017035775e+00 -1.448829642e+02 -1.448829642e+02 +1.4180e-01 -1.4513e+00
2 0 +1.638364208e+00 -1.462616358e+02 -1.462616358e+02 -1.8903e+00 +7.7773e-01
212 0 +1.588706922e+00 -1.463112931e+02 -1.463112931e+02 -2.2164e+00 +4.5939e-01
237 0 +2.696253514e-01 -1.476303746e+02 -1.476303746e+02 -1.5533e+00 -2.7832e-02
2410 0 +1.739548712e-01 -1.477260451e+02 -1.477260451e+02 -1.7491e+00 +1.9966e-01
4496 0 +1.024618230e-01 -1.477975382e+02 -1.477975382e+02 -1.5852e+00 +7.1565e-02
9768 0 +7.853006180e-02 -1.478214699e+02 -1.478214699e+02 -1.6572e+00 +1.1947e-01
24278 0 +6.620827093e-02 -1.478337917e+02 -1.478337917e+02 -1.6278e+00 +9.2509e-02
31000 0 +5.794620830e-02 -1.478420538e+02 -1.478420538e+02 -1.6267e+00 +9.4778e-02
32943 0 +2.284293278e-02 -1.478771571e+02 -1.478771571e+02 -1.6680e+00 +1.2937e-01
% f evaluations | g evaluations | best noise-free fitness - Fopt (1.699300000000e+02) + sum g_i+ | measured fitness | best measured fitness or single-digit g-values | x1 | x2...
1 0 +4.758905242e+00 +1.746889052e+02 +1.746889052e+02 -1.8564e+00 -3.5204e-01
4 0 +4.428890266e+00 +1.743588903e+02 +1.743588903e+02 -8.4728e-01 -4.4450e-01
5 0 +2.587260583e-01 +1.701887261e+02 +1.701887261e+02 -9.5670e-01 -1.5365e-01
79 0 +1.163581061e-01 +1.700463581e+02 +1.700463581e+02 -1.0985e+00 -1.1915e-01
80 0 +9.894150521e-02 +1.700289415e+02 +1.700289415e+02 -1.1205e+00 -1.4126e-01
97 0 +9.051695443e-02 +1.700205170e+02 +1.700205170e+02 -9.9680e-01 -1.0483e-01
103 0 +5.762910262e-02 +1.699876291e+02 +1.699876291e+02 -1.0274e+00 -8.5297e-02
115 0 +4.793294961e-02 +1.699779329e+02 +1.699779329e+02 -1.0055e+00 -8.6561e-02
129 0 +4.606271080e-02 +1.699760627e+02 +1.699760627e+02 -1.0304e+00 -1.0838e-01
140 0 +4.158582005e-02 +1.699715858e+02 +1.699715858e+02 -1.0362e+00 -1.0360e-01
144 0 +3.302093752e-02 +1.699630209e+02 +1.699630209e+02 -1.0510e+00 -1.1793e-01
147 0 +3.235040523e-02 +1.699623504e+02 +1.699623504e+02 -1.0259e+00 -9.5849e-02
180 0 +2.110007674e-02 +1.699511001e+02 +1.699511001e+02 -1.0303e+00 -1.1626e-01
215 0 +1.791359104e-02 +1.699479136e+02 +1.699479136e+02 -1.0269e+00 -1.1633e-01
217 0 +5.028224033e-03 +1.699350282e+02 +1.699350282e+02 -1.0227e+00 -1.0746e-01
249 0 +3.021278416e-03 +1.699330213e+02 +1.699330213e+02 -1.0242e+00 -1.0795e-01
274 0 +2.120276319e-03 +1.699321203e+02 +1.699321203e+02 -1.0213e+00 -1.0637e-01
279 0 +1.536098174e-03 +1.699315361e+02 +1.699315361e+02 -1.0219e+00 -1.0637e-01
298 0 +1.038059208e-03 +1.699310381e+02 +1.699310381e+02 -1.0221e+00 -1.0707e-01
317 0 +3.534382882e-04 +1.699303534e+02 +1.699303534e+02 -1.0218e+00 -1.0649e-01
325 0 +2.617831806e-04 +1.699302618e+02 +1.699302618e+02 -1.0215e+00 -1.0627e-01
336 0 +3.187731318e-05 +1.699300319e+02 +1.699300319e+02 -1.0216e+00 -1.0642e-01
1357 0 +3.043021394e-05 +1.699300304e+02 +1.699300304e+02 -1.0216e+00 -1.0639e-01
1377 0 +2.919197556e-05 +1.699300292e+02 +1.699300292e+02 -1.0216e+00 -1.0640e-01
1386 0 +2.629050459e-05 +1.699300263e+02 +1.699300263e+02 -1.0216e+00 -1.0640e-01
2828 0 +1.708475074e-05 +1.699300171e+02 +1.699300171e+02 -1.0216e+00 -1.0640e-01
3482 0 +8.418553278e-06 +1.699300084e+02 +1.699300084e+02 -1.0216e+00 -1.0640e-01
3519 0 +7.284644369e-06 +1.699300073e+02 +1.699300073e+02 -1.0216e+00 -1.0640e-01
3537 0 +4.555751218e-06 +1.699300046e+02 +1.699300046e+02 -1.0216e+00 -1.0640e-01
6615 0 +1.768585577e-06 +1.699300018e+02 +1.699300018e+02 -1.0216e+00 -1.0640e-01
6641 0 +1.694371775e-06 +1.699300017e+02 +1.699300017e+02 -1.0216e+00 -1.0640e-01
6642 0 +9.958813507e-07 +1.699300010e+02 +1.699300010e+02 -1.0216e+00 -1.0640e-01
6643 0 +6.907340548e-07 +1.699300007e+02 +1.699300007e+02 -1.0216e+00 -1.0640e-01
6661 0 +3.419051211e-07 +1.699300003e+02 +1.699300003e+02 -1.0216e+00 -1.0640e-01
6675 0 +1.087358044e-07 +1.699300001e+02 +1.699300001e+02 -1.0216e+00 -1.0640e-01
6707 0 +9.172333648e-08 +1.699300001e+02 +1.699300001e+02 -1.0216e+00 -1.0640e-01
6717 0 +5.602433362e-08 +1.699300001e+02 +1.699300001e+02 -1.0216e+00 -1.0640e-01
6756 0 +4.003709364e-08 +1.699300000e+02 +1.699300000e+02 -1.0216e+00 -1.0640e-01
6765 0 +3.222908163e-08 +1.699300000e+02 +1.699300000e+02 -1.0216e+00 -1.0640e-01
6784 0 +2.689986900e-08 +1.699300000e+02 +1.699300000e+02 -1.0216e+00 -1.0640e-01
6789 0 +2.289851864e-08 +1.699300000e+02 +1.699300000e+02 -1.0216e+00 -1.0640e-01
6792 0 +1.888810175e-08 +1.699300000e+02 +1.699300000e+02 -1.0216e+00 -1.0640e-01
6796 0 +1.048667286e-08 +1.699300000e+02 +1.699300000e+02 -1.0216e+00 -1.0640e-01
6803 0 +2.125659648e-10 +1.699300000e+02 +1.699300000e+02 -1.0216e+00 -1.0640e-01
% f evaluations | g evaluations | best noise-free fitness - Fopt (1.181700000000e+02) + sum g_i+ | measured fitness | best measured fitness or single-digit g-values | x1 | x2...
1 0 +1.710458723e+01 +1.352745872e+02 +1.352745872e+02 -4.4895e+00 -1.8275e+00
2 0 +5.523860740e+00 +1.236938607e+02 +1.236938607e+02 -7.5241e-01 +3.4194e-01
6 0 +5.202314688e+00 +1.233723147e+02 +1.233723147e+02 +2.0927e+00 -1.1505e-01
10 0 +4.002572342e+00 +1.221725723e+02 +1.221725723e+02 +7.2253e-01 +1.4608e+00
11 0 +3.232223170e+00 +1.214022232e+02 +1.214022232e+02 +4.9510e-01 +6.8094e-01
37 0 +2.563573969e+00 +1.207335740e+02 +1.207335740e+02 +1.2841e+00 -7.4848e-01
38 0 +2.422630211e+00 +1.205926302e+02 +1.205926302e+02 +2.5799e-01 -4.6975e-01
54 0 +1.900499919e+00 +1.200704999e+02 +1.200704999e+02 +4.9235e-01 -7.9132e-01
88 0 +1.398827148e+00 +1.195688271e+02 +1.195688271e+02 +8.0745e-01 -1.0723e+00
113 0 +8.313427035e-01 +1.190013427e+02 +1.190013427e+02 +7.4713e-01 -1.7856e+00
117 0 +6.580809435e-01 +1.188280809e+02 +1.188280809e+02 +8.9217e-01 -1.9251e+00
136 0 +6.384346925e-01 +1.188084347e+02 +1.188084347e+02 +7.8896e-01 -1.9448e+00
152 0 +5.755695263e-01 +1.187455695e+02 +1.187455695e+02 +8.4104e-01 -1.9162e+00
173 0 +5.259742098e-01 +1.186959742e+02 +1.186959742e+02 +8.5520e-01 -1.9297e+00
681 0 +5.131058789e-01 +1.186831059e+02 +1.186831059e+02 +9.3792e-01 -2.3401e+00
703 0 +4.388054242e-03 +1.181743881e+02 +1.181743881e+02 +9.0480e-01 -2.4488e+00
839 0 +3.355240049e-03 +1.181733552e+02 +1.181733552e+02 +9.0472e-01 -2.4533e+00
860 0 +1.444379747e-03 +1.181714444e+02 +1.181714444e+02 +9.0433e-01 -2.4514e+00
865 0 +3.907550442e-04 +1.181703908e+02 +1.181703908e+02 +9.0404e-01 -2.4505e+00
915 0 +3.412114759e-04 +1.181703412e+02 +1.181703412e+02 +9.0395e-01 -2.4503e+00
931 0 +3.073794614e-04 +1.181703074e+02 +1.181703074e+02 +9.0397e-01 -2.4502e+00
1592 0 +2.861177784e-04 +1.181702861e+02 +1.181702861e+02 +9.0404e-01 -2.4506e+00
1596 0 +2.477530517e-04 +1.181702478e+02 +1.181702478e+02 +9.0400e-01 -2.4506e+00
1624 0 +1.103672920e-04 +1.181701104e+02 +1.181701104e+02 +9.0402e-01 -2.4504e+00
1626 0 +3.151196897e-05 +1.181700315e+02 +1.181700315e+02 +9.0400e-01 -2.4504e+00
1795 0 +2.977401138e-05 +1.181700298e+02 +1.181700298e+02 +9.0400e-01 -2.4504e+00
1807 0 +5.036260973e-07 +1.181700005e+02 +1.181700005e+02 +9.0400e-01 -2.4504e+00
10598 0 +4.175619353e-07 +1.181700004e+02 +1.181700004e+02 +9.0400e-01 -2.4504e+00
10602 0 +2.840366591e-07 +1.181700003e+02 +1.181700003e+02 +9.0400e-01 -2.4504e+00
10604 0 +2.616298076e-07 +1.181700003e+02 +1.181700003e+02 +9.0400e-01 -2.4504e+00
10638 0 +1.719434124e-07 +1.181700002e+02 +1.181700002e+02 +9.0400e-01 -2.4504e+00
10648 0 +1.475385147e-07 +1.181700001e+02 +1.181700001e+02 +9.0400e-01 -2.4504e+00
10656 0 +1.373988709e-07 +1.181700001e+02 +1.181700001e+02 +9.0400e-01 -2.4504e+00
10659 0 +1.319402401e-07 +1.181700001e+02 +1.181700001e+02 +9.0400e-01 -2.4504e+00
10661 0 +1.105010909e-07 +1.181700001e+02 +1.181700001e+02 +9.0400e-01 -2.4504e+00
10665 0 +6.447362466e-08 +1.181700001e+02 +1.181700001e+02 +9.0400e-01 -2.4504e+00
10669 0 +6.067368474e-08 +1.181700001e+02 +1.181700001e+02 +9.0400e-01 -2.4504e+00
10686 0 +2.091323381e-08 +1.181700000e+02 +1.181700000e+02 +9.0400e-01 -2.4504e+00
10695 0 +1.742633060e-08 +1.181700000e+02 +1.181700000e+02 +9.0400e-01 -2.4504e+00
10697 0 +7.471911090e-09 +1.181700000e+02 +1.181700000e+02 +9.0400e-01 -2.4504e+00
% f evaluations | g evaluations | best noise-free fitness - Fopt (-1.791300000000e+02) + sum g_i+ | measured fitness | best measured fitness or single-digit g-values | x1 | x2...
1 0 +9.274563716e+00 -1.698554363e+02 -1.698554363e+02 -1.4498e+00 -2.2749e-01
4 0 +5.164007009e+00 -1.739659930e+02 -1.739659930e+02 -1.2463e+00 +3.8976e-01
8 0 +5.065765532e+00 -1.740642345e+02 -1.740642345e+02 +7.0804e-02 -1.8788e-01
11 0 +4.099646900e+00 -1.750303531e+02 -1.750303531e+02 +2.2073e+00 -3.5137e+00
14 0 +2.426935154e+00 -1.767030648e+02 -1.767030648e+02 +1.3379e+00 -2.2187e+00
22 0 +1.569629999e+00 -1.775603700e+02 -1.775603700e+02 +2.1007e+00 -3.5078e+00
272 0 +6.741399736e-01 -1.784558600e+02 -1.784558600e+02 +1.7916e+00 -3.7531e+00
665 0 +2.938833834e-01 -1.788361166e+02 -1.788361166e+02 +1.3350e+00 -3.2892e+00
1037 0 +2.427590612e-01 -1.788872409e+02 -1.788872409e+02 +1.2866e+00 -3.3959e+00
10963 0 +1.813532778e-01 -1.789486467e+02 -1.789486467e+02 +1.2209e+00 -3.3153e+00
19068 0 +1.259916062e-01 -1.790040084e+02 -1.790040084e+02 +1.3697e+00 -3.4395e+00
22208 0 +6.125247104e-02 -1.790687475e+02 -1.790687475e+02 +1.3430e+00 -3.3979e+00
90809 0 +5.759862157e-02 -1.790724014e+02 -1.790724014e+02 +1.3510e+00 -3.4038e+00
96212 0 +3.213082710e-02 -1.790978692e+02 -1.790978692e+02 +1.3327e+00 -3.4321e+00
% f evaluations | g evaluations | best noise-free fitness - Fopt (-5.784000000000e+02) + sum g_i+ | measured fitness | best measured fitness or single-digit g-values | x1 | x2...
1 0 +8.732705359e+00 -5.696672946e+02 -5.696672946e+02 +4.2793e-01 -9.8345e-01
5 0 +7.446867234e-01 -5.776553133e+02 -5.776553133e+02 -4.0574e+00 +4.4386e+00
56 0 +7.276780326e-01 -5.776723220e+02 -5.776723220e+02 -3.3019e+00 +3.6060e+00
672 0 +9.821764691e-02 -5.783017824e+02 -5.783017824e+02 -3.5532e+00 +3.9670e+00
74958 0 +4.901647738e-02 -5.783509835e+02 -5.783509835e+02 -3.5574e+00 +3.9388e+00
% f evaluations | g evaluations | best noise-free fitness - Fopt (1.000000000000e+03) + sum g_i+ | measured fitness | best measured fitness or single-digit g-values | x1 | x2...
1 0 +1.705643708e+01 +1.017056437e+03 +1.017056437e+03 -3.4896e+00 +2.1226e+00
2 0 +9.720629305e+00 +1.009720629e+03 +1.009720629e+03 +6.3745e-01 +4.9056e-01
3 0 +8.430841366e+00 +1.008430841e+03 +1.008430841e+03 +2.8637e+00 -2.3956e+00
6 0 +7.997036354e+00 +1.007997036e+03 +1.007997036e+03 -1.6574e+00 -4.6771e-01
11 0 +6.858567176e+00 +1.006858567e+03 +1.006858567e+03 +1.4375e-01 -2.1507e+00
13 0 +3.135234655e+00 +1.003135235e+03 +1.003135235e+03 -2.3866e+00 -3.9393e+00
33 0 +2.722523677e+00 +1.002722524e+03 +1.002722524e+03 -3.2781e+00 -3.6963e+00
39 0 +2.459960609e+00 +1.002459961e+03 +1.002459961e+03 -2.4172e+00 -3.5354e+00
41 0 +2.434190220e+00 +1.002434190e+03 +1.002434190e+03 -4.5060e+00 -3.9113e+00
43 0 +2.380537082e+00 +1.002380537e+03 +1.002380537e+03 -2.5387e+00 -2.9836e+00
48 0 +7.872982173e-01 +1.000787298e+03 +1.000787298e+03 -2.2123e+00 -3.0015e+00
77 0 +5.926233320e-01 +1.000592623e+03 +1.000592623e+03 -2.9449e+00 -3.4886e+00
80 0 +5.294562616e-01 +1.000529456e+03 +1.000529456e+03 -2.3703e+00 -3.1032e+00
84 0 +4.831142689e-01 +1.000483114e+03 +1.000483114e+03 -2.7581e+00 -3.1966e+00
91 0 +3.999114839e-01 +1.000399911e+03 +1.000399911e+03 -3.0638e+00 -3.4570e+00
112 0 +3.865140463e-01 +1.000386514e+03 +1.000386514e+03 -2.5227e+00 -3.1318e+00
121 0 +3.617374816e-01 +1.000361737e+03 +1.000361737e+03 -2.7727e+00 -3.2640e+00
123 0 +8.383629934e-02 +1.000083836e+03 +1.000083836e+03 -2.8152e+00 -3.2340e+00
148 0 +3.849485476e-02 +1.000038495e+03 +1.000038495e+03 -2.8627e+00 -3.2387e+00
288 0 +1.792125034e-02 +1.000017921e+03 +1.000017921e+03 -2.8589e+00 -3.2364e+00
290 0 +1.668581167e-02 +1.000016686e+03 +1.000016686e+03 -2.8761e+00 -3.2489e+00
327 0 +1.387912940e-02 +1.000013879e+03 +1.000013879e+03 -2.8775e+00 -3.2461e+00
353 0 +9.715594504e-03 +1.000009716e+03 +1.000009716e+03 -2.8660e+00 -3.2414e+00
369 0 +7.671752422e-03 +1.000007672e+03 +1.000007672e+03 -2.8746e+00 -3.2448e+00
392 0 +6.821098725e-03 +1.000006821e+03 +1.000006821e+03 -2.8721e+00 -3.2421e+00
400 0 +1.812489104e-03 +1.000001812e+03 +1.000001812e+03 -2.8721e+00 -3.2415e+00
438 0 +1.579063245e-03 +1.000001579e+03 +1.000001579e+03 -2.8726e+00 -3.2412e+00
451 0 +1.056495231e-03 +1.000001056e+03 +1.000001056e+03 -2.8722e+00 -3.2417e+00
471 0 +4.923815358e-04 +1.000000492e+03 +1.000000492e+03 -2.8729e+00 -3.2417e+00
482 0 +2.295435983e-04 +1.000000230e+03 +1.000000230e+03 -2.8726e+00 -3.2416e+00
513 0 +3.136238740e-05 +1.000000031e+03 +1.000000031e+03 -2.8728e+00 -3.2416e+00
542 0 +2.984996195e-05 +1.000000030e+03 +1.000000030e+03 -2.8728e+00 -3.2416e+00
579 0 +2.941202752e-05 +1.000000029e+03 +1.000000029e+03 -2.8728e+00 -3.2416e+00
581 0 +2.393220905e-05 +1.000000024e+03 +1.000000024e+03 -2.8728e+00 -3.2416e+00
613 0 +2.290325995e-05 +1.000000023e+03 +1.000000023e+03 -2.8728e+00 -3.2416e+00
4836 0 +2.224346304e-05 +1.000000022e+03 +1.000000022e+03 -2.8728e+00 -3.2416e+00
4839 0 +2.177873830e-05 +1.000000022e+03 +1.000000022e+03 -2.8728e+00 -3.2416e+00
4852 0 +1.477548233e-05 +1.000000015e+03 +1.000000015e+03 -2.8728e+00 -3.2416e+00
4854 0 +7.349907492e-07 +1.000000001e+03 +1.000000001e+03 -2.8728e+00 -3.2416e+00
4890 0 +4.484062401e-07 +1.000000000e+03 +1.000000000e+03 -2.8728e+00 -3.2416e+00
4909 0 +3.549190524e-07 +1.000000000e+03 +1.000000000e+03 -2.8728e+00 -3.2416e+00
4925 0 +2.262647740e-07 +1.000000000e+03 +1.000000000e+03 -2.8728e+00 -3.2416e+00
4926 0 +9.127893463e-08 +1.000000000e+03 +1.000000000e+03 -2.8728e+00 -3.2416e+00
4947 0 +6.836899047e-08 +1.000000000e+03 +1.000000000e+03 -2.8728e+00 -3.2416e+00
4958 0 +4.865171377e-08 +1.000000000e+03 +1.000000000e+03 -2.8728e+00 -3.2416e+00
4963 0 +4.604089554e-08 +1.000000000e+03 +1.000000000e+03 -2.8728e+00 -3.2416e+00
4981 0 +2.653450792e-08 +1.000000000e+03 +1.000000000e+03 -2.8728e+00 -3.2416e+00
4986 0 +1.595503818e-08 +1.000000000e+03 +1.000000000e+03 -2.8728e+00 -3.2416e+00
5003 0 +8.082679415e-09 +1.000000000e+03 +1.000000000e+03 -2.8728e+00 -3.2416e+00
% f evaluations | g evaluations | best noise-free fitness - Fopt (-3.427000000000e+01) + sum g_i+ | measured fitness | best measured fitness or single-digit g-values | x1 | x2...
1 0 +8.090754655e+00 -2.617924534e+01 -2.617924534e+01 +2.2877e+00 +2.7222e+00
5 0 +7.699994411e+00 -2.657000559e+01 -2.657000559e+01 -7.7229e-01 -2.8960e-01
9 0 +6.417043642e+00 -2.785295636e+01 -2.785295636e+01 +2.8125e+00 -2.7834e-01
25 0 +5.209014027e+00 -2.906098597e+01 -2.906098597e+01 +3.9500e+00 +1.6003e-01
28 0 +3.056110512e+00 -3.121388949e+01 -3.121388949e+01 +2.9975e+00 +7.0942e-01
58 0 +1.733356681e+00 -3.253664332e+01 -3.253664332e+01 +3.7361e+00 +2.4169e-01
62 0 +1.089507708e+00 -3.318049229e+01 -3.318049229e+01 +2.2026e+00 -7.8541e-02
63 0 +7.681346979e-01 -3.350186530e+01 -3.350186530e+01 +2.7555e+00 +1.8269e-02
195 0 +7.534529212e-01 -3.351654708e+01 -3.351654708e+01 +3.1264e+00 +4.4730e-01
196 0 +6.533079237e-01 -3.361669208e+01 -3.361669208e+01 +2.6686e+00 +1.2383e-01
1155 0 +1.094861436e-01 -3.416051386e+01 -3.416051386e+01 +3.2182e+00 +3.7815e-01
30220 0 +4.096299081e-02 -3.422903701e+01 -3.422903701e+01 +3.1141e+00 +3.6379e-01
38429 0 +2.205351758e-02 -3.424794648e+01 -3.424794648e+01 +3.1146e+00 +3.6886e-01
% f evaluations | g evaluations | best noise-free fitness - Fopt (1.000000000000e+03) + sum g_i+ | measured fitness | best measured fitness or single-digit g-values | x1 | x2...
1 0 +8.928174842e+01 +1.089281748e+03 +1.089281748e+03 +8.1547e-01 -2.3348e+00
2 0 +5.903818612e+01 +1.059038186e+03 +1.059038186e+03 +3.1779e-01 -8.4878e-01
3 0 +8.585071369e+00 +1.008585071e+03 +1.008585071e+03 -1.1625e-01 +3.1759e-01
5 0 +5.945937215e+00 +1.005945937e+03 +1.005945937e+03 -2.2471e+00 +1.5437e-01
7 0 +1.597756632e+00 +1.001597757e+03 +1.001597757e+03 -2.0309e+00 +8.4838e-02
74 0 +1.146064571e+00 +1.001146065e+03 +1.001146065e+03 -1.9240e+00 +5.8925e-01
79 0 +7.432671430e-01 +1.000743267e+03 +1.000743267e+03 -1.7666e+00 +7.2576e-01
85 0 +5.784174699e-01 +1.000578417e+03 +1.000578417e+03 -1.2922e+00 +1.3659e+00
110 0 +5.303225869e-01 +1.000530323e+03 +1.000530323e+03 -1.2483e+00 +1.8363e+00
118 0 +4.636233174e-01 +1.000463623e+03 +1.000463623e+03 -1.3331e+00 +1.6680e+00
119 0 +3.952118440e-01 +1.000395212e+03 +1.000395212e+03 -1.4827e+00 +1.7126e+00
122 0 +2.775045384e-01 +1.000277505e+03 +1.000277505e+03 -1.4548e+00 +1.5475e+00
134 0 +2.489579132e-01 +1.000248958e+03 +1.000248958e+03 -1.6168e+00 +1.3064e+00
136 0 +1.595046977e-01 +1.000159505e+03 +1.000159505e+03 -1.4580e+00 +1.5924e+00
158 0 +6.030411845e-02 +1.000060304e+03 +1.000060304e+03 -1.4812e+00 +1.4436e+00
168 0 +3.834100701e-02 +1.000038341e+03 +1.000038341e+03 -1.4912e+00 +1.4530e+00
171 0 +3.205760809e-02 +1.000032058e+03 +1.000032058e+03 -1.4899e+00 +1.4764e+00
175 0 +2.012553419e-02 +1.000020126e+03 +1.000020126e+03 -1.5063e+00 +1.4461e+00
198 0 +1.866973469e-02 +1.000018670e+03 +1.000018670e+03 -1.5088e+00 +1.4328e+00
207 0 +1.742685161e-02 +1.000017427e+03 +1.000017427e+03 -1.5008e+00 +1.4471e+00
209 0 +1.699642779e-02 +1.000016996e+03 +1.000016996e+03 -1.5095e+00 +1.4314e+00
211 0 +5.438594479e-03 +1.000005439e+03 +1.000005439e+03 -1.5057e+00 +1.4453e+00
222 0 +3.170718441e-03 +1.000003171e+03 +1.000003171e+03 -1.5029e+00 +1.4479e+00
277 0 +3.154565629e-03 +1.000003155e+03 +1.000003155e+03 -1.5053e+00 +1.4457e+00
294 0 +3.061650245e-03 +1.000003062e+03 +1.000003062e+03 -1.5048e+00 +1.4452e+00
854 0 +5.070580085e-04 +1.000000507e+03 +1.000000507e+03 -1.5041e+00 +1.4477e+00
1562 0 +3.429380197e-04 +1.000000343e+03 +1.000000343e+03 -1.5040e+00 +1.4479e+00
1587 0 +3.250005703e-04 +1.000000325e+03 +1.000000325e+03 -1.5040e+00 +1.4481e+00
2315 0 +2.295466388e-04 +1.000000230e+03 +1.000000230e+03 -1.5040e+00 +1.4478e+00
2321 0 +1.859175374e-04 +1.000000186e+03 +1.000000186e+03 -1.5040e+00 +1.4480e+00
4673 0 +6.701380676e-05 +1.000000067e+03 +1.000000067e+03 -1.5040e+00 +1.4480e+00
4689 0 +3.538730527e-05 +1.000000035e+03 +1.000000035e+03 -1.5040e+00 +1.4480e+00
4701 0 +3.245804533e-05 +1.000000032e+03 +1.000000032e+03 -1.5040e+00 +1.4480e+00
4702 0 +2.877943473e-05 +1.000000029e+03 +1.000000029e+03 -1.5040e+00 +1.4480e+00
4706 0 +1.447778698e-05 +1.000000014e+03 +1.000000014e+03 -1.5040e+00 +1.4480e+00
7858 0 +1.236726371e-05 +1.000000012e+03 +1.000000012e+03 -1.5040e+00 +1.4480e+00
7859 0 +7.134531529e-06 +1.000000007e+03 +1.000000007e+03 -1.5040e+00 +1.4480e+00
7874 0 +5.008688504e-06 +1.000000005e+03 +1.000000005e+03 -1.5040e+00 +1.4480e+00
7887 0 +5.801468888e-07 +1.000000001e+03 +1.000000001e+03 -1.5040e+00 +1.4480e+00
7955 0 +5.697899041e-07 +1.000000001e+03 +1.000000001e+03 -1.5040e+00 +1.4480e+00
7957 0 +4.752778295e-07 +1.000000000e+03 +1.000000000e+03 -1.5040e+00 +1.4480e+00
7965 0 +4.608442623e-07 +1.000000000e+03 +1.000000000e+03 -1.5040e+00 +1.4480e+00
7966 0 +4.132581353e-07 +1.000000000e+03 +1.000000000e+03 -1.5040e+00 +1.4480e+00
7974 0 +3.410947329e-07 +1.000000000e+03 +1.000000000e+03 -1.5040e+00 +1.4480e+00
7976 0 +1.105499905e-07 +1.000000000e+03 +1.000000000e+03 -1.5040e+00 +1.4480e+00
8022 0 +9.903703813e-08 +1.000000000e+03 +1.000000000e+03 -1.5040e+00 +1.4480e+00
8025 0 +7.714811545e-08 +1.000000000e+03 +1.000000000e+03 -1.5040e+00 +1.4480e+00
8036 0 +4.869752956e-08 +1.000000000e+03 +1.000000000e+03 -1.5040e+00 +1.4480e+00
8037 0 +2.498245522e-08 +1.000000000e+03 +1.000000000e+03 -1.5040e+00 +1.4480e+00
8051 0 +1.167074970e-08 +1.000000000e+03 +1.000000000e+03 -1.5040e+00 +1.4480e+00
8086 0 +3.999502951e-09 +1.000000000e+03 +1.000000000e+03 -1.5040e+00 +1.4480e+00
% f evaluations | g evaluations | best noise-free fitness - Fopt (-1.700300000000e+02) + sum g_i+ | measured fitness | best measured fitness or single-digit g-values | x1 | x2...
1 0 +2.005364322e+01 -1.499763568e+02 -1.499763568e+02 +2.9092e+00 -2.2634e+00
2 0 +9.332221284e+00 -1.606977787e+02 -1.606977787e+02 +1.8434e+00 -1.0527e+00
7 0 +6.627434858e+00 -1.634025651e+02 -1.634025651e+02 +1.3368e+00 +3.8977e-01
12 0 +6.470227287e+00 -1.635597727e+02 -1.635597727e+02 +4.9506e-01 +1.9490e+00
17 0 +4.224025521e+00 -1.658059745e+02 -1.658059745e+02 -3.7024e-01 +8.1841e-01
30 0 +1.700761080e+00 -1.683292389e+02 -1.683292389e+02 -1.2139e-01 -1.9518e+00
87 0 +1.438225723e+00 -1.685917743e+02 -1.685917743e+02 -5.3906e-02 -1.8359e+00
170 0 +1.032305468e+00 -1.689976945e+02 -1.689976945e+02 +1.5445e-01 -2.0345e+00
826 0 +7.689845319e-01 -1.692610155e+02 -1.692610155e+02 +3.0328e-01 -2.5355e+00
1005 0 +5.802592724e-01 -1.694497407e+02 -1.694497407e+02 +5.7250e-01 -3.5095e+00
1215 0 +3.183213268e-01 -1.697116787e+02 -1.697116787e+02 +3.5200e-01 -3.0385e+00
3263 0 +2.550501507e-01 -1.697749498e+02 -1.697749498e+02 +3.8539e-01 -2.9111e+00
5566 0 +2.439330459e-01 -1.697860670e+02 -1.697860670e+02 +3.3118e-01 -3.0942e+00
7797 0 +8.263391202e-02 -1.699473661e+02 -1.699473661e+02 +4.1669e-01 -3.0408e+00
12614 0 +7.854728533e-02 -1.699514527e+02 -1.699514527e+02 +4.0448e-01 -3.0286e+00
30776 0 +4.310422105e-02 -1.699868958e+02 -1.699868958e+02 +4.1043e-01 -3.0614e+00
54656 0 +3.324771526e-02 -1.699967523e+02 -1.699967523e+02 +4.2115e-01 -3.0391e+00
60865 0 +1.196489615e-02 -1.700180351e+02 -1.700180351e+02 +4.0823e-01 -3.0189e+00
% f evaluations | g evaluations | best noise-free fitness - Fopt (2.567000000000e+01) + sum g_i+ | measured fitness | best measured fitness or single-digit g-values | x1 | x2...
1 0 +3.702398887e+00 +2.937239889e+01 +2.937239889e+01 +2.4261e-01 -1.4491e+00
24 0 +5.490462572e-01 +2.621904626e+01 +2.621904626e+01 +9.5908e-01 -2.8314e+00
68 0 +2.685247822e-01 +2.593852478e+01 +2.593852478e+01 +8.6646e-01 -2.0567e+00
89 0 +2.550074558e-01 +2.592500746e+01 +2.592500746e+01 +8.3092e-01 -2.4374e+00
102 0 +2.502608831e-01 +2.592026088e+01 +2.592026088e+01 +8.0236e-01 -2.4944e+00
105 0 +9.761665613e-02 +2.576761666e+01 +2.576761666e+01 +8.5512e-01 -2.4125e+00
169 0 +6.487696442e-02 +2.573487696e+01 +2.573487696e+01 +8.4421e-01 -2.3629e+00
171 0 +5.762219877e-02 +2.572762220e+01 +2.572762220e+01 +8.6962e-01 -2.2772e+00
175 0 +4.357336120e-02 +2.571357336e+01 +2.571357336e+01 +8.6040e-01 -2.3369e+00
183 0 +1.805875497e-02 +2.568805875e+01 +2.568805875e+01 +8.5005e-01 -2.2913e+00
197 0 +8.538189650e-03 +2.567853819e+01 +2.567853819e+01 +8.5390e-01 -2.3075e+00
210 0 +7.550613924e-03 +2.567755061e+01 +2.567755061e+01 +8.5129e-01 -2.3127e+00
245 0 +3.247943450e-03 +2.567324794e+01 +2.567324794e+01 +8.5031e-01 -2.3048e+00
249 0 +3.052154953e-03 +2.567305215e+01 +2.567305215e+01 +8.5075e-01 -2.3051e+00
265 0 +1.616016288e-03 +2.567161602e+01 +2.567161602e+01 +8.5094e-01 -2.3058e+00
287 0 +2.750346780e-04 +2.567027503e+01 +2.567027503e+01 +8.5115e-01 -2.3047e+00
317 0 +2.434403072e-04 +2.567024344e+01 +2.567024344e+01 +8.5116e-01 -2.3050e+00
394 0 +2.295693450e-04 +2.567022957e+01 +2.567022957e+01 +8.5124e-01 -2.3050e+00
414 0 +8.248316527e-05 +2.567008248e+01 +2.567008248e+01 +8.5120e-01 -2.3048e+00
451 0 +3.839494527e-05 +2.567003839e+01 +2.567003839e+01 +8.5120e-01 -2.3048e+00
489 0 +3.301745599e-05 +2.567003302e+01 +2.567003302e+01 +8.5119e-01 -2.3048e+00
494 0 +2.910520949e-05 +2.567002911e+01 +2.567002911e+01 +8.5121e-01 -2.3048e+00
527 0 +2.879869072e-05 +2.567002880e+01 +2.567002880e+01 +8.5119e-01 -2.3048e+00
2517 0 +1.381211546e-05 +2.567001381e+01 +2.567001381e+01 +8.5120e-01 -2.3048e+00
2537 0 +1.188119342e-05 +2.567001188e+01 +2.567001188e+01 +8.5120e-01 -2.3048e+00
2539 0 +2.725256206e-06 +2.567000273e+01 +2.567000273e+01 +8.5120e-01 -2.3048e+00
2544 0 +6.732948883e-07 +2.567000067e+01 +2.567000067e+01 +8.5120e-01 -2.3048e+00
2576 0 +6.233685497e-07 +2.567000062e+01 +2.567000062e+01 +8.5120e-01 -2.3048e+00
2582 0 +5.039182902e-07 +2.567000050e+01 +2.567000050e+01 +8.5120e-01 -2.3048e+00
2587 0 +3.713498558e-07 +2.567000037e+01 +2.567000037e+01 +8.5120e-01 -2.3048e+00
2595 0 +2.117951894e-07 +2.567000021e+01 +2.567000021e+01 +8.5120e-01 -2.3048e+00
2614 0 +1.264994616e-07 +2.567000013e+01 +2.567000013e+01 +8.5120e-01 -2.3048e+00
2640 0 +1.007912793e-07 +2.567000010e+01 +2.567000010e+01 +8.5120e-01 -2.3048e+00
2650 0 +8.315531730e-08 +2.567000008e+01 +2.567000008e+01 +8.5120e-01 -2.3048e+00
2652 0 +3.835182483e-08 +2.567000004e+01 +2.567000004e+01 +8.5120e-01 -2.3048e+00
2675 0 +7.336538488e-09 +2.567000001e+01 +2.567000001e+01 +8.5120e-01 -2.3048e+00
% f evaluations | g evaluations | best noise-free fitness - Fopt (2.081800000000e+02) + sum g_i+ | measured fitness | best measured fitness or single-digit g-values | x1 | x2...
1 0 +1.096045953e+01 +2.191404595e+02 +2.191404595e+02 -1.4574e+00 +2.3066e-01
4 0 +3.104246677e+00 +2.112842467e+02 +2.112842467e+02 -9.5033e-01 -1.3571e+00
15 0 +8.111165323e-01 +2.089911165e+02 +2.089911165e+02 -2.9646e+00 -1.5378e+00
20 0 +4.195237593e-01 +2.085995238e+02 +2.085995238e+02 -2.5519e+00 -1.4638e+00
92 0 +3.635985817e-01 +2.085435986e+02 +2.085435986e+02 -2.1170e+00 -1.3658e+00
113 0 +2.526657660e-01 +2.084326658e+02 +2.084326658e+02 -2.3033e+00 -1.3669e+00
117 0 +2.469398697e-01 +2.084269399e+02 +2.084269399e+02 -2.2634e+00 -1.3714e+00
149 0 +1.373412823e-01 +2.083173413e+02 +2.083173413e+02 -2.3340e+00 -1.4129e+00
165 0 +9.586750280e-02 +2.082758675e+02 +2.082758675e+02 -2.4506e+00 -1.4338e+00
199 0 +6.258719159e-02 +2.082425872e+02 +2.082425872e+02 -2.3558e+00 -1.4209e+00
222 0 +4.685352808e-02 +2.082268535e+02 +2.082268535e+02 -2.3545e+00 -1.4360e+00
242 0 +3.176834695e-02 +2.082117683e+02 +2.082117683e+02 -2.3654e+00 -1.4377e+00
259 0 +2.326333343e-02 +2.082032633e+02 +2.082032633e+02 -2.3705e+00 -1.4378e+00
263 0 +1.714382258e-02 +2.081971438e+02 +2.081971438e+02 -2.3742e+00 -1.4352e+00
271 0 +7.587292232e-03 +2.081875873e+02 +2.081875873e+02 -2.3899e+00 -1.4326e+00
280 0 +7.571350719e-03 +2.081875714e+02 +2.081875714e+02 -2.3852e+00 -1.4326e+00
306 0 +3.998471357e-03 +2.081839985e+02 +2.081839985e+02 -2.3820e+00 -1.4360e+00
329 0 +3.824524568e-03 +2.081838245e+02 +2.081838245e+02 -2.3837e+00 -1.4356e+00
346 0 +3.209283930e-03 +2.081832093e+02 +2.081832093e+02 -2.3861e+00 -1.4345e+00
347 0 +1.183074432e-03 +2.081811831e+02 +2.081811831e+02 -2.3841e+00 -1.4353e+00
376 0 +1.016752629e-03 +2.081810168e+02 +2.081810168e+02 -2.3841e+00 -1.4350e+00
377 0 +5.726808917e-04 +2.081805727e+02 +2.081805727e+02 -2.3835e+00 -1.4351e+00
384 0 +2.458029137e-04 +2.081802458e+02 +2.081802458e+02 -2.3830e+00 -1.4352e+00
438 0 +2.343622597e-04 +2.081802344e+02 +2.081802344e+02 -2.3831e+00 -1.4352e+00
1171 0 +5.377617464e-05 +2.081800538e+02 +2.081800538e+02 -2.3832e+00 -1.4352e+00
1177 0 +2.910078891e-05 +2.081800291e+02 +2.081800291e+02 -2.3832e+00 -1.4352e+00
4253 0 +2.698754315e-05 +2.081800270e+02 +2.081800270e+02 -2.3832e+00 -1.4352e+00
4273 0 +5.778451055e-06 +2.081800058e+02 +2.081800058e+02 -2.3832e+00 -1.4352e+00
7600 0 +2.843948351e-06 +2.081800028e+02 +2.081800028e+02 -2.3832e+00 -1.4352e+00
7637 0 +2.428765072e-06 +2.081800024e+02 +2.081800024e+02 -2.3832e+00 -1.4352e+00
7657 0 +1.020957370e-06 +2.081800010e+02 +2.081800010e+02 -2.3832e+00 -1.4352e+00
7676 0 +8.547685297e-07 +2.081800009e+02 +2.081800009e+02 -2.3832e+00 -1.4352e+00
7677 0 +6.853928483e-07 +2.081800007e+02 +2.081800007e+02 -2.3832e+00 -1.4352e+00
7682 0 +6.020780177e-07 +2.081800006e+02 +2.081800006e+02 -2.3832e+00 -1.4352e+00
7691 0 +5.655089410e-07 +2.081800006e+02 +2.081800006e+02 -2.3832e+00 -1.4352e+00
7692 0 +5.449512344e-07 +2.081800005e+02 +2.081800005e+02 -2.3832e+00 -1.4352e+00
7707 0 +3.757971854e-07 +2.081800004e+02 +2.081800004e+02 -2.3832e+00 -1.4352e+00
7710 0 +1.722032437e-07 +2.081800002e+02 +2.081800002e+02 -2.3832e+00 -1.4352e+00
7721 0 +6.686374832e-08 +2.081800001e+02 +2.081800001e+02 -2.3832e+00 -1.4352e+00
7730 0 +2.864535986e-08 +2.081800000e+02 +2.081800000e+02 -2.3832e+00 -1.4352e+00
7762 0 +1.713962661e-08 +2.081800000e+02 +2.081800000e+02 -2.3832e+00 -1.4352e+00
7777 0 +5.044142881e-09 +2.081800000e+02 +2.081800000e+02 -2.3832e+00 -1.4352e+00
