% f evaluations | g evaluations | best noise-free fitness - Fopt (7.135000000000e+01) + sum g_i+ | measured fitness | best measured fitness or single-digit g-values | x1 | x2...
1 0 +1.130572794e+02 +1.844072794e+02 +1.844072794e+02 -2.4070e-01 +1.1964e-01 -1.2593e-01 -1.9152e-01 -4.0201e-01
3 0 +1.051584746e+02 +1.765084746e+02 +1.765084746e+02 -1.3558e-01 +1.3973e-01 +9.3651e-02 +5.2563e-02 +4.6639e-02
8 0 +1.046664707e+02 +1.760164707e+02 +1.760164707e+02 +6.2256e-02 +4.4053e-02 -3.0240e-01 +7.7557e-02 -3.4647e-01
17 0 +8.809369328e+01 +1.594436933e+02 +1.594436933e+02 -1.0918e-01 +1.1964e-01 +1.0502e-01 +3.2528e-01 -1.3061e-01
21 0 +8.489860117e+01 +1.562486012e+02 +1.562486012e+02 -1.3558e-01 +1.1124e-01 +9.3651e-02 +2.4751e-01 -1.8858e-01
42 0 +6.594007055e+01 +1.372900705e+02 +1.372900705e+02 -2.7222e-01 -1.5839e-01 +2.3158e-01 +2.0129e-01 -2.8319e-01
73 0 +3.631024176e+01 +1.076602418e+02 +1.076602418e+02 -2.9902e-01 +1.1783e-01 +3.9698e-01 +4.5021e-01 -3.6158e-01
110 0 +2.287587046e+01 +9.422587046e+01 +9.422587046e+01 -7.9932e-01 -1.5703e-02 +2.8246e-01 +3.7222e-01 -9.9095e-01
144 0 +1.218244909e+01 +8.353244909e+01 +8.353244909e+01 -3.9674e-01 -6.7739e-03 -2.8225e-01 +2.1453e-01 -1.1893e+00
168 0 +1.017752541e+01 +8.152752541e+01 +8.152752541e+01 -4.4107e-01 -1.1552e-02 -1.5925e-01 +2.5931e-01 -1.0921e+00
202 0 +7.168561797e+00 +7.851856180e+01 +7.851856180e+01 -5.1520e-01 +1.0871e-04 -3.8897e-01 +1.1853e-01 -9.7211e-01
211 0 +6.839363959e+00 +7.818936396e+01 +7.818936396e+01 -5.1520e-01 +1.0871e-04 -3.8897e-01 +1.1853e-01 -1.0419e+00
293 0 +3.796982879e+00 +7.514698288e+01 +7.514698288e+01 -9.3380e-01 +2.8286e-01 -5.1983e-01 +4.3445e-01 -1.0868e+00
431 0 +3.314087808e+00 +7.466408781e+01 +7.466408781e+01 -6.7964e-01 +8.5223e-02 -2.9859e-01 -5.9826e-02 -1.2612e+00
516 0 +2.396595968e+00 +7.374659597e+01 +7.374659597e+01 -8.9260e-01 +1.0695e-01 -3.9604e-01 -1.0980e-01 -1.1142e+00
605 0 +2.066137205e+00 +7.341613721e+01 +7.341613721e+01 -8.4131e-01 +1.3363e-01 -3.3347e-01 -1.5657e-01 -1.2166e+00
671 0 +1.673860370e+00 +7.302386037e+01 +7.302386037e+01 -6.9720e-01 +1.3472e-01 -4.8630e-01 -1.2642e-01 -1.2721e+00
695 0 +1.438635036e+00 +7.278863504e+01 +7.278863504e+01 -7.4944e-01 +1.7912e-01 -4.7786e-01 -1.3296e-01 -1.3051e+00
747 0 +7.482823069e-01 +7.209828231e+01 +7.209828231e+01 -6.4167e-01 +2.3997e-01 -6.2898e-01 -1.8778e-01 -1.1822e+00
910 0 +6.482735717e-01 +7.199827357e+01 +7.199827357e+01 -6.1571e-01 +2.2776e-01 -6.3621e-01 -4.9464e-02 -1.2581e+00
1002 0 +5.703585314e-01 +7.192035853e+01 +7.192035853e+01 -6.2308e-01 +2.3939e-01 -6.2947e-01 -1.5230e-02 -1.3471e+00
1021 0 +4.743707261e-01 +7.182437073e+01 +7.182437073e+01 -6.9384e-01 +1.8092e-01 -5.7294e-01 +1.0500e-01 -1.3267e+00
1087 0 +4.139584007e-01 +7.176395840e+01 +7.176395840e+01 -6.3759e-01 +2.0681e-01 -6.3072e-01 +1.7368e-01 -1.3297e+00
1103 0 +2.174516595e-01 +7.156745166e+01 +7.156745166e+01 -5.8596e-01 +2.3053e-01 -6.2965e-01 +1.1620e-01 -1.3365e+00
1115 0 +6.237118155e-02 +7.141237118e+01 +7.141237118e+01 -5.4832e-01 +2.3091e-01 -6.4214e-01 +1.7153e-01 -1.4414e+00
1285 0 +5.683207941e-02 +7.140683208e+01 +7.140683208e+01 -5.2720e-01 +2.1707e-01 -6.1109e-01 +2.2828e-01 -1.4444e+00
1347 0 +5.361954130e-02 +7.140361954e+01 +7.140361954e+01 -5.4151e-01 +2.2577e-01 -6.3573e-01 +2.4343e-01 -1.4471e+00
1449 0 +3.646666520e-02 +7.138646667e+01 +7.138646667e+01 -5.4985e-01 +2.2141e-01 -6.1689e-01 +2.8078e-01 -1.4324e+00
1518 0 +3.351726890e-02 +7.138351727e+01 +7.138351727e+01 -5.2245e-01 +2.2881e-01 -6.2558e-01 +3.0392e-01 -1.4511e+00
1527 0 +2.436112186e-02 +7.137436112e+01 +7.137436112e+01 -5.0307e-01 +2.4550e-01 -6.3078e-01 +3.0992e-01 -1.4658e+00
1551 0 +1.764365419e-02 +7.136764365e+01 +7.136764365e+01 -5.4078e-01 +2.3805e-01 -6.2380e-01 +2.8121e-01 -1.4512e+00
1567 0 +1.520916417e-02 +7.136520916e+01 +7.136520916e+01 -5.2813e-01 +2.2686e-01 -6.0618e-01 +3.1817e-01 -1.4336e+00
1832 0 +1.136232544e-02 +7.136136233e+01 +7.136136233e+01 -5.3669e-01 +2.3347e-01 -6.2427e-01 +3.0185e-01 -1.4372e+00
1904 0 +7.822122297e-03 +7.135782212e+01 +7.135782212e+01 -5.2519e-01 +2.3567e-01 -6.2493e-01 +3.0881e-01 -1.4419e+00
1966 0 +5.981193792e-03 +7.135598119e+01 +7.135598119e+01 -5.3319e-01 +2.3683e-01 -6.2777e-01 +3.0626e-01 -1.4386e+00
2029 0 +1.593002412e-03 +7.135159300e+01 +7.135159300e+01 -5.2128e-01 +2.4691e-01 -6.3488e-01 +3.0951e-01 -1.4450e+00
2094 0 +8.260363873e-04 +7.135082604e+01 +7.135082604e+01 -5.2144e-01 +2.4979e-01 -6.4231e-01 +3.0431e-01 -1.4475e+00
2123 0 +5.284192571e-04 +7.135052842e+01 +7.135052842e+01 -5.1957e-01 +2.5252e-01 -6.4315e-01 +3.0950e-01 -1.4468e+00
2133 0 +1.678851443e-04 +7.135016789e+01 +7.135016789e+01 -5.1672e-01 +2.5252e-01 -6.4315e-01 +3.0950e-01 -1.4476e+00
2447 0 +1.306515024e-04 +7.135013065e+01 +7.135013065e+01 -5.1816e-01 +2.5566e-01 -6.4397e-01 +3.1583e-01 -1.4426e+00
2677 0 +6.535334565e-05 +7.135006535e+01 +7.135006535e+01 -5.1683e-01 +2.5376e-01 -6.4342e-01 +3.1306e-01 -1.4471e+00
2819 0 +6.282746011e-05 +7.135006283e+01 +7.135006283e+01 -5.1776e-01 +2.5560e-01 -6.4457e-01 +3.1087e-01 -1.4446e+00
2827 0 +5.872783865e-05 +7.135005873e+01 +7.135005873e+01 -5.1778e-01 +2.5545e-01 -6.4504e-01 +3.1187e-01 -1.4449e+00
2894 0 +4.602325888e-06 +7.135000460e+01 +7.135000460e+01 -5.1809e-01 +2.5478e-01 -6.4393e-01 +3.1258e-01 -1.4438e+00
3340 0 +2.657438543e-06 +7.135000266e+01 +7.135000266e+01 -5.1767e-01 +2.5457e-01 -6.4397e-01 +3.1155e-01 -1.4447e+00
3469 0 +1.951700710e-06 +7.135000195e+01 +7.135000195e+01 -5.1770e-01 +2.5452e-01 -6.4391e-01 +3.1167e-01 -1.4447e+00
3565 0 +1.451496203e-06 +7.135000145e+01 +7.135000145e+01 -5.1758e-01 +2.5454e-01 -6.4394e-01 +3.1177e-01 -1.4448e+00
3567 0 +1.067139920e-06 +7.135000107e+01 +7.135000107e+01 -5.1758e-01 +2.5461e-01 -6.4396e-01 +3.1188e-01 -1.4447e+00
3816 0 +1.004443845e-06 +7.135000100e+01 +7.135000100e+01 -5.1758e-01 +2.5458e-01 -6.4394e-01 +3.1180e-01 -1.4447e+00
3878 0 +9.029334649e-07 +7.135000090e+01 +7.135000090e+01 -5.1761e-01 +2.5458e-01 -6.4396e-01 +3.1176e-01 -1.4447e+00
3952 0 +8.331068244e-07 +7.135000083e+01 +7.135000083e+01 -5.1759e-01 +2.5460e-01 -6.4397e-01 +3.1180e-01 -1.4447e+00
3983 0 +8.273920997e-07 +7.135000083e+01 +7.135000083e+01 -5.1760e-01 +2.5459e-01 -6.4397e-01 +3.1175e-01 -1.4447e+00
3997 0 +7.986455870e-07 +7.135000080e+01 +7.135000080e+01 -5.1760e-01 +2.5459e-01 -6.4397e-01 +3.1175e-01 -1.4447e+00
4010 0 +6.345316024e-07 +7.135000063e+01 +7.135000063e+01 -5.1759e-01 +2.5461e-01 -6.4398e-01 +3.1178e-01 -1.4447e+00
4014 0 +4.494902299e-07 +7.135000045e+01 +7.135000045e+01 -5.1759e-01 +2.5459e-01 -6.4397e-01 +3.1176e-01 -1.4447e+00
4109 0 +4.391194608e-07 +7.135000044e+01 +7.135000044e+01 -5.1759e-01 +2.5459e-01 -6.4397e-01 +3.1178e-01 -1.4447e+00
4205 0 +4.188706697e-07 +7.135000042e+01 +7.135000042e+01 -5.1759e-01 +2.5460e-01 -6.4397e-01 +3.1178e-01 -1.4447e+00
4239 0 +4.095167583e-07 +7.135000041e+01 +7.135000041e+01 -5.1759e-01 +2.5459e-01 -6.4397e-01 +3.1178e-01 -1.4447e+00
4331 0 +4.006948728e-07 +7.135000040e+01 +7.135000040e+01 -5.1759e-01 +2.5459e-01 -6.4397e-01 +3.1178e-01 -1.4447e+00
4366 0 +3.715623222e-07 +7.135000037e+01 +7.135000037e+01 -5.1759e-01 +2.5459e-01 -6.4397e-01 +3.1177e-01 -1.4447e+00
4455 0 +3.645187832e-07 +7.135000036e+01 +7.135000036e+01 -5.1759e-01 +2.5459e-01 -6.4397e-01 +3.1177e-01 -1.4447e+00
4513 0 +3.618307431e-07 +7.135000036e+01 +7.135000036e+01 -5.1759e-01 +2.5459e-01 -6.4397e-01 +3.1177e-01 -1.4447e+00
% f evaluations | g evaluations | best noise-free fitness - Fopt (-3.552200000000e+02) + sum g_i+ | measured fitness | best measured fitness or single-digit g-values | x1 | x2...
1 0 +1.073518212e+02 -2.478681788e+02 -2.478681788e+02 -5.6391e-02 +4.0734e-01 +1.0962e-01 -3.0790e-02 -5.7522e-03
3 0 +9.630460440e+01 -2.589153956e+02 -2.589153956e+02 +3.8426e-02 +2.7317e-01 -4.1110e-02 +2.9891e-01 -1.1235e-01
25 0 +8.271114274e+01 -2.725088573e+02 -2.725088573e+02 +4.6383e-02 +2.5979e-01 +1.0615e-01 +3.3049e-02 -1.7840e-01
27 0 +7.259229466e+01 -2.826277053e+02 -2.826277053e+02 +1.0518e-01 +2.4768e-01 -3.7444e-02 +3.2527e-01 -5.1855e-01
39 0 +7.036818768e+01 -2.848518123e+02 -2.848518123e+02 +2.5379e-01 +3.4580e-01 +2.0496e-01 +1.0983e-01 -3.9981e-01
47 0 +5.946105160e+01 -2.957589484e+02 -2.957589484e+02 +2.4405e-01 +2.8953e-01 -1.0433e-01 +4.0714e-02 -5.7904e-01
142 0 +5.855606437e+01 -2.966639356e+02 -2.966639356e+02 -3.8798e-01 -6.7444e-02 -1.8684e-01 -4.4531e-01 -2.1395e-01
211 0 +5.572696333e+01 -2.994930367e+02 -2.994930367e+02 +2.1542e-01 +2.9018e-01 -1.6450e-01 -2.0596e-01 -2.7816e-01
337 0 +4.124312956e+01 -3.139768704e+02 -3.139768704e+02 -5.9963e-01 -1.7741e-02 +8.1534e-02 -2.4945e-01 -1.1921e-01
% f evaluations | g evaluations | best noise-free fitness - Fopt (9.917000000000e+01) + sum g_i+ | measured fitness | best measured fitness or single-digit g-values | x1 | x2...
1 0 +1.252629048e+02 +2.244329048e+02 +2.244329048e+02 -2.3736e-01 +1.3507e-01 -5.2918e-02 +1.2695e-01 +3.8349e-01
2 0 +9.462623653e+01 +1.937962365e+02 +1.937962365e+02 +2.9218e-01 -3.9700e-01 -1.3516e-01 -1.7994e-01 -1.3635e-01
3 0 +6.053160531e+01 +1.597016053e+02 +1.597016053e+02 +5.3903e-02 -4.0365e-01 -2.1657e-01 -6.8426e-02 +2.7370e-01
46 0 +2.713872683e+01 +1.263087268e+02 +1.263087268e+02 +1.2258e-01 -4.3230e-01 -6.7810e-02 -3.2990e-01 +3.4366e-01
65 0 +2.568446140e+01 +1.248544614e+02 +1.248544614e+02 -2.0183e-01 -4.2251e-01 +1.0729e-03 -3.0698e-01 +3.7241e-01
127 0 +2.446555066e+01 +1.236355507e+02 +1.236355507e+02 -1.5645e-01 -1.8311e-01 -3.5686e-01 +5.0152e-02 +8.2875e-01
140 0 +6.593983960e+00 +1.057639840e+02 +1.057639840e+02 -1.3619e-01 -6.3414e-01 -1.2238e-02 -4.5415e-01 +1.2150e+00
332 0 +6.412479713e+00 +1.055824797e+02 +1.055824797e+02 -5.5100e-01 -3.6496e-01 +1.1637e-01 -8.3939e-01 +1.0163e+00
373 0 +6.260091614e+00 +1.054300916e+02 +1.054300916e+02 -6.5094e-01 -4.3910e-01 +6.3171e-01 -8.2060e-01 +9.3101e-01
387 0 +5.770954976e+00 +1.049409550e+02 +1.049409550e+02 -6.4459e-01 -4.4343e-01 +6.1196e-01 -8.2014e-01 +9.3837e-01
393 0 +5.173151659e+00 +1.043431517e+02 +1.043431517e+02 -3.3278e-01 -6.6818e-01 +2.2643e-01 -6.5387e-01 +8.3163e-01
428 0 +3.830167066e+00 +1.030001671e+02 +1.030001671e+02 -5.3234e-01 -3.6593e-01 +5.2708e-01 -8.2677e-01 +8.6157e-01
490 0 +2.532984559e+00 +1.017029846e+02 +1.017029846e+02 -5.5694e-01 -4.4198e-01 +2.3109e-01 -6.6735e-01 +8.9840e-01
587 0 +1.790052382e+00 +1.009600524e+02 +1.009600524e+02 -6.8719e-01 -4.1229e-01 +3.1691e-01 -8.5369e-01 +9.5150e-01
650 0 +1.367387433e+00 +1.005373874e+02 +1.005373874e+02 -7.7885e-01 -3.6250e-01 +1.4418e-01 -9.5992e-01 +1.0746e+00
757 0 +1.317456677e+00 +1.004874567e+02 +1.004874567e+02 -5.2365e-01 -3.6475e-01 +6.5154e-02 -5.7597e-01 +1.0937e+00
811 0 +1.279883674e+00 +1.004498837e+02 +1.004498837e+02 -7.5099e-01 -3.3737e-01 +3.7483e-02 -9.4661e-01 +1.3816e+00
827 0 +1.009033501e+00 +1.001790335e+02 +1.001790335e+02 -5.2579e-01 -4.1895e-01 +7.4060e-02 -6.6721e-01 +1.0672e+00
921 0 +5.947762212e-01 +9.976477622e+01 +9.976477622e+01 -6.6640e-01 -3.3262e-01 +4.4920e-02 -7.8890e-01 +1.0753e+00
1197 0 +4.270227695e-01 +9.959702277e+01 +9.959702277e+01 -6.5401e-01 -3.2182e-01 +3.5957e-02 -7.3142e-01 +1.0784e+00
1223 0 +3.845096835e-01 +9.955450968e+01 +9.955450968e+01 -6.3369e-01 -3.4137e-01 +9.0867e-02 -7.1195e-01 +1.0656e+00
1260 0 +3.676268922e-01 +9.953762689e+01 +9.953762689e+01 -6.2617e-01 -3.3263e-01 +1.2002e-01 -6.8913e-01 +1.0172e+00
1279 0 +3.087512881e-01 +9.947875129e+01 +9.947875129e+01 -6.3867e-01 -3.3734e-01 +7.0397e-02 -7.1114e-01 +1.0660e+00
1707 0 +2.674426965e-01 +9.943744270e+01 +9.943744270e+01 -6.3984e-01 -3.4748e-01 +6.0144e-02 -7.4182e-01 +1.0619e+00
1744 0 +2.560365715e-01 +9.942603657e+01 +9.942603657e+01 -6.3419e-01 -3.3582e-01 +5.3569e-02 -7.1080e-01 +1.0821e+00
1808 0 +2.201572854e-01 +9.939015729e+01 +9.939015729e+01 -6.3174e-01 -3.4216e-01 +5.2372e-02 -7.1688e-01 +1.0723e+00
1811 0 +1.935232392e-01 +9.936352324e+01 +9.936352324e+01 -6.3161e-01 -3.4279e-01 +5.8837e-02 -7.1544e-01 +1.0733e+00
1966 0 +1.871235789e-01 +9.935712358e+01 +9.935712358e+01 -6.3244e-01 -3.4569e-01 +6.3277e-02 -7.1927e-01 +1.0631e+00
2052 0 +1.839870277e-01 +9.935398703e+01 +9.935398703e+01 -6.3195e-01 -3.3953e-01 +5.8749e-02 -7.2003e-01 +1.0680e+00
2251 0 +1.805844234e-01 +9.935058442e+01 +9.935058442e+01 -6.3230e-01 -3.4174e-01 +5.5539e-02 -7.1708e-01 +1.0734e+00
2284 0 +1.732801913e-01 +9.934328019e+01 +9.934328019e+01 -6.2779e-01 -3.4173e-01 +5.5849e-02 -7.1039e-01 +1.0752e+00
2323 0 +1.696285774e-01 +9.933962858e+01 +9.933962858e+01 -6.2920e-01 -3.4094e-01 +5.5059e-02 -7.1181e-01 +1.0748e+00
2350 0 +1.547822050e-01 +9.932478220e+01 +9.932478220e+01 -6.2897e-01 -3.4184e-01 +5.2538e-02 -7.1299e-01 +1.0788e+00
2374 0 +1.513206213e-01 +9.932132062e+01 +9.932132062e+01 -6.2921e-01 -3.4182e-01 +5.3227e-02 -7.1305e-01 +1.0778e+00
2638 0 +1.291174940e-01 +9.929911749e+01 +9.929911749e+01 -6.2492e-01 -3.4341e-01 +5.3539e-02 -7.0873e-01 +1.0766e+00
3596 0 +1.286332948e-01 +9.929863329e+01 +9.929863329e+01 -6.2508e-01 -3.4316e-01 +5.5576e-02 -7.0786e-01 +1.0744e+00
3818 0 +1.256017244e-01 +9.929560172e+01 +9.929560172e+01 -6.2511e-01 -3.4316e-01 +5.5660e-02 -7.0787e-01 +1.0744e+00
% f evaluations | g evaluations | best noise-free fitness - Fopt (-5.179100000000e+02) + sum g_i+ | measured fitness | best measured fitness or single-digit g-values | x1 | x2...
1 0 +2.257856528e+01 -4.953314347e+02 -4.953314347e+02 -9.3133e-02 +6.4091e-02 +1.0880e-01 +4.6670e-01 +7.5035e-02
12 0 +7.405851588e+00 -5.105041484e+02 -5.105041484e+02 +1.2000e-01 +2.1911e-01 +1.4268e-01 +3.8321e-01 -7.2770e-02
59 0 +6.664744594e+00 -5.112452554e+02 -5.112452554e+02 +1.9761e-01 +3.9364e-01 +1.0471e-01 -3.2572e-01 +3.1424e-01
% f evaluations | g evaluations | best noise-free fitness - Fopt (-5.721000000000e+01) + sum g_i+ | measured fitness | best measured fitness or single-digit g-values | x1 | x2...
1 0 +1.268556552e+02 +6.964565515e+01 +6.964565515e+01 +2.0726e-01 +4.3089e-01 +1.1333e-01 +4.4505e-02 -1.4561e-02
2 0 +1.156441766e+02 +5.843417663e+01 +5.843417663e+01 -1.3456e-01 -8.4172e-02 -1.7101e-02 -1.8948e-01 +1.1885e-01
3 0 +9.435894195e+01 +3.714894195e+01 +3.714894195e+01 +2.8168e-01 +4.1771e-02 -1.0182e-01 -2.8575e-01 -7.3508e-02
21 0 +6.456177211e+01 +7.351772113e+00 +7.351772113e+00 -5.2009e-01 +4.1771e-02 -1.0182e-01 -1.1371e-01 +1.0077e-01
112 0 +4.749630282e+01 -9.713697178e+00 -9.713697178e+00 -2.4102e-01 -2.9088e-03 -1.4614e-01 +8.4539e-02 +2.0767e-01
209 0 +4.611208572e+01 -1.109791428e+01 -1.109791428e+01 -6.5480e-01 -2.6420e-01 -1.4704e-01 -9.6559e-02 +3.4912e-01
215 0 +4.177501496e+01 -1.543498504e+01 -1.543498504e+01 -9.5960e-01 -2.8810e-03 -1.0317e-01 -3.0815e-01 +2.3581e-01
335 0 +1.931897767e+01 -3.789102233e+01 -3.789102233e+01 -6.8293e-03 -1.1134e-01 -1.2162e-01 +2.9283e-01 +6.6625e-01
% f evaluations | g evaluations | best noise-free fitness - Fopt (-9.250000000000e+00) + sum g_i+ | measured fitness | best measured fitness or single-digit g-values | x1 | x2...
1 0 +1.163807528e+02 +1.071307528e+02 +1.071307528e+02 +1.9330e-01 +2.7063e-01 +3.2539e-03 -2.4937e-01 +3.4115e-01
4 0 +6.372245597e+01 +5.447245597e+01 +5.447245597e+01 +4.7946e-01 -6.7567e-02 +2.5400e-01 -1.4832e-01 +2.3046e-01
46 0 +5.477621441e+01 +4.552621441e+01 +4.552621441e+01 +6.2070e-01 -1.0921e-01 +1.1615e-01 +9.5924e-02 +5.2465e-01
47 0 +5.172568311e+01 +4.247568311e+01 +4.247568311e+01 +4.2001e-01 -1.6184e-01 +1.6372e-01 -9.7735e-02 +6.1820e-02
48 0 +4.344714519e+01 +3.419714519e+01 +3.419714519e+01 +3.9007e-01 +2.6757e-01 +9.7429e-02 +4.7066e-02 +3.5676e-01
77 0 +3.832026852e+01 +2.907026852e+01 +2.907026852e+01 +5.1970e-01 -1.1279e-01 +2.1753e-01 -7.4823e-02 +3.4737e-01
83 0 +2.671126561e+01 +1.746126561e+01 +1.746126561e+01 +5.1251e-01 +4.2206e-02 -5.5742e-02 +3.0824e-02 +2.5497e-01
243 0 +2.210623699e+01 +1.285623699e+01 +1.285623699e+01 +8.9263e-01 -1.3805e-01 -2.8640e-03 -3.8579e-02 -2.1537e-01
492 0 +2.093222717e+01 +1.168222717e+01 +1.168222717e+01 +8.0519e-01 +4.6192e-02 -4.7080e-01 +7.4195e-02 -1.1661e-01
527 0 +1.755658827e+01 +8.306588273e+00 +8.306588273e+00 +1.1237e+00 +2.1815e-01 -5.8264e-01 +1.1426e-01 +1.3991e-01
541 0 +1.608467928e+01 +6.834679279e+00 +6.834679279e+00 +1.1237e+00 +2.1815e-01 -5.8698e-01 +1.4154e-01 -7.3263e-02
567 0 +1.532935261e+01 +6.079352609e+00 +6.079352609e+00 +1.2897e+00 +1.0606e-01 -4.7142e-01 +1.4906e-01 +5.9683e-02
573 0 +9.201107212e+00 -4.889278784e-02 -4.889278784e-02 +1.2568e+00 +1.7183e-01 -7.7786e-01 +2.0363e-01 -1.5656e-01
% f evaluations | g evaluations | best noise-free fitness - Fopt (4.206100000000e+02) + sum g_i+ | measured fitness | best measured fitness or single-digit g-values | x1 | x2...
1 0 +7.961417761e+01 +5.002241776e+02 +5.002241776e+02 -9.8764e-02 -1.4301e-01 +3.7932e-02 +1.0686e-01 -1.7594e-01
2 0 +6.827521802e+01 +4.888852180e+02 +4.888852180e+02 +5.7195e-02 -2.3793e-02 -1.2083e-01 +1.8999e-02 -3.1643e-01
3 0 +6.317990649e+01 +4.837899065e+02 +4.837899065e+02 +3.0817e-01 -1.6039e-01 -6.5789e-02 -2.8646e-01 -1.3540e-02
5 0 +3.622428412e+01 +4.568342841e+02 +4.568342841e+02 -1.9252e-01 +2.3676e-01 -1.4102e-01 -6.0370e-02 -2.1560e-01
45 0 +3.512244989e+01 +4.557324499e+02 +4.557324499e+02 +2.5112e-01 -2.5405e-02 -7.5397e-02 -2.2829e-01 -1.6514e-01
83 0 +2.778478989e+01 +4.483947899e+02 +4.483947899e+02 -2.4645e-01 -2.4103e-02 -2.8859e-01 -1.3148e-01 -3.4895e-01
98 0 +2.690832595e+01 +4.475183260e+02 +4.475183260e+02 -2.4943e-01 -2.8003e-02 -2.9016e-01 -1.3435e-01 -3.5419e-01
109 0 +2.211823457e+01 +4.427282346e+02 +4.427282346e+02 -2.1055e-01 -3.4041e-02 -5.3347e-01 -3.4976e-01 -3.3019e-01
121 0 +1.921393556e+01 +4.398239356e+02 +4.398239356e+02 -2.1055e-01 -3.4041e-02 -5.3347e-01 -3.4976e-01 -9.4988e-02
155 0 +1.893140406e+01 +4.395414041e+02 +4.395414041e+02 -1.8765e-01 +1.1547e-01 -8.6540e-02 -3.2763e-01 -3.7688e-01
162 0 +1.578767627e+01 +4.363976763e+02 +4.363976763e+02 -2.5349e-01 +4.5474e-02 -3.6602e-01 -2.7568e-01 -4.6767e-01
175 0 +1.474719946e+01 +4.353571995e+02 +4.353571995e+02 -3.3580e-01 +1.9295e-02 -4.8202e-01 -3.1330e-01 -4.0494e-01
234 0 +1.428042894e+01 +4.348904289e+02 +4.348904289e+02 -1.9572e-01 -1.9212e-01 -5.1279e-01 -4.3580e-01 -4.4741e-01
255 0 +1.066886971e+01 +4.312788697e+02 +4.312788697e+02 -6.3052e-01 +8.5131e-02 -6.4304e-01 -2.4785e-01 -3.2459e-01
326 0 +9.180969798e+00 +4.297909698e+02 +4.297909698e+02 -5.0954e-01 -1.6530e-01 -6.2227e-01 -3.8104e-01 -5.8430e-01
731 0 +8.851485517e+00 +4.294614855e+02 +4.294614855e+02 -3.9617e-01 -2.2373e-01 -5.4189e-01 -4.0617e-01 -7.2619e-01
742 0 +8.593879877e+00 +4.292038799e+02 +4.292038799e+02 -3.9451e-01 -2.2281e-01 -5.4279e-01 -4.0638e-01 -7.2187e-01
777 0 +8.121932909e+00 +4.287319329e+02 +4.287319329e+02 -4.5859e-01 -1.7512e-01 -5.8409e-01 -3.9855e-01 -6.3653e-01
793 0 +7.790871812e+00 +4.284008718e+02 +4.284008718e+02 -4.1138e-01 -1.8659e-01 -5.6058e-01 -3.9138e-01 -7.0816e-01
806 0 +7.377996339e+00 +4.279879963e+02 +4.279879963e+02 -4.2869e-01 -1.6674e-01 -5.8130e-01 -3.6041e-01 -6.0318e-01
863 0 +6.885637953e+00 +4.274956380e+02 +4.274956380e+02 -4.4871e-01 -1.4218e-01 -6.1164e-01 -3.7938e-01 -5.8835e-01
874 0 +6.599595589e+00 +4.272095956e+02 +4.272095956e+02 -4.7509e-01 -1.5950e-01 -6.1509e-01 -3.9037e-01 -6.1473e-01
912 0 +5.955122885e+00 +4.265651229e+02 +4.265651229e+02 -5.2345e-01 -1.6370e-01 -6.6113e-01 -3.6888e-01 -5.9886e-01
1066 0 +5.726844127e+00 +4.263368441e+02 +4.263368441e+02 -5.0155e-01 -1.3171e-01 -6.4708e-01 -3.5482e-01 -5.3367e-01
1068 0 +4.977983125e+00 +4.255879831e+02 +4.255879831e+02 -5.6818e-01 -1.1072e-01 -6.7475e-01 -3.5253e-01 -5.3504e-01
1327 0 +4.820245965e+00 +4.254302460e+02 +4.254302460e+02 -5.3053e-01 -1.2335e-01 -6.7082e-01 -3.5076e-01 -5.5629e-01
1433 0 +4.703291280e+00 +4.253132913e+02 +4.253132913e+02 -5.4787e-01 -9.8110e-02 -6.6378e-01 -3.3705e-01 -5.1114e-01
1539 0 +4.586040848e+00 +4.251960408e+02 +4.251960408e+02 -5.3953e-01 -1.0500e-01 -6.6666e-01 -3.4139e-01 -5.1609e-01
1548 0 +4.231409783e+00 +4.248414098e+02 +4.248414098e+02 -5.4286e-01 -9.5521e-02 -6.6783e-01 -3.3711e-01 -5.0608e-01
1549 0 +4.106300524e+00 +4.247163005e+02 +4.247163005e+02 -5.4598e-01 -1.0131e-01 -6.7243e-01 -3.4184e-01 -5.1166e-01
1679 0 +3.780356160e+00 +4.243903562e+02 +4.243903562e+02 -5.4059e-01 -1.0866e-01 -6.7775e-01 -3.4437e-01 -5.1844e-01
1900 0 +3.600801197e+00 +4.242108012e+02 +4.242108012e+02 -5.4543e-01 -1.0339e-01 -6.8122e-01 -3.4301e-01 -5.0909e-01
1930 0 +3.532155663e+00 +4.241421557e+02 +4.241421557e+02 -5.4744e-01 -1.0439e-01 -6.8522e-01 -3.4413e-01 -5.0989e-01
1936 0 +3.424514541e+00 +4.240345145e+02 +4.240345145e+02 -5.4532e-01 -1.0747e-01 -6.8189e-01 -3.4529e-01 -5.1487e-01
2028 0 +3.293373649e+00 +4.239033736e+02 +4.239033736e+02 -5.4719e-01 -1.0694e-01 -6.8492e-01 -3.4509e-01 -5.1282e-01
2291 0 +3.210010417e+00 +4.238200104e+02 +4.238200104e+02 -5.4688e-01 -1.0699e-01 -6.8494e-01 -3.4442e-01 -5.1195e-01
2421 0 +3.129546998e+00 +4.237395470e+02 +4.237395470e+02 -5.4790e-01 -1.0660e-01 -6.8595e-01 -3.4477e-01 -5.1154e-01
2573 0 +3.088444276e+00 +4.236984443e+02 +4.236984443e+02 -5.4752e-01 -1.0689e-01 -6.8595e-01 -3.4490e-01 -5.1178e-01
3120 0 +3.016179884e+00 +4.236261799e+02 +4.236261799e+02 -5.4694e-01 -1.0679e-01 -6.8529e-01 -3.4484e-01 -5.1186e-01
% f evaluations | g evaluations | best noise-free fitness - Fopt (2.088100000000e+02) + sum g_i+ | measured fitness | best measured fitness or single-digit g-values | x1 | x2...
1 0 +1.680508391e+02 +3.768608391e+02 +3.768608391e+02 +2.2925e-01 +2.3296e-01 +1.7542e-01 +7.1735e-02 +7.6490e-02
2 0 +1.122120163e+02 +3.210220163e+02 +3.210220163e+02 -2.1279e-01 -4.6786e-01 +5.2492e-02 +3.8647e-02 -3.0269e-01
3 0 +9.086468770e+01 +2.996746877e+02 +2.996746877e+02 +3.1475e-03 -2.6063e-01 -6.5219e-02 -1.4278e-01 +4.7433e-01
21 0 +5.513982519e+01 +2.639498252e+02 +2.639498252e+02 +3.1475e-03 +4.1672e-01 -6.5219e-02 +4.2098e-02 +4.7433e-01
43 0 +3.619000085e+01 +2.450000008e+02 +2.450000008e+02 -3.4595e-01 +7.0753e-03 -6.7268e-02 -4.2489e-02 +2.9453e-01
48 0 +2.920826602e+01 +2.380182660e+02 +2.380182660e+02 -1.1998e-01 -1.2867e-01 -4.2435e-01 -2.0806e-01 +8.0193e-03
72 0 +2.642578821e+01 +2.352357882e+02 +2.352357882e+02 -1.2109e-01 -1.2962e-01 -4.2710e-01 -2.0891e-01 +7.4735e-03
77 0 +2.193811311e+01 +2.307481131e+02 +2.307481131e+02 -3.0361e-01 -5.9475e-02 -3.2002e-01 -3.1869e-02 +3.3354e-01
97 0 +2.156148971e+01 +2.303714897e+02 +2.303714897e+02 -1.1627e-01 -5.1935e-02 -2.8361e-01 -3.3488e-01 +1.1904e-01
104 0 +1.939304049e+01 +2.282030405e+02 +2.282030405e+02 -3.5785e-01 -5.8681e-02 -3.0380e-01 -6.2020e-03 +3.0761e-01
269 0 +1.703226412e+01 +2.258422641e+02 +2.258422641e+02 -3.9136e-01 -2.5169e-02 -2.5421e-01 -9.1157e-03 +2.6371e-01
303 0 +1.633909710e+01 +2.251490971e+02 +2.251490971e+02 -1.8894e-01 +1.0157e-01 -4.0959e-01 -1.6117e-01 +2.1616e-01
399 0 +1.150783393e+01 +2.203178339e+02 +2.203178339e+02 -1.4107e-01 +1.5017e-01 -4.2458e-01 -1.4297e-01 +2.0352e-01
458 0 +1.057859450e+01 +2.193885945e+02 +2.193885945e+02 -1.1024e-01 +2.2641e-01 -4.1425e-01 -1.8903e-01 +2.3601e-01
646 0 +9.038271245e+00 +2.178482712e+02 +2.178482712e+02 +3.8733e-02 +3.4053e-01 -4.5138e-01 -2.8831e-01 +1.8752e-01
879 0 +8.366382146e+00 +2.171763821e+02 +2.171763821e+02 +6.0856e-02 +4.0752e-01 -4.2151e-01 -2.9291e-01 +2.5815e-01
968 0 +7.607979385e+00 +2.164179794e+02 +2.164179794e+02 +4.4928e-02 +4.6058e-01 -4.3595e-01 -2.8820e-01 +2.7442e-01
1081 0 +6.534897782e+00 +2.153448978e+02 +2.153448978e+02 +3.3737e-02 +4.1827e-01 -4.3093e-01 -3.2774e-01 +2.4241e-01
1395 0 +6.002762814e+00 +2.148127628e+02 +2.148127628e+02 +5.3289e-02 +3.9499e-01 -4.4919e-01 -3.1692e-01 +2.5246e-01
1418 0 +5.881453377e+00 +2.146914534e+02 +2.146914534e+02 +5.0479e-02 +4.0428e-01 -4.3856e-01 -3.3268e-01 +2.5443e-01
1569 0 +5.513109448e+00 +2.143231094e+02 +2.143231094e+02 +4.9372e-02 +4.0005e-01 -4.3448e-01 -3.3311e-01 +2.5729e-01
1612 0 +5.400067187e+00 +2.142100672e+02 +2.142100672e+02 +4.8573e-02 +4.0331e-01 -4.3449e-01 -3.3289e-01 +2.5861e-01
1673 0 +5.256823291e+00 +2.140668233e+02 +2.140668233e+02 +5.0995e-02 +4.0173e-01 -4.3822e-01 -3.3086e-01 +2.5438e-01
2873 0 +5.234012673e+00 +2.140440127e+02 +2.140440127e+02 +5.2946e-02 +3.9216e-01 -4.4255e-01 -3.2776e-01 +2.4910e-01
3568 0 +5.124122860e+00 +2.139341229e+02 +2.139341229e+02 +5.3057e-02 +3.9241e-01 -4.4246e-01 -3.2785e-01 +2.4924e-01
% f evaluations | g evaluations | best noise-free fitness - Fopt (-1.310000000000e+01) + sum g_i+ | measured fitness | best measured fitness or single-digit g-values | x1 | x2...
1 0 +5.041734291e+01 +3.731734291e+01 +3.731734291e+01 +1.6581e-02 +1.8582e-01 +8.9508e-02 -2.4037e-01 +4.1335e-02
2 0 +4.915938914e+01 +3.605938914e+01 +3.605938914e+01 +4.0663e-01 +5.9171e-02 +2.8859e-01 -1.9411e-01 -8.5309e-02
3 0 +4.582514038e+01 +3.272514038e+01 +3.272514038e+01 -3.5845e-02 -3.6503e-01 -2.3291e-02 -3.1162e-02 +1.1876e-01
5 0 +3.441809005e+01 +2.131809005e+01 +2.131809005e+01 +1.3784e-01 +5.3966e-02 +8.4697e-02 +1.0902e-01 +2.1002e-01
6 0 +2.679386026e+01 +1.369386026e+01 +1.369386026e+01 +1.0118e-01 +4.1114e-01 +2.5349e-01 -1.7944e-01 +3.2009e-01
7 0 +2.052302073e+01 +7.423020729e+00 +7.423020729e+00 -6.4266e-02 -1.8712e-01 +1.5062e-01 -2.0602e-03 +3.9319e-01
53 0 +1.962214772e+01 +6.522147715e+00 +6.522147715e+00 -4.2625e-01 +1.6277e-01 +3.8749e-01 -2.0200e-01 +4.1061e-01
57 0 +1.506460409e+01 +1.964604093e+00 +1.964604093e+00 -4.2934e-01 +2.1268e-01 +2.4857e-01 +6.1176e-04 +3.7712e-01
78 0 +1.283020611e+01 -2.697938941e-01 -2.697938941e-01 -2.3733e-01 +3.1159e-01 +1.4782e-01 -1.4153e-01 +4.0243e-01
379 0 +1.149259499e+01 -1.607405007e+00 -1.607405007e+00 -3.0194e-01 -8.8611e-03 +4.2674e-01 -3.3174e-01 +3.7889e-01
539 0 +8.785525560e+00 -4.314474440e+00 -4.314474440e+00 +2.1533e-01 +8.1803e-01 -3.0008e-02 +3.3548e-01 +2.2887e-01
% f evaluations | g evaluations | best noise-free fitness - Fopt (1.311800000000e+02) + sum g_i+ | measured fitness | best measured fitness or single-digit g-values | x1 | x2...
1 0 +1.740927131e+02 +3.052727131e+02 +3.052727131e+02 +6.3122e-02 -4.8680e-02 +4.0162e-02 -7.4489e-03 -2.6998e-02
2 0 +1.158182393e+02 +2.469982393e+02 +2.469982393e+02 -2.3083e-01 -1.8182e-01 -1.3687e-01 +9.0708e-02 +2.2620e-01
3 0 +6.824205619e+01 +1.994220562e+02 +1.994220562e+02 -3.3338e-01 -3.0063e-01 -1.2984e-01 +2.9200e-01 +1.4726e-01
44 0 +5.205161145e+01 +1.832316115e+02 +1.832316115e+02 +2.2151e-01 +6.6880e-02 -3.1636e-01 +2.3083e-01 -1.4579e-03
68 0 +4.978349162e+01 +1.809634916e+02 +1.809634916e+02 +1.4917e-01 +3.3728e-02 -2.8327e-01 +2.2920e-01 +2.0576e-02
80 0 +3.767616195e+01 +1.688561619e+02 +1.688561619e+02 -4.9651e-02 -5.2456e-01 -2.7925e-01 +5.0470e-01 +2.1192e-01
104 0 +2.854563968e+01 +1.597256397e+02 +1.597256397e+02 -5.7239e-02 -5.7399e-01 -2.8157e-01 +5.3674e-01 +2.3073e-01
169 0 +2.631109791e+01 +1.574910979e+02 +1.574910979e+02 +1.4690e-01 -4.4021e-01 -4.9987e-01 +3.1674e-01 +4.3914e-01
187 0 +1.311277536e+01 +1.442927754e+02 +1.442927754e+02 -1.8652e-01 -9.3438e-01 -5.9488e-01 +4.3972e-01 +3.3269e-01
223 0 +1.176987530e+01 +1.429498753e+02 +1.429498753e+02 -2.1792e-01 -7.0645e-01 -3.7552e-01 +4.4584e-02 +3.1382e-01
269 0 +1.019811178e+01 +1.413781118e+02 +1.413781118e+02 -1.9182e-01 -8.0204e-01 -4.3834e-01 +5.4477e-02 +1.5944e-01
271 0 +7.714222661e+00 +1.388942227e+02 +1.388942227e+02 -4.7751e-02 -8.0066e-01 -3.5253e-01 +3.4456e-01 +2.1781e-01
292 0 +7.043332379e+00 +1.382233324e+02 +1.382233324e+02 -1.8071e-01 -8.6604e-01 -4.6398e-01 +9.2554e-02 +2.5154e-01
349 0 +6.058519945e+00 +1.372385199e+02 +1.372385199e+02 +1.5480e-01 -1.0996e+00 -4.6324e-01 +2.5205e-01 +3.6425e-02
351 0 +3.515566389e+00 +1.346955664e+02 +1.346955664e+02 -1.7723e-01 -9.6543e-01 -4.2841e-01 +3.6345e-01 +1.7326e-01
616 0 +2.593309085e+00 +1.337733091e+02 +1.337733091e+02 -4.3654e-02 -1.0623e+00 -4.6143e-01 +2.8602e-01 -6.6826e-03
777 0 +1.695558888e+00 +1.328755589e+02 +1.328755589e+02 -2.0074e-01 -1.0328e+00 -5.4187e-01 +3.3482e-01 +7.4612e-02
803 0 +1.547247368e+00 +1.327272474e+02 +1.327272474e+02 -1.1183e-01 -1.0838e+00 -5.0484e-01 +2.3163e-01 -7.5881e-03
1004 0 +1.357925532e+00 +1.325379255e+02 +1.325379255e+02 -1.2518e-01 -1.1017e+00 -5.1137e-01 +3.3216e-01 -2.7272e-02
1071 0 +1.017958211e+00 +1.321979582e+02 +1.321979582e+02 -1.4224e-01 -1.1089e+00 -5.0036e-01 +2.7471e-01 -4.3668e-02
1098 0 +7.171691197e-01 +1.318971691e+02 +1.318971691e+02 -1.2675e-01 -1.0951e+00 -5.2190e-01 +3.0834e-01 -1.0317e-02
1411 0 +6.995623634e-01 +1.318795624e+02 +1.318795624e+02 -1.2212e-01 -1.0869e+00 -5.1892e-01 +3.0143e-01 +3.6551e-03
1421 0 +6.746022294e-01 +1.318546022e+02 +1.318546022e+02 -1.2631e-01 -1.0828e+00 -5.2063e-01 +3.1135e-01 -4.3287e-03
1609 0 +6.388015404e-01 +1.318188015e+02 +1.318188015e+02 -1.3074e-01 -1.0713e+00 -5.3245e-01 +3.0844e-01 +1.4179e-02
1871 0 +5.717224466e-01 +1.317517224e+02 +1.317517224e+02 -1.0894e-01 -1.0652e+00 -5.2252e-01 +3.1947e-01 +9.3303e-03
2665 0 +5.596276199e-01 +1.317396276e+02 +1.317396276e+02 -1.0532e-01 -1.0678e+00 -5.1939e-01 +3.1059e-01 +3.8534e-03
2800 0 +5.473731053e-01 +1.317273731e+02 +1.317273731e+02 -1.0597e-01 -1.0678e+00 -5.1942e-01 +3.1172e-01 +4.1621e-03
2864 0 +5.326989096e-01 +1.317126989e+02 +1.317126989e+02 -1.0593e-01 -1.0682e+00 -5.1896e-01 +3.1203e-01 +3.9178e-03
% f evaluations | g evaluations | best noise-free fitness - Fopt (-2.984000000000e+01) + sum g_i+ | measured fitness | best measured fitness or single-digit g-values | x1 | x2...
1 0 +6.460348022e+01 +3.476348022e+01 +3.476348022e+01 +1.7654e-01 -1.3005e-02 -5.6439e-02 +2.7264e-01 -1.1580e-01
37 0 +6.006688826e+01 +3.022688826e+01 +3.022688826e+01 -1.2948e-01 +1.0954e-01 +1.2342e-01 +7.8801e-02 -2.1243e-02
57 0 +3.558296445e+01 +5.742964451e+00 +5.742964451e+00 -1.7542e-01 +1.8016e-01 +5.2535e-02 +1.9670e-01 -6.7805e-02
108 0 +3.023086175e+01 +3.908617478e-01 +3.908617478e-01 -1.2877e-01 +2.4931e-01 -4.7217e-02 +3.0375e-01 +1.4865e-02
396 0 +2.997158502e+01 +1.315850172e-01 +1.315850172e-01 -1.4619e-01 +3.1946e-01 -5.8078e-02 +2.9901e-01 +5.4021e-02
489 0 +2.746944800e+01 -2.370552001e+00 -2.370552001e+00 -1.1708e-01 +1.8656e-01 -1.0361e-01 +1.8794e-01 -2.0057e-02
% f evaluations | g evaluations | best noise-free fitness - Fopt (-2.972800000000e+02) + sum g_i+ | measured fitness | best measured fitness or single-digit g-values | x1 | x2...
1 0 +9.291867085e+01 -2.043613292e+02 -2.043613292e+02 +2.8591e-02 -4.3322e-03 -2.4396e-02 -2.4058e-01 -3.5664e-02
2 0 +8.690819016e+01 -2.103718098e+02 -2.103718098e+02 +2.6227e-02 -2.8791e-01 -7.8372e-03 +1.2668e-01 -1.7588e-01
3 0 +6.387672272e+01 -2.334032773e+02 -2.334032773e+02 +2.8918e-01 -5.0240e-02 +1.5076e-01 +5.4316e-01 -1.9985e-01
27 0 +6.281966620e+01 -2.344603338e+02 -2.344603338e+02 +3.4079e-01 -1.3872e-01 -1.9643e-02 +2.9256e-01 -1.0877e-01
69 0 +4.785680531e+01 -2.494231947e+02 -2.494231947e+02 +2.1690e-01 -1.1691e-01 -2.1949e-01 +2.0789e-01 +6.9959e-02
123 0 +4.160877313e+01 -2.556712269e+02 -2.556712269e+02 +4.0956e-01 -5.7576e-02 +2.4519e-02 +9.8037e-02 +5.6445e-02
125 0 +3.860868043e+01 -2.586713196e+02 -2.586713196e+02 +1.7922e-01 -2.3677e-01 -1.3689e-01 +4.3322e-01 +1.8431e-02
165 0 +3.083889844e+01 -2.664411016e+02 -2.664411016e+02 -6.9344e-02 -8.5226e-02 -4.2576e-01 +3.7220e-01 +2.1628e-01
283 0 +2.503688259e+01 -2.722431174e+02 -2.722431174e+02 +8.7568e-02 -1.5369e-02 -4.2852e-01 +3.9925e-01 +4.5143e-02
445 0 +2.379108147e+01 -2.734889185e+02 -2.734889185e+02 +3.0978e-01 -3.0992e-02 -1.9654e-01 +3.4235e-01 +1.3711e-01
% f evaluations | g evaluations | best noise-free fitness - Fopt (6.878000000000e+01) + sum g_i+ | measured fitness | best measured fitness or single-digit g-values | x1 | x2...
1 0 +9.848025994e+01 +1.672602599e+02 +1.672602599e+02 +1.2270e-01 +2.5567e-01 +1.0269e-01 +3.4183e-01 -1.5835e-01
4 0 +7.377950923e+01 +1.425595092e+02 +1.425595092e+02 -5.0735e-02 -3.3438e-01 +5.2843e-01 +1.0938e-02 +3.3638e-01
7 0 +6.668244811e+01 +1.354624481e+02 +1.354624481e+02 +1.9238e-01 -2.2601e-01 -1.9904e-01 +3.0080e-01 +2.6558e-01
36 0 +5.552690480e+01 +1.243069048e+02 +1.243069048e+02 +2.3893e-03 -2.7883e-01 +3.5269e-01 +8.4177e-02 +2.9332e-01
73 0 +3.531979337e+01 +1.040997934e+02 +1.040997934e+02 +1.2915e-01 -2.6031e-01 +4.3910e-01 +3.2415e-03 +4.7305e-01
159 0 +2.939496900e+01 +9.817496900e+01 +9.817496900e+01 +2.1364e-01 -4.2361e-02 +7.7890e-01 -1.8009e-01 +8.4413e-01
202 0 +2.745092909e+01 +9.623092909e+01 +9.623092909e+01 -2.8517e-02 -5.3411e-01 +5.1681e-01 -4.2178e-01 +9.6347e-01
204 0 +2.291406193e+01 +9.169406193e+01 +9.169406193e+01 +1.1184e-01 +1.4724e-01 +7.6203e-01 -6.6652e-01 +7.8547e-01
211 0 +1.935273056e+01 +8.813273056e+01 +8.813273056e+01 +2.0015e-01 -3.3647e-02 +7.0672e-01 -4.2178e-01 +9.6347e-01
235 0 +1.496786819e+01 +8.374786819e+01 +8.374786819e+01 +3.9956e-01 -8.8634e-02 +8.4145e-01 -6.7019e-01 +1.1711e+00
236 0 +1.471101676e+01 +8.349101676e+01 +8.349101676e+01 -6.4587e-02 +8.4853e-02 +5.8696e-01 -7.6725e-01 +1.1615e+00
247 0 +9.215647945e+00 +7.799564795e+01 +7.799564795e+01 -6.4587e-02 +8.4853e-02 +5.8696e-01 -4.1662e-01 +1.1615e+00
281 0 +6.704768155e+00 +7.548476815e+01 +7.548476815e+01 -7.0117e-02 +3.5586e-01 +8.3280e-01 -4.5605e-01 +1.2582e+00
335 0 +5.436769915e+00 +7.421676991e+01 +7.421676991e+01 -3.1708e-01 +4.2757e-01 +4.3691e-01 -1.0593e+00 +1.4281e+00
345 0 +4.253492755e+00 +7.303349275e+01 +7.303349275e+01 -2.5808e-01 +5.0775e-01 +1.5964e-01 -1.0015e+00 +1.1310e+00
360 0 +3.773151497e+00 +7.255315150e+01 +7.255315150e+01 -4.0450e-01 +4.0891e-01 +2.4101e-01 -9.5711e-01 +1.3034e+00
677 0 +3.380744670e+00 +7.216074467e+01 +7.216074467e+01 -5.1164e-01 +5.5678e-01 +4.2184e-01 -1.0208e+00 +1.3145e+00
689 0 +2.973929887e+00 +7.175392989e+01 +7.175392989e+01 -2.6128e-01 +4.2367e-01 +3.2230e-01 -8.6887e-01 +1.1937e+00
815 0 +1.412570221e+00 +7.019257022e+01 +7.019257022e+01 -4.9070e-01 +4.1057e-01 +1.1366e-01 -9.9360e-01 +1.2105e+00
1768 0 +1.376445101e+00 +7.015644510e+01 +7.015644510e+01 -5.6824e-01 +3.9677e-01 +2.0740e-02 -1.0399e+00 +1.1881e+00
1775 0 +1.304266111e+00 +7.008426611e+01 +7.008426611e+01 -5.4941e-01 +4.0431e-01 +3.1832e-02 -1.0414e+00 +1.1943e+00
1801 0 +1.288154940e+00 +7.006815494e+01 +7.006815494e+01 -5.7649e-01 +3.8673e-01 +2.0646e-02 -1.0395e+00 +1.2057e+00
1825 0 +1.206457413e+00 +6.998645741e+01 +6.998645741e+01 -5.6729e-01 +3.9691e-01 +2.6841e-02 -1.0442e+00 +1.2027e+00
2159 0 +1.173077807e+00 +6.995307781e+01 +6.995307781e+01 -5.7982e-01 +4.1425e-01 +3.9808e-02 -1.0742e+00 +1.2197e+00
2229 0 +1.128738569e+00 +6.990873857e+01 +6.990873857e+01 -5.8885e-01 +4.1346e-01 +1.9923e-02 -1.0969e+00 +1.2263e+00
2283 0 +1.082931847e+00 +6.986293185e+01 +6.986293185e+01 -5.8049e-01 +4.1097e-01 +2.6506e-02 -1.0781e+00 +1.2173e+00
2377 0 +9.917270405e-01 +6.977172704e+01 +6.977172704e+01 -5.8615e-01 +4.0057e-01 +1.9052e-03 -1.0682e+00 +1.2090e+00
2415 0 +9.681320580e-01 +6.974813206e+01 +6.974813206e+01 -5.8549e-01 +4.0547e-01 +1.1747e-02 -1.0741e+00 +1.2120e+00
2523 0 +9.472136389e-01 +6.972721364e+01 +6.972721364e+01 -5.8630e-01 +4.0539e-01 +1.2079e-02 -1.0746e+00 +1.2127e+00
2537 0 +9.302229505e-01 +6.971022295e+01 +6.971022295e+01 -5.8526e-01 +4.0562e-01 +1.3337e-02 -1.0739e+00 +1.2117e+00
2601 0 +8.506099685e-01 +6.963060997e+01 +6.963060997e+01 -5.8797e-01 +4.0380e-01 +8.2939e-03 -1.0742e+00 +1.2119e+00
2882 0 +8.169234535e-01 +6.959692345e+01 +6.959692345e+01 -5.9297e-01 +3.9951e-01 +7.7805e-04 -1.0711e+00 +1.2136e+00
3001 0 +7.841650120e-01 +6.956416501e+01 +6.956416501e+01 -5.8969e-01 +3.9834e-01 -9.6139e-05 -1.0694e+00 +1.2110e+00
3120 0 +7.674447135e-01 +6.954744471e+01 +6.954744471e+01 -5.9024e-01 +3.9775e-01 -1.6879e-03 -1.0690e+00 +1.2095e+00
3151 0 +7.494460432e-01 +6.952944604e+01 +6.952944604e+01 -5.8976e-01 +3.9738e-01 -3.2049e-04 -1.0668e+00 +1.2103e+00
3247 0 +7.357858617e-01 +6.951578586e+01 +6.951578586e+01 -5.8764e-01 +3.9681e-01 -5.7643e-04 -1.0661e+00 +1.2083e+00
3343 0 +7.185110994e-01 +6.949851110e+01 +6.949851110e+01 -5.8786e-01 +3.9700e-01 +1.2430e-04 -1.0660e+00 +1.2085e+00
3443 0 +7.070753013e-01 +6.948707530e+01 +6.948707530e+01 -5.8688e-01 +3.9701e-01 +3.2971e-04 -1.0653e+00 +1.2081e+00
3568 0 +6.902103624e-01 +6.947021036e+01 +6.947021036e+01 -5.8691e-01 +3.9747e-01 +7.9755e-04 -1.0660e+00 +1.2081e+00
4045 0 +6.728701545e-01 +6.945287015e+01 +6.945287015e+01 -5.8703e-01 +3.9753e-01 +1.0545e-03 -1.0657e+00 +1.2083e+00
% f evaluations | g evaluations | best noise-free fitness - Fopt (-8.021800000000e+02) + sum g_i+ | measured fitness | best measured fitness or single-digit g-values | x1 | x2...
1 0 +7.297062682e+01 -7.292093732e+02 -7.292093732e+02 +2.2271e-03 -1.3816e-01 +4.9223e-02 -1.9471e-02 -1.5129e-01
2 0 +5.730993247e+01 -7.448700675e+02 -7.448700675e+02 -4.6646e-01 +3.5378e-02 -3.7074e-02 -2.7362e-01 +1.0785e-02
18 0 +2.618699065e+01 -7.759930094e+02 -7.759930094e+02 +1.7852e-01 +1.5843e-01 +4.6476e-01 +2.6428e-01 -1.0293e-02
45 0 +2.506651369e+01 -7.771134863e+02 -7.771134863e+02 +4.1426e-02 -2.9981e-01 +1.4105e-01 +2.0462e-01 -1.2529e-02
96 0 +2.390875709e+01 -7.782712429e+02 -7.782712429e+02 +1.0027e-01 -2.8868e-06 +2.3863e-01 +3.4428e-01 +1.0885e-01
122 0 +2.105391563e+01 -7.811260844e+02 -7.811260844e+02 +1.0718e-01 -9.2232e-02 +4.8473e-01 -7.3099e-04 +3.4762e-02
175 0 +1.970285790e+01 -7.824771421e+02 -7.824771421e+02 -1.9366e-01 +3.9754e-01 +3.2099e-01 -5.5194e-01 +1.9059e-02
206 0 +1.891896817e+01 -7.832610318e+02 -7.832610318e+02 +1.0476e-01 +2.2979e-01 +3.1087e-01 -7.3500e-01 -2.4376e-01
228 0 +1.752394835e+01 -7.846560516e+02 -7.846560516e+02 -1.2862e-01 -3.1823e-02 +3.0052e-01 +2.7173e-01 -2.6048e-01
443 0 +1.483140921e+01 -7.873485908e+02 -7.873485908e+02 -3.0254e-01 -2.4006e-01 +1.8219e-01 +2.7645e-01 -1.1362e-01
% f evaluations | g evaluations | best noise-free fitness - Fopt (1.611200000000e+02) + sum g_i+ | measured fitness | best measured fitness or single-digit g-values | x1 | x2...
1 0 +7.159433452e+01 +2.327143345e+02 +2.327143345e+02 +3.9029e-02 -8.9062e-02 +1.0314e-01 -3.2647e-01 -3.0414e-01
6 0 +5.344273933e+01 +2.145627393e+02 +2.145627393e+02 -2.9587e-01 -2.2301e-01 -1.1511e-01 -3.3175e-02 +3.6717e-01
45 0 +4.273122826e+01 +2.038512283e+02 +2.038512283e+02 -2.3894e-01 -1.6425e-01 +8.8585e-02 -2.3566e-01 +3.8337e-02
81 0 +4.014709006e+01 +2.012670901e+02 +2.012670901e+02 -4.2366e-01 -2.6003e-02 -1.9930e-01 -1.8478e-01 -2.8494e-02
113 0 +3.646837306e+01 +1.975883731e+02 +1.975883731e+02 -2.4835e-01 -3.6806e-01 -1.3659e-01 -1.2367e-01 +1.5716e-01
123 0 +2.972796577e+01 +1.908479658e+02 +1.908479658e+02 -2.8037e-01 -2.1982e-01 +1.4682e-01 -1.4100e-01 +6.7190e-02
169 0 +1.908167777e+01 +1.802016778e+02 +1.802016778e+02 -3.3664e-01 -2.1958e-01 +2.3219e-01 -8.5696e-02 -1.2580e-01
264 0 +1.432343867e+01 +1.754434387e+02 +1.754434387e+02 -3.2062e-01 -2.9176e-01 +1.8743e-01 -1.7487e-01 -2.9075e-01
649 0 +1.122707916e+01 +1.723470792e+02 +1.723470792e+02 -4.3546e-01 -1.4979e-01 +3.5833e-01 -4.9676e-01 -1.0559e+00
661 0 +6.320673256e+00 +1.674406733e+02 +1.674406733e+02 -3.9088e-01 -1.9896e-01 +1.8350e-01 -5.8847e-01 -9.8661e-01
1136 0 +5.669328064e+00 +1.667893281e+02 +1.667893281e+02 -4.5230e-01 -2.6694e-01 +4.6348e-01 -8.6900e-01 -1.1873e+00
1193 0 +5.282649788e+00 +1.664026498e+02 +1.664026498e+02 -4.6910e-01 -2.6405e-01 +5.0435e-01 -8.6823e-01 -1.2391e+00
1231 0 +5.104586132e+00 +1.662245861e+02 +1.662245861e+02 -4.6769e-01 -2.4710e-01 +4.6099e-01 -8.7037e-01 -1.2696e+00
1351 0 +4.990971026e+00 +1.661109710e+02 +1.661109710e+02 -4.8355e-01 -2.4876e-01 +4.5299e-01 -8.1643e-01 -1.2121e+00
1420 0 +4.714803875e+00 +1.658348039e+02 +1.658348039e+02 -4.7840e-01 -2.3761e-01 +4.4581e-01 -8.2014e-01 -1.2235e+00
1567 0 +4.281337274e+00 +1.654013373e+02 +1.654013373e+02 -4.8129e-01 -2.3321e-01 +4.3313e-01 -8.2988e-01 -1.2316e+00
1670 0 +4.242330030e+00 +1.653623300e+02 +1.653623300e+02 -4.8180e-01 -2.3299e-01 +4.2870e-01 -8.4525e-01 -1.2374e+00
1715 0 +4.110804958e+00 +1.652308050e+02 +1.652308050e+02 -4.8025e-01 -2.3003e-01 +4.2699e-01 -8.4350e-01 -1.2226e+00
1817 0 +3.998996427e+00 +1.651189964e+02 +1.651189964e+02 -4.8396e-01 -2.3615e-01 +4.3562e-01 -8.3410e-01 -1.2315e+00
1897 0 +3.966601909e+00 +1.650866019e+02 +1.650866019e+02 -4.7755e-01 -2.3262e-01 +4.2983e-01 -8.3373e-01 -1.2405e+00
1977 0 +3.842923244e+00 +1.649629232e+02 +1.649629232e+02 -4.8052e-01 -2.2950e-01 +4.2163e-01 -8.3791e-01 -1.2253e+00
1989 0 +3.730729163e+00 +1.648507292e+02 +1.648507292e+02 -4.8098e-01 -2.3174e-01 +4.2473e-01 -8.3759e-01 -1.2281e+00
2099 0 +3.592471141e+00 +1.647124711e+02 +1.647124711e+02 -4.8268e-01 -2.3205e-01 +4.2546e-01 -8.3668e-01 -1.2233e+00
2317 0 +3.520366756e+00 +1.646403668e+02 +1.646403668e+02 -4.8245e-01 -2.3244e-01 +4.2570e-01 -8.3689e-01 -1.2245e+00
2371 0 +3.460276205e+00 +1.645802762e+02 +1.645802762e+02 -4.8255e-01 -2.3218e-01 +4.2488e-01 -8.3789e-01 -1.2258e+00
3014 0 +3.387584133e+00 +1.645075841e+02 +1.645075841e+02 -4.8259e-01 -2.3233e-01 +4.2516e-01 -8.3788e-01 -1.2260e+00
