% f evaluations | g evaluations | best noise-free fitness - Fopt (-1.694000000000e+01) + sum g_i+ | measured fitness | best measured fitness or single-digit g-values | x1 | x2...
1 0 +4.635160416e+02 +4.465760416e+02 +4.465760416e+02 -1.8627e+00 +4.4702e+00 -3.4736e+00
2 0 +8.702861050e+01 +7.008861050e+01 +7.008861050e+01 +4.3409e+00 -4.0071e+00 -2.0636e+00
6 0 +5.209266875e+01 +3.515266875e+01 +3.515266875e+01 +2.5072e+00 -2.6486e-01 -3.0770e+00
71 0 +2.494656937e+01 +8.006569372e+00 +8.006569372e+00 +5.0000e+00 -2.6486e-01 -3.0770e+00
149 0 +2.450409596e+01 +7.564095962e+00 +7.564095962e+00 +3.6449e+00 +4.3048e+00 -6.8150e-01
251 0 +1.633747806e+01 -6.025219390e-01 -6.025219390e-01 +4.5884e+00 +5.0000e+00 -1.5872e+00
293 0 +4.719482688e+00 -1.222051731e+01 -1.222051731e+01 +3.7240e+00 +1.6974e+00 -1.6221e+00
613 0 +2.492707889e+00 -1.444729211e+01 -1.444729211e+01 +3.7240e+00 +2.9894e+00 -1.6221e+00
1523 0 +1.919911710e+00 -1.502008829e+01 -1.502008829e+01 +4.4285e+00 +3.4332e+00 -2.3004e+00
1569 0 +1.765435906e+00 -1.517456409e+01 -1.517456409e+01 +3.5796e+00 +2.2992e+00 -1.3752e+00
1893 0 +1.117438292e+00 -1.582256171e+01 -1.582256171e+01 +3.7240e+00 +2.6056e+00 -1.6221e+00
2093 0 +2.917570878e-01 -1.664824291e+01 -1.664824291e+01 +3.7240e+00 +2.6056e+00 -1.5980e+00
3507 0 +2.502676366e-01 -1.668973236e+01 -1.668973236e+01 +3.1789e+00 +2.0559e+00 -1.1066e+00
5165 0 +1.945100965e-01 -1.674548990e+01 -1.674548990e+01 +3.5977e+00 +2.4743e+00 -1.4707e+00
5925 0 +8.542502942e-02 -1.685457497e+01 -1.685457497e+01 +3.5946e+00 +2.4743e+00 -1.4707e+00
8581 0 +8.363214842e-02 -1.685636785e+01 -1.685636785e+01 +3.6691e+00 +2.5670e+00 -1.5351e+00
8593 0 +5.501248670e-02 -1.688498751e+01 -1.688498751e+01 +3.6487e+00 +2.5495e+00 -1.5212e+00
9375 0 +2.604616101e-02 -1.691395384e+01 -1.691395384e+01 +3.6478e+00 +2.5427e+00 -1.5227e+00
11073 0 +2.527511647e-02 -1.691472488e+01 -1.691472488e+01 +3.6560e+00 +2.5480e+00 -1.5271e+00
11695 0 +2.087498286e-02 -1.691912502e+01 -1.691912502e+01 +3.6527e+00 +2.5447e+00 -1.5270e+00
12167 0 +1.503093505e-02 -1.692496906e+01 -1.692496906e+01 +3.6466e+00 +2.5369e+00 -1.5209e+00
13873 0 +1.367308145e-02 -1.692632692e+01 -1.692632692e+01 +3.6537e+00 +2.5463e+00 -1.5271e+00
14043 0 +1.016742176e-02 -1.692983258e+01 -1.692983258e+01 +3.6562e+00 +2.5480e+00 -1.5297e+00
14141 0 +7.984846853e-03 -1.693201515e+01 -1.693201515e+01 +3.6534e+00 +2.5484e+00 -1.5271e+00
15735 0 +7.929627464e-03 -1.693207037e+01 -1.693207037e+01 +3.6531e+00 +2.5447e+00 -1.5265e+00
15807 0 +7.083981201e-03 -1.693291602e+01 -1.693291602e+01 +3.6587e+00 +2.5538e+00 -1.5323e+00
16621 0 +5.349615973e-03 -1.693465038e+01 -1.693465038e+01 +3.6556e+00 +2.5484e+00 -1.5293e+00
16733 0 +5.226627300e-03 -1.693477337e+01 -1.693477337e+01 +3.6556e+00 +2.5482e+00 -1.5289e+00
16907 0 +3.329987786e-03 -1.693667001e+01 -1.693667001e+01 +3.6560e+00 +2.5489e+00 -1.5296e+00
17677 0 +3.037473151e-03 -1.693696253e+01 -1.693696253e+01 +3.6542e+00 +2.5475e+00 -1.5280e+00
18789 0 +1.948878672e-03 -1.693805112e+01 -1.693805112e+01 +3.6544e+00 +2.5475e+00 -1.5281e+00
18827 0 +1.114416632e-03 -1.693888558e+01 -1.693888558e+01 +3.6560e+00 +2.5494e+00 -1.5296e+00
21803 0 +1.096174545e-03 -1.693890383e+01 -1.693890383e+01 +3.6554e+00 +2.5489e+00 -1.5290e+00
21937 0 +1.017702072e-03 -1.693898230e+01 -1.693898230e+01 +3.6564e+00 +2.5502e+00 -1.5300e+00
22223 0 +9.802305016e-04 -1.693901977e+01 -1.693901977e+01 +3.6560e+00 +2.5495e+00 -1.5296e+00
22291 0 +9.210331610e-04 -1.693907897e+01 -1.693907897e+01 +3.6558e+00 +2.5495e+00 -1.5295e+00
22377 0 +5.553189332e-04 -1.693944468e+01 -1.693944468e+01 +3.6560e+00 +2.5496e+00 -1.5296e+00
23977 0 +2.572612859e-04 -1.693974274e+01 -1.693974274e+01 +3.6560e+00 +2.5496e+00 -1.5296e+00
27115 0 +2.523374875e-04 -1.693974766e+01 -1.693974766e+01 +3.6560e+00 +2.5496e+00 -1.5296e+00
27249 0 +2.428136066e-04 -1.693975719e+01 -1.693975719e+01 +3.6560e+00 +2.5496e+00 -1.5296e+00
27333 0 +2.387023431e-04 -1.693976130e+01 -1.693976130e+01 +3.6560e+00 +2.5496e+00 -1.5296e+00
27409 0 +4.677852622e-05 -1.693995322e+01 -1.693995322e+01 +3.6560e+00 +2.5496e+00 -1.5296e+00
28345 0 +3.394677109e-05 -1.693996605e+01 -1.693996605e+01 +3.6560e+00 +2.5496e+00 -1.5296e+00
29255 0 +3.126115120e-05 -1.693996874e+01 -1.693996874e+01 +3.6560e+00 +2.5496e+00 -1.5296e+00
30227 0 +3.011000141e-05 -1.693996989e+01 -1.693996989e+01 +3.6560e+00 +2.5496e+00 -1.5296e+00
30843 0 +2.947950881e-05 -1.693997052e+01 -1.693997052e+01 +3.6560e+00 +2.5496e+00 -1.5296e+00
31103 0 +1.699204862e-05 -1.693998301e+01 -1.693998301e+01 +3.6560e+00 +2.5496e+00 -1.5296e+00
31461 0 +7.380446842e-06 -1.693999262e+01 -1.693999262e+01 +3.6560e+00 +2.5496e+00 -1.5296e+00
32783 0 +3.270145221e-06 -1.693999673e+01 -1.693999673e+01 +3.6560e+00 +2.5496e+00 -1.5296e+00
34823 0 +2.116256336e-06 -1.693999788e+01 -1.693999788e+01 +3.6560e+00 +2.5496e+00 -1.5296e+00
35723 0 +1.237047758e-06 -1.693999876e+01 -1.693999876e+01 +3.6560e+00 +2.5496e+00 -1.5296e+00
36403 0 +6.157221364e-07 -1.693999938e+01 -1.693999938e+01 +3.6560e+00 +2.5496e+00 -1.5296e+00
39851 0 +5.835448071e-07 -1.693999942e+01 -1.693999942e+01 +3.6560e+00 +2.5496e+00 -1.5296e+00
% f evaluations | g evaluations | best noise-free fitness - Fopt (1.881000000000e+01) + sum g_i+ | measured fitness | best measured fitness or single-digit g-values | x1 | x2...
1 0 +1.304529064e+02 +1.492629064e+02 +1.492629064e+02 +4.5518e+00 +2.3715e+00 -9.3974e-01
4 0 +1.274894309e+02 +1.462994309e+02 +1.462994309e+02 -3.6186e+00 +4.5166e+00 -8.0515e-01
7 0 +2.707299665e+01 +4.588299665e+01 +4.588299665e+01 -1.4536e+00 +2.0523e+00 -1.3559e+00
143 0 +2.628242105e+01 +4.509242105e+01 +4.509242105e+01 +5.0000e+00 +3.4611e+00 -5.0000e+00
151 0 +2.335070140e+01 +4.216070140e+01 +4.216070140e+01 +1.4408e+00 +6.3698e-01 -1.5859e+00
167 0 +1.474385931e+01 +3.355385931e+01 +3.355385931e+01 +1.4183e+00 +1.7860e+00 -1.8893e+00
177 0 +4.819855361e+00 +2.362985536e+01 +2.362985536e+01 +2.8010e-02 +1.7339e+00 -5.8564e-01
335 0 +4.375727907e+00 +2.318572791e+01 +2.318572791e+01 +6.8347e-03 +1.7434e+00 -1.2606e+00
697 0 +2.720108877e+00 +2.153010888e+01 +2.153010888e+01 -2.0046e-01 +1.7339e+00 -5.8564e-01
1035 0 +2.277781250e+00 +2.108778125e+01 +2.108778125e+01 +3.2891e-02 +1.7149e+00 -8.3438e-01
1757 0 +1.946910803e+00 +2.075691080e+01 +2.075691080e+01 -6.5254e-01 +1.7379e+00 -3.7555e-01
2121 0 +9.473991646e-01 +1.975739916e+01 +1.975739916e+01 -5.4317e-01 +1.5508e+00 -5.5261e-01
2627 0 +5.113723797e-01 +1.932137238e+01 +1.932137238e+01 -1.5492e-01 +1.8267e+00 -8.5144e-01
3699 0 +4.775826287e-01 +1.928758263e+01 +1.928758263e+01 -3.1946e-01 +1.6568e+00 -7.2921e-01
3821 0 +2.821334157e-01 +1.909213342e+01 +1.909213342e+01 -8.6082e-02 +1.8608e+00 -8.7951e-01
3959 0 +2.650673160e-01 +1.907506732e+01 +1.907506732e+01 -1.9490e-01 +1.8076e+00 -7.9823e-01
4345 0 +1.633727942e-01 +1.897337279e+01 +1.897337279e+01 -1.3694e-01 +1.8276e+00 -8.5170e-01
4445 0 +1.086638161e-01 +1.891866382e+01 +1.891866382e+01 -2.1681e-01 +1.7754e+00 -7.9933e-01
6045 0 +8.796476538e-02 +1.889796477e+01 +1.889796477e+01 -2.1681e-01 +1.7780e+00 -7.9933e-01
8251 0 +6.213909780e-02 +1.887213910e+01 +1.887213910e+01 -2.2309e-01 +1.7655e+00 -7.9680e-01
8797 0 +4.683606369e-02 +1.885683606e+01 +1.885683606e+01 -1.5241e-01 +1.8077e+00 -8.4478e-01
9621 0 +1.663335073e-02 +1.882663335e+01 +1.882663335e+01 -1.9338e-01 +1.7801e+00 -8.2131e-01
9661 0 +1.171270827e-02 +1.882171271e+01 +1.882171271e+01 -1.9174e-01 +1.7801e+00 -8.2131e-01
14123 0 +6.194633749e-03 +1.881619463e+01 +1.881619463e+01 -1.9152e-01 +1.7812e+00 -8.2186e-01
17841 0 +4.051889054e-03 +1.881405189e+01 +1.881405189e+01 -1.8976e-01 +1.7816e+00 -8.2329e-01
18457 0 +2.320370742e-03 +1.881232037e+01 +1.881232037e+01 -1.9353e-01 +1.7793e+00 -8.2072e-01
19353 0 +1.287806228e-03 +1.881128781e+01 +1.881128781e+01 -1.9081e-01 +1.7809e+00 -8.2262e-01
21753 0 +1.070692849e-03 +1.881107069e+01 +1.881107069e+01 -1.9081e-01 +1.7809e+00 -8.2268e-01
22333 0 +8.033594009e-04 +1.881080336e+01 +1.881080336e+01 -1.9213e-01 +1.7803e+00 -8.2175e-01
23863 0 +7.260832426e-04 +1.881072608e+01 +1.881072608e+01 -1.9152e-01 +1.7806e+00 -8.2218e-01
24743 0 +3.348055964e-04 +1.881033481e+01 +1.881033481e+01 -1.9139e-01 +1.7807e+00 -8.2226e-01
24853 0 +2.395759959e-04 +1.881023958e+01 +1.881023958e+01 -1.9136e-01 +1.7807e+00 -8.2229e-01
26715 0 +2.328148240e-04 +1.881023281e+01 +1.881023281e+01 -1.9118e-01 +1.7809e+00 -8.2241e-01
26771 0 +9.934349870e-05 +1.881009934e+01 +1.881009934e+01 -1.9125e-01 +1.7808e+00 -8.2237e-01
27771 0 +6.970233672e-05 +1.881006970e+01 +1.881006970e+01 -1.9125e-01 +1.7808e+00 -8.2237e-01
31507 0 +5.215785734e-05 +1.881005216e+01 +1.881005216e+01 -1.9119e-01 +1.7808e+00 -8.2241e-01
31719 0 +2.917448121e-05 +1.881002917e+01 +1.881002917e+01 -1.9121e-01 +1.7808e+00 -8.2239e-01
33845 0 +1.114277324e-05 +1.881001114e+01 +1.881001114e+01 -1.9120e-01 +1.7808e+00 -8.2240e-01
35383 0 +7.126455600e-06 +1.881000713e+01 +1.881000713e+01 -1.9120e-01 +1.7808e+00 -8.2240e-01
35783 0 +5.966845109e-06 +1.881000597e+01 +1.881000597e+01 -1.9120e-01 +1.7808e+00 -8.2240e-01
36725 0 +2.290396427e-06 +1.881000229e+01 +1.881000229e+01 -1.9120e-01 +1.7808e+00 -8.2240e-01
36835 0 +1.889802622e-06 +1.881000189e+01 +1.881000189e+01 -1.9120e-01 +1.7808e+00 -8.2240e-01
38481 0 +1.728702753e-06 +1.881000173e+01 +1.881000173e+01 -1.9120e-01 +1.7808e+00 -8.2240e-01
38513 0 +1.552906816e-06 +1.881000155e+01 +1.881000155e+01 -1.9120e-01 +1.7808e+00 -8.2240e-01
38701 0 +1.214219086e-06 +1.881000121e+01 +1.881000121e+01 -1.9120e-01 +1.7808e+00 -8.2240e-01
38793 0 +6.602807296e-07 +1.881000066e+01 +1.881000066e+01 -1.9120e-01 +1.7808e+00 -8.2240e-01
% f evaluations | g evaluations | best noise-free fitness - Fopt (2.731500000000e+02) + sum g_i+ | measured fitness | best measured fitness or single-digit g-values | x1 | x2...
1 0 +4.057807448e+01 +3.137280745e+02 +3.137280745e+02 -2.1649e+00 +4.8326e+00 -2.1883e+00
9 0 +3.204302138e+01 +3.051930214e+02 +3.051930214e+02 -4.6115e+00 +1.8776e+00 -2.3070e+00
41 0 +1.601459129e+01 +2.891645913e+02 +2.891645913e+02 -4.8955e+00 +2.4068e+00 -4.3462e-01
161 0 +1.146270877e+01 +2.846127088e+02 +2.846127088e+02 -4.8955e+00 +2.0533e+00 -4.3462e-01
247 0 +1.113373311e+01 +2.842837331e+02 +2.842837331e+02 -4.8955e+00 +2.2634e+00 +3.9844e-01
375 0 +3.857500674e+00 +2.770075007e+02 +2.770075007e+02 -4.4937e+00 +1.8990e+00 -9.4477e-01
765 0 +3.243191634e+00 +2.763931916e+02 +2.763931916e+02 -4.0058e+00 +3.3828e+00 -1.2139e-01
965 0 +2.912777552e+00 +2.760627776e+02 +2.760627776e+02 -4.0058e+00 +3.3828e+00 -6.2636e-01
1205 0 +1.014038903e+00 +2.741640389e+02 +2.741640389e+02 -4.0058e+00 +2.8802e+00 -6.2636e-01
1523 0 +9.470802754e-01 +2.740970803e+02 +2.740970803e+02 -3.6387e+00 +3.5865e+00 -4.6225e-01
1839 0 +7.114884811e-01 +2.738614885e+02 +2.738614885e+02 -3.5879e+00 +3.8398e+00 -4.6929e-01
2619 0 +6.700143126e-01 +2.738200143e+02 +2.738200143e+02 -3.5814e+00 +3.7382e+00 -5.2415e-01
2683 0 +6.592486401e-01 +2.738092486e+02 +2.738092486e+02 -3.6387e+00 +3.6786e+00 -4.6225e-01
3003 0 +5.580310577e-01 +2.737080311e+02 +2.737080311e+02 -3.6387e+00 +3.6786e+00 -5.2889e-01
3123 0 +3.937280701e-01 +2.735437281e+02 +2.735437281e+02 -3.6387e+00 +3.6786e+00 -4.9682e-01
3659 0 +9.728772767e-02 +2.732472877e+02 +2.732472877e+02 -3.5814e+00 +3.7382e+00 -4.8554e-01
4459 0 +7.080340233e-02 +2.732208034e+02 +2.732208034e+02 -3.6251e+00 +3.6680e+00 -4.8554e-01
5235 0 +6.032703804e-02 +2.732103270e+02 +2.732103270e+02 -3.6245e+00 +3.6655e+00 -4.8716e-01
5523 0 +4.163016739e-02 +2.731916302e+02 +2.731916302e+02 -3.5620e+00 +3.7789e+00 -4.7758e-01
6737 0 +2.479321438e-02 +2.731747932e+02 +2.731747932e+02 -3.5920e+00 +3.7280e+00 -4.8243e-01
7651 0 +1.637384621e-02 +2.731663738e+02 +2.731663738e+02 -3.5710e+00 +3.7671e+00 -4.7740e-01
9049 0 +8.817126416e-03 +2.731588171e+02 +2.731588171e+02 -3.5879e+00 +3.7375e+00 -4.8030e-01
10927 0 +7.347851605e-03 +2.731573479e+02 +2.731573479e+02 -3.5788e+00 +3.7537e+00 -4.7855e-01
11567 0 +6.795725968e-03 +2.731567957e+02 +2.731567957e+02 -3.5788e+00 +3.7537e+00 -4.7842e-01
12607 0 +5.091984928e-03 +2.731550920e+02 +2.731550920e+02 -3.5788e+00 +3.7537e+00 -4.7896e-01
13071 0 +4.281147173e-03 +2.731542811e+02 +2.731542811e+02 -3.5778e+00 +3.7562e+00 -4.7791e-01
13277 0 +4.034855926e-03 +2.731540349e+02 +2.731540349e+02 -3.5796e+00 +3.7527e+00 -4.7872e-01
13731 0 +2.576015031e-03 +2.731525760e+02 +2.731525760e+02 -3.5791e+00 +3.7537e+00 -4.7843e-01
14091 0 +2.410798783e-03 +2.731524108e+02 +2.731524108e+02 -3.5792e+00 +3.7537e+00 -4.7843e-01
14891 0 +7.057253954e-04 +2.731507057e+02 +2.731507057e+02 -3.5792e+00 +3.7535e+00 -4.7843e-01
15291 0 +4.684922054e-04 +2.731504685e+02 +2.731504685e+02 -3.5792e+00 +3.7535e+00 -4.7839e-01
16341 0 +3.259965798e-04 +2.731503260e+02 +2.731503260e+02 -3.5793e+00 +3.7534e+00 -4.7846e-01
17851 0 +3.131128519e-04 +2.731503131e+02 +2.731503131e+02 -3.5792e+00 +3.7536e+00 -4.7836e-01
18083 0 +2.269220751e-04 +2.731502269e+02 +2.731502269e+02 -3.5793e+00 +3.7535e+00 -4.7842e-01
18477 0 +1.339935417e-04 +2.731501340e+02 +2.731501340e+02 -3.5791e+00 +3.7537e+00 -4.7838e-01
19185 0 +1.270326483e-04 +2.731501270e+02 +2.731501270e+02 -3.5792e+00 +3.7536e+00 -4.7841e-01
19625 0 +6.953385144e-05 +2.731500695e+02 +2.731500695e+02 -3.5792e+00 +3.7536e+00 -4.7839e-01
20137 0 +3.580252331e-05 +2.731500358e+02 +2.731500358e+02 -3.5792e+00 +3.7536e+00 -4.7840e-01
21039 0 +3.342320764e-05 +2.731500334e+02 +2.731500334e+02 -3.5792e+00 +3.7536e+00 -4.7840e-01
21857 0 +3.172653174e-05 +2.731500317e+02 +2.731500317e+02 -3.5792e+00 +3.7536e+00 -4.7840e-01
22809 0 +2.962036842e-05 +2.731500296e+02 +2.731500296e+02 -3.5792e+00 +3.7536e+00 -4.7840e-01
23395 0 +2.829753396e-05 +2.731500283e+02 +2.731500283e+02 -3.5792e+00 +3.7536e+00 -4.7840e-01
23655 0 +2.055672792e-05 +2.731500206e+02 +2.731500206e+02 -3.5792e+00 +3.7536e+00 -4.7840e-01
23855 0 +1.333729688e-05 +2.731500133e+02 +2.731500133e+02 -3.5792e+00 +3.7536e+00 -4.7840e-01
25075 0 +1.148468084e-05 +2.731500115e+02 +2.731500115e+02 -3.5792e+00 +3.7536e+00 -4.7840e-01
25435 0 +1.072787057e-05 +2.731500107e+02 +2.731500107e+02 -3.5792e+00 +3.7536e+00 -4.7840e-01
25939 0 +9.625910081e-06 +2.731500096e+02 +2.731500096e+02 -3.5792e+00 +3.7536e+00 -4.7840e-01
26395 0 +7.306753275e-06 +2.731500073e+02 +2.731500073e+02 -3.5792e+00 +3.7536e+00 -4.7840e-01
26527 0 +1.081347875e-06 +2.731500011e+02 +2.731500011e+02 -3.5792e+00 +3.7536e+00 -4.7840e-01
28099 0 +6.337299396e-07 +2.731500006e+02 +2.731500006e+02 -3.5792e+00 +3.7536e+00 -4.7840e-01
28391 0 +6.173438578e-07 +2.731500006e+02 +2.731500006e+02 -3.5792e+00 +3.7536e+00 -4.7840e-01
28813 0 +5.191769219e-07 +2.731500005e+02 +2.731500005e+02 -3.5792e+00 +3.7536e+00 -4.7840e-01
29671 0 +4.788604997e-07 +2.731500005e+02 +2.731500005e+02 -3.5792e+00 +3.7536e+00 -4.7840e-01
29719 0 +3.442344223e-07 +2.731500003e+02 +2.731500003e+02 -3.5792e+00 +3.7536e+00 -4.7840e-01
30217 0 +3.004906262e-07 +2.731500003e+02 +2.731500003e+02 -3.5792e+00 +3.7536e+00 -4.7840e-01
30965 0 +1.593388674e-07 +2.731500002e+02 +2.731500002e+02 -3.5792e+00 +3.7536e+00 -4.7840e-01
31559 0 +1.029110308e-07 +2.731500001e+02 +2.731500001e+02 -3.5792e+00 +3.7536e+00 -4.7840e-01
31919 0 +4.221448080e-08 +2.731500000e+02 +2.731500000e+02 -3.5792e+00 +3.7536e+00 -4.7840e-01
33999 0 +2.117565145e-08 +2.731500000e+02 +2.731500000e+02 -3.5792e+00 +3.7536e+00 -4.7840e-01
35951 0 +2.075103112e-08 +2.731500000e+02 +2.731500000e+02 -3.5792e+00 +3.7536e+00 -4.7840e-01
36063 0 +1.652904302e-08 +2.731500000e+02 +2.731500000e+02 -3.5792e+00 +3.7536e+00 -4.7840e-01
36239 0 +6.998789104e-09 +2.731500000e+02 +2.731500000e+02 -3.5792e+00 +3.7536e+00 -4.7840e-01
% f evaluations | g evaluations | best noise-free fitness - Fopt (3.718000000000e+01) + sum g_i+ | measured fitness | best measured fitness or single-digit g-values | x1 | x2...
1 0 +2.374042552e+02 +2.745842552e+02 +2.745842552e+02 +4.9979e+00 -2.4594e+00 +4.3645e+00
6 0 +2.719836121e+01 +6.437836121e+01 +6.437836121e+01 -1.1512e+00 +2.7174e+00 -1.0248e-01
11 0 +2.370395366e+01 +6.088395366e+01 +6.088395366e+01 -1.6348e+00 +1.0836e+00 +2.8887e+00
13 0 +1.724977159e+01 +5.442977159e+01 +5.442977159e+01 +4.1878e+00 +2.3879e+00 +2.4073e+00
19 0 +1.410115581e+01 +5.128115581e+01 +5.128115581e+01 +1.3960e+00 +2.4945e+00 +1.7007e+00
137 0 +6.661776101e+00 +4.384177610e+01 +4.384177610e+01 +2.1792e+00 +2.4945e+00 +1.7007e+00
485 0 +5.436710657e+00 +4.261671066e+01 +4.261671066e+01 -4.5218e+00 +2.3879e+00 +2.6893e+00
613 0 +2.890082906e+00 +4.007008291e+01 +4.007008291e+01 -3.8953e+00 +1.9914e+00 +1.9416e+00
645 0 +1.331052664e+00 +3.851105266e+01 +3.851105266e+01 -4.5547e+00 +1.8843e+00 +2.0911e+00
1581 0 +1.120623236e+00 +3.830062324e+01 +3.830062324e+01 -2.1055e+00 +2.4910e+00 +2.0590e+00
2089 0 +1.012388168e+00 +3.819238817e+01 +3.819238817e+01 -2.1090e+00 +2.4787e+00 +2.0297e+00
2231 0 +9.757830927e-01 +3.815578309e+01 +3.815578309e+01 -2.8348e+00 +2.3522e+00 +2.1008e+00
2845 0 +8.949191582e-01 +3.807491916e+01 +3.807491916e+01 -3.6901e+00 +2.1068e+00 +2.0591e+00
2853 0 +4.499675110e-01 +3.762996751e+01 +3.762996751e+01 -4.1941e+00 +1.9914e+00 +2.0001e+00
2933 0 +4.113276008e-01 +3.759132760e+01 +3.759132760e+01 -4.1941e+00 +1.9784e+00 +2.0001e+00
3103 0 +3.063741726e-01 +3.748637417e+01 +3.748637417e+01 -4.3946e+00 +1.9617e+00 +2.0467e+00
3301 0 +2.551854148e-01 +3.743518541e+01 +3.743518541e+01 -3.9919e+00 +2.0417e+00 +2.0590e+00
4021 0 +2.024410568e-01 +3.738244106e+01 +3.738244106e+01 -3.9919e+00 +2.0417e+00 +2.0463e+00
4221 0 +1.427195187e-01 +3.732271952e+01 +3.732271952e+01 -3.9919e+00 +2.0417e+00 +2.0478e+00
4385 0 +1.100729686e-01 +3.729007297e+01 +3.729007297e+01 -4.0417e+00 +2.0317e+00 +2.0424e+00
5065 0 +1.012850174e-01 +3.728128502e+01 +3.728128502e+01 -4.0417e+00 +2.0313e+00 +2.0424e+00
6621 0 +6.058333754e-02 +3.724058334e+01 +3.724058334e+01 -3.9919e+00 +2.0417e+00 +2.0430e+00
8873 0 +1.339400424e-02 +3.719339400e+01 +3.719339400e+01 -3.8932e+00 +2.0620e+00 +2.0407e+00
9313 0 +9.208820930e-03 +3.718920882e+01 +3.718920882e+01 -3.8932e+00 +2.0620e+00 +2.0407e+00
11125 0 +8.386935425e-03 +3.718838694e+01 +3.718838694e+01 -3.8829e+00 +2.0652e+00 +2.0412e+00
12191 0 +5.588644161e-03 +3.718558864e+01 +3.718558864e+01 -3.8927e+00 +2.0620e+00 +2.0407e+00
13397 0 +4.750308688e-03 +3.718475031e+01 +3.718475031e+01 -3.8963e+00 +2.0610e+00 +2.0404e+00
13429 0 +2.093492248e-03 +3.718209349e+01 +3.718209349e+01 -3.8992e+00 +2.0600e+00 +2.0402e+00
15791 0 +1.448669296e-03 +3.718144867e+01 +3.718144867e+01 -3.8980e+00 +2.0603e+00 +2.0400e+00
16765 0 +1.035863622e-03 +3.718103586e+01 +3.718103586e+01 -3.8998e+00 +2.0598e+00 +2.0399e+00
17087 0 +2.031185844e-04 +3.718020312e+01 +3.718020312e+01 -3.8995e+00 +2.0599e+00 +2.0400e+00
18349 0 +1.687249515e-04 +3.718016872e+01 +3.718016872e+01 -3.8990e+00 +2.0600e+00 +2.0400e+00
19441 0 +1.569342772e-04 +3.718015693e+01 +3.718015693e+01 -3.8992e+00 +2.0600e+00 +2.0400e+00
19785 0 +1.499238605e-04 +3.718014992e+01 +3.718014992e+01 -3.8992e+00 +2.0600e+00 +2.0400e+00
20201 0 +8.150424766e-05 +3.718008150e+01 +3.718008150e+01 -3.8991e+00 +2.0600e+00 +2.0400e+00
21809 0 +4.954722328e-05 +3.718004955e+01 +3.718004955e+01 -3.8992e+00 +2.0600e+00 +2.0400e+00
22129 0 +3.163952602e-05 +3.718003164e+01 +3.718003164e+01 -3.8992e+00 +2.0600e+00 +2.0400e+00
23009 0 +2.898361716e-05 +3.718002898e+01 +3.718002898e+01 -3.8992e+00 +2.0600e+00 +2.0400e+00
24321 0 +1.874106256e-05 +3.718001874e+01 +3.718001874e+01 -3.8992e+00 +2.0600e+00 +2.0400e+00
24521 0 +1.444163561e-05 +3.718001444e+01 +3.718001444e+01 -3.8992e+00 +2.0600e+00 +2.0400e+00
25663 0 +1.185759615e-05 +3.718001186e+01 +3.718001186e+01 -3.8992e+00 +2.0600e+00 +2.0400e+00
25743 0 +3.601068094e-06 +3.718000360e+01 +3.718000360e+01 -3.8992e+00 +2.0600e+00 +2.0400e+00
26983 0 +2.647396620e-06 +3.718000265e+01 +3.718000265e+01 -3.8992e+00 +2.0600e+00 +2.0400e+00
28635 0 +6.524226137e-07 +3.718000065e+01 +3.718000065e+01 -3.8992e+00 +2.0600e+00 +2.0400e+00
29389 0 +5.765402449e-07 +3.718000058e+01 +3.718000058e+01 -3.8992e+00 +2.0600e+00 +2.0400e+00
30477 0 +5.569713792e-07 +3.718000056e+01 +3.718000056e+01 -3.8992e+00 +2.0600e+00 +2.0400e+00
30939 0 +4.972245904e-07 +3.718000050e+01 +3.718000050e+01 -3.8992e+00 +2.0600e+00 +2.0400e+00
30977 0 +3.666839916e-07 +3.718000037e+01 +3.718000037e+01 -3.8992e+00 +2.0600e+00 +2.0400e+00
31811 0 +2.899296589e-07 +3.718000029e+01 +3.718000029e+01 -3.8992e+00 +2.0600e+00 +2.0400e+00
32091 0 +2.321853003e-07 +3.718000023e+01 +3.718000023e+01 -3.8992e+00 +2.0600e+00 +2.0400e+00
32491 0 +1.986487064e-07 +3.718000020e+01 +3.718000020e+01 -3.8992e+00 +2.0600e+00 +2.0400e+00
32665 0 +1.877775162e-07 +3.718000019e+01 +3.718000019e+01 -3.8992e+00 +2.0600e+00 +2.0400e+00
32721 0 +1.628999016e-07 +3.718000016e+01 +3.718000016e+01 -3.8992e+00 +2.0600e+00 +2.0400e+00
32829 0 +1.430672114e-07 +3.718000014e+01 +3.718000014e+01 -3.8992e+00 +2.0600e+00 +2.0400e+00
33819 0 +8.593839596e-08 +3.718000009e+01 +3.718000009e+01 -3.8992e+00 +2.0600e+00 +2.0400e+00
34019 0 +8.113028827e-08 +3.718000008e+01 +3.718000008e+01 -3.8992e+00 +2.0600e+00 +2.0400e+00
34257 0 +6.634953564e-08 +3.718000007e+01 +3.718000007e+01 -3.8992e+00 +2.0600e+00 +2.0400e+00
34779 0 +2.449223757e-08 +3.718000002e+01 +3.718000002e+01 -3.8992e+00 +2.0600e+00 +2.0400e+00
35539 0 +2.034529700e-08 +3.718000002e+01 +3.718000002e+01 -3.8992e+00 +2.0600e+00 +2.0400e+00
35579 0 +1.344687917e-08 +3.718000001e+01 +3.718000001e+01 -3.8992e+00 +2.0600e+00 +2.0400e+00
35727 0 +5.521471280e-09 +3.718000001e+01 +3.718000001e+01 -3.8992e+00 +2.0600e+00 +2.0400e+00
% f evaluations | g evaluations | best noise-free fitness - Fopt (-1.479000000000e+02) + sum g_i+ | measured fitness | best measured fitness or single-digit g-values | x1 | x2...
1 0 +7.509931073e+01 -7.280068927e+01 -7.280068927e+01 +2.0271e+00 +1.8217e+00 -3.3474e+00
3 0 +5.650146456e+01 -9.139853544e+01 -9.139853544e+01 -3.4993e+00 +1.7179e+00 +1.9057e+00
4 0 +3.294343970e+01 -1.149565603e+02 -1.149565603e+02 -2.0279e+00 -3.8106e+00 -2.6728e+00
59 0 +1.504661780e+01 -1.328533822e+02 -1.328533822e+02 -1.2440e+00 +4.6423e-01 +3.3710e+00
121 0 +1.345527352e+01 -1.344447265e+02 -1.344447265e+02 -1.4655e+00 -3.8963e+00 -4.5232e+00
125 0 +4.096226752e+00 -1.438037732e+02 -1.438037732e+02 -1.6636e+00 +5.5455e-01 +1.2031e+00
525 0 +2.369169135e+00 -1.455308309e+02 -1.455308309e+02 -1.6636e+00 +9.3486e-02 +1.2031e+00
605 0 +9.837712474e-01 -1.469162288e+02 -1.469162288e+02 -1.6636e+00 +1.2836e-01 +1.2031e+00
1289 0 +7.718427456e-01 -1.471281573e+02 -1.471281573e+02 -1.5832e+00 +4.1666e-01 +1.5905e+00
1413 0 +6.622697548e-01 -1.472377302e+02 -1.472377302e+02 -1.6669e+00 +2.0425e-01 +1.2254e+00
2101 0 +3.122709912e-01 -1.475877290e+02 -1.475877290e+02 -1.7270e+00 +8.7060e-02 +1.0473e+00
2663 0 +1.657344661e-01 -1.477342655e+02 -1.477342655e+02 -1.6773e+00 +1.0419e-01 +1.0720e+00
3343 0 +9.525954431e-02 -1.478047405e+02 -1.478047405e+02 -1.6773e+00 +1.0873e-01 +1.0925e+00
3481 0 +8.835319866e-02 -1.478116468e+02 -1.478116468e+02 -1.6881e+00 +2.5112e-01 +1.3224e+00
4679 0 +8.608918646e-02 -1.478139108e+02 -1.478139108e+02 -1.6752e+00 +1.1920e-01 +1.1091e+00
4953 0 +8.049554164e-02 -1.478195045e+02 -1.478195045e+02 -1.6732e+00 +1.4035e-01 +1.1396e+00
5171 0 +4.485910444e-02 -1.478551409e+02 -1.478551409e+02 -1.6778e+00 +1.0931e-01 +1.0873e+00
5807 0 +4.412784466e-02 -1.478558722e+02 -1.478558722e+02 -1.6791e+00 +1.0808e-01 +1.0847e+00
5833 0 +4.151801050e-02 -1.478584820e+02 -1.478584820e+02 -1.6721e+00 +1.1991e-01 +1.1054e+00
6369 0 +3.626336918e-02 -1.478637366e+02 -1.478637366e+02 -1.6766e+00 +1.2231e-01 +1.1121e+00
6391 0 +2.362227446e-02 -1.478763777e+02 -1.478763777e+02 -1.6717e+00 +1.3183e-01 +1.1283e+00
7317 0 +2.332708197e-02 -1.478766729e+02 -1.478766729e+02 -1.6719e+00 +1.2904e-01 +1.1249e+00
7597 0 +1.641323384e-02 -1.478835868e+02 -1.478835868e+02 -1.6725e+00 +1.2904e-01 +1.1249e+00
8317 0 +1.465027010e-02 -1.478853497e+02 -1.478853497e+02 -1.6712e+00 +1.2904e-01 +1.1249e+00
8597 0 +1.347251645e-02 -1.478865275e+02 -1.478865275e+02 -1.6703e+00 +1.2904e-01 +1.1249e+00
9753 0 +1.290098327e-02 -1.478870990e+02 -1.478870990e+02 -1.6721e+00 +1.3194e-01 +1.1306e+00
9817 0 +9.844207760e-03 -1.478901558e+02 -1.478901558e+02 -1.6711e+00 +1.3443e-01 +1.1353e+00
9975 0 +5.633796426e-03 -1.478943662e+02 -1.478943662e+02 -1.6711e+00 +1.3986e-01 +1.1445e+00
11401 0 +5.378475354e-03 -1.478946215e+02 -1.478946215e+02 -1.6709e+00 +1.3178e-01 +1.1306e+00
11495 0 +3.870340085e-03 -1.478961297e+02 -1.478961297e+02 -1.6707e+00 +1.3986e-01 +1.1445e+00
11699 0 +3.285805478e-03 -1.478967142e+02 -1.478967142e+02 -1.6706e+00 +1.3376e-01 +1.1339e+00
12107 0 +1.508395480e-03 -1.478984916e+02 -1.478984916e+02 -1.6705e+00 +1.3569e-01 +1.1377e+00
13709 0 +1.068539228e-03 -1.478989315e+02 -1.478989315e+02 -1.6705e+00 +1.3532e-01 +1.1371e+00
14475 0 +5.865097133e-04 -1.478994135e+02 -1.478994135e+02 -1.6704e+00 +1.3524e-01 +1.1368e+00
16871 0 +4.123092319e-04 -1.478995877e+02 -1.478995877e+02 -1.6704e+00 +1.3514e-01 +1.1367e+00
17751 0 +2.348650846e-04 -1.478997651e+02 -1.478997651e+02 -1.6704e+00 +1.3514e-01 +1.1367e+00
18669 0 +1.627784164e-04 -1.478998372e+02 -1.478998372e+02 -1.6704e+00 +1.3531e-01 +1.1370e+00
19097 0 +1.490752483e-04 -1.478998509e+02 -1.478998509e+02 -1.6704e+00 +1.3525e-01 +1.1369e+00
19105 0 +3.779766186e-05 -1.478999622e+02 -1.478999622e+02 -1.6704e+00 +1.3520e-01 +1.1368e+00
20825 0 +3.357298169e-05 -1.478999664e+02 -1.478999664e+02 -1.6704e+00 +1.3520e-01 +1.1368e+00
21453 0 +3.234745390e-05 -1.478999677e+02 -1.478999677e+02 -1.6704e+00 +1.3521e-01 +1.1368e+00
21511 0 +3.085453537e-05 -1.478999691e+02 -1.478999691e+02 -1.6704e+00 +1.3520e-01 +1.1368e+00
21787 0 +2.880026085e-05 -1.478999712e+02 -1.478999712e+02 -1.6704e+00 +1.3520e-01 +1.1368e+00
21985 0 +2.534651725e-05 -1.478999747e+02 -1.478999747e+02 -1.6704e+00 +1.3520e-01 +1.1368e+00
22757 0 +2.296831593e-05 -1.478999770e+02 -1.478999770e+02 -1.6704e+00 +1.3520e-01 +1.1368e+00
22979 0 +1.845666048e-05 -1.478999815e+02 -1.478999815e+02 -1.6704e+00 +1.3520e-01 +1.1368e+00
23317 0 +1.764954618e-05 -1.478999824e+02 -1.478999824e+02 -1.6704e+00 +1.3520e-01 +1.1368e+00
23381 0 +1.663205200e-05 -1.478999834e+02 -1.478999834e+02 -1.6704e+00 +1.3520e-01 +1.1368e+00
23569 0 +1.475651595e-05 -1.478999852e+02 -1.478999852e+02 -1.6704e+00 +1.3520e-01 +1.1368e+00
23751 0 +9.304300590e-06 -1.478999907e+02 -1.478999907e+02 -1.6704e+00 +1.3520e-01 +1.1368e+00
24507 0 +7.859587498e-06 -1.478999921e+02 -1.478999921e+02 -1.6704e+00 +1.3520e-01 +1.1368e+00
24905 0 +4.138849107e-06 -1.478999959e+02 -1.478999959e+02 -1.6704e+00 +1.3520e-01 +1.1368e+00
24957 0 +2.290835198e-06 -1.478999977e+02 -1.478999977e+02 -1.6704e+00 +1.3520e-01 +1.1368e+00
25301 0 +2.082884578e-06 -1.478999979e+02 -1.478999979e+02 -1.6704e+00 +1.3520e-01 +1.1368e+00
25623 0 +1.395119199e-06 -1.478999986e+02 -1.478999986e+02 -1.6704e+00 +1.3520e-01 +1.1368e+00
25799 0 +1.374439933e-06 -1.478999986e+02 -1.478999986e+02 -1.6704e+00 +1.3520e-01 +1.1368e+00
25863 0 +7.530847483e-07 -1.478999992e+02 -1.478999992e+02 -1.6704e+00 +1.3520e-01 +1.1368e+00
25993 0 +6.841395930e-07 -1.478999993e+02 -1.478999993e+02 -1.6704e+00 +1.3520e-01 +1.1368e+00
26579 0 +6.614958750e-07 -1.478999993e+02 -1.478999993e+02 -1.6704e+00 +1.3520e-01 +1.1368e+00
26581 0 +5.737120716e-07 -1.478999994e+02 -1.478999994e+02 -1.6704e+00 +1.3520e-01 +1.1368e+00
26961 0 +4.862087621e-07 -1.478999995e+02 -1.478999995e+02 -1.6704e+00 +1.3520e-01 +1.1368e+00
27089 0 +4.647577327e-07 -1.478999995e+02 -1.478999995e+02 -1.6704e+00 +1.3520e-01 +1.1368e+00
27303 0 +3.824029875e-07 -1.478999996e+02 -1.478999996e+02 -1.6704e+00 +1.3520e-01 +1.1368e+00
27847 0 +3.633251993e-07 -1.478999996e+02 -1.478999996e+02 -1.6704e+00 +1.3520e-01 +1.1368e+00
28027 0 +3.370803654e-07 -1.478999997e+02 -1.478999997e+02 -1.6704e+00 +1.3520e-01 +1.1368e+00
28115 0 +2.811850948e-07 -1.478999997e+02 -1.478999997e+02 -1.6704e+00 +1.3520e-01 +1.1368e+00
28163 0 +2.229860172e-07 -1.478999998e+02 -1.478999998e+02 -1.6704e+00 +1.3520e-01 +1.1368e+00
28433 0 +2.095302136e-07 -1.478999998e+02 -1.478999998e+02 -1.6704e+00 +1.3520e-01 +1.1368e+00
28769 0 +1.566860419e-07 -1.478999998e+02 -1.478999998e+02 -1.6704e+00 +1.3520e-01 +1.1368e+00
28809 0 +4.723059988e-08 -1.479000000e+02 -1.479000000e+02 -1.6704e+00 +1.3520e-01 +1.1368e+00
29807 0 +4.652414987e-08 -1.479000000e+02 -1.479000000e+02 -1.6704e+00 +1.3520e-01 +1.1368e+00
30157 0 +3.880904842e-08 -1.479000000e+02 -1.479000000e+02 -1.6704e+00 +1.3520e-01 +1.1368e+00
30721 0 +2.717146685e-08 -1.479000000e+02 -1.479000000e+02 -1.6704e+00 +1.3520e-01 +1.1368e+00
30765 0 +1.642948178e-08 -1.479000000e+02 -1.479000000e+02 -1.6704e+00 +1.3520e-01 +1.1368e+00
31065 0 +1.122418780e-08 -1.479000000e+02 -1.479000000e+02 -1.6704e+00 +1.3520e-01 +1.1368e+00
31265 0 +7.136179647e-09 -1.479000000e+02 -1.479000000e+02 -1.6704e+00 +1.3520e-01 +1.1368e+00
% f evaluations | g evaluations | best noise-free fitness - Fopt (1.699300000000e+02) + sum g_i+ | measured fitness | best measured fitness or single-digit g-values | x1 | x2...
1 0 +3.046678078e+02 +4.745978078e+02 +4.745978078e+02 +4.5589e+00 +4.5655e+00 -2.2370e+00
2 0 +2.107435361e+02 +3.806735361e+02 +3.806735361e+02 +1.4593e+00 +4.6797e+00 -4.8256e+00
3 0 +1.633686627e+02 +3.332986627e+02 +3.332986627e+02 +1.9999e+00 -4.6751e+00 -4.6511e+00
5 0 +1.090317105e+02 +2.789617105e+02 +2.789617105e+02 +5.4166e-01 +2.3652e+00 -1.9533e+00
7 0 +5.529394198e+01 +2.252239420e+02 +2.252239420e+02 -6.3848e-01 -3.2948e+00 +4.3950e+00
8 0 +5.273395543e+01 +2.226639554e+02 +2.226639554e+02 +1.0566e+00 +8.5086e-01 +1.6267e+00
14 0 +4.783446011e+01 +2.177644601e+02 +2.177644601e+02 +1.2737e+00 +5.5473e-01 -4.8292e+00
16 0 +4.233298310e+01 +2.122629831e+02 +2.122629831e+02 -1.0050e+00 -6.4468e-01 +4.6067e+00
59 0 +3.617253669e+01 +2.061025367e+02 +2.061025367e+02 -3.3200e+00 -1.0565e+00 -1.2635e+00
61 0 +3.534078773e+01 +2.052707877e+02 +2.052707877e+02 +4.3322e-01 +4.6157e-01 +1.1189e+00
67 0 +1.405370629e+01 +1.839837063e+02 +1.839837063e+02 +2.7891e-01 +9.1133e-01 +2.2805e-01
249 0 +3.145569372e+00 +1.730755694e+02 +1.730755694e+02 -1.1903e+00 -5.6654e-01 -2.8314e+00
761 0 +1.923864322e+00 +1.718538643e+02 +1.718538643e+02 -8.9628e-01 -2.3763e-02 -1.2553e+00
927 0 +1.522051404e+00 +1.714520514e+02 +1.714520514e+02 -8.5975e-01 -7.6288e-02 -1.4313e+00
1525 0 +9.510979442e-01 +1.708810979e+02 +1.708810979e+02 -1.0693e+00 -2.8203e-01 -2.2238e+00
1631 0 +7.516074593e-01 +1.706816075e+02 +1.706816075e+02 -1.0353e+00 +1.6623e-02 -1.8415e+00
2511 0 +6.716380862e-01 +1.706016381e+02 +1.706016381e+02 -1.0353e+00 -3.1438e-02 -1.8415e+00
2855 0 +6.447853003e-01 +1.705747853e+02 +1.705747853e+02 -9.1472e-01 -1.1881e-01 -1.6158e+00
2901 0 +6.055497645e-01 +1.705355498e+02 +1.705355498e+02 -1.0631e+00 -2.2816e-03 -1.9360e+00
2971 0 +5.084062481e-01 +1.704384062e+02 +1.704384062e+02 -1.1873e+00 -2.8123e-01 -2.4051e+00
3675 0 +2.785476956e-01 +1.702085477e+02 +1.702085477e+02 -1.1560e+00 -2.2472e-01 -2.2986e+00
6441 0 +2.661128549e-01 +1.701961129e+02 +1.701961129e+02 -9.7045e-01 -1.0519e-01 -1.7824e+00
7637 0 +1.360188201e-01 +1.700660188e+02 +1.700660188e+02 -1.1369e+00 -1.8611e-01 -2.2255e+00
10361 0 +9.490577391e-02 +1.700249058e+02 +1.700249058e+02 -1.0291e+00 -1.0519e-01 -1.9711e+00
11581 0 +5.492202558e-02 +1.699849220e+02 +1.699849220e+02 -1.0161e+00 -1.0168e-01 -1.9421e+00
12581 0 +4.928956204e-02 +1.699792896e+02 +1.699792896e+02 -1.0161e+00 -1.0168e-01 -1.9323e+00
14949 0 +3.527845384e-02 +1.699652785e+02 +1.699652785e+02 -1.0174e+00 -1.0671e-01 -1.9487e+00
15849 0 +3.292785452e-02 +1.699629279e+02 +1.699629279e+02 -1.0130e+00 -1.0087e-01 -1.9273e+00
16123 0 +3.102348081e-02 +1.699610235e+02 +1.699610235e+02 -1.0227e+00 -1.0411e-01 -1.9596e+00
16269 0 +1.280154847e-02 +1.699428015e+02 +1.699428015e+02 -1.0232e+00 -1.0671e-01 -1.9634e+00
17051 0 +1.213267864e-02 +1.699421327e+02 +1.699421327e+02 -1.0252e+00 -1.0794e-01 -1.9677e+00
18373 0 +1.018412040e-02 +1.699401841e+02 +1.699401841e+02 -1.0205e+00 -1.0608e-01 -1.9565e+00
18453 0 +7.642622135e-03 +1.699376426e+02 +1.699376426e+02 -1.0207e+00 -1.0608e-01 -1.9565e+00
18599 0 +7.357447413e-03 +1.699373574e+02 +1.699373574e+02 -1.0225e+00 -1.0698e-01 -1.9612e+00
19791 0 +5.465129174e-03 +1.699354651e+02 +1.699354651e+02 -1.0220e+00 -1.0618e-01 -1.9607e+00
19813 0 +4.766342544e-03 +1.699347663e+02 +1.699347663e+02 -1.0207e+00 -1.0608e-01 -1.9560e+00
20363 0 +3.700424521e-03 +1.699337004e+02 +1.699337004e+02 -1.0211e+00 -1.0558e-01 -1.9569e+00
20875 0 +3.471851022e-03 +1.699334719e+02 +1.699334719e+02 -1.0217e+00 -1.0589e-01 -1.9589e+00
21443 0 +2.895753802e-03 +1.699328958e+02 +1.699328958e+02 -1.0211e+00 -1.0585e-01 -1.9569e+00
21769 0 +1.522286422e-03 +1.699315223e+02 +1.699315223e+02 -1.0213e+00 -1.0637e-01 -1.9583e+00
22321 0 +1.490246634e-03 +1.699314902e+02 +1.699314902e+02 -1.0220e+00 -1.0660e-01 -1.9604e+00
23163 0 +1.218895275e-03 +1.699312189e+02 +1.699312189e+02 -1.0218e+00 -1.0659e-01 -1.9599e+00
23289 0 +5.511550152e-04 +1.699305512e+02 +1.699305512e+02 -1.0216e+00 -1.0637e-01 -1.9590e+00
25249 0 +4.249844913e-04 +1.699304250e+02 +1.699304250e+02 -1.0215e+00 -1.0637e-01 -1.9589e+00
25785 0 +3.911857595e-04 +1.699303912e+02 +1.699303912e+02 -1.0216e+00 -1.0645e-01 -1.9593e+00
26739 0 +2.450276872e-04 +1.699302450e+02 +1.699302450e+02 -1.0216e+00 -1.0641e-01 -1.9592e+00
29059 0 +1.180193678e-04 +1.699301180e+02 +1.699301180e+02 -1.0216e+00 -1.0641e-01 -1.9592e+00
30219 0 +1.110535348e-04 +1.699301111e+02 +1.699301111e+02 -1.0216e+00 -1.0640e-01 -1.9592e+00
31661 0 +3.462002866e-05 +1.699300346e+02 +1.699300346e+02 -1.0216e+00 -1.0640e-01 -1.9592e+00
32083 0 +3.250122558e-05 +1.699300325e+02 +1.699300325e+02 -1.0216e+00 -1.0641e-01 -1.9592e+00
32101 0 +3.038457311e-05 +1.699300304e+02 +1.699300304e+02 -1.0216e+00 -1.0640e-01 -1.9592e+00
32977 0 +3.018411152e-05 +1.699300302e+02 +1.699300302e+02 -1.0216e+00 -1.0641e-01 -1.9592e+00
33497 0 +2.899810019e-05 +1.699300290e+02 +1.699300290e+02 -1.0216e+00 -1.0641e-01 -1.9592e+00
33583 0 +2.879680005e-05 +1.699300288e+02 +1.699300288e+02 -1.0216e+00 -1.0640e-01 -1.9592e+00
33837 0 +1.878244970e-05 +1.699300188e+02 +1.699300188e+02 -1.0216e+00 -1.0640e-01 -1.9592e+00
34445 0 +1.700454683e-05 +1.699300170e+02 +1.699300170e+02 -1.0216e+00 -1.0640e-01 -1.9592e+00
35621 0 +1.575462548e-05 +1.699300158e+02 +1.699300158e+02 -1.0216e+00 -1.0640e-01 -1.9592e+00
35881 0 +1.006510306e-05 +1.699300101e+02 +1.699300101e+02 -1.0216e+00 -1.0640e-01 -1.9592e+00
37031 0 +7.537958027e-07 +1.699300008e+02 +1.699300008e+02 -1.0216e+00 -1.0640e-01 -1.9592e+00
39351 0 +6.480517811e-07 +1.699300006e+02 +1.699300006e+02 -1.0216e+00 -1.0640e-01 -1.9592e+00
39383 0 +5.242665964e-07 +1.699300005e+02 +1.699300005e+02 -1.0216e+00 -1.0640e-01 -1.9592e+00
% f evaluations | g evaluations | best noise-free fitness - Fopt (1.181700000000e+02) + sum g_i+ | measured fitness | best measured fitness or single-digit g-values | x1 | x2...
1 0 +1.719245305e+02 +2.900945305e+02 +2.900945305e+02 -4.1500e-01 +1.9990e+00 +5.9230e-02
2 0 +1.423782482e+02 +2.605482482e+02 +2.605482482e+02 +3.2111e+00 +4.5706e+00 -3.4718e-01
3 0 +7.001488045e+01 +1.881848805e+02 +1.881848805e+02 -3.6002e+00 +9.9941e-01 -2.5630e+00
4 0 +6.123253305e+01 +1.794025331e+02 +1.794025331e+02 -2.5429e+00 +1.2744e+00 -8.2181e-01
13 0 +4.045962157e+01 +1.586296216e+02 +1.586296216e+02 +3.1305e+00 -4.2711e+00 -1.1418e+00
18 0 +2.528267478e+01 +1.434526748e+02 +1.434526748e+02 +2.6981e-01 -4.0096e+00 -2.2138e+00
167 0 +7.051201413e+00 +1.252212014e+02 +1.252212014e+02 +3.6805e+00 -3.9620e+00 -2.7303e+00
635 0 +2.859555710e+00 +1.210295557e+02 +1.210295557e+02 +1.6354e-03 -1.7574e+00 -3.2586e+00
785 0 +2.738906359e+00 +1.209089064e+02 +1.209089064e+02 +1.6242e+00 -2.8278e+00 -2.5482e+00
1139 0 +2.052866195e+00 +1.202228662e+02 +1.202228662e+02 -7.1552e-01 -1.4737e+00 -3.3024e+00
1465 0 +1.795121832e+00 +1.199651218e+02 +1.199651218e+02 +1.0965e+00 -2.4946e+00 -2.5482e+00
2143 0 +1.542225543e+00 +1.197122255e+02 +1.197122255e+02 +9.1280e-01 -2.5887e+00 -2.4939e+00
2383 0 +1.407636389e+00 +1.195776364e+02 +1.195776364e+02 +9.1280e-01 -2.5887e+00 -2.7545e+00
2423 0 +1.031515998e+00 +1.192015160e+02 +1.192015160e+02 +9.1280e-01 -2.5158e+00 -2.7545e+00
3533 0 +9.626044415e-01 +1.191326044e+02 +1.191326044e+02 +8.6052e-01 -2.2861e+00 -2.8646e+00
3841 0 +7.731673930e-01 +1.189431674e+02 +1.189431674e+02 +1.0683e+00 -2.5731e+00 -2.5897e+00
4367 0 +6.407823448e-01 +1.188107823e+02 +1.188107823e+02 +3.4343e-01 -2.0758e+00 -2.9905e+00
4829 0 +4.382722837e-01 +1.186082723e+02 +1.186082723e+02 +1.0999e+00 -2.5733e+00 -2.6420e+00
6153 0 +2.449952589e-01 +1.184149953e+02 +1.184149953e+02 +9.8377e-01 -2.4973e+00 -2.6840e+00
6697 0 +2.161726106e-01 +1.183861726e+02 +1.183861726e+02 +1.1280e+00 -2.6141e+00 -2.5929e+00
6703 0 +1.764192847e-01 +1.183464193e+02 +1.183464193e+02 +8.6085e-01 -2.4097e+00 -2.7545e+00
6781 0 +1.122235370e-01 +1.182822235e+02 +1.182822235e+02 +8.8864e-01 -2.4518e+00 -2.7152e+00
8463 0 +9.861190119e-02 +1.182686119e+02 +1.182686119e+02 +8.6085e-01 -2.4097e+00 -2.7598e+00
9367 0 +9.533878608e-02 +1.182653388e+02 +1.182653388e+02 +1.0155e+00 -2.5340e+00 -2.6547e+00
9951 0 +9.096203841e-02 +1.182609620e+02 +1.182609620e+02 +8.9004e-01 -2.4481e+00 -2.7265e+00
9953 0 +8.176276921e-02 +1.182517628e+02 +1.182517628e+02 +9.9653e-01 -2.5193e+00 -2.6687e+00
10187 0 +3.363953990e-02 +1.182036395e+02 +1.182036395e+02 +9.3676e-01 -2.4728e+00 -2.7044e+00
11745 0 +2.026949652e-02 +1.181902695e+02 +1.181902695e+02 +8.8958e-01 -2.4394e+00 -2.7318e+00
13625 0 +1.413663347e-02 +1.181841366e+02 +1.181841366e+02 +9.0340e-01 -2.4498e+00 -2.7236e+00
15467 0 +1.403201952e-02 +1.181840320e+02 +1.181840320e+02 +9.3535e-01 -2.4738e+00 -2.7044e+00
17179 0 +1.315968354e-02 +1.181831597e+02 +1.181831597e+02 +9.0000e-01 -2.4482e+00 -2.7254e+00
17617 0 +1.079022418e-02 +1.181807902e+02 +1.181807902e+02 +9.0952e-01 -2.4541e+00 -2.7209e+00
17983 0 +7.786963937e-03 +1.181777870e+02 +1.181777870e+02 +8.9932e-01 -2.4473e+00 -2.7260e+00
18409 0 +5.574624906e-03 +1.181755746e+02 +1.181755746e+02 +9.0298e-01 -2.4495e+00 -2.7246e+00
19611 0 +4.023863006e-03 +1.181740239e+02 +1.181740239e+02 +9.0520e-01 -2.4516e+00 -2.7229e+00
20233 0 +1.841092279e-03 +1.181718411e+02 +1.181718411e+02 +9.0483e-01 -2.4509e+00 -2.7237e+00
21583 0 +1.058101106e-03 +1.181710581e+02 +1.181710581e+02 +9.0388e-01 -2.4505e+00 -2.7239e+00
22703 0 +6.028155274e-04 +1.181706028e+02 +1.181706028e+02 +9.0409e-01 -2.4505e+00 -2.7239e+00
25827 0 +6.019679301e-04 +1.181706020e+02 +1.181706020e+02 +9.0335e-01 -2.4499e+00 -2.7244e+00
25935 0 +3.790987770e-04 +1.181703791e+02 +1.181703791e+02 +9.0405e-01 -2.4504e+00 -2.7240e+00
26105 0 +2.657118185e-04 +1.181702657e+02 +1.181702657e+02 +9.0414e-01 -2.4505e+00 -2.7239e+00
28099 0 +2.565203861e-04 +1.181702565e+02 +1.181702565e+02 +9.0384e-01 -2.4503e+00 -2.7241e+00
28607 0 +1.290726753e-04 +1.181701291e+02 +1.181701291e+02 +9.0400e-01 -2.4504e+00 -2.7240e+00
28851 0 +7.146804870e-05 +1.181700715e+02 +1.181700715e+02 +9.0403e-01 -2.4504e+00 -2.7240e+00
31869 0 +3.627655406e-05 +1.181700363e+02 +1.181700363e+02 +9.0403e-01 -2.4504e+00 -2.7240e+00
32719 0 +2.313935400e-05 +1.181700231e+02 +1.181700231e+02 +9.0400e-01 -2.4504e+00 -2.7240e+00
35141 0 +1.642984854e-05 +1.181700164e+02 +1.181700164e+02 +9.0400e-01 -2.4504e+00 -2.7240e+00
35821 0 +1.289747256e-05 +1.181700129e+02 +1.181700129e+02 +9.0400e-01 -2.4504e+00 -2.7240e+00
37267 0 +1.263476618e-05 +1.181700126e+02 +1.181700126e+02 +9.0400e-01 -2.4504e+00 -2.7240e+00
38493 0 +9.934838616e-06 +1.181700099e+02 +1.181700099e+02 +9.0399e-01 -2.4504e+00 -2.7240e+00
39307 0 +3.897504058e-06 +1.181700039e+02 +1.181700039e+02 +9.0400e-01 -2.4504e+00 -2.7240e+00
% f evaluations | g evaluations | best noise-free fitness - Fopt (-1.791300000000e+02) + sum g_i+ | measured fitness | best measured fitness or single-digit g-values | x1 | x2...
1 0 +4.222974738e+02 +2.431674738e+02 +2.431674738e+02 +4.7953e+00 -2.2179e+00 -3.9978e+00
2 0 +3.993417937e+01 -1.391958206e+02 -1.391958206e+02 +2.4827e+00 +2.7907e+00 +2.2058e+00
5 0 +3.891672403e+01 -1.402132760e+02 -1.402132760e+02 -4.1098e+00 -3.7030e+00 +1.5687e+00
13 0 +3.279184775e+01 -1.463381522e+02 -1.463381522e+02 -2.8174e+00 -2.4885e+00 +1.9980e+00
16 0 +2.848334445e+01 -1.506466556e+02 -1.506466556e+02 +8.1253e-01 +8.9699e-01 +3.1209e+00
17 0 +9.272204474e+00 -1.698577955e+02 -1.698577955e+02 +1.2250e+00 -2.3057e+00 +1.4718e+00
349 0 +6.434482182e+00 -1.726955178e+02 -1.726955178e+02 +2.5600e+00 -3.7030e+00 +7.8660e-01
409 0 +4.288940117e+00 -1.748410599e+02 -1.748410599e+02 +8.6770e-01 -3.4664e+00 +8.8672e-01
439 0 +2.443803916e+00 -1.766861961e+02 -1.766861961e+02 +9.5318e-01 -2.8469e+00 +9.8909e-01
533 0 +2.142528227e+00 -1.769874718e+02 -1.769874718e+02 +1.2250e+00 -2.3057e+00 +9.3741e-01
905 0 +1.030565031e+00 -1.780994350e+02 -1.780994350e+02 +1.2142e+00 -3.5286e+00 +8.7260e-01
1261 0 +4.718588053e-01 -1.786581412e+02 -1.786581412e+02 +1.1987e+00 -3.0629e+00 +8.7989e-01
2241 0 +2.733425508e-01 -1.788566574e+02 -1.788566574e+02 +1.3531e+00 -3.4390e+00 +8.8680e-01
2819 0 +2.050104318e-01 -1.789249896e+02 -1.789249896e+02 +1.3396e+00 -3.4143e+00 +8.7708e-01
3921 0 +1.811295024e-01 -1.789488705e+02 -1.789488705e+02 +1.3531e+00 -3.4390e+00 +8.7675e-01
4061 0 +8.350075192e-02 -1.790464992e+02 -1.790464992e+02 +1.3362e+00 -3.4261e+00 +8.8164e-01
4295 0 +7.565431031e-02 -1.790543457e+02 -1.790543457e+02 +1.3377e+00 -3.4278e+00 +8.8423e-01
4695 0 +3.674620481e-02 -1.790932538e+02 -1.790932538e+02 +1.3303e+00 -3.4278e+00 +8.8423e-01
5367 0 +2.233662029e-02 -1.791076634e+02 -1.791076634e+02 +1.3262e+00 -3.4116e+00 +8.8756e-01
5527 0 +5.149127580e-03 -1.791248509e+02 -1.791248509e+02 +1.3275e+00 -3.4116e+00 +8.8756e-01
7105 0 +4.217546069e-03 -1.791257825e+02 -1.791257825e+02 +1.3287e+00 -3.4170e+00 +8.8675e-01
7329 0 +3.099912530e-03 -1.791269001e+02 -1.791269001e+02 +1.3285e+00 -3.4143e+00 +8.8724e-01
7849 0 +2.128620231e-03 -1.791278714e+02 -1.791278714e+02 +1.3279e+00 -3.4143e+00 +8.8724e-01
8169 0 +7.420250362e-04 -1.791292580e+02 -1.791292580e+02 +1.3280e+00 -3.4143e+00 +8.8724e-01
10867 0 +6.385938857e-04 -1.791293614e+02 -1.791293614e+02 +1.3279e+00 -3.4143e+00 +8.8719e-01
12329 0 +5.855722667e-04 -1.791294144e+02 -1.791294144e+02 +1.3277e+00 -3.4135e+00 +8.8724e-01
13227 0 +3.843250673e-04 -1.791296157e+02 -1.791296157e+02 +1.3280e+00 -3.4145e+00 +8.8719e-01
14355 0 +2.887981395e-04 -1.791297112e+02 -1.791297112e+02 +1.3281e+00 -3.4146e+00 +8.8719e-01
14427 0 +2.434780504e-04 -1.791297565e+02 -1.791297565e+02 +1.3280e+00 -3.4145e+00 +8.8719e-01
14987 0 +1.837920908e-04 -1.791298162e+02 -1.791298162e+02 +1.3280e+00 -3.4144e+00 +8.8720e-01
17545 0 +5.814132354e-05 -1.791299419e+02 -1.791299419e+02 +1.3280e+00 -3.4144e+00 +8.8720e-01
19065 0 +3.444241193e-05 -1.791299656e+02 -1.791299656e+02 +1.3280e+00 -3.4144e+00 +8.8720e-01
19171 0 +2.938332381e-05 -1.791299706e+02 -1.791299706e+02 +1.3280e+00 -3.4144e+00 +8.8720e-01
19411 0 +2.686870374e-05 -1.791299731e+02 -1.791299731e+02 +1.3280e+00 -3.4144e+00 +8.8720e-01
19531 0 +1.766831275e-05 -1.791299823e+02 -1.791299823e+02 +1.3280e+00 -3.4144e+00 +8.8720e-01
20651 0 +1.410809278e-05 -1.791299859e+02 -1.791299859e+02 +1.3280e+00 -3.4144e+00 +8.8720e-01
20665 0 +9.712374862e-06 -1.791299903e+02 -1.791299903e+02 +1.3280e+00 -3.4144e+00 +8.8720e-01
21331 0 +2.367132282e-06 -1.791299976e+02 -1.791299976e+02 +1.3280e+00 -3.4144e+00 +8.8720e-01
21845 0 +1.259561941e-06 -1.791299987e+02 -1.791299987e+02 +1.3280e+00 -3.4144e+00 +8.8720e-01
23465 0 +1.140016565e-06 -1.791299989e+02 -1.791299989e+02 +1.3280e+00 -3.4144e+00 +8.8720e-01
23557 0 +1.052559128e-06 -1.791299989e+02 -1.791299989e+02 +1.3280e+00 -3.4144e+00 +8.8720e-01
23997 0 +8.761335266e-07 -1.791299991e+02 -1.791299991e+02 +1.3280e+00 -3.4144e+00 +8.8720e-01
24311 0 +6.849885210e-07 -1.791299993e+02 -1.791299993e+02 +1.3280e+00 -3.4144e+00 +8.8720e-01
24785 0 +6.755727782e-07 -1.791299993e+02 -1.791299993e+02 +1.3280e+00 -3.4144e+00 +8.8720e-01
24945 0 +4.871065187e-07 -1.791299995e+02 -1.791299995e+02 +1.3280e+00 -3.4144e+00 +8.8720e-01
25393 0 +4.661018238e-07 -1.791299995e+02 -1.791299995e+02 +1.3280e+00 -3.4144e+00 +8.8720e-01
25761 0 +4.363835728e-07 -1.791299996e+02 -1.791299996e+02 +1.3280e+00 -3.4144e+00 +8.8720e-01
25837 0 +4.214308262e-07 -1.791299996e+02 -1.791299996e+02 +1.3280e+00 -3.4144e+00 +8.8720e-01
25885 0 +3.086877030e-07 -1.791299997e+02 -1.791299997e+02 +1.3280e+00 -3.4144e+00 +8.8720e-01
26403 0 +2.294065666e-07 -1.791299998e+02 -1.791299998e+02 +1.3280e+00 -3.4144e+00 +8.8720e-01
26627 0 +2.038775051e-07 -1.791299998e+02 -1.791299998e+02 +1.3280e+00 -3.4144e+00 +8.8720e-01
27163 0 +9.762626973e-08 -1.791299999e+02 -1.791299999e+02 +1.3280e+00 -3.4144e+00 +8.8720e-01
27643 0 +6.708822298e-08 -1.791299999e+02 -1.791299999e+02 +1.3280e+00 -3.4144e+00 +8.8720e-01
28991 0 +5.321248864e-08 -1.791299999e+02 -1.791299999e+02 +1.3280e+00 -3.4144e+00 +8.8720e-01
29517 0 +1.764504987e-08 -1.791300000e+02 -1.791300000e+02 +1.3280e+00 -3.4144e+00 +8.8720e-01
30359 0 +1.560039209e-08 -1.791300000e+02 -1.791300000e+02 +1.3280e+00 -3.4144e+00 +8.8720e-01
30483 0 +1.516920634e-08 -1.791300000e+02 -1.791300000e+02 +1.3280e+00 -3.4144e+00 +8.8720e-01
30517 0 +1.491210355e-08 -1.791300000e+02 -1.791300000e+02 +1.3280e+00 -3.4144e+00 +8.8720e-01
30523 0 +1.429094709e-08 -1.791300000e+02 -1.791300000e+02 +1.3280e+00 -3.4144e+00 +8.8720e-01
30575 0 +1.114881343e-08 -1.791300000e+02 -1.791300000e+02 +1.3280e+00 -3.4144e+00 +8.8720e-01
30639 0 +6.245898021e-09 -1.791300000e+02 -1.791300000e+02 +1.3280e+00 -3.4144e+00 +8.8720e-01
% f evaluations | g evaluations | best noise-free fitness - Fopt (-5.784000000000e+02) + sum g_i+ | measured fitness | best measured fitness or single-digit g-values | x1 | x2...
1 0 +1.206475161e+02 -4.577524839e+02 -4.577524839e+02 +1.5747e+00 +3.4229e+00 +4.7168e+00
2 0 +1.157903544e+02 -4.626096456e+02 -4.626096456e+02 -4.3170e+00 +4.3207e+00 +1.0913e+00
6 0 +4.620698812e+01 -5.321930119e+02 -5.321930119e+02 +7.7294e-01 +5.8244e-01 -2.2240e+00
12 0 +3.973932203e+01 -5.386606780e+02 -5.386606780e+02 -1.2972e+00 +2.2812e+00 -2.0332e+00
16 0 +3.572846398e+01 -5.426715360e+02 -5.426715360e+02 -1.2017e+00 +2.3151e+00 -2.3421e+00
17 0 +1.479338319e+01 -5.636066168e+02 -5.636066168e+02 -2.8863e+00 +3.4440e+00 -1.8026e+00
265 0 +1.473595032e+01 -5.636640497e+02 -5.636640497e+02 -4.4449e+00 +5.0000e+00 -2.0464e+00
269 0 +6.665412478e+00 -5.717345875e+02 -5.717345875e+02 -5.0000e+00 +5.0000e+00 -1.9543e+00
285 0 +6.490430680e+00 -5.719095693e+02 -5.719095693e+02 -2.3329e+00 +1.0623e+00 -1.9798e+00
395 0 +5.017342186e+00 -5.733826578e+02 -5.733826578e+02 -4.1990e+00 +5.0000e+00 -2.3301e+00
775 0 +2.701159290e+00 -5.756988407e+02 -5.756988407e+02 -3.6491e+00 +4.4755e+00 -2.7456e+00
903 0 +2.665163159e+00 -5.757348368e+02 -5.757348368e+02 -4.0132e+00 +5.0000e+00 -2.5079e+00
963 0 +2.420322051e+00 -5.759796779e+02 -5.759796779e+02 -4.0148e+00 +5.0000e+00 -2.5187e+00
1387 0 +2.095581176e+00 -5.763044188e+02 -5.763044188e+02 -3.8013e+00 +5.0000e+00 -2.6409e+00
1541 0 +1.690043337e+00 -5.767099567e+02 -5.767099567e+02 -3.3917e+00 +3.8671e+00 -2.7649e+00
1873 0 +1.199046133e+00 -5.772009539e+02 -5.772009539e+02 -3.6127e+00 +4.4336e+00 -2.6070e+00
2077 0 +1.144139257e+00 -5.772558607e+02 -5.772558607e+02 -3.8604e+00 +4.8012e+00 -2.5727e+00
2261 0 +8.034763952e-01 -5.775965236e+02 -5.775965236e+02 -3.6483e+00 +3.8671e+00 -2.5822e+00
2349 0 +7.017918871e-01 -5.776982081e+02 -5.776982081e+02 -3.7362e+00 +4.2000e+00 -2.5917e+00
2549 0 +5.633807386e-01 -5.778366193e+02 -5.778366193e+02 -3.6683e+00 +4.2000e+00 -2.5917e+00
2701 0 +4.605061171e-01 -5.779394939e+02 -5.779394939e+02 -3.6483e+00 +4.2403e+00 -2.6107e+00
3075 0 +3.842762106e-01 -5.780157238e+02 -5.780157238e+02 -3.5007e+00 +3.9320e+00 -2.6709e+00
3167 0 +3.134373922e-01 -5.780865626e+02 -5.780865626e+02 -3.6336e+00 +4.1485e+00 -2.6049e+00
3579 0 +2.218083051e-01 -5.781781917e+02 -5.781781917e+02 -3.5602e+00 +4.0139e+00 -2.6483e+00
4889 0 +1.874656070e-01 -5.782125344e+02 -5.782125344e+02 -3.5816e+00 +4.0057e+00 -2.6244e+00
5209 0 +1.778694988e-01 -5.782221305e+02 -5.782221305e+02 -3.5816e+00 +4.0083e+00 -2.6244e+00
5485 0 +1.722971435e-01 -5.782277029e+02 -5.782277029e+02 -3.5699e+00 +3.9932e+00 -2.6409e+00
5581 0 +6.634816514e-02 -5.783336518e+02 -5.783336518e+02 -3.5770e+00 +4.0078e+00 -2.6346e+00
5761 0 +3.855050697e-02 -5.783614495e+02 -5.783614495e+02 -3.5448e+00 +3.9163e+00 -2.6424e+00
8453 0 +3.634343160e-02 -5.783636566e+02 -5.783636566e+02 -3.5454e+00 +3.9113e+00 -2.6447e+00
8629 0 +2.758363769e-02 -5.783724164e+02 -5.783724164e+02 -3.5463e+00 +3.9161e+00 -2.6458e+00
9955 0 +3.577951096e-03 -5.783964220e+02 -5.783964220e+02 -3.5454e+00 +3.9202e+00 -2.6439e+00
12919 0 +3.414450290e-03 -5.783965855e+02 -5.783965855e+02 -3.5462e+00 +3.9221e+00 -2.6439e+00
13361 0 +2.210845593e-03 -5.783977892e+02 -5.783977892e+02 -3.5453e+00 +3.9188e+00 -2.6441e+00
13715 0 +1.279555490e-03 -5.783987204e+02 -5.783987204e+02 -3.5454e+00 +3.9198e+00 -2.6441e+00
15925 0 +1.234327741e-03 -5.783987657e+02 -5.783987657e+02 -3.5453e+00 +3.9188e+00 -2.6442e+00
15935 0 +1.121729580e-03 -5.783988783e+02 -5.783988783e+02 -3.5453e+00 +3.9189e+00 -2.6441e+00
15965 0 +1.007969228e-03 -5.783989920e+02 -5.783989920e+02 -3.5453e+00 +3.9194e+00 -2.6442e+00
16245 0 +9.949408126e-04 -5.783990051e+02 -5.783990051e+02 -3.5453e+00 +3.9194e+00 -2.6442e+00
16361 0 +5.460702711e-04 -5.783994539e+02 -5.783994539e+02 -3.5452e+00 +3.9190e+00 -2.6441e+00
17909 0 +2.724575616e-04 -5.783997275e+02 -5.783997275e+02 -3.5455e+00 +3.9199e+00 -2.6440e+00
18749 0 +2.401853462e-04 -5.783997598e+02 -5.783997598e+02 -3.5455e+00 +3.9199e+00 -2.6440e+00
19033 0 +2.298350813e-04 -5.783997702e+02 -5.783997702e+02 -3.5456e+00 +3.9199e+00 -2.6440e+00
19133 0 +1.090006199e-04 -5.783998910e+02 -5.783998910e+02 -3.5456e+00 +3.9200e+00 -2.6440e+00
24329 0 +4.726414784e-05 -5.783999527e+02 -5.783999527e+02 -3.5456e+00 +3.9200e+00 -2.6440e+00
25613 0 +3.966404745e-05 -5.783999603e+02 -5.783999603e+02 -3.5456e+00 +3.9200e+00 -2.6440e+00
26889 0 +3.562436268e-05 -5.783999644e+02 -5.783999644e+02 -3.5456e+00 +3.9200e+00 -2.6440e+00
27761 0 +3.512381295e-05 -5.783999649e+02 -5.783999649e+02 -3.5456e+00 +3.9200e+00 -2.6440e+00
28051 0 +2.465146031e-05 -5.783999753e+02 -5.783999753e+02 -3.5456e+00 +3.9200e+00 -2.6440e+00
29355 0 +1.228927499e-05 -5.783999877e+02 -5.783999877e+02 -3.5456e+00 +3.9200e+00 -2.6440e+00
30875 0 +5.699376402e-06 -5.783999943e+02 -5.783999943e+02 -3.5456e+00 +3.9200e+00 -2.6440e+00
32257 0 +3.620829034e-06 -5.783999964e+02 -5.783999964e+02 -3.5456e+00 +3.9200e+00 -2.6440e+00
32293 0 +2.781818921e-06 -5.783999972e+02 -5.783999972e+02 -3.5456e+00 +3.9200e+00 -2.6440e+00
34515 0 +2.227098321e-06 -5.783999978e+02 -5.783999978e+02 -3.5456e+00 +3.9200e+00 -2.6440e+00
35949 0 +1.143791224e-06 -5.783999989e+02 -5.783999989e+02 -3.5456e+00 +3.9200e+00 -2.6440e+00
36399 0 +8.262495612e-07 -5.783999992e+02 -5.783999992e+02 -3.5456e+00 +3.9200e+00 -2.6440e+00
37701 0 +5.969932317e-07 -5.783999994e+02 -5.783999994e+02 -3.5456e+00 +3.9200e+00 -2.6440e+00
37809 0 +5.653953394e-07 -5.783999994e+02 -5.783999994e+02 -3.5456e+00 +3.9200e+00 -2.6440e+00
38107 0 +5.342558325e-07 -5.783999995e+02 -5.783999995e+02 -3.5456e+00 +3.9200e+00 -2.6440e+00
38389 0 +2.593727686e-07 -5.783999997e+02 -5.783999997e+02 -3.5456e+00 +3.9200e+00 -2.6440e+00
39239 0 +1.782282197e-07 -5.783999998e+02 -5.783999998e+02 -3.5456e+00 +3.9200e+00 -2.6440e+00
39603 0 +1.203735565e-07 -5.783999999e+02 -5.783999999e+02 -3.5456e+00 +3.9200e+00 -2.6440e+00
% f evaluations | g evaluations | best noise-free fitness - Fopt (1.000000000000e+03) + sum g_i+ | measured fitness | best measured fitness or single-digit g-values | x1 | x2...
1 0 +3.137326061e+01 +1.031373261e+03 +1.031373261e+03 +1.3059e+00 -3.8253e+00 -1.2345e+00
10 0 +1.954235792e+01 +1.019542358e+03 +1.019542358e+03 -1.1833e+00 -2.6919e+00 -1.0180e+00
29 0 +1.760685703e+01 +1.017606857e+03 +1.017606857e+03 -2.8382e+00 -4.0293e+00 -2.3282e-01
167 0 +1.121357226e+01 +1.011213572e+03 +1.011213572e+03 +2.7951e+00 -3.5009e+00 -5.0000e+00
239 0 +9.368289290e+00 +1.009368289e+03 +1.009368289e+03 -2.1167e+00 -2.6919e+00 -1.0180e+00
325 0 +2.789022341e+00 +1.002789022e+03 +1.002789022e+03 -3.3957e+00 -3.7173e+00 -5.6192e-01
639 0 +2.221400595e+00 +1.002221401e+03 +1.002221401e+03 -3.0103e+00 -3.1970e+00 -9.3723e-01
843 0 +1.372339142e+00 +1.001372339e+03 +1.001372339e+03 -3.3158e+00 -3.4988e+00 -6.8285e-01
911 0 +9.846546358e-01 +1.000984655e+03 +1.000984655e+03 -2.7577e+00 -3.1076e+00 -9.3214e-01
1023 0 +6.278944868e-01 +1.000627894e+03 +1.000627894e+03 -3.0538e+00 -3.4003e+00 -7.7584e-01
1631 0 +4.895547250e-01 +1.000489555e+03 +1.000489555e+03 -2.7577e+00 -3.1829e+00 -9.3214e-01
1679 0 +1.111615117e-01 +1.000111162e+03 +1.000111162e+03 -2.7220e+00 -3.1571e+00 -9.3723e-01
4099 0 +8.678142248e-02 +1.000086781e+03 +1.000086781e+03 -2.8683e+00 -3.2463e+00 -8.5796e-01
4597 0 +7.488365037e-02 +1.000074884e+03 +1.000074884e+03 -2.8472e+00 -3.2258e+00 -8.5591e-01
4641 0 +7.303340774e-02 +1.000073033e+03 +1.000073033e+03 -2.8774e+00 -3.2404e+00 -8.3864e-01
4721 0 +5.413261091e-02 +1.000054133e+03 +1.000054133e+03 -2.8774e+00 -3.2404e+00 -8.4200e-01
6673 0 +4.960983856e-02 +1.000049610e+03 +1.000049610e+03 -2.8875e+00 -3.2492e+00 -8.3912e-01
6829 0 +4.828789211e-02 +1.000048288e+03 +1.000048288e+03 -2.9165e+00 -3.2605e+00 -8.2124e-01
6837 0 +3.788071034e-02 +1.000037881e+03 +1.000037881e+03 -2.8474e+00 -3.2318e+00 -8.6127e-01
7361 0 +6.286726179e-03 +1.000006287e+03 +1.000006287e+03 -2.8707e+00 -3.2404e+00 -8.4693e-01
10001 0 +2.078756193e-03 +1.000002079e+03 +1.000002079e+03 -2.8707e+00 -3.2408e+00 -8.4693e-01
13849 0 +1.946915552e-03 +1.000001947e+03 +1.000001947e+03 -2.8698e+00 -3.2402e+00 -8.4735e-01
14045 0 +1.876150515e-03 +1.000001876e+03 +1.000001876e+03 -2.8727e+00 -3.2416e+00 -8.4587e-01
14357 0 +1.764888959e-03 +1.000001765e+03 +1.000001765e+03 -2.8717e+00 -3.2411e+00 -8.4623e-01
15373 0 +1.479238255e-03 +1.000001479e+03 +1.000001479e+03 -2.8720e+00 -3.2412e+00 -8.4608e-01
15443 0 +9.930335095e-04 +1.000000993e+03 +1.000000993e+03 -2.8717e+00 -3.2411e+00 -8.4621e-01
16401 0 +3.411306620e-04 +1.000000341e+03 +1.000000341e+03 -2.8726e+00 -3.2415e+00 -8.4574e-01
19121 0 +2.744979171e-04 +1.000000274e+03 +1.000000274e+03 -2.8727e+00 -3.2415e+00 -8.4570e-01
19381 0 +2.565257591e-04 +1.000000257e+03 +1.000000257e+03 -2.8729e+00 -3.2417e+00 -8.4557e-01
20111 0 +1.085427629e-04 +1.000000109e+03 +1.000000109e+03 -2.8728e+00 -3.2416e+00 -8.4560e-01
22879 0 +1.053972885e-04 +1.000000105e+03 +1.000000105e+03 -2.8728e+00 -3.2416e+00 -8.4559e-01
23027 0 +4.436749327e-05 +1.000000044e+03 +1.000000044e+03 -2.8728e+00 -3.2416e+00 -8.4562e-01
25105 0 +3.781293390e-05 +1.000000038e+03 +1.000000038e+03 -2.8728e+00 -3.2416e+00 -8.4558e-01
25555 0 +3.382834325e-05 +1.000000034e+03 +1.000000034e+03 -2.8728e+00 -3.2416e+00 -8.4561e-01
25689 0 +2.283792537e-05 +1.000000023e+03 +1.000000023e+03 -2.8728e+00 -3.2416e+00 -8.4560e-01
25729 0 +2.122010778e-05 +1.000000021e+03 +1.000000021e+03 -2.8728e+00 -3.2416e+00 -8.4560e-01
26399 0 +1.978377509e-05 +1.000000020e+03 +1.000000020e+03 -2.8728e+00 -3.2416e+00 -8.4560e-01
26839 0 +1.322476464e-05 +1.000000013e+03 +1.000000013e+03 -2.8728e+00 -3.2416e+00 -8.4560e-01
27745 0 +3.636055112e-06 +1.000000004e+03 +1.000000004e+03 -2.8728e+00 -3.2416e+00 -8.4560e-01
32091 0 +3.565381803e-06 +1.000000004e+03 +1.000000004e+03 -2.8728e+00 -3.2416e+00 -8.4560e-01
32719 0 +1.352888489e-06 +1.000000001e+03 +1.000000001e+03 -2.8728e+00 -3.2416e+00 -8.4560e-01
33157 0 +9.501836757e-07 +1.000000001e+03 +1.000000001e+03 -2.8728e+00 -3.2416e+00 -8.4560e-01
33609 0 +8.980927078e-07 +1.000000001e+03 +1.000000001e+03 -2.8728e+00 -3.2416e+00 -8.4560e-01
34463 0 +5.893552952e-07 +1.000000001e+03 +1.000000001e+03 -2.8728e+00 -3.2416e+00 -8.4560e-01
34897 0 +4.399005320e-07 +1.000000000e+03 +1.000000000e+03 -2.8728e+00 -3.2416e+00 -8.4560e-01
35065 0 +3.605661050e-07 +1.000000000e+03 +1.000000000e+03 -2.8728e+00 -3.2416e+00 -8.4560e-01
36937 0 +1.249471779e-07 +1.000000000e+03 +1.000000000e+03 -2.8728e+00 -3.2416e+00 -8.4560e-01
38393 0 +5.066294761e-08 +1.000000000e+03 +1.000000000e+03 -2.8728e+00 -3.2416e+00 -8.4560e-01
39941 0 +3.892057521e-08 +1.000000000e+03 +1.000000000e+03 -2.8728e+00 -3.2416e+00 -8.4560e-01
% f evaluations | g evaluations | best noise-free fitness - Fopt (-3.427000000000e+01) + sum g_i+ | measured fitness | best measured fitness or single-digit g-values | x1 | x2...
1 0 +2.809367270e+02 +2.466667270e+02 +2.466667270e+02 +2.0752e+00 -3.1460e+00 +1.9480e+00
2 0 +8.403711685e+01 +4.976711685e+01 +4.976711685e+01 +2.4526e+00 -2.5842e+00 -4.7886e-01
7 0 +7.807988633e+01 +4.380988633e+01 +4.380988633e+01 +4.4720e+00 -4.5286e+00 -3.5871e+00
8 0 +5.994218993e+01 +2.567218993e+01 +2.567218993e+01 -1.7773e+00 +3.4146e+00 -5.4240e-01
11 0 +3.315600227e+01 -1.113997733e+00 -1.113997733e+00 +9.0286e-01 -1.3730e-01 +1.1633e+00
16 0 +5.265289681e+00 -2.900471032e+01 -2.900471032e+01 +2.8809e+00 +8.4407e-01 +5.5475e-01
413 0 +4.380918167e+00 -2.988908183e+01 -2.988908183e+01 +3.6537e+00 +2.4922e-01 -8.5879e-01
521 0 +3.100357972e+00 -3.116964203e+01 -3.116964203e+01 +3.1689e+00 +2.0558e-01 +1.1633e+00
661 0 +2.649765353e+00 -3.162023465e+01 -3.162023465e+01 +2.8948e+00 +4.1585e-01 +1.5917e+00
861 0 +2.328348008e+00 -3.194165199e+01 -3.194165199e+01 +2.8948e+00 +4.2173e-01 +1.5917e+00
1033 0 +1.411484929e+00 -3.285851507e+01 -3.285851507e+01 +3.3797e+00 +2.9390e-01 -8.9032e-02
1587 0 +7.974419036e-01 -3.347255810e+01 -3.347255810e+01 +3.0145e+00 +3.0669e-01 +1.1127e+00
1903 0 +4.698797414e-01 -3.380012026e+01 -3.380012026e+01 +3.1112e+00 +3.5873e-01 +6.7550e-01
2813 0 +4.175653971e-01 -3.385243460e+01 -3.385243460e+01 +3.1371e+00 +3.3053e-01 +7.6189e-01
3133 0 +2.580403470e-01 -3.401195965e+01 -3.401195965e+01 +3.1311e+00 +3.3053e-01 +7.6189e-01
3213 0 +2.490081292e-01 -3.402099187e+01 -3.402099187e+01 +3.1311e+00 +3.3053e-01 +7.6363e-01
3359 0 +2.259957945e-01 -3.404400421e+01 -3.404400421e+01 +3.1406e+00 +3.6707e-01 +7.0264e-01
3719 0 +2.138309608e-01 -3.405616904e+01 -3.405616904e+01 +3.1499e+00 +3.6707e-01 +6.8621e-01
3903 0 +1.422401866e-01 -3.412775981e+01 -3.412775981e+01 +3.1509e+00 +3.5873e-01 +6.7550e-01
4301 0 +6.671136672e-02 -3.420328863e+01 -3.420328863e+01 +3.1351e+00 +3.7435e-01 +6.9528e-01
4567 0 +1.845538833e-02 -3.425154461e+01 -3.425154461e+01 +3.1256e+00 +3.7611e-01 +7.2713e-01
5713 0 +1.638633666e-02 -3.425361366e+01 -3.425361366e+01 +3.1276e+00 +3.7788e-01 +7.1719e-01
5723 0 +1.493234873e-02 -3.425506765e+01 -3.425506765e+01 +3.1286e+00 +3.7644e-01 +7.1393e-01
5987 0 +7.632495803e-03 -3.426236750e+01 -3.426236750e+01 +3.1254e+00 +3.7719e-01 +7.2405e-01
8147 0 +6.957676355e-03 -3.426304232e+01 -3.426304232e+01 +3.1254e+00 +3.7782e-01 +7.2405e-01
8559 0 +6.635926860e-03 -3.426336407e+01 -3.426336407e+01 +3.1218e+00 +3.7881e-01 +7.3537e-01
9193 0 +5.882625983e-03 -3.426411737e+01 -3.426411737e+01 +3.1298e+00 +3.7611e-01 +7.1067e-01
9233 0 +5.625741826e-03 -3.426437426e+01 -3.426437426e+01 +3.1267e+00 +3.7775e-01 +7.1823e-01
9273 0 +3.032414276e-03 -3.426696759e+01 -3.426696759e+01 +3.1267e+00 +3.7817e-01 +7.1823e-01
9387 0 +1.796048510e-03 -3.426820395e+01 -3.426820395e+01 +3.1281e+00 +3.7722e-01 +7.1507e-01
11853 0 +1.600521083e-03 -3.426839948e+01 -3.426839948e+01 +3.1267e+00 +3.7774e-01 +7.1890e-01
12013 0 +1.387415925e-03 -3.426861258e+01 -3.426861258e+01 +3.1271e+00 +3.7774e-01 +7.1759e-01
13343 0 +1.178313170e-03 -3.426882169e+01 -3.426882169e+01 +3.1274e+00 +3.7762e-01 +7.1699e-01
13385 0 +1.086678457e-03 -3.426891332e+01 -3.426891332e+01 +3.1269e+00 +3.7781e-01 +7.1836e-01
14369 0 +1.019180492e-03 -3.426898082e+01 -3.426898082e+01 +3.1272e+00 +3.7760e-01 +7.1763e-01
14571 0 +1.641035306e-04 -3.426983590e+01 -3.426983590e+01 +3.1272e+00 +3.7758e-01 +7.1752e-01
16485 0 +1.376303700e-04 -3.426986237e+01 -3.426986237e+01 +3.1272e+00 +3.7759e-01 +7.1754e-01
17191 0 +1.334175967e-04 -3.426986658e+01 -3.426986658e+01 +3.1272e+00 +3.7759e-01 +7.1758e-01
17783 0 +6.839622088e-05 -3.426993160e+01 -3.426993160e+01 +3.1272e+00 +3.7761e-01 +7.1764e-01
17823 0 +6.035588037e-05 -3.426993964e+01 -3.426993964e+01 +3.1272e+00 +3.7761e-01 +7.1764e-01
18403 0 +3.698808008e-05 -3.426996301e+01 -3.426996301e+01 +3.1272e+00 +3.7760e-01 +7.1760e-01
18563 0 +3.263398673e-05 -3.426996737e+01 -3.426996737e+01 +3.1272e+00 +3.7760e-01 +7.1759e-01
19501 0 +3.116610559e-05 -3.426996883e+01 -3.426996883e+01 +3.1272e+00 +3.7761e-01 +7.1762e-01
19741 0 +3.013774162e-05 -3.426996986e+01 -3.426996986e+01 +3.1272e+00 +3.7760e-01 +7.1762e-01
20349 0 +2.034212760e-05 -3.426997966e+01 -3.426997966e+01 +3.1272e+00 +3.7760e-01 +7.1759e-01
21131 0 +1.959661498e-05 -3.426998040e+01 -3.426998040e+01 +3.1272e+00 +3.7760e-01 +7.1762e-01
21287 0 +1.937734740e-05 -3.426998062e+01 -3.426998062e+01 +3.1272e+00 +3.7760e-01 +7.1760e-01
21331 0 +1.677903492e-05 -3.426998322e+01 -3.426998322e+01 +3.1272e+00 +3.7760e-01 +7.1762e-01
21339 0 +9.031199014e-06 -3.426999097e+01 -3.426999097e+01 +3.1272e+00 +3.7760e-01 +7.1760e-01
23143 0 +1.909658295e-06 -3.426999809e+01 -3.426999809e+01 +3.1272e+00 +3.7760e-01 +7.1760e-01
23989 0 +1.866994232e-06 -3.426999813e+01 -3.426999813e+01 +3.1272e+00 +3.7760e-01 +7.1760e-01
24667 0 +1.348364385e-06 -3.426999865e+01 -3.426999865e+01 +3.1272e+00 +3.7760e-01 +7.1760e-01
24775 0 +9.916684007e-07 -3.426999901e+01 -3.426999901e+01 +3.1272e+00 +3.7760e-01 +7.1760e-01
25073 0 +7.509720206e-07 -3.426999925e+01 -3.426999925e+01 +3.1272e+00 +3.7760e-01 +7.1760e-01
25851 0 +6.665043628e-07 -3.426999933e+01 -3.426999933e+01 +3.1272e+00 +3.7760e-01 +7.1760e-01
26033 0 +6.412013462e-07 -3.426999936e+01 -3.426999936e+01 +3.1272e+00 +3.7760e-01 +7.1760e-01
26447 0 +5.677016404e-07 -3.426999943e+01 -3.426999943e+01 +3.1272e+00 +3.7760e-01 +7.1760e-01
26633 0 +5.256070565e-07 -3.426999947e+01 -3.426999947e+01 +3.1272e+00 +3.7760e-01 +7.1760e-01
26993 0 +4.197517640e-07 -3.426999958e+01 -3.426999958e+01 +3.1272e+00 +3.7760e-01 +7.1760e-01
27255 0 +3.220405773e-07 -3.426999968e+01 -3.426999968e+01 +3.1272e+00 +3.7760e-01 +7.1760e-01
28037 0 +2.671694261e-07 -3.426999973e+01 -3.426999973e+01 +3.1272e+00 +3.7760e-01 +7.1760e-01
28237 0 +2.485782105e-07 -3.426999975e+01 -3.426999975e+01 +3.1272e+00 +3.7760e-01 +7.1760e-01
28633 0 +1.762071804e-07 -3.426999982e+01 -3.426999982e+01 +3.1272e+00 +3.7760e-01 +7.1760e-01
30605 0 +1.577928401e-07 -3.426999984e+01 -3.426999984e+01 +3.1272e+00 +3.7760e-01 +7.1760e-01
31615 0 +1.073899938e-07 -3.426999989e+01 -3.426999989e+01 +3.1272e+00 +3.7760e-01 +7.1760e-01
32577 0 +1.004179211e-07 -3.426999990e+01 -3.426999990e+01 +3.1272e+00 +3.7760e-01 +7.1760e-01
32615 0 +8.111437921e-08 -3.426999992e+01 -3.426999992e+01 +3.1272e+00 +3.7760e-01 +7.1760e-01
32983 0 +5.329443553e-08 -3.426999995e+01 -3.426999995e+01 +3.1272e+00 +3.7760e-01 +7.1760e-01
33181 0 +5.073066944e-08 -3.426999995e+01 -3.426999995e+01 +3.1272e+00 +3.7760e-01 +7.1760e-01
34183 0 +3.317364872e-08 -3.426999997e+01 -3.426999997e+01 +3.1272e+00 +3.7760e-01 +7.1760e-01
34343 0 +2.028549773e-08 -3.426999998e+01 -3.426999998e+01 +3.1272e+00 +3.7760e-01 +7.1760e-01
34403 0 +1.730458621e-08 -3.426999998e+01 -3.426999998e+01 +3.1272e+00 +3.7760e-01 +7.1760e-01
34851 0 +1.481597423e-08 -3.426999999e+01 -3.426999999e+01 +3.1272e+00 +3.7760e-01 +7.1760e-01
35083 0 +1.168314867e-08 -3.426999999e+01 -3.426999999e+01 +3.1272e+00 +3.7760e-01 +7.1760e-01
35265 0 +9.380478616e-09 -3.426999999e+01 -3.426999999e+01 +3.1272e+00 +3.7760e-01 +7.1760e-01
% f evaluations | g evaluations | best noise-free fitness - Fopt (1.000000000000e+03) + sum g_i+ | measured fitness | best measured fitness or single-digit g-values | x1 | x2...
1 0 +3.956068445e+01 +1.039560684e+03 +1.039560684e+03 -7.9491e-01 +1.3338e-01 +4.0597e+00
3 0 +7.058449361e+00 +1.007058449e+03 +1.007058449e+03 -8.0937e-01 +2.3928e+00 +1.5076e+00
643 0 +6.264504503e+00 +1.006264505e+03 +1.006264505e+03 -2.3246e+00 -1.9119e+00 +3.3591e+00
961 0 +3.818855864e+00 +1.003818856e+03 +1.003818856e+03 -1.8249e+00 +1.6842e-01 +2.2602e+00
981 0 +2.286688847e+00 +1.002286689e+03 +1.002286689e+03 -2.0221e+00 -5.4678e-01 +2.6586e+00
1933 0 +1.810265956e+00 +1.001810266e+03 +1.001810266e+03 -1.8427e+00 +2.8898e-01 +2.3273e+00
2601 0 +1.229129246e+00 +1.001229129e+03 +1.001229129e+03 -1.8249e+00 +2.8803e-01 +2.2602e+00
3425 0 +1.112333987e+00 +1.001112334e+03 +1.001112334e+03 -2.0251e+00 -1.6600e-01 +2.4200e+00
3433 0 +8.826741087e-01 +1.000882674e+03 +1.000882674e+03 -1.5629e+00 +1.0408e+00 +1.9063e+00
3855 0 +7.651918609e-01 +1.000765192e+03 +1.000765192e+03 -1.5568e+00 +1.4100e+00 +1.5590e+00
5767 0 +6.831696710e-01 +1.000683170e+03 +1.000683170e+03 -1.2422e+00 +1.9623e+00 +1.4250e+00
6533 0 +3.846334383e-01 +1.000384633e+03 +1.000384633e+03 -1.5596e+00 +1.3067e+00 +1.6575e+00
6683 0 +3.242613359e-01 +1.000324261e+03 +1.000324261e+03 -1.6192e+00 +1.1762e+00 +1.7237e+00
7615 0 +3.036482679e-01 +1.000303648e+03 +1.000303648e+03 -1.5045e+00 +1.4755e+00 +1.5729e+00
7665 0 +1.172182568e-01 +1.000117218e+03 +1.000117218e+03 -1.4113e+00 +1.6751e+00 +1.4980e+00
11213 0 +1.091095952e-01 +1.000109110e+03 +1.000109110e+03 -1.5305e+00 +1.3748e+00 +1.6307e+00
12665 0 +5.788416040e-02 +1.000057884e+03 +1.000057884e+03 -1.5024e+00 +1.4609e+00 +1.5884e+00
15473 0 +4.746014441e-02 +1.000047460e+03 +1.000047460e+03 -1.4983e+00 +1.4709e+00 +1.5801e+00
15953 0 +4.599398648e-02 +1.000045994e+03 +1.000045994e+03 -1.4983e+00 +1.4709e+00 +1.5801e+00
16769 0 +4.554478024e-02 +1.000045545e+03 +1.000045545e+03 -1.4876e+00 +1.4995e+00 +1.5696e+00
18615 0 +2.458403816e-02 +1.000024584e+03 +1.000024584e+03 -1.5124e+00 +1.4242e+00 +1.6047e+00
20231 0 +2.164431711e-02 +1.000021644e+03 +1.000021644e+03 -1.5039e+00 +1.4477e+00 +1.5960e+00
20345 0 +1.398825134e-02 +1.000013988e+03 +1.000013988e+03 -1.5041e+00 +1.4442e+00 +1.5958e+00
20979 0 +1.262659239e-02 +1.000012627e+03 +1.000012627e+03 -1.5021e+00 +1.4526e+00 +1.5926e+00
21345 0 +3.691809954e-03 +1.000003692e+03 +1.000003692e+03 -1.5041e+00 +1.4467e+00 +1.5946e+00
23265 0 +3.476592486e-03 +1.000003477e+03 +1.000003477e+03 -1.5041e+00 +1.4467e+00 +1.5947e+00
25903 0 +2.948579327e-03 +1.000002949e+03 +1.000002949e+03 -1.5038e+00 +1.4489e+00 +1.5932e+00
26303 0 +1.744578896e-03 +1.000001745e+03 +1.000001745e+03 -1.5038e+00 +1.4488e+00 +1.5932e+00
26823 0 +1.369328922e-03 +1.000001369e+03 +1.000001369e+03 -1.5038e+00 +1.4482e+00 +1.5936e+00
27739 0 +9.547432420e-04 +1.000000955e+03 +1.000000955e+03 -1.5041e+00 +1.4479e+00 +1.5937e+00
27841 0 +7.705722223e-04 +1.000000771e+03 +1.000000771e+03 -1.5039e+00 +1.4481e+00 +1.5936e+00
28161 0 +4.208140656e-04 +1.000000421e+03 +1.000000421e+03 -1.5040e+00 +1.4481e+00 +1.5936e+00
28219 0 +2.316750941e-04 +1.000000232e+03 +1.000000232e+03 -1.5041e+00 +1.4479e+00 +1.5936e+00
30951 0 +1.318751490e-04 +1.000000132e+03 +1.000000132e+03 -1.5040e+00 +1.4480e+00 +1.5936e+00
31407 0 +8.160975074e-05 +1.000000082e+03 +1.000000082e+03 -1.5040e+00 +1.4480e+00 +1.5936e+00
32447 0 +4.123939982e-05 +1.000000041e+03 +1.000000041e+03 -1.5040e+00 +1.4480e+00 +1.5936e+00
32893 0 +3.156806201e-05 +1.000000032e+03 +1.000000032e+03 -1.5040e+00 +1.4480e+00 +1.5936e+00
33323 0 +2.955213529e-05 +1.000000030e+03 +1.000000030e+03 -1.5040e+00 +1.4480e+00 +1.5936e+00
33533 0 +2.931009317e-05 +1.000000029e+03 +1.000000029e+03 -1.5040e+00 +1.4480e+00 +1.5936e+00
33781 0 +1.256761766e-05 +1.000000013e+03 +1.000000013e+03 -1.5040e+00 +1.4480e+00 +1.5936e+00
39663 0 +9.345837270e-06 +1.000000009e+03 +1.000000009e+03 -1.5040e+00 +1.4480e+00 +1.5936e+00
39739 0 +9.295727523e-06 +1.000000009e+03 +1.000000009e+03 -1.5040e+00 +1.4480e+00 +1.5936e+00
% f evaluations | g evaluations | best noise-free fitness - Fopt (-1.700300000000e+02) + sum g_i+ | measured fitness | best measured fitness or single-digit g-values | x1 | x2...
1 0 +1.868990813e+02 +1.686908130e+01 +1.686908130e+01 +1.0350e+00 +2.7733e+00 -3.7322e+00
3 0 +9.953627465e+01 -7.049372535e+01 -7.049372535e+01 -2.3021e-01 -4.6233e-01 -3.1440e+00
9 0 +6.092234689e+01 -1.091076531e+02 -1.091076531e+02 -2.4070e-01 +1.3432e+00 -1.5017e+00
39 0 +3.098638488e+01 -1.390436151e+02 -1.390436151e+02 +3.4397e+00 -4.0572e+00 -3.1816e+00
117 0 +2.072133707e+01 -1.493086629e+02 -1.493086629e+02 -2.4070e-01 -3.2967e+00 -1.5017e+00
185 0 +1.628910981e+01 -1.537408902e+02 -1.537408902e+02 +2.2873e-02 -4.6233e-01 -4.1550e-01
237 0 +5.465608802e+00 -1.645643912e+02 -1.645643912e+02 -2.4070e-01 -4.0017e+00 -1.5017e+00
407 0 +4.583788409e+00 -1.654462116e+02 -1.654462116e+02 +6.7178e-01 -3.7011e+00 -1.5746e+00
619 0 +4.267757112e+00 -1.657622429e+02 -1.657622429e+02 +4.8015e-01 -4.4866e+00 -1.7021e+00
673 0 +1.794017997e+00 -1.682359820e+02 -1.682359820e+02 +5.4466e-01 -2.3504e+00 -1.4933e+00
1225 0 +1.488564193e+00 -1.685414358e+02 -1.685414358e+02 +4.2438e-01 -3.0511e+00 -1.4347e+00
1257 0 +1.420856180e+00 -1.686091438e+02 -1.686091438e+02 +4.2758e-01 -2.6324e+00 -1.5250e+00
1307 0 +1.208972691e+00 -1.688210273e+02 -1.688210273e+02 +3.9960e-01 -2.7047e+00 -1.4341e+00
1555 0 +9.726802537e-01 -1.690573197e+02 -1.690573197e+02 +4.8185e-01 -2.8248e+00 -1.5134e+00
1749 0 +3.167059329e-01 -1.697132941e+02 -1.697132941e+02 +4.2878e-01 -2.8068e+00 -1.4856e+00
2243 0 +2.446952137e-01 -1.697853048e+02 -1.697853048e+02 +4.5461e-01 -2.7801e+00 -1.5088e+00
2785 0 +1.743244835e-01 -1.698556755e+02 -1.698556755e+02 +4.2438e-01 -3.0511e+00 -1.5595e+00
3545 0 +1.467312549e-01 -1.698832687e+02 -1.698832687e+02 +4.2438e-01 -3.0876e+00 -1.5636e+00
3863 0 +8.773081785e-02 -1.699422692e+02 -1.699422692e+02 +4.1829e-01 -3.0076e+00 -1.5458e+00
4553 0 +8.331192700e-02 -1.699466881e+02 -1.699466881e+02 +4.2155e-01 -2.8922e+00 -1.5194e+00
4705 0 +4.010408462e-02 -1.699898959e+02 -1.699898959e+02 +4.1302e-01 -3.1155e+00 -1.5581e+00
6003 0 +8.865301486e-03 -1.700211347e+02 -1.700211347e+02 +4.1155e-01 -3.0179e+00 -1.5403e+00
8237 0 +6.653953133e-03 -1.700233460e+02 -1.700233460e+02 +4.1029e-01 -3.0170e+00 -1.5393e+00
8357 0 +5.465229568e-03 -1.700245348e+02 -1.700245348e+02 +4.1029e-01 -3.0205e+00 -1.5401e+00
9473 0 +3.634383794e-03 -1.700263656e+02 -1.700263656e+02 +4.1077e-01 -3.0189e+00 -1.5402e+00
9633 0 +3.512909851e-03 -1.700264871e+02 -1.700264871e+02 +4.1091e-01 -3.0189e+00 -1.5402e+00
10233 0 +2.968532419e-03 -1.700270315e+02 -1.700270315e+02 +4.1026e-01 -3.0193e+00 -1.5400e+00
10379 0 +2.869407074e-03 -1.700271306e+02 -1.700271306e+02 +4.1027e-01 -3.0164e+00 -1.5394e+00
10433 0 +2.155872726e-03 -1.700278441e+02 -1.700278441e+02 +4.1026e-01 -3.0193e+00 -1.5399e+00
10847 0 +1.298420620e-03 -1.700287016e+02 -1.700287016e+02 +4.1040e-01 -3.0159e+00 -1.5394e+00
11025 0 +1.036225518e-03 -1.700289638e+02 -1.700289638e+02 +4.1035e-01 -3.0192e+00 -1.5400e+00
11785 0 +7.638981154e-04 -1.700292361e+02 -1.700292361e+02 +4.1042e-01 -3.0192e+00 -1.5400e+00
12545 0 +3.237121899e-04 -1.700296763e+02 -1.700296763e+02 +4.1036e-01 -3.0191e+00 -1.5400e+00
12989 0 +2.591498774e-04 -1.700297409e+02 -1.700297409e+02 +4.1043e-01 -3.0194e+00 -1.5400e+00
14505 0 +2.445498696e-04 -1.700297555e+02 -1.700297555e+02 +4.1037e-01 -3.0191e+00 -1.5400e+00
15581 0 +1.788168134e-04 -1.700298212e+02 -1.700298212e+02 +4.1039e-01 -3.0191e+00 -1.5400e+00
16381 0 +1.735976182e-04 -1.700298264e+02 -1.700298264e+02 +4.1039e-01 -3.0191e+00 -1.5400e+00
17567 0 +1.202012213e-04 -1.700298798e+02 -1.700298798e+02 +4.1040e-01 -3.0194e+00 -1.5400e+00
18613 0 +6.324179779e-05 -1.700299368e+02 -1.700299368e+02 +4.1040e-01 -3.0192e+00 -1.5400e+00
19327 0 +4.669860834e-05 -1.700299533e+02 -1.700299533e+02 +4.1040e-01 -3.0192e+00 -1.5400e+00
19567 0 +4.242171485e-05 -1.700299576e+02 -1.700299576e+02 +4.1040e-01 -3.0192e+00 -1.5400e+00
19909 0 +3.316381103e-05 -1.700299668e+02 -1.700299668e+02 +4.1040e-01 -3.0192e+00 -1.5400e+00
20467 0 +3.310543303e-05 -1.700299669e+02 -1.700299669e+02 +4.1040e-01 -3.0192e+00 -1.5400e+00
20709 0 +3.229033808e-05 -1.700299677e+02 -1.700299677e+02 +4.1040e-01 -3.0192e+00 -1.5400e+00
20855 0 +3.118528511e-05 -1.700299688e+02 -1.700299688e+02 +4.1040e-01 -3.0192e+00 -1.5400e+00
20997 0 +2.699406960e-05 -1.700299730e+02 -1.700299730e+02 +4.1040e-01 -3.0192e+00 -1.5400e+00
22237 0 +1.984101249e-05 -1.700299802e+02 -1.700299802e+02 +4.1040e-01 -3.0192e+00 -1.5400e+00
23237 0 +1.492641474e-05 -1.700299851e+02 -1.700299851e+02 +4.1040e-01 -3.0192e+00 -1.5400e+00
24237 0 +1.149966820e-05 -1.700299885e+02 -1.700299885e+02 +4.1040e-01 -3.0192e+00 -1.5400e+00
24469 0 +1.009268294e-05 -1.700299899e+02 -1.700299899e+02 +4.1040e-01 -3.0192e+00 -1.5400e+00
24917 0 +1.246417952e-06 -1.700299988e+02 -1.700299988e+02 +4.1040e-01 -3.0192e+00 -1.5400e+00
28275 0 +8.037468433e-07 -1.700299992e+02 -1.700299992e+02 +4.1040e-01 -3.0192e+00 -1.5400e+00
29339 0 +7.822059729e-07 -1.700299992e+02 -1.700299992e+02 +4.1040e-01 -3.0192e+00 -1.5400e+00
29377 0 +5.709700872e-07 -1.700299994e+02 -1.700299994e+02 +4.1040e-01 -3.0192e+00 -1.5400e+00
30027 0 +4.913790974e-07 -1.700299995e+02 -1.700299995e+02 +4.1040e-01 -3.0192e+00 -1.5400e+00
30227 0 +3.952195868e-07 -1.700299996e+02 -1.700299996e+02 +4.1040e-01 -3.0192e+00 -1.5400e+00
31307 0 +3.780353666e-07 -1.700299996e+02 -1.700299996e+02 +4.1040e-01 -3.0192e+00 -1.5400e+00
31393 0 +3.610599038e-07 -1.700299996e+02 -1.700299996e+02 +4.1040e-01 -3.0192e+00 -1.5400e+00
31453 0 +8.001632068e-08 -1.700299999e+02 -1.700299999e+02 +4.1040e-01 -3.0192e+00 -1.5400e+00
33655 0 +6.799754715e-08 -1.700299999e+02 -1.700299999e+02 +4.1040e-01 -3.0192e+00 -1.5400e+00
33769 0 +2.441103675e-08 -1.700300000e+02 -1.700300000e+02 +4.1040e-01 -3.0192e+00 -1.5400e+00
34649 0 +2.262470389e-08 -1.700300000e+02 -1.700300000e+02 +4.1040e-01 -3.0192e+00 -1.5400e+00
35449 0 +1.392081117e-08 -1.700300000e+02 -1.700300000e+02 +4.1040e-01 -3.0192e+00 -1.5400e+00
36215 0 +1.315532927e-08 -1.700300000e+02 -1.700300000e+02 +4.1040e-01 -3.0192e+00 -1.5400e+00
36225 0 +1.181987841e-08 -1.700300000e+02 -1.700300000e+02 +4.1040e-01 -3.0192e+00 -1.5400e+00
36319 0 +8.670895113e-09 -1.700300000e+02 -1.700300000e+02 +4.1040e-01 -3.0192e+00 -1.5400e+00
% f evaluations | g evaluations | best noise-free fitness - Fopt (2.567000000000e+01) + sum g_i+ | measured fitness | best measured fitness or single-digit g-values | x1 | x2...
1 0 +1.108632749e+02 +1.365332749e+02 +1.365332749e+02 -1.5686e+00 +1.4961e+00 -3.0353e+00
2 0 +7.645424603e+01 +1.021242460e+02 +1.021242460e+02 +2.6458e+00 +2.8466e-01 +3.1087e+00
3 0 +5.400444802e+01 +7.967444802e+01 +7.967444802e+01 -1.7398e+00 +1.5510e+00 -1.9807e+00
5 0 +3.591392893e+01 +6.158392893e+01 +6.158392893e+01 +1.4776e+00 -1.1258e+00 +3.4197e+00
12 0 +3.439790135e+01 +6.006790135e+01 +6.006790135e+01 -2.8041e+00 -2.7493e+00 +3.5957e+00
20 0 +2.432567568e+01 +4.999567568e+01 +4.999567568e+01 +2.8816e+00 +7.9680e-01 -2.4543e+00
117 0 +1.155091835e+01 +3.722091835e+01 +3.722091835e+01 +1.4380e+00 -2.8269e-01 -1.2297e+00
289 0 +1.131482679e+01 +3.698482679e+01 +3.698482679e+01 +3.4377e-01 -1.3272e+00 +1.9074e+00
633 0 +1.010436086e+01 +3.577436086e+01 +3.577436086e+01 -7.4503e-01 -3.8758e+00 +4.0998e+00
677 0 +8.929285798e+00 +3.459928580e+01 +3.459928580e+01 +1.9419e+00 -2.8269e-01 -1.2297e+00
727 0 +6.868891317e+00 +3.253889132e+01 +3.253889132e+01 +6.7296e-01 -3.7641e+00 +3.0559e+00
975 0 +5.889613791e+00 +3.155961379e+01 +3.155961379e+01 +8.1443e-01 -2.1963e+00 +1.7156e+00
1215 0 +2.064757902e+00 +2.773475790e+01 +2.773475790e+01 +8.1443e-01 -2.1963e+00 +1.2448e+00
1517 0 +9.257224106e-01 +2.659572241e+01 +2.659572241e+01 +9.0694e-01 -2.4810e+00 +1.4516e+00
3255 0 +5.276013859e-01 +2.619760139e+01 +2.619760139e+01 +8.1443e-01 -2.3129e+00 +1.4078e+00
4355 0 +3.249881125e-01 +2.599498811e+01 +2.599498811e+01 +9.1494e-01 -2.2378e+00 +1.2631e+00
5123 0 +3.030320299e-01 +2.597303203e+01 +2.597303203e+01 +8.7199e-01 -2.3008e+00 +1.3648e+00
5417 0 +2.664931465e-01 +2.593649315e+01 +2.593649315e+01 +7.9741e-01 -2.4315e+00 +1.5989e+00
5639 0 +2.284163275e-01 +2.589841633e+01 +2.589841633e+01 +8.0320e-01 -2.4527e+00 +1.5789e+00
6925 0 +2.102054549e-01 +2.588020545e+01 +2.588020545e+01 +8.3953e-01 -2.3378e+00 +1.4292e+00
7091 0 +1.668653747e-01 +2.583686537e+01 +2.583686537e+01 +8.1006e-01 -2.3651e+00 +1.5016e+00
7685 0 +1.252308644e-01 +2.579523086e+01 +2.579523086e+01 +8.3953e-01 -2.3175e+00 +1.4292e+00
8075 0 +7.810601136e-02 +2.574810601e+01 +2.574810601e+01 +8.5122e-01 -2.3018e+00 +1.4029e+00
8475 0 +1.789916125e-03 +2.567178992e+01 +2.567178992e+01 +8.5122e-01 -2.3047e+00 +1.4029e+00
13595 0 +1.402893537e-03 +2.567140289e+01 +2.567140289e+01 +8.5135e-01 -2.3047e+00 +1.4029e+00
15765 0 +1.293043605e-03 +2.567129304e+01 +2.567129304e+01 +8.5101e-01 -2.3055e+00 +1.4041e+00
17985 0 +6.240691674e-04 +2.567062407e+01 +2.567062407e+01 +8.5139e-01 -2.3042e+00 +1.4024e+00
19473 0 +3.580995477e-04 +2.567035810e+01 +2.567035810e+01 +8.5113e-01 -2.3049e+00 +1.4034e+00
23433 0 +3.511285386e-04 +2.567035113e+01 +2.567035113e+01 +8.5116e-01 -2.3048e+00 +1.4033e+00
23883 0 +1.547363491e-04 +2.567015474e+01 +2.567015474e+01 +8.5119e-01 -2.3048e+00 +1.4032e+00
24923 0 +1.405419732e-04 +2.567014054e+01 +2.567014054e+01 +8.5119e-01 -2.3048e+00 +1.4032e+00
26163 0 +1.168339654e-04 +2.567011683e+01 +2.567011683e+01 +8.5119e-01 -2.3048e+00 +1.4032e+00
27669 0 +1.144958729e-04 +2.567011450e+01 +2.567011450e+01 +8.5125e-01 -2.3047e+00 +1.4030e+00
29543 0 +4.717198490e-05 +2.567004717e+01 +2.567004717e+01 +8.5121e-01 -2.3048e+00 +1.4032e+00
30995 0 +3.435823672e-05 +2.567003436e+01 +2.567003436e+01 +8.5119e-01 -2.3048e+00 +1.4032e+00
31505 0 +2.880891337e-05 +2.567002881e+01 +2.567002881e+01 +8.5120e-01 -2.3048e+00 +1.4032e+00
34375 0 +1.766491313e-05 +2.567001766e+01 +2.567001766e+01 +8.5120e-01 -2.3048e+00 +1.4032e+00
34503 0 +1.493250121e-05 +2.567001493e+01 +2.567001493e+01 +8.5121e-01 -2.3048e+00 +1.4032e+00
34983 0 +1.423092674e-05 +2.567001423e+01 +2.567001423e+01 +8.5121e-01 -2.3048e+00 +1.4032e+00
35983 0 +1.038116061e-05 +2.567001038e+01 +2.567001038e+01 +8.5121e-01 -2.3048e+00 +1.4032e+00
36373 0 +9.747268663e-06 +2.567000975e+01 +2.567000975e+01 +8.5120e-01 -2.3048e+00 +1.4032e+00
37769 0 +9.369059907e-06 +2.567000937e+01 +2.567000937e+01 +8.5121e-01 -2.3048e+00 +1.4032e+00
% f evaluations | g evaluations | best noise-free fitness - Fopt (2.081800000000e+02) + sum g_i+ | measured fitness | best measured fitness or single-digit g-values | x1 | x2...
1 0 +2.486081327e+01 +2.330408133e+02 +2.330408133e+02 +8.6395e-01 -1.9736e+00 +2.0339e+00
9 0 +1.392603284e+01 +2.221060328e+02 +2.221060328e+02 +3.8236e+00 -2.4836e+00 +2.2131e+00
47 0 +1.100725866e+01 +2.191872587e+02 +2.191872587e+02 +4.3882e+00 -1.9672e+00 +2.5609e+00
265 0 +1.032380193e+01 +2.185038019e+02 +2.185038019e+02 +3.6467e+00 -1.7088e+00 +2.3613e+00
371 0 +8.368914198e+00 +2.165489142e+02 +2.165489142e+02 -7.1269e-01 -2.7630e+00 +5.3327e-02
465 0 +5.848233175e+00 +2.140282332e+02 +2.140282332e+02 +3.6467e+00 -1.7492e+00 +2.3613e+00
713 0 +3.192703746e+00 +2.113727037e+02 +2.113727037e+02 -1.3931e+00 -1.7822e+00 +1.0003e-01
1353 0 +2.803948982e+00 +2.109839490e+02 +2.109839490e+02 -2.2188e+00 -1.7822e+00 +1.0003e-01
1559 0 +2.473424189e+00 +2.106534242e+02 +2.106534242e+02 -3.2183e-01 -1.9950e+00 +5.9389e-01
2595 0 +2.215258547e+00 +2.103952585e+02 +2.103952585e+02 +2.7314e-01 -2.0415e+00 +7.5575e-01
2859 0 +1.570924787e+00 +2.097509248e+02 +2.097509248e+02 -1.0890e+00 -1.8014e+00 +2.9409e-01
3553 0 +4.489195077e-01 +2.086289195e+02 +2.086289195e+02 -2.2188e+00 -1.5423e+00 +1.0003e-01
5925 0 +4.313387197e-01 +2.086113387e+02 +2.086113387e+02 -2.1067e+00 -1.5647e+00 +1.3756e-01
6041 0 +3.689500977e-01 +2.085489501e+02 +2.085489501e+02 -2.2460e+00 -1.4893e+00 +1.2123e-01
7247 0 +1.372471957e-01 +2.083172472e+02 +2.083172472e+02 -2.3117e+00 -1.4711e+00 +1.2343e-01
9913 0 +1.344813132e-01 +2.083144813e+02 +2.083144813e+02 -2.4260e+00 -1.4139e+00 +1.1049e-01
9921 0 +6.715611702e-02 +2.082471561e+02 +2.082471561e+02 -2.4925e+00 -1.4148e+00 +7.8723e-02
10431 0 +6.319822207e-02 +2.082431982e+02 +2.082431982e+02 -2.4997e+00 -1.4204e+00 +7.0818e-02
11917 0 +4.841844350e-02 +2.082284184e+02 +2.082284184e+02 -2.3814e+00 -1.4404e+00 +1.1213e-01
13739 0 +3.496826376e-02 +2.082149683e+02 +2.082149683e+02 -2.4203e+00 -1.4295e+00 +1.0287e-01
14563 0 +2.948461153e-02 +2.082094846e+02 +2.082094846e+02 -2.4151e+00 -1.4312e+00 +1.0438e-01
15025 0 +2.020480664e-02 +2.082002048e+02 +2.082002048e+02 -2.3764e+00 -1.4368e+00 +1.1763e-01
16429 0 +1.806714324e-02 +2.081980671e+02 +2.081980671e+02 -2.3927e+00 -1.4342e+00 +1.1319e-01
16737 0 +1.444440466e-02 +2.081944444e+02 +2.081944444e+02 -2.3772e+00 -1.4381e+00 +1.1766e-01
18595 0 +1.264274644e-02 +2.081926427e+02 +2.081926427e+02 -2.3889e+00 -1.4346e+00 +1.1408e-01
18957 0 +6.381725833e-03 +2.081863817e+02 +2.081863817e+02 -2.3814e+00 -1.4354e+00 +1.1719e-01
19833 0 +4.763685996e-03 +2.081847637e+02 +2.081847637e+02 -2.3840e+00 -1.4352e+00 +1.1639e-01
20993 0 +4.186251333e-03 +2.081841863e+02 +2.081841863e+02 -2.3840e+00 -1.4352e+00 +1.1683e-01
21541 0 +3.885277312e-03 +2.081838853e+02 +2.081838853e+02 -2.3910e+00 -1.4336e+00 +1.1454e-01
21795 0 +3.520343566e-03 +2.081835203e+02 +2.081835203e+02 -2.3829e+00 -1.4352e+00 +1.1663e-01
22795 0 +3.214680880e-03 +2.081832147e+02 +2.081832147e+02 -2.3829e+00 -1.4352e+00 +1.1698e-01
23999 0 +3.048980520e-03 +2.081830490e+02 +2.081830490e+02 -2.3822e+00 -1.4350e+00 +1.1728e-01
24183 0 +2.049598206e-03 +2.081820496e+02 +2.081820496e+02 -2.3797e+00 -1.4362e+00 +1.1741e-01
26901 0 +1.977753924e-03 +2.081819778e+02 +2.081819778e+02 -2.3842e+00 -1.4351e+00 +1.1664e-01
27091 0 +1.768766377e-03 +2.081817688e+02 +2.081817688e+02 -2.3822e+00 -1.4356e+00 +1.1694e-01
27531 0 +1.714578068e-03 +2.081817146e+02 +2.081817146e+02 -2.3822e+00 -1.4355e+00 +1.1694e-01
28157 0 +1.434236371e-03 +2.081814342e+02 +2.081814342e+02 -2.3830e+00 -1.4353e+00 +1.1677e-01
28437 0 +1.048973543e-03 +2.081810490e+02 +2.081810490e+02 -2.3830e+00 -1.4353e+00 +1.1686e-01
29217 0 +7.266579519e-04 +2.081807267e+02 +2.081807267e+02 -2.3822e+00 -1.4355e+00 +1.1696e-01
29563 0 +5.945439005e-04 +2.081805945e+02 +2.081805945e+02 -2.3831e+00 -1.4352e+00 +1.1686e-01
30117 0 +5.212374716e-04 +2.081805212e+02 +2.081805212e+02 -2.3828e+00 -1.4353e+00 +1.1686e-01
30997 0 +3.717566461e-04 +2.081803718e+02 +2.081803718e+02 -2.3829e+00 -1.4353e+00 +1.1686e-01
31997 0 +2.931177164e-04 +2.081802931e+02 +2.081802931e+02 -2.3829e+00 -1.4353e+00 +1.1686e-01
32733 0 +2.574771545e-04 +2.081802575e+02 +2.081802575e+02 -2.3833e+00 -1.4352e+00 +1.1678e-01
33789 0 +1.121454278e-04 +2.081801121e+02 +2.081801121e+02 -2.3834e+00 -1.4352e+00 +1.1676e-01
37081 0 +7.269304194e-05 +2.081800727e+02 +2.081800727e+02 -2.3832e+00 -1.4352e+00 +1.1679e-01
37329 0 +6.129930446e-05 +2.081800613e+02 +2.081800613e+02 -2.3832e+00 -1.4352e+00 +1.1679e-01
39561 0 +4.565393061e-05 +2.081800457e+02 +2.081800457e+02 -2.3832e+00 -1.4352e+00 +1.1679e-01
