% f evaluations | g evaluations | best noise-free fitness - Fopt (1.000000000000e+03) + sum g_i+ | measured fitness | best measured fitness or single-digit g-values | x1 | x2...
1 0 +3.343252824e+02 +1.334325282e+03 +1.334325282e+03 +7.4910e-01 +1.8650e+00 -1.7037e+00 +1.3362e+00 -1.8876e+00 +9.7902e-02 -1.7054e+00 +2.9991e+00 -4.1689e+00 +1.2835e+00
3 0 +3.191440592e+02 +1.319144059e+03 +1.319144059e+03 +8.7909e-02 +7.7397e-01 -1.3242e+00 +8.3624e-02 -3.7313e+00 -2.8377e+00 -2.3269e+00 -6.6616e-01 +4.9988e-01 -9.5964e-01
5 0 +2.048455426e+02 +1.204845543e+03 +1.204845543e+03 -1.4215e+00 -3.2184e-01 +1.9499e+00 +8.6622e-01 +3.3956e-01 -2.4306e+00 -2.2191e+00 +2.8469e-01 -1.3602e+00 +2.5211e+00
11 0 +1.685771082e+02 +1.168577108e+03 +1.168577108e+03 -8.9506e-01 +2.8741e+00 +1.6081e+00 +1.3148e+00 +3.9311e-01 -3.3815e+00 -2.9335e+00 +2.5126e+00 -1.7113e+00 -8.1407e-01
23 0 +1.318726737e+02 +1.131872674e+03 +1.131872674e+03 -1.8278e+00 +2.1681e+00 +1.8305e+00 +4.2951e+00 +3.5773e-01 -2.9627e+00 -8.9440e-01 -1.2608e+00 -1.5632e+00 -1.6029e+00
46 0 +1.269636173e+02 +1.126963617e+03 +1.126963617e+03 -8.5274e-01 +1.8537e+00 +1.7790e+00 +1.4685e+00 +1.3613e+00 -1.6570e+00 -2.8749e+00 -1.2130e+00 -1.7208e+00 -1.1846e+00
79 0 +1.210800231e+02 +1.121080023e+03 +1.121080023e+03 +3.8369e-02 +1.2195e+00 +2.8459e-01 +3.3765e+00 +2.5904e-01 -2.1155e+00 -1.7474e+00 -9.2984e-01 -3.1328e+00 -4.6586e-01
125 0 +1.161699659e+02 +1.116169966e+03 +1.116169966e+03 -1.8954e+00 +2.0246e+00 +2.1906e+00 +3.7651e+00 +1.3410e+00 -1.9907e+00 -2.7494e+00 +1.7921e+00 -1.7694e+00 -8.9881e-01
130 0 +1.079875270e+02 +1.107987527e+03 +1.107987527e+03 -1.7991e+00 +2.0441e+00 +1.8600e+00 +4.4777e+00 +1.5748e+00 -1.8964e+00 -1.1813e+00 +8.3900e-01 -1.9901e+00 -1.3362e+00
161 0 +8.986711225e+01 +1.089867112e+03 +1.089867112e+03 -1.3195e+00 +2.3496e+00 +3.1924e+00 +3.9820e+00 +3.1450e+00 -3.2103e+00 -3.3144e+00 +3.9650e-01 -1.4814e+00 -6.1162e-01
199 0 +7.855587594e+01 +1.078555876e+03 +1.078555876e+03 -9.2280e-01 +3.4768e+00 +2.4322e+00 +3.0890e+00 +3.6062e+00 -2.5128e+00 -1.2271e+00 +1.5645e-01 -2.1120e+00 -1.1398e+00
229 0 +7.025023032e+01 +1.070250230e+03 +1.070250230e+03 -1.6055e+00 +3.7539e+00 +3.8357e+00 +2.8734e+00 +3.4521e+00 -3.0646e+00 -8.7331e-01 -1.3100e-01 -1.8861e+00 -9.3250e-01
232 0 +5.948203304e+01 +1.059482033e+03 +1.059482033e+03 -1.9736e+00 +2.7943e+00 +4.1786e+00 +2.5042e+00 +4.0674e+00 -2.9347e+00 -9.7168e-01 -4.9841e-01 -1.0812e+00 -8.9279e-01
323 0 +4.937993215e+01 +1.049379932e+03 +1.049379932e+03 -1.5597e+00 +3.1936e+00 +3.5616e+00 +3.0069e+00 +2.6546e+00 -2.8367e+00 -1.7272e+00 -2.1288e-01 -2.2008e+00 -1.6487e+00
342 0 +3.564544077e+01 +1.035645441e+03 +1.035645441e+03 -1.2709e+00 +2.8758e+00 +3.0472e+00 +3.2987e+00 +2.8883e+00 -2.5670e+00 -1.7973e+00 -4.0082e-01 -2.0185e+00 -1.2908e+00
638 0 +2.764230246e+01 +1.027642302e+03 +1.027642302e+03 -1.4850e+00 +3.1332e+00 +3.8522e+00 +3.9659e+00 +2.9569e+00 -2.8983e+00 -1.3949e+00 -8.7423e-01 -2.3210e+00 -2.2216e+00
650 0 +2.442835646e+01 +1.024428356e+03 +1.024428356e+03 -1.5158e+00 +3.1659e+00 +3.8716e+00 +4.0583e+00 +2.9988e+00 -2.9131e+00 -1.3364e+00 -8.4278e-01 -2.3008e+00 -2.2312e+00
693 0 +2.251538111e+01 +1.022515381e+03 +1.022515381e+03 -1.5739e+00 +3.1550e+00 +3.9063e+00 +3.9980e+00 +3.0758e+00 -2.9508e+00 -1.3921e+00 -8.4938e-01 -2.3591e+00 -2.1502e+00
713 0 +2.182415633e+01 +1.021824156e+03 +1.021824156e+03 -1.6099e+00 +3.1983e+00 +3.9340e+00 +4.0496e+00 +3.0241e+00 -2.9789e+00 -1.3726e+00 -8.4346e-01 -2.4341e+00 -2.2634e+00
715 0 +2.105242946e+01 +1.021052429e+03 +1.021052429e+03 -1.6342e+00 +3.1676e+00 +3.9907e+00 +4.0068e+00 +3.0827e+00 -2.8911e+00 -1.4214e+00 -8.8134e-01 -2.3664e+00 -2.1644e+00
716 0 +1.916968098e+01 +1.019169681e+03 +1.019169681e+03 -1.5899e+00 +3.1762e+00 +3.9245e+00 +4.0313e+00 +3.0584e+00 -2.9285e+00 -1.4014e+00 -8.7116e-01 -2.3931e+00 -2.2088e+00
736 0 +1.835378662e+01 +1.018353787e+03 +1.018353787e+03 -1.5790e+00 +3.1322e+00 +3.9175e+00 +3.9803e+00 +3.0076e+00 -2.9508e+00 -1.3520e+00 -8.8746e-01 -2.3365e+00 -2.1103e+00
739 0 +1.688581546e+01 +1.016885815e+03 +1.016885815e+03 -1.5376e+00 +3.1320e+00 +3.9396e+00 +3.9576e+00 +2.9955e+00 -2.9441e+00 -1.3249e+00 -8.8932e-01 -2.3229e+00 -2.1668e+00
769 0 +1.571008553e+01 +1.015710086e+03 +1.015710086e+03 -1.6372e+00 +3.1449e+00 +3.9186e+00 +4.0280e+00 +3.0185e+00 -2.9827e+00 -1.3896e+00 -8.2230e-01 -2.3591e+00 -2.2014e+00
843 0 +1.519620745e+01 +1.015196207e+03 +1.015196207e+03 -1.5867e+00 +3.1403e+00 +3.9117e+00 +3.9525e+00 +2.9935e+00 -2.9777e+00 -1.3647e+00 -8.9240e-01 -2.3797e+00 -2.1944e+00
851 0 +1.404617047e+01 +1.014046170e+03 +1.014046170e+03 -1.6225e+00 +3.1479e+00 +3.9592e+00 +3.9568e+00 +3.0068e+00 -2.9777e+00 -1.3776e+00 -8.8376e-01 -2.3910e+00 -2.1940e+00
877 0 +1.361722734e+01 +1.013617227e+03 +1.013617227e+03 -1.6153e+00 +3.1705e+00 +3.9643e+00 +3.9687e+00 +3.0266e+00 -2.9767e+00 -1.3587e+00 -8.8716e-01 -2.3928e+00 -2.1873e+00
893 0 +1.347818943e+01 +1.013478189e+03 +1.013478189e+03 -1.5990e+00 +3.1537e+00 +3.9576e+00 +3.9810e+00 +3.0062e+00 -2.9876e+00 -1.3563e+00 -8.7899e-01 -2.3737e+00 -2.1840e+00
965 0 +1.311847137e+01 +1.013118471e+03 +1.013118471e+03 -1.5944e+00 +3.1532e+00 +3.9496e+00 +3.9674e+00 +3.0028e+00 -2.9814e+00 -1.3516e+00 -8.7723e-01 -2.3765e+00 -2.1808e+00
% f evaluations | g evaluations | best noise-free fitness - Fopt (7.003000000000e+01) + sum g_i+ | measured fitness | best measured fitness or single-digit g-values | x1 | x2...
1 0 +8.112121264e+02 +8.812421264e+02 +8.812421264e+02 +1.9047e+00 +1.9564e+00 +1.3972e+00 +2.1782e+00 +1.4686e+00 -1.1614e+00 -1.0534e+00 +3.3371e+00 -1.5224e+00 +7.3784e-01
2 0 +3.180233960e+02 +3.880533960e+02 +3.880533960e+02 -3.4604e-01 -6.9537e-01 -6.0849e-01 -5.3115e-01 +2.9761e+00 -2.0430e+00 +6.4716e-01 -1.4659e+00 -3.3421e+00 -5.2001e-01
14 0 +2.324469420e+02 +3.024769420e+02 +3.024769420e+02 -2.1620e+00 -1.4031e+00 -1.3764e-01 +8.7171e-01 -9.5239e-01 -4.2164e+00 +1.2525e+00 -1.4444e+00 -2.0839e+00 -1.7671e+00
23 0 +1.736643343e+02 +2.436943343e+02 +2.436943343e+02 +9.5409e-01 -2.7238e+00 -1.7472e+00 +2.0918e+00 +1.1526e+00 -4.1190e+00 -1.8372e+00 +1.3302e+00 -1.5362e+00 -2.0012e+00
33 0 +1.524009912e+02 +2.224309912e+02 +2.224309912e+02 +3.5532e-01 -6.7013e-01 -4.0013e+00 -2.5649e+00 +1.8577e+00 -5.0154e+00 -2.9358e+00 +1.0526e+00 -4.0965e+00 +1.3897e-01
56 0 +1.310825175e+02 +2.011125175e+02 +2.011125175e+02 -2.7011e+00 -1.3982e+00 -4.4508e+00 -5.1028e-01 +1.0058e+00 -3.4361e+00 -1.1811e+00 -5.2089e-01 -4.5142e+00 -1.2986e+00
57 0 +1.249426313e+02 +1.949726313e+02 +1.949726313e+02 -2.7972e-01 -2.8698e+00 -4.8200e+00 -2.2367e+00 +1.7828e+00 -6.1372e+00 -1.3699e+00 +1.5483e+00 -1.6160e+00 +1.4551e+00
117 0 +1.202076028e+02 +1.902376028e+02 +1.902376028e+02 -3.3042e-01 -2.7821e+00 -4.6455e+00 -1.7079e+00 -3.0520e-01 -2.0439e+00 -1.4627e-01 +3.8310e+00 -3.6519e+00 -1.1669e+00
143 0 +1.101199675e+02 +1.801499675e+02 +1.801499675e+02 -9.4823e-01 -3.7996e+00 -4.3456e+00 -2.7921e-01 +8.7226e-01 -3.9854e+00 -1.3525e+00 +3.1559e+00 -3.6172e+00 -3.3119e-01
177 0 +9.131394313e+01 +1.613439431e+02 +1.613439431e+02 -1.6212e+00 -2.2193e+00 -3.9063e+00 -1.7787e-01 +5.7923e-01 -4.2011e+00 -1.5925e+00 +2.4304e+00 -3.1689e+00 +6.6469e-01
220 0 +7.317588690e+01 +1.432058869e+02 +1.432058869e+02 -1.9187e+00 -1.8491e+00 -4.3748e+00 -2.5092e+00 -5.0851e-01 -3.4613e+00 -2.6780e-01 +2.3070e+00 -2.1868e+00 +7.5119e-01
222 0 +6.486468282e+01 +1.348946828e+02 +1.348946828e+02 -9.6513e-01 -1.7576e+00 -3.8207e+00 -2.1072e+00 +2.4191e-01 -2.6124e+00 -1.0641e+00 +2.1121e+00 -2.9903e+00 -8.3641e-01
263 0 +5.758170181e+01 +1.276117018e+02 +1.276117018e+02 -6.4391e-01 -1.6222e+00 -3.9343e+00 -1.7409e+00 +4.0754e-01 -3.8912e+00 -1.4359e+00 +9.9617e-01 -3.8960e+00 -7.7567e-01
544 0 +4.855187664e+01 +1.185818766e+02 +1.185818766e+02 +3.4678e-01 -1.9351e+00 -2.8658e+00 -1.9052e+00 +4.2603e-01 -4.3742e+00 -7.5225e-02 +3.4099e-01 -1.7361e+00 -1.2728e-02
929 0 +3.691995370e+01 +1.069499537e+02 +1.069499537e+02 +4.3835e-02 -2.0981e+00 -2.8548e+00 -2.1109e+00 +1.8680e-01 -4.0688e+00 -8.4287e-01 +1.1364e+00 -2.2023e+00 -2.3229e-02
1099 0 +3.123703523e+01 +1.012670352e+02 +1.012670352e+02 -4.5759e-02 -2.1813e+00 -2.8817e+00 -2.0588e+00 +1.3142e-01 -3.9287e+00 -8.6781e-01 +1.1518e+00 -2.2982e+00 -8.2945e-02
1125 0 +3.054966607e+01 +1.005796661e+02 +1.005796661e+02 -8.9068e-03 -2.1474e+00 -2.8303e+00 -2.0248e+00 +1.2324e-01 -4.0476e+00 -8.5875e-01 +1.1970e+00 -2.2920e+00 -1.1505e-01
1131 0 +2.235271616e+01 +9.238271616e+01 +9.238271616e+01 -1.4401e-01 -2.1629e+00 -2.8921e+00 -2.0838e+00 +1.9935e-02 -4.0528e+00 -7.7011e-01 +1.1020e+00 -2.3322e+00 -9.9247e-02
1169 0 +2.042503056e+01 +9.045503056e+01 +9.045503056e+01 +5.1100e-02 -2.1517e+00 -2.8907e+00 -2.1125e+00 +8.3045e-02 -4.0477e+00 -8.4864e-01 +1.1045e+00 -2.2867e+00 -1.1835e-01
1185 0 +1.908338315e+01 +8.911338315e+01 +8.911338315e+01 -2.8979e-02 -2.1662e+00 -2.8887e+00 -2.1350e+00 +5.7928e-02 -4.0330e+00 -8.2480e-01 +1.1345e+00 -2.3748e+00 -1.0266e-01
1194 0 +1.615843454e+01 +8.618843454e+01 +8.618843454e+01 -5.4744e-02 -2.1310e+00 -2.9094e+00 -2.1645e+00 +5.4804e-03 -4.0318e+00 -7.8239e-01 +1.1356e+00 -2.3599e+00 -1.1566e-01
1218 0 +1.424318261e+01 +8.427318261e+01 +8.427318261e+01 -6.6790e-02 -2.1468e+00 -2.8843e+00 -2.1190e+00 -8.1572e-03 -4.0819e+00 -7.7462e-01 +1.1168e+00 -2.3332e+00 -1.0126e-01
1220 0 +1.385143646e+01 +8.388143646e+01 +8.388143646e+01 -2.9171e-02 -2.1553e+00 -2.8630e+00 -2.1160e+00 +2.6356e-02 -4.0669e+00 -7.5635e-01 +1.1238e+00 -2.3282e+00 -9.7423e-02
1294 0 +1.326456629e+01 +8.329456629e+01 +8.329456629e+01 -3.6945e-02 -2.1455e+00 -2.8826e+00 -2.1123e+00 +1.2526e-02 -4.0490e+00 -7.8230e-01 +1.1193e+00 -2.3286e+00 -8.2329e-02
1361 0 +1.296418518e+01 +8.299418518e+01 +8.299418518e+01 -7.2165e-03 -2.1726e+00 -2.8855e+00 -2.1112e+00 +3.8238e-02 -4.0519e+00 -7.8151e-01 +1.1459e+00 -2.3273e+00 -8.5316e-02
1415 0 +1.270136948e+01 +8.273136948e+01 +8.273136948e+01 -1.1462e-02 -2.1635e+00 -2.8777e+00 -2.0941e+00 +3.2964e-02 -4.0642e+00 -7.7404e-01 +1.1255e+00 -2.3099e+00 -1.0367e-01
1458 0 +1.248749442e+01 +8.251749442e+01 +8.251749442e+01 -7.0706e-03 -2.1578e+00 -2.8755e+00 -2.0914e+00 +1.7383e-02 -4.0653e+00 -7.7904e-01 +1.1380e+00 -2.3174e+00 -8.8749e-02
1626 0 +1.229258999e+01 +8.232258999e+01 +8.232258999e+01 +7.1677e-03 -2.1668e+00 -2.8796e+00 -2.0840e+00 +2.0729e-02 -4.0577e+00 -7.7180e-01 +1.1500e+00 -2.3162e+00 -1.0057e-01
1770 0 +1.200664705e+01 +8.203664705e+01 +8.203664705e+01 +5.2256e-02 -2.1782e+00 -2.8753e+00 -2.0605e+00 +2.7748e-02 -4.0677e+00 -7.7466e-01 +1.1705e+00 -2.2994e+00 -1.1064e-01
% f evaluations | g evaluations | best noise-free fitness - Fopt (-4.822000000000e+01) + sum g_i+ | measured fitness | best measured fitness or single-digit g-values | x1 | x2...
1 0 +7.383145444e+02 +6.900945444e+02 +6.900945444e+02 +3.7515e-01 +8.3453e-01 +5.3918e-01 -1.1951e-01 +1.8245e-01 +3.3925e-01 +8.9989e-01 +2.4163e+00 -1.5295e+00 -1.6332e+00
4 0 +5.176820379e+02 +4.694620379e+02 +4.694620379e+02 -3.5025e+00 +1.6133e+00 +2.8420e-01 +1.2875e+00 +2.0380e+00 +1.3972e+00 -1.2396e+00 +1.5229e+00 -2.3474e+00 -8.4014e-01
12 0 +3.326402710e+02 +2.844202710e+02 +2.844202710e+02 -8.9159e-01 +1.8412e+00 -1.2941e+00 +3.2832e+00 -1.5889e-01 +1.6652e+00 -9.7694e-01 +5.8683e-01 -6.7763e-01 +6.3757e-01
29 0 +2.963543589e+02 +2.481343589e+02 +2.481343589e+02 -1.1773e+00 -4.6287e-01 +3.5520e-02 +1.8232e+00 +5.9494e-01 +8.1874e-01 -8.7382e-01 +5.4407e-03 -3.4177e+00 -2.2573e-01
41 0 +2.821414436e+02 +2.339214436e+02 +2.339214436e+02 -8.0369e-01 -3.4457e+00 -1.3503e+00 +4.1211e+00 +9.2626e-01 +2.4306e+00 -1.3929e+00 -1.7692e-01 -2.5333e+00 -1.8696e+00
42 0 +2.420500162e+02 +1.938300162e+02 +1.938300162e+02 +1.1609e+00 -2.1843e+00 -2.3140e+00 +3.0282e+00 -1.8723e+00 +1.5828e+00 -1.8378e+00 -2.2665e-01 -9.0360e-01 -2.1068e-01
65 0 +2.146654574e+02 +1.664454574e+02 +1.664454574e+02 +3.7455e-01 -2.3175e+00 -1.1501e+00 +2.5756e+00 -1.9539e+00 +3.6884e+00 +4.5283e-01 +1.5836e+00 -4.1663e+00 +1.6038e+00
68 0 +1.999821591e+02 +1.517621591e+02 +1.517621591e+02 -6.1298e-01 +1.8825e-01 -3.6377e+00 +1.2122e+00 -1.3218e-01 +3.2616e+00 -2.2041e+00 -4.5598e-01 -5.9043e+00 +1.5280e+00
85 0 +1.831655769e+02 +1.349455769e+02 +1.349455769e+02 -1.4747e+00 -1.7733e+00 -2.0002e-01 -8.5743e-01 -4.7615e-01 +4.3677e+00 -2.8126e+00 -7.2339e-01 -3.3182e+00 +2.3108e+00
87 0 +1.678342894e+02 +1.196142894e+02 +1.196142894e+02 -1.4444e+00 +1.4323e-01 -2.4455e+00 +1.9333e+00 -1.1059e+00 +1.9691e+00 -2.2006e+00 +5.6674e-01 -4.1165e+00 +1.9708e+00
93 0 +1.279803792e+02 +7.976037923e+01 +7.976037923e+01 -2.2258e+00 -1.7424e-01 -3.4091e+00 +2.5395e-01 -8.2981e-01 +2.7710e+00 -4.5295e+00 +1.8719e+00 -3.8151e+00 +4.3302e+00
164 0 +1.059729744e+02 +5.775297442e+01 +5.775297442e+01 +1.4299e+00 -2.7376e-01 -3.2515e+00 -6.7370e-02 -1.3226e+00 +3.9350e+00 -2.9212e+00 -1.2764e+00 -2.3624e+00 +1.6079e+00
219 0 +9.541668424e+01 +4.719668424e+01 +4.719668424e+01 -3.5906e-02 +3.1005e-01 -3.5263e+00 -7.3469e-01 -2.7011e+00 +5.9886e+00 -4.7797e+00 -8.7236e-01 -2.7791e+00 +3.6214e+00
228 0 +9.317997744e+01 +4.495997744e+01 +4.495997744e+01 +3.9660e-01 -2.5244e-01 -1.3980e+00 +2.1223e-01 -1.6812e+00 +4.8995e+00 -3.7506e+00 -7.0157e-01 -3.9132e+00 +3.7955e+00
256 0 +8.807477797e+01 +3.985477797e+01 +3.985477797e+01 -1.8860e-01 -8.6138e-01 -2.5353e+00 -3.3971e-01 -2.4401e+00 +4.7337e+00 -3.5248e+00 +4.8321e-01 -2.6614e+00 +4.0820e+00
285 0 +5.978160462e+01 +1.156160462e+01 +1.156160462e+01 -5.8307e-01 -1.3430e+00 -2.6148e+00 -4.5167e-01 -2.8208e+00 +4.4510e+00 -2.5142e+00 +2.5957e-01 -4.0603e+00 +3.4517e+00
323 0 +4.543446057e+01 -2.785539432e+00 -2.785539432e+00 -1.1229e+00 -1.0722e+00 -1.7294e+00 +1.0456e-02 -2.5549e+00 +4.4082e+00 -3.2547e+00 +9.7546e-01 -3.8218e+00 +3.7986e+00
2372 0 +4.353079458e+01 -4.689205420e+00 -4.689205420e+00 -2.0942e+00 -2.1002e+00 -2.4442e+00 +2.6152e-01 -3.3830e+00 +3.9002e+00 -4.5468e+00 +1.2767e+00 -2.4854e+00 +2.4825e+00
% f evaluations | g evaluations | best noise-free fitness - Fopt (2.547000000000e+01) + sum g_i+ | measured fitness | best measured fitness or single-digit g-values | x1 | x2...
1 0 +5.988876389e+02 +6.243576389e+02 +6.243576389e+02 -1.6586e+00 +1.8932e+00 -1.4063e-01 -9.2852e-01 -1.1100e+00 +2.4752e-01 -2.7244e+00 -2.7921e+00 -4.0628e+00 +1.7650e-01
2 0 +5.258879623e+02 +5.513579623e+02 +5.513579623e+02 +2.0892e-02 +1.9109e+00 -4.1019e-01 -3.1713e+00 -2.5259e+00 +2.5034e+00 +8.0098e-01 -4.0053e-01 +3.9583e-01 +1.2235e+00
3 0 +2.866478755e+02 +3.121178755e+02 +3.121178755e+02 -1.2445e+00 -1.5173e+00 -1.3742e+00 -9.0063e-01 -3.5819e-02 +4.3008e+00 +1.1989e-01 -1.4606e+00 +2.2576e+00 -1.0413e+00
8 0 +2.056980115e+02 +2.311680115e+02 +2.311680115e+02 -1.7477e+00 -3.1188e+00 -7.6393e-01 -6.6227e-01 -1.4535e-02 +5.6234e-02 -2.2266e-02 +4.0764e-02 -3.4475e-01 -1.5777e+00
18 0 +1.944402489e+02 +2.199102489e+02 +2.199102489e+02 -2.1248e+00 -5.3918e+00 -2.3237e+00 -1.6377e+00 -1.6106e+00 +2.4218e+00 +6.4759e-02 -2.5572e-01 +2.3634e+00 +7.2446e-01
31 0 +1.822188173e+02 +2.076888173e+02 +2.076888173e+02 -4.8822e+00 -4.8152e+00 -8.2662e-01 -8.8604e-01 -3.1023e+00 -1.8197e+00 +1.2440e+00 -1.5435e+00 +2.4271e+00 -6.8510e-01
39 0 +1.443694534e+02 +1.698394534e+02 +1.698394534e+02 -1.8777e+00 -2.3435e+00 -3.0846e+00 -2.2286e+00 -3.3709e+00 -5.4410e-02 -4.5167e-01 -1.1983e+00 +4.3434e+00 +3.5890e-01
63 0 +1.045481740e+02 +1.300181740e+02 +1.300181740e+02 -4.9991e+00 +2.6589e-02 -2.5083e+00 -2.3259e+00 -3.4463e+00 +2.3381e-01 +1.3029e+00 +9.3427e-03 +1.5945e+00 -4.5585e-01
90 0 +9.894380342e+01 +1.244138034e+02 +1.244138034e+02 -3.2098e+00 -9.0071e-01 -1.7179e+00 +3.3949e-01 -2.1092e+00 -9.9689e-01 +1.3081e+00 -4.7488e-01 +1.0819e+00 -2.3960e+00
154 0 +9.079902404e+01 +1.162690240e+02 +1.162690240e+02 -3.6983e+00 -1.4753e+00 -3.7658e-01 -2.2603e+00 -3.3502e+00 -2.1820e+00 +2.6181e-01 -1.5638e+00 +1.8796e+00 +2.4700e-01
202 0 +8.638081123e+01 +1.118508112e+02 +1.118508112e+02 -4.0022e+00 -1.2824e+00 -1.3978e+00 -1.4860e+00 -2.3995e+00 -7.9373e-01 +1.9391e-01 -1.6954e+00 +2.2727e+00 -1.3602e+00
265 0 +8.024250778e+01 +1.057125078e+02 +1.057125078e+02 -4.2831e+00 +1.1815e-01 -2.0862e-01 -2.5583e+00 -2.6297e+00 -2.1357e+00 +4.2070e-01 -1.4468e-01 +2.1631e+00 -1.1209e+00
370 0 +7.114184918e+01 +9.661184918e+01 +9.661184918e+01 -4.6710e+00 -1.1320e+00 -1.2022e+00 -2.0123e+00 -1.0051e+00 +2.1429e-01 +1.5417e-01 -4.1068e-01 +2.5759e+00 -7.5100e-01
418 0 +6.722603196e+01 +9.269603196e+01 +9.269603196e+01 -4.5424e+00 -1.6467e+00 -1.1100e+00 -2.3663e+00 -6.2945e-01 -1.6352e-01 +3.7525e-01 -2.7743e-01 +1.9495e+00 -1.0902e+00
496 0 +6.357823316e+01 +8.904823316e+01 +8.904823316e+01 -3.8544e+00 -1.6615e+00 -1.2051e+00 -1.8913e+00 -1.1838e+00 +3.7904e-02 -2.7748e-02 -1.0423e+00 +2.1225e+00 -1.3896e+00
585 0 +5.788702786e+01 +8.335702786e+01 +8.335702786e+01 -4.3705e+00 -1.5224e+00 -1.4368e+00 -2.4850e+00 -2.5322e+00 -1.2389e+00 -3.2520e-01 -3.2787e-01 +2.6111e+00 -9.4313e-01
612 0 +5.246429649e+01 +7.793429649e+01 +7.793429649e+01 -3.9697e+00 -1.1237e+00 -1.6612e+00 -2.4678e+00 -2.4174e+00 -5.6898e-01 -4.9256e-01 -1.9287e-01 +2.2594e+00 -1.0576e+00
878 0 +4.880461655e+01 +7.427461655e+01 +7.427461655e+01 -4.4009e+00 -1.1356e+00 -1.2423e+00 -2.3398e+00 -1.9274e+00 -1.4763e-02 -5.7440e-01 -2.7242e-01 +2.9804e+00 -9.5598e-01
901 0 +4.735244240e+01 +7.282244240e+01 +7.282244240e+01 -4.3896e+00 -1.1197e+00 -1.2972e+00 -2.4485e+00 -1.8643e+00 +2.2626e-02 -6.0743e-01 -2.2602e-01 +3.0406e+00 -9.4345e-01
903 0 +4.168855563e+01 +6.715855563e+01 +6.715855563e+01 -4.4311e+00 -1.2770e+00 -1.3127e+00 -2.4025e+00 -1.8271e+00 -3.8926e-02 -6.7378e-01 -3.5620e-01 +2.9602e+00 -9.5337e-01
904 0 +2.717101751e+01 +5.264101751e+01 +5.264101751e+01 -4.4334e+00 -1.1595e+00 -1.3638e+00 -2.5014e+00 -1.8670e+00 -1.4445e-01 -5.7968e-01 -3.2665e-01 +2.9955e+00 -9.4963e-01
909 0 +1.957545455e+01 +4.504545455e+01 +4.504545455e+01 -4.3346e+00 -1.1639e+00 -1.3953e+00 -2.6022e+00 -1.9250e+00 -2.4612e-02 -7.0574e-01 -3.1577e-01 +3.0100e+00 -9.6452e-01
993 0 +1.668628745e+01 +4.215628745e+01 +4.215628745e+01 -4.3474e+00 -1.1481e+00 -1.4078e+00 -2.4680e+00 -1.9121e+00 -3.1171e-02 -7.2707e-01 -4.0426e-01 +2.9113e+00 -1.0086e+00
1007 0 +1.282432711e+01 +3.829432711e+01 +3.829432711e+01 -4.3896e+00 -1.1470e+00 -1.4129e+00 -2.5228e+00 -1.9758e+00 -5.2505e-04 -6.9939e-01 -3.6163e-01 +2.9352e+00 -9.8373e-01
1051 0 +9.562670360e+00 +3.503267036e+01 +3.503267036e+01 -4.3862e+00 -1.1423e+00 -1.3714e+00 -2.5329e+00 -1.8904e+00 -1.1156e-01 -6.5887e-01 -3.7417e-01 +2.9385e+00 -1.0226e+00
1085 0 +8.515983355e+00 +3.398598335e+01 +3.398598335e+01 -4.4251e+00 -1.1361e+00 -1.3709e+00 -2.5197e+00 -1.9417e+00 -6.7429e-02 -6.9887e-01 -3.8275e-01 +2.9519e+00 -1.0183e+00
1107 0 +7.915636245e+00 +3.338563624e+01 +3.338563624e+01 -4.4007e+00 -1.1532e+00 -1.3472e+00 -2.5141e+00 -1.8952e+00 -8.7777e-02 -7.0285e-01 -3.9422e-01 +2.9253e+00 -1.0202e+00
1111 0 +7.095433702e+00 +3.256543370e+01 +3.256543370e+01 -4.4106e+00 -1.1734e+00 -1.3630e+00 -2.5093e+00 -1.9363e+00 -9.9633e-02 -6.6497e-01 -4.0460e-01 +2.9472e+00 -9.8416e-01
1152 0 +6.699584498e+00 +3.216958450e+01 +3.216958450e+01 -4.3897e+00 -1.1440e+00 -1.3659e+00 -2.5058e+00 -1.9407e+00 -1.1055e-01 -6.7791e-01 -3.9070e-01 +2.9449e+00 -1.0087e+00
1194 0 +6.498628928e+00 +3.196862893e+01 +3.196862893e+01 -4.4062e+00 -1.1496e+00 -1.3528e+00 -2.5028e+00 -1.9418e+00 -8.0137e-02 -6.6601e-01 -3.9351e-01 +2.9549e+00 -9.9086e-01
1207 0 +6.429100270e+00 +3.189910027e+01 +3.189910027e+01 -4.4079e+00 -1.1524e+00 -1.3641e+00 -2.5062e+00 -1.9609e+00 -9.2606e-02 -6.7397e-01 -4.0376e-01 +2.9458e+00 -9.9442e-01
1228 0 +6.198439484e+00 +3.166843948e+01 +3.166843948e+01 -4.4100e+00 -1.1407e+00 -1.3450e+00 -2.4995e+00 -1.9409e+00 -8.2283e-02 -6.8011e-01 -4.0138e-01 +2.9499e+00 -9.9197e-01
1250 0 +6.152738442e+00 +3.162273844e+01 +3.162273844e+01 -4.4112e+00 -1.1447e+00 -1.3520e+00 -2.5117e+00 -1.9353e+00 -8.4426e-02 -6.8858e-01 -3.8835e-01 +2.9453e+00 -9.9176e-01
1357 0 +6.020637354e+00 +3.149063735e+01 +3.149063735e+01 -4.4034e+00 -1.1444e+00 -1.3480e+00 -2.5090e+00 -1.9371e+00 -8.6547e-02 -6.8279e-01 -3.8962e-01 +2.9419e+00 -9.8919e-01
% f evaluations | g evaluations | best noise-free fitness - Fopt (-1.008100000000e+02) + sum g_i+ | measured fitness | best measured fitness or single-digit g-values | x1 | x2...
1 0 +2.329255674e+02 +1.321155674e+02 +1.321155674e+02 -2.1066e+00 +3.3553e+00 +4.3566e+00 +2.2341e+00 +5.3286e+00 +1.0508e+00 -1.1283e+00 +5.2006e-01 -3.4941e+00 -1.5635e+00
4 0 +1.970585039e+02 +9.624850394e+01 +9.624850394e+01 -4.1560e-01 -1.6178e-02 +2.1329e+00 -1.9584e+00 +2.0693e+00 -1.5987e+00 -5.7881e-01 +2.2875e+00 -3.6706e+00 -8.1679e-01
14 0 +1.578822445e+02 +5.707224451e+01 +5.707224451e+01 -4.9616e-01 +1.3327e+00 +2.4317e+00 +1.6293e+00 +2.0941e+00 +7.9517e-01 -8.1691e-01 +1.7065e+00 -2.7910e+00 +1.3262e+00
23 0 +1.424522894e+02 +4.164228939e+01 +4.164228939e+01 +1.6372e+00 -2.2011e+00 +1.3705e+00 -2.2145e+00 +2.5237e+00 +3.0837e+00 -8.3930e-01 +1.3368e+00 -6.0757e+00 +1.1508e+00
43 0 +9.198508323e+01 -8.824916766e+00 -8.824916766e+00 +1.0125e+00 -8.5946e-01 +7.3881e-01 +3.0618e-01 +3.2293e+00 +3.2604e+00 -1.1527e+00 +2.1944e+00 -4.7277e+00 -5.4080e-01
275 0 +9.076751827e+01 -1.004248173e+01 -1.004248173e+01 +4.2800e-01 +1.9134e+00 +2.1665e+00 -3.3122e-02 +1.6270e+00 +1.6426e+00 +6.8126e-01 +1.9213e+00 -4.9255e+00 +1.0310e+00
654 0 +7.950890887e+01 -2.130109113e+01 -2.130109113e+01 +9.7028e-01 +7.8016e-01 +8.7136e-01 -1.3298e+00 +2.1422e+00 +8.5201e-01 -2.3255e-02 +1.7755e+00 -3.2032e+00 -3.6911e-01
927 0 +7.527290368e+01 -2.553709632e+01 -2.553709632e+01 +6.2954e-01 +2.4193e+00 +1.7475e+00 -2.0494e-01 +3.9281e+00 +9.1486e-01 +8.0108e-01 +1.3460e+00 -2.8784e+00 -1.1571e+00
% f evaluations | g evaluations | best noise-free fitness - Fopt (7.739000000000e+01) + sum g_i+ | measured fitness | best measured fitness or single-digit g-values | x1 | x2...
1 0 +6.129730471e+02 +6.903630471e+02 +6.903630471e+02 -8.5191e-01 +7.7767e-01 +9.1666e-01 +1.9103e+00 -2.2077e+00 +5.1497e+00 -2.1451e+00 -2.6818e+00 -1.5365e+00 -1.3798e+00
2 0 +4.154143727e+02 +4.928043727e+02 +4.928043727e+02 +1.4133e+00 -2.2780e-01 +9.3858e-02 -2.4110e+00 -3.4485e+00 +1.4428e+00 +3.0235e+00 -2.3093e-01 +2.2692e-02 +7.5525e-01
6 0 +3.282089123e+02 +4.055989123e+02 +4.055989123e+02 +3.5230e+00 -7.2624e-01 +1.9101e+00 -1.1658e+00 -8.8375e-01 -1.8532e+00 -1.7509e+00 -1.2606e-01 +1.7692e+00 -1.0011e-02
7 0 +2.733479964e+02 +3.507379964e+02 +3.507379964e+02 +3.1110e+00 +2.2868e+00 +1.3779e+00 +5.8206e-01 -2.1264e-01 -7.5295e-01 -3.0010e-01 +1.1545e+00 -2.1030e+00 -5.3161e-01
13 0 +2.232024443e+02 +3.005924443e+02 +3.005924443e+02 -8.7777e-01 +1.5848e+00 +2.1020e+00 -9.2089e-01 -1.8054e+00 -5.7655e-01 -1.5250e+00 +1.0729e+00 +9.1572e-01 -3.7437e+00
41 0 +1.973330892e+02 +2.747230892e+02 +2.747230892e+02 +2.5188e+00 -1.5481e-01 +2.3072e+00 +2.9668e-01 -2.0377e+00 +1.9568e+00 -1.5471e+00 +7.6894e-01 -1.0156e-01 -3.4087e+00
42 0 +1.754912130e+02 +2.528812130e+02 +2.528812130e+02 +4.0439e+00 +3.0564e+00 +3.1479e+00 +1.3898e+00 -1.6326e+00 +2.4412e+00 +3.8197e-01 -3.3087e-01 -9.6878e-01 -3.3367e+00
46 0 +1.411298023e+02 +2.185198023e+02 +2.185198023e+02 +2.3189e+00 +2.5101e+00 -2.7469e-01 +5.4683e-01 -1.9363e+00 +4.4403e+00 +2.3852e-02 +1.1814e-01 +2.1299e+00 -3.9989e+00
76 0 +1.170747828e+02 +1.944647828e+02 +1.944647828e+02 +3.2960e+00 +2.4671e+00 -6.5240e-01 +6.6225e-01 -2.8648e+00 +3.9905e+00 -6.8759e-01 +2.0996e-01 +1.1582e+00 -4.7203e+00
118 0 +9.222085451e+01 +1.696108545e+02 +1.696108545e+02 +2.2788e+00 +4.3218e+00 +8.8016e-01 +5.8431e-01 -2.7490e+00 +2.8548e+00 +1.6296e+00 +4.3163e-01 +1.7506e+00 -3.1836e+00
148 0 +5.825606703e+01 +1.356460670e+02 +1.356460670e+02 +3.3610e+00 +4.7094e+00 +6.8407e-01 -6.0474e-01 -1.6798e+00 +2.3379e+00 +1.3167e+00 -4.0884e-01 +1.0278e+00 -4.8957e+00
662 0 +3.275047045e+01 +1.101404705e+02 +1.101404705e+02 +3.6491e+00 +3.0804e+00 +1.5189e+00 +3.2646e-01 -3.5516e+00 +3.8838e+00 +2.5183e+00 -2.8359e-01 +1.1770e+00 -3.2330e+00
1507 0 +2.861048407e+01 +1.060004841e+02 +1.060004841e+02 +4.9154e+00 +3.3326e+00 +6.5779e-01 +3.7519e-01 -3.9354e+00 +2.8147e+00 +2.4437e+00 -1.1344e+00 +2.3958e+00 -2.0453e+00
1549 0 +2.679245962e+01 +1.041824596e+02 +1.041824596e+02 +4.9764e+00 +3.3421e+00 +6.2516e-01 +3.8425e-01 -3.8202e+00 +2.8204e+00 +2.3301e+00 -1.1199e+00 +2.3218e+00 -1.9860e+00
1598 0 +2.610868392e+01 +1.034986839e+02 +1.034986839e+02 +4.9884e+00 +3.3792e+00 +6.3468e-01 +3.7636e-01 -3.8883e+00 +2.7830e+00 +2.3718e+00 -1.1217e+00 +2.3468e+00 -2.0157e+00
1601 0 +2.512982229e+01 +1.025198223e+02 +1.025198223e+02 +4.9531e+00 +3.3847e+00 +6.3521e-01 +3.6551e-01 -3.8888e+00 +2.7898e+00 +2.3723e+00 -1.1051e+00 +2.3579e+00 -1.9959e+00
1610 0 +2.501550050e+01 +1.024055005e+02 +1.024055005e+02 +4.9939e+00 +3.3896e+00 +6.1738e-01 +3.9026e-01 -3.8790e+00 +2.8135e+00 +2.3894e+00 -1.1770e+00 +2.3771e+00 -1.9804e+00
1614 0 +2.364837684e+01 +1.010383768e+02 +1.010383768e+02 +4.9316e+00 +3.3718e+00 +6.1155e-01 +3.7886e-01 -3.8950e+00 +2.8208e+00 +2.3812e+00 -1.1709e+00 +2.3698e+00 -1.9900e+00
1673 0 +2.329819381e+01 +1.006881938e+02 +1.006881938e+02 +4.9283e+00 +3.3612e+00 +6.0833e-01 +3.9152e-01 -3.8646e+00 +2.7991e+00 +2.3802e+00 -1.1325e+00 +2.3620e+00 -1.9966e+00
1701 0 +2.274687098e+01 +1.001368710e+02 +1.001368710e+02 +4.9352e+00 +3.3765e+00 +6.1465e-01 +3.8582e-01 -3.8480e+00 +2.8357e+00 +2.4417e+00 -1.1246e+00 +2.3452e+00 -1.9572e+00
1746 0 +2.223611697e+01 +9.962611697e+01 +9.962611697e+01 +4.9618e+00 +3.4312e+00 +5.8716e-01 +4.1524e-01 -3.8356e+00 +2.8385e+00 +2.4382e+00 -1.1180e+00 +2.3163e+00 -1.9511e+00
1785 0 +2.173104091e+01 +9.912104091e+01 +9.912104091e+01 +4.9318e+00 +3.4178e+00 +5.9075e-01 +4.0772e-01 -3.8446e+00 +2.8551e+00 +2.4203e+00 -1.0851e+00 +2.3151e+00 -1.9421e+00
1836 0 +2.129789019e+01 +9.868789019e+01 +9.868789019e+01 +4.9531e+00 +3.4156e+00 +5.7062e-01 +4.0131e-01 -3.8462e+00 +2.8539e+00 +2.4329e+00 -1.0899e+00 +2.3271e+00 -1.9506e+00
% f evaluations | g evaluations | best noise-free fitness - Fopt (-7.828000000000e+01) + sum g_i+ | measured fitness | best measured fitness or single-digit g-values | x1 | x2...
1 0 +6.759341406e+02 +5.976541406e+02 +5.976541406e+02 +1.9582e+00 +2.1053e+00 -1.6685e+00 -4.5301e-01 +2.4458e+00 -5.5106e-01 -4.0108e+00 +1.6440e+00 +4.3466e-01 +1.5098e-01
2 0 +1.882006219e+02 +1.099206219e+02 +1.099206219e+02 -9.8746e-01 -5.6419e-01 +8.9545e-01 +2.2490e+00 -1.8410e+00 -2.0055e+00 -7.3048e-02 +5.0557e-01 +4.3589e+00 +2.6337e+00
14 0 +1.604169093e+02 +8.213690928e+01 +8.213690928e+01 -9.7173e-01 +8.4731e-01 +2.6109e-01 -3.2625e+00 -1.3093e+00 +2.6886e-01 +1.1047e-01 +3.1218e+00 +4.5646e+00 +1.4815e+00
82 0 +1.277332578e+02 +4.945325780e+01 +4.945325780e+01 -3.9142e+00 -7.3411e-02 +2.9189e+00 -1.1521e+00 -1.1725e+00 -1.5346e+00 +3.5803e+00 +2.5016e+00 +3.7775e+00 -3.5457e-01
98 0 +1.220658065e+02 +4.378580655e+01 +4.378580655e+01 -2.6920e+00 +5.1270e-01 +2.8527e+00 +1.2500e+00 -1.6048e+00 -2.6461e+00 +4.8368e+00 +2.4478e+00 +2.7638e+00 +1.4898e+00
116 0 +1.065443176e+02 +2.826431758e+01 +2.826431758e+01 -1.0669e+00 +2.6179e+00 +7.7317e-01 -1.8597e-01 -2.1737e+00 -2.1406e+00 +2.2166e+00 +2.1024e+00 +2.1617e+00 +2.1528e+00
149 0 +9.669933102e+01 +1.841933102e+01 +1.841933102e+01 -2.6700e+00 +1.7730e+00 +2.6326e+00 +4.4909e-02 -2.4043e+00 -3.2062e+00 +2.9232e+00 +1.3797e+00 +3.0097e+00 +2.3641e+00
175 0 +7.444343892e+01 -3.836561085e+00 -3.836561085e+00 -8.6916e-01 +1.6426e-01 +1.0914e+00 +1.0092e+00 -1.7791e+00 -3.0344e+00 +3.2534e+00 +2.7841e+00 +3.0379e+00 +3.4958e+00
314 0 +7.258407481e+01 -5.695925190e+00 -5.695925190e+00 -1.4388e+00 +5.8879e-01 +2.0462e+00 +1.4943e+00 -3.1696e+00 -8.9424e-01 +3.4963e+00 +1.8816e+00 +4.1455e+00 +2.9439e+00
720 0 +7.238929739e+01 -5.890702613e+00 -5.890702613e+00 -2.3568e+00 +2.2553e-02 +2.7725e+00 -5.5308e-01 -1.7748e+00 -3.5378e+00 +4.2984e+00 +3.0649e+00 +8.9613e-01 -2.0176e-01
% f evaluations | g evaluations | best noise-free fitness - Fopt (-1.853000000000e+01) + sum g_i+ | measured fitness | best measured fitness or single-digit g-values | x1 | x2...
1 0 +6.438763724e+02 +6.253463724e+02 +6.253463724e+02 -3.9235e-01 +3.8527e+00 -2.3112e+00 +3.7165e-01 -1.9741e+00 -5.2738e-01 +1.8385e+00 +8.3954e-01 +1.4631e-01 -1.3682e+00
2 0 +4.788252653e+02 +4.602952653e+02 +4.602952653e+02 +1.8374e+00 +3.6607e+00 -1.3330e+00 -3.0509e-01 -7.7844e-01 -1.3213e+00 +4.4774e+00 +2.4301e+00 -2.8235e+00 -7.8861e-01
3 0 +3.600742357e+02 +3.415442357e+02 +3.415442357e+02 +4.8360e-01 -1.3757e+00 -4.8539e-01 +2.3097e+00 +1.4617e+00 -2.3694e+00 -1.2150e-01 -7.1897e-01 +5.0549e-01 +3.4771e+00
9 0 +3.020024837e+02 +2.834724837e+02 +2.834724837e+02 -1.1694e+00 +3.3864e+00 -3.4539e-01 +2.8551e+00 +2.0401e+00 -2.0727e+00 -1.1224e+00 +6.1501e-01 -3.8353e+00 -1.6768e-01
11 0 +2.661718433e+02 +2.476418433e+02 +2.476418433e+02 -2.1671e-01 +2.5760e+00 -3.6186e+00 +4.2062e+00 +4.7251e-01 +2.2791e-01 +1.6327e-01 +1.6421e+00 -3.5516e+00 -1.8404e-01
12 0 +2.489534107e+02 +2.304234107e+02 +2.304234107e+02 +8.8865e-01 +1.3841e+00 -8.1250e-01 +1.0366e+00 +4.4531e+00 -3.5247e+00 +8.1327e-01 +1.0624e+00 -3.8394e+00 -1.5927e+00
29 0 +2.037583484e+02 +1.852283484e+02 +1.852283484e+02 +7.0832e-01 +6.7325e-01 -9.9096e-01 +8.9406e-01 +4.4366e+00 -1.9299e+00 -1.5962e+00 +2.3580e+00 -1.9286e+00 +1.7671e+00
50 0 +1.877602349e+02 +1.692302349e+02 +1.692302349e+02 -2.2777e-01 -2.5173e+00 -1.2237e+00 +2.3606e+00 +1.5626e+00 -2.0041e+00 -2.0519e-01 +5.3259e-01 -3.3545e+00 +6.4873e-01
78 0 +1.770578124e+02 +1.585278124e+02 +1.585278124e+02 +1.6760e+00 -2.0126e+00 -3.0469e+00 +3.5664e+00 +3.4032e+00 -3.7687e+00 -1.3884e+00 -3.4037e-01 -1.5367e+00 +1.6183e+00
80 0 +1.560967281e+02 +1.375667281e+02 +1.375667281e+02 -1.3537e+00 -4.5079e+00 -2.9162e+00 +2.4617e+00 +2.0013e+00 -2.0357e+00 -7.3707e-01 -2.9806e-01 -3.6282e+00 +1.5303e+00
92 0 +1.473192053e+02 +1.287892053e+02 +1.287892053e+02 -7.4111e-02 -4.0233e+00 -3.4766e+00 +3.1448e+00 +3.0133e+00 -3.5555e+00 -1.8465e+00 +1.3392e+00 -1.4692e+00 +2.0521e+00
107 0 +1.195837070e+02 +1.010537070e+02 +1.010537070e+02 -5.9450e-01 -3.9128e+00 -3.1095e+00 +3.7037e-01 +3.0526e+00 -3.4992e+00 -1.3377e+00 +9.0665e-01 -3.5453e+00 +1.9415e+00
121 0 +9.393136907e+01 +7.540136907e+01 +7.540136907e+01 +1.2125e+00 -3.6380e+00 -4.3529e+00 +1.4648e+00 +1.7687e+00 -3.5568e+00 -2.0000e+00 +1.0692e+00 -1.9887e+00 +2.6761e+00
211 0 +8.141092227e+01 +6.288092227e+01 +6.288092227e+01 +6.1495e-01 -1.5032e+00 -4.2164e+00 -3.7297e-01 +1.8936e+00 -2.1422e+00 -1.3613e+00 +2.0344e+00 -3.7727e+00 +2.7583e+00
258 0 +6.696953009e+01 +4.843953009e+01 +4.843953009e+01 -1.2765e-01 -8.3276e-01 -3.4712e+00 -3.1037e-01 +2.9836e+00 -2.7082e+00 -1.4055e+00 +1.3700e+00 -3.5097e+00 +2.8019e+00
330 0 +6.151051908e+01 +4.298051908e+01 +4.298051908e+01 +1.3488e+00 -9.8729e-01 -3.0038e+00 -1.7335e+00 +2.1674e+00 -2.3545e+00 -2.5898e+00 +1.3522e+00 -3.7146e+00 +2.1953e+00
421 0 +5.134371205e+01 +3.281371205e+01 +3.281371205e+01 +1.0845e+00 -1.8145e+00 -3.7738e+00 -4.8738e-01 +2.4714e+00 -3.3024e+00 -2.0185e+00 +2.2675e+00 -2.6697e+00 +1.5781e+00
646 0 +4.780278388e+01 +2.927278388e+01 +2.927278388e+01 +1.0205e+00 -5.0950e-01 -3.1336e+00 -1.1533e+00 +2.9244e+00 -2.2079e+00 -3.0748e+00 +2.1480e+00 -3.4594e+00 +1.7596e+00
1192 0 +4.339790994e+01 +2.486790994e+01 +2.486790994e+01 +1.0670e+00 -1.8264e-01 -3.4982e+00 -1.2051e+00 +2.9570e+00 -1.9141e+00 -3.1314e+00 +2.0776e-01 -3.2077e+00 +2.5351e+00
1391 0 +3.912337294e+01 +2.059337294e+01 +2.059337294e+01 +1.0305e+00 -2.0070e-01 -3.4008e+00 -1.3043e+00 +2.9362e+00 -1.8839e+00 -3.1919e+00 +1.4120e-01 -3.3337e+00 +2.4899e+00
1406 0 +3.843503734e+01 +1.990503734e+01 +1.990503734e+01 +1.0295e+00 -8.6705e-02 -3.3375e+00 -1.1883e+00 +2.9208e+00 -1.8405e+00 -3.2689e+00 +1.1746e-01 -3.3947e+00 +2.5866e+00
1435 0 +3.081168922e+01 +1.228168922e+01 +1.228168922e+01 +1.0533e+00 -1.5671e-01 -3.3428e+00 -1.1657e+00 +2.9333e+00 -1.8881e+00 -3.2590e+00 +2.5986e-01 -3.2959e+00 +2.5605e+00
1466 0 +2.856866980e+01 +1.003866980e+01 +1.003866980e+01 +1.0489e+00 -1.2713e-01 -3.3298e+00 -1.2891e+00 +2.8847e+00 -1.9121e+00 -3.2986e+00 +2.0851e-01 -3.2464e+00 +2.5530e+00
1498 0 +2.803648986e+01 +9.506489856e+00 +9.506489856e+00 +1.0026e+00 -7.3802e-02 -3.3683e+00 -1.2020e+00 +2.9084e+00 -1.9523e+00 -3.2470e+00 +2.2616e-01 -3.3171e+00 +2.5614e+00
1503 0 +2.706468244e+01 +8.534682443e+00 +8.534682443e+00 +9.9453e-01 -1.5668e-01 -3.3167e+00 -1.1987e+00 +2.8241e+00 -1.9427e+00 -3.2409e+00 +2.3161e-01 -3.3057e+00 +2.5051e+00
1543 0 +2.580158628e+01 +7.271586275e+00 +7.271586275e+00 +9.8416e-01 -6.8955e-02 -3.3689e+00 -1.2653e+00 +2.8925e+00 -2.0000e+00 -3.2376e+00 +2.8041e-01 -3.2305e+00 +2.5413e+00
1550 0 +2.356404952e+01 +5.034049520e+00 +5.034049520e+00 +9.9889e-01 -1.3418e-01 -3.3519e+00 -1.2174e+00 +2.8798e+00 -1.9573e+00 -3.2703e+00 +2.1726e-01 -3.2812e+00 +2.5696e+00
1551 0 +2.343150788e+01 +4.901507876e+00 +4.901507876e+00 +9.7655e-01 -1.5547e-01 -3.3071e+00 -1.2681e+00 +2.9135e+00 -1.9555e+00 -3.3085e+00 +2.3580e-01 -3.2920e+00 +2.5557e+00
1552 0 +2.180737405e+01 +3.277374047e+00 +3.277374047e+00 +9.4665e-01 -1.1818e-01 -3.3387e+00 -1.2791e+00 +2.8684e+00 -1.9737e+00 -3.2268e+00 +2.3812e-01 -3.2567e+00 +2.5704e+00
1607 0 +2.060240610e+01 +2.072406095e+00 +2.072406095e+00 +9.7760e-01 -7.9193e-02 -3.2747e+00 -1.3192e+00 +2.8803e+00 -1.9452e+00 -3.2729e+00 +2.2941e-01 -3.2916e+00 +2.5532e+00
1622 0 +2.034309318e+01 +1.813093177e+00 +1.813093177e+00 +9.6822e-01 -4.7719e-02 -3.3106e+00 -1.2958e+00 +2.8581e+00 -1.9765e+00 -3.2964e+00 +2.2744e-01 -3.3231e+00 +2.5321e+00
1635 0 +1.965489290e+01 +1.124892902e+00 +1.124892902e+00 +9.5385e-01 -5.4806e-02 -3.2921e+00 -1.3200e+00 +2.8791e+00 -1.9557e+00 -3.2865e+00 +2.4466e-01 -3.3386e+00 +2.5276e+00
1724 0 +1.947310848e+01 +9.431084787e-01 +9.431084787e-01 +9.4738e-01 -7.0690e-02 -3.2994e+00 -1.3284e+00 +2.9020e+00 -1.9641e+00 -3.2607e+00 +2.0678e-01 -3.3177e+00 +2.5379e+00
1809 0 +1.900973300e+01 +4.797330015e-01 +4.797330015e-01 +9.5873e-01 -5.4540e-02 -3.2884e+00 -1.3267e+00 +2.8787e+00 -1.9765e+00 -3.2576e+00 +2.1947e-01 -3.3025e+00 +2.5279e+00
% f evaluations | g evaluations | best noise-free fitness - Fopt (-4.502000000000e+01) + sum g_i+ | measured fitness | best measured fitness or single-digit g-values | x1 | x2...
1 0 +9.889577541e+02 +9.439377541e+02 +9.439377541e+02 -2.3573e+00 +5.4562e-01 -2.8775e+00 -5.6016e+00 -2.3282e-01 -1.1842e-01 -2.9813e+00 -1.3069e+00 -2.3673e+00 -7.9328e-01
2 0 +3.734701339e+02 +3.284501339e+02 +3.284501339e+02 -5.7061e+00 +2.9993e+00 +4.3085e-01 +1.7969e+00 -1.5703e+00 +3.6870e+00 +1.5273e+00 -6.4566e-01 -1.1439e+00 +1.4243e+00
4 0 +3.144567235e+02 +2.694367235e+02 +2.694367235e+02 -8.4746e-01 -3.9985e+00 +2.3766e+00 -1.6450e+00 +1.3059e-02 +1.6139e-01 -9.9178e-01 -9.3642e-01 -1.7280e+00 +1.0383e+00
12 0 +2.905637262e+02 +2.455437262e+02 +2.455437262e+02 -2.1352e+00 -2.8877e+00 -9.5466e-01 -1.3059e+00 -1.3102e+00 +1.1356e+00 +6.9992e-01 -2.9926e+00 +1.2033e-01 +1.6265e+00
20 0 +1.595645276e+02 +1.145445276e+02 +1.145445276e+02 -4.1715e-01 -8.8423e-01 +2.3976e+00 -1.0320e+00 -3.0746e+00 +3.2801e+00 -3.0284e+00 +1.6890e+00 +2.6459e-01 +3.0574e+00
41 0 +1.476832740e+02 +1.026632740e+02 +1.026632740e+02 -1.6318e+00 -1.5469e+00 +2.3973e+00 -2.5191e+00 -2.2540e+00 -2.0035e-01 -1.4091e+00 +2.1546e+00 -1.4701e-01 +1.5926e+00
73 0 +1.210135571e+02 +7.599355710e+01 +7.599355710e+01 -1.5135e+00 -2.2887e+00 +3.1151e+00 -2.0742e+00 -4.2784e+00 +1.0007e+00 -1.9055e+00 +1.1330e+00 +2.9579e+00 +2.4647e+00
83 0 +9.874136310e+01 +5.372136310e+01 +5.372136310e+01 -1.3533e+00 -2.4615e+00 +3.2216e+00 -1.9467e+00 -2.3807e+00 +1.0385e+00 -8.2226e-01 +1.6257e+00 +2.0374e+00 +2.6137e+00
110 0 +8.818927024e+01 +4.316927024e+01 +4.316927024e+01 -3.6931e+00 -1.3944e+00 +1.4429e+00 -1.2907e+00 -3.3722e+00 +2.1501e-01 -2.6043e-01 -3.4267e-01 +8.7383e-01 +1.1794e+00
223 0 +8.523264709e+01 +4.021264709e+01 +4.021264709e+01 -3.6789e+00 -1.2193e+00 +1.5318e+00 -4.9928e+00 -2.8183e+00 +6.9640e-01 +1.9646e-01 +3.2640e-01 +4.3064e-01 +5.0448e-01
277 0 +5.692680313e+01 +1.190680313e+01 +1.190680313e+01 -1.7966e+00 -1.0539e+00 +1.4375e+00 -3.6184e+00 -3.1385e+00 +1.6387e+00 +1.3097e-01 +5.0945e-01 +1.4026e+00 +1.4409e+00
806 0 +4.234539874e+01 -2.674601259e+00 -2.674601259e+00 -1.0963e+00 -2.1220e+00 +1.2333e+00 -4.9256e+00 -4.2209e+00 +1.2930e+00 -5.2112e-01 +8.9400e-01 +1.9433e+00 +3.2640e+00
1490 0 +3.997693093e+01 -5.043069069e+00 -5.043069069e+00 +1.8172e-01 -2.6582e+00 +2.0318e+00 -2.9078e+00 -3.5683e+00 +2.5778e+00 -5.7348e-01 +5.2816e-01 +7.2665e-01 +2.6350e+00
% f evaluations | g evaluations | best noise-free fitness - Fopt (3.000000000000e-02) + sum g_i+ | measured fitness | best measured fitness or single-digit g-values | x1 | x2...
1 0 +2.935518877e+02 +2.935818877e+02 +2.935818877e+02 +2.4158e+00 -2.6928e+00 +2.1681e-01 +1.5405e+00 -5.9546e-01 +4.5444e-01 -9.4273e-01 +8.0437e-01 +1.1718e+00 -1.2099e+00
12 0 +2.230441431e+02 +2.230741431e+02 +2.230741431e+02 +4.0108e+00 +8.8344e-01 +8.8340e-01 -6.8517e-01 -1.5492e+00 +7.6531e-01 +2.1962e-01 +1.0754e+00 -8.4453e-01 -5.9143e-01
19 0 +2.141334575e+02 +2.141634575e+02 +2.141634575e+02 +1.1479e+00 +3.5992e+00 +5.1418e-01 -2.4933e-01 +1.2272e+00 +2.0577e-01 -6.3095e-01 -3.4446e-01 +1.7149e+00 -4.5516e+00
22 0 +1.614635595e+02 +1.614935595e+02 +1.614935595e+02 +6.0157e+00 +1.0758e+00 +4.0397e-01 -6.9805e-01 -3.0382e+00 -1.4787e-01 -1.4636e+00 +7.4055e-01 +1.0695e+00 -1.9809e+00
36 0 +1.304389697e+02 +1.304689697e+02 +1.304689697e+02 +4.7654e+00 +1.6120e+00 -8.9089e-01 +5.3785e-01 -3.2256e+00 +1.7937e-02 -1.1422e+00 +7.6621e-01 +3.3872e+00 -4.6721e+00
106 0 +1.252248501e+02 +1.252548501e+02 +1.252548501e+02 +5.0605e+00 +2.4873e+00 +5.8062e-01 +3.2408e-01 -2.7204e+00 +7.7647e-01 -9.1956e-01 -3.2756e-01 +2.3401e+00 -3.6346e+00
113 0 +1.069594896e+02 +1.069894896e+02 +1.069894896e+02 +3.5132e+00 +2.0011e+00 -9.0972e-01 +5.7503e-01 -1.6586e+00 +1.0210e+00 -1.7929e+00 +5.9492e-01 +2.8119e+00 -2.3826e+00
126 0 +1.040956593e+02 +1.041256593e+02 +1.041256593e+02 +3.6362e+00 +3.1208e+00 -6.4681e-01 -1.4664e-01 -1.7000e+00 -3.4449e-02 -7.8580e-01 +1.5144e-01 +2.3003e+00 -3.3932e+00
151 0 +9.762938768e+01 +9.765938768e+01 +9.765938768e+01 +5.2886e+00 +1.9395e+00 -1.7783e+00 -6.3119e-01 -7.9390e-01 -8.0026e-01 -1.3992e+00 -9.7767e-01 +3.6847e+00 -3.5496e+00
155 0 +6.830325872e+01 +6.833325872e+01 +6.833325872e+01 +3.4972e+00 +3.0655e+00 -1.7973e+00 -2.3196e-01 -1.3504e+00 -8.2320e-01 -1.3736e-02 -8.1114e-02 +2.6143e+00 -2.6363e+00
228 0 +4.731216067e+01 +4.734216067e+01 +4.734216067e+01 +3.6600e+00 +2.4950e+00 -5.4336e-01 -5.5528e-01 -1.8673e+00 -1.6475e+00 -7.4304e-01 -1.1752e+00 +2.0892e+00 -3.9686e+00
594 0 +4.422790289e+01 +4.425790289e+01 +4.425790289e+01 +4.2085e+00 +2.8999e+00 -2.4735e+00 +5.6140e-01 -1.2108e+00 -1.3863e+00 -6.0308e-01 -1.6437e-01 +1.8084e+00 -3.2157e+00
633 0 +4.176458054e+01 +4.179458054e+01 +4.179458054e+01 +4.2136e+00 +2.9323e+00 -2.4796e+00 +5.3033e-01 -1.2417e+00 -1.3918e+00 -6.2968e-01 -2.2792e-01 +1.7940e+00 -3.2193e+00
639 0 +2.491782035e+01 +2.494782035e+01 +2.494782035e+01 +4.1859e+00 +3.0022e+00 -2.5811e+00 +5.5136e-01 -1.2954e+00 -1.3097e+00 -5.5772e-01 -2.4579e-01 +1.7703e+00 -3.2898e+00
702 0 +2.435860075e+01 +2.438860075e+01 +2.438860075e+01 +4.2079e+00 +3.0304e+00 -2.5556e+00 +5.3817e-01 -1.3705e+00 -1.3003e+00 -6.2643e-01 -3.5060e-01 +1.7848e+00 -3.3341e+00
707 0 +2.396669568e+01 +2.399669568e+01 +2.399669568e+01 +4.2403e+00 +2.9881e+00 -2.5517e+00 +6.0680e-01 -1.3621e+00 -1.2895e+00 -6.0406e-01 -2.6639e-01 +1.7716e+00 -3.2814e+00
716 0 +2.311672215e+01 +2.314672215e+01 +2.314672215e+01 +4.2322e+00 +3.0178e+00 -2.6105e+00 +5.6910e-01 -1.3694e+00 -1.3696e+00 -5.7159e-01 -2.8755e-01 +1.8072e+00 -3.3038e+00
749 0 +2.265479072e+01 +2.268479072e+01 +2.268479072e+01 +4.2875e+00 +3.0198e+00 -2.5556e+00 +5.5078e-01 -1.3600e+00 -1.3396e+00 -5.2585e-01 -2.8621e-01 +1.8387e+00 -3.2771e+00
752 0 +2.027947858e+01 +2.030947858e+01 +2.030947858e+01 +4.2834e+00 +2.9975e+00 -2.5575e+00 +5.7317e-01 -1.3704e+00 -1.3216e+00 -5.6819e-01 -2.8823e-01 +1.8481e+00 -3.2824e+00
763 0 +1.941933355e+01 +1.944933355e+01 +1.944933355e+01 +4.2449e+00 +2.9592e+00 -2.5550e+00 +5.8796e-01 -1.3410e+00 -1.3104e+00 -5.9282e-01 -2.8303e-01 +1.8097e+00 -3.3069e+00
764 0 +1.879473073e+01 +1.882473073e+01 +1.882473073e+01 +4.2166e+00 +2.9754e+00 -2.5283e+00 +5.9579e-01 -1.3451e+00 -1.2999e+00 -5.8977e-01 -2.7777e-01 +1.8111e+00 -3.3019e+00
772 0 +1.859207969e+01 +1.862207969e+01 +1.862207969e+01 +4.2411e+00 +2.9828e+00 -2.5592e+00 +5.8960e-01 -1.3554e+00 -1.3119e+00 -5.7377e-01 -2.8123e-01 +1.8163e+00 -3.3063e+00
836 0 +1.812378755e+01 +1.815378755e+01 +1.815378755e+01 +4.2243e+00 +2.9890e+00 -2.5180e+00 +5.7591e-01 -1.3285e+00 -1.3222e+00 -6.0146e-01 -3.0004e-01 +1.7889e+00 -3.3043e+00
851 0 +1.772156281e+01 +1.775156281e+01 +1.775156281e+01 +4.2462e+00 +2.9899e+00 -2.5021e+00 +5.6669e-01 -1.3376e+00 -1.3096e+00 -5.8766e-01 -2.9203e-01 +1.7961e+00 -3.3135e+00
893 0 +1.734926886e+01 +1.737926886e+01 +1.737926886e+01 +4.2511e+00 +2.9875e+00 -2.5334e+00 +5.5298e-01 -1.3438e+00 -1.3202e+00 -5.8550e-01 -2.9242e-01 +1.8004e+00 -3.3150e+00
1023 0 +1.696649245e+01 +1.699649245e+01 +1.699649245e+01 +4.2466e+00 +2.9980e+00 -2.5305e+00 +5.6226e-01 -1.3515e+00 -1.3150e+00 -5.8215e-01 -3.0207e-01 +1.7986e+00 -3.3149e+00
% f evaluations | g evaluations | best noise-free fitness - Fopt (4.822900000000e+02) + sum g_i+ | measured fitness | best measured fitness or single-digit g-values | x1 | x2...
1 0 +6.360472152e+02 +1.118337215e+03 +1.118337215e+03 +3.8824e-01 +3.2547e-01 -4.2965e+00 +2.0213e+00 -2.6777e-01 -3.0490e+00 +1.9839e+00 -5.6032e-01 -3.4658e+00 +6.3011e-01
2 0 +3.663988527e+02 +8.486888527e+02 +8.486888527e+02 -7.9173e-01 +4.0184e+00 +1.1227e+00 -1.6768e+00 +9.6825e-01 +1.4659e-01 -2.3193e+00 +1.2884e+00 +8.8155e-01 -7.2421e-01
6 0 +3.261625481e+02 +8.084525481e+02 +8.084525481e+02 +1.0808e-01 -6.0498e-02 -1.8668e-01 -4.5847e+00 +4.8393e+00 +1.1704e+00 -6.2590e-01 -1.1845e+00 -8.4513e-03 -7.7104e-01
18 0 +3.202830342e+02 +8.025730342e+02 +8.025730342e+02 -1.5843e+00 +1.4299e+00 -2.8846e+00 -1.7799e+00 +2.7104e+00 +1.5113e+00 +3.7508e-01 -2.9816e-01 +1.2442e-01 -2.5007e-01
20 0 +2.534674396e+02 +7.357574396e+02 +7.357574396e+02 +3.6279e+00 +1.4475e+00 -3.2970e+00 -1.3354e+00 +1.4571e+00 -1.6274e-01 -7.2068e-02 +1.4085e+00 +1.4229e+00 +1.2650e+00
23 0 +2.494856210e+02 +7.317756210e+02 +7.317756210e+02 -3.3187e-01 +4.2248e+00 +2.8509e-01 +7.8599e-01 +1.9620e+00 -3.2845e+00 -9.9021e-02 -9.3276e-01 +1.4814e+00 +1.1779e+00
31 0 +2.276433299e+02 +7.099333299e+02 +7.099333299e+02 +3.3277e-01 +2.4616e+00 +2.0060e-01 -4.6903e-01 +1.5704e+00 +3.8202e+00 +1.8848e-01 +7.7208e-01 +2.9920e+00 +1.6477e+00
38 0 +1.881020500e+02 +6.703920500e+02 +6.703920500e+02 +2.6590e-01 +3.8705e+00 +3.6039e-01 +3.7033e-01 +1.1218e+00 +2.0004e-01 +9.8231e-01 -1.6563e+00 -3.0728e-01 -1.0533e+00
43 0 +1.644416314e+02 +6.467316314e+02 +6.467316314e+02 +1.2357e+00 +4.3312e+00 -4.5568e-01 +5.0164e-01 +1.2919e+00 +9.3133e-01 +6.1158e-03 -8.5540e-01 +1.0487e+00 +8.8100e-01
52 0 +1.442747749e+02 +6.265647749e+02 +6.265647749e+02 +1.9801e+00 +5.0267e+00 -1.3526e-01 -7.2549e-02 +3.5976e+00 +2.7146e+00 +3.1663e-01 -8.7752e-01 +1.7026e+00 +1.8339e+00
79 0 +1.005635532e+02 +5.828535532e+02 +5.828535532e+02 +1.0768e+00 +2.6799e+00 +4.3731e-01 -2.5535e-01 +1.9397e+00 -4.6055e-02 +1.9044e+00 -1.0967e+00 +2.9830e+00 +6.5796e-01
123 0 +9.852508375e+01 +5.808150838e+02 +5.808150838e+02 +2.2675e+00 +5.1076e+00 +1.1367e+00 +4.4763e-01 +2.0494e+00 +1.6282e+00 +4.6414e+00 +7.5565e-01 +3.4492e+00 +1.9314e+00
141 0 +9.411534518e+01 +5.764053452e+02 +5.764053452e+02 +1.7115e+00 +3.8563e+00 +2.1227e+00 -3.2351e-01 +1.8725e+00 +6.9907e-01 +4.2853e+00 +7.9137e-01 +3.6091e+00 +1.8430e+00
226 0 +8.030854560e+01 +5.625985456e+02 +5.625985456e+02 +1.1226e+00 +4.1183e+00 +6.3743e-01 -1.0007e+00 +1.2378e+00 +1.4811e+00 +3.6683e+00 +2.1225e-02 +5.7529e+00 +2.1604e+00
296 0 +7.905240046e+01 +5.613424005e+02 +5.613424005e+02 +1.4467e+00 +4.1194e+00 +2.2768e+00 -9.0137e-01 +2.7162e+00 +2.6693e+00 +3.4001e+00 +8.2697e-01 +5.4247e+00 +2.3410e+00
314 0 +6.122303389e+01 +5.435130339e+02 +5.435130339e+02 +1.1535e+00 +3.4508e+00 +1.9269e+00 -5.9325e-01 +2.5681e+00 +2.2055e+00 +3.9154e+00 +1.6149e+00 +5.0967e+00 +1.4699e+00
552 0 +4.707039993e+01 +5.293603999e+02 +5.293603999e+02 +1.4602e+00 +4.4466e+00 +6.6923e-01 -1.1275e-01 +3.0041e+00 +4.8643e-01 +3.4511e+00 +2.8118e-01 +4.3489e+00 +2.2635e+00
768 0 +3.643277857e+01 +5.187227786e+02 +5.187227786e+02 +1.0305e+00 +4.5864e+00 +8.3096e-01 -2.3465e-01 +2.8983e+00 +1.0280e+00 +3.2860e+00 -2.6986e-01 +4.4392e+00 +2.0486e+00
772 0 +3.471351017e+01 +5.170035102e+02 +5.170035102e+02 +9.8786e-01 +4.4801e+00 +9.3838e-01 -1.9874e-01 +3.0319e+00 +1.0231e+00 +3.3352e+00 -3.4434e-01 +4.4223e+00 +2.0738e+00
801 0 +3.281118228e+01 +5.151011823e+02 +5.151011823e+02 +1.0862e+00 +4.5066e+00 +9.8450e-01 -2.1455e-01 +3.0885e+00 +1.0182e+00 +3.3688e+00 -1.9963e-01 +4.5763e+00 +2.2026e+00
815 0 +2.933375031e+01 +5.116237503e+02 +5.116237503e+02 +1.0264e+00 +4.5396e+00 +9.3810e-01 -2.0688e-01 +3.0463e+00 +1.0469e+00 +3.3756e+00 -2.4078e-01 +4.4833e+00 +2.1409e+00
831 0 +2.504838755e+01 +5.073383875e+02 +5.073383875e+02 +1.0167e+00 +4.5266e+00 +9.3767e-01 -2.1449e-01 +3.0335e+00 +1.0785e+00 +3.3578e+00 -3.1359e-01 +4.4987e+00 +2.0909e+00
852 0 +2.370933225e+01 +5.059993322e+02 +5.059993322e+02 +9.4232e-01 +4.6215e+00 +9.2392e-01 -2.0560e-01 +2.9862e+00 +1.0074e+00 +3.3160e+00 -2.3454e-01 +4.5599e+00 +2.0936e+00
946 0 +2.228143363e+01 +5.045714336e+02 +5.045714336e+02 +1.0080e+00 +4.5946e+00 +9.1863e-01 -1.5972e-01 +2.9871e+00 +1.0310e+00 +3.2762e+00 -2.9577e-01 +4.5354e+00 +2.1032e+00
972 0 +2.135498185e+01 +5.036449818e+02 +5.036449818e+02 +9.8677e-01 +4.5961e+00 +9.1973e-01 -1.6566e-01 +2.9693e+00 +9.9823e-01 +3.2733e+00 -2.7451e-01 +4.5243e+00 +2.0814e+00
992 0 +2.020322968e+01 +5.024932297e+02 +5.024932297e+02 +9.8593e-01 +4.5698e+00 +9.0647e-01 -1.7494e-01 +2.9734e+00 +1.0136e+00 +3.2914e+00 -2.3995e-01 +4.5144e+00 +2.0684e+00
1030 0 +1.952726238e+01 +5.018172624e+02 +5.018172624e+02 +9.4210e-01 +4.5716e+00 +8.8695e-01 -1.9335e-01 +3.0013e+00 +1.0232e+00 +3.2921e+00 -2.3248e-01 +4.5528e+00 +2.0551e+00
1083 0 +1.934041391e+01 +5.016304139e+02 +5.016304139e+02 +9.3151e-01 +4.5553e+00 +9.0241e-01 -2.0713e-01 +2.9934e+00 +1.0222e+00 +3.2821e+00 -2.3275e-01 +4.5386e+00 +2.0336e+00
1101 0 +1.888806679e+01 +5.011780668e+02 +5.011780668e+02 +9.3237e-01 +4.5619e+00 +9.0501e-01 -2.2785e-01 +2.9971e+00 +1.0111e+00 +3.2849e+00 -2.4163e-01 +4.5331e+00 +2.0352e+00
1141 0 +1.861106058e+01 +5.009010606e+02 +5.009010606e+02 +9.7683e-01 +4.5654e+00 +8.7963e-01 -1.9739e-01 +2.9874e+00 +1.0161e+00 +3.2889e+00 -2.6827e-01 +4.5384e+00 +2.0600e+00
1231 0 +1.811101490e+01 +5.004010149e+02 +5.004010149e+02 +9.7340e-01 +4.5675e+00 +8.7792e-01 -2.0224e-01 +2.9731e+00 +1.0010e+00 +3.2887e+00 -2.5845e-01 +4.5291e+00 +2.0277e+00
% f evaluations | g evaluations | best noise-free fitness - Fopt (-2.724000000000e+01) + sum g_i+ | measured fitness | best measured fitness or single-digit g-values | x1 | x2...
1 0 +1.150596423e+03 +1.123356423e+03 +1.123356423e+03 -2.4522e+00 -2.8621e+00 +2.3478e-02 +1.5894e+00 +2.5362e+00 +1.3164e+00 +3.1658e+00 +2.7885e+00 -1.0204e+00 -1.8619e+00
2 0 +6.945314757e+02 +6.672914757e+02 +6.672914757e+02 +4.9221e+00 -3.1819e+00 -1.8891e+00 -2.2071e+00 +1.3626e+00 -4.7916e+00 +1.1788e+00 +2.2408e-01 +2.3016e+00 -8.8125e-01
5 0 +6.459922473e+02 +6.187522473e+02 +6.187522473e+02 +1.4107e+00 +2.8234e+00 +2.0869e+00 -1.3224e+00 -3.3805e+00 +2.2763e+00 -9.0871e-01 -7.8662e-01 -1.0640e-01 +1.9261e+00
7 0 +5.966806848e+02 +5.694406848e+02 +5.694406848e+02 +5.0896e-01 -1.9378e+00 +1.7261e+00 -3.0455e+00 +9.8967e-02 -2.2391e+00 -9.2970e-01 +5.9012e-01 -1.2994e+00 +1.6253e-01
10 0 +5.733204007e+02 +5.460804007e+02 +5.460804007e+02 +1.2514e+00 -1.0780e+00 +6.6103e-01 -5.3827e-01 -1.3622e+00 -1.7048e+00 +2.1033e+00 +1.2009e+00 +3.8131e+00 +2.5741e+00
15 0 +4.576950762e+02 +4.304550762e+02 +4.304550762e+02 +6.2035e-01 -1.2697e+00 +1.7954e+00 +1.9593e+00 -5.9758e-02 -4.0298e+00 -2.4239e+00 -1.1246e+00 +3.8181e+00 +3.2935e+00
26 0 +3.427851995e+02 +3.155451995e+02 +3.155451995e+02 -2.3486e-03 +3.3927e-01 -5.9261e-01 -8.7736e-01 -8.6815e-02 -1.1153e+00 -8.7728e-01 -4.3947e-01 +3.4693e+00 +4.0814e+00
28 0 +2.626624896e+02 +2.354224896e+02 +2.354224896e+02 +1.8480e+00 -3.3520e+00 -1.3594e+00 +2.2573e+00 -5.4755e-02 +7.8460e-02 -9.6254e-01 +9.1852e-01 +2.8987e+00 +2.6046e+00
35 0 +2.000379098e+02 +1.727979098e+02 +1.727979098e+02 +1.2327e+00 -2.4631e+00 +5.6394e-01 +3.3012e+00 +2.0838e+00 +7.9006e-01 -3.2576e+00 -1.3739e+00 +6.0143e+00 +1.2546e+00
75 0 +1.897997639e+02 +1.625597639e+02 +1.625597639e+02 -3.0700e-01 -1.5181e+00 -2.4652e+00 +1.5067e+00 +4.5329e+00 +1.5310e+00 -2.5488e+00 -1.3756e+00 +3.6059e+00 +3.8885e+00
79 0 +1.792359668e+02 +1.519959668e+02 +1.519959668e+02 -8.7805e-01 -1.2604e+00 +4.3845e-01 -1.1345e+00 +4.5911e+00 +2.0486e+00 -3.7638e+00 -3.5872e+00 +3.9382e+00 +2.3466e+00
88 0 +1.413572778e+02 +1.141172778e+02 +1.141172778e+02 +1.1168e+00 -1.2627e+00 +2.1966e+00 +1.5436e+00 +6.7430e+00 +1.1111e+00 -2.6214e+00 -4.5228e+00 +4.6389e+00 +2.1234e+00
94 0 +1.356036827e+02 +1.083636827e+02 +1.083636827e+02 -1.9319e-01 -2.1519e+00 +6.6855e-01 +1.0123e+00 +3.2067e+00 -4.2449e-01 -2.2564e+00 -3.8274e+00 +2.7399e+00 +1.2671e+00
95 0 +9.193053003e+01 +6.469053003e+01 +6.469053003e+01 +1.6656e+00 -1.6876e+00 +5.7504e-01 +5.3840e-01 +4.3937e+00 +1.0449e+00 -1.9797e+00 -2.3770e+00 +4.4534e+00 -2.9220e-01
182 0 +8.419970516e+01 +5.695970516e+01 +5.695970516e+01 -9.9369e-01 -2.4921e+00 +4.3186e-01 +2.2405e+00 +3.2819e+00 +1.7818e+00 -3.3737e+00 -2.4587e+00 +2.3567e+00 +2.8854e+00
269 0 +6.095501294e+01 +3.371501294e+01 +3.371501294e+01 -6.1662e-01 -1.1210e+00 +6.7090e-01 +3.5628e-01 +3.8696e+00 +1.3136e+00 -2.9178e+00 -2.7566e+00 +3.4104e+00 +1.6386e+00
585 0 +5.680022416e+01 +2.956022416e+01 +2.956022416e+01 -2.6689e-01 -1.7556e+00 +7.8034e-01 +8.7635e-01 +2.9781e+00 +2.1192e+00 -3.4156e+00 -2.8090e+00 +3.2473e+00 +1.7601e+00
611 0 +5.017043792e+01 +2.293043792e+01 +2.293043792e+01 -1.1108e-01 -1.1595e+00 +4.1949e-01 +1.5364e+00 +3.6149e+00 +1.6285e+00 -3.6938e+00 -2.9132e+00 +3.5830e+00 +2.4358e+00
633 0 +4.322268857e+01 +1.598268857e+01 +1.598268857e+01 +1.3600e-01 -1.3116e+00 +8.1517e-01 +1.6638e+00 +3.3415e+00 +1.5897e+00 -3.3919e+00 -3.0381e+00 +3.8464e+00 +2.5528e+00
1190 0 +4.128555569e+01 +1.404555569e+01 +1.404555569e+01 +8.8681e-01 -1.4249e+00 +1.4659e+00 +1.8301e+00 +5.0029e+00 +1.9058e+00 -3.0073e+00 -3.1038e+00 +4.1273e+00 +2.9601e+00
1220 0 +3.978040775e+01 +1.254040775e+01 +1.254040775e+01 +8.8092e-01 -1.4750e+00 +1.3961e+00 +1.7344e+00 +5.0150e+00 +1.8614e+00 -3.0233e+00 -3.1469e+00 +4.1430e+00 +2.8712e+00
1231 0 +3.649665428e+01 +9.256654281e+00 +9.256654281e+00 +9.6032e-01 -1.4358e+00 +1.3668e+00 +1.6801e+00 +5.0375e+00 +1.8315e+00 -3.0227e+00 -3.1867e+00 +4.1614e+00 +2.9677e+00
1247 0 +3.567566341e+01 +8.435663409e+00 +8.435663409e+00 +8.8913e-01 -1.4423e+00 +1.4039e+00 +1.7498e+00 +5.0006e+00 +1.8448e+00 -3.0341e+00 -3.1759e+00 +4.2155e+00 +2.9698e+00
1248 0 +3.425519657e+01 +7.015196567e+00 +7.015196567e+00 +9.9009e-01 -1.4430e+00 +1.3434e+00 +1.6824e+00 +5.0037e+00 +1.7537e+00 -2.9899e+00 -3.1950e+00 +4.1738e+00 +2.9794e+00
1250 0 +3.367010229e+01 +6.430102295e+00 +6.430102295e+00 +9.3199e-01 -1.4929e+00 +1.3532e+00 +1.6635e+00 +4.9902e+00 +1.7857e+00 -3.0230e+00 -3.1307e+00 +4.1729e+00 +2.9642e+00
1253 0 +3.275458744e+01 +5.514587436e+00 +5.514587436e+00 +9.2076e-01 -1.5032e+00 +1.3538e+00 +1.7002e+00 +4.9727e+00 +1.8235e+00 -3.0327e+00 -3.1206e+00 +4.1547e+00 +2.9840e+00
1258 0 +2.992916130e+01 +2.689161305e+00 +2.689161305e+00 +8.8346e-01 -1.4854e+00 +1.3220e+00 +1.6938e+00 +4.9647e+00 +1.7687e+00 -3.0330e+00 -3.1886e+00 +4.0780e+00 +2.9299e+00
1310 0 +2.851865967e+01 +1.278659672e+00 +1.278659672e+00 +9.5344e-01 -1.4932e+00 +1.3388e+00 +1.7229e+00 +4.9821e+00 +1.7580e+00 -3.0300e+00 -3.1972e+00 +4.1612e+00 +2.9532e+00
1311 0 +2.704138470e+01 -1.986152975e-01 -1.986152975e-01 +9.4490e-01 -1.4776e+00 +1.3224e+00 +1.6949e+00 +4.9943e+00 +1.7669e+00 -3.0083e+00 -3.2030e+00 +4.1468e+00 +2.9553e+00
% f evaluations | g evaluations | best noise-free fitness - Fopt (9.868000000000e+01) + sum g_i+ | measured fitness | best measured fitness or single-digit g-values | x1 | x2...
1 0 +5.280012617e+02 +6.266812617e+02 +6.266812617e+02 +3.1174e+00 -1.7857e-01 +1.7008e+00 +6.2496e-01 -6.0976e-01 -9.4839e-01 +5.2645e-01 +8.2045e-01 -1.6880e+00 +1.4183e+00
3 0 +3.031287030e+02 +4.018087030e+02 +4.018087030e+02 +1.2037e-02 -7.9371e-02 -7.0619e-01 -9.3178e-01 -1.3372e+00 +2.8978e+00 +1.2142e+00 -5.9241e-02 +1.9147e+00 +1.7636e-01
25 0 +2.818933916e+02 +3.805733916e+02 +3.805733916e+02 +1.0966e+00 -1.8965e-01 -3.0141e-01 -3.2734e+00 -4.9063e+00 +8.6762e-01 +2.2181e+00 +1.3450e+00 -8.3276e-01 -4.2806e-01
26 0 +2.391056528e+02 +3.377856528e+02 +3.377856528e+02 -2.0566e-01 -8.3186e-01 -1.2447e+00 -2.1197e+00 -1.8057e+00 +8.7378e-01 +1.2411e+00 -7.9922e-01 +1.4043e+00 -2.0738e+00
32 0 +2.167145544e+02 +3.153945544e+02 +3.153945544e+02 -8.4697e-01 -4.2167e-01 -1.0940e+00 -4.2795e+00 -4.5541e+00 -1.8737e+00 -2.1258e-01 +2.7395e+00 +2.1864e+00 -1.8158e+00
37 0 +1.401706382e+02 +2.388506382e+02 +2.388506382e+02 +2.0070e+00 -1.0762e+00 -2.6062e+00 -7.7057e-01 -4.4138e+00 +1.7526e+00 -8.8006e-02 +1.8212e+00 +7.0898e-01 -1.8305e+00
80 0 +1.250197785e+02 +2.236997785e+02 +2.236997785e+02 -1.0483e+00 +1.8723e+00 +8.7265e-01 -1.6650e+00 -1.4463e+00 +2.9519e-01 -1.0905e-01 +6.7111e-02 -9.3695e-01 -2.0387e+00
106 0 +1.015076002e+02 +2.001876002e+02 +2.001876002e+02 -8.7409e-01 +2.2800e+00 -1.3127e+00 -1.5813e+00 -1.4098e+00 +3.5976e-01 -7.7507e-01 +1.3681e+00 -1.9941e+00 -1.9484e+00
132 0 +8.777872395e+01 +1.864587240e+02 +1.864587240e+02 -2.4332e+00 +1.7779e+00 -4.8488e+00 -2.0240e+00 -3.4915e+00 +9.8542e-01 +1.0932e+00 +2.8537e+00 -8.0003e-01 -3.1410e+00
140 0 +8.118705951e+01 +1.798670595e+02 +1.798670595e+02 -6.8504e-01 +2.3929e+00 -3.4891e+00 -1.5259e+00 -3.6285e+00 +1.8447e+00 +1.4088e+00 +3.8032e+00 -8.8740e-02 -3.2651e+00
154 0 +7.553473786e+01 +1.742147379e+02 +1.742147379e+02 -5.2707e-01 +3.6594e+00 -3.9365e+00 -2.2955e+00 -2.9334e+00 +1.3189e-01 +3.3326e-01 +1.9694e+00 -1.3516e+00 -2.1153e+00
337 0 +7.317604392e+01 +1.718560439e+02 +1.718560439e+02 -2.9059e-01 +2.6260e+00 -2.2686e+00 -1.4637e+00 -2.9313e+00 +1.8027e+00 +5.2576e-01 +1.7851e+00 +2.2939e-01 -2.5979e+00
350 0 +6.766371104e+01 +1.663437110e+02 +1.663437110e+02 +1.5439e-01 +2.7053e+00 -2.1977e+00 -1.5210e+00 -3.3229e+00 +1.4717e+00 +1.1499e+00 +1.8688e+00 +2.1327e-01 -2.5210e+00
410 0 +5.907144889e+01 +1.577514489e+02 +1.577514489e+02 -7.6382e-01 +2.7650e+00 -1.1416e+00 -1.8217e+00 -3.2167e+00 +1.4015e+00 +1.0960e+00 +5.4148e-01 -9.4389e-01 -3.3867e+00
655 0 +5.661275906e+01 +1.552927591e+02 +1.552927591e+02 -4.4173e-01 +2.9850e+00 -1.3175e+00 -2.0303e+00 -3.3406e+00 +2.0303e+00 +1.7037e+00 +1.5662e+00 +1.9882e-01 -3.2283e+00
865 0 +3.884038858e+01 +1.375203886e+02 +1.375203886e+02 -5.3184e-01 +2.1861e+00 -1.9970e+00 -1.4734e+00 -2.8957e+00 +1.6372e+00 +6.1795e-01 +1.6091e+00 +5.2151e-01 -2.8098e+00
1217 0 +3.140004479e+01 +1.300800448e+02 +1.300800448e+02 -6.3709e-02 +2.1883e+00 -1.8188e+00 -1.8546e+00 -2.0050e+00 +1.7937e+00 +8.1513e-01 +1.5801e+00 +2.8458e-01 -2.8791e+00
1322 0 +2.961616508e+01 +1.282961651e+02 +1.282961651e+02 -1.0037e-01 +2.2076e+00 -1.8623e+00 -1.8524e+00 -1.9769e+00 +1.7715e+00 +7.0853e-01 +1.5374e+00 +3.1689e-01 -2.8326e+00
1353 0 +2.536352886e+01 +1.240435289e+02 +1.240435289e+02 -2.0125e-02 +2.2625e+00 -1.8161e+00 -1.8692e+00 -2.0027e+00 +1.7598e+00 +8.0238e-01 +1.5491e+00 +2.9982e-01 -2.8644e+00
1374 0 +2.438891917e+01 +1.230689192e+02 +1.230689192e+02 -7.0963e-02 +2.2081e+00 -1.8358e+00 -1.9168e+00 -1.9708e+00 +1.7827e+00 +8.5562e-01 +1.5693e+00 +3.3182e-01 -2.8005e+00
1392 0 +2.272568899e+01 +1.214056890e+02 +1.214056890e+02 -2.5358e-02 +2.2645e+00 -1.8108e+00 -1.8931e+00 -2.0040e+00 +1.7757e+00 +8.5745e-01 +1.5603e+00 +3.2693e-01 -2.8466e+00
1393 0 +2.207957923e+01 +1.207595792e+02 +1.207595792e+02 -7.8398e-02 +2.2598e+00 -1.8163e+00 -1.9029e+00 -2.0211e+00 +1.7660e+00 +8.2014e-01 +1.5727e+00 +3.2956e-01 -2.8343e+00
1428 0 +2.090172315e+01 +1.195817232e+02 +1.195817232e+02 -7.9393e-02 +2.2656e+00 -1.7954e+00 -1.8785e+00 -1.9962e+00 +1.7620e+00 +7.7608e-01 +1.5010e+00 +3.0723e-01 -2.8073e+00
1433 0 +2.086853275e+01 +1.195485328e+02 +1.195485328e+02 -6.5370e-02 +2.2475e+00 -1.7694e+00 -1.9113e+00 -1.9690e+00 +1.7620e+00 +7.8070e-01 +1.4846e+00 +3.2295e-01 -2.8228e+00
1446 0 +1.955981190e+01 +1.182398119e+02 +1.182398119e+02 -7.9192e-02 +2.2814e+00 -1.7997e+00 -1.8972e+00 -1.9931e+00 +1.7989e+00 +8.0473e-01 +1.4738e+00 +3.2826e-01 -2.8136e+00
1481 0 +1.819930365e+01 +1.168793037e+02 +1.168793037e+02 -6.0545e-02 +2.3001e+00 -1.7910e+00 -1.8996e+00 -1.9962e+00 +1.8008e+00 +8.2839e-01 +1.4662e+00 +3.2242e-01 -2.7868e+00
1496 0 +1.805894609e+01 +1.167389461e+02 +1.167389461e+02 -7.2158e-02 +2.2765e+00 -1.7744e+00 -1.8965e+00 -2.0196e+00 +1.8065e+00 +8.4381e-01 +1.4509e+00 +3.3495e-01 -2.7951e+00
1511 0 +1.739774880e+01 +1.160777488e+02 +1.160777488e+02 -5.7975e-02 +2.2789e+00 -1.7992e+00 -1.9057e+00 -1.9969e+00 +1.8067e+00 +8.3450e-01 +1.4581e+00 +3.0271e-01 -2.7921e+00
1520 0 +1.653431147e+01 +1.152143115e+02 +1.152143115e+02 -4.5917e-02 +2.2606e+00 -1.7745e+00 -1.8759e+00 -2.0285e+00 +1.8026e+00 +8.2183e-01 +1.4102e+00 +3.2561e-01 -2.7907e+00
1522 0 +1.612167869e+01 +1.148016787e+02 +1.148016787e+02 -4.1703e-02 +2.2586e+00 -1.7941e+00 -1.8833e+00 -2.0108e+00 +1.8028e+00 +8.1119e-01 +1.4397e+00 +3.2324e-01 -2.7925e+00
1546 0 +1.551308307e+01 +1.141930831e+02 +1.141930831e+02 -2.4263e-02 +2.2681e+00 -1.7898e+00 -1.8848e+00 -2.0265e+00 +1.8229e+00 +8.2446e-01 +1.4058e+00 +3.3025e-01 -2.7970e+00
1621 0 +1.540828597e+01 +1.140882860e+02 +1.140882860e+02 -2.4688e-02 +2.2736e+00 -1.7858e+00 -1.8840e+00 -2.0316e+00 +1.8192e+00 +8.3417e-01 +1.4213e+00 +3.3037e-01 -2.7921e+00
1703 0 +1.511593252e+01 +1.137959325e+02 +1.137959325e+02 -1.1157e-02 +2.2742e+00 -1.7937e+00 -1.8974e+00 -2.0303e+00 +1.8191e+00 +8.2744e-01 +1.4234e+00 +3.3432e-01 -2.7971e+00
% f evaluations | g evaluations | best noise-free fitness - Fopt (-3.705000000000e+01) + sum g_i+ | measured fitness | best measured fitness or single-digit g-values | x1 | x2...
1 0 +4.786014511e+02 +4.415514511e+02 +4.415514511e+02 +1.4367e-01 +1.1112e+00 -8.9750e-01 +1.6930e+00 -6.7981e-01 -1.1955e+00 -2.4895e+00 +2.3293e+00 -1.6639e+00 -1.3487e+00
2 0 +3.619617126e+02 +3.249117126e+02 +3.249117126e+02 +5.3146e-01 +2.7322e+00 +3.5891e-01 -5.9578e-01 +1.7097e+00 +4.7555e-01 -1.4919e-01 +1.3916e+00 +1.5334e+00 -8.1399e-01
13 0 +3.197604026e+02 +2.827104026e+02 +2.827104026e+02 -2.5936e-01 +7.8104e-01 -2.6286e+00 +2.7618e-01 +2.9411e+00 -1.4795e+00 +2.8247e+00 +6.7602e-01 +7.8165e-01 +1.3444e+00
24 0 +2.210979268e+02 +1.840479268e+02 +1.840479268e+02 +5.3172e-02 +3.5025e+00 +1.6549e-01 +5.8737e-02 +3.5322e+00 -1.6468e+00 +2.0528e+00 +1.0026e+00 +1.4838e+00 +2.5986e-01
40 0 +2.097203487e+02 +1.726703487e+02 +1.726703487e+02 +6.7853e-02 +1.8807e+00 +2.8791e+00 +4.2081e-01 +3.8419e+00 +1.5402e+00 -5.7653e-02 -5.5693e-01 -2.3167e+00 -1.5748e+00
52 0 +1.836924703e+02 +1.466424703e+02 +1.466424703e+02 -2.9726e-01 +4.3349e+00 -8.9671e-01 +1.3648e+00 +3.2177e+00 +9.4823e-02 +3.6009e+00 -2.5027e+00 -3.5846e-01 +5.3395e-02
53 0 +1.755068196e+02 +1.384568196e+02 +1.384568196e+02 -1.9459e-01 +3.7430e+00 +3.3197e+00 +1.0567e+00 +4.8229e+00 -8.8275e-01 +3.3790e+00 +8.5521e-01 -1.0693e+00 -1.3318e+00
58 0 +1.452383738e+02 +1.081883738e+02 +1.081883738e+02 -1.6153e+00 +3.6776e+00 +8.8910e-01 +1.8950e+00 +3.1562e+00 -5.5743e-01 +3.1441e-01 -8.0508e-01 -2.2790e+00 +6.6136e-01
77 0 +1.300571289e+02 +9.300712892e+01 +9.300712892e+01 -2.0663e+00 +3.3385e+00 -1.3269e+00 +1.0125e+00 +3.7857e+00 +2.3374e-01 +2.1409e+00 +1.8920e-01 -7.6824e-01 -1.3379e+00
109 0 +1.262963760e+02 +8.924637601e+01 +8.924637601e+01 -3.1189e+00 +3.4528e+00 +1.4723e+00 +2.7579e+00 +5.6776e+00 -4.4757e-01 +2.0888e+00 +1.0706e-01 -1.3372e+00 -6.8032e-01
131 0 +1.251093625e+02 +8.805936249e+01 +8.805936249e+01 -1.7172e+00 +3.7158e+00 +7.0353e-01 +2.8343e+00 +3.4489e+00 -1.3729e+00 +2.5219e+00 -1.4193e+00 -2.2045e+00 -9.8589e-01
167 0 +8.157692146e+01 +4.452692146e+01 +4.452692146e+01 -2.9317e+00 +2.5813e+00 +1.2846e+00 +3.9061e+00 +4.0957e+00 -8.3607e-01 +2.0953e+00 +2.8157e-01 -2.4443e+00 -7.2092e-01
254 0 +6.521161931e+01 +2.816161931e+01 +2.816161931e+01 -3.0450e+00 +2.2551e+00 +1.9060e+00 +4.4021e+00 +2.4132e+00 +5.1880e-01 +2.3985e+00 +1.5396e+00 -1.5544e+00 -1.9443e-01
256 0 +5.529049746e+01 +1.824049746e+01 +1.824049746e+01 -2.4731e+00 +2.5903e+00 +1.4537e+00 +4.0296e+00 +2.2799e+00 -2.3009e-01 +2.5686e+00 +1.5338e-01 -2.6058e+00 -4.9210e-01
344 0 +4.437450323e+01 +7.324503226e+00 +7.324503226e+00 -2.9138e+00 +2.5560e+00 +1.9975e+00 +2.4360e+00 +2.9574e+00 -1.1619e+00 +2.1572e+00 +3.1968e-01 -1.5177e+00 -1.6370e+00
820 0 +3.827813053e+01 +1.228130527e+00 +1.228130527e+00 -2.7894e+00 +1.9150e+00 +2.8863e+00 +4.0967e+00 +2.8544e+00 -1.7541e-01 +3.4328e+00 -6.9686e-02 -1.1613e+00 -1.3305e+00
828 0 +3.568663237e+01 -1.363367632e+00 -1.363367632e+00 -2.8407e+00 +1.9698e+00 +2.8256e+00 +4.0662e+00 +2.8626e+00 -2.2613e-01 +3.5628e+00 +3.1716e-02 -1.1418e+00 -1.3814e+00
829 0 +3.365684029e+01 -3.393159715e+00 -3.393159715e+00 -2.8225e+00 +1.9062e+00 +2.9115e+00 +4.1192e+00 +2.8549e+00 -2.3366e-01 +3.4082e+00 +3.6704e-02 -1.1406e+00 -1.3225e+00
831 0 +2.876323494e+01 -8.286765062e+00 -8.286765062e+00 -2.8317e+00 +1.9379e+00 +2.8960e+00 +4.1024e+00 +2.8539e+00 -2.2680e-01 +3.4918e+00 +3.5996e-04 -1.1476e+00 -1.3587e+00
% f evaluations | g evaluations | best noise-free fitness - Fopt (1.324500000000e+02) + sum g_i+ | measured fitness | best measured fitness or single-digit g-values | x1 | x2...
1 0 +6.071099027e+02 +7.395599027e+02 +7.395599027e+02 +4.5137e+00 -7.4375e-01 -1.2095e+00 -1.6121e+00 -6.4588e-02 +1.4752e+00 +1.8221e-01 +3.5889e-01 -2.3050e+00 -2.0757e+00
2 0 +3.950011155e+02 +5.274511155e+02 +5.274511155e+02 +1.7940e+00 +1.6632e-01 +1.7401e+00 -1.3687e+00 -7.1066e-01 -3.6225e+00 -1.1354e-01 -1.5161e+00 +1.8830e-01 -1.7659e+00
3 0 +2.075665781e+02 +3.400165781e+02 +3.400165781e+02 -1.2006e+00 -2.8643e-01 +2.3119e-01 -1.6168e+00 -2.5893e+00 -8.9375e-01 +2.0125e+00 -4.8807e-01 -2.5393e+00 +1.6527e+00
11 0 +1.875051826e+02 +3.199551826e+02 +3.199551826e+02 -2.0558e+00 +8.2273e-01 -3.3868e+00 -2.9961e+00 -7.6836e-01 -1.0010e-01 -2.3684e+00 +9.5603e-01 -2.5485e+00 +2.3222e+00
33 0 +1.673849948e+02 +2.998349948e+02 +2.998349948e+02 -1.1783e+00 -2.4001e-03 -2.5225e+00 -6.2813e-01 -1.7121e+00 -3.6036e+00 -1.6676e+00 -9.6643e-01 -1.4045e+00 +7.6268e-01
44 0 +1.433290811e+02 +2.757790811e+02 +2.757790811e+02 -1.5971e+00 +1.6372e+00 -4.5638e+00 -2.8038e+00 -2.2513e+00 -2.3940e+00 -3.2878e+00 -1.2968e+00 -3.1651e+00 +1.6133e+00
48 0 +1.320075286e+02 +2.644575286e+02 +2.644575286e+02 -2.3560e+00 -3.4600e-01 -4.3019e-01 -2.1668e+00 -3.8860e+00 -1.7402e+00 -1.7499e-01 -1.1579e+00 -3.1866e+00 +3.4302e+00
51 0 +1.247013483e+02 +2.571513483e+02 +2.571513483e+02 -3.4339e+00 +1.1136e+00 -4.7359e+00 -1.2003e+00 -3.4419e+00 -4.3438e+00 -2.4501e+00 -1.1783e+00 -1.6139e+00 +9.5150e-01
71 0 +1.060252753e+02 +2.384752753e+02 +2.384752753e+02 -3.4388e+00 +2.9180e+00 -3.9916e+00 -3.7008e+00 -3.8699e+00 -3.0436e+00 -9.5043e-01 +1.5927e+00 -2.4062e+00 +1.9064e+00
88 0 +9.051231920e+01 +2.229623192e+02 +2.229623192e+02 -3.5284e+00 +3.4929e+00 -3.8779e+00 -5.1716e+00 -4.2187e+00 -3.8679e+00 -7.0503e-01 -3.2323e-01 -1.8323e+00 +2.7834e+00
147 0 +8.822875216e+01 +2.206787522e+02 +2.206787522e+02 -3.9096e+00 +1.4329e+00 -3.8820e+00 -2.7270e+00 -4.3170e+00 -3.1327e+00 -2.1991e+00 -1.2551e+00 -3.4322e+00 +4.0465e+00
153 0 +8.096621804e+01 +2.134162180e+02 +2.134162180e+02 -2.6976e+00 +1.1767e+00 -5.3847e+00 -1.3925e+00 -3.4820e+00 -2.2274e+00 -2.8363e+00 -1.2216e+00 -3.4441e+00 +2.8536e+00
254 0 +6.969784323e+01 +2.021478432e+02 +2.021478432e+02 -3.1878e+00 +1.2810e+00 -4.6452e+00 -2.8907e+00 -4.7540e+00 -2.8190e+00 -2.8914e+00 -3.3998e-01 -3.1682e+00 +2.9964e+00
304 0 +6.846632832e+01 +2.009163283e+02 +2.009163283e+02 -3.4281e+00 +1.1801e+00 -4.9028e+00 -2.9407e+00 -3.7169e+00 -2.7678e+00 -1.6400e+00 -1.8304e+00 -3.6592e+00 +2.9806e+00
476 0 +6.239490184e+01 +1.948449018e+02 +1.948449018e+02 -3.1314e+00 +1.6488e+00 -5.0319e+00 -2.9324e+00 -4.1188e+00 -3.3539e+00 -2.5037e+00 -6.6399e-01 -2.4959e+00 +2.9063e+00
538 0 +5.938663672e+01 +1.918366367e+02 +1.918366367e+02 -3.4163e+00 +8.2935e-01 -3.9641e+00 -1.8364e+00 -4.3934e+00 -3.5327e+00 -1.8766e+00 -6.4557e-01 -2.8599e+00 +3.6763e+00
548 0 +5.705628465e+01 +1.895062846e+02 +1.895062846e+02 -3.1353e+00 +3.8422e-01 -4.6104e+00 -2.1294e+00 -4.4655e+00 -3.5456e+00 -2.4587e+00 -4.6604e-01 -3.2025e+00 +3.6214e+00
622 0 +5.219598845e+01 +1.846459885e+02 +1.846459885e+02 -4.4351e+00 +6.9965e-01 -4.6225e+00 -2.8123e+00 -4.4953e+00 -3.9888e+00 -1.5064e+00 +1.7111e-02 -2.6709e+00 +3.0313e+00
866 0 +3.572944507e+01 +1.681794451e+02 +1.681794451e+02 -3.4438e+00 +5.4784e-01 -4.1801e+00 -3.2757e+00 -4.2368e+00 -3.3497e+00 -1.3160e+00 +1.2552e-01 -2.8455e+00 +2.9445e+00
1130 0 +3.302728428e+01 +1.654772843e+02 +1.654772843e+02 -3.6828e+00 +6.7079e-01 -4.1686e+00 -3.6947e+00 -4.4721e+00 -3.3923e+00 -7.8515e-01 +4.4200e-01 -2.3651e+00 +3.3856e+00
1134 0 +2.038832673e+01 +1.528383267e+02 +1.528383267e+02 -3.6899e+00 +7.7104e-01 -4.2202e+00 -3.7728e+00 -4.4417e+00 -3.4304e+00 -7.8292e-01 +3.8814e-01 -2.3482e+00 +3.3219e+00
1149 0 +1.759331085e+01 +1.500433109e+02 +1.500433109e+02 -3.8087e+00 +7.8071e-01 -4.2501e+00 -3.7391e+00 -4.5619e+00 -3.5180e+00 -8.7863e-01 +4.4731e-01 -2.3851e+00 +3.3804e+00
1221 0 +1.514246176e+01 +1.475924618e+02 +1.475924618e+02 -3.6150e+00 +8.8592e-01 -4.1677e+00 -3.7875e+00 -4.4787e+00 -3.4900e+00 -8.9993e-01 +4.0031e-01 -2.2479e+00 +3.2976e+00
1230 0 +1.501954001e+01 +1.474695400e+02 +1.474695400e+02 -3.7274e+00 +7.5570e-01 -4.2468e+00 -3.8279e+00 -4.5941e+00 -3.4686e+00 -8.7655e-01 +4.7856e-01 -2.2772e+00 +3.4012e+00
1253 0 +1.240650726e+01 +1.448565073e+02 +1.448565073e+02 -3.7015e+00 +8.1222e-01 -4.2388e+00 -3.7505e+00 -4.5336e+00 -3.4845e+00 -8.9890e-01 +3.7689e-01 -2.2939e+00 +3.3108e+00
1275 0 +1.118180431e+01 +1.436318043e+02 +1.436318043e+02 -3.6859e+00 +8.2175e-01 -4.2403e+00 -3.8224e+00 -4.5134e+00 -3.4280e+00 -8.4460e-01 +4.0445e-01 -2.2392e+00 +3.3293e+00
1298 0 +1.027060735e+01 +1.427206073e+02 +1.427206073e+02 -3.6941e+00 +8.2965e-01 -4.2845e+00 -3.8314e+00 -4.5479e+00 -3.4774e+00 -8.5588e-01 +4.5023e-01 -2.1977e+00 +3.3385e+00
1307 0 +1.011215886e+01 +1.425621589e+02 +1.425621589e+02 -3.7518e+00 +7.9622e-01 -4.2506e+00 -3.8431e+00 -4.5466e+00 -3.5035e+00 -8.5823e-01 +4.3315e-01 -2.2754e+00 +3.3371e+00
1317 0 +8.789377899e+00 +1.412393779e+02 +1.412393779e+02 -3.7235e+00 +7.9951e-01 -4.2500e+00 -3.8316e+00 -4.5362e+00 -3.4913e+00 -8.5668e-01 +4.4857e-01 -2.2381e+00 +3.3275e+00
1360 0 +7.874983729e+00 +1.403249837e+02 +1.403249837e+02 -3.7217e+00 +7.9231e-01 -4.2550e+00 -3.8018e+00 -4.5140e+00 -3.5030e+00 -8.6148e-01 +4.0995e-01 -2.2495e+00 +3.3187e+00
1391 0 +7.442105062e+00 +1.398921051e+02 +1.398921051e+02 -3.7196e+00 +7.9776e-01 -4.2685e+00 -3.8104e+00 -4.5153e+00 -3.4814e+00 -8.6482e-01 +3.8132e-01 -2.2433e+00 +3.3098e+00
1441 0 +7.306816524e+00 +1.397568165e+02 +1.397568165e+02 -3.7102e+00 +8.1877e-01 -4.2667e+00 -3.8081e+00 -4.5126e+00 -3.4803e+00 -8.6167e-01 +3.7888e-01 -2.2344e+00 +3.3112e+00
1496 0 +7.178410073e+00 +1.396284101e+02 +1.396284101e+02 -3.7207e+00 +8.2432e-01 -4.2667e+00 -3.8165e+00 -4.5275e+00 -3.4963e+00 -8.7512e-01 +3.7416e-01 -2.2395e+00 +3.3210e+00
1593 0 +7.076623324e+00 +1.395266233e+02 +1.395266233e+02 -3.7220e+00 +8.2303e-01 -4.2620e+00 -3.8157e+00 -4.5152e+00 -3.4951e+00 -8.6783e-01 +3.8350e-01 -2.2322e+00 +3.3059e+00
