% f evaluations | g evaluations | best noise-free fitness - Fopt (9.294000000000e+01) + sum g_i+ | measured fitness | best measured fitness or single-digit g-values | x1 | x2...
1 0 +2.065263710e+03 +2.158203710e+03 +2.158203710e+03
4 0 +1.938238133e+03 +2.031178133e+03 +2.031178133e+03
5 0 +1.493962588e+03 +1.586902588e+03 +1.586902588e+03
39 0 +1.232540323e+03 +1.325480323e+03 +1.325480323e+03
44 0 +1.093096470e+03 +1.186036470e+03 +1.186036470e+03
50 0 +8.164057484e+02 +9.093457484e+02 +9.093457484e+02
76 0 +6.168389104e+02 +7.097789104e+02 +7.097789104e+02
83 0 +6.083610884e+02 +7.013010884e+02 +7.013010884e+02
405 0 +5.611526295e+02 +6.540926295e+02 +6.540926295e+02
483 0 +5.340448792e+02 +6.269848792e+02 +6.269848792e+02
498 0 +5.062374227e+02 +5.991774227e+02 +5.991774227e+02
502 0 +4.863296158e+02 +5.792696158e+02 +5.792696158e+02
517 0 +4.036308507e+02 +4.965708507e+02 +4.965708507e+02
572 0 +3.782623425e+02 +4.712023425e+02 +4.712023425e+02
639 0 +3.434322840e+02 +4.363722840e+02 +4.363722840e+02
645 0 +3.227893954e+02 +4.157293954e+02 +4.157293954e+02
744 0 +2.968660992e+02 +3.898060992e+02 +3.898060992e+02
771 0 +2.905188087e+02 +3.834588087e+02 +3.834588087e+02
781 0 +2.777873772e+02 +3.707273772e+02 +3.707273772e+02
787 0 +2.660973031e+02 +3.590373031e+02 +3.590373031e+02
812 0 +2.582388953e+02 +3.511788953e+02 +3.511788953e+02
850 0 +2.526200103e+02 +3.455600103e+02 +3.455600103e+02
851 0 +2.480126981e+02 +3.409526981e+02 +3.409526981e+02
871 0 +2.396197256e+02 +3.325597256e+02 +3.325597256e+02
885 0 +2.306081256e+02 +3.235481256e+02 +3.235481256e+02
888 0 +2.247331340e+02 +3.176731340e+02 +3.176731340e+02
905 0 +2.126735021e+02 +3.056135021e+02 +3.056135021e+02
908 0 +1.986135658e+02 +2.915535658e+02 +2.915535658e+02
922 0 +1.867266558e+02 +2.796666558e+02 +2.796666558e+02
943 0 +1.724037885e+02 +2.653437885e+02 +2.653437885e+02
995 0 +1.544914108e+02 +2.474314108e+02 +2.474314108e+02
998 0 +1.494588704e+02 +2.423988704e+02 +2.423988704e+02
1153 0 +1.377997490e+02 +2.307397490e+02 +2.307397490e+02
1259 0 +1.306582547e+02 +2.235982547e+02 +2.235982547e+02
1276 0 +1.258923695e+02 +2.188323695e+02 +2.188323695e+02
1298 0 +1.217224338e+02 +2.146624338e+02 +2.146624338e+02
1355 0 +1.120224505e+02 +2.049624505e+02 +2.049624505e+02
1461 0 +1.027922069e+02 +1.957322069e+02 +1.957322069e+02
1585 0 +9.851979984e+01 +1.914597998e+02 +1.914597998e+02
1586 0 +9.763175161e+01 +1.905717516e+02 +1.905717516e+02
1595 0 +9.332925351e+01 +1.862692535e+02 +1.862692535e+02
1608 0 +8.944983621e+01 +1.823898362e+02 +1.823898362e+02
1639 0 +8.529097426e+01 +1.782309743e+02 +1.782309743e+02
1647 0 +8.449312434e+01 +1.774331243e+02 +1.774331243e+02
1739 0 +8.040476260e+01 +1.733447626e+02 +1.733447626e+02
1868 0 +7.199781862e+01 +1.649378186e+02 +1.649378186e+02
2154 0 +6.746485417e+01 +1.604048542e+02 +1.604048542e+02
2161 0 +6.502167838e+01 +1.579616784e+02 +1.579616784e+02
2165 0 +6.380615860e+01 +1.567461586e+02 +1.567461586e+02
2179 0 +6.246174865e+01 +1.554017487e+02 +1.554017487e+02
2184 0 +6.087210567e+01 +1.538121057e+02 +1.538121057e+02
2224 0 +5.228311125e+01 +1.452231113e+02 +1.452231113e+02
2351 0 +4.725978057e+01 +1.401997806e+02 +1.401997806e+02
2419 0 +4.481334390e+01 +1.377533439e+02 +1.377533439e+02
2532 0 +4.431485686e+01 +1.372548569e+02 +1.372548569e+02
2546 0 +4.185585121e+01 +1.347958512e+02 +1.347958512e+02
2572 0 +3.949127575e+01 +1.324312758e+02 +1.324312758e+02
2637 0 +3.848747173e+01 +1.314274717e+02 +1.314274717e+02
2699 0 +3.687546686e+01 +1.298154669e+02 +1.298154669e+02
2773 0 +3.350412161e+01 +1.264441216e+02 +1.264441216e+02
2943 0 +3.268013942e+01 +1.256201394e+02 +1.256201394e+02
3032 0 +3.226120147e+01 +1.252012015e+02 +1.252012015e+02
3039 0 +3.151913957e+01 +1.244591396e+02 +1.244591396e+02
3060 0 +3.049647983e+01 +1.234364798e+02 +1.234364798e+02
3146 0 +3.010843042e+01 +1.230484304e+02 +1.230484304e+02
3162 0 +2.949320657e+01 +1.224332066e+02 +1.224332066e+02
3212 0 +2.799857178e+01 +1.209385718e+02 +1.209385718e+02
3234 0 +2.740330733e+01 +1.203433073e+02 +1.203433073e+02
3243 0 +2.637358222e+01 +1.193135822e+02 +1.193135822e+02
3492 0 +2.611019492e+01 +1.190501949e+02 +1.190501949e+02
3506 0 +2.559037047e+01 +1.185303705e+02 +1.185303705e+02
3783 0 +2.509003776e+01 +1.180300378e+02 +1.180300378e+02
3814 0 +2.398598046e+01 +1.169259805e+02 +1.169259805e+02
3969 0 +2.336610741e+01 +1.163061074e+02 +1.163061074e+02
4470 0 +2.283973604e+01 +1.157797360e+02 +1.157797360e+02
% f evaluations | g evaluations | best noise-free fitness - Fopt (3.535000000000e+01) + sum g_i+ | measured fitness | best measured fitness or single-digit g-values | x1 | x2...
1 0 +4.196046641e+03 +4.231396641e+03 +4.231396641e+03
2 0 +2.864352776e+03 +2.899702776e+03 +2.899702776e+03
8 0 +2.199661899e+03 +2.235011899e+03 +2.235011899e+03
16 0 +2.185089487e+03 +2.220439487e+03 +2.220439487e+03
18 0 +1.695863851e+03 +1.731213851e+03 +1.731213851e+03
34 0 +1.450231734e+03 +1.485581734e+03 +1.485581734e+03
51 0 +1.238139131e+03 +1.273489131e+03 +1.273489131e+03
58 0 +1.118298270e+03 +1.153648270e+03 +1.153648270e+03
105 0 +1.037713990e+03 +1.073063990e+03 +1.073063990e+03
137 0 +8.681238276e+02 +9.034738276e+02 +9.034738276e+02
219 0 +7.345979087e+02 +7.699479087e+02 +7.699479087e+02
221 0 +5.312958139e+02 +5.666458139e+02 +5.666458139e+02
307 0 +5.241155253e+02 +5.594655253e+02 +5.594655253e+02
323 0 +4.620066698e+02 +4.973566698e+02 +4.973566698e+02
345 0 +4.006893739e+02 +4.360393739e+02 +4.360393739e+02
373 0 +3.892684255e+02 +4.246184255e+02 +4.246184255e+02
377 0 +3.586597454e+02 +3.940097454e+02 +3.940097454e+02
385 0 +3.353346086e+02 +3.706846086e+02 +3.706846086e+02
401 0 +3.243135615e+02 +3.596635615e+02 +3.596635615e+02
411 0 +2.857293203e+02 +3.210793203e+02 +3.210793203e+02
434 0 +2.715615166e+02 +3.069115166e+02 +3.069115166e+02
436 0 +2.640599671e+02 +2.994099671e+02 +2.994099671e+02
461 0 +2.269781777e+02 +2.623281777e+02 +2.623281777e+02
479 0 +2.085164088e+02 +2.438664088e+02 +2.438664088e+02
553 0 +1.827507103e+02 +2.181007103e+02 +2.181007103e+02
620 0 +1.719050359e+02 +2.072550359e+02 +2.072550359e+02
666 0 +1.590006478e+02 +1.943506478e+02 +1.943506478e+02
689 0 +1.455971335e+02 +1.809471335e+02 +1.809471335e+02
725 0 +1.443669804e+02 +1.797169804e+02 +1.797169804e+02
768 0 +1.293270618e+02 +1.646770618e+02 +1.646770618e+02
774 0 +1.248891826e+02 +1.602391826e+02 +1.602391826e+02
776 0 +1.189043357e+02 +1.542543357e+02 +1.542543357e+02
823 0 +1.153323374e+02 +1.506823374e+02 +1.506823374e+02
852 0 +1.130977221e+02 +1.484477221e+02 +1.484477221e+02
853 0 +9.441448799e+01 +1.297644880e+02 +1.297644880e+02
863 0 +9.268840621e+01 +1.280384062e+02 +1.280384062e+02
870 0 +6.674334499e+01 +1.020933450e+02 +1.020933450e+02
1021 0 +6.508396046e+01 +1.004339605e+02 +1.004339605e+02
1092 0 +5.194926414e+01 +8.729926414e+01 +8.729926414e+01
1171 0 +5.121197894e+01 +8.656197894e+01 +8.656197894e+01
1176 0 +4.757867379e+01 +8.292867379e+01 +8.292867379e+01
1255 0 +4.487087513e+01 +8.022087513e+01 +8.022087513e+01
1302 0 +4.429258244e+01 +7.964258244e+01 +7.964258244e+01
1307 0 +4.133062272e+01 +7.668062272e+01 +7.668062272e+01
1325 0 +3.673250057e+01 +7.208250057e+01 +7.208250057e+01
1360 0 +3.390232969e+01 +6.925232969e+01 +6.925232969e+01
1503 0 +3.014662531e+01 +6.549662531e+01 +6.549662531e+01
1519 0 +2.905847583e+01 +6.440847583e+01 +6.440847583e+01
1591 0 +2.668765976e+01 +6.203765976e+01 +6.203765976e+01
1819 0 +2.346778619e+01 +5.881778619e+01 +5.881778619e+01
1854 0 +2.220336089e+01 +5.755336089e+01 +5.755336089e+01
1878 0 +2.057294352e+01 +5.592294352e+01 +5.592294352e+01
2035 0 +1.940812703e+01 +5.475812703e+01 +5.475812703e+01
2203 0 +1.900189025e+01 +5.435189025e+01 +5.435189025e+01
2231 0 +1.832128290e+01 +5.367128290e+01 +5.367128290e+01
2250 0 +1.798288293e+01 +5.333288293e+01 +5.333288293e+01
2346 0 +1.778018476e+01 +5.313018476e+01 +5.313018476e+01
2386 0 +1.685353121e+01 +5.220353121e+01 +5.220353121e+01
2457 0 +1.655214085e+01 +5.190214085e+01 +5.190214085e+01
2571 0 +1.618826073e+01 +5.153826073e+01 +5.153826073e+01
2633 0 +1.575021546e+01 +5.110021546e+01 +5.110021546e+01
2723 0 +1.548723373e+01 +5.083723373e+01 +5.083723373e+01
2974 0 +1.482637574e+01 +5.017637574e+01 +5.017637574e+01
3007 0 +1.474538392e+01 +5.009538392e+01 +5.009538392e+01
3093 0 +1.421381819e+01 +4.956381819e+01 +4.956381819e+01
3258 0 +1.396678432e+01 +4.931678432e+01 +4.931678432e+01
% f evaluations | g evaluations | best noise-free fitness - Fopt (3.820000000000e+00) + sum g_i+ | measured fitness | best measured fitness or single-digit g-values | x1 | x2...
1 0 +1.901217805e+03 +1.905037805e+03 +1.905037805e+03
3 0 +1.587064396e+03 +1.590884396e+03 +1.590884396e+03
11 0 +1.534481341e+03 +1.538301341e+03 +1.538301341e+03
20 0 +1.494180771e+03 +1.498000771e+03 +1.498000771e+03
30 0 +8.156924174e+02 +8.195124174e+02 +8.195124174e+02
63 0 +6.552764124e+02 +6.590964124e+02 +6.590964124e+02
86 0 +6.298702755e+02 +6.336902755e+02 +6.336902755e+02
229 0 +6.081022627e+02 +6.119222627e+02 +6.119222627e+02
240 0 +5.810353693e+02 +5.848553693e+02 +5.848553693e+02
276 0 +4.902960222e+02 +4.941160222e+02 +4.941160222e+02
346 0 +3.181554250e+02 +3.219754250e+02 +3.219754250e+02
385 0 +2.716254090e+02 +2.754454090e+02 +2.754454090e+02
551 0 +2.387202286e+02 +2.425402286e+02 +2.425402286e+02
597 0 +2.204109851e+02 +2.242309851e+02 +2.242309851e+02
606 0 +2.097631175e+02 +2.135831175e+02 +2.135831175e+02
617 0 +2.083431537e+02 +2.121631537e+02 +2.121631537e+02
627 0 +1.324747084e+02 +1.362947084e+02 +1.362947084e+02
848 0 +1.251582818e+02 +1.289782818e+02 +1.289782818e+02
889 0 +1.073153837e+02 +1.111353837e+02 +1.111353837e+02
941 0 +1.015909377e+02 +1.054109377e+02 +1.054109377e+02
976 0 +9.820971598e+01 +1.020297160e+02 +1.020297160e+02
989 0 +9.687239142e+01 +1.006923914e+02 +1.006923914e+02
994 0 +8.929036945e+01 +9.311036945e+01 +9.311036945e+01
1041 0 +8.175787981e+01 +8.557787981e+01 +8.557787981e+01
1282 0 +7.886159653e+01 +8.268159653e+01 +8.268159653e+01
1305 0 +7.657411259e+01 +8.039411259e+01 +8.039411259e+01
1352 0 +7.506349128e+01 +7.888349128e+01 +7.888349128e+01
1388 0 +7.380492485e+01 +7.762492485e+01 +7.762492485e+01
1395 0 +6.576410348e+01 +6.958410348e+01 +6.958410348e+01
1406 0 +5.457408365e+01 +5.839408365e+01 +5.839408365e+01
1564 0 +5.359280615e+01 +5.741280615e+01 +5.741280615e+01
1616 0 +5.001866858e+01 +5.383866858e+01 +5.383866858e+01
1634 0 +4.842232433e+01 +5.224232433e+01 +5.224232433e+01
1647 0 +4.744675936e+01 +5.126675936e+01 +5.126675936e+01
1665 0 +4.376084871e+01 +4.758084871e+01 +4.758084871e+01
1758 0 +4.036926105e+01 +4.418926105e+01 +4.418926105e+01
1784 0 +3.684141157e+01 +4.066141157e+01 +4.066141157e+01
1832 0 +3.453123588e+01 +3.835123588e+01 +3.835123588e+01
1920 0 +3.331004605e+01 +3.713004605e+01 +3.713004605e+01
1934 0 +3.294021080e+01 +3.676021080e+01 +3.676021080e+01
1979 0 +3.123850474e+01 +3.505850474e+01 +3.505850474e+01
2037 0 +3.055305400e+01 +3.437305400e+01 +3.437305400e+01
2109 0 +2.969784341e+01 +3.351784341e+01 +3.351784341e+01
2242 0 +2.945863595e+01 +3.327863595e+01 +3.327863595e+01
2380 0 +2.869232467e+01 +3.251232467e+01 +3.251232467e+01
2427 0 +2.775779964e+01 +3.157779964e+01 +3.157779964e+01
2578 0 +2.714716660e+01 +3.096716660e+01 +3.096716660e+01
2733 0 +2.682995255e+01 +3.064995255e+01 +3.064995255e+01
2736 0 +2.514272612e+01 +2.896272612e+01 +2.896272612e+01
2751 0 +2.410085393e+01 +2.792085393e+01 +2.792085393e+01
2788 0 +2.393642038e+01 +2.775642038e+01 +2.775642038e+01
3022 0 +2.336800140e+01 +2.718800140e+01 +2.718800140e+01
3269 0 +2.287135896e+01 +2.669135896e+01 +2.669135896e+01
% f evaluations | g evaluations | best noise-free fitness - Fopt (2.175000000000e+01) + sum g_i+ | measured fitness | best measured fitness or single-digit g-values | x1 | x2...
1 0 +3.403894784e+03 +3.425644784e+03 +3.425644784e+03
3 0 +3.150808588e+03 +3.172558588e+03 +3.172558588e+03
4 0 +2.970150463e+03 +2.991900463e+03 +2.991900463e+03
6 0 +1.911612641e+03 +1.933362641e+03 +1.933362641e+03
9 0 +1.839135755e+03 +1.860885755e+03 +1.860885755e+03
13 0 +1.557725168e+03 +1.579475168e+03 +1.579475168e+03
17 0 +1.320953944e+03 +1.342703944e+03 +1.342703944e+03
40 0 +1.293945663e+03 +1.315695663e+03 +1.315695663e+03
47 0 +1.249365663e+03 +1.271115663e+03 +1.271115663e+03
64 0 +1.152739802e+03 +1.174489802e+03 +1.174489802e+03
81 0 +1.007732111e+03 +1.029482111e+03 +1.029482111e+03
131 0 +8.194569168e+02 +8.412069168e+02 +8.412069168e+02
155 0 +7.230522357e+02 +7.448022357e+02 +7.448022357e+02
237 0 +6.712085371e+02 +6.929585371e+02 +6.929585371e+02
241 0 +6.204860222e+02 +6.422360222e+02 +6.422360222e+02
281 0 +5.760644665e+02 +5.978144665e+02 +5.978144665e+02
323 0 +5.436325675e+02 +5.653825675e+02 +5.653825675e+02
347 0 +4.721546376e+02 +4.939046376e+02 +4.939046376e+02
355 0 +4.667841944e+02 +4.885341944e+02 +4.885341944e+02
378 0 +3.854137378e+02 +4.071637378e+02 +4.071637378e+02
416 0 +3.575646852e+02 +3.793146852e+02 +3.793146852e+02
440 0 +3.057216488e+02 +3.274716488e+02 +3.274716488e+02
466 0 +2.673848516e+02 +2.891348516e+02 +2.891348516e+02
483 0 +2.523738029e+02 +2.741238029e+02 +2.741238029e+02
722 0 +2.511480189e+02 +2.728980189e+02 +2.728980189e+02
760 0 +1.764114342e+02 +1.981614342e+02 +1.981614342e+02
851 0 +1.711224421e+02 +1.928724421e+02 +1.928724421e+02
878 0 +1.691109104e+02 +1.908609104e+02 +1.908609104e+02
887 0 +1.584050413e+02 +1.801550413e+02 +1.801550413e+02
917 0 +1.410552516e+02 +1.628052516e+02 +1.628052516e+02
986 0 +1.159466348e+02 +1.376966348e+02 +1.376966348e+02
1118 0 +9.756208997e+01 +1.193120900e+02 +1.193120900e+02
1173 0 +8.559352778e+01 +1.073435278e+02 +1.073435278e+02
1194 0 +8.003039652e+01 +1.017803965e+02 +1.017803965e+02
1217 0 +7.538147406e+01 +9.713147406e+01 +9.713147406e+01
1261 0 +7.219930419e+01 +9.394930419e+01 +9.394930419e+01
1344 0 +6.562779055e+01 +8.737779055e+01 +8.737779055e+01
1346 0 +5.464876627e+01 +7.639876627e+01 +7.639876627e+01
1348 0 +5.366604306e+01 +7.541604306e+01 +7.541604306e+01
1359 0 +5.154807298e+01 +7.329807298e+01 +7.329807298e+01
1383 0 +5.107333993e+01 +7.282333993e+01 +7.282333993e+01
1452 0 +4.810734944e+01 +6.985734944e+01 +6.985734944e+01
1500 0 +4.607789017e+01 +6.782789017e+01 +6.782789017e+01
1534 0 +4.352820694e+01 +6.527820694e+01 +6.527820694e+01
1594 0 +4.202572374e+01 +6.377572374e+01 +6.377572374e+01
1609 0 +4.131571103e+01 +6.306571103e+01 +6.306571103e+01
1691 0 +3.845621131e+01 +6.020621131e+01 +6.020621131e+01
1723 0 +3.554740503e+01 +5.729740503e+01 +5.729740503e+01
1755 0 +3.356269790e+01 +5.531269790e+01 +5.531269790e+01
1775 0 +3.273012764e+01 +5.448012764e+01 +5.448012764e+01
1852 0 +3.164985632e+01 +5.339985632e+01 +5.339985632e+01
1900 0 +3.046560217e+01 +5.221560217e+01 +5.221560217e+01
1943 0 +2.973804536e+01 +5.148804536e+01 +5.148804536e+01
1970 0 +2.826781735e+01 +5.001781735e+01 +5.001781735e+01
1971 0 +2.713952917e+01 +4.888952917e+01 +4.888952917e+01
1993 0 +2.682053597e+01 +4.857053597e+01 +4.857053597e+01
2045 0 +2.573009652e+01 +4.748009652e+01 +4.748009652e+01
2053 0 +2.547169200e+01 +4.722169200e+01 +4.722169200e+01
2178 0 +2.376704980e+01 +4.551704980e+01 +4.551704980e+01
2254 0 +2.273130933e+01 +4.448130933e+01 +4.448130933e+01
2325 0 +2.174870546e+01 +4.349870546e+01 +4.349870546e+01
2453 0 +2.110446215e+01 +4.285446215e+01 +4.285446215e+01
2475 0 +2.046622753e+01 +4.221622753e+01 +4.221622753e+01
2478 0 +2.007998098e+01 +4.182998098e+01 +4.182998098e+01
2485 0 +1.984816359e+01 +4.159816359e+01 +4.159816359e+01
2493 0 +1.847880830e+01 +4.022880830e+01 +4.022880830e+01
2692 0 +1.781448915e+01 +3.956448915e+01 +3.956448915e+01
2981 0 +1.767495066e+01 +3.942495066e+01 +3.942495066e+01
3483 0 +1.737431379e+01 +3.912431379e+01 +3.912431379e+01
4681 0 +1.696419432e+01 +3.871419432e+01 +3.871419432e+01
% f evaluations | g evaluations | best noise-free fitness - Fopt (6.479000000000e+01) + sum g_i+ | measured fitness | best measured fitness or single-digit g-values | x1 | x2...
1 0 +3.437117850e+03 +3.501907850e+03 +3.501907850e+03
2 0 +2.820088851e+03 +2.884878851e+03 +2.884878851e+03
15 0 +2.167384870e+03 +2.232174870e+03 +2.232174870e+03
23 0 +2.126371836e+03 +2.191161836e+03 +2.191161836e+03
28 0 +1.663671078e+03 +1.728461078e+03 +1.728461078e+03
35 0 +1.581854452e+03 +1.646644452e+03 +1.646644452e+03
43 0 +1.150002163e+03 +1.214792163e+03 +1.214792163e+03
76 0 +9.436163281e+02 +1.008406328e+03 +1.008406328e+03
96 0 +8.048705071e+02 +8.696605071e+02 +8.696605071e+02
107 0 +7.834130476e+02 +8.482030476e+02 +8.482030476e+02
112 0 +7.001628196e+02 +7.649528196e+02 +7.649528196e+02
118 0 +6.015465302e+02 +6.663365302e+02 +6.663365302e+02
163 0 +3.902893611e+02 +4.550793611e+02 +4.550793611e+02
308 0 +3.455995713e+02 +4.103895713e+02 +4.103895713e+02
327 0 +2.937588480e+02 +3.585488480e+02 +3.585488480e+02
351 0 +2.811062868e+02 +3.458962868e+02 +3.458962868e+02
389 0 +2.619293713e+02 +3.267193713e+02 +3.267193713e+02
441 0 +2.545087115e+02 +3.192987115e+02 +3.192987115e+02
444 0 +2.346807839e+02 +2.994707839e+02 +2.994707839e+02
462 0 +2.327962894e+02 +2.975862894e+02 +2.975862894e+02
471 0 +2.154684219e+02 +2.802584219e+02 +2.802584219e+02
498 0 +1.860874407e+02 +2.508774407e+02 +2.508774407e+02
528 0 +1.623605396e+02 +2.271505396e+02 +2.271505396e+02
553 0 +1.473229981e+02 +2.121129981e+02 +2.121129981e+02
587 0 +1.362612063e+02 +2.010512063e+02 +2.010512063e+02
602 0 +1.247635630e+02 +1.895535630e+02 +1.895535630e+02
630 0 +1.178987027e+02 +1.826887027e+02 +1.826887027e+02
638 0 +1.028800771e+02 +1.676700771e+02 +1.676700771e+02
773 0 +9.645393521e+01 +1.612439352e+02 +1.612439352e+02
818 0 +9.486572236e+01 +1.596557224e+02 +1.596557224e+02
821 0 +8.055860249e+01 +1.453486025e+02 +1.453486025e+02
822 0 +7.273191761e+01 +1.375219176e+02 +1.375219176e+02
883 0 +6.940080581e+01 +1.341908058e+02 +1.341908058e+02
903 0 +6.623218730e+01 +1.310221873e+02 +1.310221873e+02
930 0 +4.391294231e+01 +1.087029423e+02 +1.087029423e+02
1214 0 +4.214758192e+01 +1.069375819e+02 +1.069375819e+02
1295 0 +4.005100146e+01 +1.048410015e+02 +1.048410015e+02
1323 0 +3.627567645e+01 +1.010656764e+02 +1.010656764e+02
1374 0 +3.547909933e+01 +1.002690993e+02 +1.002690993e+02
1386 0 +3.416709586e+01 +9.895709586e+01 +9.895709586e+01
1429 0 +3.284986943e+01 +9.763986943e+01 +9.763986943e+01
1433 0 +3.151033993e+01 +9.630033993e+01 +9.630033993e+01
1443 0 +2.951624374e+01 +9.430624374e+01 +9.430624374e+01
1458 0 +2.776480123e+01 +9.255480123e+01 +9.255480123e+01
1472 0 +2.399292691e+01 +8.878292691e+01 +8.878292691e+01
1572 0 +2.279526361e+01 +8.758526361e+01 +8.758526361e+01
1622 0 +1.847666343e+01 +8.326666343e+01 +8.326666343e+01
1811 0 +1.735382632e+01 +8.214382632e+01 +8.214382632e+01
1943 0 +1.670528607e+01 +8.149528607e+01 +8.149528607e+01
1957 0 +1.594436560e+01 +8.073436560e+01 +8.073436560e+01
2175 0 +1.562517769e+01 +8.041517769e+01 +8.041517769e+01
2269 0 +1.531163402e+01 +8.010163402e+01 +8.010163402e+01
2273 0 +1.500777950e+01 +7.979777950e+01 +7.979777950e+01
2341 0 +1.436677081e+01 +7.915677081e+01 +7.915677081e+01
2635 0 +1.412124440e+01 +7.891124440e+01 +7.891124440e+01
% f evaluations | g evaluations | best noise-free fitness - Fopt (-4.947000000000e+01) + sum g_i+ | measured fitness | best measured fitness or single-digit g-values | x1 | x2...
1 0 +3.155730292e+03 +3.106260292e+03 +3.106260292e+03
2 0 +2.001836090e+03 +1.952366090e+03 +1.952366090e+03
24 0 +1.934072137e+03 +1.884602137e+03 +1.884602137e+03
40 0 +1.897037748e+03 +1.847567748e+03 +1.847567748e+03
62 0 +1.633018133e+03 +1.583548133e+03 +1.583548133e+03
63 0 +1.212396243e+03 +1.162926243e+03 +1.162926243e+03
113 0 +9.236777748e+02 +8.742077748e+02 +8.742077748e+02
148 0 +8.419963020e+02 +7.925263020e+02 +7.925263020e+02
256 0 +7.885058854e+02 +7.390358854e+02 +7.390358854e+02
270 0 +6.807945569e+02 +6.313245569e+02 +6.313245569e+02
372 0 +6.442692856e+02 +5.947992856e+02 +5.947992856e+02
378 0 +5.402656654e+02 +4.907956654e+02 +4.907956654e+02
395 0 +5.005612588e+02 +4.510912588e+02 +4.510912588e+02
424 0 +4.004046883e+02 +3.509346883e+02 +3.509346883e+02
433 0 +3.800271913e+02 +3.305571913e+02 +3.305571913e+02
618 0 +3.374611504e+02 +2.879911504e+02 +2.879911504e+02
645 0 +3.200373001e+02 +2.705673001e+02 +2.705673001e+02
675 0 +3.094623411e+02 +2.599923411e+02 +2.599923411e+02
680 0 +2.983454268e+02 +2.488754268e+02 +2.488754268e+02
682 0 +2.899270452e+02 +2.404570452e+02 +2.404570452e+02
693 0 +2.829656707e+02 +2.334956707e+02 +2.334956707e+02
699 0 +2.206372824e+02 +1.711672824e+02 +1.711672824e+02
821 0 +1.888732929e+02 +1.394032929e+02 +1.394032929e+02
846 0 +1.695258256e+02 +1.200558256e+02 +1.200558256e+02
943 0 +1.612322875e+02 +1.117622875e+02 +1.117622875e+02
967 0 +1.552249214e+02 +1.057549214e+02 +1.057549214e+02
1164 0 +1.394664989e+02 +8.999649889e+01 +8.999649889e+01
1208 0 +1.366081998e+02 +8.713819979e+01 +8.713819979e+01
1216 0 +1.261355422e+02 +7.666554219e+01 +7.666554219e+01
1328 0 +1.254126795e+02 +7.594267949e+01 +7.594267949e+01
1330 0 +1.225017313e+02 +7.303173126e+01 +7.303173126e+01
1349 0 +1.198251917e+02 +7.035519172e+01 +7.035519172e+01
1390 0 +9.813666922e+01 +4.866666922e+01 +4.866666922e+01
1424 0 +9.423060992e+01 +4.476060992e+01 +4.476060992e+01
1468 0 +9.279595742e+01 +4.332595742e+01 +4.332595742e+01
1489 0 +8.963854738e+01 +4.016854738e+01 +4.016854738e+01
1503 0 +8.184822632e+01 +3.237822632e+01 +3.237822632e+01
1518 0 +7.850377462e+01 +2.903377462e+01 +2.903377462e+01
1612 0 +7.586188775e+01 +2.639188775e+01 +2.639188775e+01
1629 0 +6.286512998e+01 +1.339512998e+01 +1.339512998e+01
1748 0 +5.414210723e+01 +4.672107227e+00 +4.672107227e+00
1878 0 +5.169823930e+01 +2.228239299e+00 +2.228239299e+00
1969 0 +4.664741803e+01 -2.822581970e+00 -2.822581970e+00
2084 0 +3.725516951e+01 -1.221483049e+01 -1.221483049e+01
2481 0 +3.563945081e+01 -1.383054919e+01 -1.383054919e+01
2706 0 +3.500553003e+01 -1.446446997e+01 -1.446446997e+01
2970 0 +3.457742907e+01 -1.489257093e+01 -1.489257093e+01
% f evaluations | g evaluations | best noise-free fitness - Fopt (-4.225000000000e+01) + sum g_i+ | measured fitness | best measured fitness or single-digit g-values | x1 | x2...
1 0 +2.596811238e+03 +2.554561238e+03 +2.554561238e+03
4 0 +2.469005426e+03 +2.426755426e+03 +2.426755426e+03
11 0 +2.059457729e+03 +2.017207729e+03 +2.017207729e+03
14 0 +2.014751412e+03 +1.972501412e+03 +1.972501412e+03
16 0 +1.714714345e+03 +1.672464345e+03 +1.672464345e+03
19 0 +1.570978663e+03 +1.528728663e+03 +1.528728663e+03
26 0 +1.510075423e+03 +1.467825423e+03 +1.467825423e+03
33 0 +6.257311628e+02 +5.834811628e+02 +5.834811628e+02
68 0 +5.907262066e+02 +5.484762066e+02 +5.484762066e+02
161 0 +5.397442019e+02 +4.974942019e+02 +4.974942019e+02
179 0 +5.077327046e+02 +4.654827046e+02 +4.654827046e+02
192 0 +4.174897702e+02 +3.752397702e+02 +3.752397702e+02
320 0 +3.728512365e+02 +3.306012365e+02 +3.306012365e+02
350 0 +3.392377436e+02 +2.969877436e+02 +2.969877436e+02
409 0 +3.023111041e+02 +2.600611041e+02 +2.600611041e+02
431 0 +2.966999677e+02 +2.544499677e+02 +2.544499677e+02
498 0 +2.814967970e+02 +2.392467970e+02 +2.392467970e+02
499 0 +2.681977961e+02 +2.259477961e+02 +2.259477961e+02
521 0 +2.560975961e+02 +2.138475961e+02 +2.138475961e+02
528 0 +2.403232871e+02 +1.980732871e+02 +1.980732871e+02
536 0 +2.280781179e+02 +1.858281179e+02 +1.858281179e+02
562 0 +2.079807042e+02 +1.657307042e+02 +1.657307042e+02
619 0 +1.894825300e+02 +1.472325300e+02 +1.472325300e+02
636 0 +1.683087562e+02 +1.260587562e+02 +1.260587562e+02
754 0 +1.467880372e+02 +1.045380372e+02 +1.045380372e+02
800 0 +1.298124450e+02 +8.756244496e+01 +8.756244496e+01
802 0 +1.110955617e+02 +6.884556166e+01 +6.884556166e+01
842 0 +1.067289714e+02 +6.447897144e+01 +6.447897144e+01
901 0 +1.036705812e+02 +6.142058120e+01 +6.142058120e+01
922 0 +9.527785106e+01 +5.302785106e+01 +5.302785106e+01
925 0 +8.525623859e+01 +4.300623859e+01 +4.300623859e+01
951 0 +8.005520388e+01 +3.780520388e+01 +3.780520388e+01
956 0 +6.903628383e+01 +2.678628383e+01 +2.678628383e+01
1027 0 +6.443477801e+01 +2.218477801e+01 +2.218477801e+01
1038 0 +6.147780024e+01 +1.922780024e+01 +1.922780024e+01
1174 0 +5.145147001e+01 +9.201470015e+00 +9.201470015e+00
1243 0 +4.994184235e+01 +7.691842345e+00 +7.691842345e+00
1257 0 +4.569235497e+01 +3.442354966e+00 +3.442354966e+00
1306 0 +4.357410761e+01 +1.324107608e+00 +1.324107608e+00
1353 0 +3.964315078e+01 -2.606849219e+00 -2.606849219e+00
1397 0 +3.765783465e+01 -4.592165350e+00 -4.592165350e+00
1450 0 +3.525472121e+01 -6.995278788e+00 -6.995278788e+00
1471 0 +3.244885278e+01 -9.801147217e+00 -9.801147217e+00
1541 0 +3.039588323e+01 -1.185411677e+01 -1.185411677e+01
1646 0 +2.959640145e+01 -1.265359855e+01 -1.265359855e+01
1652 0 +2.864509611e+01 -1.360490389e+01 -1.360490389e+01
1701 0 +2.726949324e+01 -1.498050676e+01 -1.498050676e+01
1733 0 +2.632796866e+01 -1.592203134e+01 -1.592203134e+01
1741 0 +2.549882593e+01 -1.675117407e+01 -1.675117407e+01
1750 0 +2.254140537e+01 -1.970859463e+01 -1.970859463e+01
1760 0 +1.913263519e+01 -2.311736481e+01 -2.311736481e+01
2177 0 +1.820402274e+01 -2.404597726e+01 -2.404597726e+01
2469 0 +1.811490274e+01 -2.413509726e+01 -2.413509726e+01
2646 0 +1.774771195e+01 -2.450228805e+01 -2.450228805e+01
3001 0 +1.733640587e+01 -2.491359413e+01 -2.491359413e+01
3451 0 +1.698066762e+01 -2.526933238e+01 -2.526933238e+01
4027 0 +1.658022397e+01 -2.566977603e+01 -2.566977603e+01
% f evaluations | g evaluations | best noise-free fitness - Fopt (-1.295600000000e+02) + sum g_i+ | measured fitness | best measured fitness or single-digit g-values | x1 | x2...
1 0 +4.253627922e+03 +4.124067922e+03 +4.124067922e+03
2 0 +2.938988797e+03 +2.809428797e+03 +2.809428797e+03
10 0 +1.974906911e+03 +1.845346911e+03 +1.845346911e+03
39 0 +1.526578237e+03 +1.397018237e+03 +1.397018237e+03
40 0 +1.460537519e+03 +1.330977519e+03 +1.330977519e+03
41 0 +1.444660375e+03 +1.315100375e+03 +1.315100375e+03
57 0 +1.155318480e+03 +1.025758480e+03 +1.025758480e+03
69 0 +9.495832809e+02 +8.200232809e+02 +8.200232809e+02
100 0 +8.588524385e+02 +7.292924385e+02 +7.292924385e+02
143 0 +7.938826119e+02 +6.643226119e+02 +6.643226119e+02
174 0 +7.481970651e+02 +6.186370651e+02 +6.186370651e+02
186 0 +6.396025807e+02 +5.100425807e+02 +5.100425807e+02
199 0 +5.820319145e+02 +4.524719145e+02 +4.524719145e+02
228 0 +5.032735487e+02 +3.737135487e+02 +3.737135487e+02
277 0 +4.193836621e+02 +2.898236621e+02 +2.898236621e+02
331 0 +3.329003405e+02 +2.033403405e+02 +2.033403405e+02
425 0 +2.688944208e+02 +1.393344208e+02 +1.393344208e+02
606 0 +2.598443767e+02 +1.302843767e+02 +1.302843767e+02
625 0 +2.198237073e+02 +9.026370732e+01 +9.026370732e+01
696 0 +2.118067230e+02 +8.224672297e+01 +8.224672297e+01
729 0 +1.805579805e+02 +5.099798047e+01 +5.099798047e+01
751 0 +1.340277812e+02 +4.467781196e+00 +4.467781196e+00
843 0 +1.298305447e+02 +2.705447207e-01 +2.705447207e-01
897 0 +1.207597996e+02 -8.800200361e+00 -8.800200361e+00
954 0 +8.610666267e+01 -4.345333733e+01 -4.345333733e+01
1293 0 +8.448400475e+01 -4.507599525e+01 -4.507599525e+01
1302 0 +8.015433460e+01 -4.940566540e+01 -4.940566540e+01
1311 0 +7.939851791e+01 -5.016148209e+01 -5.016148209e+01
1371 0 +7.128060966e+01 -5.827939034e+01 -5.827939034e+01
1382 0 +6.822345049e+01 -6.133654951e+01 -6.133654951e+01
1476 0 +6.699302909e+01 -6.256697091e+01 -6.256697091e+01
1497 0 +6.461932623e+01 -6.494067377e+01 -6.494067377e+01
1534 0 +6.299163017e+01 -6.656836983e+01 -6.656836983e+01
1535 0 +5.996816581e+01 -6.959183419e+01 -6.959183419e+01
1546 0 +5.849896218e+01 -7.106103782e+01 -7.106103782e+01
1561 0 +5.336134869e+01 -7.619865131e+01 -7.619865131e+01
1567 0 +4.779963474e+01 -8.176036526e+01 -8.176036526e+01
1649 0 +4.502369567e+01 -8.453630433e+01 -8.453630433e+01
1714 0 +4.342091474e+01 -8.613908526e+01 -8.613908526e+01
1721 0 +4.246107428e+01 -8.709892572e+01 -8.709892572e+01
1801 0 +4.128147209e+01 -8.827852791e+01 -8.827852791e+01
2009 0 +3.607037890e+01 -9.348962110e+01 -9.348962110e+01
2031 0 +3.392842950e+01 -9.563157050e+01 -9.563157050e+01
2115 0 +2.703875844e+01 -1.025212416e+02 -1.025212416e+02
2272 0 +2.498382060e+01 -1.045761794e+02 -1.045761794e+02
2444 0 +2.381063227e+01 -1.057493677e+02 -1.057493677e+02
2467 0 +2.320695673e+01 -1.063530433e+02 -1.063530433e+02
2498 0 +2.272217113e+01 -1.068378289e+02 -1.068378289e+02
2582 0 +2.220456606e+01 -1.073554339e+02 -1.073554339e+02
2640 0 +2.109806648e+01 -1.084619335e+02 -1.084619335e+02
2670 0 +1.987421104e+01 -1.096857890e+02 -1.096857890e+02
2705 0 +1.932670987e+01 -1.102332901e+02 -1.102332901e+02
2707 0 +1.881043499e+01 -1.107495650e+02 -1.107495650e+02
2716 0 +1.806424933e+01 -1.114957507e+02 -1.114957507e+02
2809 0 +1.777154663e+01 -1.117884534e+02 -1.117884534e+02
3038 0 +1.729947742e+01 -1.122605226e+02 -1.122605226e+02
3111 0 +1.680728066e+01 -1.127527193e+02 -1.127527193e+02
3221 0 +1.650751903e+01 -1.130524810e+02 -1.130524810e+02
3399 0 +1.621562686e+01 -1.133443731e+02 -1.133443731e+02
3696 0 +1.581469034e+01 -1.137453097e+02 -1.137453097e+02
5778 0 +1.532378303e+01 -1.142362170e+02 -1.142362170e+02
% f evaluations | g evaluations | best noise-free fitness - Fopt (-2.774000000000e+01) + sum g_i+ | measured fitness | best measured fitness or single-digit g-values | x1 | x2...
1 0 +2.069440346e+03 +2.041700346e+03 +2.041700346e+03
17 0 +1.957254865e+03 +1.929514865e+03 +1.929514865e+03
34 0 +1.403199674e+03 +1.375459674e+03 +1.375459674e+03
68 0 +1.336680184e+03 +1.308940184e+03 +1.308940184e+03
75 0 +1.188594882e+03 +1.160854882e+03 +1.160854882e+03
88 0 +7.727953368e+02 +7.450553368e+02 +7.450553368e+02
144 0 +7.126918114e+02 +6.849518114e+02 +6.849518114e+02
262 0 +6.937722444e+02 +6.660322444e+02 +6.660322444e+02
309 0 +6.756739685e+02 +6.479339685e+02 +6.479339685e+02
325 0 +6.098177618e+02 +5.820777618e+02 +5.820777618e+02
330 0 +4.999324781e+02 +4.721924781e+02 +4.721924781e+02
331 0 +4.841991204e+02 +4.564591204e+02 +4.564591204e+02
355 0 +4.621230957e+02 +4.343830957e+02 +4.343830957e+02
358 0 +4.135778550e+02 +3.858378550e+02 +3.858378550e+02
407 0 +3.999350239e+02 +3.721950239e+02 +3.721950239e+02
426 0 +3.856511343e+02 +3.579111343e+02 +3.579111343e+02
429 0 +2.901443980e+02 +2.624043980e+02 +2.624043980e+02
497 0 +2.400473783e+02 +2.123073783e+02 +2.123073783e+02
648 0 +2.322400613e+02 +2.045000613e+02 +2.045000613e+02
664 0 +2.255443942e+02 +1.978043942e+02 +1.978043942e+02
665 0 +1.930031293e+02 +1.652631293e+02 +1.652631293e+02
758 0 +1.808675490e+02 +1.531275490e+02 +1.531275490e+02
770 0 +1.722867663e+02 +1.445467663e+02 +1.445467663e+02
780 0 +1.664591831e+02 +1.387191831e+02 +1.387191831e+02
798 0 +1.409689598e+02 +1.132289598e+02 +1.132289598e+02
889 0 +1.355153073e+02 +1.077753073e+02 +1.077753073e+02
921 0 +1.292005748e+02 +1.014605748e+02 +1.014605748e+02
928 0 +1.189965863e+02 +9.125658634e+01 +9.125658634e+01
958 0 +1.169265389e+02 +8.918653888e+01 +8.918653888e+01
967 0 +1.061782834e+02 +7.843828339e+01 +7.843828339e+01
1010 0 +8.664079269e+01 +5.890079269e+01 +5.890079269e+01
1079 0 +8.361123447e+01 +5.587123447e+01 +5.587123447e+01
1097 0 +8.249007789e+01 +5.475007789e+01 +5.475007789e+01
1117 0 +7.782591845e+01 +5.008591845e+01 +5.008591845e+01
1134 0 +7.416092786e+01 +4.642092786e+01 +4.642092786e+01
1191 0 +6.263890511e+01 +3.489890511e+01 +3.489890511e+01
1421 0 +6.122037739e+01 +3.348037739e+01 +3.348037739e+01
1426 0 +5.575850998e+01 +2.801850998e+01 +2.801850998e+01
1556 0 +5.493645553e+01 +2.719645553e+01 +2.719645553e+01
1595 0 +4.910703736e+01 +2.136703736e+01 +2.136703736e+01
1683 0 +4.756934402e+01 +1.982934402e+01 +1.982934402e+01
1702 0 +4.179851601e+01 +1.405851601e+01 +1.405851601e+01
1752 0 +3.839188096e+01 +1.065188096e+01 +1.065188096e+01
1800 0 +3.732635407e+01 +9.586354070e+00 +9.586354070e+00
1850 0 +3.280468802e+01 +5.064688015e+00 +5.064688015e+00
1881 0 +3.032242754e+01 +2.582427536e+00 +2.582427536e+00
2046 0 +2.757686246e+01 -1.631375430e-01 -1.631375430e-01
2125 0 +2.709027871e+01 -6.497212861e-01 -6.497212861e-01
2162 0 +2.625241864e+01 -1.487581363e+00 -1.487581363e+00
2226 0 +2.484106064e+01 -2.898939363e+00 -2.898939363e+00
2240 0 +2.402364736e+01 -3.716352643e+00 -3.716352643e+00
2281 0 +2.282491933e+01 -4.915080666e+00 -4.915080666e+00
2316 0 +2.183335052e+01 -5.906649477e+00 -5.906649477e+00
2348 0 +1.900703475e+01 -8.732965247e+00 -8.732965247e+00
2508 0 +1.778664065e+01 -9.953359353e+00 -9.953359353e+00
2513 0 +1.605400418e+01 -1.168599582e+01 -1.168599582e+01
2580 0 +1.568830472e+01 -1.205169528e+01 -1.205169528e+01
2638 0 +1.466680483e+01 -1.307319517e+01 -1.307319517e+01
2657 0 +1.340358068e+01 -1.433641932e+01 -1.433641932e+01
2809 0 +1.289213905e+01 -1.484786095e+01 -1.484786095e+01
2971 0 +1.275295983e+01 -1.498704017e+01 -1.498704017e+01
3047 0 +1.237971569e+01 -1.536028431e+01 -1.536028431e+01
3083 0 +1.221353790e+01 -1.552646210e+01 -1.552646210e+01
3214 0 +1.200754465e+01 -1.573245535e+01 -1.573245535e+01
3432 0 +1.171445368e+01 -1.602554632e+01 -1.602554632e+01
% f evaluations | g evaluations | best noise-free fitness - Fopt (5.073300000000e+02) + sum g_i+ | measured fitness | best measured fitness or single-digit g-values | x1 | x2...
1 0 +2.246469535e+03 +2.753799535e+03 +2.753799535e+03
4 0 +1.983335840e+03 +2.490665840e+03 +2.490665840e+03
16 0 +1.945670734e+03 +2.453000734e+03 +2.453000734e+03
23 0 +1.806598088e+03 +2.313928088e+03 +2.313928088e+03
31 0 +1.766784181e+03 +2.274114181e+03 +2.274114181e+03
38 0 +1.496327872e+03 +2.003657872e+03 +2.003657872e+03
43 0 +1.376291066e+03 +1.883621066e+03 +1.883621066e+03
83 0 +1.291273744e+03 +1.798603744e+03 +1.798603744e+03
89 0 +1.175332933e+03 +1.682662933e+03 +1.682662933e+03
90 0 +1.142647202e+03 +1.649977202e+03 +1.649977202e+03
139 0 +9.909872003e+02 +1.498317200e+03 +1.498317200e+03
151 0 +9.609481533e+02 +1.468278153e+03 +1.468278153e+03
160 0 +8.815608544e+02 +1.388890854e+03 +1.388890854e+03
161 0 +4.585483340e+02 +9.658783340e+02 +9.658783340e+02
378 0 +4.569226115e+02 +9.642526115e+02 +9.642526115e+02
388 0 +4.044473871e+02 +9.117773871e+02 +9.117773871e+02
399 0 +3.847329932e+02 +8.920629932e+02 +8.920629932e+02
473 0 +3.769837707e+02 +8.843137707e+02 +8.843137707e+02
496 0 +3.520683771e+02 +8.593983771e+02 +8.593983771e+02
521 0 +3.448465016e+02 +8.521765016e+02 +8.521765016e+02
525 0 +3.298728431e+02 +8.372028431e+02 +8.372028431e+02
531 0 +2.347672389e+02 +7.420972389e+02 +7.420972389e+02
775 0 +2.192237676e+02 +7.265537676e+02 +7.265537676e+02
785 0 +1.767419288e+02 +6.840719288e+02 +6.840719288e+02
818 0 +1.535391075e+02 +6.608691075e+02 +6.608691075e+02
857 0 +1.414944399e+02 +6.488244399e+02 +6.488244399e+02
877 0 +1.409440408e+02 +6.482740408e+02 +6.482740408e+02
905 0 +1.305931082e+02 +6.379231082e+02 +6.379231082e+02
985 0 +1.273671792e+02 +6.346971792e+02 +6.346971792e+02
1108 0 +1.222694294e+02 +6.295994294e+02 +6.295994294e+02
1113 0 +1.075236420e+02 +6.148536420e+02 +6.148536420e+02
1189 0 +1.061884296e+02 +6.135184296e+02 +6.135184296e+02
1215 0 +9.708100846e+01 +6.044110085e+02 +6.044110085e+02
1240 0 +9.241252786e+01 +5.997425279e+02 +5.997425279e+02
1263 0 +8.280658631e+01 +5.901365863e+02 +5.901365863e+02
1350 0 +7.803172543e+01 +5.853617254e+02 +5.853617254e+02
1352 0 +6.629760363e+01 +5.736276036e+02 +5.736276036e+02
1380 0 +6.016090717e+01 +5.674909072e+02 +5.674909072e+02
1472 0 +5.628735506e+01 +5.636173551e+02 +5.636173551e+02
1503 0 +5.192035306e+01 +5.592503531e+02 +5.592503531e+02
1792 0 +4.590788897e+01 +5.532378890e+02 +5.532378890e+02
1834 0 +4.416526422e+01 +5.514952642e+02 +5.514952642e+02
1914 0 +4.351992076e+01 +5.508499208e+02 +5.508499208e+02
1932 0 +4.214112113e+01 +5.494711211e+02 +5.494711211e+02
1993 0 +3.940569543e+01 +5.467356954e+02 +5.467356954e+02
2169 0 +3.721138572e+01 +5.445413857e+02 +5.445413857e+02
2181 0 +3.500009490e+01 +5.423300949e+02 +5.423300949e+02
2300 0 +3.373693131e+01 +5.410669313e+02 +5.410669313e+02
2301 0 +3.261586944e+01 +5.399458694e+02 +5.399458694e+02
2326 0 +3.213587551e+01 +5.394658755e+02 +5.394658755e+02
2333 0 +3.161104599e+01 +5.389410460e+02 +5.389410460e+02
2351 0 +3.038319568e+01 +5.377131957e+02 +5.377131957e+02
2355 0 +2.951907093e+01 +5.368490709e+02 +5.368490709e+02
2433 0 +2.911119711e+01 +5.364411971e+02 +5.364411971e+02
2449 0 +2.692334156e+01 +5.342533416e+02 +5.342533416e+02
2476 0 +2.551638460e+01 +5.328463846e+02 +5.328463846e+02
2678 0 +2.410279740e+01 +5.314327974e+02 +5.314327974e+02
2703 0 +2.392226329e+01 +5.312522633e+02 +5.312522633e+02
2728 0 +2.307775784e+01 +5.304077578e+02 +5.304077578e+02
2742 0 +2.271009510e+01 +5.300400951e+02 +5.300400951e+02
2752 0 +2.185718886e+01 +5.291871889e+02 +5.291871889e+02
2788 0 +2.116993265e+01 +5.284999327e+02 +5.284999327e+02
2833 0 +2.082150932e+01 +5.281515093e+02 +5.281515093e+02
2887 0 +1.934458110e+01 +5.266745811e+02 +5.266745811e+02
2932 0 +1.878159002e+01 +5.261115900e+02 +5.261115900e+02
2968 0 +1.721916759e+01 +5.245491676e+02 +5.245491676e+02
3017 0 +1.659662610e+01 +5.239266261e+02 +5.239266261e+02
3057 0 +1.637881859e+01 +5.237088186e+02 +5.237088186e+02
3094 0 +1.529227292e+01 +5.226222729e+02 +5.226222729e+02
3183 0 +1.467537140e+01 +5.220053714e+02 +5.220053714e+02
3349 0 +1.427875791e+01 +5.216087579e+02 +5.216087579e+02
3369 0 +1.408890584e+01 +5.214189058e+02 +5.214189058e+02
3482 0 +1.374980100e+01 +5.210798010e+02 +5.210798010e+02
3661 0 +1.330411895e+01 +5.206341190e+02 +5.206341190e+02
4041 0 +1.317634266e+01 +5.205063427e+02 +5.205063427e+02
% f evaluations | g evaluations | best noise-free fitness - Fopt (5.029000000000e+01) + sum g_i+ | measured fitness | best measured fitness or single-digit g-values | x1 | x2...
1 0 +2.178936783e+03 +2.229226783e+03 +2.229226783e+03
6 0 +1.461994790e+03 +1.512284790e+03 +1.512284790e+03
35 0 +1.174837823e+03 +1.225127823e+03 +1.225127823e+03
37 0 +9.046494346e+02 +9.549394346e+02 +9.549394346e+02
81 0 +8.131023014e+02 +8.633923014e+02 +8.633923014e+02
134 0 +7.820853717e+02 +8.323753717e+02 +8.323753717e+02
173 0 +7.335738753e+02 +7.838638753e+02 +7.838638753e+02
195 0 +4.803290447e+02 +5.306190447e+02 +5.306190447e+02
444 0 +4.265734121e+02 +4.768634121e+02 +4.768634121e+02
495 0 +3.504446672e+02 +4.007346672e+02 +4.007346672e+02
578 0 +3.150250727e+02 +3.653150727e+02 +3.653150727e+02
599 0 +2.591885218e+02 +3.094785218e+02 +3.094785218e+02
676 0 +2.493530450e+02 +2.996430450e+02 +2.996430450e+02
713 0 +2.117202889e+02 +2.620102889e+02 +2.620102889e+02
719 0 +2.075830020e+02 +2.578730020e+02 +2.578730020e+02
768 0 +1.975512901e+02 +2.478412901e+02 +2.478412901e+02
843 0 +1.825861238e+02 +2.328761238e+02 +2.328761238e+02
860 0 +1.725148964e+02 +2.228048964e+02 +2.228048964e+02
876 0 +1.478047081e+02 +1.980947081e+02 +1.980947081e+02
902 0 +1.314229305e+02 +1.817129305e+02 +1.817129305e+02
948 0 +1.241168476e+02 +1.744068476e+02 +1.744068476e+02
973 0 +1.196200138e+02 +1.699100138e+02 +1.699100138e+02
977 0 +1.085354297e+02 +1.588254297e+02 +1.588254297e+02
1027 0 +9.872450171e+01 +1.490145017e+02 +1.490145017e+02
1061 0 +7.123565495e+01 +1.215256549e+02 +1.215256549e+02
1207 0 +6.919088632e+01 +1.194808863e+02 +1.194808863e+02
1213 0 +5.974133272e+01 +1.100313327e+02 +1.100313327e+02
1257 0 +5.234104670e+01 +1.026310467e+02 +1.026310467e+02
1328 0 +4.496342559e+01 +9.525342559e+01 +9.525342559e+01
1341 0 +4.132467478e+01 +9.161467478e+01 +9.161467478e+01
1483 0 +4.047046544e+01 +9.076046544e+01 +9.076046544e+01
1528 0 +3.698440845e+01 +8.727440845e+01 +8.727440845e+01
1591 0 +3.537732940e+01 +8.566732940e+01 +8.566732940e+01
1609 0 +2.565896213e+01 +7.594896213e+01 +7.594896213e+01
1773 0 +2.399536645e+01 +7.428536645e+01 +7.428536645e+01
1827 0 +1.951231006e+01 +6.980231006e+01 +6.980231006e+01
1957 0 +1.717592300e+01 +6.746592300e+01 +6.746592300e+01
2018 0 +1.578377230e+01 +6.607377230e+01 +6.607377230e+01
2273 0 +1.510123646e+01 +6.539123646e+01 +6.539123646e+01
2286 0 +1.468516778e+01 +6.497516778e+01 +6.497516778e+01
2311 0 +1.349686906e+01 +6.378686906e+01 +6.378686906e+01
2382 0 +1.341462071e+01 +6.370462071e+01 +6.370462071e+01
2443 0 +1.301414953e+01 +6.330414953e+01 +6.330414953e+01
2444 0 +1.269165560e+01 +6.298165560e+01 +6.298165560e+01
2478 0 +1.257609016e+01 +6.286609016e+01 +6.286609016e+01
2713 0 +1.229801208e+01 +6.258801208e+01 +6.258801208e+01
3003 0 +1.201382304e+01 +6.230382304e+01 +6.230382304e+01
3198 0 +1.173295021e+01 +6.202295021e+01 +6.202295021e+01
3719 0 +1.138054223e+01 +6.167054223e+01 +6.167054223e+01
3726 0 +1.113916605e+01 +6.142916605e+01 +6.142916605e+01
4370 0 +1.094519920e+01 +6.123519920e+01 +6.123519920e+01
% f evaluations | g evaluations | best noise-free fitness - Fopt (-1.000000000000e+03) + sum g_i+ | measured fitness | best measured fitness or single-digit g-values | x1 | x2...
1 0 +2.696411197e+03 +1.696411197e+03 +1.696411197e+03
4 0 +1.819247624e+03 +8.192476237e+02 +8.192476237e+02
6 0 +1.650435217e+03 +6.504352167e+02 +6.504352167e+02
16 0 +1.460151062e+03 +4.601510623e+02 +4.601510623e+02
24 0 +1.397131915e+03 +3.971319149e+02 +3.971319149e+02
27 0 +9.023176044e+02 -9.768239557e+01 -9.768239557e+01
60 0 +8.443770237e+02 -1.556229763e+02 -1.556229763e+02
65 0 +8.130291027e+02 -1.869708973e+02 -1.869708973e+02
104 0 +6.091523808e+02 -3.908476192e+02 -3.908476192e+02
225 0 +4.827599397e+02 -5.172400603e+02 -5.172400603e+02
272 0 +3.324764163e+02 -6.675235837e+02 -6.675235837e+02
335 0 +3.302471246e+02 -6.697528754e+02 -6.697528754e+02
366 0 +2.806817117e+02 -7.193182883e+02 -7.193182883e+02
377 0 +2.614279615e+02 -7.385720385e+02 -7.385720385e+02
459 0 +1.938302058e+02 -8.061697942e+02 -8.061697942e+02
655 0 +1.739101327e+02 -8.260898673e+02 -8.260898673e+02
668 0 +1.461360695e+02 -8.538639305e+02 -8.538639305e+02
791 0 +1.433196625e+02 -8.566803375e+02 -8.566803375e+02
807 0 +1.364860923e+02 -8.635139077e+02 -8.635139077e+02
819 0 +1.157753958e+02 -8.842246042e+02 -8.842246042e+02
838 0 +1.144369216e+02 -8.855630784e+02 -8.855630784e+02
847 0 +1.107080684e+02 -8.892919316e+02 -8.892919316e+02
874 0 +1.067740525e+02 -8.932259475e+02 -8.932259475e+02
880 0 +9.474267890e+01 -9.052573211e+02 -9.052573211e+02
948 0 +8.578075535e+01 -9.142192447e+02 -9.142192447e+02
958 0 +6.880047261e+01 -9.311995274e+02 -9.311995274e+02
1126 0 +6.168383738e+01 -9.383161626e+02 -9.383161626e+02
1216 0 +5.387543082e+01 -9.461245692e+02 -9.461245692e+02
1338 0 +5.325313481e+01 -9.467468652e+02 -9.467468652e+02
1377 0 +5.163682600e+01 -9.483631740e+02 -9.483631740e+02
1384 0 +4.629734888e+01 -9.537026511e+02 -9.537026511e+02
1402 0 +4.500314875e+01 -9.549968513e+02 -9.549968513e+02
1426 0 +4.080904831e+01 -9.591909517e+02 -9.591909517e+02
1509 0 +4.055713339e+01 -9.594428666e+02 -9.594428666e+02
1513 0 +3.964697375e+01 -9.603530263e+02 -9.603530263e+02
1556 0 +3.454773069e+01 -9.654522693e+02 -9.654522693e+02
1649 0 +3.320944845e+01 -9.667905515e+02 -9.667905515e+02
1704 0 +3.169676090e+01 -9.683032391e+02 -9.683032391e+02
1718 0 +3.157940671e+01 -9.684205933e+02 -9.684205933e+02
1739 0 +3.064307839e+01 -9.693569216e+02 -9.693569216e+02
1844 0 +2.855357162e+01 -9.714464284e+02 -9.714464284e+02
1848 0 +2.757440006e+01 -9.724255999e+02 -9.724255999e+02
1886 0 +2.545603965e+01 -9.745439604e+02 -9.745439604e+02
1926 0 +2.212393874e+01 -9.778760613e+02 -9.778760613e+02
2368 0 +2.173202257e+01 -9.782679774e+02 -9.782679774e+02
2515 0 +2.123284871e+01 -9.787671513e+02 -9.787671513e+02
2730 0 +2.084300644e+01 -9.791569936e+02 -9.791569936e+02
2900 0 +2.030026002e+01 -9.796997400e+02 -9.796997400e+02
3054 0 +1.992371751e+01 -9.800762825e+02 -9.800762825e+02
5563 0 +1.949563968e+01 -9.805043603e+02 -9.805043603e+02
% f evaluations | g evaluations | best noise-free fitness - Fopt (6.074000000000e+01) + sum g_i+ | measured fitness | best measured fitness or single-digit g-values | x1 | x2...
1 0 +1.855063653e+03 +1.915803653e+03 +1.915803653e+03
17 0 +1.290995957e+03 +1.351735957e+03 +1.351735957e+03
45 0 +1.273192736e+03 +1.333932736e+03 +1.333932736e+03
56 0 +9.185232279e+02 +9.792632279e+02 +9.792632279e+02
62 0 +6.432540624e+02 +7.039940624e+02 +7.039940624e+02
102 0 +5.913723026e+02 +6.521123026e+02 +6.521123026e+02
146 0 +4.922286808e+02 +5.529686808e+02 +5.529686808e+02
160 0 +4.646939317e+02 +5.254339317e+02 +5.254339317e+02
236 0 +2.742358837e+02 +3.349758837e+02 +3.349758837e+02
445 0 +2.297682051e+02 +2.905082051e+02 +2.905082051e+02
452 0 +2.151853112e+02 +2.759253112e+02 +2.759253112e+02
515 0 +1.773649558e+02 +2.381049558e+02 +2.381049558e+02
516 0 +1.548203596e+02 +2.155603596e+02 +2.155603596e+02
601 0 +1.409916886e+02 +2.017316886e+02 +2.017316886e+02
613 0 +1.225826338e+02 +1.833226338e+02 +1.833226338e+02
656 0 +1.197294542e+02 +1.804694542e+02 +1.804694542e+02
671 0 +1.123290907e+02 +1.730690907e+02 +1.730690907e+02
687 0 +8.320488748e+01 +1.439448875e+02 +1.439448875e+02
852 0 +8.314387575e+01 +1.438838757e+02 +1.438838757e+02
950 0 +7.534575714e+01 +1.360857571e+02 +1.360857571e+02
962 0 +5.733811581e+01 +1.180781158e+02 +1.180781158e+02
978 0 +5.399105986e+01 +1.147310599e+02 +1.147310599e+02
1074 0 +4.487479412e+01 +1.056147941e+02 +1.056147941e+02
1100 0 +4.413326820e+01 +1.048732682e+02 +1.048732682e+02
1170 0 +3.735803051e+01 +9.809803051e+01 +9.809803051e+01
1287 0 +3.525249564e+01 +9.599249564e+01 +9.599249564e+01
1312 0 +3.439483302e+01 +9.513483302e+01 +9.513483302e+01
1343 0 +3.339900551e+01 +9.413900551e+01 +9.413900551e+01
1394 0 +3.006932435e+01 +9.080932435e+01 +9.080932435e+01
1438 0 +2.917345983e+01 +8.991345983e+01 +8.991345983e+01
1443 0 +2.780553046e+01 +8.854553046e+01 +8.854553046e+01
1468 0 +2.610420772e+01 +8.684420772e+01 +8.684420772e+01
1592 0 +2.541877224e+01 +8.615877224e+01 +8.615877224e+01
1661 0 +2.342793068e+01 +8.416793068e+01 +8.416793068e+01
1748 0 +2.230280225e+01 +8.304280225e+01 +8.304280225e+01
1764 0 +2.186975041e+01 +8.260975041e+01 +8.260975041e+01
1771 0 +1.964911963e+01 +8.038911963e+01 +8.038911963e+01
1802 0 +1.835976014e+01 +7.909976014e+01 +7.909976014e+01
1842 0 +1.787816349e+01 +7.861816349e+01 +7.861816349e+01
1864 0 +1.691824291e+01 +7.765824291e+01 +7.765824291e+01
1877 0 +1.624094623e+01 +7.698094623e+01 +7.698094623e+01
1950 0 +1.600360510e+01 +7.674360510e+01 +7.674360510e+01
2021 0 +1.517415686e+01 +7.591415686e+01 +7.591415686e+01
2070 0 +1.440829830e+01 +7.514829830e+01 +7.514829830e+01
2107 0 +1.370683351e+01 +7.444683351e+01 +7.444683351e+01
2124 0 +1.322146367e+01 +7.396146367e+01 +7.396146367e+01
2161 0 +1.316824118e+01 +7.390824118e+01 +7.390824118e+01
2234 0 +1.265282403e+01 +7.339282403e+01 +7.339282403e+01
2236 0 +1.248573382e+01 +7.322573382e+01 +7.322573382e+01
2304 0 +1.147545279e+01 +7.221545279e+01 +7.221545279e+01
2350 0 +1.101610338e+01 +7.175610338e+01 +7.175610338e+01
2352 0 +1.096073660e+01 +7.170073660e+01 +7.170073660e+01
2360 0 +1.044627153e+01 +7.118627153e+01 +7.118627153e+01
2562 0 +1.020322977e+01 +7.094322977e+01 +7.094322977e+01
2594 0 +9.920059897e+00 +7.066005990e+01 +7.066005990e+01
2828 0 +9.199661059e+00 +6.993966106e+01 +6.993966106e+01
2851 0 +9.009155799e+00 +6.974915580e+01 +6.974915580e+01
2881 0 +8.752597324e+00 +6.949259732e+01 +6.949259732e+01
3086 0 +8.645474448e+00 +6.938547445e+01 +6.938547445e+01
3252 0 +8.507731644e+00 +6.924773164e+01 +6.924773164e+01
3370 0 +8.259775619e+00 +6.899977562e+01 +6.899977562e+01
3458 0 +8.110960628e+00 +6.885096063e+01 +6.885096063e+01
3650 0 +7.883773283e+00 +6.862377328e+01 +6.862377328e+01
3739 0 +7.754497727e+00 +6.849449773e+01 +6.849449773e+01
4269 0 +7.582184890e+00 +6.832218489e+01 +6.832218489e+01
% f evaluations | g evaluations | best noise-free fitness - Fopt (1.284000000000e+01) + sum g_i+ | measured fitness | best measured fitness or single-digit g-values | x1 | x2...
1 0 +3.417614979e+03 +3.430454979e+03 +3.430454979e+03
2 0 +2.405356255e+03 +2.418196255e+03 +2.418196255e+03
3 0 +1.129155739e+03 +1.141995739e+03 +1.141995739e+03
7 0 +1.043757551e+03 +1.056597551e+03 +1.056597551e+03
37 0 +1.009472273e+03 +1.022312273e+03 +1.022312273e+03
39 0 +9.738225821e+02 +9.866625821e+02 +9.866625821e+02
46 0 +9.131098640e+02 +9.259498640e+02 +9.259498640e+02
95 0 +7.579183174e+02 +7.707583174e+02 +7.707583174e+02
110 0 +5.999717539e+02 +6.128117539e+02 +6.128117539e+02
153 0 +5.182633109e+02 +5.311033109e+02 +5.311033109e+02
250 0 +5.056896553e+02 +5.185296553e+02 +5.185296553e+02
270 0 +4.565867603e+02 +4.694267603e+02 +4.694267603e+02
305 0 +3.876763728e+02 +4.005163728e+02 +4.005163728e+02
319 0 +3.777752105e+02 +3.906152105e+02 +3.906152105e+02
320 0 +3.657183245e+02 +3.785583245e+02 +3.785583245e+02
406 0 +3.024331842e+02 +3.152731842e+02 +3.152731842e+02
448 0 +2.946954826e+02 +3.075354826e+02 +3.075354826e+02
501 0 +2.811178364e+02 +2.939578364e+02 +2.939578364e+02
521 0 +2.507944233e+02 +2.636344233e+02 +2.636344233e+02
548 0 +2.396227445e+02 +2.524627445e+02 +2.524627445e+02
556 0 +2.290371028e+02 +2.418771028e+02 +2.418771028e+02
558 0 +1.934347355e+02 +2.062747355e+02 +2.062747355e+02
677 0 +1.783464843e+02 +1.911864843e+02 +1.911864843e+02
720 0 +1.637673614e+02 +1.766073614e+02 +1.766073614e+02
741 0 +1.589701385e+02 +1.718101385e+02 +1.718101385e+02
755 0 +1.391997935e+02 +1.520397935e+02 +1.520397935e+02
798 0 +1.237007411e+02 +1.365407411e+02 +1.365407411e+02
878 0 +1.163493350e+02 +1.291893350e+02 +1.291893350e+02
879 0 +1.120296063e+02 +1.248696063e+02 +1.248696063e+02
898 0 +9.880798787e+01 +1.116479879e+02 +1.116479879e+02
940 0 +8.202584038e+01 +9.486584038e+01 +9.486584038e+01
1002 0 +7.731973956e+01 +9.015973956e+01 +9.015973956e+01
1027 0 +7.546238883e+01 +8.830238883e+01 +8.830238883e+01
1122 0 +6.137318503e+01 +7.421318503e+01 +7.421318503e+01
1211 0 +5.678775674e+01 +6.962775674e+01 +6.962775674e+01
1246 0 +5.622862826e+01 +6.906862826e+01 +6.906862826e+01
1322 0 +5.215842479e+01 +6.499842479e+01 +6.499842479e+01
1350 0 +4.830128743e+01 +6.114128743e+01 +6.114128743e+01
1490 0 +4.418675995e+01 +5.702675995e+01 +5.702675995e+01
1517 0 +4.141556667e+01 +5.425556667e+01 +5.425556667e+01
1536 0 +3.092013000e+01 +4.376013000e+01 +4.376013000e+01
1736 0 +2.966009889e+01 +4.250009889e+01 +4.250009889e+01
2040 0 +2.935024208e+01 +4.219024208e+01 +4.219024208e+01
2180 0 +2.828039960e+01 +4.112039960e+01 +4.112039960e+01
2199 0 +2.671443620e+01 +3.955443620e+01 +3.955443620e+01
2235 0 +2.529557091e+01 +3.813557091e+01 +3.813557091e+01
2360 0 +2.316298861e+01 +3.600298861e+01 +3.600298861e+01
2513 0 +2.259721269e+01 +3.543721269e+01 +3.543721269e+01
2542 0 +2.236907752e+01 +3.520907752e+01 +3.520907752e+01
2604 0 +2.176281857e+01 +3.460281857e+01 +3.460281857e+01
2628 0 +2.113173325e+01 +3.397173325e+01 +3.397173325e+01
2705 0 +2.000722077e+01 +3.284722077e+01 +3.284722077e+01
2803 0 +1.993133973e+01 +3.277133973e+01 +3.277133973e+01
3557 0 +1.946313863e+01 +3.230313863e+01 +3.230313863e+01
% f evaluations | g evaluations | best noise-free fitness - Fopt (-2.626000000000e+01) + sum g_i+ | measured fitness | best measured fitness or single-digit g-values | x1 | x2...
1 0 +3.582205561e+03 +3.555945561e+03 +3.555945561e+03
2 0 +2.585413208e+03 +2.559153208e+03 +2.559153208e+03
4 0 +1.903456627e+03 +1.877196627e+03 +1.877196627e+03
7 0 +1.751596654e+03 +1.725336654e+03 +1.725336654e+03
18 0 +1.275608086e+03 +1.249348086e+03 +1.249348086e+03
27 0 +1.145221995e+03 +1.118961995e+03 +1.118961995e+03
32 0 +9.026295364e+02 +8.763695364e+02 +8.763695364e+02
128 0 +7.769731447e+02 +7.507131447e+02 +7.507131447e+02
133 0 +6.038377432e+02 +5.775777432e+02 +5.775777432e+02
174 0 +5.567929954e+02 +5.305329954e+02 +5.305329954e+02
185 0 +4.869040945e+02 +4.606440945e+02 +4.606440945e+02
231 0 +4.493744968e+02 +4.231144968e+02 +4.231144968e+02
259 0 +4.413597245e+02 +4.150997245e+02 +4.150997245e+02
293 0 +4.359748057e+02 +4.097148057e+02 +4.097148057e+02
298 0 +4.146352902e+02 +3.883752902e+02 +3.883752902e+02
327 0 +3.675678746e+02 +3.413078746e+02 +3.413078746e+02
357 0 +3.173022195e+02 +2.910422195e+02 +2.910422195e+02
380 0 +2.831377094e+02 +2.568777094e+02 +2.568777094e+02
561 0 +2.405757083e+02 +2.143157083e+02 +2.143157083e+02
620 0 +2.232477381e+02 +1.969877381e+02 +1.969877381e+02
637 0 +1.954371625e+02 +1.691771625e+02 +1.691771625e+02
646 0 +1.674844576e+02 +1.412244576e+02 +1.412244576e+02
703 0 +1.526516322e+02 +1.263916322e+02 +1.263916322e+02
744 0 +1.144876211e+02 +8.822762115e+01 +8.822762115e+01
814 0 +1.083709713e+02 +8.211097127e+01 +8.211097127e+01
916 0 +1.024550157e+02 +7.619501566e+01 +7.619501566e+01
948 0 +9.648022334e+01 +7.022022334e+01 +7.022022334e+01
969 0 +9.373112864e+01 +6.747112864e+01 +6.747112864e+01
985 0 +8.244259894e+01 +5.618259894e+01 +5.618259894e+01
1034 0 +6.926764413e+01 +4.300764413e+01 +4.300764413e+01
1119 0 +6.903064911e+01 +4.277064911e+01 +4.277064911e+01
1203 0 +5.628940451e+01 +3.002940451e+01 +3.002940451e+01
1433 0 +5.363436956e+01 +2.737436956e+01 +2.737436956e+01
1474 0 +4.925755864e+01 +2.299755864e+01 +2.299755864e+01
1501 0 +4.810312402e+01 +2.184312402e+01 +2.184312402e+01
1506 0 +4.299434254e+01 +1.673434254e+01 +1.673434254e+01
1553 0 +3.663963234e+01 +1.037963234e+01 +1.037963234e+01
1585 0 +3.478466850e+01 +8.524668502e+00 +8.524668502e+00
1630 0 +3.401640462e+01 +7.756404621e+00 +7.756404621e+00
1676 0 +3.007323216e+01 +3.813232159e+00 +3.813232159e+00
2099 0 +2.578634415e+01 -4.736558526e-01 -4.736558526e-01
2308 0 +2.216924405e+01 -4.090755954e+00 -4.090755954e+00
2330 0 +2.068064795e+01 -5.579352054e+00 -5.579352054e+00
2361 0 +2.001062643e+01 -6.249373565e+00 -6.249373565e+00
2419 0 +1.689485515e+01 -9.365144852e+00 -9.365144852e+00
2533 0 +1.614340343e+01 -1.011659657e+01 -1.011659657e+01
2547 0 +1.416517046e+01 -1.209482954e+01 -1.209482954e+01
2837 0 +1.363075698e+01 -1.262924302e+01 -1.262924302e+01
2857 0 +1.334203303e+01 -1.291796697e+01 -1.291796697e+01
2880 0 +1.304428386e+01 -1.321571614e+01 -1.321571614e+01
2925 0 +1.241432831e+01 -1.384567169e+01 -1.384567169e+01
3024 0 +1.205635575e+01 -1.420364425e+01 -1.420364425e+01
3038 0 +1.188411347e+01 -1.437588653e+01 -1.437588653e+01
3126 0 +1.135418823e+01 -1.490581177e+01 -1.490581177e+01
3612 0 +1.120016846e+01 -1.505983154e+01 -1.505983154e+01
4483 0 +1.095887214e+01 -1.530112786e+01 -1.530112786e+01
