% f evaluations | g evaluations | best noise-free fitness - Fopt (-4.620900000000e+02) + sum g_i+ | measured fitness | best measured fitness or single-digit g-values | x1 | x2...
1 0 +2.519534680e+02 -2.101365320e+02 -2.101365320e+02 +2.7895e+00 -1.6095e+00 -1.7637e+00
2 0 +9.730809224e+01 -3.647819078e+02 -3.647819078e+02 +4.6365e+00 +1.4516e+00 +2.4803e+00
3 0 +4.345638727e+01 -4.186336127e+02 -4.186336127e+02 -3.8125e+00 +3.7941e+00 +1.9027e+00
25 0 +3.341374860e+01 -4.286762514e+02 -4.286762514e+02 +5.7566e-01 +3.7941e+00 +1.9027e+00
167 0 +2.715196365e+01 -4.349380363e+02 -4.349380363e+02 -2.4211e+00 +2.2764e+00 +7.9483e-01
177 0 +1.638512438e+01 -4.457048756e+02 -4.457048756e+02 -4.1715e-01 +1.8327e+00 +2.8313e+00
311 0 +1.204763002e+01 -4.500423700e+02 -4.500423700e+02 -4.3011e+00 +2.8412e+00 +1.8528e+00
361 0 +8.089840688e+00 -4.540001593e+02 -4.540001593e+02 -4.3627e+00 +1.7380e+00 +2.5328e+00
487 0 +3.950491923e+00 -4.581395081e+02 -4.581395081e+02 -2.4211e+00 +2.2764e+00 +1.8789e+00
643 0 +2.450024748e+00 -4.596399753e+02 -4.596399753e+02 -2.4281e+00 +2.3159e+00 +1.8988e+00
889 0 +1.465880308e+00 -4.606241197e+02 -4.606241197e+02 -2.3849e+00 +1.7148e+00 +2.2150e+00
1209 0 +1.104686229e+00 -4.609853138e+02 -4.609853138e+02 -2.3569e+00 +2.8423e+00 +2.2150e+00
1263 0 +6.669056991e-01 -4.614230943e+02 -4.614230943e+02 -2.3212e+00 +2.3357e+00 +2.2162e+00
1455 0 +1.263410167e-01 -4.619636590e+02 -4.619636590e+02 -2.3187e+00 +2.2938e+00 +2.2130e+00
1733 0 +6.602155205e-02 -4.620239784e+02 -4.620239784e+02 -2.3535e+00 +2.2996e+00 +2.2098e+00
1787 0 +5.423530517e-02 -4.620357647e+02 -4.620357647e+02 -2.3569e+00 +2.2989e+00 +2.2138e+00
1849 0 +4.240305915e-02 -4.620475969e+02 -4.620475969e+02 -2.3538e+00 +2.3032e+00 +2.2150e+00
2033 0 +2.894945934e-02 -4.620610505e+02 -4.620610505e+02 -2.3323e+00 +2.2990e+00 +2.2110e+00
2041 0 +1.254472672e-02 -4.620774553e+02 -4.620774553e+02 -2.3365e+00 +2.2986e+00 +2.2117e+00
2129 0 +8.948496838e-03 -4.620810515e+02 -4.620810515e+02 -2.3428e+00 +2.3032e+00 +2.2150e+00
2147 0 +3.644792094e-03 -4.620863552e+02 -4.620863552e+02 -2.3374e+00 +2.3017e+00 +2.2138e+00
2471 0 +1.792013447e-03 -4.620882080e+02 -4.620882080e+02 -2.3403e+00 +2.3017e+00 +2.2134e+00
2529 0 +6.027473025e-04 -4.620893973e+02 -4.620893973e+02 -2.3400e+00 +2.2991e+00 +2.2136e+00
2573 0 +3.356728431e-04 -4.620896643e+02 -4.620896643e+02 -2.3413e+00 +2.3005e+00 +2.2139e+00
2741 0 +1.492046995e-04 -4.620898508e+02 -4.620898508e+02 -2.3409e+00 +2.3004e+00 +2.2138e+00
2775 0 +1.215178972e-04 -4.620898785e+02 -4.620898785e+02 -2.3407e+00 +2.3002e+00 +2.2139e+00
2839 0 +1.700197254e-05 -4.620899830e+02 -4.620899830e+02 -2.3406e+00 +2.2999e+00 +2.2136e+00
3051 0 +9.566269114e-06 -4.620899904e+02 -4.620899904e+02 -2.3408e+00 +2.2999e+00 +2.2136e+00
3109 0 +5.192249660e-06 -4.620899948e+02 -4.620899948e+02 -2.3408e+00 +2.3000e+00 +2.2136e+00
3289 0 +3.662825804e-06 -4.620899963e+02 -4.620899963e+02 -2.3409e+00 +2.3000e+00 +2.2136e+00
3305 0 +1.397749372e-06 -4.620899986e+02 -4.620899986e+02 -2.3408e+00 +2.3000e+00 +2.2136e+00
3529 0 +7.899250818e-07 -4.620899992e+02 -4.620899992e+02 -2.3408e+00 +2.3000e+00 +2.2136e+00
3663 0 +4.773290811e-07 -4.620899995e+02 -4.620899995e+02 -2.3408e+00 +2.3000e+00 +2.2136e+00
3689 0 +4.501889634e-07 -4.620899995e+02 -4.620899995e+02 -2.3408e+00 +2.3000e+00 +2.2136e+00
3729 0 +3.480125201e-07 -4.620899997e+02 -4.620899997e+02 -2.3408e+00 +2.3000e+00 +2.2136e+00
3823 0 +2.625539537e-07 -4.620899997e+02 -4.620899997e+02 -2.3408e+00 +2.3000e+00 +2.2136e+00
3843 0 +1.892242381e-07 -4.620899998e+02 -4.620899998e+02 -2.3408e+00 +2.3000e+00 +2.2136e+00
3849 0 +1.321259333e-07 -4.620899999e+02 -4.620899999e+02 -2.3408e+00 +2.3000e+00 +2.2136e+00
3977 0 +6.898665106e-08 -4.620899999e+02 -4.620899999e+02 -2.3408e+00 +2.3000e+00 +2.2136e+00
4063 0 +4.905524520e-08 -4.620900000e+02 -4.620900000e+02 -2.3408e+00 +2.3000e+00 +2.2136e+00
4111 0 +2.055332970e-08 -4.620900000e+02 -4.620900000e+02 -2.3408e+00 +2.3000e+00 +2.2136e+00
4169 0 +6.293248589e-09 -4.620900000e+02 -4.620900000e+02 -2.3408e+00 +2.3000e+00 +2.2136e+00
6131 0 +0.000000000e+00 -4.620900000e+02 -4.620900000e+02 -2.3408e+00 +2.3000e+00 +2.2136e+00
% f evaluations | g evaluations | best noise-free fitness - Fopt (7.766000000000e+01) + sum g_i+ | measured fitness | best measured fitness or single-digit g-values | x1 | x2...
1 0 +2.267645129e+02 +3.044245129e+02 +3.044245129e+02 -4.2489e+00 +1.6217e+00 +1.1000e+00
6 0 +5.316406776e+01 +1.308240678e+02 +1.308240678e+02 +4.7426e+00 -1.4151e+00 -3.6638e-01
7 0 +5.021207789e+01 +1.278720779e+02 +1.278720779e+02 +2.2044e+00 -1.8960e-01 +3.4507e-01
14 0 +4.648994248e+01 +1.241499425e+02 +1.241499425e+02 +2.3552e+00 -4.3491e+00 -1.6039e+00
111 0 +4.043855398e+01 +1.180985540e+02 +1.180985540e+02 +1.3222e+00 -2.3367e+00 -3.6638e-01
143 0 +2.204139977e+01 +9.970139977e+01 +9.970139977e+01 +1.1738e+00 -7.9014e-01 -6.3486e-01
213 0 +2.057905995e+01 +9.823905995e+01 +9.823905995e+01 +2.3986e+00 -3.0273e+00 -1.2623e+00
241 0 +1.857125006e+01 +9.623125006e+01 +9.623125006e+01 +2.4660e+00 -1.8454e-01 -2.0178e+00
343 0 +1.073824690e+01 +8.839824690e+01 +8.839824690e+01 +1.5028e+00 -7.9014e-01 -6.3486e-01
427 0 +7.865860460e+00 +8.552586046e+01 +8.552586046e+01 +2.2955e+00 +1.8656e-01 -9.3668e-01
467 0 +5.493835623e+00 +8.315383562e+01 +8.315383562e+01 +2.2955e+00 -3.3416e-01 -9.3668e-01
697 0 +5.353716986e+00 +8.301371699e+01 +8.301371699e+01 +2.3789e+00 -2.8786e-01 -1.5482e+00
769 0 +1.311153971e+00 +7.897115397e+01 +7.897115397e+01 +2.3938e+00 -8.3631e-01 -1.5883e+00
1185 0 +1.286138164e+00 +7.894613816e+01 +7.894613816e+01 +2.4108e+00 -2.9862e-01 -1.2806e+00
1969 0 +2.184116529e-01 +7.787841165e+01 +7.787841165e+01 +2.3938e+00 -8.3631e-01 -1.2699e+00
2299 0 +1.369946062e-01 +7.779699461e+01 +7.779699461e+01 +2.4014e+00 -8.4032e-01 -1.2712e+00
2379 0 +9.803748091e-02 +7.775803748e+01 +7.775803748e+01 +2.3870e+00 -8.4475e-01 -1.2712e+00
2401 0 +8.767706985e-03 +7.766876771e+01 +7.766876771e+01 +2.3922e+00 -8.5447e-01 -1.2718e+00
2787 0 +8.326216843e-03 +7.766832622e+01 +7.766832622e+01 +2.3928e+00 -8.5430e-01 -1.2717e+00
2811 0 +6.335858415e-03 +7.766633586e+01 +7.766633586e+01 +2.4005e+00 -8.5585e-01 -1.2702e+00
2851 0 +4.756035587e-03 +7.766475604e+01 +7.766475604e+01 +2.4005e+00 -8.5585e-01 -1.2734e+00
2855 0 +3.623448252e-03 +7.766362345e+01 +7.766362345e+01 +2.3959e+00 -8.5667e-01 -1.2710e+00
3019 0 +2.899293741e-03 +7.766289929e+01 +7.766289929e+01 +2.3964e+00 -8.5422e-01 -1.2716e+00
3027 0 +2.710006467e-03 +7.766271001e+01 +7.766271001e+01 +2.3961e+00 -8.5430e-01 -1.2717e+00
3035 0 +1.286748591e-03 +7.766128675e+01 +7.766128675e+01 +2.3971e+00 -8.5712e-01 -1.2717e+00
3101 0 +4.581080539e-04 +7.766045811e+01 +7.766045811e+01 +2.3977e+00 -8.5561e-01 -1.2716e+00
3181 0 +2.341649885e-04 +7.766023416e+01 +7.766023416e+01 +2.3979e+00 -8.5561e-01 -1.2722e+00
3251 0 +1.578355533e-04 +7.766015784e+01 +7.766015784e+01 +2.3975e+00 -8.5585e-01 -1.2721e+00
3421 0 +1.101598269e-04 +7.766011016e+01 +7.766011016e+01 +2.3979e+00 -8.5585e-01 -1.2721e+00
3589 0 +7.860404328e-05 +7.766007860e+01 +7.766007860e+01 +2.3982e+00 -8.5589e-01 -1.2722e+00
3607 0 +6.306909462e-05 +7.766006307e+01 +7.766006307e+01 +2.3985e+00 -8.5595e-01 -1.2718e+00
3629 0 +5.687491982e-05 +7.766005687e+01 +7.766005687e+01 +2.3982e+00 -8.5589e-01 -1.2721e+00
3673 0 +2.870473379e-05 +7.766002870e+01 +7.766002870e+01 +2.3981e+00 -8.5599e-01 -1.2721e+00
3763 0 +1.920456583e-05 +7.766001920e+01 +7.766001920e+01 +2.3987e+00 -8.5602e-01 -1.2721e+00
3789 0 +1.296273777e-05 +7.766001296e+01 +7.766001296e+01 +2.3982e+00 -8.5589e-01 -1.2720e+00
3829 0 +1.276874740e-05 +7.766001277e+01 +7.766001277e+01 +2.3982e+00 -8.5611e-01 -1.2720e+00
3863 0 +1.000661632e-05 +7.766001001e+01 +7.766001001e+01 +2.3983e+00 -8.5589e-01 -1.2720e+00
3919 0 +5.187959417e-06 +7.766000519e+01 +7.766000519e+01 +2.3984e+00 -8.5593e-01 -1.2720e+00
3959 0 +2.652807723e-06 +7.766000265e+01 +7.766000265e+01 +2.3984e+00 -8.5597e-01 -1.2720e+00
4075 0 +1.521839010e-06 +7.766000152e+01 +7.766000152e+01 +2.3984e+00 -8.5601e-01 -1.2720e+00
4159 0 +6.038889069e-07 +7.766000060e+01 +7.766000060e+01 +2.3984e+00 -8.5598e-01 -1.2720e+00
4199 0 +4.322155149e-07 +7.766000043e+01 +7.766000043e+01 +2.3984e+00 -8.5598e-01 -1.2720e+00
4313 0 +3.002079296e-07 +7.766000030e+01 +7.766000030e+01 +2.3984e+00 -8.5598e-01 -1.2720e+00
4417 0 +2.483869395e-07 +7.766000025e+01 +7.766000025e+01 +2.3984e+00 -8.5600e-01 -1.2720e+00
4511 0 +2.157585044e-07 +7.766000022e+01 +7.766000022e+01 +2.3984e+00 -8.5599e-01 -1.2720e+00
4551 0 +1.085861925e-07 +7.766000011e+01 +7.766000011e+01 +2.3984e+00 -8.5599e-01 -1.2720e+00
4613 0 +7.621608233e-08 +7.766000008e+01 +7.766000008e+01 +2.3984e+00 -8.5599e-01 -1.2720e+00
4791 0 +3.818355765e-08 +7.766000004e+01 +7.766000004e+01 +2.3984e+00 -8.5599e-01 -1.2720e+00
4837 0 +2.318435577e-08 +7.766000002e+01 +7.766000002e+01 +2.3984e+00 -8.5600e-01 -1.2720e+00
4897 0 +2.212766503e-08 +7.766000002e+01 +7.766000002e+01 +2.3984e+00 -8.5600e-01 -1.2720e+00
4967 0 +4.356721206e-09 +7.766000000e+01 +7.766000000e+01 +2.3984e+00 -8.5600e-01 -1.2720e+00
6837 0 +0.000000000e+00 +7.766000000e+01 +7.766000000e+01 +2.3984e+00 -8.5600e-01 -1.2720e+00
% f evaluations | g evaluations | best noise-free fitness - Fopt (1.156800000000e+02) + sum g_i+ | measured fitness | best measured fitness or single-digit g-values | x1 | x2...
1 0 +5.349078715e+01 +1.691707872e+02 +1.691707872e+02 -2.6267e+00 -3.9384e+00 -1.0436e-01
7 0 +3.345496238e+01 +1.491349624e+02 +1.491349624e+02 -1.8596e-01 -3.3360e-01 +1.3878e+00
87 0 +2.336307173e+01 +1.390430717e+02 +1.390430717e+02 -3.0286e-01 -3.0825e-01 +8.6167e-01
239 0 +1.579206842e+01 +1.314720684e+02 +1.314720684e+02 -4.2555e+00 -1.5812e+00 +8.1701e-01
399 0 +1.029285797e+01 +1.259728580e+02 +1.259728580e+02 -4.2555e+00 -1.6514e+00 +6.4663e-01
737 0 +8.904677912e+00 +1.245846779e+02 +1.245846779e+02 -2.1311e+00 -1.0633e+00 -4.7115e-01
989 0 +8.354157446e+00 +1.240341574e+02 +1.240341574e+02 -1.2192e+00 -9.6515e-01 +6.8177e-01
999 0 +5.442017012e+00 +1.211220170e+02 +1.211220170e+02 -1.1549e+00 -4.0970e-01 +6.4663e-01
1287 0 +4.689758042e+00 +1.203697580e+02 +1.203697580e+02 -1.1884e+00 -4.0204e-01 +2.7117e-01
1647 0 +4.579659391e+00 +1.202596594e+02 +1.202596594e+02 -1.1884e+00 -4.0204e-01 +6.2027e-01
1805 0 +4.479871518e+00 +1.201598715e+02 +1.201598715e+02 -2.1599e+00 -9.4240e-01 -3.2251e-02
1933 0 +1.677903795e+00 +1.173579038e+02 +1.173579038e+02 -2.2382e+00 -9.8094e-01 -6.8635e-02
2387 0 +1.457745891e+00 +1.171377459e+02 +1.171377459e+02 -2.1785e+00 -1.5394e+00 +2.4778e-01
2497 0 +1.387315242e+00 +1.170673152e+02 +1.170673152e+02 -2.1704e+00 -1.0272e+00 +2.4889e-01
2507 0 +6.588156029e-02 +1.157458816e+02 +1.157458816e+02 -2.1785e+00 -9.9299e-01 +2.4778e-01
2701 0 +5.048496182e-02 +1.157304850e+02 +1.157304850e+02 -2.1797e+00 -9.8593e-01 +2.4999e-01
2707 0 +1.874928807e-02 +1.156987493e+02 +1.156987493e+02 -2.1785e+00 -9.7985e-01 +2.4778e-01
3201 0 +4.955920464e-03 +1.156849559e+02 +1.156849559e+02 -2.1749e+00 -9.8533e-01 +2.4479e-01
3401 0 +1.708904920e-03 +1.156817089e+02 +1.156817089e+02 -2.1807e+00 -9.8430e-01 +2.4479e-01
3641 0 +9.226485916e-04 +1.156809226e+02 +1.156809226e+02 -2.1774e+00 -9.8430e-01 +2.4479e-01
3681 0 +2.782931836e-04 +1.156802783e+02 +1.156802783e+02 -2.1774e+00 -9.8285e-01 +2.4479e-01
3767 0 +1.043402136e-04 +1.156801043e+02 +1.156801043e+02 -2.1784e+00 -9.8280e-01 +2.4480e-01
3997 0 +5.376145958e-05 +1.156800538e+02 +1.156800538e+02 -2.1786e+00 -9.8298e-01 +2.4470e-01
4303 0 +4.873243658e-05 +1.156800487e+02 +1.156800487e+02 -2.1787e+00 -9.8324e-01 +2.4467e-01
4335 0 +2.336324516e-05 +1.156800234e+02 +1.156800234e+02 -2.1786e+00 -9.8304e-01 +2.4477e-01
4357 0 +1.846636833e-05 +1.156800185e+02 +1.156800185e+02 -2.1786e+00 -9.8306e-01 +2.4484e-01
4363 0 +1.663233236e-05 +1.156800166e+02 +1.156800166e+02 -2.1784e+00 -9.8336e-01 +2.4482e-01
4399 0 +8.237092374e-06 +1.156800082e+02 +1.156800082e+02 -2.1786e+00 -9.8324e-01 +2.4480e-01
4559 0 +1.308047473e-06 +1.156800013e+02 +1.156800013e+02 -2.1784e+00 -9.8324e-01 +2.4480e-01
4601 0 +1.239479843e-06 +1.156800012e+02 +1.156800012e+02 -2.1784e+00 -9.8316e-01 +2.4480e-01
4921 0 +3.822946866e-07 +1.156800004e+02 +1.156800004e+02 -2.1784e+00 -9.8323e-01 +2.4480e-01
4983 0 +4.122883013e-08 +1.156800000e+02 +1.156800000e+02 -2.1784e+00 -9.8319e-01 +2.4480e-01
5027 0 +3.586910680e-08 +1.156800000e+02 +1.156800000e+02 -2.1784e+00 -9.8320e-01 +2.4480e-01
5223 0 +3.123737713e-08 +1.156800000e+02 +1.156800000e+02 -2.1784e+00 -9.8319e-01 +2.4480e-01
5337 0 +8.300148124e-09 +1.156800000e+02 +1.156800000e+02 -2.1784e+00 -9.8320e-01 +2.4480e-01
7391 0 +0.000000000e+00 +1.156800000e+02 +1.156800000e+02 -2.1784e+00 -9.8320e-01 +2.4480e-01
% f evaluations | g evaluations | best noise-free fitness - Fopt (-3.710000000000e+00) + sum g_i+ | measured fitness | best measured fitness or single-digit g-values | x1 | x2...
1 0 +7.845625801e+01 +7.474625801e+01 +7.474625801e+01 -3.4169e+00 -4.3484e+00 +2.5305e+00
7 0 +1.579938077e+01 +1.208938077e+01 +1.208938077e+01 +1.4859e+00 -2.8957e+00 +2.1817e+00
301 0 +1.295902190e+01 +9.249021899e+00 +9.249021899e+00 +1.1888e+00 -2.9808e+00 +1.0688e+00
413 0 +1.009170313e+01 +6.381703128e+00 +6.381703128e+00 +1.0382e+00 -2.3183e+00 +2.4195e+00
445 0 +5.200403019e+00 +1.490403019e+00 +1.490403019e+00 +3.1433e+00 -2.2950e+00 +1.1250e+00
525 0 +4.353719830e+00 +6.437198298e-01 +6.437198298e-01 +3.1433e+00 -2.2950e+00 +1.8331e+00
953 0 +4.229263262e+00 +5.192632615e-01 +5.192632615e-01 +2.1031e+00 -2.8957e+00 +1.7516e+00
1195 0 +2.211007809e+00 -1.498992191e+00 -1.498992191e+00 +3.0883e+00 -2.9287e+00 +1.7668e+00
1741 0 +2.029524982e+00 -1.680475018e+00 -1.680475018e+00 +2.1457e+00 -2.2595e+00 +1.7715e+00
1985 0 +1.650881875e+00 -2.059118125e+00 -2.059118125e+00 +3.1813e+00 -2.2674e+00 +1.7682e+00
2035 0 +8.560317258e-01 -2.853968274e+00 -2.853968274e+00 +3.0883e+00 -2.3074e+00 +1.7668e+00
2555 0 +8.057284019e-01 -2.904271598e+00 -2.904271598e+00 +3.0883e+00 -2.2870e+00 +1.7668e+00
2691 0 +3.757560637e-01 -3.334243936e+00 -3.334243936e+00 +3.1410e+00 -2.3115e+00 +1.7913e+00
2823 0 +3.097557219e-01 -3.400244278e+00 -3.400244278e+00 +3.1238e+00 -2.2742e+00 +1.7780e+00
2939 0 +4.731580283e-02 -3.662684197e+00 -3.662684197e+00 +3.1322e+00 -2.2953e+00 +1.7866e+00
3201 0 +1.811622388e-02 -3.691883776e+00 -3.691883776e+00 +3.1245e+00 -2.2977e+00 +1.7809e+00
3415 0 +1.612556423e-02 -3.693874436e+00 -3.693874436e+00 +3.1250e+00 -2.2947e+00 +1.7855e+00
3429 0 +4.883986599e-03 -3.705116013e+00 -3.705116013e+00 +3.1199e+00 -2.2980e+00 +1.7829e+00
3563 0 +2.608586905e-03 -3.707391413e+00 -3.707391413e+00 +3.1232e+00 -2.2949e+00 +1.7826e+00
3603 0 +1.656147394e-04 -3.709834385e+00 -3.709834385e+00 +3.1193e+00 -2.2949e+00 +1.7833e+00
3883 0 +1.032661926e-04 -3.709896734e+00 -3.709896734e+00 +3.1204e+00 -2.2949e+00 +1.7833e+00
4067 0 +3.152531773e-05 -3.709968475e+00 -3.709968475e+00 +3.1203e+00 -2.2952e+00 +1.7833e+00
4307 0 +1.390650613e-05 -3.709986093e+00 -3.709986093e+00 +3.1201e+00 -2.2952e+00 +1.7833e+00
4413 0 +1.032265640e-05 -3.709989677e+00 -3.709989677e+00 +3.1202e+00 -2.2952e+00 +1.7832e+00
4433 0 +4.832373984e-06 -3.709995168e+00 -3.709995168e+00 +3.1200e+00 -2.2953e+00 +1.7832e+00
4553 0 +2.259599780e-06 -3.709997740e+00 -3.709997740e+00 +3.1200e+00 -2.2951e+00 +1.7832e+00
4817 0 +1.370120332e-06 -3.709998630e+00 -3.709998630e+00 +3.1199e+00 -2.2952e+00 +1.7832e+00
4917 0 +7.200892966e-07 -3.709999280e+00 -3.709999280e+00 +3.1200e+00 -2.2952e+00 +1.7832e+00
4957 0 +3.617637296e-07 -3.709999638e+00 -3.709999638e+00 +3.1200e+00 -2.2952e+00 +1.7832e+00
5025 0 +2.488425177e-07 -3.709999751e+00 -3.709999751e+00 +3.1200e+00 -2.2952e+00 +1.7832e+00
5065 0 +1.344370455e-07 -3.709999866e+00 -3.709999866e+00 +3.1200e+00 -2.2952e+00 +1.7832e+00
5173 0 +1.437887320e-08 -3.709999986e+00 -3.709999986e+00 +3.1200e+00 -2.2952e+00 +1.7832e+00
5447 0 +3.059627218e-09 -3.709999997e+00 -3.709999997e+00 +3.1200e+00 -2.2952e+00 +1.7832e+00
7537 0 +0.000000000e+00 -3.710000000e+00 -3.710000000e+00 +3.1200e+00 -2.2952e+00 +1.7832e+00
% f evaluations | g evaluations | best noise-free fitness - Fopt (1.321800000000e+02) + sum g_i+ | measured fitness | best measured fitness or single-digit g-values | x1 | x2...
1 0 +8.190170110e+01 +2.140817011e+02 +2.140817011e+02 -2.8832e+00 +4.1893e+00 +1.6320e+00
6 0 +3.317367318e+01 +1.653536732e+02 +1.653536732e+02 -7.3005e-01 +2.8577e-01 +4.2061e+00
17 0 +2.137906451e+01 +1.535590645e+02 +1.535590645e+02 -4.0274e+00 +4.3566e-01 +3.5178e+00
317 0 +1.818390998e+01 +1.503639100e+02 +1.503639100e+02 +1.7310e-01 +1.4890e+00 +3.4974e+00
633 0 +1.679818726e+01 +1.489781873e+02 +1.489781873e+02 -3.8446e+00 -3.2849e-02 +3.3984e+00
655 0 +1.376711767e+01 +1.459471177e+02 +1.459471177e+02 -4.6959e+00 -2.0357e-02 +3.4367e+00
665 0 +1.309492390e+01 +1.452749239e+02 +1.452749239e+02 -3.5452e+00 +1.9812e+00 +3.4580e+00
713 0 +7.935253280e+00 +1.401152533e+02 +1.401152533e+02 -3.7059e+00 +8.8729e-01 +3.3984e+00
833 0 +6.966551673e+00 +1.391465517e+02 +1.391465517e+02 -3.7059e+00 +1.4893e+00 +3.3984e+00
907 0 +4.973658113e+00 +1.371536581e+02 +1.371536581e+02 -4.6849e+00 +9.4266e-01 +3.4651e+00
1113 0 +1.851921923e+00 +1.340319219e+02 +1.340319219e+02 -3.7059e+00 +1.4893e+00 +3.8377e+00
1385 0 +7.869829488e-01 +1.329669829e+02 +1.329669829e+02 -3.8001e+00 +1.5099e+00 +3.4580e+00
1785 0 +3.772008222e-01 +1.325572008e+02 +1.325572008e+02 -3.8001e+00 +1.4921e+00 +3.4580e+00
1965 0 +1.525891429e-01 +1.323325891e+02 +1.323325891e+02 -3.7444e+00 +1.4933e+00 +3.4647e+00
2285 0 +1.230971596e-01 +1.323030972e+02 +1.323030972e+02 -3.7444e+00 +1.4903e+00 +3.4647e+00
2367 0 +2.884147177e-02 +1.322088415e+02 +1.322088415e+02 -3.7585e+00 +1.4890e+00 +3.4611e+00
2675 0 +7.893239612e-03 +1.321878932e+02 +1.321878932e+02 -3.7680e+00 +1.4835e+00 +3.4603e+00
2939 0 +3.603848762e-03 +1.321836038e+02 +1.321836038e+02 -3.7672e+00 +1.4830e+00 +3.4608e+00
2963 0 +3.315774679e-03 +1.321833158e+02 +1.321833158e+02 -3.7632e+00 +1.4845e+00 +3.4614e+00
2993 0 +2.401248233e-03 +1.321824012e+02 +1.321824012e+02 -3.7655e+00 +1.4818e+00 +3.4625e+00
3013 0 +5.703392094e-04 +1.321805703e+02 +1.321805703e+02 -3.7646e+00 +1.4815e+00 +3.4616e+00
3157 0 +5.459556680e-04 +1.321805460e+02 +1.321805460e+02 -3.7649e+00 +1.4816e+00 +3.4617e+00
3221 0 +4.120545739e-04 +1.321804121e+02 +1.321804121e+02 -3.7638e+00 +1.4832e+00 +3.4615e+00
3277 0 +3.328388845e-04 +1.321803328e+02 +1.321803328e+02 -3.7650e+00 +1.4827e+00 +3.4614e+00
3301 0 +2.309795024e-04 +1.321802310e+02 +1.321802310e+02 -3.7638e+00 +1.4830e+00 +3.4615e+00
3553 0 +1.618776838e-04 +1.321801619e+02 +1.321801619e+02 -3.7647e+00 +1.4821e+00 +3.4617e+00
3593 0 +2.013874828e-05 +1.321800201e+02 +1.321800201e+02 -3.7639e+00 +1.4824e+00 +3.4615e+00
3713 0 +1.086952327e-05 +1.321800109e+02 +1.321800109e+02 -3.7639e+00 +1.4824e+00 +3.4615e+00
4021 0 +6.987834553e-06 +1.321800070e+02 +1.321800070e+02 -3.7640e+00 +1.4824e+00 +3.4617e+00
4065 0 +4.617059005e-06 +1.321800046e+02 +1.321800046e+02 -3.7640e+00 +1.4825e+00 +3.4616e+00
4145 0 +4.670833960e-07 +1.321800005e+02 +1.321800005e+02 -3.7640e+00 +1.4824e+00 +3.4616e+00
4185 0 +2.188063206e-07 +1.321800002e+02 +1.321800002e+02 -3.7640e+00 +1.4824e+00 +3.4616e+00
4305 0 +2.183102481e-07 +1.321800002e+02 +1.321800002e+02 -3.7640e+00 +1.4824e+00 +3.4616e+00
4363 0 +1.822944569e-07 +1.321800002e+02 +1.321800002e+02 -3.7640e+00 +1.4824e+00 +3.4616e+00
4431 0 +7.644283073e-08 +1.321800001e+02 +1.321800001e+02 -3.7640e+00 +1.4824e+00 +3.4616e+00
4471 0 +1.594301580e-08 +1.321800000e+02 +1.321800000e+02 -3.7640e+00 +1.4824e+00 +3.4616e+00
4743 0 +5.776684020e-09 +1.321800000e+02 +1.321800000e+02 -3.7640e+00 +1.4824e+00 +3.4616e+00
6583 0 +0.000000000e+00 +1.321800000e+02 +1.321800000e+02 -3.7640e+00 +1.4824e+00 +3.4616e+00
% f evaluations | g evaluations | best noise-free fitness - Fopt (1.104800000000e+02) + sum g_i+ | measured fitness | best measured fitness or single-digit g-values | x1 | x2...
1 0 +1.308874744e+03 +1.419354744e+03 +1.419354744e+03 -4.8439e+00 +2.1891e+00 +2.9781e+00
2 0 +7.465733895e+01 +1.851373389e+02 +1.851373389e+02 +3.7369e+00 +5.7753e-02 -9.3368e-01
7 0 +4.097043648e+01 +1.514504365e+02 +1.514504365e+02 +2.2970e+00 -2.1364e-01 -2.7239e+00
55 0 +3.815369160e+01 +1.486336916e+02 +1.486336916e+02 +5.2542e-01 +6.9036e-01 -2.6722e+00
59 0 +3.334530821e+01 +1.438253082e+02 +1.438253082e+02 -1.9304e+00 -1.4091e+00 -1.8575e+00
191 0 +1.128596770e+01 +1.217659677e+02 +1.217659677e+02 -3.3999e-01 -1.3385e+00 -1.8865e+00
441 0 +7.049612930e+00 +1.175296129e+02 +1.175296129e+02 +1.4844e+00 -3.3036e-01 -2.1911e+00
505 0 +6.260303529e+00 +1.167403035e+02 +1.167403035e+02 +1.4488e+00 -1.9555e+00 -2.2245e+00
523 0 +5.764040665e+00 +1.162440407e+02 +1.162440407e+02 +2.4443e+00 -3.3271e-01 -2.2902e+00
659 0 +4.273238272e+00 +1.147532383e+02 +1.147532383e+02 +1.4312e+00 -7.8858e-01 -1.9222e+00
875 0 +2.469393088e+00 +1.129493931e+02 +1.129493931e+02 +2.5174e+00 -8.7499e-01 -2.2818e+00
955 0 +1.413250989e+00 +1.118932510e+02 +1.118932510e+02 +1.4495e+00 -8.7499e-01 -2.2818e+00
1525 0 +6.531229261e-02 +1.105453123e+02 +1.105453123e+02 +1.4897e+00 -8.7078e-01 -2.2626e+00
2205 0 +2.345299801e-02 +1.105034530e+02 +1.105034530e+02 +1.4897e+00 -8.5631e-01 -2.2626e+00
2285 0 +2.168475431e-02 +1.105016848e+02 +1.105016848e+02 +1.4897e+00 -8.5631e-01 -2.2623e+00
2311 0 +9.569883503e-03 +1.104895699e+02 +1.104895699e+02 +1.4862e+00 -8.6051e-01 -2.2606e+00
2781 0 +7.532405745e-03 +1.104875324e+02 +1.104875324e+02 +1.4994e+00 -8.6030e-01 -2.2599e+00
2831 0 +2.362936543e-03 +1.104823629e+02 +1.104823629e+02 +1.4904e+00 -8.6051e-01 -2.2606e+00
2903 0 +1.702273586e-03 +1.104817023e+02 +1.104817023e+02 +1.4953e+00 -8.6148e-01 -2.2615e+00
2973 0 +6.893506827e-04 +1.104806894e+02 +1.104806894e+02 +1.4943e+00 -8.6114e-01 -2.2613e+00
3067 0 +5.583636928e-04 +1.104805584e+02 +1.104805584e+02 +1.4932e+00 -8.6171e-01 -2.2610e+00
3071 0 +2.319548593e-04 +1.104802320e+02 +1.104802320e+02 +1.4929e+00 -8.6051e-01 -2.2606e+00
3105 0 +1.207578919e-04 +1.104801208e+02 +1.104801208e+02 +1.4943e+00 -8.6063e-01 -2.2609e+00
3461 0 +8.995121385e-05 +1.104800900e+02 +1.104800900e+02 +1.4939e+00 -8.6093e-01 -2.2610e+00
3511 0 +6.816736091e-05 +1.104800682e+02 +1.104800682e+02 +1.4938e+00 -8.6051e-01 -2.2607e+00
3535 0 +1.355697098e-05 +1.104800136e+02 +1.104800136e+02 +1.4935e+00 -8.6093e-01 -2.2608e+00
3567 0 +3.292475213e-06 +1.104800033e+02 +1.104800033e+02 +1.4937e+00 -8.6075e-01 -2.2608e+00
3847 0 +2.158434810e-06 +1.104800022e+02 +1.104800022e+02 +1.4937e+00 -8.6083e-01 -2.2608e+00
3913 0 +6.295150428e-07 +1.104800006e+02 +1.104800006e+02 +1.4936e+00 -8.6082e-01 -2.2608e+00
3983 0 +3.924950960e-07 +1.104800004e+02 +1.104800004e+02 +1.4936e+00 -8.6081e-01 -2.2608e+00
4281 0 +3.571773988e-07 +1.104800004e+02 +1.104800004e+02 +1.4936e+00 -8.6078e-01 -2.2608e+00
4303 0 +2.781662687e-07 +1.104800003e+02 +1.104800003e+02 +1.4936e+00 -8.6081e-01 -2.2608e+00
4375 0 +2.332886737e-07 +1.104800002e+02 +1.104800002e+02 +1.4936e+00 -8.6079e-01 -2.2608e+00
4383 0 +2.261245697e-07 +1.104800002e+02 +1.104800002e+02 +1.4936e+00 -8.6080e-01 -2.2608e+00
4447 0 +1.477083202e-07 +1.104800001e+02 +1.104800001e+02 +1.4936e+00 -8.6081e-01 -2.2608e+00
4469 0 +1.160813810e-07 +1.104800001e+02 +1.104800001e+02 +1.4936e+00 -8.6080e-01 -2.2608e+00
4553 0 +8.870827628e-08 +1.104800001e+02 +1.104800001e+02 +1.4936e+00 -8.6081e-01 -2.2608e+00
4605 0 +6.386673590e-08 +1.104800001e+02 +1.104800001e+02 +1.4936e+00 -8.6081e-01 -2.2608e+00
4629 0 +4.358342665e-08 +1.104800000e+02 +1.104800000e+02 +1.4936e+00 -8.6080e-01 -2.2608e+00
4697 0 +1.170532471e-08 +1.104800000e+02 +1.104800000e+02 +1.4936e+00 -8.6080e-01 -2.2608e+00
4869 0 +3.039517082e-09 +1.104800000e+02 +1.104800000e+02 +1.4936e+00 -8.6080e-01 -2.2608e+00
6785 0 +0.000000000e+00 +1.104800000e+02 +1.104800000e+02 +1.4936e+00 -8.6080e-01 -2.2608e+00
% f evaluations | g evaluations | best noise-free fitness - Fopt (-1.509000000000e+01) + sum g_i+ | measured fitness | best measured fitness or single-digit g-values | x1 | x2...
1 0 +5.808990868e+01 +4.299990868e+01 +4.299990868e+01 +2.0657e+00 -3.3061e+00 -1.3764e+00
12 0 +4.673525727e+01 +3.164525727e+01 +3.164525727e+01 -3.1317e+00 -8.0751e-02 +5.2111e-01
35 0 +4.484678173e+01 +2.975678173e+01 +2.975678173e+01 -3.0318e+00 -2.3690e+00 +8.6381e-01
99 0 +3.086407030e+01 +1.577407030e+01 +1.577407030e+01 -9.8461e-01 -2.2975e+00 +4.5296e-01
123 0 +2.126786544e+01 +6.177865436e+00 +6.177865436e+00 -4.8722e-01 -3.3846e+00 +5.2111e-01
379 0 +1.959544696e+01 +4.505446961e+00 +4.505446961e+00 +1.2063e+00 -2.2975e+00 +4.5296e-01
443 0 +1.732752481e+01 +2.237524815e+00 +2.237524815e+00 -6.4680e-01 -3.3846e+00 +5.2111e-01
587 0 +1.053736405e+01 -4.552635949e+00 -4.552635949e+00 +1.4743e+00 -1.7592e+00 -8.4451e-01
659 0 +9.812432911e+00 -5.277567089e+00 -5.277567089e+00 +2.6504e-01 -2.2975e+00 +5.0015e-01
807 0 +7.981360519e+00 -7.108639481e+00 -7.108639481e+00 -1.4756e+00 -1.7165e+00 -1.0604e-01
891 0 +7.466776981e+00 -7.623223019e+00 -7.623223019e+00 -1.6577e+00 -2.4385e+00 -1.3779e-01
1007 0 +4.260081663e+00 -1.082991834e+01 -1.082991834e+01 +1.3817e+00 -1.7165e+00 -1.0604e-01
1233 0 +3.639580355e+00 -1.145041965e+01 -1.145041965e+01 -6.0707e-01 -1.8244e+00 +2.2351e-01
1247 0 +2.766334936e+00 -1.232366506e+01 -1.232366506e+01 +1.3817e+00 -1.7989e+00 -1.0604e-01
1459 0 +2.448004588e+00 -1.264199541e+01 -1.264199541e+01 +3.0631e-01 -2.3969e+00 -1.2997e-01
1657 0 +1.793392375e+00 -1.329660763e+01 -1.329660763e+01 +3.4498e-01 -1.7874e+00 -1.0906e-01
1887 0 +1.522329927e+00 -1.356767007e+01 -1.356767007e+01 +1.3817e+00 -1.7989e+00 -1.2763e-01
1977 0 +8.940762973e-01 -1.419592370e+01 -1.419592370e+01 +3.4498e-01 -1.7874e+00 -1.4765e-01
2125 0 +8.181632753e-01 -1.427183672e+01 -1.427183672e+01 +4.3354e-01 -1.7764e+00 -1.1738e-01
2247 0 +1.733770375e-01 -1.491662296e+01 -1.491662296e+01 +4.0148e-01 -1.7639e+00 -1.2763e-01
2551 0 +2.627655064e-02 -1.506372345e+01 -1.506372345e+01 +3.8640e-01 -1.7784e+00 -1.3664e-01
2951 0 +2.258758027e-02 -1.506741242e+01 -1.506741242e+01 +3.8640e-01 -1.7784e+00 -1.3473e-01
3065 0 +4.101884509e-03 -1.508589812e+01 -1.508589812e+01 +3.9462e-01 -1.7719e+00 -1.3475e-01
3143 0 +1.884969803e-03 -1.508811503e+01 -1.508811503e+01 +3.8896e-01 -1.7729e+00 -1.3460e-01
3267 0 +8.184075277e-04 -1.508918159e+01 -1.508918159e+01 +3.9266e-01 -1.7727e+00 -1.3522e-01
3319 0 +4.360427844e-04 -1.508956396e+01 -1.508956396e+01 +3.9247e-01 -1.7736e+00 -1.3493e-01
3551 0 +3.545616034e-04 -1.508964544e+01 -1.508964544e+01 +3.9030e-01 -1.7741e+00 -1.3517e-01
3599 0 +3.058703402e-04 -1.508969413e+01 -1.508969413e+01 +3.9070e-01 -1.7736e+00 -1.3554e-01
3719 0 +6.917004126e-05 -1.508993083e+01 -1.508993083e+01 +3.9086e-01 -1.7736e+00 -1.3535e-01
3879 0 +3.553368402e-05 -1.508996447e+01 -1.508996447e+01 +3.9086e-01 -1.7736e+00 -1.3527e-01
3999 0 +3.397604357e-05 -1.508996602e+01 -1.508996602e+01 +3.9086e-01 -1.7736e+00 -1.3527e-01
4071 0 +2.452037647e-05 -1.508997548e+01 -1.508997548e+01 +3.9118e-01 -1.7735e+00 -1.3509e-01
4177 0 +1.479225127e-05 -1.508998521e+01 -1.508998521e+01 +3.9136e-01 -1.7735e+00 -1.3517e-01
4191 0 +1.056068258e-05 -1.508998944e+01 -1.508998944e+01 +3.9118e-01 -1.7735e+00 -1.3524e-01
4249 0 +8.145992609e-06 -1.508999185e+01 -1.508999185e+01 +3.9122e-01 -1.7737e+00 -1.3514e-01
4351 0 +7.416087065e-06 -1.508999258e+01 -1.508999258e+01 +3.9118e-01 -1.7735e+00 -1.3519e-01
4379 0 +6.742342549e-06 -1.508999326e+01 -1.508999326e+01 +3.9111e-01 -1.7737e+00 -1.3516e-01
4391 0 +8.484485257e-07 -1.508999915e+01 -1.508999915e+01 +3.9118e-01 -1.7736e+00 -1.3519e-01
4393 0 +1.809859622e-07 -1.508999982e+01 -1.508999982e+01 +3.9119e-01 -1.7736e+00 -1.3521e-01
4857 0 +1.610775566e-07 -1.508999984e+01 -1.508999984e+01 +3.9119e-01 -1.7736e+00 -1.3519e-01
4889 0 +1.104981173e-07 -1.508999989e+01 -1.508999989e+01 +3.9122e-01 -1.7736e+00 -1.3520e-01
4907 0 +3.519018676e-08 -1.508999996e+01 -1.508999996e+01 +3.9121e-01 -1.7736e+00 -1.3520e-01
4947 0 +2.691473711e-08 -1.508999997e+01 -1.508999997e+01 +3.9121e-01 -1.7736e+00 -1.3520e-01
4989 0 +1.071330580e-08 -1.508999999e+01 -1.508999999e+01 +3.9120e-01 -1.7736e+00 -1.3520e-01
5323 0 +2.678431699e-09 -1.509000000e+01 -1.509000000e+01 +3.9120e-01 -1.7736e+00 -1.3520e-01
7527 0 +0.000000000e+00 -1.509000000e+01 -1.509000000e+01 +3.9120e-01 -1.7736e+00 -1.3520e-01
% f evaluations | g evaluations | best noise-free fitness - Fopt (-1.583000000000e+02) + sum g_i+ | measured fitness | best measured fitness or single-digit g-values | x1 | x2...
1 0 +2.688646661e+03 +2.530346661e+03 +2.530346661e+03 -4.5825e+00 -3.7639e+00 +3.7427e+00
2 0 +2.790545035e+02 +1.207545035e+02 +1.207545035e+02 -2.5712e+00 +6.4153e-01 +7.1004e-01
3 0 +1.642160013e+02 +5.916001266e+00 +5.916001266e+00 -1.4017e+00 -2.0316e+00 -1.0971e+00
7 0 +1.203412477e+02 -3.795875230e+01 -3.795875230e+01 -7.2722e-01 +1.7417e-01 -4.5554e+00
10 0 +2.824874020e+01 -1.300512598e+02 -1.300512598e+02 -2.8661e-01 +3.4160e+00 -3.4051e+00
159 0 +2.523934019e+01 -1.330606598e+02 -1.330606598e+02 +1.7834e-01 +3.4160e+00 -3.4051e+00
239 0 +2.231542619e+01 -1.359845738e+02 -1.359845738e+02 +1.7834e-01 +3.0254e+00 -3.4051e+00
395 0 +1.703635321e+01 -1.412636468e+02 -1.412636468e+02 +5.0000e+00 +3.0444e+00 -2.1133e+00
555 0 +9.617408472e+00 -1.486825915e+02 -1.486825915e+02 +2.0215e+00 +3.0444e+00 -2.1133e+00
625 0 +3.356531239e+00 -1.549434688e+02 -1.549434688e+02 +1.9949e+00 +2.9617e+00 -2.0363e+00
1311 0 +3.225136682e+00 -1.550748633e+02 -1.550748633e+02 +9.2796e-01 +3.4733e+00 -2.4025e+00
1501 0 +2.955520227e+00 -1.553444798e+02 -1.553444798e+02 +1.9266e+00 +3.5857e+00 -2.0672e+00
1617 0 +2.735201073e+00 -1.555647989e+02 -1.555647989e+02 +1.9056e+00 +3.5404e+00 -2.1037e+00
1665 0 +1.812703826e+00 -1.564872962e+02 -1.564872962e+02 +1.9949e+00 +2.9247e+00 -2.4142e+00
2087 0 +1.552339411e+00 -1.567476606e+02 -1.567476606e+02 +1.9641e+00 +3.5484e+00 -2.7282e+00
2157 0 +6.962999229e-01 -1.576037001e+02 -1.576037001e+02 +1.9608e+00 +3.5128e+00 -2.4362e+00
2447 0 +5.722804727e-01 -1.577277195e+02 -1.577277195e+02 +1.9641e+00 +3.5484e+00 -2.4168e+00
2465 0 +5.497927104e-01 -1.577502073e+02 -1.577502073e+02 +1.9608e+00 +3.5032e+00 -2.4142e+00
2505 0 +4.833546419e-01 -1.578166454e+02 -1.578166454e+02 +1.9098e+00 +3.5032e+00 -2.4142e+00
2619 0 +1.229330885e-01 -1.581770669e+02 -1.581770669e+02 +1.9281e+00 +3.5356e+00 -2.4158e+00
2733 0 +1.026006222e-01 -1.581973994e+02 -1.581973994e+02 +1.9210e+00 +3.5152e+00 -2.4178e+00
2861 0 +4.835123451e-02 -1.582516488e+02 -1.582516488e+02 +1.9277e+00 +3.5329e+00 -2.4205e+00
2901 0 +4.006984117e-02 -1.582599302e+02 -1.582599302e+02 +1.9193e+00 +3.5246e+00 -2.4205e+00
2995 0 +1.450824684e-02 -1.582854918e+02 -1.582854918e+02 +1.9314e+00 +3.5270e+00 -2.4193e+00
3033 0 +5.054744834e-03 -1.582949453e+02 -1.582949453e+02 +1.9321e+00 +3.5226e+00 -2.4206e+00
3235 0 +3.891943643e-03 -1.582961081e+02 -1.582961081e+02 +1.9314e+00 +3.5223e+00 -2.4217e+00
3363 0 +3.104709996e-03 -1.582968953e+02 -1.582968953e+02 +1.9305e+00 +3.5261e+00 -2.4224e+00
3403 0 +2.198734927e-03 -1.582978013e+02 -1.582978013e+02 +1.9305e+00 +3.5244e+00 -2.4224e+00
3423 0 +1.453899099e-03 -1.582985461e+02 -1.582985461e+02 +1.9308e+00 +3.5241e+00 -2.4220e+00
3573 0 +5.367847253e-04 -1.582994632e+02 -1.582994632e+02 +1.9335e+00 +3.5256e+00 -2.4218e+00
3589 0 +3.123476194e-04 -1.582996877e+02 -1.582996877e+02 +1.9332e+00 +3.5248e+00 -2.4220e+00
3639 0 +1.592372312e-04 -1.582998408e+02 -1.582998408e+02 +1.9334e+00 +3.5245e+00 -2.4216e+00
3709 0 +1.115679935e-04 -1.582998884e+02 -1.582998884e+02 +1.9332e+00 +3.5248e+00 -2.4214e+00
3719 0 +8.270374749e-05 -1.582999173e+02 -1.582999173e+02 +1.9334e+00 +3.5247e+00 -2.4216e+00
3851 0 +2.225406163e-05 -1.582999777e+02 -1.582999777e+02 +1.9325e+00 +3.5249e+00 -2.4216e+00
4059 0 +1.231919768e-05 -1.582999877e+02 -1.582999877e+02 +1.9326e+00 +3.5247e+00 -2.4216e+00
4127 0 +8.606515081e-06 -1.582999914e+02 -1.582999914e+02 +1.9329e+00 +3.5248e+00 -2.4217e+00
4157 0 +7.273671116e-06 -1.582999927e+02 -1.582999927e+02 +1.9326e+00 +3.5248e+00 -2.4216e+00
4233 0 +3.888120858e-06 -1.582999961e+02 -1.582999961e+02 +1.9327e+00 +3.5249e+00 -2.4216e+00
4309 0 +8.612952342e-07 -1.582999991e+02 -1.582999991e+02 +1.9328e+00 +3.5248e+00 -2.4216e+00
4315 0 +6.930844165e-07 -1.582999993e+02 -1.582999993e+02 +1.9328e+00 +3.5248e+00 -2.4216e+00
4395 0 +6.559558301e-07 -1.582999993e+02 -1.582999993e+02 +1.9328e+00 +3.5248e+00 -2.4216e+00
4463 0 +6.307813862e-07 -1.582999994e+02 -1.582999994e+02 +1.9328e+00 +3.5248e+00 -2.4216e+00
4567 0 +6.822219234e-08 -1.582999999e+02 -1.582999999e+02 +1.9328e+00 +3.5248e+00 -2.4216e+00
4635 0 +6.157654298e-08 -1.582999999e+02 -1.582999999e+02 +1.9328e+00 +3.5248e+00 -2.4216e+00
4939 0 +5.811469350e-08 -1.582999999e+02 -1.582999999e+02 +1.9328e+00 +3.5248e+00 -2.4216e+00
4955 0 +4.576531865e-08 -1.583000000e+02 -1.583000000e+02 +1.9328e+00 +3.5248e+00 -2.4216e+00
4967 0 +2.421757017e-08 -1.583000000e+02 -1.583000000e+02 +1.9328e+00 +3.5248e+00 -2.4216e+00
5007 0 +1.376614023e-08 -1.583000000e+02 -1.583000000e+02 +1.9328e+00 +3.5248e+00 -2.4216e+00
5119 0 +1.068616484e-08 -1.583000000e+02 -1.583000000e+02 +1.9328e+00 +3.5248e+00 -2.4216e+00
5163 0 +8.580173017e-09 -1.583000000e+02 -1.583000000e+02 +1.9328e+00 +3.5248e+00 -2.4216e+00
6929 0 +0.000000000e+00 -1.583000000e+02 -1.583000000e+02 +1.9328e+00 +3.5248e+00 -2.4216e+00
% f evaluations | g evaluations | best noise-free fitness - Fopt (-4.071000000000e+01) + sum g_i+ | measured fitness | best measured fitness or single-digit g-values | x1 | x2...
1 0 +2.235987420e+02 +1.828887420e+02 +1.828887420e+02 -5.8219e-01 +2.7199e+00 -9.2385e-01
3 0 +1.672011192e+02 +1.264911192e+02 +1.264911192e+02 +2.9895e+00 -2.9115e+00 +4.8154e+00
7 0 +7.816850021e+01 +3.745850021e+01 +3.745850021e+01 +2.8696e+00 +4.3425e+00 +1.2949e+00
8 0 +5.363686974e+01 +1.292686974e+01 +1.292686974e+01 -5.2613e-01 +3.3749e+00 +2.0964e+00
35 0 +3.936721971e+01 -1.342780292e+00 -1.342780292e+00 -5.2613e-01 +3.3749e+00 +3.7036e+00
63 0 +3.622117451e+01 -4.488825493e+00 -4.488825493e+00 +2.1808e-01 +3.1077e+00 +3.7919e+00
103 0 +2.946150915e+01 -1.124849085e+01 -1.124849085e+01 +2.1808e-01 +2.6804e+00 +3.7919e+00
215 0 +2.762509938e+01 -1.308490062e+01 -1.308490062e+01 -3.0287e-01 +4.2829e+00 +3.2597e+00
293 0 +2.658703830e+01 -1.412296170e+01 -1.412296170e+01 -5.1993e-01 +2.6915e+00 +4.3518e+00
335 0 +1.120064712e+01 -2.950935288e+01 -2.950935288e+01 -5.4345e-02 +4.2829e+00 +3.2597e+00
381 0 +8.144745764e+00 -3.256525424e+01 -3.256525424e+01 -8.6535e-01 +2.7199e+00 +3.2711e+00
471 0 +7.579702037e+00 -3.313029796e+01 -3.313029796e+01 -9.6352e-01 +2.7216e+00 +3.5746e+00
565 0 +6.281193205e+00 -3.442880679e+01 -3.442880679e+01 +1.0923e-01 +2.5724e+00 +3.9070e+00
935 0 +3.731701357e+00 -3.697829864e+01 -3.697829864e+01 +1.1361e+00 +3.7794e+00 +3.2597e+00
1255 0 +2.368916232e+00 -3.834108377e+01 -3.834108377e+01 +1.1361e+00 +3.7794e+00 +3.5914e+00
1419 0 +1.436962905e+00 -3.927303709e+01 -3.927303709e+01 +6.3918e-02 +3.2552e+00 +3.5848e+00
1695 0 +1.371677200e+00 -3.933832280e+01 -3.933832280e+01 +1.1361e+00 +3.2274e+00 +3.5914e+00
2177 0 +1.116890736e+00 -3.959310926e+01 -3.959310926e+01 +1.0400e+00 +3.2359e+00 +3.6077e+00
2205 0 +1.159984833e-01 -4.059400152e+01 -4.059400152e+01 +1.0648e+00 +3.2336e+00 +3.5766e+00
2291 0 +1.011026987e-01 -4.060889730e+01 -4.060889730e+01 +1.0382e+00 +3.2269e+00 +3.5886e+00
2411 0 +5.684538141e-02 -4.065315462e+01 -4.065315462e+01 +1.0582e+00 +3.2269e+00 +3.5886e+00
2807 0 +4.773793993e-02 -4.066226206e+01 -4.066226206e+01 +1.0677e+00 +3.2298e+00 +3.5851e+00
2921 0 +1.920767049e-02 -4.069079233e+01 -4.069079233e+01 +1.0593e+00 +3.2333e+00 +3.5816e+00
3107 0 +1.855049405e-02 -4.069144951e+01 -4.069144951e+01 +1.0508e+00 +3.2249e+00 +3.5827e+00
3213 0 +1.756639990e-02 -4.069243360e+01 -4.069243360e+01 +1.0621e+00 +3.2276e+00 +3.5835e+00
3223 0 +1.503953702e-02 -4.069496046e+01 -4.069496046e+01 +1.0576e+00 +3.2334e+00 +3.5821e+00
3251 0 +1.000637126e-02 -4.069999363e+01 -4.069999363e+01 +1.0582e+00 +3.2269e+00 +3.5827e+00
3289 0 +5.637454475e-03 -4.070436255e+01 -4.070436255e+01 +1.0507e+00 +3.2308e+00 +3.5846e+00
3349 0 +5.025113973e-03 -4.070497489e+01 -4.070497489e+01 +1.0567e+00 +3.2275e+00 +3.5839e+00
3373 0 +2.538998226e-03 -4.070746100e+01 -4.070746100e+01 +1.0536e+00 +3.2276e+00 +3.5828e+00
3395 0 +7.545474600e-04 -4.070924545e+01 -4.070924545e+01 +1.0519e+00 +3.2301e+00 +3.5831e+00
3413 0 +5.080143564e-04 -4.070949199e+01 -4.070949199e+01 +1.0536e+00 +3.2290e+00 +3.5828e+00
3665 0 +3.220257808e-05 -4.070996780e+01 -4.070996780e+01 +1.0538e+00 +3.2298e+00 +3.5831e+00
3953 0 +1.177591839e-05 -4.070998822e+01 -4.070998822e+01 +1.0536e+00 +3.2296e+00 +3.5833e+00
4393 0 +4.642626145e-06 -4.070999536e+01 -4.070999536e+01 +1.0536e+00 +3.2296e+00 +3.5832e+00
4475 0 +2.201497978e-06 -4.070999780e+01 -4.070999780e+01 +1.0537e+00 +3.2296e+00 +3.5832e+00
4513 0 +2.411973625e-07 -4.070999976e+01 -4.070999976e+01 +1.0536e+00 +3.2296e+00 +3.5832e+00
4649 0 +1.108626932e-07 -4.070999989e+01 -4.070999989e+01 +1.0536e+00 +3.2296e+00 +3.5832e+00
4689 0 +5.341047427e-08 -4.070999995e+01 -4.070999995e+01 +1.0536e+00 +3.2296e+00 +3.5832e+00
5171 0 +4.262994224e-08 -4.070999996e+01 -4.070999996e+01 +1.0536e+00 +3.2296e+00 +3.5832e+00
5249 0 +3.511246405e-08 -4.070999996e+01 -4.070999996e+01 +1.0536e+00 +3.2296e+00 +3.5832e+00
5289 0 +3.311824770e-08 -4.070999997e+01 -4.070999997e+01 +1.0536e+00 +3.2296e+00 +3.5832e+00
5331 0 +1.454580456e-08 -4.070999999e+01 -4.070999999e+01 +1.0536e+00 +3.2296e+00 +3.5832e+00
5409 0 +6.930171992e-09 -4.070999999e+01 -4.070999999e+01 +1.0536e+00 +3.2296e+00 +3.5832e+00
7785 0 +0.000000000e+00 -4.071000000e+01 -4.071000000e+01 +1.0536e+00 +3.2296e+00 +3.5832e+00
% f evaluations | g evaluations | best noise-free fitness - Fopt (8.139000000000e+01) + sum g_i+ | measured fitness | best measured fitness or single-digit g-values | x1 | x2...
1 0 +1.325536009e+03 +1.406926009e+03 +1.406926009e+03 -1.6033e+00 -3.7963e+00 +2.1773e+00
2 0 +7.069818774e+02 +7.883718774e+02 +7.883718774e+02 -4.0753e+00 -4.7246e+00 +9.8954e-01
3 0 +1.607559667e+02 +2.421459667e+02 +2.421459667e+02 -3.3245e+00 +2.9559e+00 -6.5661e-01
9 0 +1.000798172e+02 +1.814698172e+02 +1.814698172e+02 +1.4984e+00 +1.6487e-01 -1.3675e+00
18 0 +5.190367305e+01 +1.332936731e+02 +1.332936731e+02 -2.8374e+00 +1.1989e+00 -3.6332e+00
25 0 +2.677500896e+01 +1.081650090e+02 +1.081650090e+02 +2.1437e+00 +2.9559e+00 -2.6018e+00
179 0 +2.595062539e+01 +1.073406254e+02 +1.073406254e+02 +1.1248e+00 +2.9947e+00 -3.6443e+00
319 0 +2.380628119e+01 +1.051962812e+02 +1.051962812e+02 -1.1927e+00 +4.1917e+00 -3.6381e+00
399 0 +2.125580781e+01 +1.026458078e+02 +1.026458078e+02 +9.8030e-01 +4.1917e+00 -3.6381e+00
475 0 +1.004056032e+01 +9.143056032e+01 +9.143056032e+01 +9.3897e-01 +2.8996e+00 -3.2645e+00
589 0 +6.920297759e+00 +8.831029776e+01 +8.831029776e+01 -3.2572e-02 +3.4753e+00 -2.6294e+00
765 0 +6.698190283e+00 +8.808819028e+01 +8.808819028e+01 +9.2774e-01 +3.4581e+00 -3.0633e+00
913 0 +2.523548569e+00 +8.391354857e+01 +8.391354857e+01 +8.8998e-01 +2.8405e+00 -2.9751e+00
1233 0 +2.487232986e+00 +8.387723299e+01 +8.387723299e+01 +8.8998e-01 +2.8324e+00 -2.9751e+00
1469 0 +2.392884813e+00 +8.378288481e+01 +8.378288481e+01 +9.3583e-01 +3.4549e+00 -2.6294e+00
1997 0 +2.282536087e+00 +8.367253609e+01 +8.367253609e+01 +8.4265e-01 +3.3856e+00 -2.9828e+00
2225 0 +1.616142229e+00 +8.300614223e+01 +8.300614223e+01 +8.2280e-01 +2.8072e+00 -3.0062e+00
2305 0 +1.368281746e+00 +8.275828175e+01 +8.275828175e+01 +8.3724e-01 +2.8072e+00 -3.0062e+00
2385 0 +1.162904813e+00 +8.255290481e+01 +8.255290481e+01 +8.5890e-01 +2.8072e+00 -3.0062e+00
2417 0 +3.860894194e-01 +8.177608942e+01 +8.177608942e+01 +8.8313e-01 +3.4013e+00 -3.0048e+00
2711 0 +1.944746775e-01 +8.158447468e+01 +8.158447468e+01 +8.8034e-01 +3.4143e+00 -3.0152e+00
2911 0 +1.739959595e-01 +8.156399596e+01 +8.156399596e+01 +8.7312e-01 +3.4143e+00 -3.0152e+00
2975 0 +2.356171257e-02 +8.141356171e+01 +8.141356171e+01 +8.6650e-01 +3.4190e+00 -3.0073e+00
3135 0 +2.327308421e-02 +8.141327308e+01 +8.141327308e+01 +8.7280e-01 +3.4190e+00 -3.0073e+00
3211 0 +4.892165422e-03 +8.139489217e+01 +8.139489217e+01 +8.6877e-01 +3.4239e+00 -3.0087e+00
3527 0 +4.347431268e-03 +8.139434743e+01 +8.139434743e+01 +8.6726e-01 +3.4227e+00 -3.0065e+00
3565 0 +2.449906743e-03 +8.139244991e+01 +8.139244991e+01 +8.6852e-01 +3.4240e+00 -3.0062e+00
3581 0 +1.732929544e-03 +8.139173293e+01 +8.139173293e+01 +8.6936e-01 +3.4265e+00 -3.0071e+00
3595 0 +1.150390006e-03 +8.139115039e+01 +8.139115039e+01 +8.7018e-01 +3.4257e+00 -3.0066e+00
3853 0 +4.180164817e-04 +8.139041802e+01 +8.139041802e+01 +8.7010e-01 +3.4240e+00 -3.0072e+00
4027 0 +1.723223235e-04 +8.139017232e+01 +8.139017232e+01 +8.6919e-01 +3.4251e+00 -3.0074e+00
4059 0 +4.784287698e-05 +8.139004784e+01 +8.139004784e+01 +8.7004e-01 +3.4247e+00 -3.0072e+00
4099 0 +1.188506366e-05 +8.139001189e+01 +8.139001189e+01 +8.6973e-01 +3.4247e+00 -3.0072e+00
4209 0 +2.304079871e-06 +8.139000230e+01 +8.139000230e+01 +8.6960e-01 +3.4248e+00 -3.0072e+00
4409 0 +1.577159566e-06 +8.139000158e+01 +8.139000158e+01 +8.6960e-01 +3.4248e+00 -3.0072e+00
4465 0 +6.031875017e-07 +8.139000060e+01 +8.139000060e+01 +8.6957e-01 +3.4248e+00 -3.0072e+00
4619 0 +5.356754826e-07 +8.139000054e+01 +8.139000054e+01 +8.6955e-01 +3.4248e+00 -3.0072e+00
4685 0 +2.603702001e-07 +8.139000026e+01 +8.139000026e+01 +8.6960e-01 +3.4248e+00 -3.0072e+00
4777 0 +7.662382018e-08 +8.139000008e+01 +8.139000008e+01 +8.6960e-01 +3.4248e+00 -3.0072e+00
4925 0 +6.888885196e-08 +8.139000007e+01 +8.139000007e+01 +8.6960e-01 +3.4248e+00 -3.0072e+00
5069 0 +4.849587754e-08 +8.139000005e+01 +8.139000005e+01 +8.6960e-01 +3.4248e+00 -3.0072e+00
5097 0 +4.235184292e-08 +8.139000004e+01 +8.139000004e+01 +8.6960e-01 +3.4248e+00 -3.0072e+00
5141 0 +3.420430517e-08 +8.139000003e+01 +8.139000003e+01 +8.6960e-01 +3.4248e+00 -3.0072e+00
5227 0 +1.026189977e-08 +8.139000001e+01 +8.139000001e+01 +8.6960e-01 +3.4248e+00 -3.0072e+00
5275 0 +7.994017892e-09 +8.139000001e+01 +8.139000001e+01 +8.6961e-01 +3.4248e+00 -3.0072e+00
7183 0 +0.000000000e+00 +8.139000000e+01 +8.139000000e+01 +8.6960e-01 +3.4248e+00 -3.0072e+00
% f evaluations | g evaluations | best noise-free fitness - Fopt (4.144000000000e+01) + sum g_i+ | measured fitness | best measured fitness or single-digit g-values | x1 | x2...
1 0 +1.042375229e+02 +1.456775229e+02 +1.456775229e+02 +1.1895e+00 -1.8882e-01 +4.9433e-01
4 0 +8.571632877e+01 +1.271563288e+02 +1.271563288e+02 +2.0379e+00 -3.9714e-01 +3.8070e+00
7 0 +6.000188654e+01 +1.014418865e+02 +1.014418865e+02 +3.9371e+00 -3.2360e+00 +1.2329e+00
8 0 +2.539180951e+01 +6.683180951e+01 +6.683180951e+01 -3.3243e-01 -3.0160e+00 +2.8644e+00
169 0 +2.027321769e+01 +6.171321769e+01 +6.171321769e+01 +3.2526e+00 -2.0577e+00 +3.5386e+00
187 0 +1.804481986e+01 +5.948481986e+01 +5.948481986e+01 +3.5788e-01 -1.4729e+00 +2.5708e+00
279 0 +1.479918929e+01 +5.623918929e+01 +5.623918929e+01 +2.3184e-01 -3.7591e+00 +2.9357e+00
329 0 +1.071219667e+01 +5.215219667e+01 +5.215219667e+01 +3.2526e+00 -2.0577e+00 +2.8363e+00
387 0 +5.176644041e+00 +4.661664404e+01 +4.661664404e+01 +3.5788e-01 -2.0404e+00 +2.5708e+00
485 0 +3.403977223e+00 +4.484397722e+01 +4.484397722e+01 +1.3205e+00 -3.2576e+00 +2.9012e+00
819 0 +3.315212325e+00 +4.475521233e+01 +4.475521233e+01 +1.3221e+00 -3.2376e+00 +2.8704e+00
1019 0 +3.004904689e+00 +4.444490469e+01 +4.444490469e+01 +1.3031e+00 -3.1606e+00 +2.8704e+00
1297 0 +2.151544221e+00 +4.359154422e+01 +4.359154422e+01 +1.3095e+00 -2.5514e+00 +2.5578e+00
1567 0 +1.609086428e+00 +4.304908643e+01 +4.304908643e+01 +1.3063e+00 -2.6302e+00 +2.8998e+00
1609 0 +1.428817606e+00 +4.286881761e+01 +4.286881761e+01 +1.3171e+00 -2.5848e+00 +2.9155e+00
1641 0 +1.149925026e+00 +4.258992503e+01 +4.258992503e+01 +1.3011e+00 -2.5942e+00 +2.9141e+00
1685 0 +1.049849524e+00 +4.248984952e+01 +4.248984952e+01 +1.3033e+00 -2.6055e+00 +2.9012e+00
1863 0 +9.600476359e-01 +4.240004764e+01 +4.240004764e+01 +1.2302e+00 -2.6152e+00 +2.5498e+00
1963 0 +3.529987344e-01 +4.179299873e+01 +4.179299873e+01 +1.3219e+00 -2.5834e+00 +2.5420e+00
2123 0 +2.833168446e-01 +4.172331684e+01 +4.172331684e+01 +1.2654e+00 -2.5834e+00 +2.5420e+00
2149 0 +1.608092816e-01 +4.160080928e+01 +4.160080928e+01 +1.2914e+00 -2.5841e+00 +2.5422e+00
2201 0 +1.497014012e-01 +4.158970140e+01 +4.158970140e+01 +1.3011e+00 -2.6022e+00 +2.5307e+00
2239 0 +4.183867519e-02 +4.148183868e+01 +4.148183868e+01 +1.2891e+00 -2.6089e+00 +2.5411e+00
2347 0 +3.100968936e-02 +4.147100969e+01 +4.147100969e+01 +1.2984e+00 -2.5966e+00 +2.5403e+00
2467 0 +2.225955171e-02 +4.146225955e+01 +4.146225955e+01 +1.2984e+00 -2.5985e+00 +2.5403e+00
2479 0 +1.512549592e-02 +4.145512550e+01 +4.145512550e+01 +1.2894e+00 -2.6033e+00 +2.5417e+00
2481 0 +3.394363262e-03 +4.144339436e+01 +4.144339436e+01 +1.2921e+00 -2.6022e+00 +2.5399e+00
2629 0 +2.114119236e-03 +4.144211412e+01 +4.144211412e+01 +1.2914e+00 -2.5995e+00 +2.5397e+00
2875 0 +1.262497424e-03 +4.144126250e+01 +4.144126250e+01 +1.2871e+00 -2.6005e+00 +2.5394e+00
3003 0 +1.178502323e-03 +4.144117850e+01 +4.144117850e+01 +1.2879e+00 -2.6018e+00 +2.5391e+00
3019 0 +6.867608266e-04 +4.144068676e+01 +4.144068676e+01 +1.2908e+00 -2.6000e+00 +2.5393e+00
3045 0 +2.867626814e-04 +4.144028676e+01 +4.144028676e+01 +1.2897e+00 -2.6009e+00 +2.5388e+00
3119 0 +2.763686294e-04 +4.144027637e+01 +4.144027637e+01 +1.2898e+00 -2.6013e+00 +2.5394e+00
3161 0 +1.446263307e-04 +4.144014463e+01 +4.144014463e+01 +1.2898e+00 -2.6004e+00 +2.5391e+00
3245 0 +1.136683856e-04 +4.144011367e+01 +4.144011367e+01 +1.2897e+00 -2.6009e+00 +2.5390e+00
3335 0 +5.117259585e-05 +4.144005117e+01 +4.144005117e+01 +1.2892e+00 -2.6009e+00 +2.5392e+00
3497 0 +1.470131244e-05 +4.144001470e+01 +4.144001470e+01 +1.2899e+00 -2.6007e+00 +2.5392e+00
3521 0 +1.046840035e-05 +4.144001047e+01 +4.144001047e+01 +1.2898e+00 -2.6008e+00 +2.5392e+00
3853 0 +3.804297755e-06 +4.144000380e+01 +4.144000380e+01 +1.2896e+00 -2.6009e+00 +2.5392e+00
4053 0 +1.600050318e-06 +4.144000160e+01 +4.144000160e+01 +1.2896e+00 -2.6008e+00 +2.5392e+00
4113 0 +1.225524940e-06 +4.144000123e+01 +4.144000123e+01 +1.2896e+00 -2.6008e+00 +2.5392e+00
4233 0 +8.740986388e-07 +4.144000087e+01 +4.144000087e+01 +1.2896e+00 -2.6008e+00 +2.5392e+00
4255 0 +4.920212717e-07 +4.144000049e+01 +4.144000049e+01 +1.2896e+00 -2.6008e+00 +2.5392e+00
4417 0 +3.398168147e-07 +4.144000034e+01 +4.144000034e+01 +1.2896e+00 -2.6008e+00 +2.5392e+00
4427 0 +3.001851212e-08 +4.144000003e+01 +4.144000003e+01 +1.2896e+00 -2.6008e+00 +2.5392e+00
4601 0 +1.361740232e-08 +4.144000001e+01 +4.144000001e+01 +1.2896e+00 -2.6008e+00 +2.5392e+00
4981 0 +9.024091696e-09 +4.144000001e+01 +4.144000001e+01 +1.2896e+00 -2.6008e+00 +2.5392e+00
7331 0 +0.000000000e+00 +4.144000000e+01 +4.144000000e+01 +1.2896e+00 -2.6008e+00 +2.5392e+00
% f evaluations | g evaluations | best noise-free fitness - Fopt (-2.709000000000e+01) + sum g_i+ | measured fitness | best measured fitness or single-digit g-values | x1 | x2...
1 0 +2.292713791e+02 +2.021813791e+02 +2.021813791e+02 +2.4679e-01 -3.8376e+00 -3.4218e+00
3 0 +1.172376838e+02 +9.014768381e+01 +9.014768381e+01 -2.9684e+00 -4.3653e+00 -1.3330e+00
8 0 +7.453839052e+01 +4.744839052e+01 +4.744839052e+01 +3.0029e+00 -1.6738e+00 +2.3208e+00
10 0 +4.292898538e+01 +1.583898538e+01 +1.583898538e+01 +4.3405e+00 -1.3852e+00 +1.7847e+00
57 0 +3.939067202e+01 +1.230067202e+01 +1.230067202e+01 +1.1020e+00 -5.0000e+00 +1.2894e+00
225 0 +2.988007612e+01 +2.790076120e+00 +2.790076120e+00 -5.3681e-01 -2.1017e+00 +1.2505e+00
247 0 +1.714570705e+01 -9.944292954e+00 -9.944292954e+00 -6.6550e-01 -1.5609e+00 +8.3528e-01
291 0 +1.485255365e+01 -1.223744635e+01 -1.223744635e+01 -6.5690e-01 -3.2805e+00 +1.5334e+00
583 0 +6.315093417e+00 -2.077490658e+01 -2.077490658e+01 -8.0987e-01 -3.2420e+00 +1.4337e+00
679 0 +5.880519919e+00 -2.120948008e+01 -2.120948008e+01 +2.1837e+00 -2.6809e+00 +1.3986e+00
1209 0 +4.575463214e+00 -2.251453679e+01 -2.251453679e+01 +2.0173e-01 -2.7074e+00 +1.0705e+00
1223 0 +3.356384060e+00 -2.373361594e+01 -2.373361594e+01 +1.6521e-01 -3.2420e+00 +1.4337e+00
1439 0 +2.558065549e+00 -2.453193445e+01 -2.453193445e+01 +2.1837e+00 -2.6809e+00 +1.0875e+00
1539 0 +1.076751690e+00 -2.601324831e+01 -2.601324831e+01 +1.1686e+00 -2.6247e+00 +1.4458e+00
2017 0 +8.125287840e-01 -2.627747122e+01 -2.627747122e+01 +1.2145e+00 -2.6062e+00 +1.0797e+00
2201 0 +6.980854182e-01 -2.639191458e+01 -2.639191458e+01 +1.2280e+00 -2.6353e+00 +1.0795e+00
2311 0 +5.694989485e-01 -2.652050105e+01 -2.652050105e+01 +1.1763e+00 -2.6078e+00 +1.0996e+00
2361 0 +3.654427324e-01 -2.672455727e+01 -2.672455727e+01 +1.2076e+00 -2.6388e+00 +1.0795e+00
2489 0 +3.518465172e-01 -2.673815348e+01 -2.673815348e+01 +1.2190e+00 -2.6204e+00 +1.0928e+00
2497 0 +1.915680334e-01 -2.689843197e+01 -2.689843197e+01 +1.1716e+00 -2.6304e+00 +1.0797e+00
2581 0 +1.307471430e-01 -2.695925286e+01 -2.695925286e+01 +1.1727e+00 -2.6233e+00 +1.0840e+00
2595 0 +1.100215819e-01 -2.697997842e+01 -2.697997842e+01 +1.2027e+00 -2.6319e+00 +1.0872e+00
2669 0 +6.512523225e-02 -2.702487477e+01 -2.702487477e+01 +1.1899e+00 -2.6240e+00 +1.0904e+00
2755 0 +5.741509872e-02 -2.703258490e+01 -2.703258490e+01 +1.1658e+00 -2.6319e+00 +1.0872e+00
2781 0 +3.049509992e-02 -2.705950490e+01 -2.705950490e+01 +1.1727e+00 -2.6329e+00 +1.0931e+00
2873 0 +2.155128707e-02 -2.706844871e+01 -2.706844871e+01 +1.1865e+00 -2.6304e+00 +1.0924e+00
2883 0 +1.968106203e-02 -2.707031894e+01 -2.707031894e+01 +1.1867e+00 -2.6317e+00 +1.0870e+00
2913 0 +1.135918885e-02 -2.707864081e+01 -2.707864081e+01 +1.1865e+00 -2.6348e+00 +1.0911e+00
2923 0 +9.969517654e-03 -2.708003048e+01 -2.708003048e+01 +1.1867e+00 -2.6317e+00 +1.0909e+00
3013 0 +8.840931257e-03 -2.708115907e+01 -2.708115907e+01 +1.1780e+00 -2.6329e+00 +1.0915e+00
3125 0 +5.477657974e-03 -2.708452234e+01 -2.708452234e+01 +1.1859e+00 -2.6334e+00 +1.0897e+00
3177 0 +1.120241302e-03 -2.708887976e+01 -2.708887976e+01 +1.1810e+00 -2.6313e+00 +1.0897e+00
3337 0 +3.962290160e-04 -2.708960377e+01 -2.708960377e+01 +1.1810e+00 -2.6336e+00 +1.0897e+00
3389 0 +1.389632881e-05 -2.708998610e+01 -2.708998610e+01 +1.1808e+00 -2.6326e+00 +1.0896e+00
3649 0 +4.746854422e-06 -2.708999525e+01 -2.708999525e+01 +1.1808e+00 -2.6328e+00 +1.0896e+00
3821 0 +2.374198903e-06 -2.708999763e+01 -2.708999763e+01 +1.1809e+00 -2.6328e+00 +1.0896e+00
4029 0 +6.796621648e-07 -2.708999932e+01 -2.708999932e+01 +1.1808e+00 -2.6328e+00 +1.0896e+00
4241 0 +6.119900426e-07 -2.708999939e+01 -2.708999939e+01 +1.1808e+00 -2.6328e+00 +1.0896e+00
4257 0 +5.118464337e-07 -2.708999949e+01 -2.708999949e+01 +1.1808e+00 -2.6328e+00 +1.0896e+00
4275 0 +3.724995352e-07 -2.708999963e+01 -2.708999963e+01 +1.1808e+00 -2.6328e+00 +1.0896e+00
4297 0 +2.903711689e-07 -2.708999971e+01 -2.708999971e+01 +1.1808e+00 -2.6328e+00 +1.0896e+00
4329 0 +2.653719982e-07 -2.708999973e+01 -2.708999973e+01 +1.1808e+00 -2.6328e+00 +1.0896e+00
4335 0 +1.044654816e-07 -2.708999990e+01 -2.708999990e+01 +1.1808e+00 -2.6328e+00 +1.0896e+00
4497 0 +3.443822649e-08 -2.708999997e+01 -2.708999997e+01 +1.1808e+00 -2.6328e+00 +1.0896e+00
4611 0 +8.338531643e-09 -2.708999999e+01 -2.708999999e+01 +1.1808e+00 -2.6328e+00 +1.0896e+00
6665 0 +0.000000000e+00 -2.709000000e+01 -2.709000000e+01 +1.1808e+00 -2.6328e+00 +1.0896e+00
% f evaluations | g evaluations | best noise-free fitness - Fopt (5.175000000000e+01) + sum g_i+ | measured fitness | best measured fitness or single-digit g-values | x1 | x2...
1 0 +1.619976348e+02 +2.137476348e+02 +2.137476348e+02 -1.2127e+00 +4.9763e+00 +4.1316e+00
2 0 +9.231131862e+01 +1.440613186e+02 +1.440613186e+02 -2.1889e+00 -2.8821e+00 +4.2091e+00
3 0 +7.640660904e+01 +1.281566090e+02 +1.281566090e+02 -4.9906e+00 -2.9071e+00 +2.4430e+00
7 0 +3.927040711e+01 +9.102040711e+01 +9.102040711e+01 -3.2002e+00 +1.0664e+00 +2.6370e+00
37 0 +3.337716338e+01 +8.512716338e+01 +8.512716338e+01 -1.9026e+00 +2.1634e+00 +3.2116e+00
93 0 +2.721279049e+01 +7.896279049e+01 +7.896279049e+01 +2.1243e+00 -1.2107e+00 +3.9927e+00
219 0 +2.543879841e+01 +7.718879841e+01 +7.718879841e+01 +1.1568e+00 -2.5734e-01 +2.8926e+00
273 0 +2.117904989e+01 +7.292904989e+01 +7.292904989e+01 -1.7255e+00 +1.0664e+00 +2.6370e+00
433 0 +1.787872957e+01 +6.962872957e+01 +6.962872957e+01 -1.7255e+00 +3.8545e-01 +2.6370e+00
529 0 +1.742413971e+01 +6.917413971e+01 +6.917413971e+01 -2.0788e+00 -2.6205e-01 +3.3453e+00
659 0 +1.628613079e+01 +6.803613079e+01 +6.803613079e+01 +1.1568e+00 +4.1710e-01 +3.8296e+00
669 0 +1.406895284e+01 +6.581895284e+01 +6.581895284e+01 -6.7796e-01 -1.6466e-01 +2.9839e+00
685 0 +7.292536718e+00 +5.904253672e+01 +5.904253672e+01 -9.1228e-01 -6.4673e-01 +2.7186e+00
819 0 +3.511855780e+00 +5.526185578e+01 +5.526185578e+01 +1.1568e+00 +4.1710e-01 +3.3733e+00
1537 0 +2.558956246e+00 +5.430895625e+01 +5.430895625e+01 +7.3355e-02 -1.3938e-01 +2.7075e+00
1875 0 +2.431168253e+00 +5.418116825e+01 +5.418116825e+01 +1.6072e-01 -1.4586e-01 +2.7147e+00
1877 0 +2.201477059e+00 +5.395147706e+01 +5.395147706e+01 -8.4126e-01 +4.7922e-01 +3.0020e+00
1997 0 +8.601374087e-01 +5.261013741e+01 +5.261013741e+01 +1.1588e-01 +4.7922e-01 +3.0020e+00
2351 0 +3.380035096e-01 +5.208800351e+01 +5.208800351e+01 +1.0554e-01 +4.6861e-01 +3.0102e+00
2561 0 +2.435914418e-01 +5.199359144e+01 +5.199359144e+01 +1.2659e-01 +4.6829e-01 +3.0201e+00
2789 0 +8.243257163e-02 +5.183243257e+01 +5.183243257e+01 +1.3050e-01 +4.6025e-01 +3.0142e+00
2801 0 +7.556898425e-02 +5.182556898e+01 +5.182556898e+01 +1.2659e-01 +4.5578e-01 +3.0107e+00
2841 0 +3.183088765e-02 +5.178183089e+01 +5.178183089e+01 +1.2659e-01 +4.5578e-01 +3.0137e+00
2919 0 +1.426204866e-02 +5.176426205e+01 +5.176426205e+01 +1.3281e-01 +4.4938e-01 +3.0158e+00
2957 0 +4.710929959e-03 +5.175471093e+01 +5.175471093e+01 +1.2473e-01 +4.5121e-01 +3.0145e+00
3077 0 +1.977096935e-03 +5.175197710e+01 +5.175197710e+01 +1.2473e-01 +4.5024e-01 +3.0145e+00
3321 0 +1.835257543e-03 +5.175183526e+01 +5.175183526e+01 +1.2406e-01 +4.4947e-01 +3.0143e+00
3359 0 +1.023091609e-03 +5.175102309e+01 +5.175102309e+01 +1.2562e-01 +4.4938e-01 +3.0158e+00
3479 0 +4.979791100e-04 +5.175049798e+01 +5.175049798e+01 +1.2562e-01 +4.4938e-01 +3.0149e+00
3491 0 +2.193502768e-04 +5.175021935e+01 +5.175021935e+01 +1.2540e-01 +4.4862e-01 +3.0149e+00
3653 0 +2.086266872e-05 +5.175002086e+01 +5.175002086e+01 +1.2510e-01 +4.4875e-01 +3.0152e+00
3813 0 +5.504259384e-06 +5.175000550e+01 +5.175000550e+01 +1.2487e-01 +4.4875e-01 +3.0152e+00
3983 0 +3.556470226e-06 +5.175000356e+01 +5.175000356e+01 +1.2485e-01 +4.4876e-01 +3.0152e+00
4265 0 +9.724212404e-07 +5.175000097e+01 +5.175000097e+01 +1.2480e-01 +4.4884e-01 +3.0152e+00
4487 0 +2.803040218e-07 +5.175000028e+01 +5.175000028e+01 +1.2480e-01 +4.4880e-01 +3.0152e+00
4651 0 +2.202231855e-07 +5.175000022e+01 +5.175000022e+01 +1.2479e-01 +4.4881e-01 +3.0152e+00
4755 0 +3.964522932e-08 +5.175000004e+01 +5.175000004e+01 +1.2481e-01 +4.4879e-01 +3.0152e+00
4767 0 +3.389681069e-08 +5.175000003e+01 +5.175000003e+01 +1.2480e-01 +4.4880e-01 +3.0152e+00
4881 0 +2.910047670e-08 +5.175000003e+01 +5.175000003e+01 +1.2481e-01 +4.4880e-01 +3.0152e+00
4915 0 +2.001832655e-08 +5.175000002e+01 +5.175000002e+01 +1.2480e-01 +4.4880e-01 +3.0152e+00
5001 0 +6.381007722e-09 +5.175000001e+01 +5.175000001e+01 +1.2480e-01 +4.4880e-01 +3.0152e+00
7179 0 +0.000000000e+00 +5.175000000e+01 +5.175000000e+01 +1.2480e-01 +4.4880e-01 +3.0152e+00
% f evaluations | g evaluations | best noise-free fitness - Fopt (-5.541400000000e+02) + sum g_i+ | measured fitness | best measured fitness or single-digit g-values | x1 | x2...
1 0 +1.513501831e+02 -4.027898169e+02 -4.027898169e+02 +1.9421e+00 -2.0522e+00 -2.3603e-01
2 0 +1.130320322e+02 -4.411079678e+02 -4.411079678e+02 +3.3024e+00 -1.4202e+00 +1.5882e+00
4 0 +8.055247464e+01 -4.735875254e+02 -4.735875254e+02 +3.1776e+00 +4.9329e+00 -5.7432e-02
6 0 +4.566295452e+01 -5.084770455e+02 -5.084770455e+02 +9.8600e-01 +2.9314e+00 +3.1445e+00
12 0 +3.044124121e+01 -5.236987588e+02 -5.236987588e+02 +3.6320e+00 +3.9781e+00 +2.1479e+00
31 0 +2.027520279e+01 -5.338647972e+02 -5.338647972e+02 +9.8600e-01 +4.0345e+00 +1.8428e+00
283 0 +1.989660945e+01 -5.342433906e+02 -5.342433906e+02 +2.9343e+00 +9.4530e-01 +2.1479e+00
391 0 +1.716822008e+01 -5.369717799e+02 -5.369717799e+02 +9.8600e-01 +1.6299e+00 +1.8428e+00
427 0 +1.225580559e+01 -5.418841944e+02 -5.418841944e+02 +2.8906e+00 +3.9646e+00 +2.4962e+00
533 0 +1.007803402e+01 -5.440619660e+02 -5.440619660e+02 +2.0043e+00 +3.7451e+00 +2.7756e+00
673 0 +7.055344493e+00 -5.470846555e+02 -5.470846555e+02 +7.9401e-01 +3.7653e+00 +2.1006e+00
833 0 +2.360534026e+00 -5.517794660e+02 -5.517794660e+02 +1.8562e+00 +3.7653e+00 +1.8167e+00
1069 0 +2.331191130e+00 -5.518088089e+02 -5.518088089e+02 +1.9169e+00 +2.6347e+00 +2.4970e+00
1073 0 +2.140180656e+00 -5.519998193e+02 -5.519998193e+02 +1.8562e+00 +2.6336e+00 +1.8167e+00
1219 0 +1.897958320e+00 -5.522420417e+02 -5.522420417e+02 +1.8089e+00 +2.6326e+00 +2.1419e+00
1379 0 +1.424610404e+00 -5.527153896e+02 -5.527153896e+02 +1.8819e+00 +2.6628e+00 +2.1419e+00
1771 0 +9.716468497e-01 -5.531683532e+02 -5.531683532e+02 +1.8914e+00 +3.1963e+00 +2.1431e+00
1811 0 +8.824701662e-01 -5.532575298e+02 -5.532575298e+02 +1.8914e+00 +3.1980e+00 +2.1431e+00
2419 0 +1.639335791e-01 -5.539760664e+02 -5.539760664e+02 +1.8819e+00 +3.2375e+00 +2.1399e+00
2811 0 +7.181490475e-02 -5.540681851e+02 -5.540681851e+02 +1.8706e+00 +3.2233e+00 +2.1373e+00
3011 0 +6.714559653e-02 -5.540728544e+02 -5.540728544e+02 +1.8767e+00 +3.2233e+00 +2.1373e+00
3045 0 +6.395611524e-02 -5.540760439e+02 -5.540760439e+02 +1.8868e+00 +3.2223e+00 +2.1348e+00
3085 0 +5.838207608e-02 -5.540816179e+02 -5.540816179e+02 +1.8856e+00 +3.2223e+00 +2.1348e+00
3127 0 +4.677878611e-02 -5.540932212e+02 -5.540932212e+02 +1.8766e+00 +3.2290e+00 +2.1373e+00
3201 0 +1.307042520e-02 -5.541269296e+02 -5.541269296e+02 +1.8760e+00 +3.2306e+00 +2.1343e+00
3427 0 +4.999703005e-03 -5.541350003e+02 -5.541350003e+02 +1.8768e+00 +3.2271e+00 +2.1332e+00
3575 0 +1.556483158e-03 -5.541384435e+02 -5.541384435e+02 +1.8761e+00 +3.2274e+00 +2.1322e+00
3717 0 +1.496446733e-03 -5.541385036e+02 -5.541385036e+02 +1.8745e+00 +3.2275e+00 +2.1325e+00
3723 0 +1.422443311e-03 -5.541385776e+02 -5.541385776e+02 +1.8764e+00 +3.2283e+00 +2.1327e+00
3775 0 +2.723515847e-04 -5.541397276e+02 -5.541397276e+02 +1.8761e+00 +3.2289e+00 +2.1322e+00
3973 0 +2.298646929e-04 -5.541397701e+02 -5.541397701e+02 +1.8745e+00 +3.2288e+00 +2.1323e+00
4057 0 +2.206893405e-04 -5.541397793e+02 -5.541397793e+02 +1.8747e+00 +3.2293e+00 +2.1321e+00
4225 0 +1.552175826e-04 -5.541398448e+02 -5.541398448e+02 +1.8756e+00 +3.2285e+00 +2.1322e+00
4311 0 +7.650609632e-05 -5.541399235e+02 -5.541399235e+02 +1.8749e+00 +3.2286e+00 +2.1319e+00
4421 0 +7.331291147e-05 -5.541399267e+02 -5.541399267e+02 +1.8747e+00 +3.2290e+00 +2.1320e+00
4433 0 +1.091583499e-06 -5.541399989e+02 -5.541399989e+02 +1.8752e+00 +3.2288e+00 +2.1320e+00
4791 0 +5.611063898e-07 -5.541399994e+02 -5.541399994e+02 +1.8752e+00 +3.2288e+00 +2.1320e+00
4871 0 +4.887549494e-07 -5.541399995e+02 -5.541399995e+02 +1.8752e+00 +3.2288e+00 +2.1320e+00
4951 0 +4.250309757e-07 -5.541399996e+02 -5.541399996e+02 +1.8752e+00 +3.2288e+00 +2.1320e+00
5027 0 +3.846461141e-07 -5.541399996e+02 -5.541399996e+02 +1.8752e+00 +3.2288e+00 +2.1320e+00
5031 0 +1.775367764e-08 -5.541400000e+02 -5.541400000e+02 +1.8752e+00 +3.2288e+00 +2.1320e+00
5151 0 +1.578553110e-08 -5.541400000e+02 -5.541400000e+02 +1.8752e+00 +3.2288e+00 +2.1320e+00
5239 0 +1.433818397e-08 -5.541400000e+02 -5.541400000e+02 +1.8752e+00 +3.2288e+00 +2.1320e+00
5407 0 +1.412331585e-09 -5.541400000e+02 -5.541400000e+02 +1.8752e+00 +3.2288e+00 +2.1320e+00
6985 0 +0.000000000e+00 -5.541400000e+02 -5.541400000e+02 +1.8752e+00 +3.2288e+00 +2.1320e+00
% f evaluations | g evaluations | best noise-free fitness - Fopt (1.774000000000e+01) + sum g_i+ | measured fitness | best measured fitness or single-digit g-values | x1 | x2...
1 0 +7.001331755e+01 +8.775331755e+01 +8.775331755e+01 -2.5268e+00 +3.2150e+00 -1.2886e+00
10 0 +6.148925537e+01 +7.922925537e+01 +7.922925537e+01 +3.9716e+00 +4.6426e+00 -2.5270e+00
18 0 +5.748104365e+01 +7.522104365e+01 +7.522104365e+01 +1.8492e+00 -5.3073e-01 -2.7138e+00
29 0 +8.289468809e+00 +2.602946881e+01 +2.602946881e+01 +2.4413e+00 +2.9416e+00 -2.1345e+00
569 0 +5.988960751e+00 +2.372896075e+01 +2.372896075e+01 +3.2680e+00 +2.3272e+00 -1.5108e+00
835 0 +4.084537159e+00 +2.182453716e+01 +2.182453716e+01 +2.1747e+00 +2.4145e+00 -1.7879e+00
915 0 +4.014074976e+00 +2.175407498e+01 +2.175407498e+01 +2.1747e+00 +2.9322e+00 -1.7879e+00
1269 0 +2.220630208e+00 +1.996063021e+01 +1.996063021e+01 +2.2993e+00 +1.8235e+00 -2.1345e+00
1475 0 +1.535117589e+00 +1.927511759e+01 +1.927511759e+01 +2.1747e+00 +2.3537e+00 -2.1424e+00
1835 0 +5.179901750e-01 +1.825799017e+01 +1.825799017e+01 +2.2325e+00 +2.3537e+00 -2.1424e+00
2269 0 +4.145241896e-01 +1.815452419e+01 +1.815452419e+01 +2.2993e+00 +2.3744e+00 -2.1345e+00
2633 0 +3.773223000e-01 +1.811732230e+01 +1.811732230e+01 +2.2624e+00 +2.3786e+00 -2.1174e+00
2681 0 +3.925119479e-02 +1.777925119e+01 +1.777925119e+01 +2.2653e+00 +2.3572e+00 -2.1274e+00
2955 0 +1.669538481e-02 +1.775669538e+01 +1.775669538e+01 +2.2535e+00 +2.3665e+00 -2.1280e+00
3085 0 +4.874400270e-03 +1.774487440e+01 +1.774487440e+01 +2.2638e+00 +2.3633e+00 -2.1297e+00
3189 0 +1.323401540e-03 +1.774132340e+01 +1.774132340e+01 +2.2584e+00 +2.3625e+00 -2.1289e+00
3269 0 +1.051917444e-03 +1.774105192e+01 +1.774105192e+01 +2.2584e+00 +2.3630e+00 -2.1289e+00
3513 0 +8.217666574e-04 +1.774082177e+01 +1.774082177e+01 +2.2611e+00 +2.3630e+00 -2.1294e+00
3565 0 +4.275363481e-04 +1.774042754e+01 +1.774042754e+01 +2.2607e+00 +2.3632e+00 -2.1294e+00
3661 0 +1.525660794e-04 +1.774015257e+01 +1.774015257e+01 +2.2595e+00 +2.3637e+00 -2.1296e+00
3723 0 +1.335363251e-04 +1.774013354e+01 +1.774013354e+01 +2.2590e+00 +2.3636e+00 -2.1297e+00
3741 0 +2.954076284e-05 +1.774002954e+01 +1.774002954e+01 +2.2595e+00 +2.3633e+00 -2.1296e+00
3901 0 +1.539217724e-05 +1.774001539e+01 +1.774001539e+01 +2.2591e+00 +2.3633e+00 -2.1296e+00
3987 0 +2.206336234e-06 +1.774000221e+01 +1.774000221e+01 +2.2592e+00 +2.3633e+00 -2.1296e+00
4107 0 +3.434691465e-07 +1.774000034e+01 +1.774000034e+01 +2.2592e+00 +2.3632e+00 -2.1296e+00
4321 0 +5.050601359e-08 +1.774000005e+01 +1.774000005e+01 +2.2592e+00 +2.3632e+00 -2.1296e+00
4705 0 +4.533638887e-08 +1.774000005e+01 +1.774000005e+01 +2.2592e+00 +2.3632e+00 -2.1296e+00
4721 0 +1.002371874e-08 +1.774000001e+01 +1.774000001e+01 +2.2592e+00 +2.3632e+00 -2.1296e+00
5027 0 +4.687848332e-09 +1.774000000e+01 +1.774000000e+01 +2.2592e+00 +2.3632e+00 -2.1296e+00
7395 0 +0.000000000e+00 +1.774000000e+01 +1.774000000e+01 +2.2592e+00 +2.3632e+00 -2.1296e+00
