% f evaluations | g evaluations | best noise-free fitness - Fopt (4.078000000000e+01) + sum g_i+ | measured fitness | best measured fitness or single-digit g-values | x1 | x2...
1 0 +8.478672269e+01 +1.255667227e+02 +1.255667227e+02 -3.6456e+00 -4.6038e+00 +1.8040e+00 -2.1490e+00 +4.3384e+00 -1.4422e+00 -3.2113e+00 +2.0102e+00 -1.0533e+00 +4.3459e+00 -3.6104e+00 -1.4557e+00 -1.3921e+00 +1.5646e+00 +4.3365e+00 +1.8697e-01 -1.5959e+00 -1.4197e+00 -2.4192e+00 +2.6562e+00
5 0 +8.463624724e+01 +1.254162472e+02 +1.254162472e+02 -3.2382e+00 +9.0329e-01 -3.0945e+00 -3.0618e+00 +3.0920e+00 +1.1249e+00 -2.2609e+00 +2.1958e+00 -2.3585e+00 -4.6620e-01 +3.5724e+00 +1.0282e+00 +1.1619e+00 +3.1329e+00 +4.0720e+00 -2.5521e+00 +4.3123e+00 -3.5249e-01 +1.3503e+00 +1.5367e+00
6 0 +8.171759321e+01 +1.224975932e+02 +1.224975932e+02 -4.8787e-01 -2.3585e+00 +3.0905e+00 +1.0288e+00 +3.2687e+00 +2.7672e+00 -2.1999e-01 -2.2441e+00 +1.4986e+00 +2.5274e+00 -1.2426e+00 -3.0831e-01 +4.3101e+00 -3.1866e+00 -6.4952e-01 -4.2625e+00 -3.3199e+00 +3.9616e+00 -4.7538e+00 +4.2358e-01
87 0 +8.101938407e+01 +1.217993841e+02 +1.217993841e+02 +3.9743e+00 -3.7507e+00 +9.2659e-03 +2.1039e+00 -3.1047e+00 -1.3211e+00 +4.5704e+00 -3.8230e+00 -1.5670e+00 +3.7414e+00 +1.6320e+00 -8.6769e-01 +3.3886e+00 +2.0972e+00 -3.4674e+00 -5.7631e-01 -1.1031e+00 -2.8246e-01 -2.4441e-01 -2.3118e+00
163 0 +7.673540397e+01 +1.175154040e+02 +1.175154040e+02 -3.8506e-01 -5.0000e+00 +4.4948e-01 +9.3672e-02 -1.3113e+00 +1.5082e+00 -1.2183e+00 +1.5518e+00 -3.7456e-01 +1.7266e+00 -2.0913e+00 -3.2827e+00 +6.3209e-01 -7.2336e-01 +2.8802e+00 -4.1983e+00 -1.6990e+00 +2.5450e+00 -3.4691e+00 -1.3204e+00
175 0 +7.500622892e+01 +1.157862289e+02 +1.157862289e+02 +2.1829e+00 -2.1161e+00 +3.1004e+00 +4.6595e+00 -5.0000e+00 +2.5035e+00 +1.6291e+00 +3.9608e+00 -4.9334e+00 -7.5746e-01 +4.8372e+00 -2.2645e+00 -3.4355e+00 -1.2014e+00 -2.0745e+00 +4.0461e+00 -6.4972e-01 -8.9399e-01 +2.8050e+00 +4.5692e-01
359 0 +7.038739401e+01 +1.111673940e+02 +1.111673940e+02 -6.4255e-01 -2.6384e+00 -2.6311e+00 +3.7046e+00 -2.7120e+00 -1.9932e-01 -3.0136e+00 +1.8875e+00 +2.2455e-01 +2.1265e+00 -1.6235e+00 -1.9020e+00 +5.0000e+00 +1.0002e+00 +3.4214e-01 -1.5012e+00 -2.4250e+00 +4.1954e+00 -9.8629e-01 +5.5040e-02
949 0 +6.751476478e+01 +1.082947648e+02 +1.082947648e+02 -2.6441e+00 -4.1576e+00 +4.4539e+00 -1.7238e+00 -3.7247e+00 +1.1249e+00 -2.7922e+00 -8.0966e-01 -7.8218e-01 -2.6275e+00 +1.7502e+00 +1.6227e-01 -2.0181e+00 +1.2271e+00 -2.1476e+00 -8.2494e-01 +1.2963e+00 -2.3220e+00 -5.8060e-01 +1.1051e-01
1159 0 +6.250784195e+01 +1.032878419e+02 +1.032878419e+02 -4.4128e+00 -2.6384e+00 -2.6311e+00 -2.0644e+00 -8.5509e-01 -1.9932e-01 -3.0136e+00 +1.8875e+00 +2.2455e-01 +2.1265e+00 -1.6235e+00 +8.7841e-01 +5.0000e+00 +1.0002e+00 +3.4214e-01 -1.5012e+00 -2.4250e+00 +4.1954e+00 -9.8629e-01 +5.5040e-02
1921 0 +6.060475399e+01 +1.013847540e+02 +1.013847540e+02 -5.0000e+00 -2.0043e+00 -1.9395e+00 +3.5236e+00 +3.8426e+00 -2.8314e+00 -3.9007e-02 -4.9058e+00 -5.7714e-01 +2.8390e+00 +1.8668e+00 -3.2219e-01 -1.6412e-01 +4.5907e+00 +8.3140e-01 +1.1070e+00 +2.0541e+00 +2.9044e+00 +3.0945e+00 -3.4937e+00
3201 0 +5.340476973e+01 +9.418476973e+01 +9.418476973e+01 -5.0000e+00 -5.0000e+00 +2.9893e+00 +3.0536e+00 +3.8426e+00 -3.8669e+00 -3.9007e-02 -3.7414e+00 -5.7714e-01 +5.0000e+00 +1.8668e+00 +1.7502e+00 +3.2742e+00 +4.5907e+00 +1.1924e+00 +1.1070e+00 +2.0541e+00 +2.9044e+00 +2.3027e+00 -3.4937e+00
% f evaluations | g evaluations | best noise-free fitness - Fopt (-1.600000000000e+00) + sum g_i+ | measured fitness | best measured fitness or single-digit g-values | x1 | x2...
1 0 +8.589241557e+01 +8.429241557e+01 +8.429241557e+01 -2.0318e+00 -1.9821e+00 -3.2542e+00 +3.4465e+00 -1.6325e+00 -2.7765e-01 +4.4785e+00 -4.9530e+00 +3.3655e+00 +3.9904e+00 +3.2319e+00 +4.9268e+00 -8.2489e-01 +2.7209e+00 +1.8162e+00 +5.0144e-01 -1.7264e+00 -2.1187e+00 +4.8198e+00 -2.7589e+00
2 0 +8.223043110e+01 +8.063043110e+01 +8.063043110e+01 +7.9040e-01 -7.4177e-01 -3.9114e+00 +2.7301e+00 +4.2147e+00 -2.2130e-01 +2.1914e+00 -4.1791e-01 +4.9325e+00 -4.4294e+00 +2.9995e+00 +3.8966e+00 -6.4848e-01 +4.6178e+00 -1.3551e+00 +1.0784e+00 +2.4642e+00 +2.9986e+00 +2.8834e+00 -4.9787e+00
10 0 +7.763858832e+01 +7.603858832e+01 +7.603858832e+01 -5.5442e-01 +1.0441e+00 -2.7029e-01 +3.9365e+00 -5.6009e-01 -1.5160e+00 -6.6499e-01 -4.9567e+00 +1.1045e+00 +2.6054e+00 -2.3580e+00 -2.7029e+00 +2.7348e+00 +2.4233e+00 -2.2713e+00 +1.3419e+00 +3.2465e+00 -1.1287e+00 -1.4189e+00 -1.3875e+00
217 0 +7.625453136e+01 +7.465453136e+01 +7.465453136e+01 +8.5051e-01 -4.6444e-01 -5.0000e+00 +7.4762e-02 +1.5597e+00 +4.2906e+00 +1.2832e+00 -4.9379e+00 -4.3560e+00 +3.1123e+00 -5.0000e+00 +1.7759e+00 -1.1480e+00 -3.1428e+00 -1.7329e+00 +4.0867e+00 -1.0253e+00 +1.8729e+00 -5.9290e-01 -3.3548e+00
285 0 +7.584861757e+01 +7.424861757e+01 +7.424861757e+01 +9.7244e-01 -2.8085e-01 -2.9869e+00 +5.0000e+00 +2.5963e+00 +3.8357e+00 +5.3954e-01 -2.2953e+00 -2.5069e+00 -8.0287e-01 -4.5542e+00 +1.5408e+00 -1.5821e+00 +2.8208e+00 -3.2235e-01 -5.0000e+00 -6.5266e-01 +1.6979e+00 -5.9290e-01 -1.4125e+00
419 0 +7.239461466e+01 +7.079461466e+01 +7.079461466e+01 +1.2380e+00 +1.7821e+00 -1.0207e+00 -2.1026e+00 +1.2445e+00 +4.2342e+00 +2.7495e+00 -2.7534e+00 -4.7159e+00 -1.4188e+00 -3.0938e+00 +6.7111e-01 -4.9801e+00 +4.4988e+00 -3.2173e+00 -4.9070e-01 +9.4787e-01 +2.7262e-01 -9.2882e-01 -9.9172e-01
779 0 +5.737260007e+01 +5.577260007e+01 +5.577260007e+01 +6.1665e-01 -2.3007e+00 -1.2271e+00 -1.9639e+00 +1.8562e+00 +1.9479e+00 +1.6812e+00 -2.7534e+00 +1.1840e+00 -2.6567e+00 -3.0453e+00 +5.0000e+00 -4.9801e+00 +4.4988e+00 -3.2173e+00 -4.9070e-01 -1.7290e+00 +4.5378e+00 -9.2882e-01 -9.9172e-01
1219 0 +5.405008888e+01 +5.245008888e+01 +5.245008888e+01 +6.1665e-01 -2.6583e+00 -1.2271e+00 -1.9639e+00 +1.8562e+00 +1.9479e+00 +3.2152e+00 -9.5016e-02 +1.1840e+00 -8.4966e-01 -3.0453e+00 +5.0000e+00 -5.0000e+00 +9.7640e-01 -3.2173e+00 -4.9070e-01 -2.7867e+00 +4.2556e+00 -9.2882e-01 -9.9172e-01
1739 0 +4.417729885e+01 +4.257729885e+01 +4.257729885e+01 +6.1665e-01 +4.2595e-01 -1.2271e+00 -1.9639e+00 +1.8562e+00 +1.9479e+00 +3.2152e+00 -9.5016e-02 +1.1840e+00 -8.4966e-01 -3.4079e+00 +2.9736e+00 -5.0000e+00 +1.9566e+00 -3.2173e+00 -1.9832e+00 -3.5696e+00 +2.7161e+00 -9.2882e-01 -6.6670e-02
2331 0 +3.887302625e+01 +3.727302625e+01 +3.727302625e+01 +2.4910e+00 -1.8332e-01 -7.0591e-02 -4.1424e+00 +9.0770e-01 +4.0925e+00 +1.1708e+00 -4.6836e+00 -1.1435e+00 -9.6353e-01 -4.5885e+00 +1.1946e+00 -3.6856e+00 +7.6326e-01 -2.9085e+00 +1.7001e+00 +5.3730e-01 +2.3402e+00 +2.0936e+00 -2.8266e-01
2851 0 +2.345830426e+01 +2.185830426e+01 +2.185830426e+01 +2.4910e+00 -1.8332e-01 -7.0591e-02 -2.2785e+00 +9.0770e-01 +4.0925e+00 +3.7925e+00 -4.6836e+00 -1.1435e+00 -9.6353e-01 -4.5885e+00 +2.5260e+00 -3.6856e+00 +7.6326e-01 -2.9085e+00 -9.9095e-01 +5.3730e-01 +2.3402e+00 +2.0936e+00 -1.0199e+00
% f evaluations | g evaluations | best noise-free fitness - Fopt (-3.708400000000e+02) + sum g_i+ | measured fitness | best measured fitness or single-digit g-values | x1 | x2...
1 0 +8.064206577e+01 -2.901979342e+02 -2.901979342e+02 +8.0541e-01 +2.8041e+00 -3.9830e+00 -2.5922e-01 +1.8908e+00 +2.4781e+00 -1.2652e+00 -3.1475e+00 -1.3487e+00 -4.7752e+00 +3.6092e+00 -3.7340e+00 +1.5021e+00 -9.9108e-01 -3.5176e+00 +1.5601e+00 +2.8533e-01 +6.0126e-01 -2.7588e+00 -8.3685e-02
10 0 +7.758968283e+01 -2.932503172e+02 -2.932503172e+02 +1.8165e+00 -4.2257e-01 -2.8691e+00 +1.0822e+00 +1.0988e-01 +4.8104e+00 -1.2871e+00 -3.0748e-01 -4.0062e+00 -3.8620e+00 +1.0262e+00 -1.6734e+00 +1.9808e-01 -4.4149e+00 +2.5835e+00 -1.7950e+00 +6.6490e-01 -2.0771e+00 +1.0661e+00 +3.4947e+00
323 0 +7.571030670e+01 -2.951296933e+02 -2.951296933e+02 -4.1564e+00 -4.4757e-01 -7.1351e-01 +5.0000e+00 +1.1463e+00 -1.3215e+00 +4.9226e+00 -1.3810e+00 -4.1647e+00 -3.0245e+00 +2.7910e+00 -2.3677e+00 -4.1419e+00 -7.0411e-01 -5.0000e+00 +1.1286e+00 +2.9859e+00 +5.0000e+00 -2.5148e-02 -1.4589e+00
399 0 +7.226640061e+01 -2.985735994e+02 -2.985735994e+02 +1.8165e+00 -4.2257e-01 +6.1695e-01 +1.0822e+00 +1.0988e-01 +4.8104e+00 +2.4697e+00 -3.0748e-01 -4.0062e+00 -3.8620e+00 +2.8726e+00 +3.5689e+00 +1.9808e-01 -4.4149e+00 +4.4688e+00 -1.7950e+00 +6.6490e-01 -3.4601e+00 +1.0661e+00 +3.4947e+00
651 0 +6.505933841e+01 -3.057806616e+02 -3.057806616e+02 -7.5689e-01 +4.2708e+00 -9.8652e-01 -2.0028e-01 +1.0032e+00 -1.0243e-01 +3.5995e+00 +4.0174e-01 -9.7330e-01 -4.9647e+00 +6.4817e-01 -5.0000e+00 -3.0126e+00 +8.6171e-01 -5.0000e+00 +7.2723e-01 -2.9641e+00 +1.7238e+00 -1.1457e+00 -1.2899e+00
931 0 +6.440922372e+01 -3.064307763e+02 -3.064307763e+02 +1.6795e-01 +4.2708e+00 -9.8652e-01 -2.0028e-01 +3.3296e+00 -1.0243e-01 +3.5995e+00 +4.0174e-01 -9.7330e-01 -4.9647e+00 +1.2787e+00 -5.0000e+00 -2.7436e+00 -1.1080e+00 -5.0000e+00 +5.0000e+00 -2.9641e+00 +1.7238e+00 -1.1457e+00 -1.2899e+00
1377 0 +4.027632499e+01 -3.305636750e+02 -3.305636750e+02 +1.8763e-01 +5.0000e+00 -4.6347e+00 +1.6143e+00 +3.0889e+00 -7.4892e-02 +3.5224e+00 +1.3551e+00 -1.3684e+00 -5.0000e+00 +1.2440e+00 -3.5172e+00 +1.7503e-01 -1.4642e+00 -2.2302e+00 +4.8846e+00 -3.5020e+00 +7.3849e-01 -2.1008e+00 -1.6135e+00
1849 0 +3.695032701e+01 -3.338896730e+02 -3.338896730e+02 -7.6763e-01 +3.5641e+00 -1.7628e+00 +4.3966e-01 +1.1936e-01 +3.8033e-01 +5.0000e+00 +3.6279e+00 -1.8391e+00 -2.4988e+00 +6.9804e-01 -4.3336e+00 -1.8722e+00 +5.8641e-01 -5.0000e+00 +4.2710e+00 -5.0000e+00 +1.9285e+00 -2.5284e+00 -2.6426e+00
2019 0 +3.365616591e+01 -3.371838341e+02 -3.371838341e+02 -1.2918e+00 +1.2940e+00 -3.5394e+00 +2.0087e+00 -3.2102e-01 -6.4152e-01 +1.8434e+00 +1.3131e+00 -9.6035e-01 -4.0527e+00 -3.0625e-01 -5.0000e+00 +3.4034e-02 +8.3292e-01 -1.6948e+00 +4.5150e+00 -3.0909e+00 +1.7034e+00 -4.2938e+00 -1.3744e+00
2579 0 +2.484560287e+01 -3.459943971e+02 -3.459943971e+02 -1.2918e+00 +5.0000e+00 -3.5394e+00 +2.0087e+00 -3.2102e-01 -3.6418e-01 +2.1539e+00 +1.3131e+00 -7.1448e-01 -4.0527e+00 +2.3050e-01 -2.7290e+00 +3.4034e-02 +8.3292e-01 -1.6948e+00 +4.5150e+00 -3.0909e+00 +1.7034e+00 -4.2938e+00 -1.6552e+00
% f evaluations | g evaluations | best noise-free fitness - Fopt (-3.256000000000e+01) + sum g_i+ | measured fitness | best measured fitness or single-digit g-values | x1 | x2...
1 0 +8.558307547e+01 +5.302307547e+01 +5.302307547e+01 +2.8844e+00 +4.3843e+00 +2.4871e+00 +3.6237e+00 +1.5893e+00 -4.9515e+00 +1.6606e+00 +6.9652e-01 -1.1119e+00 +3.7707e-01 +2.9668e+00 +1.0657e+00 +3.5901e+00 -4.2451e+00 -3.1325e-01 +2.9894e+00 -2.1071e-01 -2.5469e+00 -4.3547e+00 -2.7378e+00
2 0 +8.555470974e+01 +5.299470974e+01 +5.299470974e+01 -1.9728e+00 +1.8010e+00 -2.3609e+00 +2.4532e+00 -1.7122e+00 -1.0045e+00 -3.1803e+00 -2.2210e+00 -8.6971e-01 +3.9563e+00 -3.9008e+00 -2.4317e+00 -4.9929e-01 -4.0425e+00 -4.2260e-01 -2.7419e+00 +3.0549e+00 +3.6076e+00 +2.8381e-01 -4.3094e+00
4 0 +8.182615280e+01 +4.926615280e+01 +4.926615280e+01 +2.5405e-01 +1.5026e+00 +4.7695e+00 +2.4869e+00 -4.0438e+00 +1.9607e+00 -2.8371e+00 +8.4568e-01 -2.7537e+00 -1.0253e+00 -1.3235e+00 +2.7025e+00 -3.1893e+00 +9.5636e-01 +4.0887e+00 -3.5928e+00 +5.8786e-01 +1.5131e+00 +4.5116e+00 -2.7983e+00
18 0 +8.094936179e+01 +4.838936179e+01 +4.838936179e+01 -3.3344e+00 -1.3293e+00 -1.4393e-01 -8.6584e-01 +2.3007e+00 +1.0497e+00 -4.2282e-01 -1.3721e+00 -1.0444e+00 -3.9433e+00 +1.3727e+00 -3.2470e+00 -3.5787e+00 -3.9408e+00 +1.2536e+00 -4.3339e+00 +3.1439e+00 +2.8542e+00 -4.0423e+00 -4.1040e+00
269 0 +7.443339201e+01 +4.187339201e+01 +4.187339201e+01 -9.8763e-01 -1.0123e+00 -1.2712e-01 +3.8396e+00 +1.3441e+00 +1.0329e+00 -2.2173e+00 -2.2896e+00 -5.4551e-01 -9.5383e-01 -4.6402e+00 -2.6403e+00 -2.2033e+00 +4.1133e+00 +2.3495e+00 +2.8415e+00 +2.0901e+00 +5.0000e+00 -8.4585e-02 -5.0000e+00
503 0 +5.093483224e+01 +1.837483224e+01 +1.837483224e+01 +7.8982e-01 -1.0538e+00 -1.7177e+00 +2.4532e+00 -2.5553e+00 +3.3893e+00 +8.0930e-01 -3.9278e-01 -1.6629e+00 -7.0051e-01 +2.7769e+00 +1.3781e-01 -1.3332e-01 +3.3882e+00 -4.2260e-01 +1.4212e+00 +1.3703e+00 -3.7106e+00 +2.8381e-01 -8.9892e-01
1801 0 +4.665176452e+01 +1.409176452e+01 +1.409176452e+01 +3.3809e+00 -5.0000e+00 -1.0092e+00 -1.5026e+00 +2.6059e+00 +1.9676e+00 -4.1533e+00 +2.7777e+00 -1.5401e-01 +2.9769e+00 +2.1778e+00 -4.5858e+00 -7.7613e-01 +4.9700e+00 -4.4889e+00 -2.8928e+00 +8.1167e-01 -2.8534e+00 +3.1850e+00 -1.6175e+00
1823 0 +3.717744344e+01 +4.617443443e+00 +4.617443443e+00 +7.8982e-01 -1.0538e+00 -1.7177e+00 +2.4532e+00 -2.5553e+00 -1.0095e+00 +8.0930e-01 -3.9278e-01 -1.6629e+00 -7.0051e-01 +2.7769e+00 +1.3781e-01 -1.3332e-01 +5.0000e+00 -4.2260e-01 +1.4212e+00 +1.3703e+00 -3.7106e+00 +2.8381e-01 -8.9892e-01
2313 0 +3.509489233e+01 +2.534892326e+00 +2.534892326e+00 -3.8171e-02 -5.0000e+00 -3.5690e-01 +2.2030e+00 -1.1167e+00 -1.3889e+00 -1.2125e+00 +9.2917e-01 -1.9963e+00 +1.8070e+00 +4.0345e+00 +7.6194e-02 +7.1926e-01 +3.9437e+00 -1.4191e-01 +6.9182e-01 -8.6990e-01 -4.7904e-01 -8.5968e-01 -3.6280e+00
2371 0 +3.456942349e+01 +2.009423494e+00 +2.009423494e+00 +2.7961e+00 -2.4191e+00 -1.1784e+00 +2.9985e+00 +8.2336e-01 +6.7356e-01 -2.7101e+00 +6.2328e-02 -1.2152e+00 -1.9848e+00 +4.7346e+00 +1.2032e+00 +1.4994e+00 +1.0598e+00 -5.4909e-01 +1.5994e+00 +6.6229e-01 -1.0478e+00 +3.9248e-01 -7.9629e-01
2651 0 +2.403850447e+01 -8.521495528e+00 -8.521495528e+00 +2.7961e+00 -2.4191e+00 -1.1784e+00 +2.9985e+00 +2.7220e-02 +6.7356e-01 -9.1294e-01 +9.9754e-02 -1.2152e+00 -1.9356e+00 +4.7346e+00 +1.2032e+00 +1.4994e+00 +5.0000e+00 -5.4909e-01 +1.9368e+00 +6.6229e-01 -3.8659e+00 +3.9248e-01 -1.7083e+00
3931 0 +2.037176529e+01 -1.218823471e+01 -1.218823471e+01 +2.7961e+00 -2.4191e+00 -1.2621e+00 +2.9985e+00 -3.4378e+00 +6.7356e-01 -9.1294e-01 +9.9754e-02 -1.2152e+00 +1.5881e-01 +4.7346e+00 +1.2032e+00 +1.4994e+00 +5.0000e+00 +1.0384e-01 +1.9368e+00 +6.6229e-01 -3.2334e+00 +2.1527e+00 -1.7083e+00
% f evaluations | g evaluations | best noise-free fitness - Fopt (5.154000000000e+02) + sum g_i+ | measured fitness | best measured fitness or single-digit g-values | x1 | x2...
1 0 +8.470910609e+01 +6.001091061e+02 +6.001091061e+02 +3.1533e+00 -2.0495e+00 +5.1535e-01 -2.2982e+00 -2.6450e+00 +1.3488e-01 -2.4954e+00 +1.4767e+00 +3.1196e+00 -1.0708e+00 +3.0574e+00 -4.3693e-01 +4.9999e+00 +4.5184e+00 -2.7047e-01 -4.8537e+00 -1.1173e+00 -3.5109e+00 -4.2261e+00 -3.3682e+00
4 0 +8.361610125e+01 +5.990161012e+02 +5.990161012e+02 +2.5013e+00 +1.2390e+00 -5.2706e-01 +2.0795e+00 +5.3617e-01 +2.5339e-01 +1.7325e+00 +4.5235e+00 +3.4533e-01 +1.3727e+00 +6.5902e-01 +2.6972e+00 -2.9183e+00 +2.1001e+00 -5.1739e-01 -3.4709e+00 -2.8672e+00 +4.9066e+00 -3.3852e+00 +2.0925e+00
6 0 +8.314552395e+01 +5.985455239e+02 +5.985455239e+02 +1.9353e+00 +2.1368e+00 +3.1475e+00 +3.3412e+00 +1.4120e+00 +2.7438e+00 -4.3293e+00 +4.6221e+00 -2.8782e-01 +2.6620e+00 -1.1031e+00 -3.9777e+00 +4.3177e+00 -3.8458e+00 +1.0947e+00 +2.7191e+00 +9.7846e-01 +3.2994e+00 -2.4198e+00 +1.1709e+00
7 0 +8.081837163e+01 +5.962183716e+02 +5.962183716e+02 -1.4170e+00 +9.3566e-01 +2.0473e+00 +3.0065e+00 +3.1389e+00 +1.2879e+00 +6.2852e-01 -4.0183e+00 +3.0130e+00 +2.9799e-01 +2.6722e+00 +1.3745e+00 -2.4443e-01 +2.2358e+00 +6.3970e-02 -2.6672e+00 -3.9623e+00 -4.0176e+00 -1.3028e+00 +3.5573e+00
145 0 +7.558372954e+01 +5.909837295e+02 +5.909837295e+02 +3.1312e+00 +3.8955e+00 +1.7521e+00 +3.6847e+00 -8.7024e-01 -1.9588e+00 -3.2130e+00 +4.2692e+00 -2.9494e-02 -3.2336e+00 +1.0859e-01 -2.6171e-01 -5.0000e+00 +3.0645e+00 +1.3682e+00 -2.8274e+00 +3.3525e+00 -2.5777e+00 -3.0342e+00 -4.0293e-01
221 0 +7.233148034e+01 +5.877314803e+02 +5.877314803e+02 +9.9897e-02 +1.0521e+00 +4.3476e+00 +8.1221e-01 +2.4910e-02 +1.8264e+00 -3.5130e+00 +1.9375e+00 +3.6580e-01 +8.6718e-01 +2.5492e+00 -4.3693e-01 -2.3849e+00 +9.9446e-01 +3.6230e-01 -1.3517e+00 -2.1428e+00 -3.6821e-02 -3.4600e+00 +3.7703e+00
265 0 +6.494243971e+01 +5.803424397e+02 +5.803424397e+02 -2.3161e+00 +3.8955e+00 +1.7521e+00 +1.0034e+00 -8.7024e-01 +3.4344e+00 -3.2130e+00 +9.3094e-01 -2.9494e-02 -3.2336e+00 +1.2127e+00 +3.2861e+00 -5.0000e+00 +3.0645e+00 +1.3682e+00 -2.8274e+00 +3.3525e+00 -2.5777e+00 -3.0342e+00 +1.3149e+00
401 0 +5.708549493e+01 +5.724854949e+02 +5.724854949e+02 -2.3164e-01 +3.7637e+00 +8.2888e-01 +3.9305e-01 -1.4068e+00 +1.7575e+00 -2.8061e+00 -2.4693e-01 +3.3734e-01 -1.8679e+00 -1.2596e-01 +1.7908e+00 -5.0000e+00 +3.3167e+00 +2.0960e+00 -1.3232e+00 +4.1634e+00 -1.6657e+00 -1.3654e+00 +1.0467e+00
593 0 +5.070725308e+01 +5.661072531e+02 +5.661072531e+02 -2.2096e+00 +2.6620e+00 +1.0199e+00 +3.4129e-01 +3.1389e+00 +1.3035e+00 -2.8958e+00 +5.1954e-01 -2.4063e+00 +2.9799e-01 +2.0020e+00 +3.0843e+00 -3.7148e+00 +3.5292e+00 +1.7705e+00 -9.6465e-01 +5.0000e+00 -2.2246e+00 -5.0000e+00 +1.8857e+00
681 0 +3.255430123e+01 +5.479543012e+02 +5.479543012e+02 -2.3164e-01 +3.7637e+00 +8.2888e-01 +1.0900e+00 -1.4068e+00 -6.4148e-02 -3.5577e+00 +4.0949e-01 -2.7397e+00 -1.8679e+00 +1.3519e+00 +1.7908e+00 -4.3574e+00 +3.6572e+00 +2.0960e+00 -1.3232e+00 +4.1634e+00 -1.6657e+00 -1.3654e+00 +1.0467e+00
761 0 +2.198512164e+01 +5.373851216e+02 +5.373851216e+02 -2.3164e-01 +3.7637e+00 +8.2888e-01 +1.0900e+00 -1.4068e+00 -6.4148e-02 -3.5577e+00 +1.0435e+00 -2.7397e+00 -1.8679e+00 +1.3519e+00 +3.4819e+00 -4.3574e+00 +3.6572e+00 +2.0960e+00 -1.3232e+00 +2.3865e+00 -1.6657e+00 -2.6125e+00 +1.0467e+00
1735 0 +1.735372748e+01 +5.327537275e+02 +5.327537275e+02 -1.0335e+00 +4.8424e+00 -4.2023e-01 -7.7168e-01 -1.0657e+00 +6.3256e-01 -4.2539e+00 +8.2603e-01 -1.5846e+00 +4.9097e-01 +1.4214e+00 +1.2941e+00 -3.8492e+00 +4.7266e+00 +9.7238e-01 -1.4156e-01 +2.0725e+00 -8.2250e-01 -3.9375e+00 +1.8794e+00
1775 0 +1.563756279e+01 +5.310375628e+02 +5.310375628e+02 +3.9866e-01 +4.8424e+00 -4.2023e-01 -2.0980e+00 -1.0657e+00 -1.1935e-01 -4.2539e+00 +1.0822e+00 -1.5846e+00 -2.6359e+00 +2.0441e+00 +1.2941e+00 -3.8492e+00 +3.3547e+00 +2.2294e+00 -1.4156e-01 +2.0991e+00 -8.2250e-01 -3.9375e+00 +1.8794e+00
2367 0 +1.231085041e+01 +5.277108504e+02 +5.277108504e+02 -1.1080e+00 +5.0000e+00 -1.3440e-01 -4.4510e-01 -3.2540e-01 -1.3860e-01 -4.5403e+00 +5.6286e-01 -1.2015e+00 -1.5451e+00 +1.2619e+00 +5.4178e-01 -3.9065e+00 +4.4533e+00 +2.7015e+00 -5.9076e-01 +1.6657e+00 -5.6607e-01 -3.5815e+00 +2.3785e+00
2375 0 +1.029414449e+01 +5.256941445e+02 +5.256941445e+02 +3.9866e-01 +5.0000e+00 +5.0710e-01 -1.0377e+00 -1.2405e-01 -1.1935e-01 -4.2539e+00 +9.3940e-02 -3.3960e+00 -3.0994e-01 +2.0441e+00 +1.2941e+00 -3.7073e+00 +5.0000e+00 +1.8668e+00 -3.7129e-01 +2.0991e+00 -8.2250e-01 -3.9375e+00 +1.8794e+00
2689 0 +1.005861707e+01 +5.254586171e+02 +5.254586171e+02 -2.3499e-02 +4.9440e+00 +6.5030e-01 -8.5878e-01 -6.8244e-01 +2.6100e-01 -3.1218e+00 +8.0836e-01 -2.8713e+00 -8.2928e-01 +1.1626e+00 +6.2560e-01 -3.8458e+00 +5.0000e+00 +2.4477e+00 -1.0307e+00 +2.0177e+00 -1.7682e+00 -5.0000e+00 +2.0347e+00
2695 0 +9.001318773e+00 +5.244013188e+02 +5.244013188e+02 +3.9866e-01 +5.0000e+00 +8.3993e-01 -1.0377e+00 +9.0622e-01 -1.1935e-01 -4.2539e+00 +7.5236e-01 -3.3960e+00 -3.0994e-01 +1.9018e+00 +1.2941e+00 -3.7073e+00 +4.8806e+00 +1.8668e+00 -3.7129e-01 +2.0991e+00 -8.2250e-01 -5.0000e+00 +2.1238e+00
3063 0 +7.710788809e+00 +5.231107888e+02 +5.231107888e+02 +1.2442e-01 +4.0466e+00 +2.0130e-01 +3.7753e-01 +1.0782e+00 +3.1115e-01 -4.4948e+00 +7.9370e-01 -2.7920e+00 -1.3202e+00 +2.6858e+00 +1.8168e+00 -3.2321e+00 +3.3749e+00 +1.6566e+00 -7.3778e-01 +1.5772e+00 -1.8591e+00 -5.0000e+00 +1.8937e+00
3141 0 +6.129583252e+00 +5.215295833e+02 +5.215295833e+02 -7.7404e-01 +5.0000e+00 -4.9034e-01 -6.7183e-01 +1.0122e+00 +4.2312e-01 -3.8715e+00 +8.6033e-01 -2.8712e+00 -3.0211e-01 +1.1422e+00 +1.8030e+00 -3.0969e+00 +4.0017e+00 +1.5039e+00 -1.0560e+00 +2.0689e+00 -1.2449e+00 -5.0000e+00 +1.9524e+00
3799 0 +3.945347094e+00 +5.193453471e+02 +5.193453471e+02 -5.2863e-01 +4.1693e+00 +4.9094e-02 -1.0104e+00 +6.0815e-01 -1.9668e-02 -3.4595e+00 +8.0958e-01 -3.1513e+00 -1.1321e+00 +1.8489e+00 +1.3416e+00 -3.1435e+00 +3.7527e+00 +2.3296e+00 -3.6233e-01 +1.0041e+00 -1.8281e+00 -3.9040e+00 +1.5995e+00
% f evaluations | g evaluations | best noise-free fitness - Fopt (-1.000000000000e+03) + sum g_i+ | measured fitness | best measured fitness or single-digit g-values | x1 | x2...
1 0 +8.369524710e+01 -9.163047529e+02 -9.163047529e+02 +4.9113e+00 +1.6630e+00 +1.1640e+00 -2.6624e+00 +1.9289e+00 -1.3647e+00 -4.5539e+00 -2.4339e+00 +4.5487e+00 +9.7166e-01 -2.3227e+00 -4.6250e+00 +1.5099e-01 +3.9201e+00 +3.1061e+00 +2.3865e+00 -3.5820e+00 -2.8510e+00 +9.7715e-01 +2.1270e+00
10 0 +8.280249935e+01 -9.171975006e+02 -9.171975006e+02 -2.9036e+00 +2.4991e+00 -7.5981e-01 -4.6843e-01 +4.5899e+00 -4.1870e+00 +3.6664e+00 +8.2963e-01 +1.5733e+00 +9.3406e-01 -8.2227e-02 +4.0220e+00 +7.3598e-01 +4.1124e+00 +7.3452e-01 -4.7160e+00 +8.2102e-01 -1.8470e+00 -4.0945e+00 -4.3511e+00
29 0 +8.011848743e+01 -9.198815126e+02 -9.198815126e+02 -2.9439e+00 +3.3527e-01 -6.1845e-01 -1.3017e+00 +3.1185e+00 +4.6733e+00 +2.0595e+00 +4.0885e+00 +2.8734e+00 +3.4305e+00 -4.9677e-01 +4.0792e+00 +4.9806e+00 +2.4043e+00 +1.3320e+00 +3.2030e-01 -5.0000e+00 -5.0000e+00 -2.6289e+00 +6.1696e-01
63 0 +7.834815923e+01 -9.216518408e+02 -9.216518408e+02 -5.4548e-01 -1.8783e+00 -3.6234e-01 +4.7255e+00 +1.5542e+00 +3.3789e+00 +3.1031e+00 +1.5338e+00 -1.7840e+00 -2.3602e+00 +1.2799e+00 -2.1123e+00 -2.9495e+00 -3.9771e+00 +3.4268e+00 -1.7769e+00 +3.5955e+00 -1.8267e+00 -2.6576e+00 -1.1257e-01
141 0 +7.529123100e+01 -9.247087690e+02 -9.247087690e+02 +3.6421e-01 +2.9773e+00 +1.1640e+00 +2.2390e+00 +8.5978e-01 -3.6279e+00 -3.6225e+00 -7.7470e-01 +2.9657e+00 +9.7166e-01 -2.3227e+00 -4.6250e+00 +1.5099e-01 +3.9201e+00 +2.4144e+00 +8.0277e-01 +4.8953e+00 -5.0000e+00 -4.8716e+00 -3.8437e+00
421 0 +7.354516126e+01 -9.264548387e+02 -9.264548387e+02 -3.6120e+00 -6.0857e-01 +1.1640e+00 +2.2390e+00 +4.1081e+00 -3.6279e+00 -3.6225e+00 -2.4651e+00 +2.9657e+00 +9.7166e-01 -1.4110e+00 -4.6250e+00 -1.2882e+00 +3.9201e+00 +2.4144e+00 +8.0277e-01 +4.8953e+00 -1.5467e+00 -3.8038e-01 -3.8437e+00
541 0 +7.080339841e+01 -9.291966016e+02 -9.291966016e+02 -3.6120e+00 +2.1527e+00 -6.6054e-01 +1.4277e+00 +4.5801e+00 -3.6279e+00 -3.6225e+00 +4.9440e-02 +1.1813e+00 -2.4495e-01 +1.3096e+00 -4.6250e+00 +5.0309e-01 +3.9201e+00 +2.4144e+00 +8.0277e-01 -5.0000e+00 -1.5467e+00 -3.8038e-01 -3.8437e+00
1067 0 +7.041302714e+01 -9.295869729e+02 -9.295869729e+02 +4.9956e+00 -2.8551e+00 -1.8721e-02 -1.1760e-01 +1.0228e+00 -1.8828e+00 +1.9205e+00 +3.2211e+00 +1.5376e+00 -3.3065e-01 +3.4314e-01 +3.6086e+00 +2.5472e+00 +1.1547e-01 -6.3822e-01 +2.1041e+00 +5.0000e+00 +1.5917e-01 -2.6211e-01 -6.8069e-01
1077 0 +6.481026425e+01 -9.351897358e+02 -9.351897358e+02 -4.7831e+00 +3.1261e+00 -2.2062e+00 -4.7885e-02 +2.8069e+00 +5.0000e+00 +9.7881e-01 -9.7818e-01 -1.5438e+00 -6.3462e-01 -5.0000e+00 +4.3035e+00 -2.2917e+00 -5.0000e+00 -1.8072e+00 -2.2894e+00 -1.6107e+00 -6.2909e-01 +3.9380e+00 +4.3242e+00
1739 0 +6.125862183e+01 -9.387413782e+02 -9.387413782e+02 +4.5128e+00 -5.2832e-02 -1.4143e+00 +1.7236e+00 -5.5140e-01 -2.5645e+00 +3.1596e+00 -8.4917e-01 -2.2210e-01 +8.3590e-01 +3.2439e-01 +2.7411e+00 +2.4903e+00 +2.3505e+00 +1.8483e+00 +3.4503e-01 +1.4065e+00 +1.2373e+00 +1.3093e+00 +2.0505e+00
1997 0 +5.571825250e+01 -9.442817475e+02 -9.442817475e+02 -2.2244e+00 +2.8770e+00 -2.2062e+00 +1.7831e+00 +1.5440e+00 +5.0000e+00 +9.7881e-01 -1.7443e+00 -1.5438e+00 +1.2548e-01 -3.1019e+00 +5.0000e+00 -2.2917e+00 -5.0000e+00 -1.7603e+00 +2.7405e+00 -1.6107e+00 -6.2909e-01 +3.4687e+00 +4.3242e+00
2277 0 +4.762957709e+01 -9.523704229e+02 -9.523704229e+02 -5.0000e+00 +3.3992e+00 -2.2062e+00 +1.7831e+00 +1.5440e+00 +5.0000e+00 +9.7881e-01 -1.7443e+00 -1.5438e+00 +1.2548e-01 -3.1019e+00 +5.0000e+00 -2.3855e+00 -5.0000e+00 -1.7603e+00 -9.6601e-01 -1.6107e+00 -6.2909e-01 +2.6823e+00 +4.3242e+00
3009 0 +4.560070586e+01 -9.543992941e+02 -9.543992941e+02 -2.6393e+00 +2.3051e+00 -3.5967e+00 +1.7298e+00 +1.8805e+00 +4.7178e+00 +1.2871e+00 -1.8999e+00 +6.0149e-01 +2.5221e-01 -5.0727e-01 +3.8059e+00 -2.2226e+00 -5.0000e+00 -1.0230e+00 +1.3541e+00 -2.7198e+00 +1.6296e+00 +2.9606e-01 +4.8377e+00
3249 0 +4.255059962e+01 -9.574494004e+02 -9.574494004e+02 -5.0000e+00 +2.3051e+00 -3.5967e+00 +1.7298e+00 +1.8805e+00 +4.7178e+00 +5.0000e+00 -1.8999e+00 +6.0149e-01 -8.6726e-01 -5.0727e-01 +1.4873e+00 -2.2226e+00 -5.0000e+00 -1.0230e+00 +1.3541e+00 -2.7198e+00 +2.0497e+00 +2.0757e+00 +4.0928e+00
3289 0 +4.161530077e+01 -9.583846992e+02 -9.583846992e+02 -3.0881e+00 +5.0000e+00 -3.5967e+00 +1.7298e+00 +1.8805e+00 +4.7178e+00 +5.0000e+00 -1.8999e+00 +6.0149e-01 -2.3637e-01 -5.0727e-01 +1.4873e+00 -2.2226e+00 -5.0000e+00 -1.8487e+00 +1.3541e+00 -4.7511e+00 +2.0497e+00 +2.0757e+00 +4.0928e+00
3705 0 +4.036427876e+01 -9.596357212e+02 -9.596357212e+02 -5.0000e+00 +5.0000e+00 -5.0000e+00 +4.4961e-01 +2.6032e+00 +4.8573e+00 +2.3127e+00 -2.7138e+00 -1.5128e+00 -1.0766e+00 -3.4804e+00 +2.5814e+00 -3.3237e+00 -5.0000e+00 -1.9285e+00 +1.9799e+00 -5.0000e+00 +4.9168e-01 +1.1564e+00 +2.8999e+00
% f evaluations | g evaluations | best noise-free fitness - Fopt (3.070000000000e+01) + sum g_i+ | measured fitness | best measured fitness or single-digit g-values | x1 | x2...
1 0 +8.566220769e+01 +1.163622077e+02 +1.163622077e+02 +2.2842e-01 -4.8218e+00 -4.9779e+00 +4.5353e+00 -1.0767e+00 +3.7781e+00 +8.6245e-01 -9.4393e-02 -2.0122e+00 -2.5680e+00 +2.8230e+00 -1.5995e+00 -5.5978e-01 +5.6074e-01 +4.4926e+00 -4.3129e+00 -2.4696e-01 -4.4094e+00 +1.1411e+00 -1.0929e+00
2 0 +8.273729105e+01 +1.134372911e+02 +1.134372911e+02 -4.3766e+00 -8.8098e-01 -3.3108e+00 -1.7668e+00 +1.1727e-01 -4.2348e+00 -1.7220e+00 +2.9935e+00 +2.4444e+00 -4.4514e+00 +2.8973e+00 -1.4039e+00 -3.1130e+00 -3.5755e+00 +3.0331e+00 +3.4151e+00 -5.8587e-01 +1.8639e+00 -8.3737e-01 +2.6894e+00
10 0 +7.973828271e+01 +1.104382827e+02 +1.104382827e+02 -1.9112e+00 +7.4085e-01 -1.2352e+00 +1.9885e+00 +2.3560e+00 -1.0434e+00 -2.3214e+00 -5.7950e-01 +3.5767e-02 -1.1186e+00 -3.1027e-01 +1.3140e+00 -2.5480e+00 +1.2160e+00 -3.8742e+00 -4.0070e+00 -2.7903e+00 +2.1597e+00 +4.9295e+00 -4.4881e-01
31 0 +7.877167097e+01 +1.094716710e+02 +1.094716710e+02 -1.8592e+00 +1.7019e+00 +1.4830e+00 -4.5453e+00 -4.3276e+00 +3.7195e+00 +1.3975e+00 -3.6731e+00 -3.9827e+00 -3.7097e+00 -3.2861e+00 -4.1876e+00 +3.6066e+00 +7.1691e-01 -3.7314e+00 +3.3945e+00 +8.7641e-01 -3.2500e+00 +4.6330e+00 -1.9360e+00
195 0 +7.696840623e+01 +1.076684062e+02 +1.076684062e+02 +4.9189e+00 -8.5737e-01 +2.9141e+00 +3.3881e-03 -5.7151e-01 +2.4418e+00 +2.1724e+00 -5.2945e-01 +4.8221e+00 +5.0000e+00 +6.5598e-01 -2.4179e+00 -7.7370e-01 +1.8869e-01 -1.3801e-01 +2.3995e+00 -6.0058e-02 -7.4819e-01 -1.1161e+00 -5.0000e+00
245 0 +7.274961583e+01 +1.034496158e+02 +1.034496158e+02 -2.9289e+00 +7.8710e-01 -1.1164e+00 -5.0000e+00 -1.3998e+00 +3.8961e+00 +2.5161e+00 +1.8349e+00 -4.0674e+00 -5.0000e+00 -4.1905e+00 -2.9337e+00 -1.3103e+00 -1.6182e+00 +3.8049e+00 +6.9380e-01 -7.1221e-01 +4.0656e+00 -3.4177e+00 +2.7829e-01
347 0 +7.240249888e+01 +1.031024989e+02 +1.031024989e+02 -3.4768e+00 -1.8463e-01 -3.1088e+00 -4.3965e+00 -8.1512e-01 +2.7937e+00 -8.9957e-01 +3.5412e+00 -3.1051e+00 -5.0000e+00 -3.8987e+00 -2.5479e+00 -2.0406e+00 -3.2684e+00 +4.8403e+00 -5.0000e+00 -7.1408e-01 +7.8763e-03 +8.5362e-01 -2.0243e-01
583 0 +6.853476634e+01 +9.923476634e+01 +9.923476634e+01 -4.1621e+00 +1.7460e+00 -3.3108e+00 -1.7668e+00 +1.1727e-01 +3.1735e-01 -1.5785e+00 +2.0248e+00 -2.2986e+00 -3.0578e+00 -5.0000e+00 -1.6309e+00 -5.0000e+00 -3.5755e+00 +1.3171e+00 -6.4742e-01 -5.8587e-01 +1.8639e+00 +7.0394e-01 +2.6894e+00
1023 0 +6.624274377e+01 +9.694274377e+01 +9.694274377e+01 -4.1621e+00 -5.1343e-01 -4.7795e-01 -2.8063e+00 +1.1727e-01 +3.1735e-01 -1.5785e+00 +3.6627e+00 -2.2986e+00 -3.0578e+00 -5.0000e+00 -1.6309e+00 -5.0000e+00 -3.5755e+00 +1.3171e+00 -6.4742e-01 -5.8587e-01 +1.8639e+00 +7.0394e-01 +2.6894e+00
1383 0 +6.526007796e+01 +9.596007796e+01 +9.596007796e+01 -4.1621e+00 -5.1343e-01 -4.7795e-01 -2.8063e+00 +1.1727e-01 -2.5800e+00 -1.8349e+00 +3.6627e+00 -3.6232e+00 -3.0578e+00 -2.7533e+00 -1.6309e+00 -5.0000e+00 -4.0885e+00 +2.5003e+00 -6.2661e-01 -5.8587e-01 +1.8639e+00 +1.7109e+00 +2.6894e+00
1645 0 +5.887259730e+01 +8.957259730e+01 +8.957259730e+01 -4.1722e+00 +4.6616e-01 -1.1164e+00 -5.0000e+00 -1.3998e+00 -2.4016e-01 +1.3900e+00 +1.8349e+00 -4.0674e+00 -3.9965e+00 -4.1905e+00 -5.3173e-01 -1.3103e+00 -1.0175e+00 +5.0000e+00 -5.6806e-01 -3.3615e+00 +1.1508e+00 -3.4177e+00 +2.7829e-01
1685 0 +4.331705773e+01 +7.401705773e+01 +7.401705773e+01 -4.1722e+00 +1.6984e+00 -1.1164e+00 -5.0000e+00 -4.9927e-01 +2.1309e+00 -2.5942e+00 +1.8349e+00 -1.1725e+00 -3.9965e+00 -4.1905e+00 -5.3173e-01 -1.3103e+00 -1.0175e+00 +5.0000e+00 -5.6806e-01 -3.3615e+00 +1.1508e+00 -3.4177e+00 +2.9985e+00
1765 0 +4.129684913e+01 +7.199684913e+01 +7.199684913e+01 -4.8926e+00 +1.6984e+00 -1.1164e+00 -2.9127e+00 +6.9493e-01 +9.1718e-01 -2.5942e+00 +2.5059e+00 -1.3024e+00 -3.9965e+00 -4.1905e+00 -5.3173e-01 -1.3103e+00 -1.0175e+00 +5.0000e+00 -2.7816e+00 -3.3615e+00 +1.1508e+00 -3.4177e+00 +2.9985e+00
2023 0 +2.524786913e+01 +5.594786913e+01 +5.594786913e+01 -5.0000e+00 -5.1343e-01 -2.0424e+00 -3.4109e+00 +1.1727e-01 +2.9318e-02 -1.8349e+00 +2.3442e+00 -3.6232e+00 -3.8243e+00 -2.7533e+00 -2.2869e+00 -4.1655e-01 -2.1062e+00 +2.5003e+00 -7.6388e-01 -2.9138e+00 +1.8639e+00 -5.3849e-01 +2.6894e+00
2823 0 +2.074781951e+01 +5.144781951e+01 +5.144781951e+01 -5.0000e+00 -5.1343e-01 -1.0989e+00 -3.4109e+00 -1.8087e+00 +2.9318e-02 -1.8349e+00 +2.5687e+00 -3.6232e+00 -3.8243e+00 -2.7533e+00 -2.0717e+00 -4.1655e-01 -2.1062e+00 +2.7638e+00 -6.8174e-01 -2.9138e+00 +4.6950e+00 -5.3849e-01 +2.6894e+00
3129 0 +1.550924607e+01 +4.620924607e+01 +4.620924607e+01 -4.6982e+00 +8.7686e-01 -1.3359e+00 -4.7324e+00 -1.6696e+00 +4.7430e-02 -1.8639e+00 +3.1331e+00 -1.7117e+00 -4.7822e+00 -2.7413e+00 +2.7741e-01 -2.4587e+00 -1.6747e+00 +2.7638e+00 -2.0075e+00 -1.5780e+00 +3.7864e+00 -3.1427e+00 +5.0000e+00
3885 0 +1.312495329e+01 +4.382495329e+01 +4.382495329e+01 -4.8926e+00 -9.5725e-02 -1.1154e+00 -5.0000e+00 -2.6870e+00 -3.9806e-01 -2.1237e+00 +2.7362e+00 -3.5832e+00 -3.9965e+00 -2.2126e+00 -5.3173e-01 -1.8031e-01 -2.6040e+00 +4.0557e+00 -2.4711e+00 -3.1493e+00 +5.0000e+00 -1.6361e+00 +4.1541e+00
% f evaluations | g evaluations | best noise-free fitness - Fopt (2.284000000000e+01) + sum g_i+ | measured fitness | best measured fitness or single-digit g-values | x1 | x2...
1 0 +8.603456754e+01 +1.088745675e+02 +1.088745675e+02 -3.1139e+00 -5.2488e-01 +1.7371e+00 -1.3679e+00 +4.8871e+00 -2.1937e+00 +1.3232e+00 -1.9220e+00 -3.8130e+00 +8.6306e-01 +3.8491e-02 +3.5920e+00 +2.1958e+00 +3.3106e+00 -4.1900e+00 +1.0997e+00 -4.9696e+00 -1.8415e+00 -4.6760e+00 -2.3889e+00
2 0 +8.194010009e+01 +1.047801001e+02 +1.047801001e+02 +2.2455e+00 +4.8211e+00 -4.1339e-01 -4.4936e+00 +2.2395e+00 +2.4025e+00 +2.9078e-01 -1.4022e-01 -5.1221e-01 +3.0045e+00 -6.2083e-01 -4.3899e-01 +2.8932e+00 -1.4727e+00 -3.1561e+00 -1.2020e-01 +1.1313e+00 -4.3325e+00 -4.1556e+00 -3.0625e+00
63 0 +7.254240439e+01 +9.538240439e+01 +9.538240439e+01 +2.2455e+00 +4.8211e+00 -4.1339e-01 -2.4231e+00 +2.2395e+00 -3.9248e+00 +2.9078e-01 -1.4022e-01 -5.1221e-01 +3.0045e+00 -6.2083e-01 -4.3899e-01 +4.0092e+00 -3.8152e-01 -1.6044e+00 -1.2020e-01 +1.1313e+00 -4.3325e+00 -4.1556e+00 -4.1126e+00
343 0 +6.990999626e+01 +9.274999626e+01 +9.274999626e+01 +2.2455e+00 +2.3341e+00 -2.6259e+00 -2.4231e+00 +2.2395e+00 -3.9248e+00 +5.9991e-01 -1.4022e-01 -2.9707e-01 +3.0045e+00 -1.2561e+00 +1.3416e+00 +4.0092e+00 -3.8152e-01 -2.0319e+00 -1.2020e-01 +1.1313e+00 -2.1441e+00 -2.6738e+00 -3.7176e-01
373 0 +5.438993120e+01 +7.722993120e+01 +7.722993120e+01 +2.5194e+00 +4.7816e+00 -2.3054e+00 -7.2351e-01 -4.6857e+00 +4.2475e+00 -2.9271e+00 -4.2286e+00 +9.4003e-01 +1.9561e+00 -1.4942e-01 -2.7775e+00 -4.8982e-01 -3.0738e+00 +8.0262e-01 -2.5405e+00 +1.5487e+00 +3.7285e+00 -2.3865e-01 +2.9765e+00
1419 0 +4.605415376e+01 +6.889415376e+01 +6.889415376e+01 +1.1283e+00 -8.2855e-01 -1.6621e+00 -2.9003e-01 -5.0069e-01 -4.5434e+00 -2.7575e+00 -2.2175e+00 -3.7035e-01 +4.1906e+00 +2.1490e+00 -1.8701e-01 +3.5477e+00 +8.3506e-01 +1.6047e+00 -1.6711e+00 +3.5010e+00 -4.9983e-02 -3.6069e+00 -5.0000e+00
1619 0 +4.531153071e+01 +6.815153071e+01 +6.815153071e+01 +3.0215e+00 -8.2855e-01 -1.6621e+00 -2.9003e-01 +7.0126e-01 -5.0000e+00 -2.7575e+00 -2.7721e+00 -3.7035e-01 +4.8911e+00 +2.5959e+00 -1.8701e-01 +3.5477e+00 +3.1642e+00 +1.6047e+00 -1.6711e+00 +3.5010e+00 -4.9983e-02 -3.6069e+00 -5.0000e+00
2173 0 +3.730927853e+01 +6.014927853e+01 +6.014927853e+01 +4.4566e+00 +4.9794e+00 -2.3054e+00 -1.6474e+00 -9.4065e-01 +4.2475e+00 -2.9271e+00 -4.3707e+00 +9.4150e-01 +1.9561e+00 -1.4942e-01 -2.4931e+00 -4.8982e-01 -3.0738e+00 +3.1892e+00 -3.1831e+00 +1.5487e+00 +5.0000e+00 -2.3865e-01 +2.9765e+00
3901 0 +3.601439818e+01 +5.885439818e+01 +5.885439818e+01 +2.2044e+00 +6.6361e-01 +2.9977e-01 -3.2350e+00 +4.4881e-01 -5.0000e+00 -3.1063e+00 -2.9022e-02 -2.0288e-01 +2.6313e+00 -7.9972e-02 -6.7278e-01 +5.0000e+00 +2.8339e+00 +3.8292e-01 -2.5057e+00 +5.0000e+00 -1.5806e+00 -2.4563e+00 -5.0000e+00
% f evaluations | g evaluations | best noise-free fitness - Fopt (2.473000000000e+01) + sum g_i+ | measured fitness | best measured fitness or single-digit g-values | x1 | x2...
1 0 +8.609469455e+01 +1.108246945e+02 +1.108246945e+02 +4.5140e+00 +2.7992e+00 +8.0511e-01 -2.8717e-01 -2.5968e+00 -3.4282e-01 +2.0589e-02 -4.8072e+00 -3.9506e+00 +2.0424e+00 -3.3823e+00 +2.1913e+00 -4.0918e+00 +3.3755e+00 +5.8556e-02 -9.4861e-01 +1.9294e+00 +2.2850e+00 -1.2017e+00 -2.8029e+00
2 0 +8.480030640e+01 +1.095303064e+02 +1.095303064e+02 +1.1682e+00 -1.0671e+00 -3.0757e-01 +3.2252e+00 +5.9418e-01 -3.3731e+00 -1.2324e+00 +2.8449e+00 +1.7168e+00 -3.3845e+00 -9.5984e-01 -4.9097e+00 -1.9048e+00 +2.2384e-02 -1.6145e+00 +2.5628e+00 -4.4807e+00 +2.4020e+00 -3.0361e+00 -1.5206e+00
6 0 +8.293894135e+01 +1.076689413e+02 +1.076689413e+02 +3.9285e+00 +2.6275e-01 -2.7405e+00 +1.9163e+00 -3.4698e+00 -4.7265e+00 +2.2182e-01 +2.8986e+00 +1.4748e+00 +2.3871e+00 -1.0987e+00 -6.6271e-01 -9.2766e-01 +7.4445e-01 -1.6127e+00 +1.6468e+00 +7.5933e-02 -2.3666e-01 -4.6461e+00 -3.2932e+00
9 0 +7.965039484e+01 +1.043803948e+02 +1.043803948e+02 +7.0547e-01 +2.7471e+00 -2.8889e+00 -1.9929e+00 -2.7660e+00 +3.5252e+00 +4.0909e+00 +1.7366e+00 -2.8459e+00 +2.9866e+00 -7.1502e-01 +2.0458e+00 +2.5544e-01 +8.5586e-01 +4.6852e+00 -3.5540e+00 +4.0458e+00 -3.9894e+00 +4.7148e+00 -3.8882e+00
73 0 +7.767180961e+01 +1.024018096e+02 +1.024018096e+02 -3.6237e+00 +9.7159e-01 -1.1726e+00 -2.5890e+00 +4.9556e+00 -3.7595e+00 -4.0834e+00 +3.6386e+00 -1.4523e+00 +4.0223e+00 -8.8334e-01 -2.9674e+00 -5.2796e-02 -1.5226e+00 +1.0625e+00 -9.5429e-02 -4.7286e+00 +3.2588e+00 -2.6235e+00 -4.2148e+00
145 0 +7.757172949e+01 +1.023017295e+02 +1.023017295e+02 -2.8308e-01 -4.2877e+00 -4.4399e+00 -2.7549e+00 -5.2440e-01 -5.0000e+00 +3.6339e+00 +4.6476e+00 -2.2709e+00 -4.3203e-01 +1.6643e+00 +1.4372e+00 +2.1098e+00 +3.0018e+00 +3.7349e+00 -5.9802e-01 +4.1026e-01 -5.0000e+00 -2.5301e-01 -4.1930e+00
317 0 +7.582924454e+01 +1.005592445e+02 +1.005592445e+02 +1.0430e+00 +2.7471e+00 -2.8889e+00 +3.5571e-01 -2.7660e+00 +3.5252e+00 +4.0909e+00 +1.7366e+00 -2.4606e+00 +2.9866e+00 +1.7387e+00 +2.0458e+00 +1.7441e+00 +4.8615e+00 +5.2597e-01 -3.5540e+00 -2.1804e-01 -3.9894e+00 -5.0000e+00 -1.7203e+00
639 0 +7.349218629e+01 +9.822218629e+01 +9.822218629e+01 +1.7903e+00 +6.5531e-01 -5.0000e+00 +4.8149e-01 +5.0000e+00 -5.0000e+00 +9.9517e-01 -3.0537e+00 -3.0445e-02 +2.8337e+00 +3.2572e+00 +8.1230e-01 -4.2609e+00 -5.0000e+00 +1.9831e+00 -1.1205e+00 +9.3401e-01 -7.9093e-01 +5.0000e+00 -2.3606e+00
719 0 +7.000004674e+01 +9.473004674e+01 +9.473004674e+01 +1.7903e+00 +6.5531e-01 -5.0000e+00 -2.1013e+00 +1.2180e+00 -5.0000e+00 +1.1914e+00 -3.0537e+00 -3.0445e-02 +2.8337e+00 +3.2572e+00 +1.1729e+00 -5.0000e+00 -5.0000e+00 +1.9831e+00 -1.1205e+00 -1.6218e+00 -7.9093e-01 +5.0000e+00 -2.3606e+00
1329 0 +6.878349820e+01 +9.351349820e+01 +9.351349820e+01 -1.8946e+00 -5.0000e+00 -4.5733e+00 -6.3196e-01 -2.5678e+00 -5.0000e+00 +1.1223e+00 +1.3407e+00 +5.8799e-01 -1.4836e+00 +1.7080e+00 +2.6057e+00 +1.8229e+00 +4.0671e+00 +4.0239e+00 -9.5198e-02 -2.1283e+00 -2.6418e+00 +2.0501e+00 -1.0607e+00
1639 0 +6.624923999e+01 +9.097923999e+01 +9.097923999e+01 +1.7903e+00 +6.5531e-01 -5.0000e+00 -2.1013e+00 -1.0779e-01 +2.6510e+00 +1.1914e+00 -3.0537e+00 -7.9344e-01 +2.8337e+00 +3.2572e+00 +1.1729e+00 -3.1587e+00 -5.0000e+00 +1.7013e+00 -1.1205e+00 -3.7872e-01 -7.9093e-01 +5.0000e+00 -2.3606e+00
1995 0 +6.389120147e+01 +8.862120147e+01 +8.862120147e+01 +1.0100e+00 +2.7167e-01 +4.2951e+00 -3.1807e+00 +3.0845e+00 -5.0000e+00 +5.7547e-01 +1.8351e+00 +3.4132e+00 -1.5087e+00 -7.9137e-01 -2.4099e+00 -1.6868e+00 +1.4886e+00 +1.8553e+00 +1.2473e-02 -3.7978e+00 -1.4158e+00 -1.6302e+00 +2.0344e+00
2399 0 +5.189452097e+01 +7.662452097e+01 +7.662452097e+01 +4.8692e+00 +6.5531e-01 -5.0000e+00 -2.1013e+00 -1.0779e-01 +7.2556e-01 +1.1914e+00 -3.0537e+00 -6.8981e-01 +2.8337e+00 +3.2572e+00 +1.1729e+00 -4.7650e+00 -2.1797e+00 -3.9112e-01 -5.1541e-01 -3.7872e-01 -7.9093e-01 +5.0000e+00 -2.3606e+00
2799 0 +4.642371429e+01 +7.115371429e+01 +7.115371429e+01 +5.0000e+00 +6.5531e-01 -5.0000e+00 -4.2331e+00 -1.0779e-01 +7.2556e-01 +4.2680e+00 -3.0537e+00 -6.8981e-01 +2.8337e+00 +3.2572e+00 +1.1729e+00 -4.7650e+00 -1.6832e+00 +1.3329e+00 -5.1541e-01 -3.7872e-01 -7.9093e-01 +5.0000e+00 -2.3606e+00
3199 0 +4.412592418e+01 +6.885592418e+01 +6.885592418e+01 +5.0000e+00 +2.6492e+00 -5.0000e+00 -4.2331e+00 -1.0779e-01 +7.2556e-01 +2.6093e+00 -3.0537e+00 +8.4727e-01 +2.8337e+00 +3.2572e+00 +1.1729e+00 -4.7650e+00 -1.6832e+00 +1.3329e+00 -1.3138e+00 -3.7872e-01 -7.9093e-01 +5.0000e+00 -2.7225e+00
% f evaluations | g evaluations | best noise-free fitness - Fopt (1.000000000000e+03) + sum g_i+ | measured fitness | best measured fitness or single-digit g-values | x1 | x2...
1 0 +8.465694660e+01 +1.084656947e+03 +1.084656947e+03 +3.0563e+00 +1.7065e+00 +1.7602e+00 -2.0493e+00 +1.5880e+00 -2.7745e+00 -2.4057e+00 -1.2700e+00 +4.4974e+00 -1.7233e+00 +2.7812e+00 +4.5143e+00 +2.1592e+00 -2.6160e+00 +4.0030e+00 +7.5233e-01 +2.4626e+00 +1.5165e+00 +1.5357e+00 -1.1860e+00
4 0 +8.445486900e+01 +1.084454869e+03 +1.084454869e+03 -4.9965e-01 -1.5189e+00 +4.4243e+00 +1.1245e-02 -3.9588e+00 +4.6073e+00 +3.9296e+00 +9.2269e-01 +4.0891e+00 +4.5380e-01 +1.0693e+00 -1.3560e+00 -2.1988e-01 +4.8161e+00 +3.9706e+00 -1.0003e+00 -1.7772e+00 -2.8843e+00 -4.8703e+00 -6.7792e-01
8 0 +8.219172770e+01 +1.082191728e+03 +1.082191728e+03 +9.9891e-01 +4.8554e+00 +3.4989e+00 -2.4723e+00 +3.3217e+00 -4.5251e-01 +3.9662e+00 -7.6834e-01 +3.9145e+00 +1.2376e+00 -5.1853e-01 +1.5094e+00 -1.0296e+00 +4.7637e+00 -1.6552e+00 -4.3477e-01 -1.1323e+00 +1.9328e+00 +8.1677e-01 +2.5381e+00
13 0 +7.878587488e+01 +1.078785875e+03 +1.078785875e+03 -1.7782e+00 +4.8477e+00 +2.3138e-01 -8.4556e-01 +1.3324e+00 +9.1453e-01 +2.3097e-01 +4.3384e+00 -1.6339e+00 +1.3333e+00 -3.0785e+00 +1.2587e+00 +1.6774e+00 +9.8708e-01 -1.5506e+00 +7.5780e-01 +1.3801e+00 +4.7664e-01 +3.7181e+00 +4.5638e+00
97 0 +7.613089443e+01 +1.076130894e+03 +1.076130894e+03 -2.0367e+00 +4.9947e+00 -2.2152e+00 -8.4635e-01 +1.5260e+00 +2.9896e+00 -1.0419e-01 -1.2846e+00 +1.3837e+00 -3.2182e-01 +1.3823e-01 -2.2743e+00 +4.8152e+00 -1.5487e+00 -3.3232e+00 +4.0060e+00 -2.4506e+00 -4.7428e-01 +2.6966e+00 -3.7391e-01
125 0 +7.477692620e+01 +1.074776926e+03 +1.074776926e+03 -1.7782e+00 +4.8477e+00 +2.3138e-01 +4.8485e-01 +1.3324e+00 +9.1453e-01 -2.6004e+00 +3.7729e+00 -1.6339e+00 +1.3333e+00 -3.4141e+00 +1.2587e+00 +1.6774e+00 +9.8708e-01 -1.5506e+00 +7.5780e-01 +1.3801e+00 +4.7664e-01 +8.1632e-01 +4.5638e+00
393 0 +7.089508227e+01 +1.070895082e+03 +1.070895082e+03 +5.0000e+00 +2.5707e+00 -2.6014e+00 -1.0893e+00 -3.0007e+00 +2.3527e+00 +1.6361e+00 +3.6857e-01 +5.0000e+00 -1.5069e+00 +3.4814e+00 -1.6907e+00 -4.2025e+00 +1.4052e-02 +2.9162e+00 -2.1852e+00 -2.9856e+00 -5.6390e-01 +2.5968e+00 -5.0000e+00
729 0 +5.274660375e+01 +1.052746604e+03 +1.052746604e+03 +3.7191e+00 +5.6772e-02 +5.1013e-01 +3.9933e-01 -4.8394e+00 +3.3757e+00 -9.4458e-01 +2.4743e+00 +2.6688e+00 -4.8942e+00 -4.6389e-01 +7.9198e-01 -5.0000e+00 -2.3672e+00 +1.9328e+00 -4.1005e+00 -1.2192e+00 -1.4467e+00 +1.1754e+00 -3.6207e+00
1189 0 +5.178552130e+01 +1.051785521e+03 +1.051785521e+03 +2.8329e+00 +3.5696e+00 +4.0542e-02 -1.4185e+00 +1.4461e+00 +1.3308e+00 -7.1178e-01 +1.4685e+00 +8.3697e-02 -4.0279e-01 -2.9253e+00 -3.1664e+00 +2.9848e+00 -4.0812e+00 -5.0000e+00 +9.3796e-01 -2.7029e+00 +1.8630e+00 +1.5380e+00 +2.9798e+00
1669 0 +4.253647991e+01 +1.042536480e+03 +1.042536480e+03 +2.8329e+00 +5.0000e+00 +4.0542e-02 -1.9963e+00 +1.4461e+00 +1.3308e+00 -2.6120e+00 +1.4685e+00 +3.2886e+00 -1.3843e-01 -2.9253e+00 -5.0000e+00 +5.0000e+00 +7.8142e-01 -4.2936e+00 +9.3796e-01 -2.7029e+00 +9.6384e-01 +2.0576e+00 +3.3607e+00
1747 0 +2.858143476e+01 +1.028581435e+03 +1.028581435e+03 +3.1486e+00 +4.0251e+00 -2.7696e-01 +1.6625e+00 +3.0306e+00 +4.9236e-01 -2.8124e+00 +1.9976e+00 +3.4700e+00 +1.0638e+00 -5.0000e+00 -3.6211e+00 +5.0000e+00 +2.1429e+00 -4.2936e+00 +2.9169e+00 -1.5489e+00 +6.3057e-01 +1.7296e+00 +8.7039e-01
1805 0 +2.341317269e+01 +1.023413173e+03 +1.023413173e+03 +1.1805e+00 +5.0000e+00 +7.8788e-01 +4.8485e-01 +1.3324e+00 +2.1157e+00 -2.6004e+00 +2.4917e+00 +1.8280e+00 +1.3333e+00 -3.6271e+00 -5.0000e+00 +5.0000e+00 -1.6032e+00 -5.0000e+00 +3.5236e+00 +9.6664e-01 +8.0017e-01 +7.5161e-01 +2.0917e+00
1845 0 +1.699060008e+01 +1.016990600e+03 +1.016990600e+03 +1.0213e+00 +3.4270e+00 +7.8788e-01 -9.7973e-01 +3.4704e+00 +1.0950e+00 -2.6004e+00 +2.4917e+00 -3.8313e-01 -3.6453e-01 -3.6271e+00 -5.0000e+00 +5.0000e+00 -1.6032e+00 -5.0000e+00 +3.5236e+00 +6.7180e-01 +8.0017e-01 +7.5161e-01 +2.0917e+00
% f evaluations | g evaluations | best noise-free fitness - Fopt (-3.153700000000e+02) + sum g_i+ | measured fitness | best measured fitness or single-digit g-values | x1 | x2...
1 0 +8.528224519e+01 -2.300877548e+02 -2.300877548e+02 +8.0083e-01 -3.8719e+00 -5.9410e-01 -3.8608e+00 -6.9643e-01 +3.7994e+00 +2.9517e+00 +1.3360e+00 +4.4448e+00 -4.9732e+00 +3.1362e+00 -3.5690e+00 +6.1573e-01 +4.4991e+00 -1.0710e+00 +4.4334e+00 +3.5158e+00 +4.3120e+00 -3.3848e-01 +3.1554e+00
3 0 +8.337751666e+01 -2.319924833e+02 -2.319924833e+02 -2.8723e+00 -4.5949e-01 -4.0250e-01 -1.3005e+00 -2.9541e-01 -4.7118e-01 +2.8672e-01 -1.4592e+00 +3.9956e+00 +2.7139e+00 -1.3307e+00 +3.7968e+00 -2.0457e+00 +4.7075e+00 +3.1035e+00 -3.5240e+00 -3.3627e+00 -9.9420e-01 +2.6986e+00 -2.5271e+00
18 0 +8.226738993e+01 -2.331026101e+02 -2.331026101e+02 +3.1184e+00 -3.6110e+00 +4.7837e+00 -6.0227e-01 +2.1845e+00 +4.4156e+00 -2.9044e+00 +3.4993e+00 -2.7902e+00 +1.7058e+00 -4.2485e-01 -1.4125e+00 -5.0791e-01 -2.3695e+00 +3.8278e-01 +3.6634e+00 +1.4978e+00 -2.0396e+00 +2.9645e+00 +2.7073e+00
45 0 +7.985320953e+01 -2.355167905e+02 -2.355167905e+02 +3.7885e+00 -2.6792e+00 +5.0000e+00 +6.0749e-01 +5.0000e+00 -1.3487e+00 +7.5247e-01 -1.3673e+00 +3.2107e+00 -4.4756e+00 +3.6064e+00 +3.4716e+00 +4.8005e-01 +5.0000e+00 +1.6731e+00 +4.5789e+00 -2.2748e+00 -2.0416e+00 -1.0615e+00 +3.4747e+00
277 0 +7.558575906e+01 -2.397842409e+02 -2.397842409e+02 -9.9360e-01 +4.5850e+00 -4.8899e+00 +3.5962e+00 -1.0664e+00 -1.9571e+00 +2.2283e+00 -4.9744e+00 -4.3955e+00 +3.8883e+00 -6.0728e-01 +1.7703e+00 +1.3006e+00 -2.0924e+00 +1.9089e+00 -1.9090e+00 -2.8727e+00 +1.1547e+00 +1.8174e+00 -4.7960e+00
847 0 +7.226667607e+01 -2.431033239e+02 -2.431033239e+02 +2.9096e+00 +1.0655e+00 -3.8995e+00 +5.0000e+00 +2.4676e+00 -1.3158e+00 +5.5987e-01 -1.0054e+00 +6.3134e-01 +1.7003e+00 +1.0085e+00 +1.5220e-01 -2.2926e-01 +4.3779e+00 +2.5073e+00 -1.0240e+00 -1.0645e-01 +4.2198e+00 +5.0000e+00 +5.0000e+00
1253 0 +6.678350242e+01 -2.485864976e+02 -2.485864976e+02 +1.7076e+00 -1.1803e+00 -1.4025e+00 +4.8766e+00 +2.2117e+00 -1.9369e+00 +2.6765e+00 +9.0037e-01 -1.8753e+00 +1.5383e+00 -7.2147e-01 +2.0513e+00 -1.8458e+00 +3.9442e+00 +1.2152e+00 +2.5626e+00 +6.8256e-01 +4.2911e+00 +2.8999e+00 +2.3561e+00
2177 0 +6.599614305e+01 -2.493738569e+02 -2.493738569e+02 +2.4193e+00 +2.8233e+00 -1.1005e+00 +5.0000e+00 -1.6243e-01 -1.4800e+00 +2.8969e+00 -3.8938e-01 +1.2468e+00 +3.1746e+00 +3.1693e+00 +2.9851e+00 -2.0967e+00 +1.6874e+00 +3.7816e-01 +9.8868e-01 +2.0375e+00 +1.1335e+00 +3.4632e+00 +2.5265e+00
2231 0 +6.387039503e+01 -2.514996050e+02 -2.514996050e+02 +2.3257e+00 +1.4797e+00 -4.1086e+00 +3.3804e+00 +8.8025e-01 -1.5068e+00 -2.0425e-01 +1.1574e+00 +4.9247e-01 +4.3955e+00 +2.4503e-01 +3.1076e+00 +4.8646e-01 -1.9209e+00 +6.9956e-01 +3.6297e+00 +1.0708e+00 +4.6616e+00 +2.7921e+00 +5.0000e+00
2617 0 +6.287626522e+01 -2.524937348e+02 -2.524937348e+02 +2.4193e+00 +2.8233e+00 -1.1005e+00 +5.0000e+00 -1.6243e-01 -1.4800e+00 +2.4112e-01 -3.8938e-01 +1.2468e+00 +2.0912e+00 +3.3301e+00 +3.8757e+00 -2.0967e+00 -3.2466e-01 +3.7045e-01 +9.8868e-01 +2.0375e+00 +1.1335e+00 +3.4632e+00 +2.5265e+00
2801 0 +6.079064753e+01 -2.545793525e+02 -2.545793525e+02 +1.4141e+00 +1.8161e+00 -4.3627e+00 +3.6342e+00 +8.6310e-02 -1.2079e+00 +7.8385e-01 +1.1923e+00 -2.7700e+00 +2.4015e+00 +2.0495e+00 +2.6045e+00 -2.5130e+00 -1.4756e+00 +1.7478e+00 -4.1839e-01 -6.7782e-01 +4.6193e+00 +5.0000e+00 +5.0000e+00
3567 0 +5.647674884e+01 -2.588932512e+02 -2.588932512e+02 +4.0588e+00 +3.6699e-01 -4.0389e+00 +5.0000e+00 +2.4676e+00 -9.6085e-01 -2.3492e-02 +4.4092e-01 -1.7741e+00 +3.7157e+00 +2.9068e+00 +2.6102e+00 -1.9269e+00 +1.3670e+00 +1.3101e+00 -1.0240e+00 +1.4314e+00 +4.2198e+00 +5.0000e+00 +4.7040e+00
3681 0 +5.113471457e+01 -2.642352854e+02 -2.642352854e+02 +1.4141e+00 -1.0009e+00 -4.3627e+00 +3.6342e+00 +8.6310e-02 -1.2079e+00 +7.8385e-01 +1.1923e+00 -2.7700e+00 +2.4015e+00 +1.6081e+00 +2.6045e+00 -2.5130e+00 +5.3248e-01 +1.1757e+00 -3.7904e-01 -6.7782e-01 +4.6193e+00 +3.1570e+00 +3.4142e+00
3801 0 +4.783006611e+01 -2.675399339e+02 -2.675399339e+02 +2.6163e+00 -1.0009e+00 -1.8043e-01 +3.6342e+00 +1.7351e+00 -2.0557e+00 +6.5689e-01 -2.3429e-01 -2.7700e+00 +2.4015e+00 +1.5222e+00 +2.6045e+00 -2.5130e+00 +5.3248e-01 +4.0895e-01 -3.7904e-01 +2.4382e+00 +4.6193e+00 +3.1570e+00 +5.0000e+00
% f evaluations | g evaluations | best noise-free fitness - Fopt (7.019000000000e+01) + sum g_i+ | measured fitness | best measured fitness or single-digit g-values | x1 | x2...
1 0 +8.620463994e+01 +1.563946399e+02 +1.563946399e+02 -3.5183e+00 -1.8209e+00 +4.3536e+00 +4.5726e+00 +3.7857e+00 +4.5431e+00 -2.3215e+00 -3.9296e+00 +5.1124e-01 +3.2981e+00 -4.7581e+00 +2.6623e+00 -3.3211e+00 +4.2941e+00 +1.5093e+00 +2.6019e+00 +3.2204e+00 +4.2856e+00 -4.0330e+00 +2.5918e+00
2 0 +8.082802216e+01 +1.510180222e+02 +1.510180222e+02 -4.8210e+00 -4.4653e+00 +1.7702e+00 -3.8745e+00 +3.2773e+00 -4.8576e+00 +4.3131e+00 +1.2801e+00 -2.1074e+00 -9.1519e-01 +2.5771e+00 -1.2917e+00 +4.1936e+00 +3.0114e+00 +4.3032e+00 +3.7372e+00 +1.8830e+00 +7.8038e-01 +2.6157e+00 -2.1574e+00
53 0 +7.884199700e+01 +1.490319970e+02 +1.490319970e+02 -2.1588e+00 +1.3581e-01 +2.4467e+00 +2.5707e+00 +4.6347e+00 -2.5848e+00 -1.1087e+00 -1.6935e+00 +2.3031e-01 +5.0417e-01 -3.1111e+00 +3.6798e+00 +9.1338e-01 +5.5528e-01 +2.3224e+00 -2.3403e-01 -1.4458e+00 -4.1799e-02 -1.3414e+00 -4.9540e+00
93 0 +7.000571365e+01 +1.401957136e+02 +1.401957136e+02 -2.1588e+00 -5.0000e+00 +2.4467e+00 +2.5707e+00 -7.9697e-01 -2.5848e+00 -1.1087e+00 +5.0000e+00 +2.3031e-01 +5.0417e-01 -3.1111e+00 +3.6798e+00 +3.1884e+00 +5.5528e-01 +2.3224e+00 -2.3403e-01 -1.4458e+00 -4.1799e-02 -1.3414e+00 -4.9540e+00
1505 0 +6.847085751e+01 +1.386608575e+02 +1.386608575e+02 -5.0000e+00 +5.0000e+00 -5.0000e+00 +1.0175e+00 -2.2844e+00 +3.6840e+00 -3.4632e+00 +2.1187e+00 -1.5603e+00 +2.0330e+00 +1.7214e+00 +1.0408e-01 +9.5374e-01 -5.0000e+00 +5.0000e+00 +1.0646e+00 +2.3093e+00 +1.5575e-01 +5.0000e+00 +2.2070e+00
1895 0 +6.553798542e+01 +1.357279854e+02 +1.357279854e+02 +1.9257e+00 -2.1636e+00 +2.2397e+00 -4.8695e-01 +2.1804e+00 +2.9142e+00 +3.4493e+00 +2.1015e+00 -1.6410e+00 +3.7882e+00 -2.2744e+00 +4.9648e+00 -2.2269e+00 +3.7388e+00 -5.0000e+00 -3.3924e+00 -4.0988e+00 -7.6754e-01 +3.2037e+00 -4.5601e+00
3665 0 +6.163448238e+01 +1.318244824e+02 +1.318244824e+02 -1.3862e+00 +2.5267e+00 -4.6445e+00 +1.0175e+00 -2.6577e+00 +3.6631e+00 -3.4632e+00 +5.0000e+00 -1.5603e+00 +3.3982e+00 +1.5841e+00 -3.9211e-01 +9.5374e-01 -4.9524e+00 +4.5920e+00 -9.6791e-01 +2.1139e+00 +3.5669e+00 +5.0000e+00 +1.7171e+00
% f evaluations | g evaluations | best noise-free fitness - Fopt (-1.123100000000e+02) + sum g_i+ | measured fitness | best measured fitness or single-digit g-values | x1 | x2...
1 0 +8.624885290e+01 -2.606114710e+01 -2.606114710e+01 -1.8811e+00 -3.6663e+00 +4.5705e+00 +4.6998e+00 +3.5592e+00 -9.9667e-01 +3.1580e+00 -2.0570e+00 -4.1874e+00 +4.7891e+00 -3.7376e+00 -2.4560e+00 +6.4209e-01 +4.2570e+00 +3.5702e+00 +1.5276e+00 -4.9317e+00 +6.4777e-01 -4.1748e+00 -1.2716e+00
2 0 +8.569539132e+01 -2.661460868e+01 -2.661460868e+01 -3.3882e+00 -3.2550e+00 -9.9741e-01 -2.0279e+00 -4.5540e+00 +2.5735e-01 -3.6043e+00 +5.9234e-01 +2.1657e+00 +4.3814e+00 -1.9313e+00 +3.3202e+00 +1.8805e+00 +4.4809e+00 -2.1564e+00 +8.7452e-01 +3.7134e+00 +2.1641e-02 -2.7496e-01 +3.3041e-01
3 0 +8.328531470e+01 -2.902468530e+01 -2.902468530e+01 -1.0660e+00 -3.5940e+00 -2.0773e+00 +3.1356e+00 +1.9236e+00 -6.5181e-02 -3.8848e+00 -3.3586e+00 +5.6473e-01 -4.2559e+00 -4.5722e+00 -7.3210e-02 +1.1777e+00 -3.7384e+00 -4.4280e+00 -4.5818e-01 -2.7455e+00 +1.3156e+00 -9.6580e-01 -3.5664e+00
4 0 +7.949305492e+01 -3.281694508e+01 -3.281694508e+01 +1.5884e+00 -4.0326e+00 -4.5718e+00 +9.5844e-01 -2.0867e+00 -4.8213e+00 -3.5247e+00 -2.8281e+00 +4.4483e+00 +1.8252e+00 -3.8064e+00 +3.3655e-01 -2.2206e+00 -4.0822e+00 -1.2477e+00 -8.3419e-01 +3.6170e+00 -4.8808e+00 +1.4846e+00 -4.3531e+00
7 0 +7.741420432e+01 -3.489579568e+01 -3.489579568e+01 -2.5238e+00 -2.6638e+00 +4.8863e+00 +2.3235e+00 -2.9716e-01 +1.6388e+00 +3.7814e+00 +2.1956e+00 +3.3695e+00 -1.2078e+00 -3.3862e+00 -2.0121e+00 -2.8582e+00 +1.4863e+00 +3.3025e-01 +3.3874e+00 +4.9803e+00 -3.9787e+00 -2.3451e+00 -1.8990e+00
45 0 +7.189513596e+01 -4.041486404e+01 -4.041486404e+01 +1.1241e+00 +1.4009e+00 +3.4205e+00 +4.2175e-01 +6.1764e-01 +2.0267e+00 +3.3724e-01 +4.5659e+00 +3.6005e+00 -1.7346e+00 +3.4261e-01 +1.1273e+00 -5.0000e+00 +1.1411e+00 -4.1069e-01 +4.9469e+00 +5.0000e+00 -5.0000e+00 -3.9130e-01 -2.2935e+00
245 0 +6.872159940e+01 -4.358840060e+01 -4.358840060e+01 +1.1241e+00 +3.0672e+00 -3.1508e+00 +3.0747e+00 +3.0238e-01 +2.0267e+00 +3.3724e-01 +5.0000e+00 +2.4835e+00 -1.7346e+00 +3.4261e-01 +1.1273e+00 -9.9291e-01 +1.1411e+00 -4.6868e-01 +4.9469e+00 +3.1566e+00 -4.0677e+00 -3.9130e-01 -2.2935e+00
545 0 +6.069664026e+01 -5.161335974e+01 -5.161335974e+01 -1.0660e+00 -8.9027e-01 -2.0773e+00 +3.1356e+00 -7.3309e-02 -6.5181e-02 -1.5579e+00 -2.7653e+00 +5.6473e-01 -4.2559e+00 -4.4304e+00 -1.6455e+00 -1.1181e+00 +1.7528e+00 -8.1552e-01 +1.3217e+00 -2.7455e+00 +3.7481e-01 -2.0456e+00 -4.2893e+00
1105 0 +5.341166871e+01 -5.889833129e+01 -5.889833129e+01 -1.0660e+00 -8.9027e-01 -1.9622e+00 +4.5138e+00 -7.3309e-02 -6.5181e-02 -1.5579e+00 -2.7653e+00 +5.6473e-01 -2.6397e+00 -4.4304e+00 -1.6455e+00 -3.7282e+00 +1.7528e+00 -8.1552e-01 +1.3217e+00 -2.7455e+00 +3.7481e-01 -2.0456e+00 -4.2893e+00
1345 0 +3.991267500e+01 -7.239732500e+01 -7.239732500e+01 -1.0660e+00 +2.3223e+00 -1.9622e+00 +4.5138e+00 -7.3309e-02 -6.5181e-02 -4.3605e-01 -2.7653e+00 +5.6473e-01 -2.6397e+00 -4.4304e+00 -1.6455e+00 -3.7282e+00 +2.1643e+00 -8.1552e-01 +1.3217e+00 -2.8813e+00 +2.0232e+00 -2.0456e+00 -4.2893e+00
2037 0 +3.381161969e+01 -7.849838031e+01 -7.849838031e+01 -2.7621e+00 +5.0000e+00 -9.0964e-01 +5.0000e+00 -2.0458e+00 -2.3911e+00 -1.5214e+00 -2.7653e+00 +1.6791e+00 -3.0758e+00 -3.2515e+00 -3.9088e+00 -3.8659e+00 +3.8620e+00 -2.1432e+00 +3.5679e+00 -3.6006e+00 +2.5108e+00 -3.4446e+00 -5.0000e+00
2457 0 +3.288468741e+01 -7.942531259e+01 -7.942531259e+01 -2.3116e+00 +1.4936e+00 -1.9384e+00 +4.5891e+00 -1.6231e+00 -1.1770e+00 -1.8180e+00 -2.2247e+00 +3.0700e+00 -1.4983e+00 -4.6764e+00 -2.5974e+00 -5.0000e+00 +3.9916e+00 -2.7906e+00 +3.2845e+00 -5.0000e+00 +9.0524e-01 -3.5598e+00 -5.0000e+00
2715 0 +2.843807133e+01 -8.387192867e+01 -8.387192867e+01 -4.3682e+00 +1.8659e+00 -2.5435e+00 +4.3837e+00 -4.4946e-01 -4.8594e-01 -2.3642e-01 -2.6381e+00 +4.0584e+00 -2.9244e+00 -4.6726e+00 -3.8136e+00 -4.5410e+00 +3.8614e+00 -3.5269e+00 +6.3004e-01 -5.0000e+00 +6.9458e-01 -3.5206e+00 -5.0000e+00
2729 0 +2.426807954e+01 -8.804192046e+01 -8.804192046e+01 +3.5424e+00 +1.4006e+00 -9.6984e-02 +3.4150e+00 +1.6744e+00 +3.0483e+00 +1.7923e+00 +2.9104e+00 +4.5632e+00 -3.4596e-01 -1.0905e+00 -1.4029e+00 -3.5100e+00 -5.0618e-02 -1.2253e+00 +2.7950e+00 +5.0000e+00 -3.4843e+00 -8.4411e-01 -2.3194e+00
2795 0 +2.323607378e+01 -8.907392622e+01 -8.907392622e+01 -4.3682e+00 +1.8006e+00 -2.5435e+00 +4.3837e+00 -4.4946e-01 -4.8594e-01 -2.3642e-01 -2.6381e+00 +1.9803e+00 -2.9244e+00 -5.0000e+00 -3.8136e+00 -2.6754e+00 +3.8614e+00 -3.5269e+00 +6.3004e-01 -5.0000e+00 +5.9850e-01 -3.5206e+00 -5.0000e+00
3065 0 +2.142741472e+01 -9.088258528e+01 -9.088258528e+01 -4.5850e+00 +1.3606e+00 -2.2938e+00 +4.5138e+00 -7.3309e-02 -6.5181e-02 -2.8129e-01 -2.0304e+00 +1.4542e+00 -3.4423e+00 -5.0000e+00 -4.9474e+00 -1.8852e+00 +5.0000e+00 -1.9520e+00 +1.3217e+00 -4.3955e+00 +1.0516e+00 -1.9608e+00 -4.2893e+00
3097 0 +1.963718527e+01 -9.267281473e+01 -9.267281473e+01 -4.2580e+00 +1.4936e+00 -1.9384e+00 +4.0981e+00 -2.2113e+00 -1.1043e+00 -2.9228e+00 -2.2247e+00 +2.3475e+00 -3.5864e+00 -4.3468e+00 -5.0000e+00 -5.0000e+00 +3.9498e+00 -2.8843e+00 +6.0196e-01 -5.0000e+00 +1.3067e+00 -7.7511e-01 -4.8873e+00
3115 0 +1.778436096e+01 -9.452563904e+01 -9.452563904e+01 -4.0075e+00 +1.8006e+00 -2.2949e+00 +4.3837e+00 -4.4946e-01 -4.8594e-01 -2.3642e-01 -2.6381e+00 +1.9803e+00 -4.0992e+00 -4.6026e+00 -3.9738e+00 -2.6754e+00 +3.8614e+00 -3.5269e+00 +3.0486e+00 -5.0000e+00 +5.9850e-01 -2.1850e+00 -5.0000e+00
3825 0 +1.472525336e+01 -9.758474664e+01 -9.758474664e+01 -4.5850e+00 +1.3606e+00 -2.2938e+00 +4.5138e+00 -7.3309e-02 -3.7708e+00 -2.8129e-01 -2.0304e+00 +1.4542e+00 -3.4423e+00 -5.0000e+00 -4.9474e+00 -3.0710e+00 +5.0000e+00 -1.9520e+00 +1.7357e+00 -4.3955e+00 +1.0516e+00 -1.9608e+00 -5.0000e+00
% f evaluations | g evaluations | best noise-free fitness - Fopt (4.463000000000e+01) + sum g_i+ | measured fitness | best measured fitness or single-digit g-values | x1 | x2...
1 0 +8.558719644e+01 +1.302171964e+02 +1.302171964e+02 -4.4794e+00 +9.2989e-01 +2.1973e+00 -4.7910e+00 +3.1720e+00 -2.7682e+00 +2.8769e+00 +1.5191e+00 -3.8806e+00 +1.5832e+00 -2.6234e+00 -2.7839e+00 -4.1750e+00 +6.4754e-01 +4.7014e+00 -2.3595e+00 -1.3600e+00 -1.2442e+00 -3.4426e-01 -4.3900e+00
2 0 +8.450196618e+01 +1.291319662e+02 +1.291319662e+02 -2.7935e+00 -2.2055e+00 +1.0365e-01 -2.0152e+00 -2.3079e+00 -1.1960e+00 -4.3635e+00 -3.3772e+00 +1.2243e+00 +5.5380e-01 +3.2590e+00 -2.9957e+00 -4.5980e+00 -3.9455e+00 +2.5375e+00 +3.7305e-01 +1.7290e+00 -3.0603e+00 -2.3360e+00 +1.8812e+00
3 0 +8.082198045e+01 +1.254519805e+02 +1.254519805e+02 +8.3536e-01 -4.3652e+00 +1.2432e+00 +2.2729e+00 -4.9991e+00 -2.5229e+00 +8.3248e-01 -4.5311e+00 -9.8362e-01 +4.4707e+00 -2.8285e+00 -2.5773e+00 +2.3739e+00 -3.7592e+00 -2.0008e+00 -1.6404e+00 -2.9467e+00 -3.2096e+00 +1.4996e+00 +1.8818e+00
51 0 +6.848020801e+01 +1.131102080e+02 +1.131102080e+02 +2.1861e+00 +2.1124e+00 -4.2186e+00 -1.7201e+00 +3.2967e+00 -4.0104e-01 +5.0000e+00 +2.4632e+00 -3.6296e+00 -4.8357e+00 -4.2298e+00 +1.4381e+00 -2.8210e+00 +4.5584e+00 +5.0000e+00 +3.5889e-01 +1.5315e+00 +2.0532e+00 +2.5515e+00 -3.7304e+00
331 0 +6.712015547e+01 +1.117501555e+02 +1.117501555e+02 +2.1861e+00 +2.1124e+00 -4.2186e+00 +2.8687e+00 +3.2967e+00 -4.0104e-01 +5.0000e+00 +2.4632e+00 +3.8721e-01 -4.8357e+00 -1.6747e+00 +1.4381e+00 -2.8210e+00 +3.2424e+00 +1.6658e+00 +3.5889e-01 -4.1981e+00 +2.0532e+00 -6.5929e-01 -3.7304e+00
615 0 +6.527765146e+01 +1.099076515e+02 +1.099076515e+02 +2.7939e+00 +3.4041e+00 +3.3202e+00 +3.9845e+00 +1.7939e+00 +6.8016e-01 +1.4663e+00 -2.4772e+00 -5.0000e+00 +9.9782e-01 -2.5171e+00 +1.0530e+00 +1.0166e+00 +4.6085e-01 -9.2193e-01 -2.7399e+00 +2.5919e-01 -9.4243e-01 -1.9680e+00 -5.0000e+00
851 0 +6.095217839e+01 +1.055821784e+02 +1.055821784e+02 +7.5358e-01 +2.1124e+00 -4.2186e+00 +2.8687e+00 +3.2967e+00 -5.6947e-02 +5.0000e+00 +2.4632e+00 +3.8721e-01 -4.8357e+00 -1.6747e+00 +1.9817e+00 +1.8090e+00 +3.2424e+00 +1.6658e+00 +3.5889e-01 +7.6963e-01 -5.1640e-01 -6.5929e-01 -4.1645e+00
895 0 +5.643850777e+01 +1.010685078e+02 +1.010685078e+02 +2.7939e+00 +3.4041e+00 +4.3219e+00 +5.0000e+00 +1.7939e+00 +6.8016e-01 +1.4663e+00 -1.7934e+00 -5.0000e+00 +9.9782e-01 +1.6847e+00 +1.0530e+00 +1.0166e+00 +1.4930e+00 -9.2193e-01 +4.0355e+00 +2.5919e-01 -9.4243e-01 -1.9680e+00 -5.0000e+00
921 0 +4.680061812e+01 +9.143061812e+01 +9.143061812e+01 +4.2102e+00 +2.5233e+00 +3.4081e+00 +5.0000e+00 +3.6458e+00 -5.0000e+00 +1.7024e+00 -3.0950e+00 -3.6664e+00 +3.4273e+00 -2.1657e-02 +1.6649e+00 +2.1413e+00 +2.6377e+00 -2.6822e+00 +1.9728e+00 +3.6475e-01 -1.9536e+00 -1.4211e+00 -3.4606e+00
1121 0 +4.006078199e+01 +8.469078199e+01 +8.469078199e+01 +4.2102e+00 +2.1996e+00 +3.4081e+00 +4.7500e+00 +3.6458e+00 -2.0889e+00 +4.0829e+00 -3.0950e+00 -1.2407e+00 +3.4273e+00 -2.1657e-02 +1.6649e+00 +2.1413e+00 +3.5156e+00 -2.6822e+00 +1.9728e+00 +3.6475e-01 -1.9536e+00 -1.4211e+00 -3.4606e+00
1339 0 +3.377423094e+01 +7.840423094e+01 +7.840423094e+01 +1.0698e+00 +3.2325e+00 +5.0000e+00 +5.0000e+00 +3.4803e+00 +9.4822e-01 +4.1448e+00 -1.8101e+00 -5.0000e+00 +3.2541e+00 +1.0249e+00 -2.7719e-01 +2.5484e+00 +3.5355e+00 -1.4818e+00 -4.2209e-01 -9.7316e-01 +6.2054e-01 -2.0932e+00 -5.0000e+00
2303 0 +2.360289759e+01 +6.823289759e+01 +6.823289759e+01 +1.2085e+00 +5.0000e+00 +5.0000e+00 +5.0000e+00 +3.4460e+00 -2.8198e+00 +5.0000e+00 -2.7492e+00 -5.0000e+00 +3.4526e+00 +1.1126e+00 -4.5775e-01 +2.4653e+00 +3.0019e+00 -3.2377e+00 -1.5058e+00 +5.1651e-01 -2.6194e-01 +4.6171e-01 -5.0000e+00
2423 0 +2.284708359e+01 +6.747708359e+01 +6.747708359e+01 +1.2085e+00 +5.0000e+00 +5.0000e+00 +5.0000e+00 +3.4605e+00 +7.1493e-01 +4.0884e+00 -2.7492e+00 -5.0000e+00 +3.4526e+00 +2.1990e+00 -1.4843e+00 +2.4653e+00 +4.6314e+00 -3.2377e+00 +1.7672e+00 +5.1651e-01 -8.3200e-01 -9.2027e-01 -5.0000e+00
2895 0 +2.162341771e+01 +6.625341771e+01 +6.625341771e+01 +2.7939e+00 +2.5997e+00 +4.4290e+00 +5.0000e+00 +2.3348e+00 -7.4060e-01 +4.8460e+00 -1.8388e+00 -5.0000e+00 +4.1561e+00 +9.5221e-01 +1.0530e+00 +2.1013e+00 +3.7737e+00 -9.2193e-01 -5.0988e-01 +7.5308e-01 -9.4243e-01 -1.4396e+00 -5.0000e+00
2929 0 +1.582626714e+01 +6.045626714e+01 +6.045626714e+01 +2.9656e+00 +5.0000e+00 +4.4289e+00 +5.0000e+00 +3.2052e+00 +5.2379e-01 +1.8804e+00 -7.3952e-01 -4.5783e+00 +3.0138e+00 +3.9781e-01 +4.6148e-01 +3.0337e+00 +3.9909e+00 -2.0953e+00 +2.4570e-01 -6.7746e-01 -1.4635e+00 -5.6248e-01 -4.1436e+00
3787 0 +1.470174069e+01 +5.933174069e+01 +5.933174069e+01 +4.6282e+00 +4.1169e+00 +4.5717e+00 +5.0000e+00 +2.8579e+00 -1.6654e-01 +2.5172e+00 -2.1442e+00 -4.7891e+00 +3.2831e+00 +1.7681e+00 -1.5018e+00 +2.9601e+00 +3.3802e+00 -3.8957e+00 -6.5894e-01 +3.4189e-01 -1.6608e+00 -1.2224e+00 -3.2041e+00
4003 0 +1.264066636e+01 +5.727066636e+01 +5.727066636e+01 +3.6180e+00 +4.0979e+00 +4.8359e+00 +5.0000e+00 +1.7252e+00 -9.1796e-01 +5.0000e+00 -5.0998e-02 -5.0000e+00 +3.3937e+00 +1.4726e+00 -9.3836e-01 +3.7282e+00 +9.8032e-01 -3.1657e+00 +1.2196e+00 +4.7926e-01 -2.5446e+00 -4.4715e-01 -5.0000e+00
% f evaluations | g evaluations | best noise-free fitness - Fopt (-9.422000000000e+01) + sum g_i+ | measured fitness | best measured fitness or single-digit g-values | x1 | x2...
1 0 +8.566051630e+01 -8.559483699e+00 -8.559483699e+00 -1.4585e+00 -4.1511e-01 +2.6294e+00 -6.0872e-01 +3.4497e-02 +4.5600e+00 +2.0324e+00 +3.2418e+00 -3.2489e+00 +1.5775e+00 +4.0935e+00 +3.3752e+00 -2.8932e+00 +4.8261e+00 -1.4814e+00 -1.5322e+00 +3.7475e+00 +4.6319e-01 +5.8004e-01 -3.3739e+00
2 0 +8.295881439e+01 -1.126118561e+01 -1.126118561e+01 +2.8723e+00 +2.7671e+00 -4.6633e+00 +1.4672e+00 -3.1887e+00 +7.4946e-01 +3.2726e+00 -2.1866e+00 -4.8417e+00 -1.8435e-01 +2.2955e+00 -4.1618e+00 -2.5079e-01 -1.4477e+00 -1.5334e+00 +7.0901e-01 +9.9128e-01 +2.2749e+00 -2.6165e+00 -1.3055e+00
123 0 +7.741213074e+01 -1.680786926e+01 -1.680786926e+01 -2.0409e+00 -7.7183e-01 -2.4621e+00 -2.2199e+00 +1.6132e+00 -2.0904e+00 -3.1815e+00 -4.3287e+00 +3.8744e+00 -1.3511e+00 -1.5720e+00 +4.1361e+00 -3.0911e-01 -3.1746e+00 -1.0361e-01 -1.8891e+00 +2.9224e+00 +4.0647e-01 +4.7706e-01 +2.1200e+00
361 0 +7.465891600e+01 -1.956108400e+01 -1.956108400e+01 +2.4253e+00 -2.6428e+00 -2.5424e+00 +3.9062e+00 +5.0000e+00 -2.4636e+00 -2.8185e+00 +1.8120e+00 -2.5178e+00 +1.6461e+00 +4.2108e+00 -2.7006e+00 -2.0807e+00 -4.5249e-01 +4.8641e+00 +4.5521e+00 -1.9040e+00 -7.7780e-01 -2.4226e+00 -2.1947e+00
477 0 +7.227364074e+01 -2.194635926e+01 -2.194635926e+01 -5.0000e+00 +6.2849e-02 +4.9218e-01 +5.0000e+00 +1.1476e+00 +3.0863e+00 -3.8170e-01 +9.2756e-01 -1.7781e+00 +7.0662e-01 -1.5490e+00 -1.2057e+00 -1.5756e+00 +3.9215e+00 -1.0543e+00 +3.3387e+00 +3.1272e+00 +3.0081e+00 -1.6336e-01 +2.9786e+00
1123 0 +6.884687160e+01 -2.537312840e+01 -2.537312840e+01 -1.1486e+00 -7.7183e-01 -2.4621e+00 +1.1034e+00 +3.5630e+00 -2.0904e+00 +7.1763e-01 -3.0428e+00 -2.2055e-01 -1.1272e+00 -1.5720e+00 +7.1772e-01 +6.0477e-01 -3.4057e+00 -1.0361e-01 +3.5198e+00 -1.8929e+00 +4.0647e-01 +3.0998e-01 -2.4971e-01
1903 0 +6.759926068e+01 -2.662073932e+01 -2.662073932e+01 +4.5022e+00 +2.7671e+00 +1.3526e+00 +3.4601e-01 +5.7599e-01 -9.8942e-01 -8.4773e-01 -8.9980e-01 -5.0000e+00 +7.6886e-01 -1.2943e+00 -3.1154e+00 -1.6917e+00 -1.8163e+00 +3.9524e+00 -5.0000e+00 +1.7426e+00 +2.2749e+00 +2.1849e+00 -1.3055e+00
2783 0 +4.612714121e+01 -4.809285879e+01 -4.809285879e+01 +4.5022e+00 +2.7671e+00 +1.5160e+00 +1.6357e+00 +5.7599e-01 -1.1841e+00 -8.4773e-01 +2.0559e+00 -2.6801e+00 +1.7486e+00 -1.2943e+00 -4.7821e+00 -1.3480e+00 -1.8163e+00 +3.7724e+00 -5.0000e+00 +1.7426e+00 -8.5138e-01 +2.1849e+00 -1.3055e+00
3583 0 +4.402493189e+01 -5.019506811e+01 -5.019506811e+01 +4.5022e+00 +2.7671e+00 +1.5160e+00 +1.6357e+00 +5.7599e-01 -1.1841e+00 -6.8707e-01 +2.3567e+00 -3.1963e+00 +1.7486e+00 -1.2943e+00 -4.7821e+00 -3.2172e+00 -1.8163e+00 +3.7724e+00 -5.0000e+00 +1.7426e+00 -1.7760e+00 +2.1849e+00 -1.3055e+00
3743 0 +3.505704180e+01 -5.916295820e+01 -5.916295820e+01 +5.0000e+00 +2.7671e+00 +1.5594e+00 +1.6357e+00 +6.9390e-01 -1.1841e+00 +2.1141e+00 +2.3567e+00 -3.1963e+00 -1.5676e+00 -1.2943e+00 -4.7821e+00 -3.2172e+00 -1.8163e+00 +3.7724e+00 -5.0000e+00 +1.7426e+00 -1.7760e+00 +2.7236e+00 -1.3055e+00
