% f evaluations | g evaluations | best noise-free fitness - Fopt (-1.694000000000e+01) + sum g_i+ | measured fitness | best measured fitness or single-digit g-values | x1 | x2...
1 0 +1.660323183e+02 +1.490923183e+02 +1.490923183e+02
2 0 +1.140557542e+02 +9.711575424e+01 +9.711575424e+01
3 0 +8.425163381e+01 +6.731163381e+01 +6.731163381e+01
10 0 +7.120950722e+01 +5.426950722e+01 +5.426950722e+01
25 0 +5.994566486e+01 +4.300566486e+01 +4.300566486e+01
45 0 +5.736194715e+01 +4.042194715e+01 +4.042194715e+01
49 0 +4.961252717e+01 +3.267252717e+01 +3.267252717e+01
61 0 +3.638841012e+01 +1.944841012e+01 +1.944841012e+01
189 0 +3.145289996e+01 +1.451289996e+01 +1.451289996e+01
269 0 +2.897467400e+01 +1.203467400e+01 +1.203467400e+01
319 0 +2.712182653e+01 +1.018182653e+01 +1.018182653e+01
327 0 +2.648086989e+01 +9.540869889e+00 +9.540869889e+00
328 0 +2.345967656e+01 +6.519676561e+00 +6.519676561e+00
406 0 +1.919550690e+01 +2.255506904e+00 +2.255506904e+00
483 0 +1.827401901e+01 +1.334019015e+00 +1.334019015e+00
485 0 +1.662380163e+01 -3.161983688e-01 -3.161983688e-01
1352 0 +1.420657360e+01 -2.733426398e+00 -2.733426398e+00
% f evaluations | g evaluations | best noise-free fitness - Fopt (1.881000000000e+01) + sum g_i+ | measured fitness | best measured fitness or single-digit g-values | x1 | x2...
1 0 +7.055879601e+01 +8.936879601e+01 +8.936879601e+01
29 0 +6.648366570e+01 +8.529366570e+01 +8.529366570e+01
65 0 +5.182294003e+01 +7.063294003e+01 +7.063294003e+01
104 0 +4.765451703e+01 +6.646451703e+01 +6.646451703e+01
115 0 +3.935317733e+01 +5.816317733e+01 +5.816317733e+01
273 0 +3.372218288e+01 +5.253218288e+01 +5.253218288e+01
322 0 +2.814965788e+01 +4.695965788e+01 +4.695965788e+01
400 0 +2.744595945e+01 +4.625595945e+01 +4.625595945e+01
414 0 +2.234877314e+01 +4.115877314e+01 +4.115877314e+01
498 0 +2.167147426e+01 +4.048147426e+01 +4.048147426e+01
505 0 +2.088902155e+01 +3.969902155e+01 +3.969902155e+01
525 0 +2.035706074e+01 +3.916706074e+01 +3.916706074e+01
557 0 +1.935341624e+01 +3.816341624e+01 +3.816341624e+01
565 0 +1.734062878e+01 +3.615062878e+01 +3.615062878e+01
585 0 +1.639308902e+01 +3.520308902e+01 +3.520308902e+01
629 0 +1.484330698e+01 +3.365330698e+01 +3.365330698e+01
873 0 +1.372859108e+01 +3.253859108e+01 +3.253859108e+01
884 0 +1.292793842e+01 +3.173793842e+01 +3.173793842e+01
944 0 +1.264175530e+01 +3.145175530e+01 +3.145175530e+01
947 0 +1.233646797e+01 +3.114646797e+01 +3.114646797e+01
949 0 +1.151674193e+01 +3.032674193e+01 +3.032674193e+01
992 0 +1.133730855e+01 +3.014730855e+01 +3.014730855e+01
1042 0 +1.092523713e+01 +2.973523713e+01 +2.973523713e+01
1224 0 +9.429736828e+00 +2.823973683e+01 +2.823973683e+01
1307 0 +9.130020172e+00 +2.794002017e+01 +2.794002017e+01
1353 0 +9.106796233e+00 +2.791679623e+01 +2.791679623e+01
1415 0 +8.776940863e+00 +2.758694086e+01 +2.758694086e+01
1418 0 +8.254097283e+00 +2.706409728e+01 +2.706409728e+01
1464 0 +8.044976517e+00 +2.685497652e+01 +2.685497652e+01
1477 0 +7.437128735e+00 +2.624712874e+01 +2.624712874e+01
1527 0 +6.699256427e+00 +2.550925643e+01 +2.550925643e+01
1537 0 +5.897683868e+00 +2.470768387e+01 +2.470768387e+01
1590 0 +5.676434397e+00 +2.448643440e+01 +2.448643440e+01
1591 0 +5.568742023e+00 +2.437874202e+01 +2.437874202e+01
1772 0 +5.452212701e+00 +2.426221270e+01 +2.426221270e+01
1782 0 +5.116825127e+00 +2.392682513e+01 +2.392682513e+01
1799 0 +4.995836117e+00 +2.380583612e+01 +2.380583612e+01
1849 0 +4.508183766e+00 +2.331818377e+01 +2.331818377e+01
2159 0 +4.262067108e+00 +2.307206711e+01 +2.307206711e+01
2184 0 +3.935978489e+00 +2.274597849e+01 +2.274597849e+01
2246 0 +3.262184239e+00 +2.207218424e+01 +2.207218424e+01
2328 0 +3.126430175e+00 +2.193643018e+01 +2.193643018e+01
2397 0 +2.512032176e+00 +2.132203218e+01 +2.132203218e+01
2710 0 +2.506074998e+00 +2.131607500e+01 +2.131607500e+01
2725 0 +2.213437381e+00 +2.102343738e+01 +2.102343738e+01
2907 0 +2.175117039e+00 +2.098511704e+01 +2.098511704e+01
2951 0 +2.105857295e+00 +2.091585729e+01 +2.091585729e+01
2964 0 +1.881680491e+00 +2.069168049e+01 +2.069168049e+01
3181 0 +1.804464702e+00 +2.061446470e+01 +2.061446470e+01
3228 0 +1.643808650e+00 +2.045380865e+01 +2.045380865e+01
3352 0 +1.553902127e+00 +2.036390213e+01 +2.036390213e+01
3368 0 +1.393451815e+00 +2.020345182e+01 +2.020345182e+01
3424 0 +1.329212069e+00 +2.013921207e+01 +2.013921207e+01
3545 0 +1.257153269e+00 +2.006715327e+01 +2.006715327e+01
3556 0 +1.185569830e+00 +1.999556983e+01 +1.999556983e+01
3618 0 +1.145814354e+00 +1.995581435e+01 +1.995581435e+01
3646 0 +1.035687931e+00 +1.984568793e+01 +1.984568793e+01
3722 0 +9.843301935e-01 +1.979433019e+01 +1.979433019e+01
3777 0 +9.720657907e-01 +1.978206579e+01 +1.978206579e+01
3824 0 +9.274239008e-01 +1.973742390e+01 +1.973742390e+01
3875 0 +8.994658729e-01 +1.970946587e+01 +1.970946587e+01
3893 0 +8.645628447e-01 +1.967456284e+01 +1.967456284e+01
3902 0 +7.797254436e-01 +1.958972544e+01 +1.958972544e+01
3991 0 +7.008237466e-01 +1.951082375e+01 +1.951082375e+01
4033 0 +6.773086910e-01 +1.948730869e+01 +1.948730869e+01
4089 0 +6.625409120e-01 +1.947254091e+01 +1.947254091e+01
4200 0 +6.583778227e-01 +1.946837782e+01 +1.946837782e+01
4215 0 +6.289514815e-01 +1.943895148e+01 +1.943895148e+01
4387 0 +5.906601320e-01 +1.940066013e+01 +1.940066013e+01
4405 0 +5.295404610e-01 +1.933954046e+01 +1.933954046e+01
4683 0 +4.900957147e-01 +1.930009571e+01 +1.930009571e+01
4864 0 +4.875744811e-01 +1.929757448e+01 +1.929757448e+01
4883 0 +4.785309473e-01 +1.928853095e+01 +1.928853095e+01
4901 0 +4.286815359e-01 +1.923868154e+01 +1.923868154e+01
5013 0 +4.126637306e-01 +1.922266373e+01 +1.922266373e+01
5014 0 +3.825568276e-01 +1.919255683e+01 +1.919255683e+01
5030 0 +3.562294432e-01 +1.916622944e+01 +1.916622944e+01
5369 0 +3.455551224e-01 +1.915555512e+01 +1.915555512e+01
5538 0 +3.356217426e-01 +1.914562174e+01 +1.914562174e+01
5596 0 +3.110671506e-01 +1.912106715e+01 +1.912106715e+01
5617 0 +3.078722143e-01 +1.911787221e+01 +1.911787221e+01
5722 0 +2.942240708e-01 +1.910422407e+01 +1.910422407e+01
5795 0 +2.685453502e-01 +1.907854535e+01 +1.907854535e+01
6348 0 +2.592602000e-01 +1.906926020e+01 +1.906926020e+01
6672 0 +2.568550811e-01 +1.906685508e+01 +1.906685508e+01
6737 0 +2.505786093e-01 +1.906057861e+01 +1.906057861e+01
6761 0 +2.418076206e-01 +1.905180762e+01 +1.905180762e+01
6778 0 +2.360664672e-01 +1.904606647e+01 +1.904606647e+01
6785 0 +2.302167156e-01 +1.904021672e+01 +1.904021672e+01
7057 0 +2.280007797e-01 +1.903800078e+01 +1.903800078e+01
7098 0 +2.205730411e-01 +1.903057304e+01 +1.903057304e+01
7203 0 +2.173559240e-01 +1.902735592e+01 +1.902735592e+01
7379 0 +2.103735186e-01 +1.902037352e+01 +1.902037352e+01
7654 0 +2.049316491e-01 +1.901493165e+01 +1.901493165e+01
7720 0 +2.038042405e-01 +1.901380424e+01 +1.901380424e+01
7941 0 +1.985262601e-01 +1.900852626e+01 +1.900852626e+01
8329 0 +1.921928317e-01 +1.900219283e+01 +1.900219283e+01
8462 0 +1.902632916e-01 +1.900026329e+01 +1.900026329e+01
8950 0 +1.861885077e-01 +1.899618851e+01 +1.899618851e+01
9755 0 +1.816356133e-01 +1.899163561e+01 +1.899163561e+01
11745 0 +1.778012136e-01 +1.898780121e+01 +1.898780121e+01
% f evaluations | g evaluations | best noise-free fitness - Fopt (2.731500000000e+02) + sum g_i+ | measured fitness | best measured fitness or single-digit g-values | x1 | x2...
1 0 +9.512184468e+01 +3.682718447e+02 +3.682718447e+02
15 0 +8.523803678e+01 +3.583880368e+02 +3.583880368e+02
20 0 +7.696013768e+01 +3.501101377e+02 +3.501101377e+02
26 0 +6.321379998e+01 +3.363638000e+02 +3.363638000e+02
64 0 +4.700445572e+01 +3.201544557e+02 +3.201544557e+02
272 0 +4.036909687e+01 +3.135190969e+02 +3.135190969e+02
286 0 +3.200984369e+01 +3.051598437e+02 +3.051598437e+02
476 0 +2.861970490e+01 +3.017697049e+02 +3.017697049e+02
503 0 +2.656808268e+01 +2.997180827e+02 +2.997180827e+02
535 0 +2.391530106e+01 +2.970653011e+02 +2.970653011e+02
573 0 +2.271751922e+01 +2.958675192e+02 +2.958675192e+02
646 0 +2.146920936e+01 +2.946192094e+02 +2.946192094e+02
699 0 +1.945343831e+01 +2.926034383e+02 +2.926034383e+02
769 0 +1.828497376e+01 +2.914349738e+02 +2.914349738e+02
815 0 +1.761986185e+01 +2.907698619e+02 +2.907698619e+02
904 0 +1.625518736e+01 +2.894051874e+02 +2.894051874e+02
1044 0 +1.588619327e+01 +2.890361933e+02 +2.890361933e+02
1060 0 +1.564032427e+01 +2.887903243e+02 +2.887903243e+02
1084 0 +1.398642566e+01 +2.871364257e+02 +2.871364257e+02
1098 0 +1.375913834e+01 +2.869091383e+02 +2.869091383e+02
1130 0 +1.239508532e+01 +2.855450853e+02 +2.855450853e+02
1418 0 +1.128791305e+01 +2.844379130e+02 +2.844379130e+02
1473 0 +1.095876776e+01 +2.841087678e+02 +2.841087678e+02
1476 0 +1.051801682e+01 +2.836680168e+02 +2.836680168e+02
1499 0 +1.036423986e+01 +2.835142399e+02 +2.835142399e+02
1549 0 +1.004678889e+01 +2.831967889e+02 +2.831967889e+02
1755 0 +9.807122868e+00 +2.829571229e+02 +2.829571229e+02
1762 0 +9.015800814e+00 +2.821658008e+02 +2.821658008e+02
1871 0 +8.466013873e+00 +2.816160139e+02 +2.816160139e+02
1883 0 +8.017344834e+00 +2.811673448e+02 +2.811673448e+02
1884 0 +7.769634716e+00 +2.809196347e+02 +2.809196347e+02
1938 0 +7.213950546e+00 +2.803639505e+02 +2.803639505e+02
2015 0 +6.741984311e+00 +2.798919843e+02 +2.798919843e+02
2076 0 +6.537162791e+00 +2.796871628e+02 +2.796871628e+02
2428 0 +6.142111229e+00 +2.792921112e+02 +2.792921112e+02
2457 0 +5.902831770e+00 +2.790528318e+02 +2.790528318e+02
2528 0 +5.791215220e+00 +2.789412152e+02 +2.789412152e+02
2540 0 +5.723691955e+00 +2.788736920e+02 +2.788736920e+02
2562 0 +5.588439592e+00 +2.787384396e+02 +2.787384396e+02
2593 0 +5.474647636e+00 +2.786246476e+02 +2.786246476e+02
2626 0 +5.150137079e+00 +2.783001371e+02 +2.783001371e+02
2635 0 +4.876333231e+00 +2.780263332e+02 +2.780263332e+02
2660 0 +4.773951200e+00 +2.779239512e+02 +2.779239512e+02
2847 0 +4.559602593e+00 +2.777096026e+02 +2.777096026e+02
2961 0 +4.350668684e+00 +2.775006687e+02 +2.775006687e+02
3027 0 +4.156983908e+00 +2.773069839e+02 +2.773069839e+02
3108 0 +3.817871940e+00 +2.769678719e+02 +2.769678719e+02
3288 0 +3.792226757e+00 +2.769422268e+02 +2.769422268e+02
3293 0 +3.599499922e+00 +2.767494999e+02 +2.767494999e+02
3323 0 +3.456485889e+00 +2.766064859e+02 +2.766064859e+02
3518 0 +3.332744454e+00 +2.764827445e+02 +2.764827445e+02
3619 0 +3.280459037e+00 +2.764304590e+02 +2.764304590e+02
3623 0 +2.964335985e+00 +2.761143360e+02 +2.761143360e+02
3722 0 +2.613179397e+00 +2.757631794e+02 +2.757631794e+02
3972 0 +2.539439497e+00 +2.756894395e+02 +2.756894395e+02
3991 0 +2.415253047e+00 +2.755652530e+02 +2.755652530e+02
4053 0 +2.255678277e+00 +2.754056783e+02 +2.754056783e+02
4145 0 +2.123404866e+00 +2.752734049e+02 +2.752734049e+02
4341 0 +2.081611997e+00 +2.752316120e+02 +2.752316120e+02
4343 0 +2.024234711e+00 +2.751742347e+02 +2.751742347e+02
4427 0 +1.988236146e+00 +2.751382361e+02 +2.751382361e+02
4504 0 +1.940155496e+00 +2.750901555e+02 +2.750901555e+02
4532 0 +1.870631702e+00 +2.750206317e+02 +2.750206317e+02
4785 0 +1.844348415e+00 +2.749943484e+02 +2.749943484e+02
4880 0 +1.773317326e+00 +2.749233173e+02 +2.749233173e+02
5005 0 +1.709735687e+00 +2.748597357e+02 +2.748597357e+02
5121 0 +1.694182469e+00 +2.748441825e+02 +2.748441825e+02
5148 0 +1.643246282e+00 +2.747932463e+02 +2.747932463e+02
5161 0 +1.545149200e+00 +2.746951492e+02 +2.746951492e+02
5432 0 +1.453661163e+00 +2.746036612e+02 +2.746036612e+02
5464 0 +1.444564507e+00 +2.745945645e+02 +2.745945645e+02
5610 0 +1.377795426e+00 +2.745277954e+02 +2.745277954e+02
5860 0 +1.342532135e+00 +2.744925321e+02 +2.744925321e+02
5972 0 +1.303476148e+00 +2.744534761e+02 +2.744534761e+02
6062 0 +1.285129843e+00 +2.744351298e+02 +2.744351298e+02
6070 0 +1.232560699e+00 +2.743825607e+02 +2.743825607e+02
6155 0 +1.212129274e+00 +2.743621293e+02 +2.743621293e+02
6192 0 +1.194299256e+00 +2.743442993e+02 +2.743442993e+02
6356 0 +1.168190393e+00 +2.743181904e+02 +2.743181904e+02
6515 0 +1.122267713e+00 +2.742722677e+02 +2.742722677e+02
6725 0 +1.118397991e+00 +2.742683980e+02 +2.742683980e+02
7026 0 +1.091645473e+00 +2.742416455e+02 +2.742416455e+02
7105 0 +1.070090454e+00 +2.742200905e+02 +2.742200905e+02
7393 0 +1.041123774e+00 +2.741911238e+02 +2.741911238e+02
7810 0 +1.021782192e+00 +2.741717822e+02 +2.741717822e+02
8353 0 +9.996040375e-01 +2.741496040e+02 +2.741496040e+02
10085 0 +9.769089283e-01 +2.741269089e+02 +2.741269089e+02
% f evaluations | g evaluations | best noise-free fitness - Fopt (3.718000000000e+01) + sum g_i+ | measured fitness | best measured fitness or single-digit g-values | x1 | x2...
1 0 +8.580160898e+01 +1.229816090e+02 +1.229816090e+02
8 0 +7.055102421e+01 +1.077310242e+02 +1.077310242e+02
9 0 +6.153548248e+01 +9.871548248e+01 +9.871548248e+01
26 0 +5.417695635e+01 +9.135695635e+01 +9.135695635e+01
136 0 +4.318575259e+01 +8.036575259e+01 +8.036575259e+01
166 0 +4.041628112e+01 +7.759628112e+01 +7.759628112e+01
196 0 +3.726916473e+01 +7.444916473e+01 +7.444916473e+01
209 0 +3.543013092e+01 +7.261013092e+01 +7.261013092e+01
228 0 +3.392434830e+01 +7.110434830e+01 +7.110434830e+01
272 0 +3.330543898e+01 +7.048543898e+01 +7.048543898e+01
304 0 +3.288150634e+01 +7.006150634e+01 +7.006150634e+01
390 0 +3.047050734e+01 +6.765050734e+01 +6.765050734e+01
565 0 +2.893956854e+01 +6.611956854e+01 +6.611956854e+01
688 0 +2.746157018e+01 +6.464157018e+01 +6.464157018e+01
740 0 +2.648085854e+01 +6.366085854e+01 +6.366085854e+01
793 0 +2.465014159e+01 +6.183014159e+01 +6.183014159e+01
797 0 +2.391082246e+01 +6.109082246e+01 +6.109082246e+01
824 0 +2.079046102e+01 +5.797046102e+01 +5.797046102e+01
964 0 +1.882897048e+01 +5.600897048e+01 +5.600897048e+01
978 0 +1.721021264e+01 +5.439021264e+01 +5.439021264e+01
1096 0 +1.580817022e+01 +5.298817022e+01 +5.298817022e+01
1140 0 +1.544164561e+01 +5.262164561e+01 +5.262164561e+01
1263 0 +1.462791081e+01 +5.180791081e+01 +5.180791081e+01
1303 0 +1.302227769e+01 +5.020227769e+01 +5.020227769e+01
1479 0 +1.287232545e+01 +5.005232545e+01 +5.005232545e+01
1493 0 +1.235729176e+01 +4.953729176e+01 +4.953729176e+01
1511 0 +1.099333065e+01 +4.817333065e+01 +4.817333065e+01
1592 0 +1.094478636e+01 +4.812478636e+01 +4.812478636e+01
1615 0 +8.793786176e+00 +4.597378618e+01 +4.597378618e+01
1769 0 +8.227933754e+00 +4.540793375e+01 +4.540793375e+01
1872 0 +7.342338305e+00 +4.452233831e+01 +4.452233831e+01
1997 0 +7.229560260e+00 +4.440956026e+01 +4.440956026e+01
2017 0 +6.476379519e+00 +4.365637952e+01 +4.365637952e+01
2048 0 +6.417177165e+00 +4.359717717e+01 +4.359717717e+01
2172 0 +6.117248534e+00 +4.329724853e+01 +4.329724853e+01
2188 0 +5.827337004e+00 +4.300733700e+01 +4.300733700e+01
2252 0 +5.617475909e+00 +4.279747591e+01 +4.279747591e+01
2306 0 +5.481178161e+00 +4.266117816e+01 +4.266117816e+01
2415 0 +4.832485040e+00 +4.201248504e+01 +4.201248504e+01
2552 0 +4.477743362e+00 +4.165774336e+01 +4.165774336e+01
2585 0 +4.285070066e+00 +4.146507007e+01 +4.146507007e+01
2590 0 +4.197098174e+00 +4.137709817e+01 +4.137709817e+01
2606 0 +3.406201811e+00 +4.058620181e+01 +4.058620181e+01
2992 0 +3.388154268e+00 +4.056815427e+01 +4.056815427e+01
3021 0 +3.307741446e+00 +4.048774145e+01 +4.048774145e+01
3031 0 +3.169181919e+00 +4.034918192e+01 +4.034918192e+01
3056 0 +3.159667572e+00 +4.033966757e+01 +4.033966757e+01
3064 0 +2.954204347e+00 +4.013420435e+01 +4.013420435e+01
3087 0 +2.884214519e+00 +4.006421452e+01 +4.006421452e+01
3092 0 +2.799263796e+00 +3.997926380e+01 +3.997926380e+01
3261 0 +2.734649681e+00 +3.991464968e+01 +3.991464968e+01
3278 0 +2.277504507e+00 +3.945750451e+01 +3.945750451e+01
3364 0 +2.085960925e+00 +3.926596093e+01 +3.926596093e+01
3372 0 +2.035366915e+00 +3.921536692e+01 +3.921536692e+01
3411 0 +1.957455034e+00 +3.913745503e+01 +3.913745503e+01
3496 0 +1.947939918e+00 +3.912793992e+01 +3.912793992e+01
3594 0 +1.903182238e+00 +3.908318224e+01 +3.908318224e+01
3676 0 +1.835910165e+00 +3.901591017e+01 +3.901591017e+01
3693 0 +1.684638011e+00 +3.886463801e+01 +3.886463801e+01
3809 0 +1.645943094e+00 +3.882594309e+01 +3.882594309e+01
3853 0 +1.565177238e+00 +3.874517724e+01 +3.874517724e+01
3904 0 +1.497682153e+00 +3.867768215e+01 +3.867768215e+01
3921 0 +1.436169342e+00 +3.861616934e+01 +3.861616934e+01
3938 0 +1.398448999e+00 +3.857844900e+01 +3.857844900e+01
3947 0 +1.295286305e+00 +3.847528631e+01 +3.847528631e+01
4015 0 +1.225877853e+00 +3.840587785e+01 +3.840587785e+01
4173 0 +1.131308422e+00 +3.831130842e+01 +3.831130842e+01
4247 0 +1.067734598e+00 +3.824773460e+01 +3.824773460e+01
4398 0 +1.018979733e+00 +3.819897973e+01 +3.819897973e+01
4465 0 +9.861670474e-01 +3.816616705e+01 +3.816616705e+01
4495 0 +9.767303637e-01 +3.815673036e+01 +3.815673036e+01
4569 0 +9.185099954e-01 +3.809851000e+01 +3.809851000e+01
4723 0 +8.730227474e-01 +3.805302275e+01 +3.805302275e+01
4744 0 +8.644674564e-01 +3.804446746e+01 +3.804446746e+01
4760 0 +8.402748616e-01 +3.802027486e+01 +3.802027486e+01
4890 0 +8.018472889e-01 +3.798184729e+01 +3.798184729e+01
4935 0 +7.863337652e-01 +3.796633377e+01 +3.796633377e+01
4954 0 +7.707238730e-01 +3.795072387e+01 +3.795072387e+01
5006 0 +7.511212837e-01 +3.793112128e+01 +3.793112128e+01
5034 0 +7.301210756e-01 +3.791012108e+01 +3.791012108e+01
5103 0 +7.123258035e-01 +3.789232580e+01 +3.789232580e+01
5184 0 +7.026563166e-01 +3.788265632e+01 +3.788265632e+01
5211 0 +6.796102246e-01 +3.785961022e+01 +3.785961022e+01
5229 0 +6.382386171e-01 +3.781823862e+01 +3.781823862e+01
5432 0 +5.951922735e-01 +3.777519227e+01 +3.777519227e+01
5460 0 +5.701681275e-01 +3.775016813e+01 +3.775016813e+01
5706 0 +5.610264388e-01 +3.774102644e+01 +3.774102644e+01
5786 0 +5.452672490e-01 +3.772526725e+01 +3.772526725e+01
5840 0 +5.306257497e-01 +3.771062575e+01 +3.771062575e+01
5944 0 +5.101151095e-01 +3.769011511e+01 +3.769011511e+01
6199 0 +4.976479933e-01 +3.767764799e+01 +3.767764799e+01
6249 0 +4.855773785e-01 +3.766557738e+01 +3.766557738e+01
6301 0 +4.774557314e-01 +3.765745573e+01 +3.765745573e+01
6488 0 +4.608809982e-01 +3.764088100e+01 +3.764088100e+01
6609 0 +4.542679383e-01 +3.763426794e+01 +3.763426794e+01
6830 0 +4.461263116e-01 +3.762612631e+01 +3.762612631e+01
7079 0 +4.309000006e-01 +3.761090000e+01 +3.761090000e+01
7287 0 +4.234810833e-01 +3.760348108e+01 +3.760348108e+01
7496 0 +4.168102703e-01 +3.759681027e+01 +3.759681027e+01
7794 0 +4.049956476e-01 +3.758499565e+01 +3.758499565e+01
8372 0 +3.966606453e-01 +3.757666065e+01 +3.757666065e+01
9110 0 +3.889147969e-01 +3.756891480e+01 +3.756891480e+01
10475 0 +3.801887714e-01 +3.756018877e+01 +3.756018877e+01
% f evaluations | g evaluations | best noise-free fitness - Fopt (-1.479000000000e+02) + sum g_i+ | measured fitness | best measured fitness or single-digit g-values | x1 | x2...
1 0 +1.810788989e+02 +3.317889887e+01 +3.317889887e+01
2 0 +1.119054206e+02 -3.599457943e+01 -3.599457943e+01
3 0 +8.614412053e+01 -6.175587947e+01 -6.175587947e+01
7 0 +7.766830387e+01 -7.023169613e+01 -7.023169613e+01
16 0 +5.022002353e+01 -9.767997647e+01 -9.767997647e+01
1294 0 +4.782457866e+01 -1.000754213e+02 -1.000754213e+02
% f evaluations | g evaluations | best noise-free fitness - Fopt (1.699300000000e+02) + sum g_i+ | measured fitness | best measured fitness or single-digit g-values | x1 | x2...
1 0 +6.511332951e+01 +2.350433295e+02 +2.350433295e+02
8 0 +6.077167026e+01 +2.307016703e+02 +2.307016703e+02
15 0 +4.576213104e+01 +2.156921310e+02 +2.156921310e+02
31 0 +3.585412557e+01 +2.057841256e+02 +2.057841256e+02
75 0 +3.516117735e+01 +2.050911773e+02 +2.050911773e+02
140 0 +2.833093491e+01 +1.982609349e+02 +1.982609349e+02
193 0 +2.659661687e+01 +1.965266169e+02 +1.965266169e+02
210 0 +2.524432928e+01 +1.951743293e+02 +1.951743293e+02
265 0 +1.990644102e+01 +1.898364410e+02 +1.898364410e+02
305 0 +1.856190374e+01 +1.884919037e+02 +1.884919037e+02
322 0 +1.742571093e+01 +1.873557109e+02 +1.873557109e+02
408 0 +1.672924672e+01 +1.866592467e+02 +1.866592467e+02
435 0 +1.565789060e+01 +1.855878906e+02 +1.855878906e+02
504 0 +1.468438169e+01 +1.846143817e+02 +1.846143817e+02
526 0 +1.415208556e+01 +1.840820856e+02 +1.840820856e+02
534 0 +1.232504404e+01 +1.822550440e+02 +1.822550440e+02
546 0 +1.219780158e+01 +1.821278016e+02 +1.821278016e+02
578 0 +1.201696613e+01 +1.819469661e+02 +1.819469661e+02
601 0 +1.174657863e+01 +1.816765786e+02 +1.816765786e+02
718 0 +1.084006269e+01 +1.807700627e+02 +1.807700627e+02
760 0 +9.691810964e+00 +1.796218110e+02 +1.796218110e+02
844 0 +9.323714000e+00 +1.792537140e+02 +1.792537140e+02
924 0 +8.057139438e+00 +1.779871394e+02 +1.779871394e+02
1146 0 +7.795055564e+00 +1.777250556e+02 +1.777250556e+02
1150 0 +7.395711571e+00 +1.773257116e+02 +1.773257116e+02
1188 0 +6.982927643e+00 +1.769129276e+02 +1.769129276e+02
1251 0 +6.762028499e+00 +1.766920285e+02 +1.766920285e+02
1278 0 +6.701884583e+00 +1.766318846e+02 +1.766318846e+02
1294 0 +6.572546582e+00 +1.765025466e+02 +1.765025466e+02
1307 0 +6.265204502e+00 +1.761952045e+02 +1.761952045e+02
1311 0 +5.938436774e+00 +1.758684368e+02 +1.758684368e+02
1517 0 +5.673240330e+00 +1.756032403e+02 +1.756032403e+02
1610 0 +5.437277518e+00 +1.753672775e+02 +1.753672775e+02
1723 0 +5.298016949e+00 +1.752280169e+02 +1.752280169e+02
1763 0 +4.396862949e+00 +1.743268629e+02 +1.743268629e+02
1907 0 +4.139947898e+00 +1.740699479e+02 +1.740699479e+02
1929 0 +3.879700076e+00 +1.738097001e+02 +1.738097001e+02
2157 0 +3.566657050e+00 +1.734966571e+02 +1.734966571e+02
2238 0 +3.300976480e+00 +1.732309765e+02 +1.732309765e+02
2356 0 +3.223960296e+00 +1.731539603e+02 +1.731539603e+02
2367 0 +3.000156650e+00 +1.729301567e+02 +1.729301567e+02
2487 0 +2.777815021e+00 +1.727078150e+02 +1.727078150e+02
2782 0 +2.751976977e+00 +1.726819770e+02 +1.726819770e+02
2791 0 +2.651368104e+00 +1.725813681e+02 +1.725813681e+02
2826 0 +2.598684490e+00 +1.725286845e+02 +1.725286845e+02
2837 0 +2.505461193e+00 +1.724354612e+02 +1.724354612e+02
2886 0 +2.228303998e+00 +1.721583040e+02 +1.721583040e+02
3157 0 +2.169722123e+00 +1.720997221e+02 +1.720997221e+02
3160 0 +2.131718161e+00 +1.720617182e+02 +1.720617182e+02
3237 0 +2.044080902e+00 +1.719740809e+02 +1.719740809e+02
3249 0 +2.016578430e+00 +1.719465784e+02 +1.719465784e+02
3261 0 +1.994619520e+00 +1.719246195e+02 +1.719246195e+02
3294 0 +1.871957918e+00 +1.718019579e+02 +1.718019579e+02
3323 0 +1.828903094e+00 +1.717589031e+02 +1.717589031e+02
3345 0 +1.772722835e+00 +1.717027228e+02 +1.717027228e+02
3556 0 +1.692421504e+00 +1.716224215e+02 +1.716224215e+02
3715 0 +1.594651175e+00 +1.715246512e+02 +1.715246512e+02
3762 0 +1.577640535e+00 +1.715076405e+02 +1.715076405e+02
3872 0 +1.534142049e+00 +1.714641420e+02 +1.714641420e+02
3880 0 +1.453584455e+00 +1.713835845e+02 +1.713835845e+02
4055 0 +1.429550268e+00 +1.713595503e+02 +1.713595503e+02
4096 0 +1.411578566e+00 +1.713415786e+02 +1.713415786e+02
4173 0 +1.360804103e+00 +1.712908041e+02 +1.712908041e+02
4327 0 +1.337020724e+00 +1.712670207e+02 +1.712670207e+02
4365 0 +1.293525577e+00 +1.712235256e+02 +1.712235256e+02
4444 0 +1.283842124e+00 +1.712138421e+02 +1.712138421e+02
4533 0 +1.246962741e+00 +1.711769627e+02 +1.711769627e+02
4768 0 +1.228032898e+00 +1.711580329e+02 +1.711580329e+02
5032 0 +1.189024490e+00 +1.711190245e+02 +1.711190245e+02
5326 0 +1.172640826e+00 +1.711026408e+02 +1.711026408e+02
5632 0 +1.147195699e+00 +1.710771957e+02 +1.710771957e+02
5770 0 +1.120855044e+00 +1.710508550e+02 +1.710508550e+02
6214 0 +1.095640533e+00 +1.710256405e+02 +1.710256405e+02
7038 0 +1.070877940e+00 +1.710008779e+02 +1.710008779e+02
9868 0 +1.046818999e+00 +1.709768190e+02 +1.709768190e+02
% f evaluations | g evaluations | best noise-free fitness - Fopt (1.181700000000e+02) + sum g_i+ | measured fitness | best measured fitness or single-digit g-values | x1 | x2...
1 0 +7.379556385e+01 +1.919655638e+02 +1.919655638e+02
18 0 +7.337482709e+01 +1.915448271e+02 +1.915448271e+02
37 0 +7.144166479e+01 +1.896116648e+02 +1.896116648e+02
38 0 +6.071083122e+01 +1.788808312e+02 +1.788808312e+02
53 0 +5.852611845e+01 +1.766961184e+02 +1.766961184e+02
122 0 +5.494529946e+01 +1.731152995e+02 +1.731152995e+02
169 0 +4.856540901e+01 +1.667354090e+02 +1.667354090e+02
182 0 +4.550401841e+01 +1.636740184e+02 +1.636740184e+02
209 0 +4.366523049e+01 +1.618352305e+02 +1.618352305e+02
212 0 +3.994226421e+01 +1.581122642e+02 +1.581122642e+02
213 0 +3.954467779e+01 +1.577146778e+02 +1.577146778e+02
255 0 +3.593261033e+01 +1.541026103e+02 +1.541026103e+02
288 0 +3.485324873e+01 +1.530232487e+02 +1.530232487e+02
326 0 +3.253360215e+01 +1.507036022e+02 +1.507036022e+02
339 0 +3.190487313e+01 +1.500748731e+02 +1.500748731e+02
359 0 +2.959259495e+01 +1.477625949e+02 +1.477625949e+02
366 0 +2.833140680e+01 +1.465014068e+02 +1.465014068e+02
383 0 +2.718006958e+01 +1.453500696e+02 +1.453500696e+02
391 0 +2.204074802e+01 +1.402107480e+02 +1.402107480e+02
519 0 +2.072026970e+01 +1.388902697e+02 +1.388902697e+02
562 0 +1.746927371e+01 +1.356392737e+02 +1.356392737e+02
591 0 +1.658165374e+01 +1.347516537e+02 +1.347516537e+02
658 0 +1.611035577e+01 +1.342803558e+02 +1.342803558e+02
757 0 +1.526177860e+01 +1.334317786e+02 +1.334317786e+02
771 0 +1.475463067e+01 +1.329246307e+02 +1.329246307e+02
863 0 +1.340565940e+01 +1.315756594e+02 +1.315756594e+02
922 0 +1.253404605e+01 +1.307040460e+02 +1.307040460e+02
970 0 +1.158776247e+01 +1.297577625e+02 +1.297577625e+02
980 0 +1.143331315e+01 +1.296033132e+02 +1.296033132e+02
1072 0 +9.866643212e+00 +1.280366432e+02 +1.280366432e+02
1301 0 +9.297852076e+00 +1.274678521e+02 +1.274678521e+02
1353 0 +8.940179699e+00 +1.271101797e+02 +1.271101797e+02
1388 0 +8.461636990e+00 +1.266316370e+02 +1.266316370e+02
1390 0 +7.491507260e+00 +1.256615073e+02 +1.256615073e+02
1597 0 +7.258580753e+00 +1.254285808e+02 +1.254285808e+02
1601 0 +7.231947923e+00 +1.254019479e+02 +1.254019479e+02
1604 0 +6.692504918e+00 +1.248625049e+02 +1.248625049e+02
1750 0 +6.547462210e+00 +1.247174622e+02 +1.247174622e+02
1797 0 +6.354085751e+00 +1.245240858e+02 +1.245240858e+02
1824 0 +6.150854634e+00 +1.243208546e+02 +1.243208546e+02
1826 0 +5.722313961e+00 +1.238923140e+02 +1.238923140e+02
1837 0 +4.969420418e+00 +1.231394204e+02 +1.231394204e+02
2234 0 +4.683161989e+00 +1.228531620e+02 +1.228531620e+02
2313 0 +4.584192240e+00 +1.227541922e+02 +1.227541922e+02
2326 0 +4.514803185e+00 +1.226848032e+02 +1.226848032e+02
2365 0 +4.071533535e+00 +1.222415335e+02 +1.222415335e+02
2382 0 +3.766442505e+00 +1.219364425e+02 +1.219364425e+02
2554 0 +3.551327550e+00 +1.217213276e+02 +1.217213276e+02
2561 0 +3.451454054e+00 +1.216214541e+02 +1.216214541e+02
2657 0 +3.211725612e+00 +1.213817256e+02 +1.213817256e+02
2863 0 +3.041142574e+00 +1.212111426e+02 +1.212111426e+02
2870 0 +3.009890836e+00 +1.211798908e+02 +1.211798908e+02
2910 0 +2.895669589e+00 +1.210656696e+02 +1.210656696e+02
2923 0 +2.783423255e+00 +1.209534233e+02 +1.209534233e+02
2974 0 +2.694818114e+00 +1.208648181e+02 +1.208648181e+02
3029 0 +2.617025970e+00 +1.207870260e+02 +1.207870260e+02
3054 0 +2.559895843e+00 +1.207298958e+02 +1.207298958e+02
3102 0 +2.491149874e+00 +1.206611499e+02 +1.206611499e+02
3119 0 +2.344137158e+00 +1.205141372e+02 +1.205141372e+02
3172 0 +2.222022204e+00 +1.203920222e+02 +1.203920222e+02
3214 0 +2.184064162e+00 +1.203540642e+02 +1.203540642e+02
3372 0 +1.996040932e+00 +1.201660409e+02 +1.201660409e+02
3430 0 +1.928830621e+00 +1.200988306e+02 +1.200988306e+02
3453 0 +1.897853498e+00 +1.200678535e+02 +1.200678535e+02
3569 0 +1.826809138e+00 +1.199968091e+02 +1.199968091e+02
3596 0 +1.760448721e+00 +1.199304487e+02 +1.199304487e+02
3619 0 +1.607553890e+00 +1.197775539e+02 +1.197775539e+02
3810 0 +1.560421860e+00 +1.197304219e+02 +1.197304219e+02
3814 0 +1.529112512e+00 +1.196991125e+02 +1.196991125e+02
3880 0 +1.490317757e+00 +1.196603178e+02 +1.196603178e+02
3889 0 +1.399173631e+00 +1.195691736e+02 +1.195691736e+02
4157 0 +1.379456534e+00 +1.195494565e+02 +1.195494565e+02
4169 0 +1.347606277e+00 +1.195176063e+02 +1.195176063e+02
4348 0 +1.302959470e+00 +1.194729595e+02 +1.194729595e+02
4372 0 +1.284522785e+00 +1.194545228e+02 +1.194545228e+02
4551 0 +1.257115991e+00 +1.194271160e+02 +1.194271160e+02
4610 0 +1.208143978e+00 +1.193781440e+02 +1.193781440e+02
4743 0 +1.166717203e+00 +1.193367172e+02 +1.193367172e+02
4825 0 +1.129708370e+00 +1.192997084e+02 +1.192997084e+02
4864 0 +1.107973335e+00 +1.192779733e+02 +1.192779733e+02
4926 0 +1.070430578e+00 +1.192404306e+02 +1.192404306e+02
4941 0 +1.030228648e+00 +1.192002286e+02 +1.192002286e+02
5148 0 +1.001571157e+00 +1.191715712e+02 +1.191715712e+02
5403 0 +9.995523715e-01 +1.191695524e+02 +1.191695524e+02
5445 0 +9.732246014e-01 +1.191432246e+02 +1.191432246e+02
5472 0 +9.430947322e-01 +1.191130947e+02 +1.191130947e+02
5956 0 +9.285453599e-01 +1.190985454e+02 +1.190985454e+02
6102 0 +9.106248468e-01 +1.190806248e+02 +1.190806248e+02
6235 0 +8.833392411e-01 +1.190533392e+02 +1.190533392e+02
6385 0 +8.699480114e-01 +1.190399480e+02 +1.190399480e+02
6862 0 +8.482782551e-01 +1.190182783e+02 +1.190182783e+02
7307 0 +8.296022952e-01 +1.189996023e+02 +1.189996023e+02
8721 0 +8.125909781e-01 +1.189825910e+02 +1.189825910e+02
11507 0 +7.942203341e-01 +1.189642203e+02 +1.189642203e+02
% f evaluations | g evaluations | best noise-free fitness - Fopt (-1.791300000000e+02) + sum g_i+ | measured fitness | best measured fitness or single-digit g-values | x1 | x2...
1 0 +3.694066101e+02 +1.902766101e+02 +1.902766101e+02
2 0 +1.340302146e+02 -4.509978538e+01 -4.509978538e+01
3 0 +1.038657120e+02 -7.526428800e+01 -7.526428800e+01
5 0 +7.465623370e+01 -1.044737663e+02 -1.044737663e+02
16 0 +5.843324725e+01 -1.206967527e+02 -1.206967527e+02
930 0 +5.462409524e+01 -1.245059048e+02 -1.245059048e+02
2780 0 +5.219997328e+01 -1.269300267e+02 -1.269300267e+02
2874 0 +4.963780193e+01 -1.294921981e+02 -1.294921981e+02
% f evaluations | g evaluations | best noise-free fitness - Fopt (-5.784000000000e+02) + sum g_i+ | measured fitness | best measured fitness or single-digit g-values | x1 | x2...
1 0 +1.620491408e+02 -4.163508592e+02 -4.163508592e+02
2 0 +1.186154067e+02 -4.597845933e+02 -4.597845933e+02
6 0 +7.693778431e+01 -5.014622157e+02 -5.014622157e+02
8 0 +7.532479539e+01 -5.030752046e+02 -5.030752046e+02
16 0 +6.619423480e+01 -5.122057652e+02 -5.122057652e+02
64 0 +5.660727779e+01 -5.217927222e+02 -5.217927222e+02
896 0 +3.985847859e+01 -5.385415214e+02 -5.385415214e+02
% f evaluations | g evaluations | best noise-free fitness - Fopt (1.000000000000e+03) + sum g_i+ | measured fitness | best measured fitness or single-digit g-values | x1 | x2...
1 0 +1.217909446e+02 +1.121790945e+03 +1.121790945e+03
3 0 +6.624111107e+01 +1.066241111e+03 +1.066241111e+03
26 0 +6.588915792e+01 +1.065889158e+03 +1.065889158e+03
32 0 +5.724670745e+01 +1.057246707e+03 +1.057246707e+03
53 0 +4.451863924e+01 +1.044518639e+03 +1.044518639e+03
81 0 +3.854121906e+01 +1.038541219e+03 +1.038541219e+03
167 0 +3.677104897e+01 +1.036771049e+03 +1.036771049e+03
169 0 +3.478623487e+01 +1.034786235e+03 +1.034786235e+03
189 0 +3.434508257e+01 +1.034345083e+03 +1.034345083e+03
199 0 +3.125270413e+01 +1.031252704e+03 +1.031252704e+03
226 0 +2.902535332e+01 +1.029025353e+03 +1.029025353e+03
262 0 +2.838864937e+01 +1.028388649e+03 +1.028388649e+03
263 0 +2.721349007e+01 +1.027213490e+03 +1.027213490e+03
303 0 +2.604002776e+01 +1.026040028e+03 +1.026040028e+03
415 0 +2.508323048e+01 +1.025083230e+03 +1.025083230e+03
424 0 +2.439891472e+01 +1.024398915e+03 +1.024398915e+03
455 0 +2.047759925e+01 +1.020477599e+03 +1.020477599e+03
464 0 +2.010463374e+01 +1.020104634e+03 +1.020104634e+03
589 0 +1.944767453e+01 +1.019447675e+03 +1.019447675e+03
640 0 +1.702075335e+01 +1.017020753e+03 +1.017020753e+03
655 0 +1.591833101e+01 +1.015918331e+03 +1.015918331e+03
724 0 +1.516646982e+01 +1.015166470e+03 +1.015166470e+03
835 0 +1.478794221e+01 +1.014787942e+03 +1.014787942e+03
900 0 +1.193508315e+01 +1.011935083e+03 +1.011935083e+03
997 0 +1.173445486e+01 +1.011734455e+03 +1.011734455e+03
1012 0 +1.130271403e+01 +1.011302714e+03 +1.011302714e+03
1031 0 +1.071054201e+01 +1.010710542e+03 +1.010710542e+03
1036 0 +1.016891345e+01 +1.010168913e+03 +1.010168913e+03
1043 0 +9.891748238e+00 +1.009891748e+03 +1.009891748e+03
1209 0 +9.646969275e+00 +1.009646969e+03 +1.009646969e+03
1255 0 +9.420369479e+00 +1.009420369e+03 +1.009420369e+03
1265 0 +9.319501650e+00 +1.009319502e+03 +1.009319502e+03
1317 0 +9.086463437e+00 +1.009086463e+03 +1.009086463e+03
1332 0 +8.867200401e+00 +1.008867200e+03 +1.008867200e+03
1334 0 +8.442157108e+00 +1.008442157e+03 +1.008442157e+03
1380 0 +8.197143142e+00 +1.008197143e+03 +1.008197143e+03
1433 0 +8.068222410e+00 +1.008068222e+03 +1.008068222e+03
1495 0 +7.556608936e+00 +1.007556609e+03 +1.007556609e+03
1638 0 +7.360792777e+00 +1.007360793e+03 +1.007360793e+03
1640 0 +6.979104153e+00 +1.006979104e+03 +1.006979104e+03
1692 0 +6.642473124e+00 +1.006642473e+03 +1.006642473e+03
1736 0 +6.245597143e+00 +1.006245597e+03 +1.006245597e+03
1766 0 +5.706763668e+00 +1.005706764e+03 +1.005706764e+03
1786 0 +5.008220720e+00 +1.005008221e+03 +1.005008221e+03
1891 0 +4.573580757e+00 +1.004573581e+03 +1.004573581e+03
1915 0 +4.453053219e+00 +1.004453053e+03 +1.004453053e+03
1925 0 +4.304101212e+00 +1.004304101e+03 +1.004304101e+03
1988 0 +4.198636568e+00 +1.004198637e+03 +1.004198637e+03
2034 0 +3.849653206e+00 +1.003849653e+03 +1.003849653e+03
2121 0 +3.724389769e+00 +1.003724390e+03 +1.003724390e+03
2136 0 +3.658460405e+00 +1.003658460e+03 +1.003658460e+03
2142 0 +3.572168187e+00 +1.003572168e+03 +1.003572168e+03
2163 0 +3.410250644e+00 +1.003410251e+03 +1.003410251e+03
2464 0 +3.239875875e+00 +1.003239876e+03 +1.003239876e+03
2536 0 +3.145456061e+00 +1.003145456e+03 +1.003145456e+03
2551 0 +2.599752514e+00 +1.002599753e+03 +1.002599753e+03
2802 0 +2.524408050e+00 +1.002524408e+03 +1.002524408e+03
2855 0 +2.466301360e+00 +1.002466301e+03 +1.002466301e+03
2877 0 +2.392904527e+00 +1.002392905e+03 +1.002392905e+03
2932 0 +2.254999471e+00 +1.002254999e+03 +1.002254999e+03
2937 0 +2.124236142e+00 +1.002124236e+03 +1.002124236e+03
3071 0 +2.072728096e+00 +1.002072728e+03 +1.002072728e+03
3109 0 +2.032330573e+00 +1.002032331e+03 +1.002032331e+03
3162 0 +1.991363118e+00 +1.001991363e+03 +1.001991363e+03
3267 0 +1.836089810e+00 +1.001836090e+03 +1.001836090e+03
3357 0 +1.818402799e+00 +1.001818403e+03 +1.001818403e+03
3378 0 +1.662597687e+00 +1.001662598e+03 +1.001662598e+03
3476 0 +1.584342463e+00 +1.001584342e+03 +1.001584342e+03
3569 0 +1.522400839e+00 +1.001522401e+03 +1.001522401e+03
3574 0 +1.494971832e+00 +1.001494972e+03 +1.001494972e+03
3587 0 +1.477919769e+00 +1.001477920e+03 +1.001477920e+03
3597 0 +1.410027453e+00 +1.001410027e+03 +1.001410027e+03
3644 0 +1.364846077e+00 +1.001364846e+03 +1.001364846e+03
3755 0 +1.344563632e+00 +1.001344564e+03 +1.001344564e+03
3850 0 +1.317558672e+00 +1.001317559e+03 +1.001317559e+03
3903 0 +1.252825667e+00 +1.001252826e+03 +1.001252826e+03
3946 0 +1.192800588e+00 +1.001192801e+03 +1.001192801e+03
4156 0 +1.053003108e+00 +1.001053003e+03 +1.001053003e+03
4287 0 +9.624388823e-01 +1.000962439e+03 +1.000962439e+03
4532 0 +9.481394500e-01 +1.000948139e+03 +1.000948139e+03
4630 0 +8.868496004e-01 +1.000886850e+03 +1.000886850e+03
4863 0 +8.620599005e-01 +1.000862060e+03 +1.000862060e+03
4990 0 +8.403157719e-01 +1.000840316e+03 +1.000840316e+03
5107 0 +8.010101151e-01 +1.000801010e+03 +1.000801010e+03
5310 0 +7.937223674e-01 +1.000793722e+03 +1.000793722e+03
5386 0 +7.671879306e-01 +1.000767188e+03 +1.000767188e+03
5454 0 +7.458608904e-01 +1.000745861e+03 +1.000745861e+03
5498 0 +7.240155852e-01 +1.000724016e+03 +1.000724016e+03
5706 0 +6.992959639e-01 +1.000699296e+03 +1.000699296e+03
5961 0 +6.802685028e-01 +1.000680269e+03 +1.000680269e+03
5962 0 +6.745155886e-01 +1.000674516e+03 +1.000674516e+03
6002 0 +6.600375772e-01 +1.000660038e+03 +1.000660038e+03
6364 0 +6.381603795e-01 +1.000638160e+03 +1.000638160e+03
6574 0 +6.268615371e-01 +1.000626862e+03 +1.000626862e+03
6994 0 +6.096791730e-01 +1.000609679e+03 +1.000609679e+03
7236 0 +5.942273299e-01 +1.000594227e+03 +1.000594227e+03
8124 0 +5.877395075e-01 +1.000587740e+03 +1.000587740e+03
9452 0 +5.754399112e-01 +1.000575440e+03 +1.000575440e+03
% f evaluations | g evaluations | best noise-free fitness - Fopt (-3.427000000000e+01) + sum g_i+ | measured fitness | best measured fitness or single-digit g-values | x1 | x2...
1 0 +7.002810948e+01 +3.575810948e+01 +3.575810948e+01
13 0 +6.866542865e+01 +3.439542865e+01 +3.439542865e+01
17 0 +4.558810089e+01 +1.131810089e+01 +1.131810089e+01
188 0 +4.128778676e+01 +7.017786761e+00 +7.017786761e+00
199 0 +3.743607638e+01 +3.166076382e+00 +3.166076382e+00
298 0 +3.688070740e+01 +2.610707396e+00 +2.610707396e+00
318 0 +3.280142408e+01 -1.468575921e+00 -1.468575921e+00
331 0 +2.921256533e+01 -5.057434670e+00 -5.057434670e+00
852 0 +2.761150955e+01 -6.658490454e+00 -6.658490454e+00
% f evaluations | g evaluations | best noise-free fitness - Fopt (1.000000000000e+03) + sum g_i+ | measured fitness | best measured fitness or single-digit g-values | x1 | x2...
1 0 +1.256848272e+02 +1.125684827e+03 +1.125684827e+03
2 0 +1.255203070e+02 +1.125520307e+03 +1.125520307e+03
3 0 +1.039867628e+02 +1.103986763e+03 +1.103986763e+03
5 0 +7.800085140e+01 +1.078000851e+03 +1.078000851e+03
12 0 +7.433778618e+01 +1.074337786e+03 +1.074337786e+03
16 0 +5.543273021e+01 +1.055432730e+03 +1.055432730e+03
42 0 +3.960375833e+01 +1.039603758e+03 +1.039603758e+03
211 0 +3.677683648e+01 +1.036776836e+03 +1.036776836e+03
252 0 +3.490065673e+01 +1.034900657e+03 +1.034900657e+03
265 0 +3.438115532e+01 +1.034381155e+03 +1.034381155e+03
275 0 +3.247645683e+01 +1.032476457e+03 +1.032476457e+03
292 0 +3.143358571e+01 +1.031433586e+03 +1.031433586e+03
354 0 +3.021237014e+01 +1.030212370e+03 +1.030212370e+03
402 0 +3.007569582e+01 +1.030075696e+03 +1.030075696e+03
425 0 +2.950441773e+01 +1.029504418e+03 +1.029504418e+03
426 0 +2.537011924e+01 +1.025370119e+03 +1.025370119e+03
504 0 +2.419499994e+01 +1.024195000e+03 +1.024195000e+03
555 0 +2.152097397e+01 +1.021520974e+03 +1.021520974e+03
740 0 +1.979611136e+01 +1.019796111e+03 +1.019796111e+03
889 0 +1.903409075e+01 +1.019034091e+03 +1.019034091e+03
979 0 +1.838937584e+01 +1.018389376e+03 +1.018389376e+03
999 0 +1.758031419e+01 +1.017580314e+03 +1.017580314e+03
1132 0 +1.724136286e+01 +1.017241363e+03 +1.017241363e+03
1142 0 +1.637688909e+01 +1.016376889e+03 +1.016376889e+03
1165 0 +1.483733952e+01 +1.014837340e+03 +1.014837340e+03
1169 0 +1.379085723e+01 +1.013790857e+03 +1.013790857e+03
1181 0 +1.298592345e+01 +1.012985923e+03 +1.012985923e+03
1237 0 +1.264724027e+01 +1.012647240e+03 +1.012647240e+03
1299 0 +1.145063428e+01 +1.011450634e+03 +1.011450634e+03
1420 0 +9.611232372e+00 +1.009611232e+03 +1.009611232e+03
1659 0 +8.286565059e+00 +1.008286565e+03 +1.008286565e+03
1750 0 +8.098264458e+00 +1.008098264e+03 +1.008098264e+03
1956 0 +7.906279218e+00 +1.007906279e+03 +1.007906279e+03
2020 0 +7.643294217e+00 +1.007643294e+03 +1.007643294e+03
2050 0 +7.518879425e+00 +1.007518879e+03 +1.007518879e+03
2061 0 +6.670772647e+00 +1.006670773e+03 +1.006670773e+03
2135 0 +6.593928686e+00 +1.006593929e+03 +1.006593929e+03
2174 0 +6.202079774e+00 +1.006202080e+03 +1.006202080e+03
2210 0 +5.876893666e+00 +1.005876894e+03 +1.005876894e+03
2379 0 +5.565217375e+00 +1.005565217e+03 +1.005565217e+03
2385 0 +5.312135803e+00 +1.005312136e+03 +1.005312136e+03
2441 0 +4.951759687e+00 +1.004951760e+03 +1.004951760e+03
2629 0 +4.847987260e+00 +1.004847987e+03 +1.004847987e+03
2756 0 +4.055421044e+00 +1.004055421e+03 +1.004055421e+03
2861 0 +3.817051365e+00 +1.003817051e+03 +1.003817051e+03
2904 0 +3.708069495e+00 +1.003708069e+03 +1.003708069e+03
2932 0 +3.510501367e+00 +1.003510501e+03 +1.003510501e+03
2942 0 +3.441542974e+00 +1.003441543e+03 +1.003441543e+03
2983 0 +3.229313865e+00 +1.003229314e+03 +1.003229314e+03
3008 0 +3.074986039e+00 +1.003074986e+03 +1.003074986e+03
3051 0 +3.017870649e+00 +1.003017871e+03 +1.003017871e+03
3067 0 +2.804102023e+00 +1.002804102e+03 +1.002804102e+03
3135 0 +2.664492809e+00 +1.002664493e+03 +1.002664493e+03
3429 0 +2.495869622e+00 +1.002495870e+03 +1.002495870e+03
3550 0 +2.235280791e+00 +1.002235281e+03 +1.002235281e+03
3583 0 +2.041755097e+00 +1.002041755e+03 +1.002041755e+03
3665 0 +1.892319174e+00 +1.001892319e+03 +1.001892319e+03
3693 0 +1.820642718e+00 +1.001820643e+03 +1.001820643e+03
3713 0 +1.686194022e+00 +1.001686194e+03 +1.001686194e+03
3860 0 +1.656228549e+00 +1.001656229e+03 +1.001656229e+03
3920 0 +1.419715269e+00 +1.001419715e+03 +1.001419715e+03
4031 0 +1.394213830e+00 +1.001394214e+03 +1.001394214e+03
4162 0 +1.379733304e+00 +1.001379733e+03 +1.001379733e+03
4184 0 +1.301147233e+00 +1.001301147e+03 +1.001301147e+03
4192 0 +1.217197895e+00 +1.001217198e+03 +1.001217198e+03
4357 0 +1.183748237e+00 +1.001183748e+03 +1.001183748e+03
4366 0 +1.170240438e+00 +1.001170240e+03 +1.001170240e+03
4373 0 +1.132210994e+00 +1.001132211e+03 +1.001132211e+03
4377 0 +1.105939629e+00 +1.001105940e+03 +1.001105940e+03
4502 0 +1.081228684e+00 +1.001081229e+03 +1.001081229e+03
4587 0 +1.069634564e+00 +1.001069635e+03 +1.001069635e+03
4625 0 +9.899945223e-01 +1.000989995e+03 +1.000989995e+03
4643 0 +9.662306914e-01 +1.000966231e+03 +1.000966231e+03
4697 0 +9.541883069e-01 +1.000954188e+03 +1.000954188e+03
4730 0 +9.239236854e-01 +1.000923924e+03 +1.000923924e+03
4874 0 +8.945874061e-01 +1.000894587e+03 +1.000894587e+03
4966 0 +8.417648961e-01 +1.000841765e+03 +1.000841765e+03
5275 0 +8.195361765e-01 +1.000819536e+03 +1.000819536e+03
5525 0 +8.053295731e-01 +1.000805330e+03 +1.000805330e+03
5566 0 +7.925475564e-01 +1.000792548e+03 +1.000792548e+03
5577 0 +7.680064943e-01 +1.000768006e+03 +1.000768006e+03
5657 0 +7.572753688e-01 +1.000757275e+03 +1.000757275e+03
5739 0 +7.265562054e-01 +1.000726556e+03 +1.000726556e+03
5850 0 +7.203830869e-01 +1.000720383e+03 +1.000720383e+03
5879 0 +7.039008470e-01 +1.000703901e+03 +1.000703901e+03
5945 0 +6.711230053e-01 +1.000671123e+03 +1.000671123e+03
6278 0 +6.595744265e-01 +1.000659574e+03 +1.000659574e+03
6294 0 +6.421071210e-01 +1.000642107e+03 +1.000642107e+03
6402 0 +6.305472128e-01 +1.000630547e+03 +1.000630547e+03
6644 0 +6.149822436e-01 +1.000614982e+03 +1.000614982e+03
6695 0 +5.971242924e-01 +1.000597124e+03 +1.000597124e+03
6816 0 +5.884332562e-01 +1.000588433e+03 +1.000588433e+03
7086 0 +5.744035530e-01 +1.000574404e+03 +1.000574404e+03
7293 0 +5.622774717e-01 +1.000562277e+03 +1.000562277e+03
7712 0 +5.444511204e-01 +1.000544451e+03 +1.000544451e+03
8101 0 +5.364003384e-01 +1.000536400e+03 +1.000536400e+03
8614 0 +5.231126026e-01 +1.000523113e+03 +1.000523113e+03
9413 0 +5.106254569e-01 +1.000510625e+03 +1.000510625e+03
% f evaluations | g evaluations | best noise-free fitness - Fopt (-1.700300000000e+02) + sum g_i+ | measured fitness | best measured fitness or single-digit g-values | x1 | x2...
1 0 +4.849482996e+02 +3.149182996e+02 +3.149182996e+02
2 0 +8.721362027e+01 -8.281637973e+01 -8.281637973e+01
10 0 +7.557440150e+01 -9.445559850e+01 -9.445559850e+01
16 0 +6.305047050e+01 -1.069795295e+02 -1.069795295e+02
651 0 +5.641853735e+01 -1.136114627e+02 -1.136114627e+02
3320 0 +4.896868682e+01 -1.210613132e+02 -1.210613132e+02
% f evaluations | g evaluations | best noise-free fitness - Fopt (2.567000000000e+01) + sum g_i+ | measured fitness | best measured fitness or single-digit g-values | x1 | x2...
1 0 +1.896570820e+02 +2.153270820e+02 +2.153270820e+02
2 0 +7.668255567e+01 +1.023525557e+02 +1.023525557e+02
3 0 +6.996442628e+01 +9.563442628e+01 +9.563442628e+01
23 0 +6.373567913e+01 +8.940567913e+01 +8.940567913e+01
82 0 +5.841123429e+01 +8.408123429e+01 +8.408123429e+01
103 0 +5.618761807e+01 +8.185761807e+01 +8.185761807e+01
111 0 +4.804819826e+01 +7.371819826e+01 +7.371819826e+01
135 0 +4.712229540e+01 +7.279229540e+01 +7.279229540e+01
156 0 +3.956640559e+01 +6.523640559e+01 +6.523640559e+01
178 0 +3.626830583e+01 +6.193830583e+01 +6.193830583e+01
304 0 +3.471356597e+01 +6.038356597e+01 +6.038356597e+01
381 0 +3.405721694e+01 +5.972721694e+01 +5.972721694e+01
418 0 +3.228131755e+01 +5.795131755e+01 +5.795131755e+01
423 0 +3.090605991e+01 +5.657605991e+01 +5.657605991e+01
437 0 +2.891069118e+01 +5.458069118e+01 +5.458069118e+01
444 0 +2.846440455e+01 +5.413440455e+01 +5.413440455e+01
451 0 +2.665454288e+01 +5.232454288e+01 +5.232454288e+01
467 0 +2.623494159e+01 +5.190494159e+01 +5.190494159e+01
495 0 +2.429994159e+01 +4.996994159e+01 +4.996994159e+01
517 0 +2.235094067e+01 +4.802094067e+01 +4.802094067e+01
565 0 +2.103071344e+01 +4.670071344e+01 +4.670071344e+01
655 0 +2.034115035e+01 +4.601115035e+01 +4.601115035e+01
742 0 +1.875170787e+01 +4.442170787e+01 +4.442170787e+01
876 0 +1.786261025e+01 +4.353261025e+01 +4.353261025e+01
955 0 +1.684130173e+01 +4.251130173e+01 +4.251130173e+01
974 0 +1.550762278e+01 +4.117762278e+01 +4.117762278e+01
1028 0 +1.486831216e+01 +4.053831216e+01 +4.053831216e+01
1035 0 +1.451411975e+01 +4.018411975e+01 +4.018411975e+01
1051 0 +1.360127698e+01 +3.927127698e+01 +3.927127698e+01
1070 0 +1.232597411e+01 +3.799597411e+01 +3.799597411e+01
1120 0 +1.137696978e+01 +3.704696978e+01 +3.704696978e+01
1206 0 +1.039621427e+01 +3.606621427e+01 +3.606621427e+01
1234 0 +9.952501896e+00 +3.562250190e+01 +3.562250190e+01
1245 0 +9.575372116e+00 +3.524537212e+01 +3.524537212e+01
1279 0 +9.158759258e+00 +3.482875926e+01 +3.482875926e+01
1317 0 +8.795237371e+00 +3.446523737e+01 +3.446523737e+01
1323 0 +7.524661829e+00 +3.319466183e+01 +3.319466183e+01
1443 0 +7.133095759e+00 +3.280309576e+01 +3.280309576e+01
1774 0 +6.730167261e+00 +3.240016726e+01 +3.240016726e+01
1796 0 +6.572287988e+00 +3.224228799e+01 +3.224228799e+01
1997 0 +6.107888990e+00 +3.177788899e+01 +3.177788899e+01
2039 0 +5.673813338e+00 +3.134381334e+01 +3.134381334e+01
2151 0 +5.484467647e+00 +3.115446765e+01 +3.115446765e+01
2154 0 +5.105824216e+00 +3.077582422e+01 +3.077582422e+01
2188 0 +4.867088725e+00 +3.053708872e+01 +3.053708872e+01
2193 0 +4.539353580e+00 +3.020935358e+01 +3.020935358e+01
2221 0 +4.238573480e+00 +2.990857348e+01 +2.990857348e+01
2415 0 +3.881709731e+00 +2.955170973e+01 +2.955170973e+01
2455 0 +3.733799624e+00 +2.940379962e+01 +2.940379962e+01
2512 0 +3.680076688e+00 +2.935007669e+01 +2.935007669e+01
2544 0 +3.626929453e+00 +2.929692945e+01 +2.929692945e+01
2547 0 +3.337705280e+00 +2.900770528e+01 +2.900770528e+01
2658 0 +3.147601191e+00 +2.881760119e+01 +2.881760119e+01
2663 0 +3.054823498e+00 +2.872482350e+01 +2.872482350e+01
2684 0 +2.916765264e+00 +2.858676526e+01 +2.858676526e+01
2702 0 +2.878297664e+00 +2.854829766e+01 +2.854829766e+01
2767 0 +2.688025729e+00 +2.835802573e+01 +2.835802573e+01
2772 0 +2.473922340e+00 +2.814392234e+01 +2.814392234e+01
2993 0 +2.366250735e+00 +2.803625074e+01 +2.803625074e+01
3102 0 +2.245213820e+00 +2.791521382e+01 +2.791521382e+01
3143 0 +2.138009641e+00 +2.780800964e+01 +2.780800964e+01
3185 0 +2.126607239e+00 +2.779660724e+01 +2.779660724e+01
3267 0 +1.998147449e+00 +2.766814745e+01 +2.766814745e+01
3271 0 +1.948053109e+00 +2.761805311e+01 +2.761805311e+01
3291 0 +1.894118219e+00 +2.756411822e+01 +2.756411822e+01
3317 0 +1.750887256e+00 +2.742088726e+01 +2.742088726e+01
3355 0 +1.705052679e+00 +2.737505268e+01 +2.737505268e+01
3371 0 +1.644785803e+00 +2.731478580e+01 +2.731478580e+01
3555 0 +1.572714564e+00 +2.724271456e+01 +2.724271456e+01
3586 0 +1.506975328e+00 +2.717697533e+01 +2.717697533e+01
3601 0 +1.437572829e+00 +2.710757283e+01 +2.710757283e+01
3885 0 +1.398954395e+00 +2.706895440e+01 +2.706895440e+01
3991 0 +1.340404129e+00 +2.701040413e+01 +2.701040413e+01
4054 0 +1.316825352e+00 +2.698682535e+01 +2.698682535e+01
4167 0 +1.287816488e+00 +2.695781649e+01 +2.695781649e+01
4219 0 +1.228614519e+00 +2.689861452e+01 +2.689861452e+01
4324 0 +1.198150185e+00 +2.686815019e+01 +2.686815019e+01
4348 0 +1.167323227e+00 +2.683732323e+01 +2.683732323e+01
4417 0 +1.143476381e+00 +2.681347638e+01 +2.681347638e+01
4449 0 +1.111965955e+00 +2.678196595e+01 +2.678196595e+01
4604 0 +1.093577673e+00 +2.676357767e+01 +2.676357767e+01
4720 0 +1.059017436e+00 +2.672901744e+01 +2.672901744e+01
4916 0 +1.036554783e+00 +2.670655478e+01 +2.670655478e+01
4945 0 +1.013493306e+00 +2.668349331e+01 +2.668349331e+01
5196 0 +9.833323645e-01 +2.665333236e+01 +2.665333236e+01
5301 0 +9.761665920e-01 +2.664616659e+01 +2.664616659e+01
5373 0 +9.480139983e-01 +2.661801400e+01 +2.661801400e+01
5818 0 +9.320354860e-01 +2.660203549e+01 +2.660203549e+01
6177 0 +9.083303389e-01 +2.657833034e+01 +2.657833034e+01
6457 0 +8.899107625e-01 +2.655991076e+01 +2.655991076e+01
6933 0 +8.693046925e-01 +2.653930469e+01 +2.653930469e+01
7480 0 +8.508702035e-01 +2.652087020e+01 +2.652087020e+01
8791 0 +8.310060570e-01 +2.650100606e+01 +2.650100606e+01
10784 0 +8.128266658e-01 +2.648282667e+01 +2.648282667e+01
% f evaluations | g evaluations | best noise-free fitness - Fopt (2.081800000000e+02) + sum g_i+ | measured fitness | best measured fitness or single-digit g-values | x1 | x2...
1 0 +8.225304223e+01 +2.904330422e+02 +2.904330422e+02
10 0 +8.222066719e+01 +2.904006672e+02 +2.904006672e+02
11 0 +6.283593197e+01 +2.710159320e+02 +2.710159320e+02
13 0 +5.818772254e+01 +2.663677225e+02 +2.663677225e+02
16 0 +4.890548796e+01 +2.570854880e+02 +2.570854880e+02
35 0 +4.425268186e+01 +2.524326819e+02 +2.524326819e+02
46 0 +4.360911755e+01 +2.517891176e+02 +2.517891176e+02
49 0 +3.803752431e+01 +2.462175243e+02 +2.462175243e+02
121 0 +3.405886665e+01 +2.422388666e+02 +2.422388666e+02
215 0 +3.277022940e+01 +2.409502294e+02 +2.409502294e+02
279 0 +3.166377899e+01 +2.398437790e+02 +2.398437790e+02
307 0 +2.683668975e+01 +2.350166897e+02 +2.350166897e+02
456 0 +2.347929685e+01 +2.316592968e+02 +2.316592968e+02
500 0 +1.956261709e+01 +2.277426171e+02 +2.277426171e+02
576 0 +1.944129759e+01 +2.276212976e+02 +2.276212976e+02
602 0 +1.688969519e+01 +2.250696952e+02 +2.250696952e+02
633 0 +1.650297004e+01 +2.246829700e+02 +2.246829700e+02
679 0 +1.572842772e+01 +2.239084277e+02 +2.239084277e+02
697 0 +1.520019470e+01 +2.233801947e+02 +2.233801947e+02
705 0 +1.434864360e+01 +2.225286436e+02 +2.225286436e+02
706 0 +1.340533290e+01 +2.215853329e+02 +2.215853329e+02
789 0 +1.264603308e+01 +2.208260331e+02 +2.208260331e+02
798 0 +1.181673765e+01 +2.199967377e+02 +2.199967377e+02
846 0 +1.115552539e+01 +2.193355254e+02 +2.193355254e+02
853 0 +9.968938308e+00 +2.181489383e+02 +2.181489383e+02
1014 0 +8.616723061e+00 +2.167967231e+02 +2.167967231e+02
1135 0 +8.476072951e+00 +2.166560730e+02 +2.166560730e+02
1168 0 +7.806076202e+00 +2.159860762e+02 +2.159860762e+02
1197 0 +7.585364618e+00 +2.157653646e+02 +2.157653646e+02
1258 0 +7.062079233e+00 +2.152420792e+02 +2.152420792e+02
1422 0 +6.868788290e+00 +2.150487883e+02 +2.150487883e+02
1506 0 +6.666563436e+00 +2.148465634e+02 +2.148465634e+02
1526 0 +6.226169510e+00 +2.144061695e+02 +2.144061695e+02
1753 0 +5.659952739e+00 +2.138399527e+02 +2.138399527e+02
1821 0 +5.512099060e+00 +2.136920991e+02 +2.136920991e+02
1843 0 +5.470825451e+00 +2.136508255e+02 +2.136508255e+02
1899 0 +4.950316238e+00 +2.131303162e+02 +2.131303162e+02
1986 0 +4.867290110e+00 +2.130472901e+02 +2.130472901e+02
1995 0 +4.762334856e+00 +2.129423349e+02 +2.129423349e+02
1999 0 +4.361671168e+00 +2.125416712e+02 +2.125416712e+02
2077 0 +4.160472919e+00 +2.123404729e+02 +2.123404729e+02
2081 0 +3.951765588e+00 +2.121317656e+02 +2.121317656e+02
2178 0 +3.179407496e+00 +2.113594075e+02 +2.113594075e+02
2319 0 +3.160053202e+00 +2.113400532e+02 +2.113400532e+02
2388 0 +3.050221707e+00 +2.112302217e+02 +2.112302217e+02
2400 0 +3.004666908e+00 +2.111846669e+02 +2.111846669e+02
2433 0 +2.749245991e+00 +2.109292460e+02 +2.109292460e+02
2544 0 +2.484420564e+00 +2.106644206e+02 +2.106644206e+02
2580 0 +2.338883986e+00 +2.105188840e+02 +2.105188840e+02
2860 0 +2.195237316e+00 +2.103752373e+02 +2.103752373e+02
2883 0 +2.028074398e+00 +2.102080744e+02 +2.102080744e+02
2956 0 +1.894723308e+00 +2.100747233e+02 +2.100747233e+02
2995 0 +1.793281912e+00 +2.099732819e+02 +2.099732819e+02
3084 0 +1.674231191e+00 +2.098542312e+02 +2.098542312e+02
3196 0 +1.577642789e+00 +2.097576428e+02 +2.097576428e+02
3220 0 +1.527987601e+00 +2.097079876e+02 +2.097079876e+02
3282 0 +1.481032945e+00 +2.096610329e+02 +2.096610329e+02
3326 0 +1.434775542e+00 +2.096147755e+02 +2.096147755e+02
3491 0 +1.409978535e+00 +2.095899785e+02 +2.095899785e+02
3526 0 +1.323468108e+00 +2.095034681e+02 +2.095034681e+02
3623 0 +1.282804146e+00 +2.094628041e+02 +2.094628041e+02
3702 0 +1.219627139e+00 +2.093996271e+02 +2.093996271e+02
3713 0 +1.188992067e+00 +2.093689921e+02 +2.093689921e+02
3752 0 +1.158876380e+00 +2.093388764e+02 +2.093388764e+02
3897 0 +1.115019558e+00 +2.092950196e+02 +2.092950196e+02
3945 0 +1.076869158e+00 +2.092568692e+02 +2.092568692e+02
3978 0 +1.059552217e+00 +2.092395522e+02 +2.092395522e+02
4288 0 +1.021843333e+00 +2.092018433e+02 +2.092018433e+02
4578 0 +9.836916398e-01 +2.091636916e+02 +2.091636916e+02
4657 0 +9.710088735e-01 +2.091510089e+02 +2.091510089e+02
4841 0 +9.361322038e-01 +2.091161322e+02 +2.091161322e+02
5084 0 +9.314447657e-01 +2.091114448e+02 +2.091114448e+02
5136 0 +8.980498093e-01 +2.090780498e+02 +2.090780498e+02
5256 0 +8.831763745e-01 +2.090631764e+02 +2.090631764e+02
5613 0 +8.645327130e-01 +2.090445327e+02 +2.090445327e+02
5845 0 +8.480055338e-01 +2.090280055e+02 +2.090280055e+02
6068 0 +8.246571188e-01 +2.090046571e+02 +2.090046571e+02
6078 0 +8.067015984e-01 +2.089867016e+02 +2.089867016e+02
6369 0 +7.890093687e-01 +2.089690094e+02 +2.089690094e+02
6559 0 +7.748367625e-01 +2.089548368e+02 +2.089548368e+02
6878 0 +7.583452270e-01 +2.089383452e+02 +2.089383452e+02
8214 0 +7.410889685e-01 +2.089210890e+02 +2.089210890e+02
9876 0 +7.233486670e-01 +2.089033487e+02 +2.089033487e+02
