% f evaluations | g evaluations | best noise-free fitness - Fopt (-1.025500000000e+02) + sum g_i+ | measured fitness | best measured fitness or single-digit g-values | x1 | x2...
1 0 +1.240315455e+01 -9.014684545e+01 -9.014684545e+01 -1.8360e+00 +6.0311e-01 -1.1929e+00 -3.0510e+00 +1.2922e-01
7 0 +1.116591796e+01 -9.138408204e+01 -9.138408204e+01 +8.8248e-01 +7.1584e-01 -2.1621e-01 -2.4262e+00 +1.2620e+00
8 0 +1.088407935e+01 -9.166592065e+01 -9.166592065e+01 +1.2302e+00 -2.1796e+00 -1.7737e+00 -1.0232e+00 -1.4055e+00
23 0 +1.064831182e+01 -9.190168818e+01 -9.190168818e+01 +4.8884e-01 -3.2135e+00 -4.3819e-01 +1.6020e+00 +1.8359e+00
47 0 +7.526206545e+00 -9.502379345e+01 -9.502379345e+01 -8.9140e-01 -1.0031e-01 -2.9118e+00 -1.3647e+00 -8.2717e-01
55 0 +6.904870174e+00 -9.564512983e+01 -9.564512983e+01 +7.4952e-01 -1.6979e-01 -2.3607e+00 +1.5119e+00 -6.7674e-02
66 0 +5.157389331e+00 -9.739261067e+01 -9.739261067e+01 +1.1026e-01 -1.8378e+00 +4.0764e-01 -4.4310e-01 +2.2561e+00
145 0 +4.588838638e+00 -9.796116136e+01 -9.796116136e+01 +6.3699e-01 +2.5209e+00 -5.3642e-01 +6.6145e-01 +8.1365e-01
171 0 +3.821153129e+00 -9.872884687e+01 -9.872884687e+01 +8.3593e-01 +8.4932e-01 -1.6776e-01 +1.1194e+00 -1.8891e+00
302 0 +3.188428376e+00 -9.936157162e+01 -9.936157162e+01 +9.0818e-01 +1.4661e+00 -1.0114e-02 -2.1472e+00 -4.0458e-01
1600 0 +2.660511547e+00 -9.988948845e+01 -9.988948845e+01 -2.7926e+00 +6.3574e-01 +3.0638e-01 +3.6337e-01 +8.6050e-01
2826 0 +1.884192822e+00 -1.006658072e+02 -1.006658072e+02 -2.5627e+00 -1.3920e+00 -1.8222e+00 +7.8452e-01 +1.6469e+00
3128 0 +1.537823161e+00 -1.010121768e+02 -1.010121768e+02 +1.6654e-01 -7.4375e-02 +9.4886e-01 -1.3104e+00 +1.0862e+00
8325 0 +8.676079761e-01 -1.016823920e+02 -1.016823920e+02 -1.2703e+00 -8.0297e-01 +5.4862e-01 +1.0060e+00 -6.8502e-01
56762 0 +7.606924689e-01 -1.017893075e+02 -1.017893075e+02 +1.0212e+00 -2.9091e-01 +4.8148e-01 +5.4931e-01 +1.8677e+00
82283 0 +4.247611986e-01 -1.021252388e+02 -1.021252388e+02 +1.1185e-01 +2.3690e-01 -6.6399e-01 +1.0672e+00 +5.3732e-01
% f evaluations | g evaluations | best noise-free fitness - Fopt (7.169000000000e+01) + sum g_i+ | measured fitness | best measured fitness or single-digit g-values | x1 | x2...
1 0 +3.722895653e+01 +1.089189565e+02 +1.089189565e+02 -1.7141e+00 -4.1869e+00 +1.1765e+00 -2.2178e+00 -2.0623e+00
2 0 +6.316131293e+00 +7.800613129e+01 +7.800613129e+01 -1.2360e-01 -1.9936e+00 -1.0238e+00 +2.7991e-01 +2.6834e+00
18 0 +4.938445630e+00 +7.662844563e+01 +7.662844563e+01 -1.0227e+00 -1.7437e+00 -3.0710e-01 +5.8397e-01 +1.5967e+00
67 0 +4.754528842e+00 +7.644452884e+01 +7.644452884e+01 +4.7863e-01 -2.9926e+00 +9.4588e-01 -3.1624e+00 +4.9277e+00
68 0 +3.279788151e+00 +7.496978815e+01 +7.496978815e+01 +1.1506e+00 -3.4701e-01 -1.7096e+00 -1.4398e+00 +2.5949e+00
178 0 +2.933965478e+00 +7.462396548e+01 +7.462396548e+01 -1.5394e+00 -1.2865e+00 -2.7281e-01 -4.5022e+00 +2.2543e+00
218 0 +2.871305449e+00 +7.456130545e+01 +7.456130545e+01 -4.3098e-01 +3.3136e-01 +4.0260e-01 -1.9861e+00 +1.9088e+00
324 0 +2.143189650e+00 +7.383318965e+01 +7.383318965e+01 +8.6716e-01 -2.1046e+00 +1.3603e+00 -1.4995e+00 +2.5548e+00
1054 0 +1.263794060e+00 +7.295379406e+01 +7.295379406e+01 +1.7468e+00 +7.3096e-01 +7.7991e-01 -1.6887e+00 +1.8905e+00
2398 0 +1.076177499e+00 +7.276617750e+01 +7.276617750e+01 +1.7473e+00 +1.1111e+00 +6.7612e-01 -1.2935e+00 +1.1156e+00
2542 0 +9.609621489e-01 +7.265096215e+01 +7.265096215e+01 +1.7281e+00 +1.1233e+00 +6.3739e-01 -1.2664e+00 +1.0973e+00
4353 0 +9.094716577e-01 +7.259947166e+01 +7.259947166e+01 +1.7181e+00 +1.0727e+00 +7.4196e-01 -1.3406e+00 +1.3520e+00
4376 0 +8.378676504e-01 +7.252786765e+01 +7.252786765e+01 +1.7179e+00 +1.0728e+00 +7.4214e-01 -1.3408e+00 +1.3523e+00
4492 0 +8.314005528e-01 +7.252140055e+01 +7.252140055e+01 +1.7179e+00 +1.0728e+00 +7.4209e-01 -1.3408e+00 +1.3523e+00
20469 0 +8.043249661e-01 +7.249432497e+01 +7.249432497e+01 -8.8120e-03 +1.6058e+00 +4.8714e-02 -1.4582e-01 +2.3971e+00
22150 0 +7.943124321e-01 +7.248431243e+01 +7.248431243e+01 +3.4640e-02 +1.6715e+00 +9.1180e-02 -7.6793e-03 +2.2016e+00
27885 0 +5.383943507e-01 +7.222839435e+01 +7.222839435e+01 +3.5573e-01 -9.0631e-01 +9.7905e-01 -6.6420e-01 +8.3784e-01
31160 0 +5.272693411e-01 +7.221726934e+01 +7.221726934e+01 +8.9330e-02 -1.2857e+00 +1.6196e+00 -7.5579e-01 +1.5993e+00
31167 0 +5.151913458e-01 +7.220519135e+01 +7.220519135e+01 +8.7986e-02 -1.2842e+00 +1.6192e+00 -7.5505e-01 +1.6001e+00
31194 0 +5.034572226e-01 +7.219345722e+01 +7.219345722e+01 +8.5733e-02 -1.2860e+00 +1.6167e+00 -7.5401e-01 +1.5988e+00
31236 0 +4.904131593e-01 +7.218041316e+01 +7.218041316e+01 +8.6912e-02 -1.2853e+00 +1.6179e+00 -7.5437e-01 +1.5993e+00
31267 0 +4.882718817e-01 +7.217827188e+01 +7.217827188e+01 +8.6333e-02 -1.2854e+00 +1.6174e+00 -7.5414e-01 +1.5993e+00
40381 0 +4.583181585e-01 +7.214831816e+01 +7.214831816e+01 +7.8850e-01 +1.2545e-01 +6.4291e-01 +1.2591e-01 +1.0083e-01
40384 0 +4.543550900e-01 +7.214435509e+01 +7.214435509e+01 +7.8465e-01 +1.2052e-01 +6.4688e-01 +1.3737e-01 +1.0530e-01
40406 0 +4.404670385e-01 +7.213046704e+01 +7.213046704e+01 +7.7425e-01 +1.0766e-01 +6.6557e-01 +1.3939e-01 +1.1060e-01
40411 0 +3.793709903e-01 +7.206937099e+01 +7.206937099e+01 +7.8160e-01 +1.1240e-01 +6.4065e-01 +1.2784e-01 +9.1661e-02
40447 0 +3.610200941e-01 +7.205102009e+01 +7.205102009e+01 +7.8987e-01 +1.2812e-01 +6.2211e-01 +1.1300e-01 +7.7318e-02
40474 0 +3.311041475e-01 +7.202110415e+01 +7.202110415e+01 +7.9316e-01 +1.2000e-01 +6.0504e-01 +1.1124e-01 +6.6430e-02
40482 0 +2.710743291e-01 +7.196107433e+01 +7.196107433e+01 +8.0632e-01 +1.3678e-01 +5.6934e-01 +9.8071e-02 +4.5055e-02
40534 0 +2.602617185e-01 +7.195026172e+01 +7.195026172e+01 +8.0464e-01 +1.3386e-01 +5.6417e-01 +9.2283e-02 +3.6200e-02
40555 0 +2.517506260e-01 +7.194175063e+01 +7.194175063e+01 +8.0058e-01 +1.3173e-01 +5.6470e-01 +9.1585e-02 +3.3934e-02
40561 0 +2.464571318e-01 +7.193645713e+01 +7.193645713e+01 +7.9612e-01 +1.3284e-01 +5.6319e-01 +8.3950e-02 +2.4625e-02
40570 0 +2.257860487e-01 +7.191578605e+01 +7.191578605e+01 +8.0576e-01 +1.4135e-01 +5.4244e-01 +8.1775e-02 +1.5848e-02
40589 0 +2.177731225e-01 +7.190777312e+01 +7.190777312e+01 +8.0893e-01 +1.4122e-01 +5.3744e-01 +8.0982e-02 +1.5302e-02
40615 0 +2.039185351e-01 +7.189391854e+01 +7.189391854e+01 +8.0508e-01 +1.3626e-01 +5.2652e-01 +7.8364e-02 +1.3829e-03
40636 0 +1.954804659e-01 +7.188548047e+01 +7.188548047e+01 +8.1701e-01 +1.4580e-01 +5.0003e-01 +7.3070e-02 -8.7655e-03
40638 0 +1.835248976e-01 +7.187352490e+01 +7.187352490e+01 +8.1220e-01 +1.4302e-01 +5.0678e-01 +7.1837e-02 -9.2901e-03
40677 0 +1.800847027e-01 +7.187008470e+01 +7.187008470e+01 +8.1998e-01 +1.5062e-01 +4.8640e-01 +6.3565e-02 -2.1182e-02
40691 0 +1.726141893e-01 +7.186261419e+01 +7.186261419e+01 +8.1672e-01 +1.5007e-01 +4.9067e-01 +6.3385e-02 -2.1216e-02
40727 0 +1.655137494e-01 +7.185551375e+01 +7.185551375e+01 +8.1791e-01 +1.5074e-01 +4.7404e-01 +5.8297e-02 -3.4967e-02
40730 0 +1.610663727e-01 +7.185106637e+01 +7.185106637e+01 +8.1813e-01 +1.4882e-01 +4.6819e-01 +6.0828e-02 -3.7144e-02
40741 0 +1.564849730e-01 +7.184648497e+01 +7.184648497e+01 +8.1280e-01 +1.4636e-01 +4.8062e-01 +6.0857e-02 -3.2521e-02
40753 0 +1.521956711e-01 +7.184219567e+01 +7.184219567e+01 +8.1528e-01 +1.4641e-01 +4.6814e-01 +5.9371e-02 -3.9653e-02
40758 0 +1.512563014e-01 +7.184125630e+01 +7.184125630e+01 +8.1673e-01 +1.4736e-01 +4.6168e-01 +5.8609e-02 -4.3049e-02
40782 0 +1.443529197e-01 +7.183435292e+01 +7.183435292e+01 +8.1816e-01 +1.5184e-01 +4.5728e-01 +5.3755e-02 -4.7167e-02
40789 0 +1.335478885e-01 +7.182354789e+01 +7.182354789e+01 +8.0923e-01 +1.4692e-01 +4.5519e-01 +5.0133e-02 -5.7651e-02
40801 0 +1.301950043e-01 +7.182019500e+01 +7.182019500e+01 +8.1261e-01 +1.5226e-01 +4.4642e-01 +4.6764e-02 -6.2208e-02
40828 0 +1.273359190e-01 +7.181733592e+01 +7.181733592e+01 +8.1251e-01 +1.5392e-01 +4.4216e-01 +4.4021e-02 -6.6787e-02
40844 0 +1.215964613e-01 +7.181159646e+01 +7.181159646e+01 +8.1492e-01 +1.5111e-01 +4.2313e-01 +4.3935e-02 -7.6799e-02
40849 0 +1.200748495e-01 +7.181007485e+01 +7.181007485e+01 +8.1081e-01 +1.5053e-01 +4.2862e-01 +4.2681e-02 -7.6446e-02
40884 0 +1.154056805e-01 +7.180540568e+01 +7.180540568e+01 +8.1137e-01 +1.5476e-01 +4.1903e-01 +3.6335e-02 -8.6543e-02
40900 0 +1.138880942e-01 +7.180388809e+01 +7.180388809e+01 +8.1002e-01 +1.5463e-01 +4.2194e-01 +3.7702e-02 -8.4929e-02
40909 0 +1.118861518e-01 +7.180188615e+01 +7.180188615e+01 +8.1011e-01 +1.5248e-01 +4.2133e-01 +3.8868e-02 -8.4539e-02
40929 0 +1.083770948e-01 +7.179837709e+01 +7.179837709e+01 +8.1448e-01 +1.5652e-01 +4.0703e-01 +3.6129e-02 -9.1166e-02
40933 0 +1.066302977e-01 +7.179663030e+01 +7.179663030e+01 +8.1487e-01 +1.5596e-01 +3.9470e-01 +3.4947e-02 -9.8760e-02
40955 0 +1.029502921e-01 +7.179295029e+01 +7.179295029e+01 +8.0896e-01 +1.5449e-01 +4.0528e-01 +3.3868e-02 -9.7954e-02
40958 0 +1.003596958e-01 +7.179035970e+01 +7.179035970e+01 +8.1066e-01 +1.5828e-01 +3.9339e-01 +3.0516e-02 -1.0592e-01
40967 0 +9.963386487e-02 +7.178963386e+01 +7.178963386e+01 +8.0936e-01 +1.5705e-01 +3.9513e-01 +3.0745e-02 -1.0567e-01
40970 0 +9.637442807e-02 +7.178637443e+01 +7.178637443e+01 +8.1030e-01 +1.5702e-01 +3.8561e-01 +3.0399e-02 -1.1094e-01
41009 0 +9.113393826e-02 +7.178113394e+01 +7.178113394e+01 +8.0718e-01 +1.5463e-01 +3.7880e-01 +2.9664e-02 -1.1712e-01
41052 0 +8.711043985e-02 +7.177711044e+01 +7.177711044e+01 +8.0883e-01 +1.6002e-01 +3.6187e-01 +2.3193e-02 -1.2926e-01
41057 0 +8.656168930e-02 +7.177656169e+01 +7.177656169e+01 +8.0708e-01 +1.5911e-01 +3.6625e-01 +2.3416e-02 -1.2793e-01
41072 0 +8.293504264e-02 +7.177293504e+01 +7.177293504e+01 +8.0592e-01 +1.6216e-01 +3.4550e-01 +1.8916e-02 -1.4354e-01
41093 0 +7.754612675e-02 +7.176754613e+01 +7.176754613e+01 +8.0024e-01 +1.5889e-01 +3.4513e-01 +1.7702e-02 -1.4791e-01
41181 0 +7.523154985e-02 +7.176523155e+01 +7.176523155e+01 +8.0169e-01 +1.6126e-01 +3.3727e-01 +1.5954e-02 -1.5187e-01
41201 0 +7.184082515e-02 +7.176184083e+01 +7.176184083e+01 +7.9847e-01 +1.5883e-01 +3.3256e-01 +1.6469e-02 -1.5631e-01
41211 0 +6.998962998e-02 +7.175998963e+01 +7.175998963e+01 +7.9867e-01 +1.5994e-01 +3.1982e-01 +1.4942e-02 -1.6421e-01
41223 0 +6.895884967e-02 +7.175895885e+01 +7.175895885e+01 +7.9834e-01 +1.5966e-01 +3.1831e-01 +1.5224e-02 -1.6487e-01
41245 0 +6.747395272e-02 +7.175747395e+01 +7.175747395e+01 +7.9370e-01 +1.5644e-01 +3.1891e-01 +1.4781e-02 -1.6735e-01
41262 0 +6.584530119e-02 +7.175584530e+01 +7.175584530e+01 +7.9432e-01 +1.5925e-01 +3.1078e-01 +1.3054e-02 -1.7268e-01
41283 0 +6.401372483e-02 +7.175401372e+01 +7.175401372e+01 +7.9194e-01 +1.5778e-01 +3.0831e-01 +1.2480e-02 -1.7560e-01
41299 0 +6.303887279e-02 +7.175303887e+01 +7.175303887e+01 +7.8752e-01 +1.5755e-01 +2.9488e-01 +1.0602e-02 -1.8684e-01
41316 0 +6.121138228e-02 +7.175121138e+01 +7.175121138e+01 +7.8843e-01 +1.6025e-01 +2.9390e-01 +7.9461e-03 -1.8816e-01
41318 0 +5.935628871e-02 +7.174935629e+01 +7.174935629e+01 +7.8924e-01 +1.6104e-01 +2.8667e-01 +7.5910e-03 -1.9135e-01
41348 0 +5.716627174e-02 +7.174716627e+01 +7.174716627e+01 +7.8363e-01 +1.5989e-01 +2.8466e-01 +4.7731e-03 -1.9701e-01
41351 0 +5.524633541e-02 +7.174524634e+01 +7.174524634e+01 +7.7769e-01 +1.5894e-01 +2.7396e-01 +2.1219e-03 -2.0748e-01
41364 0 +5.454520041e-02 +7.174454520e+01 +7.174454520e+01 +7.7829e-01 +1.6035e-01 +2.6897e-01 +1.5219e-03 -2.1013e-01
41376 0 +5.274105119e-02 +7.174274105e+01 +7.174274105e+01 +7.7567e-01 +1.5900e-01 +2.5989e-01 +1.7849e-03 -2.1597e-01
41405 0 +5.093835434e-02 +7.174093835e+01 +7.174093835e+01 +7.7585e-01 +1.6214e-01 +2.5296e-01 -1.4903e-03 -2.2055e-01
41429 0 +4.998026436e-02 +7.173998026e+01 +7.173998026e+01 +7.7249e-01 +1.5707e-01 +2.5109e-01 +2.2277e-03 -2.2117e-01
41451 0 +4.812185469e-02 +7.173812185e+01 +7.173812185e+01 +7.7019e-01 +1.5850e-01 +2.3343e-01 +1.5268e-04 -2.3213e-01
41511 0 +4.732338494e-02 +7.173732338e+01 +7.173732338e+01 +7.6635e-01 +1.5940e-01 +2.3332e-01 -3.2970e-03 -2.3638e-01
41540 0 +4.662169130e-02 +7.173662169e+01 +7.173662169e+01 +7.6948e-01 +1.5932e-01 +2.3250e-01 -1.1562e-03 -2.3356e-01
41563 0 +4.565657052e-02 +7.173565657e+01 +7.173565657e+01 +7.6730e-01 +1.5970e-01 +2.3204e-01 -3.0712e-03 -2.3582e-01
41622 0 +4.443626052e-02 +7.173443626e+01 +7.173443626e+01 +7.6391e-01 +1.5908e-01 +2.2507e-01 -3.8926e-03 -2.4141e-01
41664 0 +4.275691060e-02 +7.173275691e+01 +7.173275691e+01 +7.6183e-01 +1.6015e-01 +2.1162e-01 -5.6767e-03 -2.4923e-01
41684 0 +4.256168482e-02 +7.173256168e+01 +7.173256168e+01 +7.5944e-01 +1.5969e-01 +2.1041e-01 -6.5951e-03 -2.5185e-01
41704 0 +4.163863113e-02 +7.173163863e+01 +7.173163863e+01 +7.5504e-01 +1.5771e-01 +2.0779e-01 -6.9690e-03 -2.5522e-01
41740 0 +4.063430103e-02 +7.173063430e+01 +7.173063430e+01 +7.5539e-01 +1.5954e-01 +2.0103e-01 -8.1103e-03 -2.5871e-01
41758 0 +3.968834363e-02 +7.172968834e+01 +7.172968834e+01 +7.4950e-01 +1.5881e-01 +1.9461e-01 -1.0302e-02 -2.6564e-01
41791 0 +3.823827515e-02 +7.172823828e+01 +7.172823828e+01 +7.4475e-01 +1.5871e-01 +1.8039e-01 -1.2318e-02 -2.7495e-01
41812 0 +3.768369623e-02 +7.172768370e+01 +7.172768370e+01 +7.4483e-01 +1.5843e-01 +1.7996e-01 -1.1794e-02 -2.7466e-01
41820 0 +3.700611224e-02 +7.172700611e+01 +7.172700611e+01 +7.4251e-01 +1.5785e-01 +1.7380e-01 -1.1881e-02 -2.7816e-01
41831 0 +3.590360836e-02 +7.172590361e+01 +7.172590361e+01 +7.3855e-01 +1.5797e-01 +1.6551e-01 -1.3815e-02 -2.8450e-01
41883 0 +3.530681136e-02 +7.172530681e+01 +7.172530681e+01 +7.3475e-01 +1.5771e-01 +1.5870e-01 -1.5160e-02 -2.8991e-01
41897 0 +3.430818639e-02 +7.172430819e+01 +7.172430819e+01 +7.3159e-01 +1.5783e-01 +1.5010e-01 -1.6388e-02 -2.9532e-01
41971 0 +3.384245945e-02 +7.172384246e+01 +7.172384246e+01 +7.2973e-01 +1.5699e-01 +1.4551e-01 -1.6225e-02 -2.9766e-01
42015 0 +3.274255637e-02 +7.172274256e+01 +7.172274256e+01 +7.2489e-01 +1.5670e-01 +1.3438e-01 -1.7830e-02 -3.0470e-01
42026 0 +3.231837175e-02 +7.172231837e+01 +7.172231837e+01 +7.1857e-01 +1.5624e-01 +1.2360e-01 -1.9994e-02 -3.1278e-01
42073 0 +3.141514713e-02 +7.172141515e+01 +7.172141515e+01 +7.1694e-01 +1.5604e-01 +1.2218e-01 -2.0458e-02 -3.1394e-01
42104 0 +3.086126933e-02 +7.172086127e+01 +7.172086127e+01 +7.1324e-01 +1.5532e-01 +1.1410e-01 -2.1232e-02 -3.1879e-01
42157 0 +2.998799674e-02 +7.171998800e+01 +7.171998800e+01 +7.0835e-01 +1.5620e-01 +1.0247e-01 -2.4069e-02 -3.2633e-01
42190 0 +2.928949244e-02 +7.171928949e+01 +7.171928949e+01 +7.0578e-01 +1.5598e-01 +9.4202e-02 -2.4521e-02 -3.3021e-01
42208 0 +2.881877797e-02 +7.171881878e+01 +7.171881878e+01 +7.0017e-01 +1.5400e-01 +8.4667e-02 -2.4548e-02 -3.3539e-01
42249 0 +2.740361843e-02 +7.171740362e+01 +7.171740362e+01 +6.9099e-01 +1.5394e-01 +6.2046e-02 -2.8265e-02 -3.4761e-01
42329 0 +2.685780213e-02 +7.171685780e+01 +7.171685780e+01 +6.8494e-01 +1.5354e-01 +5.3988e-02 -3.0829e-02 -3.5338e-01
42348 0 +2.625842094e-02 +7.171625842e+01 +7.171625842e+01 +6.7561e-01 +1.5361e-01 +3.4359e-02 -3.4732e-02 -3.6427e-01
42461 0 +2.560584773e-02 +7.171560585e+01 +7.171560585e+01 +6.7120e-01 +1.5060e-01 +3.2226e-02 -3.4004e-02 -3.6555e-01
42521 0 +2.508718565e-02 +7.171508719e+01 +7.171508719e+01 +6.6297e-01 +1.4967e-01 +2.1289e-02 -3.7259e-02 -3.7258e-01
42565 0 +2.443275118e-02 +7.171443275e+01 +7.171443275e+01 +6.5152e-01 +1.4714e-01 +3.2822e-03 -4.0218e-02 -3.8156e-01
42718 0 +2.396990242e-02 +7.171396990e+01 +7.171396990e+01 +6.4836e-01 +1.4707e-01 -6.0140e-03 -4.1665e-02 -3.8522e-01
42845 0 +2.343649277e-02 +7.171343649e+01 +7.171343649e+01 +6.3964e-01 +1.4602e-01 -2.4511e-02 -4.4929e-02 -3.9309e-01
42967 0 +2.290323065e-02 +7.171290323e+01 +7.171290323e+01 +6.2538e-01 +1.4356e-01 -4.4973e-02 -5.0272e-02 -4.0312e-01
43086 0 +2.237322461e-02 +7.171237322e+01 +7.171237322e+01 +6.1552e-01 +1.4170e-01 -6.2956e-02 -5.3956e-02 -4.0994e-01
43277 0 +2.183773539e-02 +7.171183774e+01 +7.171183774e+01 +6.0008e-01 +1.3840e-01 -8.8174e-02 -5.9935e-02 -4.1927e-01
43571 0 +2.134248334e-02 +7.171134248e+01 +7.171134248e+01 +5.8176e-01 +1.3346e-01 -1.1664e-01 -6.6836e-02 -4.2830e-01
43972 0 +2.087301428e-02 +7.171087301e+01 +7.171087301e+01 +5.5952e-01 +1.2805e-01 -1.4997e-01 -7.7243e-02 -4.3817e-01
44621 0 +2.041009120e-02 +7.171041009e+01 +7.171041009e+01 +5.2991e-01 +1.2030e-01 -1.9659e-01 -9.2930e-02 -4.4855e-01
45950 0 +1.995240173e-02 +7.170995240e+01 +7.170995240e+01 +4.7656e-01 +1.0266e-01 -2.7725e-01 -1.2519e-01 -4.5753e-01
% f evaluations | g evaluations | best noise-free fitness - Fopt (2.140100000000e+02) + sum g_i+ | measured fitness | best measured fitness or single-digit g-values | x1 | x2...
1 0 +1.837113185e+01 +2.323811318e+02 +2.323811318e+02 -1.5994e-01 +2.4231e+00 -1.0440e+00 +3.6103e-01 +1.3219e+00
2 0 +1.259712313e+01 +2.266071231e+02 +2.266071231e+02 -4.7648e-01 -5.2045e-01 -2.3976e+00 +8.6696e-01 -1.8739e-01
3 0 +7.824263160e+00 +2.218342632e+02 +2.218342632e+02 -3.8735e-01 -1.5464e+00 -2.2491e+00 -9.1134e-01 -5.5224e-01
4 0 +7.431733487e+00 +2.214417335e+02 +2.214417335e+02 +1.2548e-01 -4.9742e-01 +1.8972e+00 -7.4253e-01 +1.0827e+00
28 0 +7.189136707e+00 +2.211991367e+02 +2.211991367e+02 -1.0903e+00 -1.9268e+00 +4.8418e-03 +1.0576e-01 +1.2237e-01
44 0 +7.071904493e+00 +2.210819045e+02 +2.210819045e+02 -2.6326e+00 +3.1309e+00 +3.8170e+00 +7.1777e-01 +1.1001e+00
47 0 +5.628229559e+00 +2.196382296e+02 +2.196382296e+02 -1.8610e-01 +7.5008e-01 +2.5639e-01 +6.8363e-01 -3.4440e+00
68 0 +5.472470025e+00 +2.194824700e+02 +2.194824700e+02 +9.0195e-01 -1.7053e+00 -1.2451e-01 -5.3419e-01 -1.2742e+00
88 0 +4.985966836e+00 +2.189959668e+02 +2.189959668e+02 +4.2306e-02 -5.4937e-01 +1.3398e+00 +5.8881e-01 +1.1162e+00
121 0 +4.237932825e+00 +2.182479328e+02 +2.182479328e+02 -3.3414e-01 -4.6154e-01 +5.6781e-01 -8.2391e-02 +5.8710e-01
141 0 +1.562136706e+00 +2.155721367e+02 +2.155721367e+02 -6.0896e-01 +5.9123e-03 +9.4208e-01 -5.5243e-01 +3.9953e-02
338 0 +1.493306725e+00 +2.155033067e+02 +2.155033067e+02 -4.4323e-01 -9.8895e-01 +1.0460e+00 +2.2108e-01 +1.9141e-01
532 0 +1.321909184e+00 +2.153319092e+02 +2.153319092e+02 -9.1370e-01 -4.6741e-01 +8.1315e-01 +2.6421e-01 -3.7692e-01
830 0 +1.311236972e+00 +2.153212370e+02 +2.153212370e+02 -9.4334e-01 -2.9270e-01 +9.0425e-01 +2.1970e-01 -4.4164e-01
853 0 +1.152473091e+00 +2.151624731e+02 +2.151624731e+02 -9.4200e-01 -2.9086e-01 +9.0186e-01 +2.1780e-01 -4.3314e-01
858 0 +7.429387548e-01 +2.147529388e+02 +2.147529388e+02 -9.4140e-01 -2.8580e-01 +9.0246e-01 +2.1467e-01 -4.3662e-01
940 0 +6.377539027e-01 +2.146477539e+02 +2.146477539e+02 -9.4212e-01 -2.7523e-01 +9.0083e-01 +2.0995e-01 -4.4277e-01
953 0 +6.218879524e-01 +2.146318880e+02 +2.146318880e+02 -9.3945e-01 -2.8188e-01 +9.0216e-01 +2.1104e-01 -4.3955e-01
956 0 +5.962582258e-01 +2.146062582e+02 +2.146062582e+02 -9.3958e-01 -2.7191e-01 +9.0028e-01 +2.0937e-01 -4.4409e-01
973 0 +5.601035634e-01 +2.145701036e+02 +2.145701036e+02 -9.4381e-01 -2.7220e-01 +8.9867e-01 +2.0876e-01 -4.4242e-01
992 0 +5.350279023e-01 +2.145450279e+02 +2.145450279e+02 -9.4119e-01 -2.6874e-01 +8.9851e-01 +2.0633e-01 -4.4101e-01
1017 0 +5.112913583e-01 +2.145212914e+02 +2.145212914e+02 -9.4265e-01 -2.7211e-01 +8.9884e-01 +2.0790e-01 -4.4046e-01
1024 0 +4.849099631e-01 +2.144949100e+02 +2.144949100e+02 -9.4514e-01 -2.6740e-01 +8.9651e-01 +2.0428e-01 -4.3811e-01
1080 0 +4.690192330e-01 +2.144790192e+02 +2.144790192e+02 -9.4628e-01 -2.6861e-01 +8.9681e-01 +2.0559e-01 -4.3939e-01
1113 0 +4.525056548e-01 +2.144625057e+02 +2.144625057e+02 -9.4938e-01 -2.6737e-01 +8.9537e-01 +2.0286e-01 -4.3846e-01
1146 0 +4.444764140e-01 +2.144544764e+02 +2.144544764e+02 -9.4898e-01 -2.6554e-01 +8.9539e-01 +2.0239e-01 -4.3888e-01
1163 0 +4.335162475e-01 +2.144435162e+02 +2.144435162e+02 -9.4943e-01 -2.6197e-01 +8.9432e-01 +2.0120e-01 -4.3840e-01
1168 0 +4.256179567e-01 +2.144356180e+02 +2.144356180e+02 -9.5236e-01 -2.6236e-01 +8.9377e-01 +2.0051e-01 -4.3761e-01
1177 0 +4.150194700e-01 +2.144250195e+02 +2.144250195e+02 -9.5240e-01 -2.5553e-01 +8.9221e-01 +1.9867e-01 -4.3800e-01
1189 0 +4.073630009e-01 +2.144173630e+02 +2.144173630e+02 -9.5605e-01 -2.5463e-01 +8.9105e-01 +1.9626e-01 -4.3616e-01
1242 0 +3.975449590e-01 +2.144075450e+02 +2.144075450e+02 -9.5706e-01 -2.5009e-01 +8.8993e-01 +1.9720e-01 -4.3584e-01
1626 0 +3.886976371e-01 +2.143986976e+02 +2.143986976e+02 -9.3455e-01 -2.3301e-01 +8.9273e-01 +2.2715e-01 -4.3352e-01
1836 0 +3.800970859e-01 +2.143900971e+02 +2.143900971e+02 -9.0494e-01 -2.0775e-01 +8.9578e-01 +2.6033e-01 -4.3027e-01
26525 0 +3.121436607e-01 +2.143221437e+02 +2.143221437e+02 +7.0787e-01 -1.3380e+00 -1.0169e+00 -3.3304e-01 -9.4632e-01
26537 0 +2.975762115e-01 +2.143075762e+02 +2.143075762e+02 +7.0612e-01 -1.3377e+00 -1.0175e+00 -3.3497e-01 -9.4824e-01
26565 0 +2.860203804e-01 +2.142960204e+02 +2.142960204e+02 +7.0511e-01 -1.3382e+00 -1.0189e+00 -3.3488e-01 -9.4720e-01
26572 0 +2.793351321e-01 +2.142893351e+02 +2.142893351e+02 +7.0422e-01 -1.3384e+00 -1.0188e+00 -3.3538e-01 -9.4828e-01
26574 0 +2.449785868e-01 +2.142549786e+02 +2.142549786e+02 +7.0262e-01 -1.3381e+00 -1.0208e+00 -3.3695e-01 -9.5026e-01
26598 0 +2.378297555e-01 +2.142478298e+02 +2.142478298e+02 +7.0352e-01 -1.3371e+00 -1.0201e+00 -3.3613e-01 -9.5067e-01
26604 0 +2.290921837e-01 +2.142390922e+02 +2.142390922e+02 +7.0239e-01 -1.3372e+00 -1.0226e+00 -3.3665e-01 -9.5151e-01
26637 0 +2.240049648e-01 +2.142340050e+02 +2.142340050e+02 +7.0409e-01 -1.3373e+00 -1.0201e+00 -3.3586e-01 -9.4937e-01
26638 0 +2.171180093e-01 +2.142271180e+02 +2.142271180e+02 +7.0293e-01 -1.3367e+00 -1.0218e+00 -3.3614e-01 -9.5148e-01
26646 0 +2.088919085e-01 +2.142188919e+02 +2.142188919e+02 +7.0290e-01 -1.3367e+00 -1.0221e+00 -3.3634e-01 -9.5219e-01
26683 0 +2.013471726e-01 +2.142113472e+02 +2.142113472e+02 +7.0263e-01 -1.3367e+00 -1.0223e+00 -3.3669e-01 -9.5202e-01
71830 0 +1.657013487e-01 +2.141757013e+02 +2.141757013e+02 +3.5613e-01 -2.1518e-01 -1.0639e+00 -1.7401e-01 -3.9162e-01
71925 0 +1.555842353e-01 +2.141655842e+02 +2.141655842e+02 +3.4395e-01 -2.2580e-01 -1.0679e+00 -1.7496e-01 -4.1858e-01
71950 0 +1.470173173e-01 +2.141570173e+02 +2.141570173e+02 +3.4638e-01 -2.2279e-01 -1.0664e+00 -1.7461e-01 -4.1269e-01
71986 0 +1.314553264e-01 +2.141414553e+02 +2.141414553e+02 +3.4611e-01 -2.2367e-01 -1.0669e+00 -1.7491e-01 -4.1337e-01
72031 0 +1.246404854e-01 +2.141346405e+02 +2.141346405e+02 +3.5015e-01 -2.1933e-01 -1.0653e+00 -1.7414e-01 -4.0346e-01
72042 0 +1.228918568e-01 +2.141328919e+02 +2.141328919e+02 +3.4870e-01 -2.2066e-01 -1.0658e+00 -1.7481e-01 -4.0553e-01
88548 0 +1.200754305e-01 +2.141300754e+02 +2.141300754e+02 +5.9112e-01 -9.7643e-01 +4.9404e-01 +2.4517e-01 -2.8483e-01
88588 0 +1.171518884e-01 +2.141271519e+02 +2.141271519e+02 +5.9677e-01 -9.7448e-01 +4.8872e-01 +2.4513e-01 -2.7791e-01
88610 0 +1.146596740e-01 +2.141246597e+02 +2.141246597e+02 +6.0343e-01 -9.7272e-01 +4.8345e-01 +2.4500e-01 -2.7182e-01
88643 0 +1.120640041e-01 +2.141220640e+02 +2.141220640e+02 +6.1452e-01 -9.6874e-01 +4.7001e-01 +2.4625e-01 -2.5645e-01
88657 0 +1.092253452e-01 +2.141192253e+02 +2.141192253e+02 +6.1814e-01 -9.6650e-01 +4.7051e-01 +2.4955e-01 -2.5680e-01
88667 0 +1.065172631e-01 +2.141165173e+02 +2.141165173e+02 +6.1232e-01 -9.6880e-01 +4.6779e-01 +2.4820e-01 -2.5638e-01
88730 0 +1.044796852e-01 +2.141144797e+02 +2.141144797e+02 +6.1569e-01 -9.6752e-01 +4.5706e-01 +2.4954e-01 -2.4760e-01
88752 0 +1.013252901e-01 +2.141113253e+02 +2.141113253e+02 +6.2361e-01 -9.6476e-01 +4.5322e-01 +2.4889e-01 -2.4093e-01
88777 0 +9.885254776e-02 +2.141088525e+02 +2.141088525e+02 +6.2760e-01 -9.6331e-01 +4.4597e-01 +2.4927e-01 -2.3458e-01
88799 0 +9.697142001e-02 +2.141069714e+02 +2.141069714e+02 +6.3148e-01 -9.6196e-01 +4.4190e-01 +2.4776e-01 -2.2850e-01
88834 0 +9.535733861e-02 +2.141053573e+02 +2.141053573e+02 +6.3426e-01 -9.6036e-01 +4.3706e-01 +2.4973e-01 -2.2492e-01
88888 0 +9.262505486e-02 +2.141026251e+02 +2.141026251e+02 +6.4032e-01 -9.5866e-01 +4.2582e-01 +2.4859e-01 -2.1404e-01
88920 0 +9.118137408e-02 +2.141011814e+02 +2.141011814e+02 +6.4156e-01 -9.5765e-01 +4.2232e-01 +2.5012e-01 -2.1155e-01
88973 0 +8.828190756e-02 +2.140982819e+02 +2.140982819e+02 +6.4695e-01 -9.5593e-01 +4.1023e-01 +2.4788e-01 -1.9981e-01
88987 0 +8.658585066e-02 +2.140965859e+02 +2.140965859e+02 +6.4841e-01 -9.5502e-01 +4.0546e-01 +2.4838e-01 -1.9599e-01
89023 0 +8.497126917e-02 +2.140949713e+02 +2.140949713e+02 +6.5113e-01 -9.5355e-01 +3.9671e-01 +2.4817e-01 -1.8847e-01
89088 0 +8.301712508e-02 +2.140930171e+02 +2.140930171e+02 +6.5356e-01 -9.5232e-01 +3.8795e-01 +2.4887e-01 -1.8220e-01
89142 0 +8.086651914e-02 +2.140908665e+02 +2.140908665e+02 +6.6099e-01 -9.4882e-01 +3.7672e-01 +2.4955e-01 -1.7168e-01
89188 0 +7.936142801e-02 +2.140893614e+02 +2.140893614e+02 +6.6749e-01 -9.4675e-01 +3.7217e-01 +2.4760e-01 -1.6550e-01
89233 0 +7.728257521e-02 +2.140872826e+02 +2.140872826e+02 +6.7396e-01 -9.4371e-01 +3.6052e-01 +2.4979e-01 -1.5675e-01
89324 0 +7.535446257e-02 +2.140853545e+02 +2.140853545e+02 +6.7487e-01 -9.4297e-01 +3.5009e-01 +2.4944e-01 -1.5000e-01
89367 0 +7.372474587e-02 +2.140837247e+02 +2.140837247e+02 +6.8359e-01 -9.3873e-01 +3.3965e-01 +2.5116e-01 -1.4062e-01
89460 0 +7.232636525e-02 +2.140823264e+02 +2.140823264e+02 +6.8276e-01 -9.3952e-01 +3.3254e-01 +2.4677e-01 -1.3457e-01
89492 0 +7.078961939e-02 +2.140807896e+02 +2.140807896e+02 +6.8922e-01 -9.3497e-01 +3.2142e-01 +2.5172e-01 -1.2686e-01
89524 0 +6.912785872e-02 +2.140791279e+02 +2.140791279e+02 +6.9262e-01 -9.3333e-01 +3.0436e-01 +2.4874e-01 -1.1420e-01
89607 0 +6.736816096e-02 +2.140773682e+02 +2.140773682e+02 +6.9623e-01 -9.3088e-01 +2.9353e-01 +2.4802e-01 -1.0559e-01
89678 0 +6.600954484e-02 +2.140760095e+02 +2.140760095e+02 +7.0107e-01 -9.2865e-01 +2.8565e-01 +2.4749e-01 -9.9088e-02
89774 0 +6.436612496e-02 +2.140743661e+02 +2.140743661e+02 +7.0927e-01 -9.2414e-01 +2.7254e-01 +2.4862e-01 -8.8605e-02
89883 0 +6.275460502e-02 +2.140727546e+02 +2.140727546e+02 +7.1728e-01 -9.1914e-01 +2.5635e-01 +2.4949e-01 -7.6293e-02
89999 0 +6.156246663e-02 +2.140715625e+02 +2.140715625e+02 +7.2025e-01 -9.1555e-01 +2.3995e-01 +2.5141e-01 -6.6176e-02
90072 0 +5.996663617e-02 +2.140699666e+02 +2.140699666e+02 +7.2497e-01 -9.1240e-01 +2.2274e-01 +2.4880e-01 -5.3689e-02
90171 0 +5.857731013e-02 +2.140685773e+02 +2.140685773e+02 +7.3376e-01 -9.0646e-01 +2.0333e-01 +2.4970e-01 -3.9843e-02
90313 0 +5.754094565e-02 +2.140675409e+02 +2.140675409e+02 +7.3893e-01 -9.0237e-01 +1.8852e-01 +2.4950e-01 -2.9442e-02
90410 0 +5.611316408e-02 +2.140661132e+02 +2.140661132e+02 +7.4575e-01 -8.9563e-01 +1.6182e-01 +2.4931e-01 -1.1770e-02
90584 0 +5.491628159e-02 +2.140649163e+02 +2.140649163e+02 +7.5218e-01 -8.8943e-01 +1.4126e-01 +2.5023e-01 +1.6757e-03
90742 0 +5.370131128e-02 +2.140637013e+02 +2.140637013e+02 +7.6005e-01 -8.8092e-01 +1.1348e-01 +2.5103e-01 +1.9832e-02
90991 0 +5.243185996e-02 +2.140624319e+02 +2.140624319e+02 +7.6917e-01 -8.7047e-01 +7.9189e-02 +2.5059e-01 +4.2199e-02
91238 0 +5.124290266e-02 +2.140612429e+02 +2.140612429e+02 +7.7804e-01 -8.5777e-01 +4.0890e-02 +2.5111e-01 +6.6589e-02
91695 0 +5.011433469e-02 +2.140601143e+02 +2.140601143e+02 +7.8858e-01 -8.4065e-01 -8.1408e-03 +2.5003e-01 +9.8231e-02
92350 0 +4.897059445e-02 +2.140589706e+02 +2.140589706e+02 +8.0058e-01 -8.1576e-01 -7.1386e-02 +2.4922e-01 +1.3886e-01
93528 0 +4.785915704e-02 +2.140578592e+02 +2.140578592e+02 +8.1634e-01 -7.6482e-01 -1.7858e-01 +2.4649e-01 +2.1036e-01
% f evaluations | g evaluations | best noise-free fitness - Fopt (-5.848000000000e+01) + sum g_i+ | measured fitness | best measured fitness or single-digit g-values | x1 | x2...
1 0 +1.821745723e+01 -4.026254277e+01 -4.026254277e+01 +2.0783e+00 +1.7135e+00 +2.5877e+00 -1.7287e+00 -1.5493e+00
2 0 +1.495446282e+01 -4.352553718e+01 -4.352553718e+01 +1.4165e+00 +2.7879e+00 +8.6260e-01 +4.1510e-01 -2.2058e+00
4 0 +1.070418603e+01 -4.777581397e+01 -4.777581397e+01 -1.7528e+00 +2.3659e+00 +8.6881e-01 +4.2194e-01 -2.7420e+00
8 0 +7.660765585e+00 -5.081923442e+01 -5.081923442e+01 +2.2364e+00 -2.4913e+00 -7.3218e-02 +5.7113e-01 +2.5952e+00
16 0 +6.998922265e+00 -5.148107774e+01 -5.148107774e+01 +1.2692e+00 -1.8886e+00 +1.3164e-01 +3.8289e+00 -3.8061e+00
25 0 +6.158296181e+00 -5.232170382e+01 -5.232170382e+01 +1.6541e+00 +1.5317e+00 +8.2026e-01 -8.6418e-01 -1.1952e+00
144 0 +4.686371278e+00 -5.379362872e+01 -5.379362872e+01 +1.3929e+00 -4.1504e-01 -1.3115e-01 +7.0712e-02 -1.5951e+00
197 0 +3.646906929e+00 -5.483309307e+01 -5.483309307e+01 -9.7143e-01 -3.2301e-01 +1.3149e+00 +4.0450e-01 -2.4073e-01
378 0 +3.236199472e+00 -5.524380053e+01 -5.524380053e+01 +1.5879e+00 -5.0387e-01 +6.4177e-02 +1.5602e+00 -1.5721e+00
774 0 +3.119413308e+00 -5.536058669e+01 -5.536058669e+01 +6.5646e-01 +6.4928e-01 -1.9048e+00 +5.9282e-01 -1.3240e-01
1015 0 +2.113814540e+00 -5.636618546e+01 -5.636618546e+01 +3.1392e-01 -8.4905e-01 +8.8878e-01 -2.8455e-01 -1.7082e+00
3005 0 +1.595834934e+00 -5.688416507e+01 -5.688416507e+01 +2.3352e+00 -1.9551e+00 +4.7687e-01 +1.2227e+00 +6.0995e-01
9390 0 +1.169444622e+00 -5.731055538e+01 -5.731055538e+01 -4.0956e-02 +1.4198e+00 -1.9557e-01 +3.7959e-01 -8.8756e-02
72166 0 +1.138871849e+00 -5.734112815e+01 -5.734112815e+01 -8.2845e-02 -4.2531e-01 +1.0097e+00 +8.6271e-01 -9.8064e-01
86289 0 +8.284417330e-01 -5.765155827e+01 -5.765155827e+01 -5.1251e-01 -5.3245e-01 -1.2557e-02 +2.8818e-01 -2.9558e-02
% f evaluations | g evaluations | best noise-free fitness - Fopt (-6.130800000000e+02) + sum g_i+ | measured fitness | best measured fitness or single-digit g-values | x1 | x2...
1 0 +1.554603944e+01 -5.975339606e+02 -5.975339606e+02 -6.6359e-01 -2.1520e+00 -9.7940e-01 -1.3730e+00 -7.0154e-01
4 0 +1.031159084e+01 -6.027684092e+02 -6.027684092e+02 +3.0905e-01 +2.0445e+00 -1.1486e+00 -1.8874e+00 -9.1030e-01
6 0 +8.594265682e+00 -6.044857343e+02 -6.044857343e+02 -1.7447e-01 -1.0008e+00 +1.8282e+00 +5.7597e-01 -6.1946e-01
18 0 +7.751341119e+00 -6.053286589e+02 -6.053286589e+02 -1.1875e+00 +2.4146e+00 +2.2679e+00 +7.7533e-01 -2.0306e+00
36 0 +4.572975858e+00 -6.085070241e+02 -6.085070241e+02 +6.5693e-01 -3.7791e+00 +1.0778e+00 +3.7736e-01 +3.5881e+00
117 0 +3.439830776e+00 -6.096401692e+02 -6.096401692e+02 +7.2001e-01 -9.4444e-01 -1.6128e+00 +7.0965e-01 -6.2806e-01
363 0 +2.525807051e+00 -6.105541929e+02 -6.105541929e+02 -1.0417e+00 -1.7389e+00 +9.0176e-01 +3.6363e-01 -1.1119e-01
1577 0 +1.511937994e+00 -6.115680620e+02 -6.115680620e+02 +4.0271e-01 +2.7140e+00 +1.5483e+00 -1.1079e-01 +1.1150e+00
3885 0 +1.438601240e+00 -6.116413988e+02 -6.116413988e+02 -2.6142e-01 +5.0820e-01 -1.2329e+00 -6.2411e-01 -2.3541e-02
19903 0 +2.652357773e-01 -6.128147642e+02 -6.128147642e+02 +1.7385e-01 -2.5992e-02 +1.0286e+00 -7.2534e-03 -1.4845e+00
% f evaluations | g evaluations | best noise-free fitness - Fopt (-1.573300000000e+02) + sum g_i+ | measured fitness | best measured fitness or single-digit g-values | x1 | x2...
1 0 +6.008732711e+01 -9.724267289e+01 -9.724267289e+01 +5.9126e+00 -4.0280e-01 -6.9421e-01 -2.6827e+00 -7.5217e-01
2 0 +2.152617701e+01 -1.358038230e+02 -1.358038230e+02 -7.4128e-01 -2.4443e+00 -1.3349e+00 -1.1475e+00 -3.3401e+00
5 0 +1.476521109e+01 -1.425647889e+02 -1.425647889e+02 -3.8799e-01 -3.0230e+00 -1.2605e+00 +1.2175e+00 +8.1809e-01
6 0 +1.261671082e+01 -1.447132892e+02 -1.447132892e+02 -3.0723e+00 +1.1989e+00 -1.4994e-01 +1.4601e-01 +1.3462e+00
7 0 +8.548425265e+00 -1.487815747e+02 -1.487815747e+02 +1.2699e+00 -2.3494e-01 -1.5687e+00 +1.1391e+00 -1.3763e+00
21 0 +7.134867500e+00 -1.501951325e+02 -1.501951325e+02 +2.4230e+00 -7.3178e-01 +4.5346e-01 -9.3985e-01 +3.1972e-01
25 0 +5.636102851e+00 -1.516938971e+02 -1.516938971e+02 +7.7650e-01 +9.7784e-01 -1.7622e-01 +1.5845e+00 -3.7550e-01
99 0 +5.527937548e+00 -1.518020625e+02 -1.518020625e+02 +3.0277e-01 +2.3138e+00 +5.4210e-01 -1.0236e+00 -1.4061e+00
111 0 +5.043446490e+00 -1.522865535e+02 -1.522865535e+02 +9.0322e-01 +2.5849e+00 +5.3952e-01 +3.3264e+00 -1.2763e-01
170 0 +3.599852001e+00 -1.537301480e+02 -1.537301480e+02 +1.3967e+00 +1.2787e+00 +1.0299e+00 +2.4331e+00 +4.4369e-01
257 0 +3.186781845e+00 -1.541432182e+02 -1.541432182e+02 -2.1741e-01 +5.0102e-01 +1.0840e+00 -1.8319e+00 -1.9209e+00
690 0 +2.779864583e+00 -1.545501354e+02 -1.545501354e+02 +6.1075e-01 +1.1562e+00 +1.0762e+00 +8.1462e-01 -2.4177e-01
825 0 +1.077613704e+00 -1.562523863e+02 -1.562523863e+02 -1.2151e+00 +6.8404e-01 +1.0178e+00 -9.3588e-01 -1.3062e+00
2232 0 +1.000482850e+00 -1.563295172e+02 -1.563295172e+02 +1.9816e-01 -8.5385e-01 -1.2788e+00 +1.0178e+00 -1.0833e+00
2474 0 +9.526510305e-01 -1.563773490e+02 -1.563773490e+02 +1.0010e+00 -3.8489e-02 -6.6355e-01 +1.9997e+00 -1.6846e-01
8559 0 +6.505768329e-01 -1.566794232e+02 -1.566794232e+02 +2.6521e-01 +3.9103e-01 +1.5604e-01 +2.6277e-01 -1.0219e+00
% f evaluations | g evaluations | best noise-free fitness - Fopt (-5.738000000000e+01) + sum g_i+ | measured fitness | best measured fitness or single-digit g-values | x1 | x2...
1 0 +2.738109893e+01 -2.999890107e+01 -2.999890107e+01 +2.6432e+00 +2.6058e+00 -2.1191e+00 -2.3106e+00 +7.0920e-01
3 0 +8.297466646e+00 -4.908253335e+01 -4.908253335e+01 -2.1008e+00 +4.6140e-01 -1.4591e-01 +3.5655e-01 +6.2595e-01
5 0 +6.980070834e+00 -5.039992917e+01 -5.039992917e+01 -1.1032e+00 +1.7621e+00 -1.9782e-01 -4.8385e-01 +7.1668e-02
9 0 +4.260284671e+00 -5.311971533e+01 -5.311971533e+01 -1.0993e+00 +1.3169e+00 -6.2039e-01 +1.3634e-01 +7.7308e-01
23 0 +3.621465267e+00 -5.375853473e+01 -5.375853473e+01 +4.1913e+00 -6.5759e-02 +3.0278e-01 +2.1208e+00 +7.4588e-01
390 0 +3.047472090e+00 -5.433252791e+01 -5.433252791e+01 -1.4905e-01 -6.2016e-01 -6.7380e-01 +1.1681e+00 +4.7515e-01
539 0 +2.049804229e+00 -5.533019577e+01 -5.533019577e+01 +1.5791e+00 -2.1012e+00 +1.4917e+00 -7.3492e-01 -4.3460e-01
6602 0 +1.601648392e+00 -5.577835161e+01 -5.577835161e+01 +2.3419e+00 +5.8921e-01 -2.3275e-01 +5.7677e-01 -3.3218e-01
13406 0 +8.906558640e-01 -5.648934414e+01 -5.648934414e+01 -1.8456e+00 +7.3972e-02 -1.3380e+00 -9.4784e-01 -1.2491e-02
18205 0 +6.815157161e-01 -5.669848428e+01 -5.669848428e+01 -8.3477e-01 -7.7231e-01 -1.2600e+00 +1.6982e-01 -1.8322e-01
20346 0 +6.546296023e-01 -5.672537040e+01 -5.672537040e+01 +1.3188e+00 +1.8244e-01 -7.2614e-01 +6.1954e-01 -2.0077e+00
88318 0 +6.004753523e-01 -5.677952465e+01 -5.677952465e+01 -6.1802e-01 -8.9216e-01 -1.6068e+00 -1.5732e+00 -1.0306e+00
% f evaluations | g evaluations | best noise-free fitness - Fopt (3.301100000000e+02) + sum g_i+ | measured fitness | best measured fitness or single-digit g-values | x1 | x2...
1 0 +3.991108296e+01 +3.700210830e+02 +3.700210830e+02 +9.4462e-02 +2.3855e+00 +3.0574e-01 -3.4727e+00 +3.0582e+00
2 0 +1.252835905e+01 +3.426383591e+02 +3.426383591e+02 +1.1166e-02 +1.4399e+00 -1.8907e+00 +1.4465e+00 -9.7601e-01
8 0 +1.152701582e+01 +3.416370158e+02 +3.416370158e+02 -1.2145e+00 +9.3885e-02 -1.6320e+00 -3.9005e-02 -3.9200e-01
9 0 +6.760529861e+00 +3.368705299e+02 +3.368705299e+02 -5.1582e-01 +4.6718e-01 -9.2953e-02 +2.5100e+00 -7.9727e-01
27 0 +5.259608946e+00 +3.353696089e+02 +3.353696089e+02 +1.2066e+00 +1.0568e+00 -4.4694e-01 +1.0723e+00 +3.0886e-01
33 0 +3.018584815e+00 +3.331285848e+02 +3.331285848e+02 +2.7202e+00 +2.4749e-01 +5.9546e-01 +2.0650e+00 +1.1787e+00
268 0 +1.992277910e+00 +3.321022779e+02 +3.321022779e+02 +1.3933e-01 -1.4506e+00 +3.5412e-01 +2.1455e+00 +1.9542e+00
574 0 +1.472943124e+00 +3.315829431e+02 +3.315829431e+02 -9.0145e-01 -4.7684e-01 +6.1723e-01 -4.4294e-01 +1.1018e+00
842 0 +4.482504425e-01 +3.305582504e+02 +3.305582504e+02 +7.7559e-01 -1.0017e-01 +5.3463e-01 +7.5211e-01 +4.7903e-01
1227 0 +2.268374824e-01 +3.303368375e+02 +3.303368375e+02 +7.3075e-01 -1.4240e-01 +5.2840e-01 +8.0121e-01 +4.1009e-01
1281 0 +2.225405870e-01 +3.303325406e+02 +3.303325406e+02 +7.1968e-01 -1.4942e-01 +5.2602e-01 +8.0302e-01 +4.1062e-01
1349 0 +2.177232856e-01 +3.303277233e+02 +3.303277233e+02 +7.1962e-01 -1.4862e-01 +5.2664e-01 +8.0403e-01 +4.0989e-01
1388 0 +2.134937653e-01 +3.303234938e+02 +3.303234938e+02 +7.2336e-01 -1.4654e-01 +5.2715e-01 +8.0308e-01 +4.1018e-01
1443 0 +2.071109798e-01 +3.303171110e+02 +3.303171110e+02 +7.1943e-01 -1.4893e-01 +5.2673e-01 +8.0156e-01 +4.1097e-01
1474 0 +2.018763897e-01 +3.303118764e+02 +3.303118764e+02 +7.1638e-01 -1.5061e-01 +5.2653e-01 +8.0110e-01 +4.1128e-01
1498 0 +1.987340421e-01 +3.303087340e+02 +3.303087340e+02 +7.2100e-01 -1.4816e-01 +5.2757e-01 +7.9896e-01 +4.1236e-01
1519 0 +1.936349361e-01 +3.303036349e+02 +3.303036349e+02 +7.1890e-01 -1.4870e-01 +5.2761e-01 +7.9921e-01 +4.1191e-01
1543 0 +1.859677028e-01 +3.302959677e+02 +3.302959677e+02 +7.0930e-01 -1.5479e-01 +5.2643e-01 +7.9800e-01 +4.1292e-01
1562 0 +1.805792901e-01 +3.302905793e+02 +3.302905793e+02 +7.0274e-01 -1.5825e-01 +5.2603e-01 +7.9554e-01 +4.1373e-01
1585 0 +1.744623462e-01 +3.302844623e+02 +3.302844623e+02 +7.0355e-01 -1.5874e-01 +5.2652e-01 +7.9151e-01 +4.1574e-01
1587 0 +1.733868776e-01 +3.302833869e+02 +3.302833869e+02 +7.0285e-01 -1.5768e-01 +5.2709e-01 +7.9171e-01 +4.1499e-01
1593 0 +1.683640388e-01 +3.302783640e+02 +3.302783640e+02 +7.0230e-01 -1.5790e-01 +5.2749e-01 +7.8855e-01 +4.1627e-01
1599 0 +1.648866415e-01 +3.302748866e+02 +3.302748866e+02 +6.9838e-01 -1.6138e-01 +5.2628e-01 +7.8977e-01 +4.1636e-01
1615 0 +1.616160647e-01 +3.302716161e+02 +3.302716161e+02 +6.9802e-01 -1.6138e-01 +5.2646e-01 +7.8939e-01 +4.1659e-01
1628 0 +1.492351339e-01 +3.302592351e+02 +3.302592351e+02 +6.9209e-01 -1.6357e-01 +5.2753e-01 +7.8265e-01 +4.1944e-01
1666 0 +1.470292128e-01 +3.302570292e+02 +3.302570292e+02 +6.7532e-01 -1.7382e-01 +5.2752e-01 +7.7090e-01 +4.2464e-01
1675 0 +1.420422117e-01 +3.302520422e+02 +3.302520422e+02 +6.8410e-01 -1.6720e-01 +5.2854e-01 +7.7383e-01 +4.2264e-01
1712 0 +1.401894606e-01 +3.302501895e+02 +3.302501895e+02 +6.7374e-01 -1.7519e-01 +5.2685e-01 +7.7209e-01 +4.2393e-01
1804 0 +1.376830670e-01 +3.302476831e+02 +3.302476831e+02 +6.6386e-01 -1.8228e-01 +5.2570e-01 +7.6810e-01 +4.2551e-01
1935 0 +1.344802656e-01 +3.302444803e+02 +3.302444803e+02 +6.4154e-01 -2.0105e-01 +5.2164e-01 +7.6279e-01 +4.2818e-01
2065 0 +1.316122506e-01 +3.302416123e+02 +3.302416123e+02 +6.2837e-01 -2.1329e-01 +5.1905e-01 +7.5804e-01 +4.3045e-01
2237 0 +1.285764612e-01 +3.302385765e+02 +3.302385765e+02 +6.0816e-01 -2.3229e-01 +5.1548e-01 +7.4924e-01 +4.3420e-01
2430 0 +1.258479166e-01 +3.302358479e+02 +3.302358479e+02 +5.9462e-01 -2.4568e-01 +5.1305e-01 +7.4101e-01 +4.3729e-01
2568 0 +1.227820768e-01 +3.302327821e+02 +3.302327821e+02 +5.7639e-01 -2.6574e-01 +5.0871e-01 +7.3232e-01 +4.4080e-01
2689 0 +1.201957656e-01 +3.302301958e+02 +3.302301958e+02 +5.6016e-01 -2.8235e-01 +5.0600e-01 +7.1978e-01 +4.4486e-01
2937 0 +1.174451801e-01 +3.302274452e+02 +3.302274452e+02 +5.3977e-01 -3.0605e-01 +5.0129e-01 +7.0572e-01 +4.4944e-01
3149 0 +1.148105573e-01 +3.302248106e+02 +3.302248106e+02 +5.2077e-01 -3.2698e-01 +4.9768e-01 +6.8778e-01 +4.5427e-01
3356 0 +1.121000750e-01 +3.302221001e+02 +3.302221001e+02 +4.9695e-01 -3.5345e-01 +4.9314e-01 +6.6271e-01 +4.6016e-01
3585 0 +1.092576426e-01 +3.302192576e+02 +3.302192576e+02 +4.6599e-01 -3.8872e-01 +4.8682e-01 +6.2677e-01 +4.6717e-01
3899 0 +1.069349250e-01 +3.302169349e+02 +3.302169349e+02 +4.3264e-01 -4.2845e-01 +4.7906e-01 +5.8416e-01 +4.7398e-01
4595 0 +1.047111964e-01 +3.302147112e+02 +3.302147112e+02 +3.8634e-01 -4.8175e-01 +4.6858e-01 +5.1530e-01 +4.8121e-01
6852 0 +1.023269855e-01 +3.302123270e+02 +3.302123270e+02 +2.5766e-01 -6.2759e-01 +4.3438e-01 +2.8303e-01 +4.8440e-01
61835 0 +9.758270088e-02 +3.302075827e+02 +3.302075827e+02 -9.3897e-01 -1.0746e+00 +4.6844e-02 -1.4164e+00 -4.9358e-01
61859 0 +8.995016449e-02 +3.301999502e+02 +3.301999502e+02 -9.3836e-01 -1.0742e+00 +4.7120e-02 -1.4173e+00 -4.9347e-01
61869 0 +8.444132898e-02 +3.301944413e+02 +3.301944413e+02 -9.3778e-01 -1.0740e+00 +4.7160e-02 -1.4168e+00 -4.9327e-01
61870 0 +7.839196892e-02 +3.301883920e+02 +3.301883920e+02 -9.3683e-01 -1.0738e+00 +4.7387e-02 -1.4169e+00 -4.9295e-01
61893 0 +7.750890420e-02 +3.301875089e+02 +3.301875089e+02 -9.3562e-01 -1.0730e+00 +4.7490e-02 -1.4174e+00 -4.9254e-01
61918 0 +7.465358459e-02 +3.301846536e+02 +3.301846536e+02 -9.3556e-01 -1.0731e+00 +4.7689e-02 -1.4168e+00 -4.9282e-01
61920 0 +7.289834633e-02 +3.301828983e+02 +3.301828983e+02 -9.3487e-01 -1.0727e+00 +4.7931e-02 -1.4157e+00 -4.9240e-01
61923 0 +7.031949466e-02 +3.301803195e+02 +3.301803195e+02 -9.3485e-01 -1.0729e+00 +4.7891e-02 -1.4167e+00 -4.9249e-01
61938 0 +6.773503529e-02 +3.301777350e+02 +3.301777350e+02 -9.3389e-01 -1.0721e+00 +4.8041e-02 -1.4159e+00 -4.9211e-01
61939 0 +6.751826425e-02 +3.301775183e+02 +3.301775183e+02 -9.3413e-01 -1.0724e+00 +4.8128e-02 -1.4161e+00 -4.9224e-01
61961 0 +6.208345951e-02 +3.301720835e+02 +3.301720835e+02 -9.3191e-01 -1.0711e+00 +4.8734e-02 -1.4153e+00 -4.9153e-01
61978 0 +5.940299864e-02 +3.301694030e+02 +3.301694030e+02 -9.3118e-01 -1.0709e+00 +4.8919e-02 -1.4155e+00 -4.9130e-01
61983 0 +5.673731151e-02 +3.301667373e+02 +3.301667373e+02 -9.2959e-01 -1.0701e+00 +4.9372e-02 -1.4151e+00 -4.9062e-01
61995 0 +5.595778925e-02 +3.301659578e+02 +3.301659578e+02 -9.3037e-01 -1.0707e+00 +4.9003e-02 -1.4158e+00 -4.9099e-01
62039 0 +5.322748329e-02 +3.301632275e+02 +3.301632275e+02 -9.2622e-01 -1.0691e+00 +4.9924e-02 -1.4171e+00 -4.9005e-01
62085 0 +5.185642218e-02 +3.301618564e+02 +3.301618564e+02 -9.2483e-01 -1.0681e+00 +5.0417e-02 -1.4144e+00 -4.8916e-01
62155 0 +5.126335501e-02 +3.301612634e+02 +3.301612634e+02 -9.2303e-01 -1.0678e+00 +5.0703e-02 -1.4163e+00 -4.8891e-01
% f evaluations | g evaluations | best noise-free fitness - Fopt (-2.440000000000e+00) + sum g_i+ | measured fitness | best measured fitness or single-digit g-values | x1 | x2...
1 0 +1.044912752e+01 +8.009127524e+00 +8.009127524e+00 +3.6436e+00 -1.7902e+00 -4.4188e+00 +1.9743e-01 -1.3375e+00
18 0 +8.633171538e+00 +6.193171538e+00 +6.193171538e+00 +9.1778e-02 +5.8935e-01 +3.4491e+00 -1.4113e+00 +8.6138e-01
19 0 +7.606562081e+00 +5.166562081e+00 +5.166562081e+00 +7.6474e-01 -1.6574e+00 +3.3433e-01 +2.6499e-01 +1.7737e+00
20 0 +6.257282786e+00 +3.817282786e+00 +3.817282786e+00 -3.4893e+00 -2.0885e+00 +1.8880e+00 -1.5306e+00 +2.3390e+00
39 0 +4.889281130e+00 +2.449281130e+00 +2.449281130e+00 +1.9618e-02 +1.0397e+00 -4.3191e-01 +1.4290e+00 +4.2133e-01
149 0 +4.071454362e+00 +1.631454362e+00 +1.631454362e+00 +2.2788e+00 +3.5724e+00 -1.4039e+00 +1.5107e+00 -1.5144e-01
182 0 +3.909285971e+00 +1.469285971e+00 +1.469285971e+00 -1.8088e-01 -1.4216e-01 +8.0695e-01 -2.9689e-01 -5.1456e-01
219 0 +4.361799618e-01 -2.003820038e+00 -2.003820038e+00 -1.7914e+00 -1.0428e+00 -5.4843e-01 -4.4884e-01 +2.2153e-01
16151 0 +4.231681550e-01 -2.016831845e+00 -2.016831845e+00 -1.2181e-01 -3.2419e-01 +5.2055e-01 +9.4759e-01 -9.8243e-01
36114 0 +2.844218590e-01 -2.155578141e+00 -2.155578141e+00 +5.5064e-01 -1.1001e+00 +1.4367e-01 -1.2495e+00 +1.7945e-01
% f evaluations | g evaluations | best noise-free fitness - Fopt (1.240000000000e+00) + sum g_i+ | measured fitness | best measured fitness or single-digit g-values | x1 | x2...
1 0 +1.396033762e+01 +1.520033762e+01 +1.520033762e+01 -1.5406e+00 +2.1833e+00 -1.8380e+00 +1.7103e+00 +2.8023e+00
2 0 +9.249566197e+00 +1.048956620e+01 +1.048956620e+01 -6.6214e-01 +1.7428e+00 +2.0087e+00 +6.1220e-02 -1.7129e+00
28 0 +6.217151787e+00 +7.457151787e+00 +7.457151787e+00 -5.8310e-01 +1.5117e+00 +2.5618e+00 -1.2284e+00 -1.1967e+00
31 0 +4.363102558e+00 +5.603102558e+00 +5.603102558e+00 -5.4500e-02 +2.4808e+00 +2.8957e-01 -1.1106e+00 +2.2865e-01
103 0 +2.860826858e+00 +4.100826858e+00 +4.100826858e+00 -6.0199e-01 +2.1531e+00 +6.3742e-01 -7.6147e-01 -1.9766e-01
209 0 +1.233285487e+00 +2.473285487e+00 +2.473285487e+00 -1.8457e+00 +8.4654e-01 -1.8824e-01 -4.7668e-01 +9.2759e-01
218 0 +9.734997499e-01 +2.213499750e+00 +2.213499750e+00 -3.4454e-01 +8.0030e-01 +1.7686e-01 -1.0967e+00 -7.8020e-01
776 0 +8.275626121e-01 +2.067562612e+00 +2.067562612e+00 -1.1821e+00 -1.7246e-01 +7.8791e-01 -9.0700e-01 +9.9522e-01
7743 0 +8.127452329e-01 +2.052745233e+00 +2.052745233e+00 -2.0545e+00 -1.6602e-01 -9.7899e-01 +5.7953e-01 +2.7621e+00
7922 0 +7.941392464e-01 +2.034139246e+00 +2.034139246e+00 -2.0376e+00 -1.8843e-01 -9.9081e-01 +5.9073e-01 +2.7578e+00
8021 0 +7.756230631e-01 +2.015623063e+00 +2.015623063e+00 -2.0150e+00 -2.1774e-01 -1.0042e+00 +6.0588e-01 +2.7517e+00
8250 0 +7.574886618e-01 +1.997488662e+00 +1.997488662e+00 -1.9981e+00 -2.4108e-01 -1.0117e+00 +6.1652e-01 +2.7456e+00
8561 0 +7.410769679e-01 +1.981076968e+00 +1.981076968e+00 -1.9759e+00 -2.6997e-01 -1.0195e+00 +6.3024e-01 +2.7376e+00
8945 0 +7.240281261e-01 +1.964028126e+00 +1.964028126e+00 -1.9488e+00 -3.0551e-01 -1.0260e+00 +6.4620e-01 +2.7256e+00
9354 0 +7.078706456e-01 +1.947870646e+00 +1.947870646e+00 -1.9065e+00 -3.5555e-01 -1.0359e+00 +6.7053e-01 +2.7072e+00
10042 0 +6.916456132e-01 +1.931645613e+00 +1.931645613e+00 -1.8609e+00 -4.0938e-01 -1.0370e+00 +6.9400e-01 +2.6812e+00
12130 0 +6.760764613e-01 +1.916076461e+00 +1.916076461e+00 -1.7719e+00 -5.0412e-01 -1.0312e+00 +7.3507e-01 +2.6234e+00
20674 0 +6.245558528e-01 +1.864555853e+00 +1.864555853e+00 +2.4343e+00 -6.8959e-01 +4.1648e-01 +1.7653e-01 -2.8536e+00
20685 0 +4.371215737e-01 +1.677121574e+00 +1.677121574e+00 +2.4367e+00 -6.9014e-01 +4.1943e-01 +1.7407e-01 -2.8580e+00
20775 0 +4.252520292e-01 +1.665252029e+00 +1.665252029e+00 +2.4352e+00 -6.8877e-01 +4.1938e-01 +1.7510e-01 -2.8551e+00
20776 0 +4.039200096e-01 +1.643920010e+00 +1.643920010e+00 +2.4349e+00 -6.8913e-01 +4.1821e-01 +1.7532e-01 -2.8542e+00
20816 0 +3.673996065e-01 +1.607399607e+00 +1.607399607e+00 +2.4360e+00 -6.8918e-01 +4.2029e-01 +1.7468e-01 -2.8565e+00
20841 0 +3.436538326e-01 +1.583653833e+00 +1.583653833e+00 +2.4375e+00 -6.9008e-01 +4.2051e-01 +1.7518e-01 -2.8588e+00
20874 0 +3.285479691e-01 +1.568547969e+00 +1.568547969e+00 +2.4353e+00 -6.8935e-01 +4.1997e-01 +1.7448e-01 -2.8571e+00
20897 0 +3.125820021e-01 +1.552582002e+00 +1.552582002e+00 +2.4355e+00 -6.8952e-01 +4.1920e-01 +1.7490e-01 -2.8567e+00
45008 0 +3.052171076e-01 +1.545217108e+00 +1.545217108e+00 -8.5017e-01 +4.9205e-01 -1.1252e+00 -3.7775e-01 +1.2213e+00
45080 0 +1.982283479e-01 +1.438228348e+00 +1.438228348e+00 -8.5079e-01 +4.8185e-01 -1.1309e+00 -3.7019e-01 +1.2267e+00
45129 0 +1.926670714e-01 +1.432667071e+00 +1.432667071e+00 -8.5067e-01 +4.8195e-01 -1.1312e+00 -3.6986e-01 +1.2264e+00
45165 0 +1.882254685e-01 +1.428225469e+00 +1.428225469e+00 -8.5080e-01 +4.8034e-01 -1.1324e+00 -3.6837e-01 +1.2271e+00
45210 0 +1.854739337e-01 +1.425473934e+00 +1.425473934e+00 -8.5049e-01 +4.8135e-01 -1.1319e+00 -3.6921e-01 +1.2268e+00
83729 0 +1.681723415e-01 +1.408172342e+00 +1.408172342e+00 +2.4404e-01 +5.5694e-01 +1.9023e-01 -1.1210e+00 +1.2765e+00
83745 0 +1.563687450e-01 +1.396368745e+00 +1.396368745e+00 +2.4351e-01 +5.5466e-01 +1.8766e-01 -1.1212e+00 +1.2770e+00
83751 0 +1.514123141e-01 +1.391412314e+00 +1.391412314e+00 +2.4374e-01 +5.5621e-01 +1.8861e-01 -1.1211e+00 +1.2785e+00
83754 0 +1.407987600e-01 +1.380798760e+00 +1.380798760e+00 +2.4288e-01 +5.5556e-01 +1.8922e-01 -1.1210e+00 +1.2782e+00
83762 0 +1.326605068e-01 +1.372660507e+00 +1.372660507e+00 +2.4316e-01 +5.5515e-01 +1.8814e-01 -1.1214e+00 +1.2774e+00
83773 0 +1.178630505e-01 +1.357863050e+00 +1.357863050e+00 +2.4351e-01 +5.5639e-01 +1.8962e-01 -1.1214e+00 +1.2776e+00
83777 0 +1.164298039e-01 +1.356429804e+00 +1.356429804e+00 +2.4366e-01 +5.5643e-01 +1.8903e-01 -1.1215e+00 +1.2779e+00
83778 0 +1.085200912e-01 +1.348520091e+00 +1.348520091e+00 +2.4273e-01 +5.5559e-01 +1.8855e-01 -1.1215e+00 +1.2790e+00
83824 0 +1.067331834e-01 +1.346733183e+00 +1.346733183e+00 +2.4280e-01 +5.5614e-01 +1.8926e-01 -1.1214e+00 +1.2794e+00
% f evaluations | g evaluations | best noise-free fitness - Fopt (4.701000000000e+01) + sum g_i+ | measured fitness | best measured fitness or single-digit g-values | x1 | x2...
1 0 +6.191004497e+01 +1.089200450e+02 +1.089200450e+02 -4.4483e+00 -2.8831e+00 +4.7885e-01 +3.0114e+00 +3.1891e+00
2 0 +1.987768224e+01 +6.688768224e+01 +6.688768224e+01 -6.6647e-01 +3.5885e-01 +3.4990e+00 +8.2089e-01 +1.1313e+00
3 0 +1.549168735e+01 +6.250168735e+01 +6.250168735e+01 +2.8413e+00 +1.5952e+00 -5.0917e-01 -1.2287e+00 -1.2383e+00
4 0 +1.192227347e+01 +5.893227347e+01 +5.893227347e+01 +1.5062e+00 -3.2382e-02 +4.8718e-01 -1.0908e-01 -5.9324e-01
7 0 +7.176518161e+00 +5.418651816e+01 +5.418651816e+01 +2.4896e-01 +2.4377e+00 -1.5467e+00 -1.3756e-01 -9.3619e-02
19 0 +4.690857337e+00 +5.170085734e+01 +5.170085734e+01 +3.5651e+00 +4.6610e+00 +2.7243e+00 -8.0523e-01 -1.3869e+00
33 0 +4.656424623e+00 +5.166642462e+01 +5.166642462e+01 +2.3668e+00 +4.0886e+00 +9.4913e-01 +3.0461e+00 -2.2164e+00
136 0 +4.519834803e+00 +5.152983480e+01 +5.152983480e+01 +2.8572e+00 +1.1965e+00 +8.3366e-01 +2.0389e+00 -5.4409e-01
201 0 +3.927705326e+00 +5.093770533e+01 +5.093770533e+01 +2.2282e+00 +1.5988e+00 +1.3259e+00 -1.3259e+00 +4.9879e-01
202 0 +3.493742985e+00 +5.050374298e+01 +5.050374298e+01 +3.0988e+00 +2.2659e+00 +1.6289e+00 -1.5369e-01 -1.7441e+00
231 0 +9.087481235e-01 +4.791874812e+01 +4.791874812e+01 +2.6551e+00 +1.9515e+00 +1.7978e+00 -2.5546e-01 -3.9024e-01
930 0 +8.657134754e-01 +4.787571348e+01 +4.787571348e+01 +1.7704e+00 +1.9538e+00 +1.6567e+00 +6.6984e-02 -1.2851e+00
996 0 +7.976837533e-01 +4.780768375e+01 +4.780768375e+01 +1.7485e+00 +1.9361e+00 +1.6415e+00 +5.4225e-02 -1.2675e+00
1056 0 +4.696925194e-01 +4.747969252e+01 +4.747969252e+01 +1.7814e+00 +1.9627e+00 +1.6610e+00 +7.4296e-02 -1.2951e+00
1105 0 +3.560880160e-01 +4.736608802e+01 +4.736608802e+01 +1.8039e+00 +1.9818e+00 +1.6737e+00 +8.8283e-02 -1.3139e+00
1154 0 +3.310241998e-01 +4.734102420e+01 +4.734102420e+01 +1.8123e+00 +1.9868e+00 +1.6780e+00 +9.1676e-02 -1.3189e+00
1287 0 +3.186063119e-01 +4.732860631e+01 +4.732860631e+01 +1.7999e+00 +1.9754e+00 +1.6695e+00 +8.0935e-02 -1.3061e+00
1288 0 +2.842779968e-01 +4.729427800e+01 +4.729427800e+01 +1.8084e+00 +1.9837e+00 +1.6753e+00 +8.8350e-02 -1.3151e+00
1296 0 +2.818186547e-01 +4.729181865e+01 +4.729181865e+01 +1.8203e+00 +1.9897e+00 +1.6799e+00 +9.3109e-02 -1.3218e+00
1301 0 +2.718523447e-01 +4.728185234e+01 +4.728185234e+01 +1.8335e+00 +2.0042e+00 +1.6901e+00 +1.0268e-01 -1.3355e+00
1302 0 +2.674992113e-01 +4.727749921e+01 +4.727749921e+01 +1.8131e+00 +1.9915e+00 +1.6805e+00 +9.1425e-02 -1.3209e+00
1337 0 +2.552630643e-01 +4.726526306e+01 +4.726526306e+01 +1.8589e+00 +2.0252e+00 +1.7040e+00 +1.1864e-01 -1.3571e+00
1342 0 +2.411122314e-01 +4.725111223e+01 +4.725111223e+01 +1.8551e+00 +2.0204e+00 +1.7006e+00 +1.1537e-01 -1.3524e+00
1358 0 +2.329247000e-01 +4.724292470e+01 +4.724292470e+01 +1.8495e+00 +2.0167e+00 +1.6976e+00 +1.1236e-01 -1.3483e+00
1387 0 +2.281384930e-01 +4.723813849e+01 +4.723813849e+01 +1.8451e+00 +2.0183e+00 +1.6985e+00 +1.1246e-01 -1.3487e+00
1473 0 +2.234547391e-01 +4.723345474e+01 +4.723345474e+01 +1.8526e+00 +2.0304e+00 +1.7067e+00 +1.2050e-01 -1.3598e+00
25858 0 +2.187076067e-01 +4.722870761e+01 +4.722870761e+01 -9.0266e-01 -1.2840e+00 -8.2361e-01 -7.7214e-01 +2.6392e-01
26277 0 +2.137701375e-01 +4.722377014e+01 +4.722377014e+01 -9.0856e-01 -1.3232e+00 -8.0277e-01 -7.5003e-01 +3.1398e-01
26912 0 +2.089178637e-01 +4.721891786e+01 +4.721891786e+01 -9.1737e-01 -1.3693e+00 -7.7333e-01 -7.2461e-01 +3.8689e-01
28422 0 +2.041709356e-01 +4.721417094e+01 +4.721417094e+01 -9.3038e-01 -1.4454e+00 -7.2178e-01 -6.7591e-01 +5.1903e-01
% f evaluations | g evaluations | best noise-free fitness - Fopt (3.758000000000e+01) + sum g_i+ | measured fitness | best measured fitness or single-digit g-values | x1 | x2...
1 0 +2.991443665e+01 +6.749443665e+01 +6.749443665e+01 -2.5726e+00 -3.2391e-01 +1.8161e+00 -3.2271e+00 -3.8908e+00
3 0 +1.528600176e+01 +5.286600176e+01 +5.286600176e+01 +4.9520e-01 +1.5206e+00 -1.1370e+00 +9.7716e-01 -1.7677e+00
6 0 +6.344595677e+00 +4.392459568e+01 +4.392459568e+01 -1.6458e+00 +1.0385e+00 -2.3225e+00 -2.3284e+00 +1.0985e+00
25 0 +5.007862378e+00 +4.258786238e+01 +4.258786238e+01 -1.8620e+00 -4.0890e-02 -3.1018e+00 -2.2695e+00 -6.9721e-01
39 0 +4.886053230e+00 +4.246605323e+01 +4.246605323e+01 +6.5767e-01 +2.4175e-01 -1.0357e+00 -1.6931e+00 +1.2387e+00
47 0 +4.079696159e+00 +4.165969616e+01 +4.165969616e+01 +5.0762e-01 +1.8463e-02 -1.1232e+00 -8.6697e-01 +2.1703e+00
146 0 +3.420745275e+00 +4.100074528e+01 +4.100074528e+01 -4.0628e-01 -5.7778e-01 -2.4266e+00 -1.2445e+00 -1.8142e+00
147 0 +2.121667799e+00 +3.970166780e+01 +3.970166780e+01 -1.6519e+00 -3.0858e-01 -4.8539e-01 -1.3998e+00 +6.1009e-01
305 0 +1.666482866e+00 +3.924648287e+01 +3.924648287e+01 -1.0588e+00 +4.8893e-01 -9.5481e-01 +1.6819e-01 -1.6909e+00
434 0 +1.609951274e+00 +3.918995127e+01 +3.918995127e+01 -1.0669e+00 +2.1589e-01 -4.8976e-01 -3.6480e-01 -1.1895e+00
537 0 +1.554799608e+00 +3.913479961e+01 +3.913479961e+01 -1.3954e+00 +8.1504e-01 -5.5581e-01 -1.0403e-02 -1.0930e+00
1265 0 +1.318497456e+00 +3.889849746e+01 +3.889849746e+01 -1.1464e+00 -6.8324e-01 -7.3760e-01 -1.2453e+00 -2.7080e+00
1475 0 +5.818670707e-01 +3.816186707e+01 +3.816186707e+01 -9.7551e-01 +2.4655e-03 -4.4574e-01 -1.1126e+00 -1.6808e+00
1546 0 +5.050016661e-01 +3.808500167e+01 +3.808500167e+01 -9.7352e-01 +2.0679e-02 -4.5116e-01 -1.4770e+00 -1.6997e+00
4273 0 +4.986043074e-01 +3.807860431e+01 +3.807860431e+01 -7.5947e-01 -1.4627e-01 -1.0550e+00 -1.5041e+00 -2.1759e+00
4281 0 +3.582879756e-01 +3.793828798e+01 +3.793828798e+01 -7.6220e-01 -1.4721e-01 -1.0570e+00 -1.5056e+00 -2.1781e+00
4296 0 +3.112768412e-01 +3.789127684e+01 +3.789127684e+01 -7.6227e-01 -1.4695e-01 -1.0574e+00 -1.5058e+00 -2.1783e+00
4297 0 +2.850570191e-01 +3.786505702e+01 +3.786505702e+01 -7.6313e-01 -1.4726e-01 -1.0580e+00 -1.5066e+00 -2.1789e+00
4306 0 +2.336097209e-01 +3.781360972e+01 +3.781360972e+01 -7.6475e-01 -1.4709e-01 -1.0598e+00 -1.5077e+00 -2.1806e+00
4342 0 +2.248892125e-01 +3.780488921e+01 +3.780488921e+01 -7.6562e-01 -1.4764e-01 -1.0605e+00 -1.5078e+00 -2.1811e+00
4419 0 +2.223906962e-01 +3.780239070e+01 +3.780239070e+01 -7.6623e-01 -1.4746e-01 -1.0610e+00 -1.5089e+00 -2.1818e+00
4545 0 +2.187664905e-01 +3.779876649e+01 +3.779876649e+01 -7.6613e-01 -1.4665e-01 -1.0611e+00 -1.5098e+00 -2.1815e+00
4736 0 +2.137478692e-01 +3.779374787e+01 +3.779374787e+01 -7.6783e-01 -1.4382e-01 -1.0633e+00 -1.5158e+00 -2.1827e+00
30501 0 +1.823932728e-01 +3.776239327e+01 +3.776239327e+01 -2.5407e-01 +3.5663e-01 -5.4081e-01 -1.3454e+00 +3.9742e-01
30518 0 +1.657230795e-01 +3.774572308e+01 +3.774572308e+01 -2.4245e-01 +3.5123e-01 -5.3472e-01 -1.3339e+00 +4.0719e-01
30536 0 +1.588317488e-01 +3.773883175e+01 +3.773883175e+01 -2.4276e-01 +3.5216e-01 -5.3553e-01 -1.3329e+00 +4.0837e-01
30541 0 +1.516852874e-01 +3.773168529e+01 +3.773168529e+01 -2.3966e-01 +3.5132e-01 -5.3298e-01 -1.3309e+00 +4.0892e-01
30544 0 +1.328352395e-01 +3.771283524e+01 +3.771283524e+01 -2.3702e-01 +3.5001e-01 -5.3257e-01 -1.3272e+00 +4.1304e-01
30553 0 +1.297783172e-01 +3.770977832e+01 +3.770977832e+01 -2.2826e-01 +3.4507e-01 -5.2806e-01 -1.3186e+00 +4.2041e-01
30556 0 +1.182153196e-01 +3.769821532e+01 +3.769821532e+01 -2.3556e-01 +3.4909e-01 -5.3173e-01 -1.3258e+00 +4.1379e-01
30613 0 +1.073804626e-01 +3.768738046e+01 +3.768738046e+01 -2.1694e-01 +3.3987e-01 -5.2313e-01 -1.3059e+00 +4.3119e-01
30621 0 +1.067322463e-01 +3.768673225e+01 +3.768673225e+01 -2.1236e-01 +3.3844e-01 -5.2112e-01 -1.3013e+00 +4.3451e-01
30656 0 +1.046100081e-01 +3.768461001e+01 +3.768461001e+01 -2.1044e-01 +3.3722e-01 -5.2010e-01 -1.2987e+00 +4.3653e-01
37531 0 +1.023283788e-01 +3.768232838e+01 +3.768232838e+01 -1.9602e-01 +5.5700e-01 -4.9739e-01 -1.4819e+00 +2.8630e-01
% f evaluations | g evaluations | best noise-free fitness - Fopt (6.440000000000e+01) + sum g_i+ | measured fitness | best measured fitness or single-digit g-values | x1 | x2...
1 0 +1.275409897e+01 +7.715409897e+01 +7.715409897e+01 +7.9261e-01 +9.5827e-01 -1.4253e+00 -8.1939e-01 -4.1331e-01
3 0 +6.301293067e+00 +7.070129307e+01 +7.070129307e+01 +8.4619e-01 -4.1965e-01 -1.6560e+00 +2.1959e+00 -4.4519e-01
7 0 +4.244021263e+00 +6.864402126e+01 +6.864402126e+01 +4.9703e-01 -8.5878e-01 -5.4440e-01 -1.2241e+00 +1.0179e+00
183 0 +4.065625732e+00 +6.846562573e+01 +6.846562573e+01 +1.6395e+00 +1.4504e+00 +8.8970e-01 +2.1495e-01 +7.3983e-01
333 0 +3.960552103e+00 +6.836055210e+01 +6.836055210e+01 -1.0946e+00 -5.2886e-01 +1.5804e+00 -3.0681e-01 +1.0760e+00
371 0 +3.230216033e+00 +6.763021603e+01 +6.763021603e+01 +8.8082e-01 +1.2629e+00 +1.0450e+00 -1.5732e+00 +1.0180e+00
644 0 +2.072618302e+00 +6.647261830e+01 +6.647261830e+01 +1.0027e-01 +2.3906e-01 +5.4850e-01 -7.5173e-01 +7.4882e-01
1749 0 +1.916390560e+00 +6.631639056e+01 +6.631639056e+01 +1.3839e+00 -7.2362e-01 +3.4758e-01 -1.6734e+00 +1.3338e+00
2250 0 +1.444065687e+00 +6.584406569e+01 +6.584406569e+01 +1.1216e+00 -4.7260e-01 +5.0722e-01 -1.6185e+00 +1.3475e+00
2726 0 +1.410816060e+00 +6.581081606e+01 +6.581081606e+01 +1.1042e+00 -4.6602e-01 +5.2004e-01 -1.6140e+00 +1.3486e+00
2783 0 +1.378467800e+00 +6.577846780e+01 +6.577846780e+01 +1.1044e+00 -4.6609e-01 +5.1978e-01 -1.6141e+00 +1.3492e+00
3975 0 +9.522555283e-01 +6.535225553e+01 +6.535225553e+01 +2.2681e-01 +1.5684e+00 -1.2969e+00 +9.8167e-01 -1.5682e+00
5002 0 +9.110960884e-01 +6.531109609e+01 +6.531109609e+01 -1.9704e-02 +1.0530e+00 -1.1552e+00 +1.5601e+00 -1.3725e+00
5025 0 +8.679286450e-01 +6.526792865e+01 +6.526792865e+01 -2.0290e-02 +1.0524e+00 -1.1558e+00 +1.5603e+00 -1.3719e+00
5029 0 +8.493410686e-01 +6.524934107e+01 +6.524934107e+01 -1.8953e-02 +1.0527e+00 -1.1557e+00 +1.5598e+00 -1.3714e+00
5039 0 +8.057727319e-01 +6.520577273e+01 +6.520577273e+01 -2.0024e-02 +1.0531e+00 -1.1563e+00 +1.5597e+00 -1.3710e+00
5092 0 +7.807665824e-01 +6.518076658e+01 +6.518076658e+01 -1.9219e-02 +1.0531e+00 -1.1562e+00 +1.5595e+00 -1.3709e+00
5101 0 +7.257914842e-01 +6.512579148e+01 +6.512579148e+01 -1.9887e-02 +1.0534e+00 -1.1571e+00 +1.5593e+00 -1.3697e+00
5129 0 +7.226824773e-01 +6.512268248e+01 +6.512268248e+01 -1.9896e-02 +1.0530e+00 -1.1573e+00 +1.5591e+00 -1.3692e+00
5131 0 +6.942584658e-01 +6.509425847e+01 +6.509425847e+01 -1.9969e-02 +1.0537e+00 -1.1575e+00 +1.5589e+00 -1.3687e+00
5154 0 +6.812266351e-01 +6.508122664e+01 +6.508122664e+01 -1.9374e-02 +1.0544e+00 -1.1579e+00 +1.5585e+00 -1.3683e+00
5155 0 +6.679316963e-01 +6.506793170e+01 +6.506793170e+01 -2.3144e-02 +1.0534e+00 -1.1589e+00 +1.5588e+00 -1.3667e+00
5171 0 +6.451441431e-01 +6.504514414e+01 +6.504514414e+01 -2.2062e-02 +1.0536e+00 -1.1589e+00 +1.5587e+00 -1.3668e+00
5182 0 +6.144929791e-01 +6.501449298e+01 +6.501449298e+01 -2.2418e-02 +1.0542e+00 -1.1596e+00 +1.5582e+00 -1.3655e+00
5192 0 +5.979327735e-01 +6.499793277e+01 +6.499793277e+01 -2.5070e-02 +1.0536e+00 -1.1610e+00 +1.5582e+00 -1.3636e+00
5204 0 +5.649062077e-01 +6.496490621e+01 +6.496490621e+01 -2.3803e-02 +1.0547e+00 -1.1611e+00 +1.5575e+00 -1.3631e+00
5238 0 +5.458621588e-01 +6.494586216e+01 +6.494586216e+01 -2.5834e-02 +1.0551e+00 -1.1624e+00 +1.5570e+00 -1.3607e+00
5252 0 +5.344317456e-01 +6.493443175e+01 +6.493443175e+01 -2.6289e-02 +1.0556e+00 -1.1637e+00 +1.5562e+00 -1.3585e+00
5256 0 +5.247911170e-01 +6.492479112e+01 +6.492479112e+01 -3.0124e-02 +1.0561e+00 -1.1668e+00 +1.5554e+00 -1.3538e+00
5315 0 +5.116746752e-01 +6.491167468e+01 +6.491167468e+01 -3.0807e-02 +1.0566e+00 -1.1672e+00 +1.5550e+00 -1.3529e+00
24180 0 +4.994114544e-01 +6.489941145e+01 +6.489941145e+01 -2.9662e-01 +1.0532e+00 -1.3823e+00 -1.5682e+00 +8.0480e-01
24191 0 +4.890227122e-01 +6.488902271e+01 +6.488902271e+01 -2.9781e-01 +1.0511e+00 -1.3814e+00 -1.5649e+00 +8.0127e-01
24201 0 +4.763812153e-01 +6.487638122e+01 +6.487638122e+01 -2.9919e-01 +1.0494e+00 -1.3806e+00 -1.5622e+00 +7.9829e-01
24222 0 +4.527028721e-01 +6.485270287e+01 +6.485270287e+01 -3.0204e-01 +1.0448e+00 -1.3790e+00 -1.5549e+00 +7.9080e-01
68779 0 +2.849017930e-01 +6.468490179e+01 +6.468490179e+01 +4.5977e-01 +1.7733e+00 +1.1680e+00 +4.1186e-01 -6.3961e-01
70200 0 +2.600792064e-01 +6.466007921e+01 +6.466007921e+01 +2.5088e-01 +1.2979e+00 +1.7466e+00 +6.7637e-01 -9.6716e-01
70203 0 +2.242981735e-01 +6.462429817e+01 +6.462429817e+01 +2.5062e-01 +1.2970e+00 +1.7469e+00 +6.7680e-01 -9.6737e-01
70257 0 +2.025418920e-01 +6.460254189e+01 +6.460254189e+01 +2.5021e-01 +1.2967e+00 +1.7477e+00 +6.7676e-01 -9.6805e-01
70283 0 +1.992475976e-01 +6.459924760e+01 +6.459924760e+01 +2.5081e-01 +1.2963e+00 +1.7480e+00 +6.7711e-01 -9.6696e-01
70295 0 +1.897390128e-01 +6.458973901e+01 +6.458973901e+01 +2.5088e-01 +1.2961e+00 +1.7480e+00 +6.7715e-01 -9.6723e-01
70360 0 +1.856692746e-01 +6.458566927e+01 +6.458566927e+01 +2.5084e-01 +1.2961e+00 +1.7478e+00 +6.7712e-01 -9.6715e-01
% f evaluations | g evaluations | best noise-free fitness - Fopt (4.033700000000e+02) + sum g_i+ | measured fitness | best measured fitness or single-digit g-values | x1 | x2...
1 0 +1.713828778e+01 +4.205082878e+02 +4.205082878e+02 -1.6551e-01 -1.8207e+00 +2.1165e+00 +2.9994e+00 -6.4325e-01
6 0 +9.800674144e+00 +4.131706741e+02 +4.131706741e+02 +4.8608e-01 +1.5962e+00 -4.2948e-01 +7.2577e-01 -2.7606e+00
11 0 +7.636074994e+00 +4.110060750e+02 +4.110060750e+02 +8.1327e-01 -9.9414e-01 -7.5390e-02 +8.2859e-01 -1.5848e+00
27 0 +6.078853683e+00 +4.094488537e+02 +4.094488537e+02 +1.4824e+00 -9.9498e-01 -5.4956e-02 +1.7635e-02 -1.5866e+00
67 0 +5.298251021e+00 +4.086682510e+02 +4.086682510e+02 -8.3727e-02 -1.5552e+00 -2.3989e-01 +1.2245e+00 -3.2766e-02
74 0 +4.626147286e+00 +4.079961473e+02 +4.079961473e+02 +2.6845e-01 -2.0430e+00 +5.5128e-01 +1.2928e+00 +3.5709e-01
80 0 +1.769093624e+00 +4.051390936e+02 +4.051390936e+02 -1.0469e+00 -1.8120e+00 -8.8384e-01 +4.9604e-01 -9.4296e-01
248 0 +1.045144707e+00 +4.044151447e+02 +4.044151447e+02 +1.3295e+00 -9.4653e-01 -1.1651e+00 +1.5131e-01 -2.3890e+00
868 0 +5.601826891e-01 +4.039301827e+02 +4.039301827e+02 +8.8042e-01 +4.7086e-01 +1.5602e-01 -5.2627e-01 -1.8976e+00
8693 0 +2.578505525e-01 +4.036278506e+02 +4.036278506e+02 -2.8829e-01 +9.3202e-02 -1.0703e-01 +8.9625e-01 +8.0712e-01
9473 0 +2.284951195e-01 +4.035984951e+02 +4.035984951e+02 -2.5031e-01 +4.6916e-02 -1.5281e-01 +8.6064e-01 +7.7950e-01
9474 0 +2.203152422e-01 +4.035903152e+02 +4.035903152e+02 -2.4858e-01 +4.5641e-02 -1.5281e-01 +8.6175e-01 +7.8016e-01
9484 0 +1.914818038e-01 +4.035614818e+02 +4.035614818e+02 -2.4973e-01 +4.5712e-02 -1.5328e-01 +8.6439e-01 +7.7977e-01
9526 0 +1.878010597e-01 +4.035578011e+02 +4.035578011e+02 -2.5743e-01 +4.8438e-02 -1.5261e-01 +8.6359e-01 +7.7782e-01
9546 0 +1.728444299e-01 +4.035428444e+02 +4.035428444e+02 -2.5542e-01 +4.8508e-02 -1.5260e-01 +8.6272e-01 +7.7843e-01
9547 0 +1.607485693e-01 +4.035307486e+02 +4.035307486e+02 -2.5462e-01 +4.8629e-02 -1.5308e-01 +8.6246e-01 +7.7784e-01
9566 0 +1.531159969e-01 +4.035231160e+02 +4.035231160e+02 -2.5648e-01 +4.8586e-02 -1.5272e-01 +8.6291e-01 +7.7825e-01
9574 0 +1.457041896e-01 +4.035157042e+02 +4.035157042e+02 -2.5407e-01 +4.8431e-02 -1.5376e-01 +8.6229e-01 +7.7769e-01
9575 0 +1.432643296e-01 +4.035132643e+02 +4.035132643e+02 -2.5661e-01 +4.8736e-02 -1.5327e-01 +8.6293e-01 +7.7797e-01
9586 0 +1.405020041e-01 +4.035105020e+02 +4.035105020e+02 -2.5367e-01 +4.7978e-02 -1.5400e-01 +8.6304e-01 +7.7805e-01
9603 0 +1.330852743e-01 +4.035030853e+02 +4.035030853e+02 -2.5543e-01 +4.8403e-02 -1.5381e-01 +8.6333e-01 +7.7783e-01
9627 0 +1.303334472e-01 +4.035003334e+02 +4.035003334e+02 -2.5634e-01 +4.8672e-02 -1.5394e-01 +8.6397e-01 +7.7761e-01
31823 0 +1.287511455e-01 +4.034987511e+02 +4.034987511e+02 -2.0316e+00 -2.3833e+00 +3.0265e+00 -4.6667e-01 +8.9576e-01
33522 0 +1.258457820e-01 +4.034958458e+02 +4.034958458e+02 -1.7147e+00 -2.1443e+00 +2.7459e+00 -5.3767e-01 +5.5770e-01
35342 0 +1.230127150e-01 +4.034930127e+02 +4.034930127e+02 -1.4019e+00 -1.9107e+00 +2.4582e+00 -6.0910e-01 +2.2656e-01
81337 0 +1.154021227e-01 +4.034854021e+02 +4.034854021e+02 -8.2397e-01 -3.5770e-01 +8.0750e-01 +5.4038e-01 +3.8034e-01
81371 0 +1.141750312e-01 +4.034841750e+02 +4.034841750e+02 -8.2930e-01 -3.5662e-01 +8.1157e-01 +5.3841e-01 +3.8379e-01
81599 0 +1.120683925e-01 +4.034820684e+02 +4.034820684e+02 -8.1938e-01 -3.5300e-01 +8.0504e-01 +5.3953e-01 +3.7412e-01
82576 0 +1.096188276e-01 +4.034796188e+02 +4.034796188e+02 -7.4548e-01 -3.7212e-01 +7.3770e-01 +5.7525e-01 +3.2331e-01
90575 0 +1.071519201e-01 +4.034771519e+02 +4.034771519e+02 -5.0944e-01 -6.0343e-01 +5.9473e-01 +7.3736e-01 +1.7534e-01
% f evaluations | g evaluations | best noise-free fitness - Fopt (-4.895600000000e+02) + sum g_i+ | measured fitness | best measured fitness or single-digit g-values | x1 | x2...
1 0 +2.754134447e+01 -4.620186555e+02 -4.620186555e+02 -1.1649e+00 -6.6397e-01 -1.4457e+00 -3.1461e+00 -8.3094e-01
2 0 +1.460388086e+01 -4.749561191e+02 -4.749561191e+02 -1.1357e-01 -2.0273e+00 +2.1257e+00 +1.9682e+00 +1.7584e-01
36 0 +1.159984074e+01 -4.779601593e+02 -4.779601593e+02 -4.3273e-01 -1.3946e+00 +1.3690e+00 -6.5445e-01 -2.0755e+00
54 0 +1.114808283e+01 -4.784119172e+02 -4.784119172e+02 -7.0343e-01 +2.9219e+00 -1.2515e+00 -1.3121e+00 +5.5459e-01
96 0 +8.772099167e+00 -4.807879008e+02 -4.807879008e+02 -1.1942e+00 -2.0760e+00 -7.5921e-01 +1.5789e+00 -2.0648e+00
105 0 +7.781740949e+00 -4.817782591e+02 -4.817782591e+02 +5.3413e-01 +8.8611e-01 -1.2235e+00 +1.3396e+00 -2.0755e+00
108 0 +4.923465383e+00 -4.846365346e+02 -4.846365346e+02 +7.6904e-01 +5.5658e-01 -1.5626e+00 +8.7318e-01 -2.0320e+00
378 0 +4.877502018e+00 -4.846824980e+02 -4.846824980e+02 +4.0262e-01 +2.6391e-01 +2.3749e+00 -7.5788e-01 +3.0711e-01
1060 0 +3.644939928e+00 -4.859150601e+02 -4.859150601e+02 -1.0497e+00 -1.0328e+00 -2.1682e-01 +5.1707e-01 +9.6568e-01
1798 0 +2.885449821e+00 -4.866745502e+02 -4.866745502e+02 -4.0952e-01 -1.1289e+00 -1.4638e+00 +1.4796e-01 +6.1361e-02
3051 0 +2.261906848e+00 -4.872980932e+02 -4.872980932e+02 -2.2871e-01 -7.9183e-01 -5.3099e-01 +1.9644e+00 +9.9139e-02
4356 0 +2.154946087e+00 -4.874050539e+02 -4.874050539e+02 -1.9901e-01 -8.9652e-01 +8.6394e-01 -1.3165e+00 +5.2764e-01
7317 0 +1.840082942e+00 -4.877199171e+02 -4.877199171e+02 -2.2551e+00 -2.7269e+00 +7.0302e-01 +5.2120e-02 -3.4197e-01
8991 0 +1.548928894e+00 -4.880110711e+02 -4.880110711e+02 +1.3084e+00 +1.1557e+00 +1.4257e+00 -2.1316e-01 -4.8721e-01
14026 0 +5.067661538e-01 -4.890532338e+02 -4.890532338e+02 +2.1269e-01 +1.5680e+00 +1.3720e+00 +5.6443e-01 -8.6688e-01
