% f evaluations | g evaluations | best noise-free fitness - Fopt (-1.000000000000e+03) + sum g_i+ | measured fitness | best measured fitness or single-digit g-values | x1 | x2...
1 0 +8.831793804e+01 -9.116820620e+02 -9.116820620e+02
2 0 +8.563358107e+01 -9.143664189e+02 -9.143664189e+02
4 0 +8.290465720e+01 -9.170953428e+02 -9.170953428e+02
16 0 +7.979218121e+01 -9.202078188e+02 -9.202078188e+02
4192 0 +7.904085414e+01 -9.209591459e+02 -9.209591459e+02
79957 0 +7.658771038e+01 -9.234122896e+02 -9.234122896e+02
% f evaluations | g evaluations | best noise-free fitness - Fopt (1.000000000000e+03) + sum g_i+ | measured fitness | best measured fitness or single-digit g-values | x1 | x2...
1 0 +8.632052394e+01 +1.086320524e+03 +1.086320524e+03
3 0 +8.589887808e+01 +1.085898878e+03 +1.085898878e+03
7 0 +8.446661017e+01 +1.084466610e+03 +1.084466610e+03
37 0 +8.312754793e+01 +1.083127548e+03 +1.083127548e+03
64 0 +7.945704001e+01 +1.079457040e+03 +1.079457040e+03
74 0 +7.746251625e+01 +1.077462516e+03 +1.077462516e+03
77 0 +7.482870376e+01 +1.074828704e+03 +1.074828704e+03
93 0 +7.289185206e+01 +1.072891852e+03 +1.072891852e+03
200 0 +6.871704362e+01 +1.068717044e+03 +1.068717044e+03
262 0 +6.670878185e+01 +1.066708782e+03 +1.066708782e+03
304 0 +6.150705674e+01 +1.061507057e+03 +1.061507057e+03
324 0 +5.924677267e+01 +1.059246773e+03 +1.059246773e+03
362 0 +5.405380260e+01 +1.054053803e+03 +1.054053803e+03
434 0 +5.010730691e+01 +1.050107307e+03 +1.050107307e+03
459 0 +4.493015087e+01 +1.044930151e+03 +1.044930151e+03
539 0 +4.316239152e+01 +1.043162392e+03 +1.043162392e+03
541 0 +4.171949793e+01 +1.041719498e+03 +1.041719498e+03
542 0 +3.564660131e+01 +1.035646601e+03 +1.035646601e+03
552 0 +2.975569441e+01 +1.029755694e+03 +1.029755694e+03
661 0 +2.546157587e+01 +1.025461576e+03 +1.025461576e+03
752 0 +2.393704973e+01 +1.023937050e+03 +1.023937050e+03
784 0 +2.192085955e+01 +1.021920860e+03 +1.021920860e+03
796 0 +2.039863903e+01 +1.020398639e+03 +1.020398639e+03
941 0 +1.961190278e+01 +1.019611903e+03 +1.019611903e+03
977 0 +1.889852680e+01 +1.018898527e+03 +1.018898527e+03
1007 0 +1.860068316e+01 +1.018600683e+03 +1.018600683e+03
1024 0 +1.805237727e+01 +1.018052377e+03 +1.018052377e+03
1090 0 +1.769056006e+01 +1.017690560e+03 +1.017690560e+03
1108 0 +1.698741925e+01 +1.016987419e+03 +1.016987419e+03
1113 0 +1.678272604e+01 +1.016782726e+03 +1.016782726e+03
1195 0 +1.658171685e+01 +1.016581717e+03 +1.016581717e+03
1326 0 +1.617468942e+01 +1.016174689e+03 +1.016174689e+03
1393 0 +1.569051565e+01 +1.015690516e+03 +1.015690516e+03
1476 0 +1.540948182e+01 +1.015409482e+03 +1.015409482e+03
1561 0 +1.507985837e+01 +1.015079858e+03 +1.015079858e+03
1843 0 +1.476557273e+01 +1.014765573e+03 +1.014765573e+03
18049 0 +1.391526318e+01 +1.013915263e+03 +1.013915263e+03
18061 0 +1.021168796e+01 +1.010211688e+03 +1.010211688e+03
18099 0 +8.703257699e+00 +1.008703258e+03 +1.008703258e+03
18107 0 +8.395741432e+00 +1.008395741e+03 +1.008395741e+03
18168 0 +7.981308633e+00 +1.007981309e+03 +1.007981309e+03
18197 0 +7.903586122e+00 +1.007903586e+03 +1.007903586e+03
18279 0 +7.388379414e+00 +1.007388379e+03 +1.007388379e+03
18289 0 +6.547914689e+00 +1.006547915e+03 +1.006547915e+03
18312 0 +6.200888203e+00 +1.006200888e+03 +1.006200888e+03
18317 0 +5.594072936e+00 +1.005594073e+03 +1.005594073e+03
18397 0 +5.227547201e+00 +1.005227547e+03 +1.005227547e+03
18405 0 +5.095242817e+00 +1.005095243e+03 +1.005095243e+03
18423 0 +4.637484455e+00 +1.004637484e+03 +1.004637484e+03
18425 0 +3.825548630e+00 +1.003825549e+03 +1.003825549e+03
18426 0 +3.658032215e+00 +1.003658032e+03 +1.003658032e+03
18453 0 +2.404143260e+00 +1.002404143e+03 +1.002404143e+03
18595 0 +2.337749264e+00 +1.002337749e+03 +1.002337749e+03
18643 0 +2.226856829e+00 +1.002226857e+03 +1.002226857e+03
18670 0 +2.187314351e+00 +1.002187314e+03 +1.002187314e+03
18685 0 +2.094168307e+00 +1.002094168e+03 +1.002094168e+03
18760 0 +2.058931926e+00 +1.002058932e+03 +1.002058932e+03
18808 0 +2.040778712e+00 +1.002040779e+03 +1.002040779e+03
19058 0 +1.991761444e+00 +1.001991761e+03 +1.001991761e+03
% f evaluations | g evaluations | best noise-free fitness - Fopt (-4.913000000000e+01) + sum g_i+ | measured fitness | best measured fitness or single-digit g-values | x1 | x2...
1 0 +8.435469886e+01 +3.522469886e+01 +3.522469886e+01
5 0 +8.406613077e+01 +3.493613077e+01 +3.493613077e+01
33 0 +8.278715689e+01 +3.365715689e+01 +3.365715689e+01
61 0 +8.119480880e+01 +3.206480880e+01 +3.206480880e+01
72 0 +7.942887246e+01 +3.029887246e+01 +3.029887246e+01
76 0 +7.726592540e+01 +2.813592540e+01 +2.813592540e+01
129 0 +7.544753083e+01 +2.631753083e+01 +2.631753083e+01
157 0 +7.041346078e+01 +2.128346078e+01 +2.128346078e+01
182 0 +6.884073189e+01 +1.971073189e+01 +1.971073189e+01
229 0 +6.613630581e+01 +1.700630581e+01 +1.700630581e+01
243 0 +6.340210877e+01 +1.427210877e+01 +1.427210877e+01
260 0 +6.269141084e+01 +1.356141084e+01 +1.356141084e+01
266 0 +5.394051551e+01 +4.810515506e+00 +4.810515506e+00
271 0 +4.947039468e+01 +3.403946772e-01 +3.403946772e-01
300 0 +4.448501020e+01 -4.644989800e+00 -4.644989800e+00
301 0 +2.439678048e+01 -2.473321952e+01 -2.473321952e+01
707 0 +2.255578477e+01 -2.657421523e+01 -2.657421523e+01
5609 0 +2.191525234e+01 -2.721474766e+01 -2.721474766e+01
8887 0 +2.053342357e+01 -2.859657643e+01 -2.859657643e+01
14120 0 +1.757831109e+01 -3.155168891e+01 -3.155168891e+01
23546 0 +1.372569568e+01 -3.540430432e+01 -3.540430432e+01
% f evaluations | g evaluations | best noise-free fitness - Fopt (2.977300000000e+02) + sum g_i+ | measured fitness | best measured fitness or single-digit g-values | x1 | x2...
1 0 +8.459299439e+01 +3.823229944e+02 +3.823229944e+02
7 0 +8.451736530e+01 +3.822473653e+02 +3.822473653e+02
9 0 +8.225900098e+01 +3.799890010e+02 +3.799890010e+02
18 0 +8.109469752e+01 +3.788246975e+02 +3.788246975e+02
46 0 +7.938648616e+01 +3.771164862e+02 +3.771164862e+02
65 0 +7.373304580e+01 +3.714630458e+02 +3.714630458e+02
125 0 +7.131528063e+01 +3.690452806e+02 +3.690452806e+02
142 0 +7.004559909e+01 +3.677755991e+02 +3.677755991e+02
146 0 +6.913481556e+01 +3.668648156e+02 +3.668648156e+02
169 0 +6.702815682e+01 +3.647581568e+02 +3.647581568e+02
179 0 +6.561954085e+01 +3.633495408e+02 +3.633495408e+02
194 0 +6.394895902e+01 +3.616789590e+02 +3.616789590e+02
213 0 +5.499132305e+01 +3.527213231e+02 +3.527213231e+02
236 0 +4.401979448e+01 +3.417497945e+02 +3.417497945e+02
269 0 +3.908263248e+01 +3.368126325e+02 +3.368126325e+02
325 0 +3.834093666e+01 +3.360709367e+02 +3.360709367e+02
331 0 +3.755981852e+01 +3.352898185e+02 +3.352898185e+02
347 0 +3.227022009e+01 +3.300002201e+02 +3.300002201e+02
348 0 +2.957453120e+01 +3.273045312e+02 +3.273045312e+02
352 0 +2.840041710e+01 +3.261304171e+02 +3.261304171e+02
354 0 +2.801551692e+01 +3.257455169e+02 +3.257455169e+02
385 0 +2.098612616e+01 +3.187161262e+02 +3.187161262e+02
425 0 +1.637348488e+01 +3.141034849e+02 +3.141034849e+02
513 0 +1.442278153e+01 +3.121527815e+02 +3.121527815e+02
529 0 +9.097048347e+00 +3.068270483e+02 +3.068270483e+02
544 0 +8.581534303e+00 +3.063115343e+02 +3.063115343e+02
573 0 +7.712718872e+00 +3.054427189e+02 +3.054427189e+02
607 0 +7.520980066e+00 +3.052509801e+02 +3.052509801e+02
634 0 +5.386583341e+00 +3.031165833e+02 +3.031165833e+02
702 0 +5.116982025e+00 +3.028469820e+02 +3.028469820e+02
712 0 +4.513500542e+00 +3.022435005e+02 +3.022435005e+02
742 0 +3.974156832e+00 +3.017041568e+02 +3.017041568e+02
752 0 +3.226140155e+00 +3.009561402e+02 +3.009561402e+02
776 0 +2.581251523e+00 +3.003112515e+02 +3.003112515e+02
779 0 +2.296161227e+00 +3.000261612e+02 +3.000261612e+02
787 0 +2.081527554e+00 +2.998115276e+02 +2.998115276e+02
872 0 +2.021774873e+00 +2.997517749e+02 +2.997517749e+02
962 0 +1.986556898e+00 +2.997165569e+02 +2.997165569e+02
967 0 +1.945464671e+00 +2.996754647e+02 +2.996754647e+02
1008 0 +1.853360859e+00 +2.995833609e+02 +2.995833609e+02
1013 0 +1.689022858e+00 +2.994190229e+02 +2.994190229e+02
1036 0 +1.583439731e+00 +2.993134397e+02 +2.993134397e+02
1079 0 +1.365987181e+00 +2.990959872e+02 +2.990959872e+02
1106 0 +1.322042959e+00 +2.990520430e+02 +2.990520430e+02
1137 0 +1.237037266e+00 +2.989670373e+02 +2.989670373e+02
1250 0 +1.227809432e+00 +2.989578094e+02 +2.989578094e+02
1274 0 +1.174653121e+00 +2.989046531e+02 +2.989046531e+02
1341 0 +1.142781147e+00 +2.988727811e+02 +2.988727811e+02
1351 0 +1.066267233e+00 +2.987962672e+02 +2.987962672e+02
1355 0 +1.039795555e+00 +2.987697956e+02 +2.987697956e+02
1371 0 +9.644419952e-01 +2.986944420e+02 +2.986944420e+02
1387 0 +9.430367845e-01 +2.986730368e+02 +2.986730368e+02
1390 0 +9.051265877e-01 +2.986351266e+02 +2.986351266e+02
1397 0 +8.781629797e-01 +2.986081630e+02 +2.986081630e+02
1402 0 +8.643371765e-01 +2.985943372e+02 +2.985943372e+02
1433 0 +8.458308632e-01 +2.985758309e+02 +2.985758309e+02
1463 0 +8.133146853e-01 +2.985433147e+02 +2.985433147e+02
1507 0 +7.931164158e-01 +2.985231164e+02 +2.985231164e+02
1568 0 +7.590242929e-01 +2.984890243e+02 +2.984890243e+02
1579 0 +7.539497410e-01 +2.984839497e+02 +2.984839497e+02
1632 0 +7.368091183e-01 +2.984668091e+02 +2.984668091e+02
1767 0 +7.228692424e-01 +2.984528692e+02 +2.984528692e+02
1868 0 +7.071913159e-01 +2.984371913e+02 +2.984371913e+02
% f evaluations | g evaluations | best noise-free fitness - Fopt (5.157000000000e+01) + sum g_i+ | measured fitness | best measured fitness or single-digit g-values | x1 | x2...
1 0 +8.648194502e+01 +1.380519450e+02 +1.380519450e+02
3 0 +8.613385887e+01 +1.377038589e+02 +1.377038589e+02
15 0 +8.371292388e+01 +1.352829239e+02 +1.352829239e+02
61 0 +8.305937607e+01 +1.346293761e+02 +1.346293761e+02
98 0 +8.058200426e+01 +1.321520043e+02 +1.321520043e+02
114 0 +7.626381507e+01 +1.278338151e+02 +1.278338151e+02
124 0 +7.447316676e+01 +1.260431668e+02 +1.260431668e+02
184 0 +7.162596069e+01 +1.231959607e+02 +1.231959607e+02
200 0 +6.917900470e+01 +1.207490047e+02 +1.207490047e+02
261 0 +6.726401291e+01 +1.188340129e+02 +1.188340129e+02
287 0 +6.369895290e+01 +1.152689529e+02 +1.152689529e+02
297 0 +6.131947281e+01 +1.128894728e+02 +1.128894728e+02
326 0 +4.761292553e+01 +9.918292553e+01 +9.918292553e+01
386 0 +4.362589464e+01 +9.519589464e+01 +9.519589464e+01
410 0 +4.264379578e+01 +9.421379578e+01 +9.421379578e+01
419 0 +3.951530887e+01 +9.108530887e+01 +9.108530887e+01
442 0 +2.822091262e+01 +7.979091262e+01 +7.979091262e+01
567 0 +2.718954048e+01 +7.875954048e+01 +7.875954048e+01
582 0 +2.551731822e+01 +7.708731822e+01 +7.708731822e+01
598 0 +2.410450558e+01 +7.567450558e+01 +7.567450558e+01
626 0 +2.398159575e+01 +7.555159575e+01 +7.555159575e+01
634 0 +1.803425115e+01 +6.960425115e+01 +6.960425115e+01
675 0 +1.693233563e+01 +6.850233563e+01 +6.850233563e+01
732 0 +1.560491053e+01 +6.717491053e+01 +6.717491053e+01
800 0 +1.471848320e+01 +6.628848320e+01 +6.628848320e+01
812 0 +1.410301960e+01 +6.567301960e+01 +6.567301960e+01
815 0 +1.350965715e+01 +6.507965715e+01 +6.507965715e+01
836 0 +1.309594440e+01 +6.466594440e+01 +6.466594440e+01
870 0 +1.166091511e+01 +6.323091511e+01 +6.323091511e+01
901 0 +1.101616018e+01 +6.258616018e+01 +6.258616018e+01
910 0 +1.061289830e+01 +6.218289830e+01 +6.218289830e+01
988 0 +1.016712125e+01 +6.173712125e+01 +6.173712125e+01
993 0 +9.828844044e+00 +6.139884404e+01 +6.139884404e+01
1082 0 +9.743592096e+00 +6.131359210e+01 +6.131359210e+01
1126 0 +9.433740024e+00 +6.100374002e+01 +6.100374002e+01
1141 0 +9.317490955e+00 +6.088749096e+01 +6.088749096e+01
1262 0 +9.071267316e+00 +6.064126732e+01 +6.064126732e+01
1441 0 +8.871109156e+00 +6.044110916e+01 +6.044110916e+01
9145 0 +8.222259166e+00 +5.979225917e+01 +5.979225917e+01
9231 0 +7.746538541e+00 +5.931653854e+01 +5.931653854e+01
9257 0 +6.081286242e+00 +5.765128624e+01 +5.765128624e+01
9279 0 +5.373317486e+00 +5.694331749e+01 +5.694331749e+01
9292 0 +5.304885571e+00 +5.687488557e+01 +5.687488557e+01
9298 0 +3.452160841e+00 +5.502216084e+01 +5.502216084e+01
9307 0 +3.059829393e+00 +5.462982939e+01 +5.462982939e+01
9345 0 +2.664991882e+00 +5.423499188e+01 +5.423499188e+01
9383 0 +2.432202874e+00 +5.400220287e+01 +5.400220287e+01
9387 0 +2.182382111e+00 +5.375238211e+01 +5.375238211e+01
9528 0 +2.103172973e+00 +5.367317297e+01 +5.367317297e+01
9568 0 +2.045893563e+00 +5.361589356e+01 +5.361589356e+01
9580 0 +2.005606224e+00 +5.357560622e+01 +5.357560622e+01
9601 0 +1.991660261e+00 +5.356166026e+01 +5.356166026e+01
9628 0 +1.928252015e+00 +5.349825202e+01 +5.349825202e+01
9647 0 +1.898920970e+00 +5.346892097e+01 +5.346892097e+01
9662 0 +1.855529793e+00 +5.342552979e+01 +5.342552979e+01
9672 0 +1.554924644e+00 +5.312492464e+01 +5.312492464e+01
9695 0 +1.514468876e+00 +5.308446888e+01 +5.308446888e+01
9781 0 +1.378631615e+00 +5.294863162e+01 +5.294863162e+01
9783 0 +1.218565392e+00 +5.278856539e+01 +5.278856539e+01
9816 0 +1.164238632e+00 +5.273423863e+01 +5.273423863e+01
9825 0 +1.106974894e+00 +5.267697489e+01 +5.267697489e+01
9884 0 +1.093658873e+00 +5.266365887e+01 +5.266365887e+01
9930 0 +1.046685075e+00 +5.261668507e+01 +5.261668507e+01
9956 0 +9.993693048e-01 +5.256936930e+01 +5.256936930e+01
10011 0 +9.033917580e-01 +5.247339176e+01 +5.247339176e+01
10056 0 +8.558399066e-01 +5.242583991e+01 +5.242583991e+01
10070 0 +8.475479563e-01 +5.241754796e+01 +5.241754796e+01
10108 0 +8.101779235e-01 +5.238017792e+01 +5.238017792e+01
10254 0 +7.869639580e-01 +5.235696396e+01 +5.235696396e+01
10278 0 +7.671861169e-01 +5.233718612e+01 +5.233718612e+01
10315 0 +7.539067011e-01 +5.232390670e+01 +5.232390670e+01
10355 0 +7.406590970e-01 +5.231065910e+01 +5.231065910e+01
10493 0 +7.208589665e-01 +5.229085897e+01 +5.229085897e+01
10634 0 +7.079300754e-01 +5.227793008e+01 +5.227793008e+01
% f evaluations | g evaluations | best noise-free fitness - Fopt (-1.044000000000e+01) + sum g_i+ | measured fitness | best measured fitness or single-digit g-values | x1 | x2...
1 0 +8.623840064e+01 +7.579840064e+01 +7.579840064e+01
2 0 +8.598529997e+01 +7.554529997e+01 +7.554529997e+01
3 0 +8.330990063e+01 +7.286990063e+01 +7.286990063e+01
26 0 +8.278380221e+01 +7.234380221e+01 +7.234380221e+01
75 0 +7.942978289e+01 +6.898978289e+01 +6.898978289e+01
78 0 +7.572768196e+01 +6.528768196e+01 +6.528768196e+01
117 0 +7.356625045e+01 +6.312625045e+01 +6.312625045e+01
212 0 +7.097162182e+01 +6.053162182e+01 +6.053162182e+01
227 0 +7.013353797e+01 +5.969353797e+01 +5.969353797e+01
243 0 +6.899968679e+01 +5.855968679e+01 +5.855968679e+01
271 0 +6.258321861e+01 +5.214321861e+01 +5.214321861e+01
333 0 +5.846370148e+01 +4.802370148e+01 +4.802370148e+01
386 0 +5.587488377e+01 +4.543488377e+01 +4.543488377e+01
419 0 +5.356607683e+01 +4.312607683e+01 +4.312607683e+01
433 0 +5.212886285e+01 +4.168886285e+01 +4.168886285e+01
443 0 +4.677960627e+01 +3.633960627e+01 +3.633960627e+01
490 0 +4.505572462e+01 +3.461572462e+01 +3.461572462e+01
499 0 +4.317544267e+01 +3.273544267e+01 +3.273544267e+01
503 0 +4.131987589e+01 +3.087987589e+01 +3.087987589e+01
513 0 +4.027624260e+01 +2.983624260e+01 +2.983624260e+01
521 0 +3.846144458e+01 +2.802144458e+01 +2.802144458e+01
529 0 +3.750937646e+01 +2.706937646e+01 +2.706937646e+01
530 0 +3.377952335e+01 +2.333952335e+01 +2.333952335e+01
553 0 +3.298948959e+01 +2.254948959e+01 +2.254948959e+01
570 0 +3.112625598e+01 +2.068625598e+01 +2.068625598e+01
590 0 +2.953223145e+01 +1.909223145e+01 +1.909223145e+01
612 0 +2.642448947e+01 +1.598448947e+01 +1.598448947e+01
692 0 +2.554138726e+01 +1.510138726e+01 +1.510138726e+01
714 0 +2.455314157e+01 +1.411314157e+01 +1.411314157e+01
748 0 +2.450284252e+01 +1.406284252e+01 +1.406284252e+01
759 0 +2.370634655e+01 +1.326634655e+01 +1.326634655e+01
825 0 +2.294451089e+01 +1.250451089e+01 +1.250451089e+01
841 0 +2.238921951e+01 +1.194921951e+01 +1.194921951e+01
848 0 +2.229011607e+01 +1.185011607e+01 +1.185011607e+01
902 0 +2.124182022e+01 +1.080182022e+01 +1.080182022e+01
1056 0 +2.085963405e+01 +1.041963405e+01 +1.041963405e+01
1132 0 +2.021029830e+01 +9.770298299e+00 +9.770298299e+00
1176 0 +1.971496634e+01 +9.274966339e+00 +9.274966339e+00
1246 0 +1.938844861e+01 +8.948448610e+00 +8.948448610e+00
1357 0 +1.902301620e+01 +8.583016197e+00 +8.583016197e+00
1660 0 +1.859194808e+01 +8.151948080e+00 +8.151948080e+00
9769 0 +1.731749646e+01 +6.877496465e+00 +6.877496465e+00
9841 0 +1.625147505e+01 +5.811475048e+00 +5.811475048e+00
9863 0 +1.589523838e+01 +5.455238380e+00 +5.455238380e+00
9868 0 +1.495634962e+01 +4.516349619e+00 +4.516349619e+00
9910 0 +1.416578127e+01 +3.725781271e+00 +3.725781271e+00
9923 0 +1.371142206e+01 +3.271422063e+00 +3.271422063e+00
9935 0 +1.278420836e+01 +2.344208361e+00 +2.344208361e+00
9938 0 +1.232405972e+01 +1.884059719e+00 +1.884059719e+00
9959 0 +1.177864458e+01 +1.338644581e+00 +1.338644581e+00
9967 0 +1.117051261e+01 +7.305126098e-01 +7.305126098e-01
9996 0 +1.095223330e+01 +5.122332985e-01 +5.122332985e-01
9999 0 +1.053087536e+01 +9.087535788e-02 +9.087535788e-02
10066 0 +1.033163470e+01 -1.083653043e-01 -1.083653043e-01
10067 0 +9.642373442e+00 -7.976265583e-01 -7.976265583e-01
10878 0 +7.176747739e+00 -3.263252261e+00 -3.263252261e+00
21216 0 +6.835831827e+00 -3.604168173e+00 -3.604168173e+00
99243 0 +5.570153367e+00 -4.869846633e+00 -4.869846633e+00
100685 0 +4.506861884e+00 -5.933138116e+00 -5.933138116e+00
% f evaluations | g evaluations | best noise-free fitness - Fopt (-1.039200000000e+02) + sum g_i+ | measured fitness | best measured fitness or single-digit g-values | x1 | x2...
1 0 +8.602506546e+01 -1.789493454e+01 -1.789493454e+01
3 0 +8.457977767e+01 -1.934022233e+01 -1.934022233e+01
16 0 +7.839899676e+01 -2.552100324e+01 -2.552100324e+01
25566 0 +7.500728707e+01 -2.891271293e+01 -2.891271293e+01
% f evaluations | g evaluations | best noise-free fitness - Fopt (1.000000000000e+03) + sum g_i+ | measured fitness | best measured fitness or single-digit g-values | x1 | x2...
1 0 +8.543230754e+01 +1.085432308e+03 +1.085432308e+03
3 0 +8.516596627e+01 +1.085165966e+03 +1.085165966e+03
14 0 +8.261804924e+01 +1.082618049e+03 +1.082618049e+03
30 0 +7.964288676e+01 +1.079642887e+03 +1.079642887e+03
64 0 +7.870128318e+01 +1.078701283e+03 +1.078701283e+03
74 0 +7.351914082e+01 +1.073519141e+03 +1.073519141e+03
108 0 +7.199045843e+01 +1.071990458e+03 +1.071990458e+03
136 0 +7.019367325e+01 +1.070193673e+03 +1.070193673e+03
137 0 +6.717573321e+01 +1.067175733e+03 +1.067175733e+03
250 0 +5.988150390e+01 +1.059881504e+03 +1.059881504e+03
304 0 +5.881458294e+01 +1.058814583e+03 +1.058814583e+03
361 0 +5.669330946e+01 +1.056693309e+03 +1.056693309e+03
365 0 +5.442115766e+01 +1.054421158e+03 +1.054421158e+03
386 0 +5.332877627e+01 +1.053328776e+03 +1.053328776e+03
410 0 +5.213435596e+01 +1.052134356e+03 +1.052134356e+03
413 0 +5.072112944e+01 +1.050721129e+03 +1.050721129e+03
415 0 +4.773643991e+01 +1.047736440e+03 +1.047736440e+03
475 0 +4.579466288e+01 +1.045794663e+03 +1.045794663e+03
490 0 +4.204395830e+01 +1.042043958e+03 +1.042043958e+03
501 0 +4.076485998e+01 +1.040764860e+03 +1.040764860e+03
524 0 +3.600616560e+01 +1.036006166e+03 +1.036006166e+03
552 0 +3.497741209e+01 +1.034977412e+03 +1.034977412e+03
576 0 +2.996747916e+01 +1.029967479e+03 +1.029967479e+03
653 0 +2.823200952e+01 +1.028232010e+03 +1.028232010e+03
663 0 +2.817975711e+01 +1.028179757e+03 +1.028179757e+03
664 0 +2.704679767e+01 +1.027046798e+03 +1.027046798e+03
666 0 +2.469709311e+01 +1.024697093e+03 +1.024697093e+03
693 0 +2.321843383e+01 +1.023218434e+03 +1.023218434e+03
706 0 +2.142714904e+01 +1.021427149e+03 +1.021427149e+03
708 0 +2.002856592e+01 +1.020028566e+03 +1.020028566e+03
737 0 +1.848307826e+01 +1.018483078e+03 +1.018483078e+03
781 0 +1.735132818e+01 +1.017351328e+03 +1.017351328e+03
951 0 +1.680137525e+01 +1.016801375e+03 +1.016801375e+03
955 0 +1.647759002e+01 +1.016477590e+03 +1.016477590e+03
959 0 +1.537224367e+01 +1.015372244e+03 +1.015372244e+03
994 0 +1.351797026e+01 +1.013517970e+03 +1.013517970e+03
998 0 +1.345183333e+01 +1.013451833e+03 +1.013451833e+03
1031 0 +1.310960420e+01 +1.013109604e+03 +1.013109604e+03
1099 0 +1.255910301e+01 +1.012559103e+03 +1.012559103e+03
1133 0 +1.222700495e+01 +1.012227005e+03 +1.012227005e+03
1137 0 +1.107105694e+01 +1.011071057e+03 +1.011071057e+03
1144 0 +1.080194739e+01 +1.010801947e+03 +1.010801947e+03
1216 0 +1.065214138e+01 +1.010652141e+03 +1.010652141e+03
1224 0 +1.013712197e+01 +1.010137122e+03 +1.010137122e+03
1248 0 +9.930446367e+00 +1.009930446e+03 +1.009930446e+03
1276 0 +9.666362934e+00 +1.009666363e+03 +1.009666363e+03
1293 0 +9.169020804e+00 +1.009169021e+03 +1.009169021e+03
1331 0 +8.966011104e+00 +1.008966011e+03 +1.008966011e+03
1349 0 +8.807614548e+00 +1.008807615e+03 +1.008807615e+03
1383 0 +8.450653639e+00 +1.008450654e+03 +1.008450654e+03
1464 0 +8.307682943e+00 +1.008307683e+03 +1.008307683e+03
1565 0 +8.063138314e+00 +1.008063138e+03 +1.008063138e+03
1652 0 +7.902936578e+00 +1.007902937e+03 +1.007902937e+03
1836 0 +7.737060524e+00 +1.007737061e+03 +1.007737061e+03
2040 0 +7.569364380e+00 +1.007569364e+03 +1.007569364e+03
2411 0 +7.412211690e+00 +1.007412212e+03 +1.007412212e+03
65720 0 +6.428598883e+00 +1.006428599e+03 +1.006428599e+03
65812 0 +5.505209868e+00 +1.005505210e+03 +1.005505210e+03
65872 0 +5.104800972e+00 +1.005104801e+03 +1.005104801e+03
65894 0 +4.566338137e+00 +1.004566338e+03 +1.004566338e+03
65899 0 +4.254267849e+00 +1.004254268e+03 +1.004254268e+03
65923 0 +3.912640059e+00 +1.003912640e+03 +1.003912640e+03
65926 0 +3.843120602e+00 +1.003843121e+03 +1.003843121e+03
65941 0 +3.426616329e+00 +1.003426616e+03 +1.003426616e+03
65953 0 +2.923129954e+00 +1.002923130e+03 +1.002923130e+03
65989 0 +2.870618678e+00 +1.002870619e+03 +1.002870619e+03
66013 0 +2.754125841e+00 +1.002754126e+03 +1.002754126e+03
66121 0 +2.611125431e+00 +1.002611125e+03 +1.002611125e+03
66140 0 +2.338251320e+00 +1.002338251e+03 +1.002338251e+03
66203 0 +2.234575614e+00 +1.002234576e+03 +1.002234576e+03
66236 0 +2.173125690e+00 +1.002173126e+03 +1.002173126e+03
66263 0 +2.122735390e+00 +1.002122735e+03 +1.002122735e+03
66352 0 +2.082208514e+00 +1.002082209e+03 +1.002082209e+03
66418 0 +2.025132718e+00 +1.002025133e+03 +1.002025133e+03
66709 0 +1.993866777e+00 +1.001993867e+03 +1.001993867e+03
% f evaluations | g evaluations | best noise-free fitness - Fopt (-4.913000000000e+01) + sum g_i+ | measured fitness | best measured fitness or single-digit g-values | x1 | x2...
1 0 +8.632476547e+01 +3.719476547e+01 +3.719476547e+01
2 0 +8.476652275e+01 +3.563652275e+01 +3.563652275e+01
15 0 +8.274240260e+01 +3.361240260e+01 +3.361240260e+01
56 0 +8.089146445e+01 +3.176146445e+01 +3.176146445e+01
97 0 +7.477912869e+01 +2.564912869e+01 +2.564912869e+01
173 0 +7.202225062e+01 +2.289225062e+01 +2.289225062e+01
231 0 +6.604575822e+01 +1.691575822e+01 +1.691575822e+01
262 0 +6.198771429e+01 +1.285771429e+01 +1.285771429e+01
281 0 +5.276785849e+01 +3.637858486e+00 +3.637858486e+00
306 0 +5.067645132e+01 +1.546451324e+00 +1.546451324e+00
310 0 +4.506877481e+01 -4.061225187e+00 -4.061225187e+00
316 0 +2.923536456e+01 -1.989463544e+01 -1.989463544e+01
887 0 +2.195797651e+01 -2.717202349e+01 -2.717202349e+01
% f evaluations | g evaluations | best noise-free fitness - Fopt (3.930000000000e+00) + sum g_i+ | measured fitness | best measured fitness or single-digit g-values | x1 | x2...
1 0 +8.599129760e+01 +8.992129760e+01 +8.992129760e+01
2 0 +8.466920489e+01 +8.859920489e+01 +8.859920489e+01
7 0 +8.286634752e+01 +8.679634752e+01 +8.679634752e+01
24 0 +7.978806984e+01 +8.371806984e+01 +8.371806984e+01
41 0 +7.828900797e+01 +8.221900797e+01 +8.221900797e+01
94 0 +7.597653286e+01 +7.990653286e+01 +7.990653286e+01
111 0 +7.552069288e+01 +7.945069288e+01 +7.945069288e+01
125 0 +7.373212797e+01 +7.766212797e+01 +7.766212797e+01
158 0 +7.064030230e+01 +7.457030230e+01 +7.457030230e+01
243 0 +6.845983357e+01 +7.238983357e+01 +7.238983357e+01
317 0 +6.478568850e+01 +6.871568850e+01 +6.871568850e+01
335 0 +5.908017189e+01 +6.301017189e+01 +6.301017189e+01
357 0 +5.845862025e+01 +6.238862025e+01 +6.238862025e+01
382 0 +5.280192645e+01 +5.673192645e+01 +5.673192645e+01
398 0 +4.884428516e+01 +5.277428516e+01 +5.277428516e+01
399 0 +4.604764734e+01 +4.997764734e+01 +4.997764734e+01
499 0 +4.372693915e+01 +4.765693915e+01 +4.765693915e+01
553 0 +4.156012681e+01 +4.549012681e+01 +4.549012681e+01
571 0 +4.031629514e+01 +4.424629514e+01 +4.424629514e+01
573 0 +3.879781074e+01 +4.272781074e+01 +4.272781074e+01
595 0 +3.327449610e+01 +3.720449610e+01 +3.720449610e+01
603 0 +3.015882669e+01 +3.408882669e+01 +3.408882669e+01
615 0 +2.951036045e+01 +3.344036045e+01 +3.344036045e+01
647 0 +2.829479283e+01 +3.222479283e+01 +3.222479283e+01
678 0 +2.385053200e+01 +2.778053200e+01 +2.778053200e+01
766 0 +2.312586466e+01 +2.705586466e+01 +2.705586466e+01
783 0 +2.260927913e+01 +2.653927913e+01 +2.653927913e+01
798 0 +2.213013594e+01 +2.606013594e+01 +2.606013594e+01
801 0 +2.153658542e+01 +2.546658542e+01 +2.546658542e+01
830 0 +2.128074983e+01 +2.521074983e+01 +2.521074983e+01
833 0 +1.965074455e+01 +2.358074455e+01 +2.358074455e+01
855 0 +1.915327308e+01 +2.308327308e+01 +2.308327308e+01
864 0 +1.837355897e+01 +2.230355897e+01 +2.230355897e+01
887 0 +1.812197113e+01 +2.205197113e+01 +2.205197113e+01
911 0 +1.707246653e+01 +2.100246653e+01 +2.100246653e+01
920 0 +1.658790673e+01 +2.051790673e+01 +2.051790673e+01
961 0 +1.598846506e+01 +1.991846506e+01 +1.991846506e+01
998 0 +1.574262415e+01 +1.967262415e+01 +1.967262415e+01
1007 0 +1.530162675e+01 +1.923162675e+01 +1.923162675e+01
1034 0 +1.505820443e+01 +1.898820443e+01 +1.898820443e+01
1045 0 +1.450459796e+01 +1.843459796e+01 +1.843459796e+01
1127 0 +1.423101595e+01 +1.816101595e+01 +1.816101595e+01
1132 0 +1.394686729e+01 +1.787686729e+01 +1.787686729e+01
1198 0 +1.324333078e+01 +1.717333078e+01 +1.717333078e+01
1233 0 +1.312069352e+01 +1.705069352e+01 +1.705069352e+01
1303 0 +1.272665385e+01 +1.665665385e+01 +1.665665385e+01
1332 0 +1.250857501e+01 +1.643857501e+01 +1.643857501e+01
1384 0 +1.213365662e+01 +1.606365662e+01 +1.606365662e+01
1456 0 +1.199102770e+01 +1.592102770e+01 +1.592102770e+01
1517 0 +1.160681611e+01 +1.553681611e+01 +1.553681611e+01
1632 0 +1.141241428e+01 +1.534241428e+01 +1.534241428e+01
1943 0 +1.121998701e+01 +1.514998701e+01 +1.514998701e+01
18556 0 +9.599684985e+00 +1.352968499e+01 +1.352968499e+01
18577 0 +9.292072185e+00 +1.322207218e+01 +1.322207218e+01
18604 0 +8.281701860e+00 +1.221170186e+01 +1.221170186e+01
18640 0 +8.122750720e+00 +1.205275072e+01 +1.205275072e+01
18678 0 +7.918112578e+00 +1.184811258e+01 +1.184811258e+01
18715 0 +7.472245123e+00 +1.140224512e+01 +1.140224512e+01
18748 0 +7.350647817e+00 +1.128064782e+01 +1.128064782e+01
18761 0 +7.130964933e+00 +1.106096493e+01 +1.106096493e+01
18826 0 +6.949701075e+00 +1.087970107e+01 +1.087970107e+01
18855 0 +6.502394265e+00 +1.043239427e+01 +1.043239427e+01
18918 0 +6.402906448e+00 +1.033290645e+01 +1.033290645e+01
18974 0 +6.284327780e+00 +1.021432778e+01 +1.021432778e+01
18989 0 +6.164817318e+00 +1.009481732e+01 +1.009481732e+01
19049 0 +5.744918016e+00 +9.674918016e+00 +9.674918016e+00
19061 0 +5.615972586e+00 +9.545972586e+00 +9.545972586e+00
19144 0 +5.477401615e+00 +9.407401615e+00 +9.407401615e+00
19237 0 +5.309377689e+00 +9.239377689e+00 +9.239377689e+00
19371 0 +5.238095300e+00 +9.168095300e+00 +9.168095300e+00
19583 0 +5.124328539e+00 +9.054328539e+00 +9.054328539e+00
43605 0 +4.735552981e+00 +8.665552981e+00 +8.665552981e+00
43618 0 +4.555860682e+00 +8.485860682e+00 +8.485860682e+00
43640 0 +4.227404675e+00 +8.157404675e+00 +8.157404675e+00
43647 0 +3.959030976e+00 +7.889030976e+00 +7.889030976e+00
43658 0 +3.754613305e+00 +7.684613305e+00 +7.684613305e+00
43698 0 +3.602470952e+00 +7.532470952e+00 +7.532470952e+00
43732 0 +3.519344207e+00 +7.449344207e+00 +7.449344207e+00
43760 0 +3.444408609e+00 +7.374408609e+00 +7.374408609e+00
43766 0 +3.336183834e+00 +7.266183834e+00 +7.266183834e+00
43780 0 +3.200189365e+00 +7.130189365e+00 +7.130189365e+00
43821 0 +3.161005957e+00 +7.091005957e+00 +7.091005957e+00
43860 0 +2.999183558e+00 +6.929183558e+00 +6.929183558e+00
43896 0 +2.945420427e+00 +6.875420427e+00 +6.875420427e+00
43917 0 +2.873167647e+00 +6.803167647e+00 +6.803167647e+00
43999 0 +2.812721457e+00 +6.742721457e+00 +6.742721457e+00
44045 0 +2.745555278e+00 +6.675555278e+00 +6.675555278e+00
44159 0 +2.670881654e+00 +6.600881654e+00 +6.600881654e+00
44401 0 +2.628597914e+00 +6.558597914e+00 +6.558597914e+00
85641 0 +2.336745989e+00 +6.266745989e+00 +6.266745989e+00
85677 0 +2.229139069e+00 +6.159139069e+00 +6.159139069e+00
85700 0 +2.127533885e+00 +6.057533885e+00 +6.057533885e+00
85705 0 +2.055125602e+00 +5.985125602e+00 +5.985125602e+00
85783 0 +2.036970850e+00 +5.966970850e+00 +5.966970850e+00
85784 0 +1.985938758e+00 +5.915938758e+00 +5.915938758e+00
85815 0 +1.947019642e+00 +5.877019642e+00 +5.877019642e+00
85862 0 +1.822196791e+00 +5.752196791e+00 +5.752196791e+00
85904 0 +1.786076771e+00 +5.716076771e+00 +5.716076771e+00
85927 0 +1.672784031e+00 +5.602784031e+00 +5.602784031e+00
85949 0 +1.514383903e+00 +5.444383903e+00 +5.444383903e+00
85980 0 +1.352301451e+00 +5.282301451e+00 +5.282301451e+00
86027 0 +1.313033610e+00 +5.243033610e+00 +5.243033610e+00
86066 0 +1.234720746e+00 +5.164720746e+00 +5.164720746e+00
86084 0 +1.086693620e+00 +5.016693620e+00 +5.016693620e+00
86111 0 +1.009634817e+00 +4.939634817e+00 +4.939634817e+00
86188 0 +9.986736374e-01 +4.928673637e+00 +4.928673637e+00
86190 0 +9.645820430e-01 +4.894582043e+00 +4.894582043e+00
86226 0 +9.454153606e-01 +4.875415361e+00 +4.875415361e+00
86228 0 +8.555158625e-01 +4.785515862e+00 +4.785515862e+00
86247 0 +8.432879988e-01 +4.773287999e+00 +4.773287999e+00
86265 0 +8.285159347e-01 +4.758515935e+00 +4.758515935e+00
86320 0 +8.065224780e-01 +4.736522478e+00 +4.736522478e+00
86391 0 +7.902828510e-01 +4.720282851e+00 +4.720282851e+00
86392 0 +7.434270424e-01 +4.673427042e+00 +4.673427042e+00
86563 0 +7.382542248e-01 +4.668254225e+00 +4.668254225e+00
86605 0 +7.166957926e-01 +4.646695793e+00 +4.646695793e+00
86720 0 +7.060378402e-01 +4.636037840e+00 +4.636037840e+00
% f evaluations | g evaluations | best noise-free fitness - Fopt (3.438000000000e+01) + sum g_i+ | measured fitness | best measured fitness or single-digit g-values | x1 | x2...
1 0 +9.727920273e+01 +1.316592027e+02 +1.316592027e+02
2 0 +8.430797140e+01 +1.186879714e+02 +1.186879714e+02
61 0 +8.210056683e+01 +1.164805668e+02 +1.164805668e+02
76 0 +8.114863113e+01 +1.155286311e+02 +1.155286311e+02
95 0 +7.419765371e+01 +1.085776537e+02 +1.085776537e+02
120 0 +7.383158988e+01 +1.082115899e+02 +1.082115899e+02
124 0 +7.121913130e+01 +1.055991313e+02 +1.055991313e+02
160 0 +6.929703147e+01 +1.036770315e+02 +1.036770315e+02
198 0 +6.840397955e+01 +1.027839795e+02 +1.027839795e+02
231 0 +6.675150457e+01 +1.011315046e+02 +1.011315046e+02
256 0 +6.463181451e+01 +9.901181451e+01 +9.901181451e+01
269 0 +6.048293898e+01 +9.486293898e+01 +9.486293898e+01
289 0 +5.558342658e+01 +8.996342658e+01 +8.996342658e+01
308 0 +5.104760243e+01 +8.542760243e+01 +8.542760243e+01
380 0 +4.934429317e+01 +8.372429317e+01 +8.372429317e+01
424 0 +4.273723223e+01 +7.711723223e+01 +7.711723223e+01
431 0 +3.970953026e+01 +7.408953026e+01 +7.408953026e+01
446 0 +2.771966739e+01 +6.209966739e+01 +6.209966739e+01
561 0 +2.653524656e+01 +6.091524656e+01 +6.091524656e+01
569 0 +2.313447765e+01 +5.751447765e+01 +5.751447765e+01
575 0 +2.289971363e+01 +5.727971363e+01 +5.727971363e+01
579 0 +1.789520674e+01 +5.227520674e+01 +5.227520674e+01
664 0 +1.523524019e+01 +4.961524019e+01 +4.961524019e+01
680 0 +1.452350078e+01 +4.890350078e+01 +4.890350078e+01
721 0 +1.409485580e+01 +4.847485580e+01 +4.847485580e+01
752 0 +1.350845326e+01 +4.788845326e+01 +4.788845326e+01
791 0 +1.267809465e+01 +4.705809465e+01 +4.705809465e+01
796 0 +1.234378970e+01 +4.672378970e+01 +4.672378970e+01
798 0 +1.190016328e+01 +4.628016328e+01 +4.628016328e+01
817 0 +1.123019537e+01 +4.561019537e+01 +4.561019537e+01
828 0 +1.101774948e+01 +4.539774948e+01 +4.539774948e+01
858 0 +1.072851171e+01 +4.510851171e+01 +4.510851171e+01
869 0 +1.025738876e+01 +4.463738876e+01 +4.463738876e+01
904 0 +9.725703162e+00 +4.410570316e+01 +4.410570316e+01
917 0 +9.292303340e+00 +4.367230334e+01 +4.367230334e+01
957 0 +8.954194745e+00 +4.333419474e+01 +4.333419474e+01
988 0 +8.511335843e+00 +4.289133584e+01 +4.289133584e+01
1052 0 +8.316651100e+00 +4.269665110e+01 +4.269665110e+01
1054 0 +8.070121610e+00 +4.245012161e+01 +4.245012161e+01
1120 0 +7.904392531e+00 +4.228439253e+01 +4.228439253e+01
1202 0 +7.744198737e+00 +4.212419874e+01 +4.212419874e+01
1318 0 +7.565826284e+00 +4.194582628e+01 +4.194582628e+01
1490 0 +7.404777243e+00 +4.178477724e+01 +4.178477724e+01
8736 0 +7.162437257e+00 +4.154243726e+01 +4.154243726e+01
8759 0 +6.852010358e+00 +4.123201036e+01 +4.123201036e+01
8763 0 +6.512124677e+00 +4.089212468e+01 +4.089212468e+01
8780 0 +5.033833041e+00 +3.941383304e+01 +3.941383304e+01
8782 0 +5.005630329e+00 +3.938563033e+01 +3.938563033e+01
8802 0 +4.729603479e+00 +3.910960348e+01 +3.910960348e+01
8850 0 +4.301763615e+00 +3.868176361e+01 +3.868176361e+01
8859 0 +3.206995380e+00 +3.758699538e+01 +3.758699538e+01
8881 0 +2.817550882e+00 +3.719755088e+01 +3.719755088e+01
8885 0 +2.145763384e+00 +3.652576338e+01 +3.652576338e+01
8964 0 +2.098282520e+00 +3.647828252e+01 +3.647828252e+01
9024 0 +2.028161828e+00 +3.640816183e+01 +3.640816183e+01
9098 0 +1.985598463e+00 +3.636559846e+01 +3.636559846e+01
9132 0 +1.947450811e+00 +3.632745081e+01 +3.632745081e+01
9193 0 +1.861404283e+00 +3.624140428e+01 +3.624140428e+01
9213 0 +1.612496767e+00 +3.599249677e+01 +3.599249677e+01
9288 0 +1.512415339e+00 +3.589241534e+01 +3.589241534e+01
9295 0 +1.287737926e+00 +3.566773793e+01 +3.566773793e+01
9345 0 +1.158029209e+00 +3.553802921e+01 +3.553802921e+01
9453 0 +1.052498448e+00 +3.543249845e+01 +3.543249845e+01
9492 0 +1.019667280e+00 +3.539966728e+01 +3.539966728e+01
9555 0 +9.987794459e-01 +3.537877945e+01 +3.537877945e+01
9561 0 +9.652011535e-01 +3.534520115e+01 +3.534520115e+01
9576 0 +9.401651224e-01 +3.532016512e+01 +3.532016512e+01
9594 0 +8.933824800e-01 +3.527338248e+01 +3.527338248e+01
9617 0 +8.545156046e-01 +3.523451560e+01 +3.523451560e+01
9660 0 +8.305329631e-01 +3.521053296e+01 +3.521053296e+01
9667 0 +7.651985990e-01 +3.514519860e+01 +3.514519860e+01
9822 0 +7.574370086e-01 +3.513743701e+01 +3.513743701e+01
9978 0 +7.269581851e-01 +3.510695819e+01 +3.510695819e+01
10014 0 +7.202434183e-01 +3.510024342e+01 +3.510024342e+01
10215 0 +7.064951806e-01 +3.508649518e+01 +3.508649518e+01
% f evaluations | g evaluations | best noise-free fitness - Fopt (-5.877400000000e+02) + sum g_i+ | measured fitness | best measured fitness or single-digit g-values | x1 | x2...
1 0 +8.645051383e+01 -5.012894862e+02 -5.012894862e+02
2 0 +8.583855359e+01 -5.019014464e+02 -5.019014464e+02
16 0 +8.499647178e+01 -5.027435282e+02 -5.027435282e+02
1168 0 +8.211856319e+01 -5.056214368e+02 -5.056214368e+02
4192 0 +8.076955246e+01 -5.069704475e+02 -5.069704475e+02
22112 0 +7.851671100e+01 -5.092232890e+02 -5.092232890e+02
24352 0 +7.612665808e+01 -5.116133419e+02 -5.116133419e+02
% f evaluations | g evaluations | best noise-free fitness - Fopt (4.491000000000e+01) + sum g_i+ | measured fitness | best measured fitness or single-digit g-values | x1 | x2...
1 0 +8.563551964e+01 +1.305455196e+02 +1.305455196e+02
4 0 +8.540490418e+01 +1.303149042e+02 +1.303149042e+02
6 0 +8.479108457e+01 +1.297010846e+02 +1.297010846e+02
23 0 +8.237995037e+01 +1.272899504e+02 +1.272899504e+02
36 0 +7.729739287e+01 +1.222073929e+02 +1.222073929e+02
92 0 +7.374363723e+01 +1.186536372e+02 +1.186536372e+02
117 0 +7.126323042e+01 +1.161732304e+02 +1.161732304e+02
147 0 +7.039513956e+01 +1.153051396e+02 +1.153051396e+02
155 0 +6.840919596e+01 +1.133191960e+02 +1.133191960e+02
156 0 +6.737164531e+01 +1.122816453e+02 +1.122816453e+02
187 0 +6.454482491e+01 +1.094548249e+02 +1.094548249e+02
283 0 +6.193205760e+01 +1.068420576e+02 +1.068420576e+02
285 0 +5.835403379e+01 +1.032640338e+02 +1.032640338e+02
308 0 +4.113814794e+01 +8.604814794e+01 +8.604814794e+01
398 0 +4.008928188e+01 +8.499928188e+01 +8.499928188e+01
414 0 +3.529749005e+01 +8.020749005e+01 +8.020749005e+01
433 0 +3.404161817e+01 +7.895161817e+01 +7.895161817e+01
445 0 +2.895371805e+01 +7.386371805e+01 +7.386371805e+01
456 0 +2.626981804e+01 +7.117981804e+01 +7.117981804e+01
469 0 +2.236840853e+01 +6.727840853e+01 +6.727840853e+01
505 0 +1.875726647e+01 +6.366726647e+01 +6.366726647e+01
587 0 +1.671386816e+01 +6.162386816e+01 +6.162386816e+01
632 0 +1.433179469e+01 +5.924179469e+01 +5.924179469e+01
644 0 +1.198218116e+01 +5.689218116e+01 +5.689218116e+01
665 0 +1.050405408e+01 +5.541405408e+01 +5.541405408e+01
740 0 +1.045901979e+01 +5.536901979e+01 +5.536901979e+01
751 0 +8.952788239e+00 +5.386278824e+01 +5.386278824e+01
767 0 +8.834011944e+00 +5.374401194e+01 +5.374401194e+01
791 0 +8.618006418e+00 +5.352800642e+01 +5.352800642e+01
812 0 +8.507377507e+00 +5.341737751e+01 +5.341737751e+01
826 0 +7.614993761e+00 +5.252499376e+01 +5.252499376e+01
857 0 +7.374587265e+00 +5.228458727e+01 +5.228458727e+01
860 0 +6.957216930e+00 +5.186721693e+01 +5.186721693e+01
878 0 +6.612688613e+00 +5.152268861e+01 +5.152268861e+01
906 0 +6.577766966e+00 +5.148776697e+01 +5.148776697e+01
931 0 +6.334758240e+00 +5.124475824e+01 +5.124475824e+01
936 0 +6.174788146e+00 +5.108478815e+01 +5.108478815e+01
942 0 +5.912503642e+00 +5.082250364e+01 +5.082250364e+01
949 0 +5.748729121e+00 +5.065872912e+01 +5.065872912e+01
964 0 +5.386706342e+00 +5.029670634e+01 +5.029670634e+01
965 0 +4.653166351e+00 +4.956316635e+01 +4.956316635e+01
992 0 +4.244095124e+00 +4.915409512e+01 +4.915409512e+01
1138 0 +3.866319164e+00 +4.877631916e+01 +4.877631916e+01
1144 0 +3.446455081e+00 +4.835645508e+01 +4.835645508e+01
1251 0 +3.189641436e+00 +4.809964144e+01 +4.809964144e+01
1274 0 +3.082421206e+00 +4.799242121e+01 +4.799242121e+01
1348 0 +2.965137364e+00 +4.787513736e+01 +4.787513736e+01
1369 0 +2.891585444e+00 +4.780158544e+01 +4.780158544e+01
1387 0 +2.882649249e+00 +4.779264925e+01 +4.779264925e+01
1414 0 +2.810031658e+00 +4.772003166e+01 +4.772003166e+01
1588 0 +2.753892113e+00 +4.766389211e+01 +4.766389211e+01
1752 0 +2.690585743e+00 +4.760058574e+01 +4.760058574e+01
1883 0 +2.626387685e+00 +4.753638769e+01 +4.753638769e+01
% f evaluations | g evaluations | best noise-free fitness - Fopt (2.742300000000e+02) + sum g_i+ | measured fitness | best measured fitness or single-digit g-values | x1 | x2...
1 0 +8.632851955e+01 +3.605585195e+02 +3.605585195e+02
2 0 +8.603133140e+01 +3.602613314e+02 +3.602613314e+02
15 0 +8.369322971e+01 +3.579232297e+02 +3.579232297e+02
35 0 +7.607731594e+01 +3.503073159e+02 +3.503073159e+02
129 0 +7.235103471e+01 +3.465810347e+02 +3.465810347e+02
287 0 +7.060727574e+01 +3.448372757e+02 +3.448372757e+02
310 0 +6.864828668e+01 +3.428782867e+02 +3.428782867e+02
355 0 +6.568501791e+01 +3.399150179e+02 +3.399150179e+02
444 0 +6.370787521e+01 +3.379378752e+02 +3.379378752e+02
467 0 +5.366333626e+01 +3.278933363e+02 +3.278933363e+02
471 0 +4.882538743e+01 +3.230553874e+02 +3.230553874e+02
521 0 +4.415154254e+01 +3.183815425e+02 +3.183815425e+02
529 0 +4.280663608e+01 +3.170366361e+02 +3.170366361e+02
550 0 +3.938869523e+01 +3.136186952e+02 +3.136186952e+02
564 0 +3.471770533e+01 +3.089477053e+02 +3.089477053e+02
661 0 +3.268413837e+01 +3.069141384e+02 +3.069141384e+02
773 0 +3.172488135e+01 +3.059548814e+02 +3.059548814e+02
788 0 +3.124672212e+01 +3.054767221e+02 +3.054767221e+02
794 0 +3.088636158e+01 +3.051163616e+02 +3.051163616e+02
802 0 +2.960730494e+01 +3.038373049e+02 +3.038373049e+02
803 0 +2.883490880e+01 +3.030649088e+02 +3.030649088e+02
842 0 +2.644931303e+01 +3.006793130e+02 +3.006793130e+02
880 0 +2.603975014e+01 +3.002697501e+02 +3.002697501e+02
889 0 +2.519385775e+01 +2.994238578e+02 +2.994238578e+02
891 0 +2.368550754e+01 +2.979155075e+02 +2.979155075e+02
914 0 +2.335533384e+01 +2.975853338e+02 +2.975853338e+02
1006 0 +2.036995230e+01 +2.945999523e+02 +2.945999523e+02
1034 0 +1.934218729e+01 +2.935721873e+02 +2.935721873e+02
1083 0 +1.848893214e+01 +2.927189321e+02 +2.927189321e+02
1252 0 +1.742936571e+01 +2.916593657e+02 +2.916593657e+02
1261 0 +1.737103201e+01 +2.916010320e+02 +2.916010320e+02
1279 0 +1.600142805e+01 +2.902314280e+02 +2.902314280e+02
1337 0 +1.536722055e+01 +2.895972205e+02 +2.895972205e+02
1428 0 +1.497075791e+01 +2.892007579e+02 +2.892007579e+02
1476 0 +1.445113780e+01 +2.886811378e+02 +2.886811378e+02
1524 0 +1.407208251e+01 +2.883020825e+02 +2.883020825e+02
1603 0 +1.373129358e+01 +2.879612936e+02 +2.879612936e+02
1607 0 +1.335321704e+01 +2.875832170e+02 +2.875832170e+02
1649 0 +1.310743719e+01 +2.873374372e+02 +2.873374372e+02
1791 0 +1.269046123e+01 +2.869204612e+02 +2.869204612e+02
1820 0 +1.256208368e+01 +2.867920837e+02 +2.867920837e+02
1929 0 +1.224205984e+01 +2.864720598e+02 +2.864720598e+02
2030 0 +1.197439089e+01 +2.862043909e+02 +2.862043909e+02
2255 0 +1.174267332e+01 +2.859726733e+02 +2.859726733e+02
2434 0 +1.147720129e+01 +2.857072013e+02 +2.857072013e+02
3061 0 +1.121747215e+01 +2.854474721e+02 +2.854474721e+02
64912 0 +8.437312939e+00 +2.826673129e+02 +2.826673129e+02
64991 0 +7.993919011e+00 +2.822239190e+02 +2.822239190e+02
65006 0 +6.170493586e+00 +2.804004936e+02 +2.804004936e+02
65046 0 +5.437013616e+00 +2.796670136e+02 +2.796670136e+02
65056 0 +4.783059748e+00 +2.790130597e+02 +2.790130597e+02
65185 0 +4.656672448e+00 +2.788866724e+02 +2.788866724e+02
65192 0 +3.402622972e+00 +2.776326230e+02 +2.776326230e+02
65234 0 +3.368209911e+00 +2.775982099e+02 +2.775982099e+02
65273 0 +3.193299502e+00 +2.774232995e+02 +2.774232995e+02
65288 0 +2.944991440e+00 +2.771749914e+02 +2.771749914e+02
65302 0 +2.877963043e+00 +2.771079630e+02 +2.771079630e+02
65309 0 +2.691389109e+00 +2.769213891e+02 +2.769213891e+02
65315 0 +2.569643664e+00 +2.767996437e+02 +2.767996437e+02
65317 0 +2.451727804e+00 +2.766817278e+02 +2.766817278e+02
65357 0 +2.299135549e+00 +2.765291355e+02 +2.765291355e+02
65364 0 +2.189646847e+00 +2.764196468e+02 +2.764196468e+02
65411 0 +2.155605040e+00 +2.763856050e+02 +2.763856050e+02
65455 0 +2.117609369e+00 +2.763476094e+02 +2.763476094e+02
65550 0 +2.088784223e+00 +2.763187842e+02 +2.763187842e+02
65597 0 +2.025925454e+00 +2.762559255e+02 +2.762559255e+02
65791 0 +1.993790805e+00 +2.762237908e+02 +2.762237908e+02
% f evaluations | g evaluations | best noise-free fitness - Fopt (6.897200000000e+02) + sum g_i+ | measured fitness | best measured fitness or single-digit g-values | x1 | x2...
1 0 +8.610843630e+01 +7.758284363e+02 +7.758284363e+02
2 0 +8.573491891e+01 +7.754549189e+02 +7.754549189e+02
3 0 +8.478807910e+01 +7.745080791e+02 +7.745080791e+02
39 0 +8.194852729e+01 +7.716685273e+02 +7.716685273e+02
129 0 +7.497068829e+01 +7.646906883e+02 +7.646906883e+02
143 0 +7.400785776e+01 +7.637278578e+02 +7.637278578e+02
150 0 +7.068027771e+01 +7.604002777e+02 +7.604002777e+02
220 0 +6.707532150e+01 +7.567953215e+02 +7.567953215e+02
272 0 +6.506035717e+01 +7.547803572e+02 +7.547803572e+02
282 0 +6.156325076e+01 +7.512832508e+02 +7.512832508e+02
287 0 +5.262552574e+01 +7.423455257e+02 +7.423455257e+02
308 0 +4.913213511e+01 +7.388521351e+02 +7.388521351e+02
374 0 +4.872073444e+01 +7.384407344e+02 +7.384407344e+02
377 0 +4.254230200e+01 +7.322623020e+02 +7.322623020e+02
382 0 +4.022406481e+01 +7.299440648e+02 +7.299440648e+02
384 0 +2.262235828e+01 +7.123423583e+02 +7.123423583e+02
485 0 +2.121316810e+01 +7.109331681e+02 +7.109331681e+02
501 0 +1.719307899e+01 +7.069130790e+02 +7.069130790e+02
527 0 +1.566310745e+01 +7.053831074e+02 +7.053831074e+02
534 0 +1.539084443e+01 +7.051108444e+02 +7.051108444e+02
543 0 +1.339623158e+01 +7.031162316e+02 +7.031162316e+02
555 0 +9.468926676e+00 +6.991889267e+02 +6.991889267e+02
657 0 +8.267848333e+00 +6.979878483e+02 +6.979878483e+02
676 0 +7.461563242e+00 +6.971815632e+02 +6.971815632e+02
699 0 +5.860315226e+00 +6.955803152e+02 +6.955803152e+02
736 0 +5.356544297e+00 +6.950765443e+02 +6.950765443e+02
742 0 +4.905216387e+00 +6.946252164e+02 +6.946252164e+02
763 0 +4.507941582e+00 +6.942279416e+02 +6.942279416e+02
774 0 +3.296336452e+00 +6.930163365e+02 +6.930163365e+02
828 0 +2.428467519e+00 +6.921484675e+02 +6.921484675e+02
870 0 +2.089134043e+00 +6.918091340e+02 +6.918091340e+02
957 0 +2.013356893e+00 +6.917333569e+02 +6.917333569e+02
1009 0 +1.986746201e+00 +6.917067462e+02 +6.917067462e+02
1010 0 +1.946711695e+00 +6.916667117e+02 +6.916667117e+02
1053 0 +1.873707832e+00 +6.915937078e+02 +6.915937078e+02
1098 0 +1.810858390e+00 +6.915308584e+02 +6.915308584e+02
1111 0 +1.773879144e+00 +6.914938791e+02 +6.914938791e+02
1173 0 +1.660903768e+00 +6.913809038e+02 +6.913809038e+02
1194 0 +1.608039175e+00 +6.913280392e+02 +6.913280392e+02
1228 0 +1.480883659e+00 +6.912008837e+02 +6.912008837e+02
1233 0 +1.361333533e+00 +6.910813335e+02 +6.910813335e+02
1261 0 +1.247221848e+00 +6.909672218e+02 +6.909672218e+02
1279 0 +1.081523025e+00 +6.908015230e+02 +6.908015230e+02
1314 0 +1.063980805e+00 +6.907839808e+02 +6.907839808e+02
1325 0 +1.036635129e+00 +6.907566351e+02 +6.907566351e+02
1365 0 +9.837922946e-01 +6.907037923e+02 +6.907037923e+02
1380 0 +8.870583331e-01 +6.906070583e+02 +6.906070583e+02
1420 0 +8.411963613e-01 +6.905611964e+02 +6.905611964e+02
1501 0 +8.105705143e-01 +6.905305705e+02 +6.905305705e+02
1566 0 +7.931937968e-01 +6.905131938e+02 +6.905131938e+02
1583 0 +7.637426553e-01 +6.904837427e+02 +6.904837427e+02
1615 0 +7.576746744e-01 +6.904776747e+02 +6.904776747e+02
1709 0 +7.387006964e-01 +6.904587007e+02 +6.904587007e+02
1802 0 +7.233890861e-01 +6.904433891e+02 +6.904433891e+02
1933 0 +7.071248434e-01 +6.904271248e+02 +6.904271248e+02
