% f evaluations | g evaluations | best noise-free fitness - Fopt (-1.694000000000e+01) + sum g_i+ | measured fitness | best measured fitness or single-digit g-values | x1 | x2...
1 0 +1.490541502e+02 +1.321141502e+02 +1.321141502e+02 -7.7081e-01 +2.1481e+00 +3.7996e+00
2 0 +1.156994655e+02 +9.875946546e+01 +9.875946546e+01 -4.0622e+00 -1.7486e+00 -2.3902e+00
3 0 +1.522771603e+01 -1.712283972e+00 -1.712283972e+00 -1.1001e+00 -1.2553e+00 -4.6376e+00
16 0 +1.304757128e+01 -3.892428716e+00 -3.892428716e+00 +6.6187e-02 -1.5651e-01 +4.2215e-01
17 0 +6.760220396e+00 -1.017977960e+01 -1.017977960e+01 +3.5669e-01 +2.3631e-01 +6.7763e-03
43 0 +6.449283459e+00 -1.049071654e+01 -1.049071654e+01 +4.3921e+00 +3.1223e+00 +1.8568e+00
62 0 +4.970092638e+00 -1.196990736e+01 -1.196990736e+01 +3.4081e+00 +3.7296e+00 -9.5333e-01
118 0 +4.084173593e+00 -1.285582641e+01 -1.285582641e+01 +4.5784e+00 +2.3915e+00 -2.0008e+00
164 0 +3.614754034e+00 -1.332524597e+01 -1.332524597e+01 +3.0902e+00 +8.6019e-01 -1.6351e+00
239 0 +2.699799147e+00 -1.424020085e+01 -1.424020085e+01 +1.9555e+00 +1.7140e+00 -7.1809e-01
305 0 +1.638166931e+00 -1.530183307e+01 -1.530183307e+01 +3.3995e+00 +1.5202e+00 -1.0380e+00
705 0 +1.157473806e+00 -1.578252619e+01 -1.578252619e+01 +3.2951e+00 +2.9072e+00 -2.0075e+00
4698 0 +6.649690525e-01 -1.627503095e+01 -1.627503095e+01 +4.0583e+00 +3.0954e+00 -1.8105e+00
9296 0 +3.792420606e-01 -1.656075794e+01 -1.656075794e+01 +3.2519e+00 +2.2188e+00 -1.2281e+00
37356 0 +2.834784342e-01 -1.665652157e+01 -1.665652157e+01 +3.5277e+00 +2.6751e+00 -1.4530e+00
47127 0 +7.431490107e-02 -1.686568510e+01 -1.686568510e+01 +3.5972e+00 +2.5419e+00 -1.4962e+00
% f evaluations | g evaluations | best noise-free fitness - Fopt (1.881000000000e+01) + sum g_i+ | measured fitness | best measured fitness or single-digit g-values | x1 | x2...
1 0 +6.298053434e+01 +8.179053434e+01 +8.179053434e+01 -2.5094e+00 -3.4774e+00 +3.1489e+00
2 0 +4.217874041e+01 +6.098874041e+01 +6.098874041e+01 -7.1500e-01 -4.0953e+00 +1.7575e+00
3 0 +2.132363891e+01 +4.013363891e+01 +4.013363891e+01 +4.0184e+00 +4.7342e+00 -3.7995e+00
7 0 +2.026563945e+01 +3.907563945e+01 +3.907563945e+01 -4.3564e+00 -1.0290e+00 -1.4699e+00
8 0 +1.534758765e+01 +3.415758765e+01 +3.415758765e+01 +3.4263e+00 -1.8817e+00 -3.8768e+00
11 0 +1.204247496e+01 +3.085247496e+01 +3.085247496e+01 -4.6050e+00 +3.3017e+00 -5.0556e-02
13 0 +7.208009988e+00 +2.601800999e+01 +2.601800999e+01 -3.9093e-02 -8.5450e-02 +4.2655e-02
16 0 +6.432512831e+00 +2.524251283e+01 +2.524251283e+01 -1.7465e-01 +2.4413e-02 -3.2638e-01
19 0 +6.031566034e+00 +2.484156603e+01 +2.484156603e+01 -2.5095e-02 +1.8584e-01 +2.5686e-01
33 0 +5.374917368e+00 +2.418491737e+01 +2.418491737e+01 +7.7296e-02 +1.7504e-01 +6.3848e-03
51 0 +3.191119915e+00 +2.200111992e+01 +2.200111992e+01 +1.9061e-02 +9.2818e-02 +1.2753e-01
450 0 +3.160696277e+00 +2.197069628e+01 +2.197069628e+01 +6.6191e-01 +3.8805e-01 -3.2701e-01
1914 0 +3.086344357e+00 +2.189634436e+01 +2.189634436e+01 -1.8170e-01 +1.7877e-01 -1.3119e-01
2009 0 +2.980941691e+00 +2.179094169e+01 +2.179094169e+01 -1.5517e-01 +1.6808e-01 -1.7672e-01
2048 0 +2.767109116e+00 +2.157710912e+01 +2.157710912e+01 -1.4952e-01 +1.5485e-01 -1.4973e-01
3910 0 +2.475425019e+00 +2.128542502e+01 +2.128542502e+01 -2.8808e-01 +6.2679e-01 -4.7225e-01
3927 0 +2.337921974e+00 +2.114792197e+01 +2.114792197e+01 -4.3081e-01 +8.2274e-01 -7.8066e-01
3929 0 +1.320418189e+00 +2.013041819e+01 +2.013041819e+01 -4.2705e-01 +1.0639e+00 -3.9974e-01
3947 0 +1.078861658e+00 +1.988886166e+01 +1.988886166e+01 -6.7024e-01 +1.3821e+00 -2.9452e-01
3971 0 +7.191204595e-01 +1.952912046e+01 +1.952912046e+01 -6.0064e-01 +1.3065e+00 -6.4401e-01
4047 0 +4.810784968e-01 +1.929107850e+01 +1.929107850e+01 -3.6175e-01 +1.8090e+00 -6.7465e-01
4083 0 +4.066709703e-01 +1.921667097e+01 +1.921667097e+01 -2.5452e-01 +1.7858e+00 -8.9231e-01
4159 0 +3.396977580e-01 +1.914969776e+01 +1.914969776e+01 -3.9080e-01 +1.6954e+00 -6.9243e-01
4176 0 +2.328669108e-01 +1.904286691e+01 +1.904286691e+01 -3.5893e-01 +1.7599e+00 -7.2884e-01
4212 0 +6.725060136e-02 +1.887725060e+01 +1.887725060e+01 -2.3437e-01 +1.7689e+00 -7.7037e-01
4651 0 +6.593188749e-02 +1.887593189e+01 +1.887593189e+01 -3.2932e-01 +1.7028e+00 -7.0172e-01
4669 0 +6.452499905e-02 +1.887452500e+01 +1.887452500e+01 -3.3252e-01 +1.7026e+00 -6.9867e-01
4672 0 +6.213668592e-02 +1.887213669e+01 +1.887213669e+01 -3.2472e-01 +1.7115e+00 -7.0333e-01
4745 0 +6.161901173e-02 +1.887161901e+01 +1.887161901e+01 -3.2782e-01 +1.7102e+00 -7.0329e-01
4863 0 +5.952601509e-02 +1.886952602e+01 +1.886952602e+01 -3.2906e-01 +1.7098e+00 -7.0094e-01
4878 0 +5.699594370e-02 +1.886699594e+01 +1.886699594e+01 -3.3279e-01 +1.7053e+00 -6.9799e-01
4900 0 +5.271477676e-02 +1.886271478e+01 +1.886271478e+01 -3.2618e-01 +1.7079e+00 -7.0290e-01
5030 0 +4.881588371e-02 +1.885881588e+01 +1.885881588e+01 -3.2734e-01 +1.7060e+00 -7.0303e-01
5035 0 +4.635584898e-02 +1.885635585e+01 +1.885635585e+01 -3.2838e-01 +1.7057e+00 -7.0247e-01
5168 0 +4.504030255e-02 +1.885504030e+01 +1.885504030e+01 -3.2536e-01 +1.7077e+00 -7.0470e-01
5238 0 +4.401136216e-02 +1.885401136e+01 +1.885401136e+01 -3.2447e-01 +1.7079e+00 -7.0554e-01
5281 0 +4.363651620e-02 +1.885363652e+01 +1.885363652e+01 -3.2469e-01 +1.7078e+00 -7.0518e-01
5319 0 +4.262704585e-02 +1.885262705e+01 +1.885262705e+01 -3.2612e-01 +1.7072e+00 -7.0412e-01
9669 0 +2.443190919e-02 +1.883443191e+01 +1.883443191e+01 -2.0449e-01 +1.7704e+00 -8.2603e-01
9839 0 +1.820031701e-02 +1.882820032e+01 +1.882820032e+01 -1.9224e-01 +1.7793e+00 -8.0746e-01
9973 0 +1.796561479e-02 +1.882796561e+01 +1.882796561e+01 -1.8465e-01 +1.7812e+00 -8.1345e-01
9989 0 +7.351102743e-03 +1.881735110e+01 +1.881735110e+01 -1.8946e-01 +1.7822e+00 -8.2072e-01
10121 0 +3.835572018e-03 +1.881383557e+01 +1.881383557e+01 -1.8858e-01 +1.7830e+00 -8.2273e-01
10124 0 +2.029985402e-03 +1.881202999e+01 +1.881202999e+01 -1.8869e-01 +1.7821e+00 -8.2366e-01
10279 0 +1.404970064e-03 +1.881140497e+01 +1.881140497e+01 -1.9069e-01 +1.7816e+00 -8.2262e-01
10294 0 +1.054518976e-03 +1.881105452e+01 +1.881105452e+01 -1.9088e-01 +1.7812e+00 -8.2253e-01
10355 0 +1.006163689e-03 +1.881100616e+01 +1.881100616e+01 -1.9168e-01 +1.7809e+00 -8.2177e-01
10370 0 +9.839970072e-04 +1.881098400e+01 +1.881098400e+01 -1.9151e-01 +1.7812e+00 -8.2219e-01
10447 0 +9.498199384e-04 +1.881094982e+01 +1.881094982e+01 -1.9074e-01 +1.7813e+00 -8.2262e-01
10469 0 +9.089146176e-04 +1.881090891e+01 +1.881090891e+01 -1.9066e-01 +1.7812e+00 -8.2263e-01
10484 0 +7.708284362e-04 +1.881077083e+01 +1.881077083e+01 -1.9072e-01 +1.7811e+00 -8.2271e-01
10485 0 +5.424388587e-04 +1.881054244e+01 +1.881054244e+01 -1.9055e-01 +1.7814e+00 -8.2281e-01
10696 0 +4.257935160e-04 +1.881042579e+01 +1.881042579e+01 -1.9058e-01 +1.7812e+00 -8.2277e-01
10749 0 +4.110981158e-04 +1.881041110e+01 +1.881041110e+01 -1.9053e-01 +1.7812e+00 -8.2282e-01
10771 0 +3.680658346e-04 +1.881036807e+01 +1.881036807e+01 -1.9039e-01 +1.7813e+00 -8.2288e-01
10789 0 +3.563715183e-04 +1.881035637e+01 +1.881035637e+01 -1.9042e-01 +1.7813e+00 -8.2288e-01
10866 0 +3.403432503e-04 +1.881034034e+01 +1.881034034e+01 -1.9046e-01 +1.7813e+00 -8.2284e-01
10905 0 +3.371332393e-04 +1.881033713e+01 +1.881033713e+01 -1.9046e-01 +1.7813e+00 -8.2285e-01
10944 0 +3.248096663e-04 +1.881032481e+01 +1.881032481e+01 -1.9045e-01 +1.7813e+00 -8.2285e-01
11075 0 +3.177209609e-04 +1.881031772e+01 +1.881031772e+01 -1.9046e-01 +1.7813e+00 -8.2284e-01
11090 0 +2.769026292e-04 +1.881027690e+01 +1.881027690e+01 -1.9046e-01 +1.7813e+00 -8.2284e-01
11094 0 +2.705814169e-04 +1.881027058e+01 +1.881027058e+01 -1.9045e-01 +1.7813e+00 -8.2285e-01
11225 0 +2.513563795e-04 +1.881025136e+01 +1.881025136e+01 -1.9046e-01 +1.7813e+00 -8.2285e-01
11663 0 +2.496120120e-04 +1.881024961e+01 +1.881024961e+01 -1.9046e-01 +1.7813e+00 -8.2285e-01
24771 0 +2.354345502e-04 +1.881023543e+01 +1.881023543e+01 -1.9130e-01 +1.7809e+00 -8.2229e-01
24848 0 +1.925545188e-04 +1.881019255e+01 +1.881019255e+01 -1.9124e-01 +1.7808e+00 -8.2247e-01
24865 0 +1.129971086e-04 +1.881011300e+01 +1.881011300e+01 -1.9137e-01 +1.7807e+00 -8.2229e-01
24908 0 +1.001071359e-04 +1.881010011e+01 +1.881010011e+01 -1.9116e-01 +1.7808e+00 -8.2241e-01
24984 0 +2.461835487e-05 +1.881002462e+01 +1.881002462e+01 -1.9119e-01 +1.7808e+00 -8.2240e-01
25284 0 +2.270624443e-05 +1.881002271e+01 +1.881002271e+01 -1.9120e-01 +1.7808e+00 -8.2241e-01
25304 0 +1.806247056e-05 +1.881001806e+01 +1.881001806e+01 -1.9120e-01 +1.7808e+00 -8.2240e-01
25321 0 +1.334033195e-05 +1.881001334e+01 +1.881001334e+01 -1.9120e-01 +1.7808e+00 -8.2240e-01
25401 0 +5.633257768e-06 +1.881000563e+01 +1.881000563e+01 -1.9120e-01 +1.7808e+00 -8.2240e-01
25476 0 +9.667708589e-07 +1.881000097e+01 +1.881000097e+01 -1.9120e-01 +1.7808e+00 -8.2240e-01
25650 0 +7.428725404e-07 +1.881000074e+01 +1.881000074e+01 -1.9120e-01 +1.7808e+00 -8.2240e-01
25682 0 +6.432117772e-07 +1.881000064e+01 +1.881000064e+01 -1.9120e-01 +1.7808e+00 -8.2240e-01
25780 0 +5.588499654e-07 +1.881000056e+01 +1.881000056e+01 -1.9120e-01 +1.7808e+00 -8.2240e-01
25797 0 +4.099749624e-07 +1.881000041e+01 +1.881000041e+01 -1.9120e-01 +1.7808e+00 -8.2240e-01
25840 0 +3.965041344e-07 +1.881000040e+01 +1.881000040e+01 -1.9120e-01 +1.7808e+00 -8.2240e-01
25872 0 +3.618518924e-07 +1.881000036e+01 +1.881000036e+01 -1.9120e-01 +1.7808e+00 -8.2240e-01
25911 0 +1.982624056e-07 +1.881000020e+01 +1.881000020e+01 -1.9120e-01 +1.7808e+00 -8.2240e-01
25968 0 +1.115807322e-07 +1.881000011e+01 +1.881000011e+01 -1.9120e-01 +1.7808e+00 -8.2240e-01
25991 0 +6.931739094e-08 +1.881000007e+01 +1.881000007e+01 -1.9120e-01 +1.7808e+00 -8.2240e-01
26049 0 +5.170978312e-08 +1.881000005e+01 +1.881000005e+01 -1.9120e-01 +1.7808e+00 -8.2240e-01
26083 0 +4.421075062e-08 +1.881000004e+01 +1.881000004e+01 -1.9120e-01 +1.7808e+00 -8.2240e-01
26143 0 +3.907378243e-08 +1.881000004e+01 +1.881000004e+01 -1.9120e-01 +1.7808e+00 -8.2240e-01
26215 0 +3.874821886e-08 +1.881000004e+01 +1.881000004e+01 -1.9120e-01 +1.7808e+00 -8.2240e-01
26218 0 +3.530155013e-08 +1.881000004e+01 +1.881000004e+01 -1.9120e-01 +1.7808e+00 -8.2240e-01
26235 0 +3.369066803e-08 +1.881000003e+01 +1.881000003e+01 -1.9120e-01 +1.7808e+00 -8.2240e-01
26239 0 +3.144170790e-08 +1.881000003e+01 +1.881000003e+01 -1.9120e-01 +1.7808e+00 -8.2240e-01
26252 0 +2.990694981e-08 +1.881000003e+01 +1.881000003e+01 -1.9120e-01 +1.7808e+00 -8.2240e-01
26254 0 +1.813732098e-08 +1.881000002e+01 +1.881000002e+01 -1.9120e-01 +1.7808e+00 -8.2240e-01
26290 0 +1.672380989e-08 +1.881000002e+01 +1.881000002e+01 -1.9120e-01 +1.7808e+00 -8.2240e-01
26311 0 +1.309002684e-08 +1.881000001e+01 +1.881000001e+01 -1.9120e-01 +1.7808e+00 -8.2240e-01
26314 0 +8.830774334e-09 +1.881000001e+01 +1.881000001e+01 -1.9120e-01 +1.7808e+00 -8.2240e-01
% f evaluations | g evaluations | best noise-free fitness - Fopt (2.731500000000e+02) + sum g_i+ | measured fitness | best measured fitness or single-digit g-values | x1 | x2...
1 0 +9.265410182e+01 +3.658041018e+02 +3.658041018e+02 -6.4621e-01 -3.5258e+00 +2.9206e+00
2 0 +3.751968011e+01 +3.106696801e+02 +3.106696801e+02 -3.8660e+00 +2.1603e+00 +4.8339e+00
3 0 +2.904711905e+01 +3.021971191e+02 +3.021971191e+02 +2.8146e+00 +4.6183e+00 +7.6042e-01
4 0 +3.811047906e+00 +2.769610479e+02 +2.769610479e+02 -3.0859e+00 +3.0358e+00 +4.4568e-01
8835 0 +1.816464388e+00 +2.749664644e+02 +2.749664644e+02 -4.6460e+00 +1.6328e+00 -8.5509e-01
8892 0 +1.210469781e+00 +2.743604698e+02 +2.743604698e+02 -4.5793e+00 +2.1114e+00 -7.8984e-01
9058 0 +1.058101162e+00 +2.742081012e+02 +2.742081012e+02 -4.7893e+00 +1.7011e+00 -7.7313e-01
9177 0 +1.038925873e+00 +2.741889259e+02 +2.741889259e+02 -4.7291e+00 +1.6940e+00 -8.5452e-01
9191 0 +9.632115036e-01 +2.741132115e+02 +2.741132115e+02 -4.7317e+00 +1.6808e+00 -7.7921e-01
9196 0 +8.918274976e-01 +2.740418275e+02 +2.740418275e+02 -4.7222e+00 +1.6516e+00 -8.5524e-01
9212 0 +8.505793082e-01 +2.740005793e+02 +2.740005793e+02 -4.7274e+00 +1.6708e+00 -8.3401e-01
9289 0 +6.763328765e-01 +2.738263329e+02 +2.738263329e+02 -4.7527e+00 +1.6747e+00 -8.0720e-01
9519 0 +6.326421912e-01 +2.737826422e+02 +2.737826422e+02 -4.7638e+00 +1.6567e+00 -8.1026e-01
9817 0 +6.305846020e-01 +2.737805846e+02 +2.737805846e+02 -4.7673e+00 +1.6510e+00 -8.1200e-01
9956 0 +6.161167595e-01 +2.737661168e+02 +2.737661168e+02 -4.7682e+00 +1.6498e+00 -8.1178e-01
29938 0 +5.347958429e-01 +2.736847958e+02 +2.736847958e+02 -4.4498e+00 +2.1517e+00 -7.1500e-01
30132 0 +5.226243879e-01 +2.736726244e+02 +2.736726244e+02 -4.4563e+00 +2.1419e+00 -7.1519e-01
30263 0 +4.951794380e-01 +2.736451794e+02 +2.736451794e+02 -4.4608e+00 +2.1340e+00 -7.1807e-01
30509 0 +4.810695705e-01 +2.736310696e+02 +2.736310696e+02 -4.4611e+00 +2.1337e+00 -7.1837e-01
30626 0 +4.720391818e-01 +2.736220392e+02 +2.736220392e+02 -4.4619e+00 +2.1324e+00 -7.1857e-01
31328 0 +4.668337240e-01 +2.736168337e+02 +2.736168337e+02 -4.4634e+00 +2.1299e+00 -7.1902e-01
41895 0 +1.815066011e-01 +2.733315066e+02 +2.733315066e+02 -3.4820e+00 +3.8915e+00 -4.9366e-01
41932 0 +1.369824523e-01 +2.732869825e+02 +2.732869825e+02 -3.6062e+00 +3.6875e+00 -5.0623e-01
42007 0 +9.163933263e-02 +2.732416393e+02 +2.732416393e+02 -3.5399e+00 +3.7871e+00 -4.9422e-01
42045 0 +8.650734562e-02 +2.732365073e+02 +2.732365073e+02 -3.5753e+00 +3.7080e+00 -5.0741e-01
42063 0 +3.250716078e-02 +2.731825072e+02 +2.731825072e+02 -3.5661e+00 +3.7500e+00 -4.9836e-01
42272 0 +2.447768683e-02 +2.731744777e+02 +2.731744777e+02 -3.5690e+00 +3.7575e+00 -4.8221e-01
42311 0 +1.779900694e-02 +2.731677990e+02 +2.731677990e+02 -3.5776e+00 +3.7402e+00 -4.8615e-01
42348 0 +1.271769480e-02 +2.731627177e+02 +2.731627177e+02 -3.5851e+00 +3.7493e+00 -4.7985e-01
42424 0 +1.157587500e-02 +2.731615759e+02 +2.731615759e+02 -3.5779e+00 +3.7477e+00 -4.8130e-01
42464 0 +7.832148168e-03 +2.731578321e+02 +2.731578321e+02 -3.5791e+00 +3.7467e+00 -4.8085e-01
42481 0 +5.606829189e-03 +2.731556068e+02 +2.731556068e+02 -3.5838e+00 +3.7477e+00 -4.7831e-01
42576 0 +3.224819573e-03 +2.731532248e+02 +2.731532248e+02 -3.5780e+00 +3.7531e+00 -4.7989e-01
42668 0 +2.066994342e-03 +2.731520670e+02 +2.731520670e+02 -3.5801e+00 +3.7526e+00 -4.7884e-01
42748 0 +1.252013427e-03 +2.731512520e+02 +2.731512520e+02 -3.5793e+00 +3.7526e+00 -4.7877e-01
42764 0 +8.956376331e-04 +2.731508956e+02 +2.731508956e+02 -3.5795e+00 +3.7532e+00 -4.7847e-01
42767 0 +8.050521144e-04 +2.731508051e+02 +2.731508051e+02 -3.5789e+00 +3.7537e+00 -4.7816e-01
42787 0 +7.729403538e-04 +2.731507729e+02 +2.731507729e+02 -3.5790e+00 +3.7534e+00 -4.7835e-01
42897 0 +6.180102316e-04 +2.731506180e+02 +2.731506180e+02 -3.5789e+00 +3.7536e+00 -4.7834e-01
42901 0 +6.094881232e-04 +2.731506095e+02 +2.731506095e+02 -3.5790e+00 +3.7535e+00 -4.7822e-01
42921 0 +2.898184324e-04 +2.731502898e+02 +2.731502898e+02 -3.5793e+00 +3.7535e+00 -4.7828e-01
42972 0 +2.392807014e-04 +2.731502393e+02 +2.731502393e+02 -3.5793e+00 +3.7534e+00 -4.7835e-01
43050 0 +1.658321849e-04 +2.731501658e+02 +2.731501658e+02 -3.5791e+00 +3.7536e+00 -4.7839e-01
43072 0 +1.056998368e-04 +2.731501057e+02 +2.731501057e+02 -3.5792e+00 +3.7536e+00 -4.7839e-01
43164 0 +8.460057393e-05 +2.731500846e+02 +2.731500846e+02 -3.5792e+00 +3.7536e+00 -4.7838e-01
43165 0 +7.056556012e-05 +2.731500706e+02 +2.731500706e+02 -3.5792e+00 +3.7536e+00 -4.7840e-01
43166 0 +3.875537817e-05 +2.731500388e+02 +2.731500388e+02 -3.5792e+00 +3.7536e+00 -4.7840e-01
43239 0 +3.587874124e-05 +2.731500359e+02 +2.731500359e+02 -3.5792e+00 +3.7536e+00 -4.7841e-01
43257 0 +3.100681192e-05 +2.731500310e+02 +2.731500310e+02 -3.5792e+00 +3.7536e+00 -4.7840e-01
43263 0 +2.976746515e-05 +2.731500298e+02 +2.731500298e+02 -3.5792e+00 +3.7536e+00 -4.7841e-01
43315 0 +2.905271202e-05 +2.731500291e+02 +2.731500291e+02 -3.5792e+00 +3.7536e+00 -4.7840e-01
43468 0 +2.883546802e-05 +2.731500288e+02 +2.731500288e+02 -3.5792e+00 +3.7536e+00 -4.7841e-01
% f evaluations | g evaluations | best noise-free fitness - Fopt (3.718000000000e+01) + sum g_i+ | measured fitness | best measured fitness or single-digit g-values | x1 | x2...
1 0 +3.387634364e+01 +7.105634364e+01 +7.105634364e+01 +2.7218e+00 -1.6008e+00 -2.3749e+00
2 0 +3.320132981e+01 +7.038132981e+01 +7.038132981e+01 +3.2351e+00 -2.2340e+00 +9.9522e-01
3 0 +2.648303634e+01 +6.366303634e+01 +6.366303634e+01 +3.3405e+00 +3.4498e+00 -5.4138e-01
4 0 +1.797194237e+01 +5.515194237e+01 +5.515194237e+01 +2.4132e+00 -3.0143e+00 -1.3917e+00
7 0 +8.260145441e+00 +4.544014544e+01 +4.544014544e+01 -4.4463e+00 +2.1532e-01 +2.0299e-01
8 0 +5.544445392e+00 +4.272444539e+01 +4.272444539e+01 -3.0392e+00 +9.9908e-01 +1.1424e+00
3291 0 +4.532455169e+00 +4.171245517e+01 +4.171245517e+01 -3.7649e+00 +3.0363e-01 +2.7394e+00
8560 0 +4.244832136e+00 +4.142483214e+01 +4.142483214e+01 -2.2783e+00 +2.1199e+00 +3.8330e+00
11844 0 +3.014643714e+00 +4.019464371e+01 +4.019464371e+01 -3.5144e+00 +1.7096e+00 +1.6411e+00
11848 0 +2.367493361e+00 +3.954749336e+01 +3.954749336e+01 -2.7324e-01 +2.7729e+00 +2.1790e+00
25297 0 +1.891495994e+00 +3.907149599e+01 +3.907149599e+01 -2.9958e+00 +2.7928e+00 +1.6575e+00
51591 0 +1.368395036e+00 +3.854839504e+01 +3.854839504e+01 -3.7611e+00 +2.5325e+00 +1.7930e+00
% f evaluations | g evaluations | best noise-free fitness - Fopt (-1.479000000000e+02) + sum g_i+ | measured fitness | best measured fitness or single-digit g-values | x1 | x2...
1 0 +1.455204148e+01 -1.333479585e+02 -1.333479585e+02 +1.3369e+00 -4.6372e+00 +2.1327e+00
7 0 +7.825166239e+00 -1.400748338e+02 -1.400748338e+02 -3.3897e+00 -8.3443e-01 +1.7489e+00
15 0 +6.854438637e+00 -1.410455614e+02 -1.410455614e+02 -2.0030e-01 -1.6978e-01 -1.1446e-01
31 0 +6.318127828e+00 -1.415818722e+02 -1.415818722e+02 -2.3416e+00 -3.6242e+00 +2.0761e+00
33 0 +4.072383211e+00 -1.438276168e+02 -1.438276168e+02 +4.7396e-01 -2.9737e-01 +1.0357e-01
38 0 +3.345127925e+00 -1.445548721e+02 -1.445548721e+02 -1.7008e-01 +7.3730e-02 -1.3048e-01
72 0 +3.220379324e+00 -1.446796207e+02 -1.446796207e+02 -3.9025e-01 -3.6556e-01 +2.4459e-01
313 0 +2.382933053e+00 -1.455170669e+02 -1.455170669e+02 -1.3061e+00 +6.5920e-01 +3.1577e+00
866 0 +6.046805635e-01 -1.472953194e+02 -1.472953194e+02 -1.7545e+00 +4.9919e-01 +1.8664e+00
3820 0 +5.423953134e-01 -1.473576047e+02 -1.473576047e+02 -1.7778e+00 +3.0230e-01 +1.1124e+00
57102 0 +3.513513874e-01 -1.475486486e+02 -1.475486486e+02 -1.6647e+00 +3.6945e-01 +1.1799e+00
% f evaluations | g evaluations | best noise-free fitness - Fopt (1.699300000000e+02) + sum g_i+ | measured fitness | best measured fitness or single-digit g-values | x1 | x2...
1 0 +8.719934312e+00 +1.786499343e+02 +1.786499343e+02 -3.1488e+00 -3.1107e+00 +6.0326e-01
3 0 +5.246656859e+00 +1.751766569e+02 +1.751766569e+02 -6.1470e-01 -2.3230e+00 -1.6683e+00
13 0 +1.447027443e+00 +1.713770274e+02 +1.713770274e+02 -3.4182e-01 -1.2975e-01 -3.4502e-01
185 0 +1.408257009e+00 +1.713382570e+02 +1.713382570e+02 -9.6767e-01 -2.6957e-01 -5.6975e-01
189 0 +1.278961660e+00 +1.712089617e+02 +1.712089617e+02 -8.1930e-01 +2.9502e-01 -1.3006e-01
280 0 +1.249477245e+00 +1.711794772e+02 +1.711794772e+02 -3.4178e-01 +4.1999e-01 +3.6631e-01
321 0 +9.380299967e-01 +1.708680300e+02 +1.708680300e+02 -5.9172e-01 +1.5467e-01 -1.6255e-01
529 0 +7.956516193e-01 +1.707256516e+02 +1.707256516e+02 -5.6217e-01 +2.8023e-01 -2.0455e-01
604 0 +7.661968884e-01 +1.706961969e+02 +1.706961969e+02 -5.8272e-01 +2.8351e-01 -1.7437e-01
2752 0 +5.180500939e-01 +1.704480501e+02 +1.704480501e+02 -7.7176e-01 +1.0965e-01 -9.2774e-01
2905 0 +4.698057476e-01 +1.703998057e+02 +1.703998057e+02 -7.6509e-01 +9.5470e-02 -9.6025e-01
2964 0 +4.554191062e-01 +1.703854191e+02 +1.703854191e+02 -8.2621e-01 +1.2631e-01 -9.7656e-01
2977 0 +4.112041915e-01 +1.703412042e+02 +1.703412042e+02 -8.0026e-01 +1.1895e-01 -9.8012e-01
2979 0 +3.785400940e-01 +1.703085401e+02 +1.703085401e+02 -7.9526e-01 +8.7425e-02 -9.7650e-01
3093 0 +3.553199149e-01 +1.702853199e+02 +1.702853199e+02 -7.8084e-01 +9.8858e-02 -9.6618e-01
3134 0 +3.392166527e-01 +1.702692167e+02 +1.702692167e+02 -7.8822e-01 +1.0294e-01 -9.5180e-01
3286 0 +3.184435904e-01 +1.702484436e+02 +1.702484436e+02 -7.8683e-01 +9.8059e-02 -9.5056e-01
3320 0 +2.915188213e-01 +1.702215188e+02 +1.702215188e+02 -7.8419e-01 +9.3749e-02 -9.4842e-01
3395 0 +2.853041779e-01 +1.702153042e+02 +1.702153042e+02 -7.8521e-01 +9.4074e-02 -9.5217e-01
3452 0 +2.786168153e-01 +1.702086168e+02 +1.702086168e+02 -7.8522e-01 +9.3190e-02 -9.5264e-01
3494 0 +2.723887013e-01 +1.702023887e+02 +1.702023887e+02 -7.8538e-01 +9.3256e-02 -9.5340e-01
3643 0 +2.650484322e-01 +1.701950484e+02 +1.701950484e+02 -7.8607e-01 +9.2783e-02 -9.5592e-01
3929 0 +2.591533082e-01 +1.701891533e+02 +1.701891533e+02 -7.8837e-01 +9.1064e-02 -9.6502e-01
4463 0 +2.568850707e-01 +1.701868851e+02 +1.701868851e+02 -7.8836e-01 +9.1077e-02 -9.6501e-01
21600 0 +1.704498302e-01 +1.701004498e+02 +1.701004498e+02 -1.0016e+00 -5.2753e-02 -1.8163e+00
21754 0 +1.322432751e-01 +1.700622433e+02 +1.700622433e+02 -9.7571e-01 -7.1253e-02 -1.8126e+00
21787 0 +1.082155865e-01 +1.700382156e+02 +1.700382156e+02 -1.0201e+00 -6.5614e-02 -1.9332e+00
21809 0 +6.466511106e-02 +1.699946651e+02 +1.699946651e+02 -1.0082e+00 -9.5613e-02 -1.9487e+00
21922 0 +5.684806729e-02 +1.699868481e+02 +1.699868481e+02 -1.0298e+00 -1.1009e-01 -1.9881e+00
21939 0 +2.046358645e-02 +1.699504636e+02 +1.699504636e+02 -1.0256e+00 -9.7367e-02 -1.9481e+00
22015 0 +1.165002043e-02 +1.699416500e+02 +1.699416500e+02 -1.0196e+00 -1.0417e-01 -1.9675e+00
22056 0 +8.332248960e-03 +1.699383322e+02 +1.699383322e+02 -1.0185e+00 -1.0617e-01 -1.9532e+00
22167 0 +2.682398205e-03 +1.699326824e+02 +1.699326824e+02 -1.0214e+00 -1.0557e-01 -1.9568e+00
22226 0 +9.105514473e-04 +1.699309106e+02 +1.699309106e+02 -1.0214e+00 -1.0631e-01 -1.9587e+00
22416 0 +8.050182510e-04 +1.699308050e+02 +1.699308050e+02 -1.0217e+00 -1.0648e-01 -1.9592e+00
22454 0 +2.616045760e-04 +1.699302616e+02 +1.699302616e+02 -1.0216e+00 -1.0629e-01 -1.9593e+00
22589 0 +2.238058149e-04 +1.699302238e+02 +1.699302238e+02 -1.0215e+00 -1.0636e-01 -1.9593e+00
22608 0 +2.094017556e-04 +1.699302094e+02 +1.699302094e+02 -1.0216e+00 -1.0639e-01 -1.9592e+00
22684 0 +1.310880160e-04 +1.699301311e+02 +1.699301311e+02 -1.0215e+00 -1.0636e-01 -1.9592e+00
22853 0 +1.065696878e-04 +1.699301066e+02 +1.699301066e+02 -1.0215e+00 -1.0637e-01 -1.9592e+00
23123 0 +1.007266052e-04 +1.699301007e+02 +1.699301007e+02 -1.0215e+00 -1.0637e-01 -1.9592e+00
46658 0 +3.354344003e-05 +1.699300335e+02 +1.699300335e+02 -1.0216e+00 -1.0641e-01 -1.9592e+00
46772 0 +3.180296039e-05 +1.699300318e+02 +1.699300318e+02 -1.0216e+00 -1.0641e-01 -1.9592e+00
46773 0 +3.123700256e-05 +1.699300312e+02 +1.699300312e+02 -1.0216e+00 -1.0641e-01 -1.9592e+00
46796 0 +2.816552004e-05 +1.699300282e+02 +1.699300282e+02 -1.0216e+00 -1.0640e-01 -1.9592e+00
46814 0 +2.233448751e-05 +1.699300223e+02 +1.699300223e+02 -1.0216e+00 -1.0640e-01 -1.9592e+00
46906 0 +1.171448713e-05 +1.699300117e+02 +1.699300117e+02 -1.0216e+00 -1.0640e-01 -1.9592e+00
47019 0 +5.359854526e-06 +1.699300054e+02 +1.699300054e+02 -1.0216e+00 -1.0640e-01 -1.9592e+00
47114 0 +2.793086480e-06 +1.699300028e+02 +1.699300028e+02 -1.0216e+00 -1.0640e-01 -1.9592e+00
47115 0 +7.981415422e-07 +1.699300008e+02 +1.699300008e+02 -1.0216e+00 -1.0640e-01 -1.9592e+00
47214 0 +6.310663139e-07 +1.699300006e+02 +1.699300006e+02 -1.0216e+00 -1.0640e-01 -1.9592e+00
47251 0 +6.197159337e-07 +1.699300006e+02 +1.699300006e+02 -1.0216e+00 -1.0640e-01 -1.9592e+00
47271 0 +6.077875980e-07 +1.699300006e+02 +1.699300006e+02 -1.0216e+00 -1.0640e-01 -1.9592e+00
47306 0 +5.950505795e-07 +1.699300006e+02 +1.699300006e+02 -1.0216e+00 -1.0640e-01 -1.9592e+00
47324 0 +5.684733537e-07 +1.699300006e+02 +1.699300006e+02 -1.0216e+00 -1.0640e-01 -1.9592e+00
47328 0 +3.815133311e-07 +1.699300004e+02 +1.699300004e+02 -1.0216e+00 -1.0640e-01 -1.9592e+00
47345 0 +3.707756377e-07 +1.699300004e+02 +1.699300004e+02 -1.0216e+00 -1.0640e-01 -1.9592e+00
47402 0 +2.739675153e-07 +1.699300003e+02 +1.699300003e+02 -1.0216e+00 -1.0640e-01 -1.9592e+00
47424 0 +2.416940106e-07 +1.699300002e+02 +1.699300002e+02 -1.0216e+00 -1.0640e-01 -1.9592e+00
47439 0 +1.731245334e-07 +1.699300002e+02 +1.699300002e+02 -1.0216e+00 -1.0640e-01 -1.9592e+00
47513 0 +1.570674613e-07 +1.699300002e+02 +1.699300002e+02 -1.0216e+00 -1.0640e-01 -1.9592e+00
47555 0 +9.703785508e-08 +1.699300001e+02 +1.699300001e+02 -1.0216e+00 -1.0640e-01 -1.9592e+00
47629 0 +6.042927225e-08 +1.699300001e+02 +1.699300001e+02 -1.0216e+00 -1.0640e-01 -1.9592e+00
47744 0 +5.646154477e-08 +1.699300001e+02 +1.699300001e+02 -1.0216e+00 -1.0640e-01 -1.9592e+00
47798 0 +2.974235258e-08 +1.699300000e+02 +1.699300000e+02 -1.0216e+00 -1.0640e-01 -1.9592e+00
47801 0 +2.362051532e-08 +1.699300000e+02 +1.699300000e+02 -1.0216e+00 -1.0640e-01 -1.9592e+00
47839 0 +1.277251727e-08 +1.699300000e+02 +1.699300000e+02 -1.0216e+00 -1.0640e-01 -1.9592e+00
47934 0 +1.173827968e-08 +1.699300000e+02 +1.699300000e+02 -1.0216e+00 -1.0640e-01 -1.9592e+00
47952 0 +1.236429625e-09 +1.699300000e+02 +1.699300000e+02 -1.0216e+00 -1.0640e-01 -1.9592e+00
% f evaluations | g evaluations | best noise-free fitness - Fopt (1.181700000000e+02) + sum g_i+ | measured fitness | best measured fitness or single-digit g-values | x1 | x2...
1 0 +5.206591965e+01 +1.702359196e+02 +1.702359196e+02 +4.6628e+00 -4.5335e+00 -3.5139e-01
2 0 +1.591342476e+01 +1.340834248e+02 +1.340834248e+02 -5.2801e-01 -1.7221e+00 +3.7371e+00
4 0 +1.487941080e+00 +1.196579411e+02 +1.196579411e+02 +6.9168e-01 -2.2413e+00 -3.3027e+00
36379 0 +3.181882913e-01 +1.184881883e+02 +1.184881883e+02 +8.8566e-01 -2.6165e+00 -2.8543e+00
36894 0 +2.590274516e-01 +1.184290275e+02 +1.184290275e+02 +1.1547e+00 -2.7356e+00 -2.5001e+00
36896 0 +2.236937166e-01 +1.183936937e+02 +1.183936937e+02 +1.1587e+00 -2.5491e+00 -2.6460e+00
36953 0 +2.104111702e-01 +1.183804112e+02 +1.183804112e+02 +9.7650e-01 -2.5344e+00 -2.6979e+00
36955 0 +1.669463028e-01 +1.183369463e+02 +1.183369463e+02 +1.0665e+00 -2.4871e+00 -2.6564e+00
36990 0 +1.075377910e-01 +1.182775378e+02 +1.182775378e+02 +9.3525e-01 -2.4698e+00 -2.7365e+00
37029 0 +1.023704450e-01 +1.182723704e+02 +1.182723704e+02 +9.1270e-01 -2.4868e+00 -2.7205e+00
37063 0 +8.007859831e-02 +1.182500786e+02 +1.182500786e+02 +9.9317e-01 -2.5146e+00 -2.6418e+00
37066 0 +3.874494044e-02 +1.182087449e+02 +1.182087449e+02 +9.5194e-01 -2.4922e+00 -2.6843e+00
37160 0 +3.253771620e-02 +1.182025377e+02 +1.182025377e+02 +9.0727e-01 -2.4634e+00 -2.7141e+00
37180 0 +1.746370577e-02 +1.181874637e+02 +1.181874637e+02 +9.2228e-01 -2.4614e+00 -2.7115e+00
37272 0 +1.183319530e-02 +1.181818332e+02 +1.181818332e+02 +9.1014e-01 -2.4564e+00 -2.7219e+00
37330 0 +7.722776128e-03 +1.181777228e+02 +1.181777228e+02 +9.0139e-01 -2.4476e+00 -2.7293e+00
37462 0 +5.237659042e-03 +1.181752377e+02 +1.181752377e+02 +9.0164e-01 -2.4476e+00 -2.7247e+00
37482 0 +2.558093607e-03 +1.181725581e+02 +1.181725581e+02 +9.0273e-01 -2.4494e+00 -2.7245e+00
37525 0 +4.713004565e-04 +1.181704713e+02 +1.181704713e+02 +9.0374e-01 -2.4503e+00 -2.7240e+00
37614 0 +2.450788610e-04 +1.181702451e+02 +1.181702451e+02 +9.0403e-01 -2.4504e+00 -2.7241e+00
37885 0 +1.188312353e-04 +1.181701188e+02 +1.181701188e+02 +9.0404e-01 -2.4504e+00 -2.7240e+00
38013 0 +1.106238084e-04 +1.181701106e+02 +1.181701106e+02 +9.0400e-01 -2.4505e+00 -2.7240e+00
38093 0 +1.087121714e-04 +1.181701087e+02 +1.181701087e+02 +9.0399e-01 -2.4504e+00 -2.7241e+00
38133 0 +1.053684326e-04 +1.181701054e+02 +1.181701054e+02 +9.0401e-01 -2.4505e+00 -2.7240e+00
38147 0 +1.044270209e-04 +1.181701044e+02 +1.181701044e+02 +9.0398e-01 -2.4504e+00 -2.7240e+00
38190 0 +1.007144869e-04 +1.181701007e+02 +1.181701007e+02 +9.0398e-01 -2.4504e+00 -2.7240e+00
38228 0 +7.180393618e-05 +1.181700718e+02 +1.181700718e+02 +9.0398e-01 -2.4505e+00 -2.7240e+00
% f evaluations | g evaluations | best noise-free fitness - Fopt (-1.791300000000e+02) + sum g_i+ | measured fitness | best measured fitness or single-digit g-values | x1 | x2...
1 0 +7.410723351e+01 -1.050227665e+02 -1.050227665e+02 -2.5515e+00 +3.4194e+00 -3.3399e+00
2 0 +1.742532412e+01 -1.617046759e+02 -1.617046759e+02 +2.3517e+00 -2.2594e+00 -3.2141e+00
5 0 +7.052114760e+00 -1.720778852e+02 -1.720778852e+02 +2.1283e+00 +4.1486e+00 +3.1043e+00
7 0 +6.301504417e+00 -1.728284956e+02 -1.728284956e+02 +5.8591e-01 -3.0376e+00 +3.8648e+00
83 0 +3.597019846e+00 -1.755329802e+02 -1.755329802e+02 +6.5232e-01 -2.8115e+00 -8.2474e-01
172 0 +1.401537258e+00 -1.777284627e+02 -1.777284627e+02 +1.3699e+00 -4.4309e+00 +3.5817e-01
899 0 +4.342474778e-01 -1.786957525e+02 -1.786957525e+02 +1.4615e+00 -4.0073e+00 +7.9829e-01
21019 0 +3.632090851e-01 -1.787667909e+02 -1.787667909e+02 +1.2673e+00 -3.3895e+00 +1.0607e+00
% f evaluations | g evaluations | best noise-free fitness - Fopt (-5.784000000000e+02) + sum g_i+ | measured fitness | best measured fitness or single-digit g-values | x1 | x2...
1 0 +4.665053736e+01 -5.317494626e+02 -5.317494626e+02 -3.6189e+00 -4.7699e+00 +4.4074e+00
2 0 +4.055266021e+01 -5.378473398e+02 -5.378473398e+02 -2.2076e+00 -2.5506e+00 +1.1021e-01
3 0 +5.209354137e+00 -5.731906459e+02 -5.731906459e+02 -3.0019e+00 +3.6405e+00 -8.8622e-02
39 0 +2.220385291e+00 -5.761796147e+02 -5.761796147e+02 -4.2208e+00 +3.8086e+00 -3.7123e+00
1340 0 +2.036722754e+00 -5.763632772e+02 -5.763632772e+02 -3.3792e+00 +4.0018e+00 -2.1678e+00
1945 0 +1.302990073e+00 -5.770970099e+02 -5.770970099e+02 -3.3714e+00 +4.3578e+00 -2.5842e+00
2490 0 +1.075925090e+00 -5.773240749e+02 -5.773240749e+02 -3.8142e+00 +4.6597e+00 -2.7019e+00
2569 0 +8.869880509e-01 -5.775130119e+02 -5.775130119e+02 -3.1163e+00 +3.6168e+00 -3.0091e+00
3676 0 +8.013191523e-01 -5.775986808e+02 -5.775986808e+02 -3.2184e+00 +3.6304e+00 -2.4538e+00
4543 0 +7.470182693e-01 -5.776529817e+02 -5.776529817e+02 -3.7594e+00 +4.1957e+00 -2.5640e+00
7933 0 +6.329037222e-01 -5.777670963e+02 -5.777670963e+02 -3.4460e+00 +3.3950e+00 -2.4691e+00
39183 0 +2.941903963e-01 -5.781058096e+02 -5.781058096e+02 -3.6137e+00 +3.7137e+00 -2.6465e+00
% f evaluations | g evaluations | best noise-free fitness - Fopt (1.000000000000e+03) + sum g_i+ | measured fitness | best measured fitness or single-digit g-values | x1 | x2...
1 0 +6.566134843e+00 +1.006566135e+03 +1.006566135e+03 -5.7924e-02 -4.1984e+00 +2.4634e+00
4 0 +6.281568690e+00 +1.006281569e+03 +1.006281569e+03 -3.0779e+00 -4.4980e+00 +9.9036e-01
8609 0 +5.956765133e+00 +1.005956765e+03 +1.005956765e+03 -3.4856e+00 -4.9308e+00 +2.1993e+00
12399 0 +2.886755942e+00 +1.002886756e+03 +1.002886756e+03 -1.2381e+00 -2.0369e+00 -1.6570e+00
45651 0 +2.803800784e+00 +1.002803801e+03 +1.002803801e+03 -1.7613e+00 -2.9101e+00 -9.2036e-01
45654 0 +2.276906292e+00 +1.002276906e+03 +1.002276906e+03 -1.4964e+00 -2.5084e+00 -1.4902e+00
45708 0 +2.154551711e+00 +1.002154552e+03 +1.002154552e+03 -8.4386e-01 -2.9589e+00 -1.5607e+00
45731 0 +2.102838943e+00 +1.002102839e+03 +1.002102839e+03 -1.6768e+00 -3.1980e+00 -1.5787e+00
45733 0 +2.064199645e+00 +1.002064200e+03 +1.002064200e+03 -1.2581e+00 -3.1287e+00 -1.5240e+00
45767 0 +1.931680461e+00 +1.001931680e+03 +1.001931680e+03 -1.4249e+00 -2.6487e+00 -1.1359e+00
45770 0 +1.458428358e+00 +1.001458428e+03 +1.001458428e+03 -2.2315e+00 -3.4189e+00 -8.6809e-01
45806 0 +1.063891575e+00 +1.001063892e+03 +1.001063892e+03 -2.8597e+00 -2.8543e+00 -1.3742e+00
45845 0 +8.920907907e-01 +1.000892091e+03 +1.000892091e+03 -2.6133e+00 -2.9864e+00 -1.3637e+00
45956 0 +5.754679393e-01 +1.000575468e+03 +1.000575468e+03 -2.3869e+00 -2.9385e+00 -1.0246e+00
46015 0 +5.060973157e-01 +1.000506097e+03 +1.000506097e+03 -2.2845e+00 -2.9101e+00 -1.2019e+00
46037 0 +2.951829226e-01 +1.000295183e+03 +1.000295183e+03 -2.4386e+00 -3.0308e+00 -1.1343e+00
46169 0 +2.695315337e-01 +1.000269532e+03 +1.000269532e+03 -2.4000e+00 -3.0296e+00 -1.1521e+00
46184 0 +2.418425022e-01 +1.000241843e+03 +1.000241843e+03 -2.4188e+00 -3.0313e+00 -1.1659e+00
46206 0 +2.246732883e-01 +1.000224673e+03 +1.000224673e+03 -2.4063e+00 -3.0186e+00 -1.1497e+00
46221 0 +2.045001904e-01 +1.000204500e+03 +1.000204500e+03 -2.4040e+00 -3.0040e+00 -1.1521e+00
46303 0 +2.015401034e-01 +1.000201540e+03 +1.000201540e+03 -2.4179e+00 -3.0160e+00 -1.1487e+00
46336 0 +1.958291631e-01 +1.000195829e+03 +1.000195829e+03 -2.4109e+00 -3.0091e+00 -1.1421e+00
46490 0 +1.897643611e-01 +1.000189764e+03 +1.000189764e+03 -2.4257e+00 -3.0196e+00 -1.1416e+00
46493 0 +1.651126756e-01 +1.000165113e+03 +1.000165113e+03 -2.4216e+00 -3.0048e+00 -1.1395e+00
46587 0 +1.535242183e-01 +1.000153524e+03 +1.000153524e+03 -2.4253e+00 -3.0087e+00 -1.1379e+00
46681 0 +1.455835758e-01 +1.000145584e+03 +1.000145584e+03 -2.4239e+00 -3.0093e+00 -1.1397e+00
46797 0 +1.430979169e-01 +1.000143098e+03 +1.000143098e+03 -2.4224e+00 -3.0095e+00 -1.1403e+00
46830 0 +1.385090409e-01 +1.000138509e+03 +1.000138509e+03 -2.4237e+00 -3.0095e+00 -1.1392e+00
46853 0 +1.379601424e-01 +1.000137960e+03 +1.000137960e+03 -2.4239e+00 -3.0097e+00 -1.1390e+00
83482 0 +1.062319319e-01 +1.000106232e+03 +1.000106232e+03 -2.7900e+00 -3.1835e+00 -8.6809e-01
83524 0 +7.962207919e-02 +1.000079622e+03 +1.000079622e+03 -2.7916e+00 -3.2295e+00 -9.0342e-01
83560 0 +6.005323641e-02 +1.000060053e+03 +1.000060053e+03 -2.8535e+00 -3.2538e+00 -8.4068e-01
83577 0 +4.526503171e-02 +1.000045265e+03 +1.000045265e+03 -2.8298e+00 -3.2355e+00 -8.7973e-01
83633 0 +3.444273427e-02 +1.000034443e+03 +1.000034443e+03 -2.8746e+00 -3.2306e+00 -8.5747e-01
83672 0 +2.633733252e-02 +1.000026337e+03 +1.000026337e+03 -2.8467e+00 -3.2219e+00 -8.5265e-01
83676 0 +1.506148764e-02 +1.000015061e+03 +1.000015061e+03 -2.8692e+00 -3.2404e+00 -8.5065e-01
83846 0 +7.749806100e-03 +1.000007750e+03 +1.000007750e+03 -2.8711e+00 -3.2450e+00 -8.4784e-01
83861 0 +4.622222213e-03 +1.000004622e+03 +1.000004622e+03 -2.8699e+00 -3.2405e+00 -8.4575e-01
83901 0 +3.576297097e-03 +1.000003576e+03 +1.000003576e+03 -2.8730e+00 -3.2426e+00 -8.4674e-01
83938 0 +3.431112195e-03 +1.000003431e+03 +1.000003431e+03 -2.8743e+00 -3.2422e+00 -8.4521e-01
83956 0 +3.132899749e-03 +1.000003133e+03 +1.000003133e+03 -2.8729e+00 -3.2431e+00 -8.4619e-01
83960 0 +2.989272183e-03 +1.000002989e+03 +1.000002989e+03 -2.8738e+00 -3.2414e+00 -8.4588e-01
83997 0 +2.740273286e-03 +1.000002740e+03 +1.000002740e+03 -2.8749e+00 -3.2422e+00 -8.4459e-01
84036 0 +2.493790055e-03 +1.000002494e+03 +1.000002494e+03 -2.8756e+00 -3.2429e+00 -8.4419e-01
84050 0 +2.360183402e-03 +1.000002360e+03 +1.000002360e+03 -2.8722e+00 -3.2425e+00 -8.4533e-01
84052 0 +2.265564138e-03 +1.000002266e+03 +1.000002266e+03 -2.8754e+00 -3.2425e+00 -8.4451e-01
84072 0 +2.133602012e-03 +1.000002134e+03 +1.000002134e+03 -2.8733e+00 -3.2417e+00 -8.4582e-01
84109 0 +1.292692482e-03 +1.000001293e+03 +1.000001293e+03 -2.8731e+00 -3.2419e+00 -8.4585e-01
84127 0 +1.114082256e-03 +1.000001114e+03 +1.000001114e+03 -2.8723e+00 -3.2412e+00 -8.4624e-01
84129 0 +1.086292661e-03 +1.000001086e+03 +1.000001086e+03 -2.8724e+00 -3.2418e+00 -8.4616e-01
84166 0 +9.033098388e-04 +1.000000903e+03 +1.000000903e+03 -2.8717e+00 -3.2411e+00 -8.4626e-01
84188 0 +3.292897477e-04 +1.000000329e+03 +1.000000329e+03 -2.8728e+00 -3.2416e+00 -8.4570e-01
% f evaluations | g evaluations | best noise-free fitness - Fopt (-3.427000000000e+01) + sum g_i+ | measured fitness | best measured fitness or single-digit g-values | x1 | x2...
1 0 +2.227470470e+00 -3.204252953e+01 -3.204252953e+01 +2.9915e+00 +6.8309e-01 +2.1455e+00
162 0 +1.546161328e+00 -3.272383867e+01 -3.272383867e+01 +1.9632e+00 -2.2322e-01 +5.3408e-01
506 0 +9.513997147e-01 -3.331860029e+01 -3.331860029e+01 +2.9487e+00 +4.8704e-01 +1.8499e+00
7343 0 +7.301630756e-01 -3.353983692e+01 -3.353983692e+01 +2.8308e+00 +5.6424e-01 +7.3745e-01
9883 0 +6.875188529e-01 -3.358248115e+01 -3.358248115e+01 +3.3683e+00 +3.4130e-01 +2.5426e-01
34398 0 +3.927395549e-01 -3.387726045e+01 -3.387726045e+01 +3.2003e+00 +3.0214e-01 +9.2823e-01
36793 0 +2.959913561e-01 -3.397400864e+01 -3.397400864e+01 +2.9985e+00 +4.6578e-01 +1.1150e+00
% f evaluations | g evaluations | best noise-free fitness - Fopt (1.000000000000e+03) + sum g_i+ | measured fitness | best measured fitness or single-digit g-values | x1 | x2...
1 0 +1.872415887e+01 +1.018724159e+03 +1.018724159e+03 -4.0651e+00 -6.7273e-01 -1.6639e+00
3 0 +1.620245083e+01 +1.016202451e+03 +1.016202451e+03 -3.0431e+00 -2.9244e-01 -1.8469e+00
4 0 +1.211082588e+01 +1.012110826e+03 +1.012110826e+03 +1.0833e-01 -9.3633e-01 -3.2964e+00
5 0 +1.160193673e+01 +1.011601937e+03 +1.011601937e+03 -9.1422e-01 +2.4528e+00 -1.1691e+00
6 0 +6.542552171e+00 +1.006542552e+03 +1.006542552e+03 -4.9377e+00 +1.5000e+00 +1.1743e+00
7 0 +5.098015721e+00 +1.005098016e+03 +1.005098016e+03 -7.7990e-01 +2.9593e+00 +2.6112e+00
11 0 +3.645881116e+00 +1.003645881e+03 +1.003645881e+03 -2.6660e+00 -5.3553e-01 +1.9411e+00
38 0 +3.340070487e+00 +1.003340070e+03 +1.003340070e+03 -2.5631e-01 +1.0253e-01 -1.0220e-01
55 0 +3.238239594e+00 +1.003238240e+03 +1.003238240e+03 -1.6456e-01 +3.3010e-02 +6.4987e-02
76 0 +3.019927780e+00 +1.003019928e+03 +1.003019928e+03 -9.4410e-02 +1.3687e-01 +5.4893e-02
91 0 +2.945114456e+00 +1.002945114e+03 +1.002945114e+03 -7.4603e-02 +1.7769e-01 +1.3616e-03
225 0 +2.728209273e+00 +1.002728209e+03 +1.002728209e+03 +9.8428e-03 +3.6700e-01 -2.6638e-02
227 0 +2.624166644e+00 +1.002624167e+03 +1.002624167e+03 +1.8219e-02 +2.2195e-01 +6.2265e-02
247 0 +2.490504910e+00 +1.002490505e+03 +1.002490505e+03 +1.1254e-01 +3.2777e-01 +1.2700e-01
261 0 +2.434553131e+00 +1.002434553e+03 +1.002434553e+03 +9.5136e-02 +2.3860e-01 +1.3403e-01
282 0 +2.239985327e+00 +1.002239985e+03 +1.002239985e+03 +6.4827e-02 +2.9212e-01 +8.8707e-02
323 0 +2.190431807e+00 +1.002190432e+03 +1.002190432e+03 +7.1984e-02 +3.1142e-01 +1.0477e-01
546 0 +2.175020544e+00 +1.002175021e+03 +1.002175021e+03 +8.3324e-02 +3.1189e-01 +9.8351e-02
622 0 +2.088998130e+00 +1.002088998e+03 +1.002088998e+03 +8.6231e-02 +2.9974e-01 +9.0692e-02
683 0 +2.007864053e+00 +1.002007864e+03 +1.002007864e+03 +8.4738e-02 +3.0119e-01 +8.5974e-02
1134 0 +1.994095304e+00 +1.001994095e+03 +1.001994095e+03 +8.6127e-02 +3.0059e-01 +8.3711e-02
4062 0 +4.146179396e-01 +1.000414618e+03 +1.000414618e+03 -1.3285e+00 +2.1192e+00 +1.2513e+00
4233 0 +1.815781698e-01 +1.000181578e+03 +1.000181578e+03 -1.5601e+00 +1.2952e+00 +1.6733e+00
4445 0 +1.698733853e-01 +1.000169873e+03 +1.000169873e+03 -1.4575e+00 +1.4187e+00 +1.6975e+00
4611 0 +1.094219827e-01 +1.000109422e+03 +1.000109422e+03 -1.4397e+00 +1.5270e+00 +1.5679e+00
4674 0 +9.389722203e-02 +1.000093897e+03 +1.000093897e+03 -1.4789e+00 +1.4666e+00 +1.5809e+00
4691 0 +6.260968192e-02 +1.000062610e+03 +1.000062610e+03 -1.5211e+00 +1.4505e+00 +1.5851e+00
4725 0 +5.629386197e-02 +1.000056294e+03 +1.000056294e+03 -1.5268e+00 +1.4623e+00 +1.6268e+00
4744 0 +4.358050845e-02 +1.000043581e+03 +1.000043581e+03 -1.5164e+00 +1.4038e+00 +1.6230e+00
4820 0 +4.096365109e-02 +1.000040964e+03 +1.000040964e+03 -1.5224e+00 +1.4524e+00 +1.6043e+00
4839 0 +4.039118848e-02 +1.000040391e+03 +1.000040391e+03 -1.5147e+00 +1.4389e+00 +1.5809e+00
4859 0 +3.453866150e-02 +1.000034539e+03 +1.000034539e+03 -1.5145e+00 +1.3971e+00 +1.6164e+00
4883 0 +7.711262178e-03 +1.000007711e+03 +1.000007711e+03 -1.5061e+00 +1.4408e+00 +1.5953e+00
5010 0 +3.265615500e-03 +1.000003266e+03 +1.000003266e+03 -1.5051e+00 +1.4458e+00 +1.5933e+00
5109 0 +2.052962740e-03 +1.000002053e+03 +1.000002053e+03 -1.5028e+00 +1.4504e+00 +1.5926e+00
5181 0 +7.762841528e-04 +1.000000776e+03 +1.000000776e+03 -1.5038e+00 +1.4481e+00 +1.5933e+00
5243 0 +6.581057420e-04 +1.000000658e+03 +1.000000658e+03 -1.5043e+00 +1.4472e+00 +1.5940e+00
5258 0 +4.626993007e-04 +1.000000463e+03 +1.000000463e+03 -1.5041e+00 +1.4477e+00 +1.5937e+00
5278 0 +2.464858339e-04 +1.000000246e+03 +1.000000246e+03 -1.5040e+00 +1.4482e+00 +1.5935e+00
5371 0 +1.708287317e-04 +1.000000171e+03 +1.000000171e+03 -1.5040e+00 +1.4480e+00 +1.5935e+00
5392 0 +6.553374317e-05 +1.000000066e+03 +1.000000066e+03 -1.5040e+00 +1.4480e+00 +1.5936e+00
% f evaluations | g evaluations | best noise-free fitness - Fopt (-1.700300000000e+02) + sum g_i+ | measured fitness | best measured fitness or single-digit g-values | x1 | x2...
1 0 +9.448199567e+01 -7.554800433e+01 -7.554800433e+01 +2.1746e+00 +1.2466e+00 +3.2736e+00
2 0 +5.249125510e+01 -1.175387449e+02 -1.175387449e+02 +4.6880e+00 -1.5391e+00 +2.6691e+00
3 0 +2.259110052e+01 -1.474388995e+02 -1.474388995e+02 +2.5451e+00 -9.9202e-01 +1.2012e+00
4 0 +6.161262161e+00 -1.638687378e+02 -1.638687378e+02 +1.6978e+00 -4.6667e+00 -1.3469e-01
19 0 +5.106308491e+00 -1.649236915e+02 -1.649236915e+02 -2.2266e-01 -1.8361e-01 -1.3674e-01
66 0 +3.590981464e+00 -1.664390185e+02 -1.664390185e+02 -8.6536e-02 -3.9411e+00 -1.6711e+00
153 0 +6.132859002e-01 -1.694167141e+02 -1.694167141e+02 +2.8951e-01 -2.9563e+00 -1.4410e+00
16664 0 +4.460043770e-01 -1.695839956e+02 -1.695839956e+02 +3.1264e-01 -2.7925e+00 -1.7482e+00
66943 0 +4.313218774e-01 -1.695986781e+02 -1.695986781e+02 +4.4281e-01 -3.1967e+00 -1.6162e+00
% f evaluations | g evaluations | best noise-free fitness - Fopt (2.567000000000e+01) + sum g_i+ | measured fitness | best measured fitness or single-digit g-values | x1 | x2...
1 0 +7.046896587e+00 +3.271689659e+01 +3.271689659e+01 +2.0678e+00 +1.4279e-01 +4.1222e+00
8 0 +5.784430148e+00 +3.145443015e+01 +3.145443015e+01 +3.1193e+00 -3.9255e+00 +7.1555e-01
14 0 +5.319990218e+00 +3.098999022e+01 +3.098999022e+01 +4.2890e-01 -1.6111e-01 -2.8365e-01
16 0 +4.842870873e+00 +3.051287087e+01 +3.051287087e+01 -2.8424e-02 -9.3919e-02 +3.2758e-01
33 0 +4.689505037e+00 +3.035950504e+01 +3.035950504e+01 -2.1422e-01 -3.0415e-01 +7.3935e-02
51 0 +4.262690845e+00 +2.993269085e+01 +2.993269085e+01 +1.5265e-01 -2.0216e-01 -1.4415e-01
56 0 +4.152493888e+00 +2.982249389e+01 +2.982249389e+01 -2.0770e-01 -1.3495e-01 +2.2337e-01
75 0 +3.964459043e+00 +2.963445904e+01 +2.963445904e+01 -5.2089e-02 -7.0630e-02 +2.2281e-01
108 0 +3.736535784e+00 +2.940653578e+01 +2.940653578e+01 -8.0351e-02 -5.4861e-02 +1.4772e-01
130 0 +3.615923533e+00 +2.928592353e+01 +2.928592353e+01 -8.6871e-02 -5.1306e-02 +2.8672e-01
1815 0 +2.704208447e+00 +2.837420845e+01 +2.837420845e+01 -1.3957e-02 -2.7682e+00 +2.6065e+00
2028 0 +2.622198509e+00 +2.829219851e+01 +2.829219851e+01 +6.4935e-01 -3.7222e-01 +9.6962e-02
2104 0 +1.389793530e+00 +2.705979353e+01 +2.705979353e+01 +6.6837e-01 -1.5360e+00 +4.1991e-01
2147 0 +1.342217548e+00 +2.701221755e+01 +2.701221755e+01 +9.4325e-01 -2.2769e+00 +7.4349e-01
2164 0 +8.716398070e-01 +2.654163981e+01 +2.654163981e+01 +8.3000e-01 -2.1693e+00 +9.1296e-01
2180 0 +7.738099290e-01 +2.644380993e+01 +2.644380993e+01 +6.1622e-01 -2.3460e+00 +1.4578e+00
2184 0 +7.085271047e-01 +2.637852710e+01 +2.637852710e+01 +8.3547e-01 -2.2011e+00 +1.0467e+00
2202 0 +4.767775505e-01 +2.614677755e+01 +2.614677755e+01 +1.0478e+00 -2.3025e+00 +1.2673e+00
2296 0 +3.077733731e-01 +2.597777337e+01 +2.597777337e+01 +9.1880e-01 -2.0682e+00 +1.2766e+00
2297 0 +1.996474552e-01 +2.586964746e+01 +2.586964746e+01 +8.4012e-01 -2.3922e+00 +1.5114e+00
2445 0 +1.714184368e-01 +2.584141844e+01 +2.584141844e+01 +9.1632e-01 -2.1802e+00 +1.2561e+00
2464 0 +1.514590369e-01 +2.582145904e+01 +2.582145904e+01 +8.8971e-01 -2.3206e+00 +1.4090e+00
2503 0 +1.433922988e-01 +2.581339230e+01 +2.581339230e+01 +8.4341e-01 -2.4026e+00 +1.4305e+00
2559 0 +5.981296180e-02 +2.572981296e+01 +2.572981296e+01 +8.6985e-01 -2.2926e+00 +1.3771e+00
2654 0 +4.911947229e-02 +2.571911947e+01 +2.571911947e+01 +8.4717e-01 -2.3139e+00 +1.3747e+00
2658 0 +4.152697309e-02 +2.571152697e+01 +2.571152697e+01 +8.4572e-01 -2.3046e+00 +1.4101e+00
2678 0 +4.009334961e-02 +2.571009335e+01 +2.571009335e+01 +8.3971e-01 -2.3446e+00 +1.4440e+00
2697 0 +1.319631156e-02 +2.568319631e+01 +2.568319631e+01 +8.5072e-01 -2.3056e+00 +1.3983e+00
2774 0 +3.588167044e-03 +2.567358817e+01 +2.567358817e+01 +8.5292e-01 -2.3033e+00 +1.4015e+00
2792 0 +2.786610358e-03 +2.567278661e+01 +2.567278661e+01 +8.5142e-01 -2.3053e+00 +1.4027e+00
3039 0 +2.320768899e-03 +2.567232077e+01 +2.567232077e+01 +8.5092e-01 -2.3052e+00 +1.4021e+00
3055 0 +1.210005630e-03 +2.567121001e+01 +2.567121001e+01 +8.5107e-01 -2.3042e+00 +1.4024e+00
3171 0 +1.200799356e-03 +2.567120080e+01 +2.567120080e+01 +8.5112e-01 -2.3042e+00 +1.4023e+00
3189 0 +8.474985170e-04 +2.567084750e+01 +2.567084750e+01 +8.5122e-01 -2.3045e+00 +1.4029e+00
3248 0 +5.603078887e-04 +2.567056031e+01 +2.567056031e+01 +8.5090e-01 -2.3054e+00 +1.4040e+00
3322 0 +4.282459157e-04 +2.567042825e+01 +2.567042825e+01 +8.5122e-01 -2.3050e+00 +1.4032e+00
3324 0 +3.803079371e-04 +2.567038031e+01 +2.567038031e+01 +8.5142e-01 -2.3042e+00 +1.4023e+00
3340 0 +3.326549150e-04 +2.567033265e+01 +2.567033265e+01 +8.5111e-01 -2.3049e+00 +1.4032e+00
3436 0 +1.991915801e-04 +2.567019919e+01 +2.567019919e+01 +8.5121e-01 -2.3048e+00 +1.4032e+00
3531 0 +1.697818932e-04 +2.567016978e+01 +2.567016978e+01 +8.5114e-01 -2.3049e+00 +1.4034e+00
3547 0 +1.171447432e-04 +2.567011714e+01 +2.567011714e+01 +8.5125e-01 -2.3047e+00 +1.4030e+00
3590 0 +3.087705759e-05 +2.567003088e+01 +2.567003088e+01 +8.5120e-01 -2.3048e+00 +1.4032e+00
3778 0 +2.096998169e-05 +2.567002097e+01 +2.567002097e+01 +8.5120e-01 -2.3048e+00 +1.4032e+00
3891 0 +1.999373553e-05 +2.567001999e+01 +2.567001999e+01 +8.5120e-01 -2.3048e+00 +1.4032e+00
3895 0 +1.568237218e-05 +2.567001568e+01 +2.567001568e+01 +8.5120e-01 -2.3048e+00 +1.4032e+00
% f evaluations | g evaluations | best noise-free fitness - Fopt (2.081800000000e+02) + sum g_i+ | measured fitness | best measured fitness or single-digit g-values | x1 | x2...
1 0 +2.285522679e+01 +2.310352268e+02 +2.310352268e+02 +1.7995e+00 +2.1666e+00 -4.9592e+00
4 0 +2.199330635e+01 +2.301733063e+02 +2.301733063e+02 +1.5651e+00 +1.5850e+00 +3.5349e+00
5 0 +8.490230804e+00 +2.166702308e+02 +2.166702308e+02 -3.6640e+00 -2.6893e+00 -1.2207e+00
15 0 +6.034971469e+00 +2.142149715e+02 +2.142149715e+02 -3.3085e-01 +1.0973e-01 +1.5025e-02
33 0 +5.839723911e+00 +2.140197239e+02 +2.140197239e+02 -1.8602e-01 +5.0389e-02 +2.2979e-01
54 0 +4.824907276e+00 +2.130049073e+02 +2.130049073e+02 -1.6786e-01 -1.4640e-02 +1.3550e-01
56 0 +4.440738734e+00 +2.126207387e+02 +2.126207387e+02 -2.7113e-01 +9.3027e-02 +7.4811e-02
74 0 +4.066543509e+00 +2.122465435e+02 +2.122465435e+02 -3.6514e-01 +1.3586e-01 +1.5173e-01
3377 0 +3.733284626e+00 +2.119132846e+02 +2.119132846e+02 +4.7380e-02 -3.6369e-01 +3.8597e-01
3433 0 +3.667166986e+00 +2.118471670e+02 +2.118471670e+02 -1.1348e-01 -2.7994e-01 +3.9303e-01
3453 0 +3.600492458e+00 +2.117804925e+02 +2.117804925e+02 -2.7528e-01 -1.7851e-01 +4.2421e-01
10413 0 +3.197832658e+00 +2.113778327e+02 +2.113778327e+02 +1.9333e-01 -2.1514e+00 +2.0882e-01
10539 0 +1.846487438e+00 +2.100264874e+02 +2.100264874e+02 -2.3373e-01 -2.0240e+00 +7.2089e-01
10655 0 +1.323350836e+00 +2.095033508e+02 +2.095033508e+02 -1.6031e+00 -2.0268e+00 +3.4830e-01
10693 0 +1.085509205e+00 +2.092655092e+02 +2.092655092e+02 -2.1985e+00 -1.3181e+00 -1.0534e-01
10748 0 +9.519299819e-01 +2.091319300e+02 +2.091319300e+02 -2.1945e+00 -1.3897e+00 -2.2124e-01
10809 0 +4.558750931e-01 +2.086358751e+02 +2.086358751e+02 -2.4325e+00 -1.5201e+00 +1.7233e-01
10830 0 +2.158954201e-01 +2.083958954e+02 +2.083958954e+02 -2.0301e+00 -1.5939e+00 +1.5830e-01
10938 0 +1.647520520e-01 +2.083447521e+02 +2.083447521e+02 -2.1496e+00 -1.4538e+00 +1.6454e-01
10996 0 +1.224615122e-01 +2.083024615e+02 +2.083024615e+02 -2.3613e+00 -1.4280e+00 +6.7698e-02
11035 0 +7.226121800e-02 +2.082522612e+02 +2.082522612e+02 -2.4215e+00 -1.4040e+00 +1.0228e-01
11134 0 +6.795210492e-02 +2.082479521e+02 +2.082479521e+02 -2.3705e+00 -1.4381e+00 +8.1086e-02
11153 0 +6.388455717e-02 +2.082438846e+02 +2.082438846e+02 -2.4068e+00 -1.4564e+00 +8.0543e-02
11171 0 +3.358107808e-02 +2.082135811e+02 +2.082135811e+02 -2.3778e+00 -1.4537e+00 +1.0933e-01
11261 0 +1.877313246e-02 +2.081987731e+02 +2.081987731e+02 -2.3907e+00 -1.4257e+00 +1.1863e-01
11418 0 +1.520478179e-02 +2.081952048e+02 +2.081952048e+02 -2.3877e+00 -1.4318e+00 +1.1379e-01
11527 0 +7.777161849e-03 +2.081877772e+02 +2.081877772e+02 -2.3858e+00 -1.4330e+00 +1.1573e-01
11567 0 +3.671190256e-03 +2.081836712e+02 +2.081836712e+02 -2.3849e+00 -1.4361e+00 +1.1554e-01
11684 0 +3.596954352e-03 +2.081835970e+02 +2.081835970e+02 -2.3846e+00 -1.4363e+00 +1.1610e-01
11703 0 +3.283544485e-03 +2.081832835e+02 +2.081832835e+02 -2.3829e+00 -1.4343e+00 +1.1611e-01
11738 0 +5.443147226e-04 +2.081805443e+02 +2.081805443e+02 -2.3832e+00 -1.4355e+00 +1.1700e-01
14287 0 +3.243565494e-04 +2.081803244e+02 +2.081803244e+02 -2.3833e+00 -1.4351e+00 +1.1684e-01
14363 0 +3.215413416e-04 +2.081803215e+02 +2.081803215e+02 -2.3833e+00 -1.4352e+00 +1.1685e-01
14378 0 +1.801350041e-04 +2.081801801e+02 +2.081801801e+02 -2.3832e+00 -1.4352e+00 +1.1675e-01
27317 0 +1.631826288e-04 +2.081801632e+02 +2.081801632e+02 -2.3830e+00 -1.4353e+00 +1.1682e-01
34120 0 +1.376587904e-04 +2.081801377e+02 +2.081801377e+02 -2.3833e+00 -1.4352e+00 +1.1679e-01
34142 0 +1.269392702e-04 +2.081801269e+02 +2.081801269e+02 -2.3832e+00 -1.4352e+00 +1.1681e-01
34143 0 +8.995532650e-05 +2.081800900e+02 +2.081800900e+02 -2.3832e+00 -1.4352e+00 +1.1682e-01
34252 0 +6.415674991e-05 +2.081800642e+02 +2.081800642e+02 -2.3831e+00 -1.4352e+00 +1.1681e-01
34273 0 +3.212034778e-05 +2.081800321e+02 +2.081800321e+02 -2.3832e+00 -1.4352e+00 +1.1679e-01
34385 0 +3.143226385e-05 +2.081800314e+02 +2.081800314e+02 -2.3832e+00 -1.4352e+00 +1.1680e-01
34388 0 +2.990766316e-05 +2.081800299e+02 +2.081800299e+02 -2.3832e+00 -1.4352e+00 +1.1680e-01
34407 0 +2.341466850e-05 +2.081800234e+02 +2.081800234e+02 -2.3832e+00 -1.4352e+00 +1.1680e-01
34465 0 +1.813404199e-05 +2.081800181e+02 +2.081800181e+02 -2.3832e+00 -1.4352e+00 +1.1680e-01
34481 0 +1.394094431e-05 +2.081800139e+02 +2.081800139e+02 -2.3832e+00 -1.4352e+00 +1.1680e-01
34519 0 +1.168870506e-05 +2.081800117e+02 +2.081800117e+02 -2.3832e+00 -1.4352e+00 +1.1680e-01
34541 0 +1.069865738e-05 +2.081800107e+02 +2.081800107e+02 -2.3832e+00 -1.4352e+00 +1.1679e-01
34578 0 +1.029820834e-05 +2.081800103e+02 +2.081800103e+02 -2.3832e+00 -1.4352e+00 +1.1680e-01
34612 0 +3.497794324e-06 +2.081800035e+02 +2.081800035e+02 -2.3832e+00 -1.4352e+00 +1.1680e-01
34674 0 +1.711375717e-06 +2.081800017e+02 +2.081800017e+02 -2.3832e+00 -1.4352e+00 +1.1680e-01
34692 0 +1.544750404e-06 +2.081800015e+02 +2.081800015e+02 -2.3832e+00 -1.4352e+00 +1.1680e-01
34746 0 +4.112454235e-07 +2.081800004e+02 +2.081800004e+02 -2.3832e+00 -1.4352e+00 +1.1680e-01
34862 0 +2.998330615e-07 +2.081800003e+02 +2.081800003e+02 -2.3832e+00 -1.4352e+00 +1.1680e-01
34996 0 +2.679995816e-07 +2.081800003e+02 +2.081800003e+02 -2.3832e+00 -1.4352e+00 +1.1680e-01
35013 0 +1.956393874e-07 +2.081800002e+02 +2.081800002e+02 -2.3832e+00 -1.4352e+00 +1.1680e-01
35144 0 +1.827605445e-07 +2.081800002e+02 +2.081800002e+02 -2.3832e+00 -1.4352e+00 +1.1680e-01
35202 0 +1.547759041e-07 +2.081800002e+02 +2.081800002e+02 -2.3832e+00 -1.4352e+00 +1.1680e-01
35223 0 +1.427135885e-07 +2.081800001e+02 +2.081800001e+02 -2.3832e+00 -1.4352e+00 +1.1680e-01
35259 0 +9.747932950e-08 +2.081800001e+02 +2.081800001e+02 -2.3832e+00 -1.4352e+00 +1.1680e-01
35280 0 +2.101074870e-08 +2.081800000e+02 +2.081800000e+02 -2.3832e+00 -1.4352e+00 +1.1680e-01
35378 0 +1.306898412e-08 +2.081800000e+02 +2.081800000e+02 -2.3832e+00 -1.4352e+00 +1.1680e-01
35412 0 +1.257745907e-08 +2.081800000e+02 +2.081800000e+02 -2.3832e+00 -1.4352e+00 +1.1680e-01
35472 0 +8.922825145e-09 +2.081800000e+02 +2.081800000e+02 -2.3832e+00 -1.4352e+00 +1.1680e-01
