% f evaluations | g evaluations | best noise-free fitness - Fopt (1.000000000000e+03) + sum g_i+ | measured fitness | best measured fitness or single-digit g-values | x1 | x2...
1 0 +4.728298411e+03 +5.728298411e+03 +5.728298411e+03
2 0 +3.117301450e+03 +4.117301450e+03 +4.117301450e+03
3 0 +2.701185727e+03 +3.701185727e+03 +3.701185727e+03
4 0 +2.665884958e+03 +3.665884958e+03 +3.665884958e+03
5 0 +2.054503939e+03 +3.054503939e+03 +3.054503939e+03
14 0 +1.820232266e+03 +2.820232266e+03 +2.820232266e+03
24 0 +1.549903366e+03 +2.549903366e+03 +2.549903366e+03
27 0 +1.490583686e+03 +2.490583686e+03 +2.490583686e+03
60 0 +1.447539905e+03 +2.447539905e+03 +2.447539905e+03
65 0 +1.432579259e+03 +2.432579259e+03 +2.432579259e+03
66 0 +1.372673622e+03 +2.372673622e+03 +2.372673622e+03
70 0 +1.293307999e+03 +2.293307999e+03 +2.293307999e+03
85 0 +1.212301402e+03 +2.212301402e+03 +2.212301402e+03
104 0 +1.109069180e+03 +2.109069180e+03 +2.109069180e+03
120 0 +1.080489228e+03 +2.080489228e+03 +2.080489228e+03
140 0 +1.030295178e+03 +2.030295178e+03 +2.030295178e+03
158 0 +9.749585980e+02 +1.974958598e+03 +1.974958598e+03
163 0 +7.955859277e+02 +1.795585928e+03 +1.795585928e+03
262 0 +7.251809408e+02 +1.725180941e+03 +1.725180941e+03
424 0 +7.149832692e+02 +1.714983269e+03 +1.714983269e+03
429 0 +6.815842256e+02 +1.681584226e+03 +1.681584226e+03
446 0 +6.697722318e+02 +1.669772232e+03 +1.669772232e+03
469 0 +6.147669686e+02 +1.614766969e+03 +1.614766969e+03
470 0 +5.984999642e+02 +1.598499964e+03 +1.598499964e+03
484 0 +5.242718804e+02 +1.524271880e+03 +1.524271880e+03
546 0 +5.057390961e+02 +1.505739096e+03 +1.505739096e+03
551 0 +4.750463019e+02 +1.475046302e+03 +1.475046302e+03
714 0 +4.550654449e+02 +1.455065445e+03 +1.455065445e+03
732 0 +4.398027235e+02 +1.439802724e+03 +1.439802724e+03
929 0 +4.179601680e+02 +1.417960168e+03 +1.417960168e+03
1007 0 +4.025483971e+02 +1.402548397e+03 +1.402548397e+03
1209 0 +3.732404822e+02 +1.373240482e+03 +1.373240482e+03
1880 0 +3.422442523e+02 +1.342244252e+03 +1.342244252e+03
2118 0 +3.325747984e+02 +1.332574798e+03 +1.332574798e+03
2135 0 +3.189516130e+02 +1.318951613e+03 +1.318951613e+03
2943 0 +3.032446602e+02 +1.303244660e+03 +1.303244660e+03
3705 0 +2.951356916e+02 +1.295135692e+03 +1.295135692e+03
3877 0 +2.837230494e+02 +1.283723049e+03 +1.283723049e+03
3965 0 +2.795333710e+02 +1.279533371e+03 +1.279533371e+03
4000 0 +2.515750199e+02 +1.251575020e+03 +1.251575020e+03
4060 0 +2.483777759e+02 +1.248377776e+03 +1.248377776e+03
4107 0 +2.286383733e+02 +1.228638373e+03 +1.228638373e+03
4152 0 +1.952277390e+02 +1.195227739e+03 +1.195227739e+03
4216 0 +1.821267251e+02 +1.182126725e+03 +1.182126725e+03
4332 0 +1.746787541e+02 +1.174678754e+03 +1.174678754e+03
4351 0 +1.697196290e+02 +1.169719629e+03 +1.169719629e+03
4359 0 +1.630569891e+02 +1.163056989e+03 +1.163056989e+03
4365 0 +1.596120225e+02 +1.159612022e+03 +1.159612022e+03
4384 0 +1.529740375e+02 +1.152974037e+03 +1.152974037e+03
4398 0 +1.466833882e+02 +1.146683388e+03 +1.146683388e+03
4446 0 +1.334593476e+02 +1.133459348e+03 +1.133459348e+03
4512 0 +1.283130679e+02 +1.128313068e+03 +1.128313068e+03
4521 0 +1.254939381e+02 +1.125493938e+03 +1.125493938e+03
4562 0 +1.208882677e+02 +1.120888268e+03 +1.120888268e+03
4565 0 +1.167436401e+02 +1.116743640e+03 +1.116743640e+03
4625 0 +1.125678973e+02 +1.112567897e+03 +1.112567897e+03
4643 0 +1.090858816e+02 +1.109085882e+03 +1.109085882e+03
4694 0 +1.058120089e+02 +1.105812009e+03 +1.105812009e+03
4746 0 +1.021644252e+02 +1.102164425e+03 +1.102164425e+03
4794 0 +9.843021672e+01 +1.098430217e+03 +1.098430217e+03
4812 0 +9.730345331e+01 +1.097303453e+03 +1.097303453e+03
4825 0 +9.306311368e+01 +1.093063114e+03 +1.093063114e+03
4917 0 +8.636404512e+01 +1.086364045e+03 +1.086364045e+03
4952 0 +8.494159105e+01 +1.084941591e+03 +1.084941591e+03
5051 0 +8.294666290e+01 +1.082946663e+03 +1.082946663e+03
5164 0 +8.053246702e+01 +1.080532467e+03 +1.080532467e+03
5257 0 +7.919621445e+01 +1.079196214e+03 +1.079196214e+03
5404 0 +7.705279598e+01 +1.077052796e+03 +1.077052796e+03
5493 0 +7.585372153e+01 +1.075853722e+03 +1.075853722e+03
5776 0 +7.407623308e+01 +1.074076233e+03 +1.074076233e+03
37659 0 +7.200574381e+01 +1.072005744e+03 +1.072005744e+03
37695 0 +7.079107519e+01 +1.070791075e+03 +1.070791075e+03
37751 0 +6.887606418e+01 +1.068876064e+03 +1.068876064e+03
37837 0 +6.722979393e+01 +1.067229794e+03 +1.067229794e+03
37986 0 +6.605067025e+01 +1.066050670e+03 +1.066050670e+03
38215 0 +6.453291063e+01 +1.064532911e+03 +1.064532911e+03
38712 0 +6.304491753e+01 +1.063044918e+03 +1.063044918e+03
% f evaluations | g evaluations | best noise-free fitness - Fopt (7.003000000000e+01) + sum g_i+ | measured fitness | best measured fitness or single-digit g-values | x1 | x2...
1 0 +2.174709100e+03 +2.244739100e+03 +2.244739100e+03
5 0 +1.924753284e+03 +1.994783284e+03 +1.994783284e+03
9 0 +1.794518135e+03 +1.864548135e+03 +1.864548135e+03
21 0 +1.774793102e+03 +1.844823102e+03 +1.844823102e+03
26 0 +1.324040367e+03 +1.394070367e+03 +1.394070367e+03
50 0 +1.209077061e+03 +1.279107061e+03 +1.279107061e+03
66 0 +1.046053049e+03 +1.116083049e+03 +1.116083049e+03
92 0 +1.022653568e+03 +1.092683568e+03 +1.092683568e+03
97 0 +9.921340771e+02 +1.062164077e+03 +1.062164077e+03
117 0 +9.208376023e+02 +9.908676023e+02 +9.908676023e+02
175 0 +8.757999056e+02 +9.458299056e+02 +9.458299056e+02
176 0 +7.559220775e+02 +8.259520775e+02 +8.259520775e+02
284 0 +7.288092718e+02 +7.988392718e+02 +7.988392718e+02
286 0 +5.935596279e+02 +6.635896279e+02 +6.635896279e+02
497 0 +5.839595302e+02 +6.539895302e+02 +6.539895302e+02
566 0 +5.660243137e+02 +6.360543137e+02 +6.360543137e+02
590 0 +5.227308593e+02 +5.927608593e+02 +5.927608593e+02
626 0 +4.979371635e+02 +5.679671635e+02 +5.679671635e+02
667 0 +4.613808334e+02 +5.314108334e+02 +5.314108334e+02
677 0 +4.412418357e+02 +5.112718357e+02 +5.112718357e+02
709 0 +4.236979289e+02 +4.937279289e+02 +4.937279289e+02
893 0 +4.090218557e+02 +4.790518557e+02 +4.790518557e+02
916 0 +3.852606679e+02 +4.552906679e+02 +4.552906679e+02
967 0 +3.578143757e+02 +4.278443757e+02 +4.278443757e+02
1155 0 +3.423159468e+02 +4.123459468e+02 +4.123459468e+02
2120 0 +3.385727994e+02 +4.086027994e+02 +4.086027994e+02
2647 0 +3.307205989e+02 +4.007505989e+02 +4.007505989e+02
3456 0 +2.919399822e+02 +3.619699822e+02 +3.619699822e+02
3624 0 +2.799393146e+02 +3.499693146e+02 +3.499693146e+02
3790 0 +2.582800287e+02 +3.283100287e+02 +3.283100287e+02
3816 0 +2.538079709e+02 +3.238379709e+02 +3.238379709e+02
3960 0 +2.452424679e+02 +3.152724679e+02 +3.152724679e+02
3996 0 +2.257776343e+02 +2.958076343e+02 +2.958076343e+02
4029 0 +2.131419012e+02 +2.831719012e+02 +2.831719012e+02
4066 0 +2.009780127e+02 +2.710080127e+02 +2.710080127e+02
4081 0 +1.951228701e+02 +2.651528701e+02 +2.651528701e+02
4108 0 +1.937975389e+02 +2.638275389e+02 +2.638275389e+02
4117 0 +1.905282799e+02 +2.605582799e+02 +2.605582799e+02
4133 0 +1.847723870e+02 +2.548023870e+02 +2.548023870e+02
4166 0 +1.759979924e+02 +2.460279924e+02 +2.460279924e+02
4202 0 +1.611343516e+02 +2.311643516e+02 +2.311643516e+02
4230 0 +1.556861107e+02 +2.257161107e+02 +2.257161107e+02
4249 0 +1.469102324e+02 +2.169402324e+02 +2.169402324e+02
4279 0 +1.409254107e+02 +2.109554107e+02 +2.109554107e+02
4310 0 +1.283926782e+02 +1.984226782e+02 +1.984226782e+02
4421 0 +1.248064837e+02 +1.948364837e+02 +1.948364837e+02
4459 0 +1.142427041e+02 +1.842727041e+02 +1.842727041e+02
4565 0 +1.117279431e+02 +1.817579431e+02 +1.817579431e+02
4602 0 +1.092935930e+02 +1.793235930e+02 +1.793235930e+02
4630 0 +1.067575440e+02 +1.767875440e+02 +1.767875440e+02
4641 0 +9.853710996e+01 +1.685671100e+02 +1.685671100e+02
4721 0 +9.370905249e+01 +1.637390525e+02 +1.637390525e+02
4795 0 +9.241538795e+01 +1.624453880e+02 +1.624453880e+02
4822 0 +9.052047719e+01 +1.605504772e+02 +1.605504772e+02
5012 0 +8.880557392e+01 +1.588355739e+02 +1.588355739e+02
5071 0 +8.698285850e+01 +1.570128585e+02 +1.570128585e+02
5081 0 +8.511077556e+01 +1.551407756e+02 +1.551407756e+02
5167 0 +8.314883649e+01 +1.531788365e+02 +1.531788365e+02
5954 0 +8.126284439e+01 +1.512928444e+02 +1.512928444e+02
100091 0 +7.926928753e+01 +1.492992875e+02 +1.492992875e+02
100202 0 +7.752143272e+01 +1.475514327e+02 +1.475514327e+02
101159 0 +7.577473941e+01 +1.458047394e+02 +1.458047394e+02
% f evaluations | g evaluations | best noise-free fitness - Fopt (-4.822000000000e+01) + sum g_i+ | measured fitness | best measured fitness or single-digit g-values | x1 | x2...
1 0 +2.693636222e+03 +2.645416222e+03 +2.645416222e+03
3 0 +2.333901345e+03 +2.285681345e+03 +2.285681345e+03
6 0 +1.994836949e+03 +1.946616949e+03 +1.946616949e+03
7 0 +1.731805070e+03 +1.683585070e+03 +1.683585070e+03
16 0 +1.297605793e+03 +1.249385793e+03 +1.249385793e+03
43 0 +1.121150006e+03 +1.072930006e+03 +1.072930006e+03
127 0 +1.022597890e+03 +9.743778904e+02 +9.743778904e+02
170 0 +8.976045983e+02 +8.493845983e+02 +8.493845983e+02
176 0 +8.655196380e+02 +8.172996380e+02 +8.172996380e+02
190 0 +7.922212065e+02 +7.440012065e+02 +7.440012065e+02
223 0 +7.739202918e+02 +7.257002918e+02 +7.257002918e+02
290 0 +7.522997259e+02 +7.040797259e+02 +7.040797259e+02
296 0 +7.158152838e+02 +6.675952838e+02 +6.675952838e+02
306 0 +6.987940806e+02 +6.505740806e+02 +6.505740806e+02
314 0 +6.759547096e+02 +6.277347096e+02 +6.277347096e+02
320 0 +6.113059619e+02 +5.630859619e+02 +5.630859619e+02
396 0 +5.962066124e+02 +5.479866124e+02 +5.479866124e+02
456 0 +5.580631129e+02 +5.098431129e+02 +5.098431129e+02
539 0 +5.476521040e+02 +4.994321040e+02 +4.994321040e+02
545 0 +5.209705447e+02 +4.727505447e+02 +4.727505447e+02
586 0 +5.039063777e+02 +4.556863777e+02 +4.556863777e+02
609 0 +4.728380728e+02 +4.246180728e+02 +4.246180728e+02
728 0 +4.348259266e+02 +3.866059266e+02 +3.866059266e+02
846 0 +4.123191771e+02 +3.640991771e+02 +3.640991771e+02
915 0 +4.017430181e+02 +3.535230181e+02 +3.535230181e+02
1094 0 +3.942309445e+02 +3.460109445e+02 +3.460109445e+02
1174 0 +3.759156096e+02 +3.276956096e+02 +3.276956096e+02
1666 0 +3.615789592e+02 +3.133589592e+02 +3.133589592e+02
1674 0 +3.497008231e+02 +3.014808231e+02 +3.014808231e+02
2065 0 +3.423034275e+02 +2.940834275e+02 +2.940834275e+02
2291 0 +3.319166100e+02 +2.836966100e+02 +2.836966100e+02
2307 0 +3.267208941e+02 +2.785008941e+02 +2.785008941e+02
2344 0 +3.224744126e+02 +2.742544126e+02 +2.742544126e+02
2365 0 +2.872237027e+02 +2.390037027e+02 +2.390037027e+02
2658 0 +2.738463374e+02 +2.256263374e+02 +2.256263374e+02
2693 0 +2.663729009e+02 +2.181529009e+02 +2.181529009e+02
2715 0 +2.543697611e+02 +2.061497611e+02 +2.061497611e+02
2719 0 +2.433738401e+02 +1.951538401e+02 +1.951538401e+02
2745 0 +2.381422816e+02 +1.899222816e+02 +1.899222816e+02
2748 0 +2.235721392e+02 +1.753521392e+02 +1.753521392e+02
2764 0 +2.001837675e+02 +1.519637675e+02 +1.519637675e+02
2834 0 +1.901234998e+02 +1.419034998e+02 +1.419034998e+02
2878 0 +1.729668878e+02 +1.247468878e+02 +1.247468878e+02
2943 0 +1.466402422e+02 +9.842024220e+01 +9.842024220e+01
3066 0 +1.345380522e+02 +8.631805222e+01 +8.631805222e+01
3103 0 +1.317145298e+02 +8.349452982e+01 +8.349452982e+01
3158 0 +1.244172094e+02 +7.619720943e+01 +7.619720943e+01
3362 0 +1.225104350e+02 +7.429043504e+01 +7.429043504e+01
3371 0 +1.195398043e+02 +7.131980431e+01 +7.131980431e+01
3415 0 +1.171956392e+02 +6.897563918e+01 +6.897563918e+01
3473 0 +1.138232099e+02 +6.560320993e+01 +6.560320993e+01
3501 0 +1.120859833e+02 +6.386598334e+01 +6.386598334e+01
3535 0 +1.074123779e+02 +5.919237789e+01 +5.919237789e+01
3649 0 +1.068237375e+02 +5.860373748e+01 +5.860373748e+01
3707 0 +1.045952983e+02 +5.637529831e+01 +5.637529831e+01
3780 0 +1.017879165e+02 +5.356791648e+01 +5.356791648e+01
3868 0 +9.860666248e+01 +5.038666248e+01 +5.038666248e+01
3948 0 +9.607895352e+01 +4.785895352e+01 +4.785895352e+01
4057 0 +9.530930638e+01 +4.708930638e+01 +4.708930638e+01
4141 0 +9.315326856e+01 +4.493326856e+01 +4.493326856e+01
4202 0 +9.111905386e+01 +4.289905386e+01 +4.289905386e+01
4479 0 +8.905933714e+01 +4.083933714e+01 +4.083933714e+01
4697 0 +8.706606739e+01 +3.884606739e+01 +3.884606739e+01
4997 0 +8.495175024e+01 +3.673175024e+01 +3.673175024e+01
35663 0 +8.239065188e+01 +3.417065188e+01 +3.417065188e+01
35820 0 +8.108728844e+01 +3.286728844e+01 +3.286728844e+01
36041 0 +7.930501007e+01 +3.108501007e+01 +3.108501007e+01
36496 0 +7.761466321e+01 +2.939466321e+01 +2.939466321e+01
83635 0 +7.579923934e+01 +2.757923934e+01 +2.757923934e+01
83993 0 +7.402426830e+01 +2.580426830e+01 +2.580426830e+01
100453 0 +7.095466878e+01 +2.273466878e+01 +2.273466878e+01
100457 0 +6.667389251e+01 +1.845389251e+01 +1.845389251e+01
100561 0 +6.572230609e+01 +1.750230609e+01 +1.750230609e+01
100610 0 +6.436581581e+01 +1.614581581e+01 +1.614581581e+01
100673 0 +6.306165708e+01 +1.484165708e+01 +1.484165708e+01
100722 0 +6.143290894e+01 +1.321290894e+01 +1.321290894e+01
100947 0 +6.013623588e+01 +1.191623588e+01 +1.191623588e+01
101012 0 +5.867269839e+01 +1.045269839e+01 +1.045269839e+01
101149 0 +5.746336667e+01 +9.243366666e+00 +9.243366666e+00
101491 0 +5.618205115e+01 +7.962051149e+00 +7.962051149e+00
% f evaluations | g evaluations | best noise-free fitness - Fopt (2.547000000000e+01) + sum g_i+ | measured fitness | best measured fitness or single-digit g-values | x1 | x2...
1 0 +1.745708292e+03 +1.771178292e+03 +1.771178292e+03
8 0 +1.185833566e+03 +1.211303566e+03 +1.211303566e+03
46 0 +1.141728755e+03 +1.167198755e+03 +1.167198755e+03
83 0 +1.016640316e+03 +1.042110316e+03 +1.042110316e+03
84 0 +9.428229175e+02 +9.682929175e+02 +9.682929175e+02
111 0 +9.113783480e+02 +9.368483480e+02 +9.368483480e+02
136 0 +8.828300430e+02 +9.083000430e+02 +9.083000430e+02
152 0 +8.337713565e+02 +8.592413565e+02 +8.592413565e+02
176 0 +8.251204640e+02 +8.505904640e+02 +8.505904640e+02
177 0 +7.087874579e+02 +7.342574579e+02 +7.342574579e+02
219 0 +6.742906481e+02 +6.997606481e+02 +6.997606481e+02
376 0 +5.907979262e+02 +6.162679262e+02 +6.162679262e+02
435 0 +5.746133292e+02 +6.000833292e+02 +6.000833292e+02
463 0 +5.439967491e+02 +5.694667491e+02 +5.694667491e+02
491 0 +5.133175983e+02 +5.387875983e+02 +5.387875983e+02
516 0 +4.732000318e+02 +4.986700318e+02 +4.986700318e+02
528 0 +4.261338043e+02 +4.516038043e+02 +4.516038043e+02
583 0 +3.855340597e+02 +4.110040597e+02 +4.110040597e+02
1465 0 +3.656301100e+02 +3.911001100e+02 +3.911001100e+02
2022 0 +3.416361583e+02 +3.671061583e+02 +3.671061583e+02
2097 0 +3.194985038e+02 +3.449685038e+02 +3.449685038e+02
2836 0 +2.810849910e+02 +3.065549910e+02 +3.065549910e+02
3024 0 +2.138482859e+02 +2.393182859e+02 +2.393182859e+02
3098 0 +1.979470017e+02 +2.234170017e+02 +2.234170017e+02
3235 0 +1.888051939e+02 +2.142751939e+02 +2.142751939e+02
3254 0 +1.729468414e+02 +1.984168414e+02 +1.984168414e+02
3325 0 +1.662165401e+02 +1.916865401e+02 +1.916865401e+02
3361 0 +1.639307171e+02 +1.894007171e+02 +1.894007171e+02
3469 0 +1.598390941e+02 +1.853090941e+02 +1.853090941e+02
3512 0 +1.529127637e+02 +1.783827637e+02 +1.783827637e+02
3529 0 +1.487670385e+02 +1.742370385e+02 +1.742370385e+02
3564 0 +1.440943029e+02 +1.695643029e+02 +1.695643029e+02
3632 0 +1.404973503e+02 +1.659673503e+02 +1.659673503e+02
3633 0 +1.351783540e+02 +1.606483540e+02 +1.606483540e+02
3705 0 +1.341736097e+02 +1.596436097e+02 +1.596436097e+02
3713 0 +1.234928080e+02 +1.489628080e+02 +1.489628080e+02
3724 0 +1.229602888e+02 +1.484302888e+02 +1.484302888e+02
3755 0 +1.196504660e+02 +1.451204660e+02 +1.451204660e+02
3768 0 +1.172782385e+02 +1.427482385e+02 +1.427482385e+02
3793 0 +1.135645044e+02 +1.390345044e+02 +1.390345044e+02
3800 0 +1.087220156e+02 +1.341920156e+02 +1.341920156e+02
3871 0 +9.939194619e+01 +1.248619462e+02 +1.248619462e+02
4044 0 +9.734643956e+01 +1.228164396e+02 +1.228164396e+02
4123 0 +9.027564701e+01 +1.157456470e+02 +1.157456470e+02
4235 0 +8.771912924e+01 +1.131891292e+02 +1.131891292e+02
4328 0 +8.657151656e+01 +1.120415166e+02 +1.120415166e+02
4430 0 +8.436508566e+01 +1.098350857e+02 +1.098350857e+02
4585 0 +8.298072865e+01 +1.084507286e+02 +1.084507286e+02
4810 0 +8.111302257e+01 +1.065830226e+02 +1.065830226e+02
5213 0 +7.936336671e+01 +1.048333667e+02 +1.048333667e+02
39937 0 +7.762267446e+01 +1.030926745e+02 +1.030926745e+02
40065 0 +7.579772661e+01 +1.012677266e+02 +1.012677266e+02
40408 0 +7.413018350e+01 +9.960018350e+01 +9.960018350e+01
91775 0 +7.244303400e+01 +9.791303400e+01 +9.791303400e+01
91816 0 +7.015632060e+01 +9.562632060e+01 +9.562632060e+01
91871 0 +6.860201516e+01 +9.407201516e+01 +9.407201516e+01
91924 0 +6.754742794e+01 +9.301742794e+01 +9.301742794e+01
92031 0 +6.589004446e+01 +9.136004446e+01 +9.136004446e+01
92100 0 +6.456488270e+01 +9.003488270e+01 +9.003488270e+01
92163 0 +6.308752020e+01 +8.855752020e+01 +8.855752020e+01
92379 0 +6.143559019e+01 +8.690559019e+01 +8.690559019e+01
92760 0 +6.024229190e+01 +8.571229190e+01 +8.571229190e+01
% f evaluations | g evaluations | best noise-free fitness - Fopt (-1.008100000000e+02) + sum g_i+ | measured fitness | best measured fitness or single-digit g-values | x1 | x2...
1 0 +2.247685479e+03 +2.146875479e+03 +2.146875479e+03
4 0 +2.145319687e+03 +2.044509687e+03 +2.044509687e+03
7 0 +1.605489718e+03 +1.504679718e+03 +1.504679718e+03
14 0 +1.354412527e+03 +1.253602527e+03 +1.253602527e+03
36 0 +1.290411561e+03 +1.189601561e+03 +1.189601561e+03
53 0 +1.254973228e+03 +1.154163228e+03 +1.154163228e+03
69 0 +1.056408810e+03 +9.555988101e+02 +9.555988101e+02
76 0 +1.038185276e+03 +9.373752756e+02 +9.373752756e+02
102 0 +9.176775717e+02 +8.168675717e+02 +8.168675717e+02
119 0 +9.116605477e+02 +8.108505477e+02 +8.108505477e+02
134 0 +8.197937650e+02 +7.189837650e+02 +7.189837650e+02
199 0 +7.735801982e+02 +6.727701982e+02 +6.727701982e+02
226 0 +6.948824437e+02 +5.940724437e+02 +5.940724437e+02
238 0 +6.800279117e+02 +5.792179117e+02 +5.792179117e+02
268 0 +6.682934179e+02 +5.674834179e+02 +5.674834179e+02
315 0 +5.677468956e+02 +4.669368956e+02 +4.669368956e+02
450 0 +5.151998997e+02 +4.143898997e+02 +4.143898997e+02
464 0 +5.118978640e+02 +4.110878640e+02 +4.110878640e+02
633 0 +4.933631084e+02 +3.925531084e+02 +3.925531084e+02
651 0 +4.297143207e+02 +3.289043207e+02 +3.289043207e+02
847 0 +3.895091098e+02 +2.886991098e+02 +2.886991098e+02
1235 0 +3.744306447e+02 +2.736206447e+02 +2.736206447e+02
1575 0 +3.692158285e+02 +2.684058285e+02 +2.684058285e+02
1614 0 +3.630269774e+02 +2.622169774e+02 +2.622169774e+02
2186 0 +3.544662234e+02 +2.536562234e+02 +2.536562234e+02
2847 0 +3.290965439e+02 +2.282865439e+02 +2.282865439e+02
4080 0 +2.854864898e+02 +1.846764898e+02 +1.846764898e+02
4140 0 +2.722008045e+02 +1.713908045e+02 +1.713908045e+02
4286 0 +2.629801658e+02 +1.621701658e+02 +1.621701658e+02
4367 0 +2.483913250e+02 +1.475813250e+02 +1.475813250e+02
4468 0 +2.329073512e+02 +1.320973512e+02 +1.320973512e+02
4502 0 +2.278938548e+02 +1.270838548e+02 +1.270838548e+02
4528 0 +2.200943624e+02 +1.192843624e+02 +1.192843624e+02
4539 0 +2.155199084e+02 +1.147099084e+02 +1.147099084e+02
4553 0 +2.056578507e+02 +1.048478507e+02 +1.048478507e+02
4556 0 +1.960437408e+02 +9.523374083e+01 +9.523374083e+01
4609 0 +1.831373907e+02 +8.232739074e+01 +8.232739074e+01
4633 0 +1.733579642e+02 +7.254796422e+01 +7.254796422e+01
4653 0 +1.695366963e+02 +6.872669635e+01 +6.872669635e+01
4672 0 +1.654125382e+02 +6.460253820e+01 +6.460253820e+01
4682 0 +1.443572157e+02 +4.354721569e+01 +4.354721569e+01
4902 0 +1.364073086e+02 +3.559730863e+01 +3.559730863e+01
4941 0 +1.310722527e+02 +3.026225274e+01 +3.026225274e+01
4966 0 +1.274111813e+02 +2.660118130e+01 +2.660118130e+01
5009 0 +1.197135354e+02 +1.890353540e+01 +1.890353540e+01
5122 0 +1.169233887e+02 +1.611338874e+01 +1.611338874e+01
5187 0 +1.144794091e+02 +1.366940913e+01 +1.366940913e+01
5293 0 +1.109705997e+02 +1.016059972e+01 +1.016059972e+01
5391 0 +1.096323252e+02 +8.822325165e+00 +8.822325165e+00
5526 0 +1.070538562e+02 +6.243856167e+00 +6.243856167e+00
5770 0 +1.047099776e+02 +3.899977590e+00 +3.899977590e+00
6118 0 +1.022097762e+02 +1.399776219e+00 +1.399776219e+00
10806 0 +9.789161900e+01 -2.918380996e+00 -2.918380996e+00
10817 0 +9.326078057e+01 -7.549219429e+00 -7.549219429e+00
26765 0 +8.744755941e+01 -1.336244059e+01 -1.336244059e+01
32301 0 +8.241141586e+01 -1.839858414e+01 -1.839858414e+01
% f evaluations | g evaluations | best noise-free fitness - Fopt (7.739000000000e+01) + sum g_i+ | measured fitness | best measured fitness or single-digit g-values | x1 | x2...
1 0 +2.783094428e+03 +2.860484428e+03 +2.860484428e+03
2 0 +1.878386026e+03 +1.955776026e+03 +1.955776026e+03
5 0 +1.794386380e+03 +1.871776380e+03 +1.871776380e+03
14 0 +1.544207161e+03 +1.621597161e+03 +1.621597161e+03
35 0 +1.496276454e+03 +1.573666454e+03 +1.573666454e+03
41 0 +1.345812915e+03 +1.423202915e+03 +1.423202915e+03
70 0 +1.214078566e+03 +1.291468566e+03 +1.291468566e+03
89 0 +1.145276026e+03 +1.222666026e+03 +1.222666026e+03
115 0 +1.007918942e+03 +1.085308942e+03 +1.085308942e+03
142 0 +8.637543260e+02 +9.411443260e+02 +9.411443260e+02
155 0 +8.406743253e+02 +9.180643253e+02 +9.180643253e+02
196 0 +8.143826810e+02 +8.917726810e+02 +8.917726810e+02
225 0 +7.467987259e+02 +8.241887259e+02 +8.241887259e+02
237 0 +7.281878946e+02 +8.055778946e+02 +8.055778946e+02
240 0 +6.555255813e+02 +7.329155813e+02 +7.329155813e+02
292 0 +6.441617205e+02 +7.215517205e+02 +7.215517205e+02
295 0 +5.912258273e+02 +6.686158273e+02 +6.686158273e+02
375 0 +5.825524696e+02 +6.599424696e+02 +6.599424696e+02
402 0 +5.246864008e+02 +6.020764008e+02 +6.020764008e+02
425 0 +4.753544986e+02 +5.527444986e+02 +5.527444986e+02
606 0 +4.390985810e+02 +5.164885810e+02 +5.164885810e+02
634 0 +4.149158385e+02 +4.923058385e+02 +4.923058385e+02
758 0 +4.033935518e+02 +4.807835518e+02 +4.807835518e+02
903 0 +3.706225368e+02 +4.480125368e+02 +4.480125368e+02
1769 0 +3.600491595e+02 +4.374391595e+02 +4.374391595e+02
2759 0 +3.357904546e+02 +4.131804546e+02 +4.131804546e+02
3022 0 +3.271866227e+02 +4.045766227e+02 +4.045766227e+02
3041 0 +3.229812002e+02 +4.003712002e+02 +4.003712002e+02
3142 0 +2.887697448e+02 +3.661597448e+02 +3.661597448e+02
3155 0 +2.654803553e+02 +3.428703553e+02 +3.428703553e+02
3301 0 +2.540463687e+02 +3.314363687e+02 +3.314363687e+02
3303 0 +2.332662433e+02 +3.106562433e+02 +3.106562433e+02
3388 0 +2.255805102e+02 +3.029705102e+02 +3.029705102e+02
3469 0 +2.175976804e+02 +2.949876804e+02 +2.949876804e+02
3495 0 +2.076013845e+02 +2.849913845e+02 +2.849913845e+02
3537 0 +1.868462592e+02 +2.642362592e+02 +2.642362592e+02
3541 0 +1.825224949e+02 +2.599124949e+02 +2.599124949e+02
3562 0 +1.687365361e+02 +2.461265361e+02 +2.461265361e+02
3637 0 +1.613447520e+02 +2.387347520e+02 +2.387347520e+02
3664 0 +1.556603387e+02 +2.330503387e+02 +2.330503387e+02
3684 0 +1.505335531e+02 +2.279235531e+02 +2.279235531e+02
3703 0 +1.423285105e+02 +2.197185105e+02 +2.197185105e+02
3711 0 +1.394590449e+02 +2.168490449e+02 +2.168490449e+02
3722 0 +1.371397613e+02 +2.145297613e+02 +2.145297613e+02
3735 0 +1.332390040e+02 +2.106290040e+02 +2.106290040e+02
3830 0 +1.317615066e+02 +2.091515066e+02 +2.091515066e+02
3853 0 +1.270339181e+02 +2.044239181e+02 +2.044239181e+02
3915 0 +1.229095718e+02 +2.002995718e+02 +2.002995718e+02
3930 0 +1.199616209e+02 +1.973516209e+02 +1.973516209e+02
4002 0 +1.164123578e+02 +1.938023578e+02 +1.938023578e+02
4024 0 +1.147707948e+02 +1.921607948e+02 +1.921607948e+02
4102 0 +1.109800721e+02 +1.883700721e+02 +1.883700721e+02
4203 0 +1.087974097e+02 +1.861874097e+02 +1.861874097e+02
4283 0 +1.069233224e+02 +1.843133224e+02 +1.843133224e+02
4425 0 +1.044918116e+02 +1.818818116e+02 +1.818818116e+02
4665 0 +1.022481484e+02 +1.796381484e+02 +1.796381484e+02
19614 0 +9.989139573e+01 +1.772813957e+02 +1.772813957e+02
19705 0 +9.755691755e+01 +1.749469175e+02 +1.749469175e+02
19712 0 +9.246898624e+01 +1.698589862e+02 +1.698589862e+02
19749 0 +9.066310377e+01 +1.680531038e+02 +1.680531038e+02
19778 0 +8.681566817e+01 +1.642056682e+02 +1.642056682e+02
19832 0 +8.473507024e+01 +1.621250702e+02 +1.621250702e+02
19859 0 +8.232635041e+01 +1.597163504e+02 +1.597163504e+02
19865 0 +8.106367852e+01 +1.584536785e+02 +1.584536785e+02
19923 0 +7.811327365e+01 +1.555032736e+02 +1.555032736e+02
20001 0 +7.754707550e+01 +1.549370755e+02 +1.549370755e+02
20038 0 +7.412456921e+01 +1.515145692e+02 +1.515145692e+02
20049 0 +6.948835840e+01 +1.468783584e+02 +1.468783584e+02
20145 0 +6.868925772e+01 +1.460792577e+02 +1.460792577e+02
20202 0 +6.722876434e+01 +1.446187643e+02 +1.446187643e+02
20231 0 +6.559359243e+01 +1.429835924e+02 +1.429835924e+02
20278 0 +6.441023613e+01 +1.418002361e+02 +1.418002361e+02
20452 0 +6.224176616e+01 +1.396317662e+02 +1.396317662e+02
20516 0 +6.164941196e+01 +1.390394120e+02 +1.390394120e+02
20641 0 +6.015426017e+01 +1.375442602e+02 +1.375442602e+02
20954 0 +5.885893649e+01 +1.362489365e+02 +1.362489365e+02
% f evaluations | g evaluations | best noise-free fitness - Fopt (-7.828000000000e+01) + sum g_i+ | measured fitness | best measured fitness or single-digit g-values | x1 | x2...
1 0 +2.916312192e+03 +2.838032192e+03 +2.838032192e+03
3 0 +2.237815467e+03 +2.159535467e+03 +2.159535467e+03
4 0 +1.798826940e+03 +1.720546940e+03 +1.720546940e+03
5 0 +1.419016861e+03 +1.340736861e+03 +1.340736861e+03
47 0 +1.333240638e+03 +1.254960638e+03 +1.254960638e+03
61 0 +1.125289734e+03 +1.047009734e+03 +1.047009734e+03
76 0 +1.066801814e+03 +9.885218136e+02 +9.885218136e+02
92 0 +9.633045502e+02 +8.850245502e+02 +8.850245502e+02
222 0 +8.681871178e+02 +7.899071178e+02 +7.899071178e+02
261 0 +8.412396755e+02 +7.629596755e+02 +7.629596755e+02
283 0 +7.205205938e+02 +6.422405938e+02 +6.422405938e+02
347 0 +6.774353284e+02 +5.991553284e+02 +5.991553284e+02
391 0 +5.621269876e+02 +4.838469876e+02 +4.838469876e+02
470 0 +5.338926519e+02 +4.556126519e+02 +4.556126519e+02
564 0 +5.228236251e+02 +4.445436251e+02 +4.445436251e+02
665 0 +4.489271683e+02 +3.706471683e+02 +3.706471683e+02
881 0 +4.241371171e+02 +3.458571171e+02 +3.458571171e+02
912 0 +4.136267877e+02 +3.353467877e+02 +3.353467877e+02
954 0 +3.738430632e+02 +2.955630632e+02 +2.955630632e+02
1302 0 +3.529101555e+02 +2.746301555e+02 +2.746301555e+02
2777 0 +3.401959681e+02 +2.619159681e+02 +2.619159681e+02
2972 0 +3.279872048e+02 +2.497072048e+02 +2.497072048e+02
3649 0 +3.177931217e+02 +2.395131217e+02 +2.395131217e+02
4663 0 +2.884748382e+02 +2.101948382e+02 +2.101948382e+02
5113 0 +2.881958346e+02 +2.099158346e+02 +2.099158346e+02
5155 0 +2.676426834e+02 +1.893626834e+02 +1.893626834e+02
5183 0 +2.571188385e+02 +1.788388385e+02 +1.788388385e+02
5284 0 +2.500543641e+02 +1.717743641e+02 +1.717743641e+02
5294 0 +2.334052351e+02 +1.551252351e+02 +1.551252351e+02
5313 0 +2.289982972e+02 +1.507182972e+02 +1.507182972e+02
5320 0 +2.115452226e+02 +1.332652226e+02 +1.332652226e+02
5390 0 +1.997539565e+02 +1.214739565e+02 +1.214739565e+02
5395 0 +1.915880677e+02 +1.133080677e+02 +1.133080677e+02
5433 0 +1.895208454e+02 +1.112408454e+02 +1.112408454e+02
5456 0 +1.693552960e+02 +9.107529599e+01 +9.107529599e+01
5570 0 +1.583684611e+02 +8.008846114e+01 +8.008846114e+01
5608 0 +1.536218346e+02 +7.534183462e+01 +7.534183462e+01
5634 0 +1.493039308e+02 +7.102393082e+01 +7.102393082e+01
5661 0 +1.469335815e+02 +6.865358150e+01 +6.865358150e+01
5686 0 +1.411733431e+02 +6.289334310e+01 +6.289334310e+01
5705 0 +1.372653820e+02 +5.898538202e+01 +5.898538202e+01
5736 0 +1.309106712e+02 +5.263067124e+01 +5.263067124e+01
5889 0 +1.270721575e+02 +4.879215754e+01 +4.879215754e+01
5913 0 +1.246003079e+02 +4.632030794e+01 +4.632030794e+01
5994 0 +1.202823738e+02 +4.200237384e+01 +4.200237384e+01
6034 0 +1.192009349e+02 +4.092093492e+01 +4.092093492e+01
6098 0 +1.148484435e+02 +3.656844353e+01 +3.656844353e+01
6100 0 +1.120355567e+02 +3.375555667e+01 +3.375555667e+01
6277 0 +1.091520979e+02 +3.087209787e+01 +3.087209787e+01
6312 0 +1.068966972e+02 +2.861669725e+01 +2.861669725e+01
6429 0 +1.045481721e+02 +2.626817209e+01 +2.626817209e+01
6575 0 +1.013533664e+02 +2.307336636e+01 +2.307336636e+01
6663 0 +9.977083840e+01 +2.149083840e+01 +2.149083840e+01
6779 0 +9.690467347e+01 +1.862467347e+01 +1.862467347e+01
7027 0 +9.548246161e+01 +1.720246161e+01 +1.720246161e+01
7477 0 +9.331538527e+01 +1.503538527e+01 +1.503538527e+01
20185 0 +9.014461189e+01 +1.186461189e+01 +1.186461189e+01
20224 0 +8.879302581e+01 +1.051302581e+01 +1.051302581e+01
20289 0 +8.638594206e+01 +8.105942061e+00 +8.105942061e+00
20316 0 +8.416683798e+01 +5.886837977e+00 +5.886837977e+00
20349 0 +8.262590966e+01 +4.345909662e+00 +4.345909662e+00
20374 0 +8.035520579e+01 +2.075205787e+00 +2.075205787e+00
20395 0 +7.837940430e+01 +9.940429896e-02 +9.940429896e-02
20406 0 +7.748567337e+01 -7.943266266e-01 -7.943266266e-01
20417 0 +7.373330188e+01 -4.546698116e+00 -4.546698116e+00
32464 0 +7.214967099e+01 -6.130329012e+00 -6.130329012e+00
40896 0 +6.845810287e+01 -9.821897130e+00 -9.821897130e+00
91572 0 +6.586179346e+01 -1.241820654e+01 -1.241820654e+01
% f evaluations | g evaluations | best noise-free fitness - Fopt (-1.853000000000e+01) + sum g_i+ | measured fitness | best measured fitness or single-digit g-values | x1 | x2...
1 0 +2.056730879e+03 +2.038200879e+03 +2.038200879e+03
9 0 +1.951485464e+03 +1.932955464e+03 +1.932955464e+03
11 0 +1.883731609e+03 +1.865201609e+03 +1.865201609e+03
12 0 +1.839742995e+03 +1.821212995e+03 +1.821212995e+03
17 0 +1.629963765e+03 +1.611433765e+03 +1.611433765e+03
21 0 +1.469637576e+03 +1.451107576e+03 +1.451107576e+03
32 0 +1.330060232e+03 +1.311530232e+03 +1.311530232e+03
49 0 +1.247375974e+03 +1.228845974e+03 +1.228845974e+03
68 0 +1.169573554e+03 +1.151043554e+03 +1.151043554e+03
152 0 +1.025631071e+03 +1.007101071e+03 +1.007101071e+03
196 0 +9.210015608e+02 +9.024715608e+02 +9.024715608e+02
252 0 +8.965981837e+02 +8.780681837e+02 +8.780681837e+02
265 0 +7.903500087e+02 +7.718200087e+02 +7.718200087e+02
335 0 +7.141827106e+02 +6.956527106e+02 +6.956527106e+02
464 0 +6.828045903e+02 +6.642745903e+02 +6.642745903e+02
478 0 +6.332413484e+02 +6.147113484e+02 +6.147113484e+02
580 0 +6.257850760e+02 +6.072550760e+02 +6.072550760e+02
585 0 +6.019428692e+02 +5.834128692e+02 +5.834128692e+02
602 0 +5.751081487e+02 +5.565781487e+02 +5.565781487e+02
617 0 +5.355243211e+02 +5.169943211e+02 +5.169943211e+02
650 0 +5.180259443e+02 +4.994959443e+02 +4.994959443e+02
671 0 +4.969685442e+02 +4.784385442e+02 +4.784385442e+02
760 0 +4.784715412e+02 +4.599415412e+02 +4.599415412e+02
984 0 +4.225237854e+02 +4.039937854e+02 +4.039937854e+02
1873 0 +4.134121015e+02 +3.948821015e+02 +3.948821015e+02
1980 0 +4.070085848e+02 +3.884785848e+02 +3.884785848e+02
2614 0 +3.974331461e+02 +3.789031461e+02 +3.789031461e+02
2744 0 +3.625419142e+02 +3.440119142e+02 +3.440119142e+02
3387 0 +2.798755606e+02 +2.613455606e+02 +2.613455606e+02
4900 0 +2.667178299e+02 +2.481878299e+02 +2.481878299e+02
5190 0 +2.577116097e+02 +2.391816097e+02 +2.391816097e+02
5209 0 +2.455348993e+02 +2.270048993e+02 +2.270048993e+02
5231 0 +2.447979692e+02 +2.262679692e+02 +2.262679692e+02
5234 0 +2.177666734e+02 +1.992366734e+02 +1.992366734e+02
5277 0 +2.105280880e+02 +1.919980880e+02 +1.919980880e+02
5288 0 +2.010176568e+02 +1.824876568e+02 +1.824876568e+02
5326 0 +1.959158462e+02 +1.773858462e+02 +1.773858462e+02
5361 0 +1.910269131e+02 +1.724969131e+02 +1.724969131e+02
5377 0 +1.843248557e+02 +1.657948557e+02 +1.657948557e+02
5470 0 +1.758666106e+02 +1.573366106e+02 +1.573366106e+02
5491 0 +1.703714589e+02 +1.518414589e+02 +1.518414589e+02
5503 0 +1.695292545e+02 +1.509992545e+02 +1.509992545e+02
5516 0 +1.482844885e+02 +1.297544885e+02 +1.297544885e+02
5582 0 +1.472034438e+02 +1.286734438e+02 +1.286734438e+02
5596 0 +1.388948615e+02 +1.203648615e+02 +1.203648615e+02
5629 0 +1.305111210e+02 +1.119811210e+02 +1.119811210e+02
5672 0 +1.265078368e+02 +1.079778368e+02 +1.079778368e+02
5723 0 +1.230390585e+02 +1.045090585e+02 +1.045090585e+02
5738 0 +1.117867595e+02 +9.325675951e+01 +9.325675951e+01
5886 0 +1.012892738e+02 +8.275927380e+01 +8.275927380e+01
5923 0 +9.723888315e+01 +7.870888315e+01 +7.870888315e+01
5964 0 +9.528630044e+01 +7.675630044e+01 +7.675630044e+01
6017 0 +9.327455048e+01 +7.474455048e+01 +7.474455048e+01
6176 0 +9.068307069e+01 +7.215307069e+01 +7.215307069e+01
6224 0 +8.908496709e+01 +7.055496709e+01 +7.055496709e+01
6269 0 +8.702600419e+01 +6.849600419e+01 +6.849600419e+01
6324 0 +8.455550674e+01 +6.602550674e+01 +6.602550674e+01
6454 0 +8.317013370e+01 +6.464013370e+01 +6.464013370e+01
6931 0 +8.117181398e+01 +6.264181398e+01 +6.264181398e+01
43350 0 +7.922615877e+01 +6.069615877e+01 +6.069615877e+01
43651 0 +7.744115284e+01 +5.891115284e+01 +5.891115284e+01
45458 0 +7.585147892e+01 +5.732147892e+01 +5.732147892e+01
74608 0 +7.404483883e+01 +5.551483883e+01 +5.551483883e+01
91420 0 +7.228887641e+01 +5.375887641e+01 +5.375887641e+01
91778 0 +7.074354269e+01 +5.221354269e+01 +5.221354269e+01
92841 0 +6.916879618e+01 +5.063879618e+01 +5.063879618e+01
% f evaluations | g evaluations | best noise-free fitness - Fopt (-4.502000000000e+01) + sum g_i+ | measured fitness | best measured fitness or single-digit g-values | x1 | x2...
1 0 +1.775303758e+03 +1.730283758e+03 +1.730283758e+03
6 0 +1.765838078e+03 +1.720818078e+03 +1.720818078e+03
7 0 +1.732591399e+03 +1.687571399e+03 +1.687571399e+03
22 0 +1.511145094e+03 +1.466125094e+03 +1.466125094e+03
35 0 +1.362858792e+03 +1.317838792e+03 +1.317838792e+03
46 0 +1.341829334e+03 +1.296809334e+03 +1.296809334e+03
66 0 +1.196252274e+03 +1.151232274e+03 +1.151232274e+03
78 0 +1.099139225e+03 +1.054119225e+03 +1.054119225e+03
91 0 +8.413501229e+02 +7.963301229e+02 +7.963301229e+02
126 0 +8.153984572e+02 +7.703784572e+02 +7.703784572e+02
136 0 +7.438511012e+02 +6.988311012e+02 +6.988311012e+02
171 0 +7.362210588e+02 +6.912010588e+02 +6.912010588e+02
226 0 +7.160794102e+02 +6.710594102e+02 +6.710594102e+02
249 0 +6.206850577e+02 +5.756650577e+02 +5.756650577e+02
259 0 +5.858588453e+02 +5.408388453e+02 +5.408388453e+02
350 0 +5.375340895e+02 +4.925140895e+02 +4.925140895e+02
376 0 +5.280164089e+02 +4.829964089e+02 +4.829964089e+02
389 0 +5.157938049e+02 +4.707738049e+02 +4.707738049e+02
398 0 +4.486999054e+02 +4.036799054e+02 +4.036799054e+02
639 0 +4.111202416e+02 +3.661002416e+02 +3.661002416e+02
781 0 +4.034601620e+02 +3.584401620e+02 +3.584401620e+02
837 0 +3.981046080e+02 +3.530846080e+02 +3.530846080e+02
862 0 +3.835670969e+02 +3.385470969e+02 +3.385470969e+02
1195 0 +3.582076951e+02 +3.131876951e+02 +3.131876951e+02
1820 0 +3.446990622e+02 +2.996790622e+02 +2.996790622e+02
2337 0 +3.273493512e+02 +2.823293512e+02 +2.823293512e+02
2530 0 +3.059302574e+02 +2.609102574e+02 +2.609102574e+02
2729 0 +2.949575727e+02 +2.499375727e+02 +2.499375727e+02
2733 0 +2.738123062e+02 +2.287923062e+02 +2.287923062e+02
2867 0 +2.676346248e+02 +2.226146248e+02 +2.226146248e+02
2878 0 +2.458449769e+02 +2.008249769e+02 +2.008249769e+02
2905 0 +2.214964212e+02 +1.764764212e+02 +1.764764212e+02
2926 0 +2.158050740e+02 +1.707850740e+02 +1.707850740e+02
2946 0 +2.114500617e+02 +1.664300617e+02 +1.664300617e+02
2967 0 +2.000717415e+02 +1.550517415e+02 +1.550517415e+02
2976 0 +1.961836865e+02 +1.511636865e+02 +1.511636865e+02
2997 0 +1.890590138e+02 +1.440390138e+02 +1.440390138e+02
3010 0 +1.754741509e+02 +1.304541509e+02 +1.304541509e+02
3082 0 +1.689040141e+02 +1.238840141e+02 +1.238840141e+02
3088 0 +1.561373564e+02 +1.111173564e+02 +1.111173564e+02
3096 0 +1.525845866e+02 +1.075645866e+02 +1.075645866e+02
3136 0 +1.505829763e+02 +1.055629763e+02 +1.055629763e+02
3166 0 +1.473519770e+02 +1.023319770e+02 +1.023319770e+02
3182 0 +1.393399053e+02 +9.431990532e+01 +9.431990532e+01
3263 0 +1.320925226e+02 +8.707252256e+01 +8.707252256e+01
3275 0 +1.277679034e+02 +8.274790337e+01 +8.274790337e+01
3340 0 +1.227218871e+02 +7.770188709e+01 +7.770188709e+01
3402 0 +1.168646848e+02 +7.184468479e+01 +7.184468479e+01
3428 0 +1.146056552e+02 +6.958565520e+01 +6.958565520e+01
3437 0 +1.061999305e+02 +6.117993048e+01 +6.117993048e+01
3494 0 +1.019072907e+02 +5.688729068e+01 +5.688729068e+01
3502 0 +9.839038947e+01 +5.337038947e+01 +5.337038947e+01
3523 0 +9.657670817e+01 +5.155670817e+01 +5.155670817e+01
3563 0 +9.505254837e+01 +5.003254837e+01 +5.003254837e+01
3610 0 +9.293338772e+01 +4.791338772e+01 +4.791338772e+01
3722 0 +9.077128589e+01 +4.575128589e+01 +4.575128589e+01
3801 0 +8.724373816e+01 +4.222373816e+01 +4.222373816e+01
3901 0 +8.653905802e+01 +4.151905802e+01 +4.151905802e+01
3917 0 +8.460249293e+01 +3.958249293e+01 +3.958249293e+01
3933 0 +8.301521559e+01 +3.799521559e+01 +3.799521559e+01
4001 0 +8.108013564e+01 +3.606013564e+01 +3.606013564e+01
4180 0 +7.939214668e+01 +3.437214668e+01 +3.437214668e+01
4298 0 +7.731074164e+01 +3.229074164e+01 +3.229074164e+01
4560 0 +7.576797157e+01 +3.074797157e+01 +3.074797157e+01
17158 0 +7.393462025e+01 +2.891462025e+01 +2.891462025e+01
17203 0 +6.919474746e+01 +2.417474746e+01 +2.417474746e+01
17287 0 +6.875819459e+01 +2.373819459e+01 +2.373819459e+01
17329 0 +6.747665067e+01 +2.245665067e+01 +2.245665067e+01
17367 0 +6.551979845e+01 +2.049979845e+01 +2.049979845e+01
17415 0 +6.424254789e+01 +1.922254789e+01 +1.922254789e+01
17476 0 +6.212645376e+01 +1.710645376e+01 +1.710645376e+01
17596 0 +6.152674230e+01 +1.650674230e+01 +1.650674230e+01
17762 0 +5.996391520e+01 +1.494391520e+01 +1.494391520e+01
18021 0 +5.884330084e+01 +1.382330084e+01 +1.382330084e+01
18868 0 +5.754229826e+01 +1.252229826e+01 +1.252229826e+01
64363 0 +5.610262340e+01 +1.108262340e+01 +1.108262340e+01
64578 0 +5.493504951e+01 +9.915049509e+00 +9.915049509e+00
% f evaluations | g evaluations | best noise-free fitness - Fopt (3.000000000000e-02) + sum g_i+ | measured fitness | best measured fitness or single-digit g-values | x1 | x2...
1 0 +2.919565483e+03 +2.919595483e+03 +2.919595483e+03
3 0 +1.900234713e+03 +1.900264713e+03 +1.900264713e+03
4 0 +1.858900959e+03 +1.858930959e+03 +1.858930959e+03
9 0 +1.647065941e+03 +1.647095941e+03 +1.647095941e+03
10 0 +1.089339881e+03 +1.089369881e+03 +1.089369881e+03
96 0 +1.064985235e+03 +1.065015235e+03 +1.065015235e+03
112 0 +1.005895814e+03 +1.005925814e+03 +1.005925814e+03
117 0 +9.686419332e+02 +9.686719332e+02 +9.686719332e+02
122 0 +9.280338454e+02 +9.280638454e+02 +9.280638454e+02
152 0 +8.157860187e+02 +8.158160187e+02 +8.158160187e+02
162 0 +6.313029051e+02 +6.313329051e+02 +6.313329051e+02
262 0 +6.016851614e+02 +6.017151614e+02 +6.017151614e+02
336 0 +5.657872563e+02 +5.658172563e+02 +5.658172563e+02
340 0 +5.181499351e+02 +5.181799351e+02 +5.181799351e+02
419 0 +5.014033385e+02 +5.014333385e+02 +5.014333385e+02
425 0 +4.738344013e+02 +4.738644013e+02 +4.738644013e+02
477 0 +4.638414505e+02 +4.638714505e+02 +4.638714505e+02
700 0 +4.080417625e+02 +4.080717625e+02 +4.080717625e+02
715 0 +3.979330176e+02 +3.979630176e+02 +3.979630176e+02
1060 0 +3.697450121e+02 +3.697750121e+02 +3.697750121e+02
1398 0 +3.434065832e+02 +3.434365832e+02 +3.434365832e+02
2808 0 +3.343613672e+02 +3.343913672e+02 +3.343913672e+02
2872 0 +3.174369127e+02 +3.174669127e+02 +3.174669127e+02
3143 0 +3.118548292e+02 +3.118848292e+02 +3.118848292e+02
3237 0 +2.919672369e+02 +2.919972369e+02 +2.919972369e+02
3317 0 +2.823186664e+02 +2.823486664e+02 +2.823486664e+02
3336 0 +2.805516818e+02 +2.805816818e+02 +2.805816818e+02
3344 0 +2.737645041e+02 +2.737945041e+02 +2.737945041e+02
3345 0 +2.606955806e+02 +2.607255806e+02 +2.607255806e+02
3380 0 +2.264909233e+02 +2.265209233e+02 +2.265209233e+02
3448 0 +2.053887923e+02 +2.054187923e+02 +2.054187923e+02
3461 0 +2.031741764e+02 +2.032041764e+02 +2.032041764e+02
3503 0 +1.960864001e+02 +1.961164001e+02 +1.961164001e+02
3562 0 +1.879697109e+02 +1.879997109e+02 +1.879997109e+02
3605 0 +1.774387562e+02 +1.774687562e+02 +1.774687562e+02
3623 0 +1.644915854e+02 +1.645215854e+02 +1.645215854e+02
3631 0 +1.567244565e+02 +1.567544565e+02 +1.567544565e+02
3711 0 +1.520818919e+02 +1.521118919e+02 +1.521118919e+02
3755 0 +1.486324259e+02 +1.486624259e+02 +1.486624259e+02
3772 0 +1.431199949e+02 +1.431499949e+02 +1.431499949e+02
3839 0 +1.361323330e+02 +1.361623330e+02 +1.361623330e+02
3850 0 +1.347364926e+02 +1.347664926e+02 +1.347664926e+02
3880 0 +1.305927336e+02 +1.306227336e+02 +1.306227336e+02
3890 0 +1.267831988e+02 +1.268131988e+02 +1.268131988e+02
3902 0 +1.243432074e+02 +1.243732074e+02 +1.243732074e+02
3923 0 +1.227059381e+02 +1.227359381e+02 +1.227359381e+02
3976 0 +1.189820614e+02 +1.190120614e+02 +1.190120614e+02
4054 0 +1.152817701e+02 +1.153117701e+02 +1.153117701e+02
4067 0 +1.121387240e+02 +1.121687240e+02 +1.121687240e+02
4087 0 +1.094905228e+02 +1.095205228e+02 +1.095205228e+02
4112 0 +1.045606312e+02 +1.045906312e+02 +1.045906312e+02
4204 0 +1.018820188e+02 +1.019120188e+02 +1.019120188e+02
4211 0 +9.975824609e+01 +9.978824609e+01 +9.978824609e+01
4431 0 +9.705271052e+01 +9.708271052e+01 +9.708271052e+01
4434 0 +9.518033304e+01 +9.521033304e+01 +9.521033304e+01
4514 0 +9.169964386e+01 +9.172964386e+01 +9.172964386e+01
4528 0 +9.005696863e+01 +9.008696863e+01 +9.008696863e+01
4543 0 +8.745023259e+01 +8.748023259e+01 +8.748023259e+01
4586 0 +8.685485199e+01 +8.688485199e+01 +8.688485199e+01
4712 0 +8.489893142e+01 +8.492893142e+01 +8.492893142e+01
4776 0 +8.272914051e+01 +8.275914051e+01 +8.275914051e+01
4932 0 +8.124331650e+01 +8.127331650e+01 +8.127331650e+01
5153 0 +7.939648111e+01 +7.942648111e+01 +7.942648111e+01
5704 0 +7.760286769e+01 +7.763286769e+01 +7.763286769e+01
51977 0 +7.549340454e+01 +7.552340454e+01 +7.552340454e+01
52069 0 +7.396451456e+01 +7.399451456e+01 +7.399451456e+01
52321 0 +7.212339992e+01 +7.215339992e+01 +7.215339992e+01
53383 0 +7.079410240e+01 +7.082410240e+01 +7.082410240e+01
% f evaluations | g evaluations | best noise-free fitness - Fopt (4.822900000000e+02) + sum g_i+ | measured fitness | best measured fitness or single-digit g-values | x1 | x2...
1 0 +3.427032296e+03 +3.909322296e+03 +3.909322296e+03
2 0 +3.417260263e+03 +3.899550263e+03 +3.899550263e+03
3 0 +3.359566815e+03 +3.841856815e+03 +3.841856815e+03
5 0 +2.437815421e+03 +2.920105421e+03 +2.920105421e+03
6 0 +1.927994461e+03 +2.410284461e+03 +2.410284461e+03
28 0 +1.785639497e+03 +2.267929497e+03 +2.267929497e+03
31 0 +1.573298815e+03 +2.055588815e+03 +2.055588815e+03
33 0 +1.337217114e+03 +1.819507114e+03 +1.819507114e+03
54 0 +1.083924766e+03 +1.566214766e+03 +1.566214766e+03
82 0 +1.003593695e+03 +1.485883695e+03 +1.485883695e+03
114 0 +9.044565188e+02 +1.386746519e+03 +1.386746519e+03
161 0 +7.240276174e+02 +1.206317617e+03 +1.206317617e+03
197 0 +6.446875101e+02 +1.126977510e+03 +1.126977510e+03
279 0 +6.232202884e+02 +1.105510288e+03 +1.105510288e+03
378 0 +5.958573518e+02 +1.078147352e+03 +1.078147352e+03
435 0 +5.863061715e+02 +1.068596171e+03 +1.068596171e+03
469 0 +5.486240291e+02 +1.030914029e+03 +1.030914029e+03
486 0 +5.253518007e+02 +1.007641801e+03 +1.007641801e+03
496 0 +5.058668004e+02 +9.881568004e+02 +9.881568004e+02
509 0 +4.818568964e+02 +9.641468964e+02 +9.641468964e+02
613 0 +4.199102403e+02 +9.022002403e+02 +9.022002403e+02
806 0 +4.032576454e+02 +8.855476454e+02 +8.855476454e+02
864 0 +3.977084298e+02 +8.799984298e+02 +8.799984298e+02
953 0 +3.688660061e+02 +8.511560061e+02 +8.511560061e+02
1320 0 +3.592597418e+02 +8.415497418e+02 +8.415497418e+02
1816 0 +3.372277586e+02 +8.195177586e+02 +8.195177586e+02
2592 0 +3.275023831e+02 +8.097923831e+02 +8.097923831e+02
2611 0 +2.875570829e+02 +7.698470829e+02 +7.698470829e+02
2900 0 +2.753828172e+02 +7.576728172e+02 +7.576728172e+02
2957 0 +2.491726417e+02 +7.314626417e+02 +7.314626417e+02
2994 0 +2.255038917e+02 +7.077938917e+02 +7.077938917e+02
3017 0 +2.236992970e+02 +7.059892970e+02 +7.059892970e+02
3018 0 +2.055880468e+02 +6.878780468e+02 +6.878780468e+02
3065 0 +2.037764611e+02 +6.860664611e+02 +6.860664611e+02
3096 0 +1.963536869e+02 +6.786436869e+02 +6.786436869e+02
3122 0 +1.788800756e+02 +6.611700756e+02 +6.611700756e+02
3177 0 +1.725537892e+02 +6.548437892e+02 +6.548437892e+02
3186 0 +1.668847328e+02 +6.491747328e+02 +6.491747328e+02
3196 0 +1.615838337e+02 +6.438738337e+02 +6.438738337e+02
3208 0 +1.533976540e+02 +6.356876540e+02 +6.356876540e+02
3233 0 +1.505166312e+02 +6.328066312e+02 +6.328066312e+02
3270 0 +1.463541934e+02 +6.286441934e+02 +6.286441934e+02
3279 0 +1.329307105e+02 +6.152207105e+02 +6.152207105e+02
3300 0 +1.244503380e+02 +6.067403380e+02 +6.067403380e+02
3325 0 +1.228629520e+02 +6.051529520e+02 +6.051529520e+02
3375 0 +1.137089362e+02 +5.959989362e+02 +5.959989362e+02
3380 0 +1.120438281e+02 +5.943338281e+02 +5.943338281e+02
3427 0 +1.055100355e+02 +5.878000355e+02 +5.878000355e+02
3456 0 +1.036627436e+02 +5.859527436e+02 +5.859527436e+02
3566 0 +1.010917440e+02 +5.833817440e+02 +5.833817440e+02
3627 0 +9.516111122e+01 +5.774511112e+02 +5.774511112e+02
3740 0 +9.271193920e+01 +5.750019392e+02 +5.750019392e+02
3803 0 +8.818335400e+01 +5.704733540e+02 +5.704733540e+02
3936 0 +8.673257389e+01 +5.690225739e+02 +5.690225739e+02
4029 0 +8.393418633e+01 +5.662241863e+02 +5.662241863e+02
4071 0 +8.281589249e+01 +5.651058925e+02 +5.651058925e+02
4147 0 +8.126437142e+01 +5.635543714e+02 +5.635543714e+02
4441 0 +7.928578279e+01 +5.615757828e+02 +5.615757828e+02
4768 0 +7.760076654e+01 +5.598907665e+02 +5.598907665e+02
5681 0 +7.584049353e+01 +5.581304935e+02 +5.581304935e+02
37477 0 +7.235211238e+01 +5.546421124e+02 +5.546421124e+02
37554 0 +6.861787141e+01 +5.509078714e+02 +5.509078714e+02
37618 0 +6.631348147e+01 +5.486034815e+02 +5.486034815e+02
37637 0 +6.421341437e+01 +5.465034144e+02 +5.465034144e+02
37705 0 +6.285257201e+01 +5.451425720e+02 +5.451425720e+02
37715 0 +6.063636084e+01 +5.429263608e+02 +5.429263608e+02
37793 0 +5.967935634e+01 +5.419693563e+02 +5.419693563e+02
37820 0 +5.877569487e+01 +5.410656949e+02 +5.410656949e+02
37916 0 +5.718298984e+01 +5.394729898e+02 +5.394729898e+02
37946 0 +5.606828215e+01 +5.383582822e+02 +5.383582822e+02
37969 0 +5.409081161e+01 +5.363808116e+02 +5.363808116e+02
37985 0 +5.331156922e+01 +5.356015692e+02 +5.356015692e+02
38000 0 +5.218431702e+01 +5.344743170e+02 +5.344743170e+02
38056 0 +4.956275481e+01 +5.318527548e+02 +5.318527548e+02
38240 0 +4.880585849e+01 +5.310958585e+02 +5.310958585e+02
38391 0 +4.784501068e+01 +5.301350107e+02 +5.301350107e+02
38620 0 +4.665135957e+01 +5.289413596e+02 +5.289413596e+02
% f evaluations | g evaluations | best noise-free fitness - Fopt (-2.724000000000e+01) + sum g_i+ | measured fitness | best measured fitness or single-digit g-values | x1 | x2...
1 0 +2.049711615e+03 +2.022471615e+03 +2.022471615e+03
4 0 +1.926265769e+03 +1.899025769e+03 +1.899025769e+03
5 0 +1.642057634e+03 +1.614817634e+03 +1.614817634e+03
17 0 +1.496265358e+03 +1.469025358e+03 +1.469025358e+03
18 0 +1.397732237e+03 +1.370492237e+03 +1.370492237e+03
33 0 +1.300180787e+03 +1.272940787e+03 +1.272940787e+03
50 0 +1.288128236e+03 +1.260888236e+03 +1.260888236e+03
83 0 +9.793216063e+02 +9.520816063e+02 +9.520816063e+02
92 0 +9.347062854e+02 +9.074662854e+02 +9.074662854e+02
135 0 +8.798531277e+02 +8.526131277e+02 +8.526131277e+02
191 0 +8.125774112e+02 +7.853374112e+02 +7.853374112e+02
347 0 +6.931627894e+02 +6.659227894e+02 +6.659227894e+02
398 0 +6.457055808e+02 +6.184655808e+02 +6.184655808e+02
430 0 +6.263087414e+02 +5.990687414e+02 +5.990687414e+02
460 0 +5.837621626e+02 +5.565221626e+02 +5.565221626e+02
471 0 +5.340531075e+02 +5.068131075e+02 +5.068131075e+02
606 0 +5.181778499e+02 +4.909378499e+02 +4.909378499e+02
609 0 +4.795527727e+02 +4.523127727e+02 +4.523127727e+02
648 0 +4.504172413e+02 +4.231772413e+02 +4.231772413e+02
910 0 +4.385787660e+02 +4.113387660e+02 +4.113387660e+02
997 0 +4.222104274e+02 +3.949704274e+02 +3.949704274e+02
1352 0 +4.070761141e+02 +3.798361141e+02 +3.798361141e+02
1489 0 +3.814033069e+02 +3.541633069e+02 +3.541633069e+02
1583 0 +3.699198627e+02 +3.426798627e+02 +3.426798627e+02
2706 0 +3.254430967e+02 +2.982030967e+02 +2.982030967e+02
3275 0 +3.088108701e+02 +2.815708701e+02 +2.815708701e+02
3334 0 +2.544797493e+02 +2.272397493e+02 +2.272397493e+02
3635 0 +2.430694120e+02 +2.158294120e+02 +2.158294120e+02
3709 0 +2.340880686e+02 +2.068480686e+02 +2.068480686e+02
3729 0 +2.221864156e+02 +1.949464156e+02 +1.949464156e+02
3743 0 +2.117984449e+02 +1.845584449e+02 +1.845584449e+02
3754 0 +1.953582180e+02 +1.681182180e+02 +1.681182180e+02
3791 0 +1.809688817e+02 +1.537288817e+02 +1.537288817e+02
3797 0 +1.770671333e+02 +1.498271333e+02 +1.498271333e+02
3808 0 +1.515185393e+02 +1.242785393e+02 +1.242785393e+02
3879 0 +1.462774172e+02 +1.190374172e+02 +1.190374172e+02
3924 0 +1.430153951e+02 +1.157753951e+02 +1.157753951e+02
4023 0 +1.411174183e+02 +1.138774183e+02 +1.138774183e+02
4028 0 +1.374321390e+02 +1.101921390e+02 +1.101921390e+02
4036 0 +1.220805850e+02 +9.484058500e+01 +9.484058500e+01
4052 0 +1.158377047e+02 +8.859770474e+01 +8.859770474e+01
4063 0 +1.127054547e+02 +8.546545465e+01 +8.546545465e+01
4072 0 +1.100491203e+02 +8.280912032e+01 +8.280912032e+01
4100 0 +1.062976441e+02 +7.905764408e+01 +7.905764408e+01
4182 0 +1.024069865e+02 +7.516698650e+01 +7.516698650e+01
4183 0 +1.007662746e+02 +7.352627457e+01 +7.352627457e+01
4196 0 +9.783574568e+01 +7.059574568e+01 +7.059574568e+01
4222 0 +9.731647056e+01 +7.007647056e+01 +7.007647056e+01
4226 0 +9.532386126e+01 +6.808386126e+01 +6.808386126e+01
4236 0 +9.275025254e+01 +6.551025254e+01 +6.551025254e+01
4275 0 +8.979883330e+01 +6.255883330e+01 +6.255883330e+01
4293 0 +8.874738118e+01 +6.150738118e+01 +6.150738118e+01
4295 0 +8.597126255e+01 +5.873126255e+01 +5.873126255e+01
4340 0 +8.278476394e+01 +5.554476394e+01 +5.554476394e+01
4436 0 +8.001904571e+01 +5.277904571e+01 +5.277904571e+01
4493 0 +7.813258356e+01 +5.089258356e+01 +5.089258356e+01
4511 0 +7.711975621e+01 +4.987975621e+01 +4.987975621e+01
4559 0 +7.537377183e+01 +4.813377183e+01 +4.813377183e+01
4596 0 +7.317179179e+01 +4.593179179e+01 +4.593179179e+01
4675 0 +7.119782725e+01 +4.395782725e+01 +4.395782725e+01
4750 0 +7.067946720e+01 +4.343946720e+01 +4.343946720e+01
4835 0 +6.917131006e+01 +4.193131006e+01 +4.193131006e+01
4998 0 +6.692323373e+01 +3.968323373e+01 +3.968323373e+01
5171 0 +6.602546413e+01 +3.878546413e+01 +3.878546413e+01
5625 0 +6.456409875e+01 +3.732409875e+01 +3.732409875e+01
20558 0 +6.216654220e+01 +3.492654220e+01 +3.492654220e+01
20703 0 +6.135567074e+01 +3.411567074e+01 +3.411567074e+01
20760 0 +6.012165447e+01 +3.288165447e+01 +3.288165447e+01
20811 0 +5.859251635e+01 +3.135251635e+01 +3.135251635e+01
20935 0 +5.695849559e+01 +2.971849559e+01 +2.971849559e+01
21007 0 +5.622152170e+01 +2.898152170e+01 +2.898152170e+01
21207 0 +5.488074143e+01 +2.764074143e+01 +2.764074143e+01
21499 0 +5.369099411e+01 +2.645099411e+01 +2.645099411e+01
22160 0 +5.247822897e+01 +2.523822897e+01 +2.523822897e+01
72512 0 +5.099696900e+01 +2.375696900e+01 +2.375696900e+01
72523 0 +4.924298746e+01 +2.200298746e+01 +2.200298746e+01
72565 0 +4.627884539e+01 +1.903884539e+01 +1.903884539e+01
72662 0 +4.346865830e+01 +1.622865830e+01 +1.622865830e+01
72740 0 +4.170566588e+01 +1.446566588e+01 +1.446566588e+01
72756 0 +4.162001557e+01 +1.438001557e+01 +1.438001557e+01
72872 0 +3.944244022e+01 +1.220244022e+01 +1.220244022e+01
72973 0 +3.851704390e+01 +1.127704390e+01 +1.127704390e+01
73029 0 +3.798682403e+01 +1.074682403e+01 +1.074682403e+01
73050 0 +3.660957577e+01 +9.369575773e+00 +9.369575773e+00
73165 0 +3.533529037e+01 +8.095290366e+00 +8.095290366e+00
73327 0 +3.443310548e+01 +7.193105482e+00 +7.193105482e+00
73630 0 +3.374787769e+01 +6.507877694e+00 +6.507877694e+00
74021 0 +3.310618303e+01 +5.866183031e+00 +5.866183031e+00
% f evaluations | g evaluations | best noise-free fitness - Fopt (9.868000000000e+01) + sum g_i+ | measured fitness | best measured fitness or single-digit g-values | x1 | x2...
1 0 +1.605790485e+03 +1.704470485e+03 +1.704470485e+03
30 0 +1.596139952e+03 +1.694819952e+03 +1.694819952e+03
38 0 +1.446027254e+03 +1.544707254e+03 +1.544707254e+03
46 0 +1.001740732e+03 +1.100420732e+03 +1.100420732e+03
179 0 +9.331832616e+02 +1.031863262e+03 +1.031863262e+03
181 0 +7.766022313e+02 +8.752822313e+02 +8.752822313e+02
216 0 +7.646667684e+02 +8.633467684e+02 +8.633467684e+02
219 0 +7.266499761e+02 +8.253299761e+02 +8.253299761e+02
278 0 +6.983539612e+02 +7.970339612e+02 +7.970339612e+02
281 0 +5.314450100e+02 +6.301250100e+02 +6.301250100e+02
407 0 +5.167731061e+02 +6.154531061e+02 +6.154531061e+02
468 0 +5.007101629e+02 +5.993901629e+02 +5.993901629e+02
529 0 +4.826662034e+02 +5.813462034e+02 +5.813462034e+02
547 0 +4.759394298e+02 +5.746194298e+02 +5.746194298e+02
550 0 +3.975524883e+02 +4.962324883e+02 +4.962324883e+02
656 0 +3.808777871e+02 +4.795577871e+02 +4.795577871e+02
961 0 +3.521413756e+02 +4.508213756e+02 +4.508213756e+02
1088 0 +2.634083237e+02 +3.620883237e+02 +3.620883237e+02
2516 0 +2.513468318e+02 +3.500268318e+02 +3.500268318e+02
2596 0 +2.428777720e+02 +3.415577720e+02 +3.415577720e+02
2598 0 +2.363596830e+02 +3.350396830e+02 +3.350396830e+02
2629 0 +2.301889831e+02 +3.288689831e+02 +3.288689831e+02
2644 0 +2.194827122e+02 +3.181627122e+02 +3.181627122e+02
2715 0 +1.974887292e+02 +2.961687292e+02 +2.961687292e+02
2772 0 +1.858381637e+02 +2.845181637e+02 +2.845181637e+02
2800 0 +1.731468033e+02 +2.718268033e+02 +2.718268033e+02
2822 0 +1.622638360e+02 +2.609438360e+02 +2.609438360e+02
2838 0 +1.613891805e+02 +2.600691805e+02 +2.600691805e+02
2862 0 +1.505941080e+02 +2.492741080e+02 +2.492741080e+02
2954 0 +1.470846753e+02 +2.457646753e+02 +2.457646753e+02
2960 0 +1.334201184e+02 +2.321001184e+02 +2.321001184e+02
3051 0 +1.232665028e+02 +2.219465028e+02 +2.219465028e+02
3060 0 +1.193264911e+02 +2.180064911e+02 +2.180064911e+02
3063 0 +1.133061136e+02 +2.119861136e+02 +2.119861136e+02
3222 0 +1.110204083e+02 +2.097004083e+02 +2.097004083e+02
3240 0 +1.066645986e+02 +2.053445986e+02 +2.053445986e+02
3286 0 +9.989833294e+01 +1.985783329e+02 +1.985783329e+02
3392 0 +9.490918072e+01 +1.935891807e+02 +1.935891807e+02
3410 0 +8.751213216e+01 +1.861921322e+02 +1.861921322e+02
3424 0 +8.690825533e+01 +1.855882553e+02 +1.855882553e+02
3483 0 +8.214279347e+01 +1.808227935e+02 +1.808227935e+02
3590 0 +8.088070235e+01 +1.795607023e+02 +1.795607023e+02
3593 0 +7.819190495e+01 +1.768719049e+02 +1.768719049e+02
3632 0 +7.644303645e+01 +1.751230364e+02 +1.751230364e+02
3670 0 +7.364761219e+01 +1.723276122e+02 +1.723276122e+02
3704 0 +6.986792399e+01 +1.685479240e+02 +1.685479240e+02
3792 0 +6.857641460e+01 +1.672564146e+02 +1.672564146e+02
3813 0 +6.744004651e+01 +1.661200465e+02 +1.661200465e+02
3875 0 +6.550140630e+01 +1.641814063e+02 +1.641814063e+02
3924 0 +6.424072098e+01 +1.629207210e+02 +1.629207210e+02
4142 0 +6.248542179e+01 +1.611654218e+02 +1.611654218e+02
4206 0 +6.126555551e+01 +1.599455555e+02 +1.599455555e+02
4242 0 +5.968885239e+01 +1.583688524e+02 +1.583688524e+02
4591 0 +5.888358796e+01 +1.575635880e+02 +1.575635880e+02
5343 0 +5.753865641e+01 +1.562186564e+02 +1.562186564e+02
% f evaluations | g evaluations | best noise-free fitness - Fopt (-3.705000000000e+01) + sum g_i+ | measured fitness | best measured fitness or single-digit g-values | x1 | x2...
1 0 +2.122062647e+03 +2.085012647e+03 +2.085012647e+03
2 0 +2.037956090e+03 +2.000906090e+03 +2.000906090e+03
7 0 +1.670602970e+03 +1.633552970e+03 +1.633552970e+03
23 0 +1.254805855e+03 +1.217755855e+03 +1.217755855e+03
56 0 +1.148437246e+03 +1.111387246e+03 +1.111387246e+03
76 0 +1.127578518e+03 +1.090528518e+03 +1.090528518e+03
83 0 +1.118033174e+03 +1.080983174e+03 +1.080983174e+03
102 0 +1.083169157e+03 +1.046119157e+03 +1.046119157e+03
129 0 +9.418455667e+02 +9.047955667e+02 +9.047955667e+02
203 0 +8.500784626e+02 +8.130284626e+02 +8.130284626e+02
234 0 +8.141131286e+02 +7.770631286e+02 +7.770631286e+02
241 0 +7.975323734e+02 +7.604823734e+02 +7.604823734e+02
245 0 +7.514473803e+02 +7.143973803e+02 +7.143973803e+02
263 0 +7.151155954e+02 +6.780655954e+02 +6.780655954e+02
269 0 +6.772234726e+02 +6.401734726e+02 +6.401734726e+02
309 0 +5.731005348e+02 +5.360505348e+02 +5.360505348e+02
385 0 +5.552613379e+02 +5.182113379e+02 +5.182113379e+02
427 0 +5.495385664e+02 +5.124885664e+02 +5.124885664e+02
451 0 +5.029248664e+02 +4.658748664e+02 +4.658748664e+02
473 0 +4.907762322e+02 +4.537262322e+02 +4.537262322e+02
596 0 +4.773069725e+02 +4.402569725e+02 +4.402569725e+02
602 0 +4.675638641e+02 +4.305138641e+02 +4.305138641e+02
629 0 +4.422564750e+02 +4.052064750e+02 +4.052064750e+02
843 0 +4.076382340e+02 +3.705882340e+02 +3.705882340e+02
931 0 +3.940014403e+02 +3.569514403e+02 +3.569514403e+02
1040 0 +3.890257993e+02 +3.519757993e+02 +3.519757993e+02
1345 0 +3.755808722e+02 +3.385308722e+02 +3.385308722e+02
2075 0 +3.664154033e+02 +3.293654033e+02 +3.293654033e+02
3067 0 +3.345026282e+02 +2.974526282e+02 +2.974526282e+02
3517 0 +3.229708341e+02 +2.859208341e+02 +2.859208341e+02
3641 0 +3.061400422e+02 +2.690900422e+02 +2.690900422e+02
3649 0 +2.908871583e+02 +2.538371583e+02 +2.538371583e+02
3771 0 +2.775099645e+02 +2.404599645e+02 +2.404599645e+02
3792 0 +2.715000370e+02 +2.344500370e+02 +2.344500370e+02
3834 0 +2.584369853e+02 +2.213869853e+02 +2.213869853e+02
3925 0 +2.554066429e+02 +2.183566429e+02 +2.183566429e+02
3980 0 +2.430920694e+02 +2.060420694e+02 +2.060420694e+02
4009 0 +2.065431723e+02 +1.694931723e+02 +1.694931723e+02
4125 0 +2.039617270e+02 +1.669117270e+02 +1.669117270e+02
4242 0 +1.913293519e+02 +1.542793519e+02 +1.542793519e+02
4280 0 +1.874468775e+02 +1.503968775e+02 +1.503968775e+02
4294 0 +1.693044887e+02 +1.322544887e+02 +1.322544887e+02
4360 0 +1.508864495e+02 +1.138364495e+02 +1.138364495e+02
4373 0 +1.476382355e+02 +1.105882355e+02 +1.105882355e+02
4396 0 +1.406101362e+02 +1.035601362e+02 +1.035601362e+02
4415 0 +1.288979641e+02 +9.184796413e+01 +9.184796413e+01
4418 0 +1.140592619e+02 +7.700926190e+01 +7.700926190e+01
4451 0 +1.119461656e+02 +7.489616563e+01 +7.489616563e+01
4516 0 +1.077589544e+02 +7.070895439e+01 +7.070895439e+01
4523 0 +1.067342291e+02 +6.968422914e+01 +6.968422914e+01
4593 0 +1.022134588e+02 +6.516345876e+01 +6.516345876e+01
4621 0 +9.870928965e+01 +6.165928965e+01 +6.165928965e+01
4636 0 +9.407846166e+01 +5.702846166e+01 +5.702846166e+01
4649 0 +8.936279770e+01 +5.231279770e+01 +5.231279770e+01
4655 0 +8.907541730e+01 +5.202541730e+01 +5.202541730e+01
4670 0 +8.616921429e+01 +4.911921429e+01 +4.911921429e+01
4685 0 +8.140889767e+01 +4.435889767e+01 +4.435889767e+01
4738 0 +7.785536382e+01 +4.080536382e+01 +4.080536382e+01
4766 0 +7.725237827e+01 +4.020237827e+01 +4.020237827e+01
4802 0 +7.490795888e+01 +3.785795888e+01 +3.785795888e+01
4820 0 +7.273028041e+01 +3.568028041e+01 +3.568028041e+01
4839 0 +7.160184703e+01 +3.455184703e+01 +3.455184703e+01
4860 0 +6.996494585e+01 +3.291494585e+01 +3.291494585e+01
4864 0 +6.702378781e+01 +2.997378781e+01 +2.997378781e+01
5016 0 +6.426426522e+01 +2.721426522e+01 +2.721426522e+01
5073 0 +6.160321361e+01 +2.455321361e+01 +2.455321361e+01
5211 0 +5.915213148e+01 +2.210213148e+01 +2.210213148e+01
5366 0 +5.888317238e+01 +2.183317238e+01 +2.183317238e+01
5716 0 +5.751557120e+01 +2.046557120e+01 +2.046557120e+01
96718 0 +5.623206341e+01 +1.918206341e+01 +1.918206341e+01
97011 0 +5.475798922e+01 +1.770798922e+01 +1.770798922e+01
97256 0 +5.359022946e+01 +1.654022946e+01 +1.654022946e+01
% f evaluations | g evaluations | best noise-free fitness - Fopt (1.324500000000e+02) + sum g_i+ | measured fitness | best measured fitness or single-digit g-values | x1 | x2...
1 0 +1.877572617e+03 +2.010022617e+03 +2.010022617e+03
3 0 +1.534307831e+03 +1.666757831e+03 +1.666757831e+03
18 0 +1.395626507e+03 +1.528076507e+03 +1.528076507e+03
19 0 +1.033330926e+03 +1.165780926e+03 +1.165780926e+03
76 0 +1.016080796e+03 +1.148530796e+03 +1.148530796e+03
88 0 +8.744640598e+02 +1.006914060e+03 +1.006914060e+03
172 0 +8.399962814e+02 +9.724462814e+02 +9.724462814e+02
227 0 +8.205646200e+02 +9.530146200e+02 +9.530146200e+02
264 0 +7.752993823e+02 +9.077493823e+02 +9.077493823e+02
288 0 +7.560046062e+02 +8.884546062e+02 +8.884546062e+02
290 0 +6.635067604e+02 +7.959567604e+02 +7.959567604e+02
302 0 +6.563497150e+02 +7.887997150e+02 +7.887997150e+02
318 0 +6.372819283e+02 +7.697319283e+02 +7.697319283e+02
322 0 +6.180380995e+02 +7.504880995e+02 +7.504880995e+02
343 0 +5.936552455e+02 +7.261052455e+02 +7.261052455e+02
389 0 +5.493855999e+02 +6.818355999e+02 +6.818355999e+02
558 0 +4.864675483e+02 +6.189175483e+02 +6.189175483e+02
567 0 +4.493623606e+02 +5.818123606e+02 +5.818123606e+02
828 0 +4.461641261e+02 +5.786141261e+02 +5.786141261e+02
846 0 +4.154414842e+02 +5.478914842e+02 +5.478914842e+02
1042 0 +4.065750496e+02 +5.390250496e+02 +5.390250496e+02
1055 0 +3.911219693e+02 +5.235719693e+02 +5.235719693e+02
1110 0 +3.445432604e+02 +4.769932604e+02 +4.769932604e+02
1942 0 +3.384785640e+02 +4.709285640e+02 +4.709285640e+02
2681 0 +3.259696313e+02 +4.584196313e+02 +4.584196313e+02
3068 0 +2.806645265e+02 +4.131145265e+02 +4.131145265e+02
3366 0 +2.656699455e+02 +3.981199455e+02 +3.981199455e+02
3419 0 +2.582754969e+02 +3.907254969e+02 +3.907254969e+02
3441 0 +2.533068236e+02 +3.857568236e+02 +3.857568236e+02
3455 0 +2.001293325e+02 +3.325793325e+02 +3.325793325e+02
3511 0 +1.798019097e+02 +3.122519097e+02 +3.122519097e+02
3582 0 +1.772635113e+02 +3.097135113e+02 +3.097135113e+02
3636 0 +1.674474091e+02 +2.998974091e+02 +2.998974091e+02
3654 0 +1.587355863e+02 +2.911855863e+02 +2.911855863e+02
3722 0 +1.523862823e+02 +2.848362823e+02 +2.848362823e+02
3770 0 +1.512607060e+02 +2.837107060e+02 +2.837107060e+02
3773 0 +1.365269806e+02 +2.689769806e+02 +2.689769806e+02
3803 0 +1.336230425e+02 +2.660730425e+02 +2.660730425e+02
3827 0 +1.278235490e+02 +2.602735490e+02 +2.602735490e+02
3835 0 +1.223737588e+02 +2.548237588e+02 +2.548237588e+02
3866 0 +1.148335898e+02 +2.472835898e+02 +2.472835898e+02
3888 0 +1.101643673e+02 +2.426143673e+02 +2.426143673e+02
3976 0 +1.094307526e+02 +2.418807526e+02 +2.418807526e+02
3981 0 +1.032875683e+02 +2.357375683e+02 +2.357375683e+02
3987 0 +1.013516356e+02 +2.338016356e+02 +2.338016356e+02
4017 0 +9.868834436e+01 +2.311383444e+02 +2.311383444e+02
4054 0 +9.421637659e+01 +2.266663766e+02 +2.266663766e+02
4104 0 +9.011310410e+01 +2.225631041e+02 +2.225631041e+02
4146 0 +8.759153824e+01 +2.200415382e+02 +2.200415382e+02
4161 0 +8.324348145e+01 +2.156934814e+02 +2.156934814e+02
4181 0 +8.212817468e+01 +2.145781747e+02 +2.145781747e+02
4189 0 +7.977803793e+01 +2.122280379e+02 +2.122280379e+02
4232 0 +7.449128328e+01 +2.069412833e+02 +2.069412833e+02
4278 0 +7.293490727e+01 +2.053849073e+02 +2.053849073e+02
4395 0 +7.236967610e+01 +2.048196761e+02 +2.048196761e+02
4440 0 +7.028760521e+01 +2.027376052e+02 +2.027376052e+02
4489 0 +6.837032257e+01 +2.008203226e+02 +2.008203226e+02
4527 0 +6.706289784e+01 +1.995128978e+02 +1.995128978e+02
4610 0 +6.586219372e+01 +1.983121937e+02 +1.983121937e+02
4813 0 +6.440603192e+01 +1.968560319e+02 +1.968560319e+02
5120 0 +6.295490881e+01 +1.954049088e+02 +1.954049088e+02
