% f evaluations | g evaluations | best noise-free fitness - Fopt (-5.494000000000e+01) + sum g_i+ | measured fitness | best measured fitness or single-digit g-values | x1 | x2...
1 0 +1.328077769e+07 +1.328072275e+07 +1.328072275e+07 -4.1824e+00 +2.2830e-01 +1.7826e+00 -3.2673e+00 -3.8839e+00 -1.0189e-01 -3.9655e+00 +1.3111e+00 -8.3904e-01 -3.4927e+00
4 0 +1.106963253e+07 +1.106957759e+07 +1.106957759e+07 +3.3807e+00 +1.9952e+00 -4.3708e+00 +3.1567e+00 +2.8301e+00 +1.0301e-01 -2.0877e+00 -2.8904e+00 +2.4957e+00 -4.6559e+00
10 0 +7.877714816e+06 +7.877659876e+06 +7.877659876e+06 -4.4820e+00 -4.1544e+00 +3.3905e-03 +1.8840e+00 -2.4703e-01 -1.8057e+00 -8.2145e-01 +2.1549e+00 -2.4268e+00 +4.5550e+00
77 0 +2.942622653e+06 +2.942567713e+06 +2.942567713e+06 +4.1434e+00 -4.4856e+00 -3.2537e+00 +1.3486e+00 +5.0000e+00 +1.2858e+00 -1.1147e+00 -1.8846e+00 +5.0000e+00 +2.8370e-01
115 0 +1.663397176e+06 +1.663342236e+06 +1.663342236e+06 +1.0059e+00 +4.6528e+00 +5.0000e+00 +5.0000e+00 +2.9461e+00 -5.0000e+00 -6.1500e-01 -2.3485e+00 -4.0125e+00 -1.0258e+00
117 0 +9.973266542e+05 +9.972717142e+05 +9.972717142e+05 +4.1434e+00 -1.7152e+00 -3.2030e-01 +1.3486e+00 +5.0000e+00 +3.6901e-01 -1.1147e+00 -1.8846e+00 +3.2159e+00 +2.8370e-01
235 0 +8.397138793e+05 +8.396589393e+05 +8.396589393e+05 +1.0059e+00 -5.0000e+00 +5.0000e+00 +5.0000e+00 -3.8524e+00 +3.8321e+00 -3.7045e+00 -7.4169e-01 +2.1180e+00 +4.1829e+00
289 0 +1.048163591e+05 +1.047614191e+05 +1.047614191e+05 -1.7836e+00 -1.1350e+00 +9.9356e-02 -2.2929e+00 +2.1960e+00 +5.0000e+00 -4.4670e+00 -1.3412e+00 -7.2618e-02 +8.4442e-03
809 0 +1.007800269e+05 +1.007250869e+05 +1.007250869e+05 -4.1711e+00 -1.1350e+00 +9.9356e-02 -2.2929e+00 +3.1573e+00 +5.0000e+00 -4.4670e+00 -2.3314e+00 -7.2618e-02 +1.6446e-01
1361 0 +5.920348598e+04 +5.914854598e+04 +5.914854598e+04 -1.4458e+00 +5.5327e-01 -1.1882e+00 +5.0000e+00 +3.8155e+00 +1.2451e+00 -1.7482e+00 +2.0045e+00 -1.4242e+00 +8.2774e-01
1965 0 +5.806490132e+04 +5.800996132e+04 +5.800996132e+04 -5.0000e+00 -3.6399e-02 -1.1882e+00 +4.9750e+00 +5.0000e+00 +2.8506e+00 -6.6788e-01 +6.9981e-01 -1.3521e+00 -4.1655e+00
3273 0 +3.471697845e+04 +3.466203845e+04 +3.466203845e+04 -5.0000e+00 -2.3071e+00 -3.6882e+00 +5.0000e+00 +8.8293e-01 +5.0000e+00 -5.0000e+00 +5.8945e-01 -5.2176e-01 -2.5910e+00
3577 0 +3.206873795e+04 +3.201379795e+04 +3.201379795e+04 -1.0981e+00 -3.5606e+00 -4.2904e+00 +5.0000e+00 +6.1153e-01 +4.9740e+00 -4.8150e+00 +7.2346e-01 -1.2640e+00 +3.7401e+00
3841 0 +3.106306991e+04 +3.100812991e+04 +3.100812991e+04 -1.4458e+00 +5.5327e-01 -1.1882e+00 +5.0000e+00 +3.8155e+00 +1.2451e+00 -1.7482e+00 +2.3270e+00 -1.4242e+00 +2.1960e+00
5041 0 +2.151202422e+04 +2.145708422e+04 +2.145708422e+04 -1.4458e+00 +5.5327e-01 -1.1882e+00 +5.0000e+00 +3.8155e+00 +1.2451e+00 -1.2960e+00 +2.3790e+00 -1.4242e+00 +2.1960e+00
6921 0 +7.385299615e+03 +7.330359615e+03 +7.330359615e+03 -1.4458e+00 +8.9729e-01 -1.1882e+00 +5.0000e+00 +4.3719e+00 +6.5665e-01 -1.2960e+00 +2.3790e+00 -1.4242e+00 +2.1960e+00
19547 0 +6.720501392e+03 +6.665561392e+03 +6.665561392e+03 -5.0000e+00 -1.6424e+00 -1.0833e+00 +1.3535e+00 +1.5260e+00 +4.3024e+00 -5.0000e+00 -1.5305e+00 -1.5357e+00 -1.3367e+00
25947 0 +6.023470116e+03 +5.968530116e+03 +5.968530116e+03 -5.0000e+00 -1.5487e+00 -1.0833e+00 +1.3535e+00 +1.5260e+00 +4.3024e+00 -5.0000e+00 -1.5305e+00 -1.5357e+00 -1.3367e+00
31909 0 +5.269397085e+03 +5.214457085e+03 +5.214457085e+03 -2.0031e+00 -3.1900e+00 -1.7392e+00 +5.0000e+00 +2.2539e+00 +5.0000e+00 -8.0442e-01 +6.0022e-01 -5.0000e+00 +1.2921e+00
% f evaluations | g evaluations | best noise-free fitness - Fopt (5.913000000000e+01) + sum g_i+ | measured fitness | best measured fitness or single-digit g-values | x1 | x2...
1 0 +1.844060328e+07 +1.844066241e+07 +1.844066241e+07 -1.8171e+00 -9.8412e-01 +3.2043e+00 -6.4436e-01 +4.0493e-01 +2.3489e+00 -1.0080e+00 +1.6281e+00 -7.8894e-01 +1.8868e+00
2 0 +2.988593367e+06 +2.988652497e+06 +2.988652497e+06 -1.0152e+00 +7.0464e-01 -4.3804e+00 -1.4955e+00 -5.0624e-01 +1.0389e+00 +2.2891e+00 +3.4329e+00 +7.3814e-01 -2.9967e-01
10 0 +7.366314235e+05 +7.366905535e+05 +7.366905535e+05 -4.3605e+00 +4.6950e+00 -3.9403e+00 -4.7615e+00 +4.8135e+00 +4.8627e+00 +1.9780e+00 +4.0006e+00 +4.0931e-01 +4.4998e+00
77 0 +6.576032805e+05 +6.576624105e+05 +6.576624105e+05 +3.1123e+00 -4.7458e+00 -4.5568e-01 +5.0000e+00 -1.9190e+00 -5.0000e+00 -2.5305e+00 +5.0000e+00 +1.3948e+00 +2.4684e+00
321 0 +6.183538437e+05 +6.184129737e+05 +6.184129737e+05 -5.0000e+00 +4.1395e+00 -5.0000e+00 +2.8986e-01 -1.1016e+00 +5.0000e+00 -1.9544e+00 +5.0000e+00 -8.9128e-01 +3.2126e+00
367 0 +4.453793657e+05 +4.454384957e+05 +4.454384957e+05 +5.0000e+00 -1.3385e+00 +1.1993e+00 +2.3191e+00 -3.5608e+00 +2.0370e+00 -4.5015e+00 +4.0898e+00 +1.3403e+00 +5.0000e+00
411 0 +2.681072823e+05 +2.681664123e+05 +2.681664123e+05 +4.7813e+00 -6.0571e-01 -1.3059e+00 +3.3517e+00 -5.0000e+00 -2.2896e+00 +2.1631e+00 -4.4569e+00 -5.0000e+00 +1.3932e+00
495 0 +1.060045937e+05 +1.060637237e+05 +1.060637237e+05 +1.1963e+00 -1.9464e+00 -3.3397e+00 +3.4961e+00 -4.7424e+00 -4.0779e+00 -2.4800e+00 +1.7199e+00 -4.4346e+00 +6.2228e-01
1629 0 +8.025646362e+04 +8.031559362e+04 +8.031559362e+04 +3.7418e+00 -3.8278e+00 -1.2981e+00 +2.9388e+00 -3.7028e+00 -5.0000e+00 -4.7902e+00 +4.6418e+00 -4.7356e+00 +9.3520e-01
1675 0 +7.779238419e+04 +7.785151419e+04 +7.785151419e+04 +5.0968e-01 -2.9222e+00 -9.2290e-01 +2.7908e+00 -1.8694e-03 -5.0000e+00 -2.0301e+00 +3.9170e+00 -2.3445e+00 +2.7866e+00
2315 0 +5.671306386e+04 +5.677219386e+04 +5.677219386e+04 +5.0968e-01 -2.9222e+00 -9.2290e-01 +2.7908e+00 -1.8694e-03 -5.0000e+00 -2.0301e+00 +3.9170e+00 -4.7990e+00 +1.6197e+00
2483 0 +2.339619014e+04 +2.345532014e+04 +2.345532014e+04 -5.0000e+00 +3.4073e+00 -3.4128e+00 -1.1104e+00 -9.8477e-01 +1.8034e+00 -2.0629e+00 +5.0000e+00 -4.6014e+00 +1.6723e+00
4719 0 +1.747947954e+04 +1.753860954e+04 +1.753860954e+04 -4.6567e+00 +5.6757e-01 -4.4746e+00 +1.2721e+00 -1.3985e+00 -2.2935e+00 -2.8316e+00 +3.9015e+00 -4.3494e-01 +2.9281e+00
6559 0 +1.657424535e+04 +1.663337535e+04 +1.663337535e+04 -5.0000e+00 +5.6757e-01 -4.5897e+00 +1.2484e+00 -7.8149e-01 -2.2935e+00 -2.8316e+00 +3.9015e+00 -4.3494e-01 +3.4326e+00
11919 0 +1.407154037e+04 +1.413067037e+04 +1.413067037e+04 -5.0000e+00 +5.6757e-01 -4.5897e+00 +1.2484e+00 -7.8149e-01 -2.2935e+00 -2.8316e+00 +3.9015e+00 +1.3901e-03 +3.4326e+00
13671 0 +1.369329657e+04 +1.375242657e+04 +1.375242657e+04 +1.2278e+00 -1.0064e+00 +1.4255e-01 +1.4456e+00 -3.8749e+00 -1.6429e+00 -4.4913e+00 +5.0000e+00 -4.3436e+00 +1.9441e+00
14085 0 +9.605919598e+03 +9.665049598e+03 +9.665049598e+03 -4.5399e+00 +6.3650e-01 -3.7604e+00 +1.6152e+00 -1.1219e+00 -8.4413e-01 -3.2024e+00 +4.9122e+00 -9.7640e-01 +3.1359e+00
17285 0 +8.154352152e+03 +8.213482152e+03 +8.213482152e+03 -4.5399e+00 +6.3650e-01 -3.7604e+00 +1.6152e+00 -1.3276e+00 -8.4413e-01 -3.2024e+00 +4.5075e+00 -5.0006e-01 +3.1791e+00
18685 0 +2.546820644e+03 +2.605950644e+03 +2.605950644e+03 -4.5399e+00 +6.3650e-01 -4.1321e+00 +1.6152e+00 -1.3938e+00 -8.4413e-01 -3.2024e+00 +4.5075e+00 -5.0006e-01 +3.1791e+00
% f evaluations | g evaluations | best noise-free fitness - Fopt (-4.915300000000e+02) + sum g_i+ | measured fitness | best measured fitness or single-digit g-values | x1 | x2...
1 0 +4.700954721e+06 +4.700463191e+06 +4.700463191e+06 -1.8626e-02 -3.4816e+00 +3.2594e+00 +3.5601e+00 -3.0261e+00 +3.8829e+00 -2.2706e+00 -2.3376e+00 +1.3324e+00 -4.9615e+00
6 0 +2.337967627e+06 +2.337476097e+06 +2.337476097e+06 -8.1211e-01 -1.0178e-01 +3.7277e+00 +2.6482e+00 +2.8982e+00 -4.4564e+00 -2.4687e+00 -2.1144e+00 -9.7231e-01 +4.8071e+00
8 0 +2.140351491e+06 +2.139859961e+06 +2.139859961e+06 -4.5282e+00 +6.5087e-01 -3.2901e+00 +1.6775e+00 -3.1961e+00 -4.4267e+00 -2.7356e+00 -1.4029e+00 +3.3213e+00 -4.8056e+00
11 0 +2.137797492e+06 +2.137305962e+06 +2.137305962e+06 +1.8751e+00 +2.4085e+00 +3.9900e+00 +2.1818e+00 -4.4339e+00 -1.7306e+00 -7.6106e-01 -1.6394e+00 +1.9328e+00 -4.0784e+00
57 0 +1.813597157e+06 +1.813105627e+06 +1.813105627e+06 +3.8712e-01 +3.2167e+00 -2.4525e-01 -1.0286e+00 -3.7280e+00 -8.2966e-01 -4.4226e+00 +1.7221e-02 +5.0603e-01 +3.1649e+00
97 0 +7.008841182e+05 +7.003925882e+05 +7.003925882e+05 +1.0684e+00 -3.0053e+00 -2.4525e-01 +5.0000e+00 -3.7280e+00 -8.2966e-01 -4.4226e+00 -1.4882e+00 +5.0603e-01 -2.6031e+00
417 0 +6.565399419e+05 +6.560484119e+05 +6.560484119e+05 +1.0684e+00 -3.0053e+00 -2.4525e-01 -8.4379e-01 -1.3353e+00 +1.3446e+00 -4.4226e+00 -5.5850e-01 +5.0000e+00 -2.6031e+00
429 0 +4.950621243e+05 +4.945705943e+05 +4.945705943e+05 +5.4563e-01 -3.1027e+00 -1.3931e+00 +0.0000e+00 -4.9858e+00 -8.0992e-01 -1.8957e+00 -7.1885e-01 -4.2693e+00 -5.0000e+00
435 0 +2.635032188e+05 +2.630116888e+05 +2.630116888e+05 -9.1239e-01 -3.4635e+00 -3.2901e+00 +4.8165e-01 -2.8187e+00 -1.2141e+00 -5.0000e+00 +3.6187e-02 +3.3213e+00 -3.4836e+00
445 0 +2.452281210e+05 +2.447365910e+05 +2.447365910e+05 -2.1524e+00 -5.0000e+00 -3.8442e+00 -1.0527e+00 -4.2717e+00 -2.5466e+00 -3.3875e+00 +1.1629e+00 +5.0000e+00 -5.0000e+00
615 0 +2.166350934e+05 +2.161435634e+05 +2.161435634e+05 -7.9065e-01 +6.0986e-01 -6.9145e-01 -4.3845e+00 -6.5429e-01 -3.5771e+00 +3.1646e+00 +1.6288e+00 -3.5243e+00 -2.7363e+00
869 0 +1.563357319e+05 +1.558442019e+05 +1.558442019e+05 +5.4563e-01 -3.1027e+00 -1.3931e+00 +2.6325e+00 -4.9858e+00 -8.0992e-01 -1.8957e+00 +5.0828e-01 -4.2693e+00 -4.5666e+00
1077 0 +1.434455558e+05 +1.429540258e+05 +1.429540258e+05 -1.3736e+00 -3.5128e+00 -4.0042e+00 -1.4183e+00 -4.2771e+00 -1.4827e+00 -5.0000e+00 +2.3996e+00 +1.3054e+00 -5.2456e-01
1931 0 +1.115897389e+05 +1.110982089e+05 +1.110982089e+05 -4.9680e+00 -5.0000e+00 -3.7355e+00 -3.3438e+00 -5.0000e+00 -1.7762e+00 -2.9877e+00 +1.3841e+00 +5.0000e+00 -5.0000e+00
1963 0 +9.544984789e+04 +9.495831789e+04 +9.495831789e+04 +7.4801e-01 -3.3790e+00 -2.9258e+00 +4.8295e+00 -2.2036e+00 -2.6406e+00 -3.5223e+00 +4.0722e-01 -5.0000e+00 -1.8890e+00
2129 0 +8.712973770e+04 +8.663820770e+04 +8.663820770e+04 +1.7139e+00 -4.8616e+00 -2.6852e+00 -1.4915e+00 -3.6780e+00 -7.4803e-01 -3.4479e+00 +1.3338e+00 +4.6275e+00 -5.0000e+00
2217 0 +6.991346155e+04 +6.942193155e+04 +6.942193155e+04 -3.4931e+00 -3.4777e+00 -1.6110e+00 -2.7225e+00 +8.1795e-01 -4.9309e+00 -3.4486e-01 +1.8940e+00 +5.0000e+00 -9.5945e-01
2395 0 +5.694590388e+04 +5.645437388e+04 +5.645437388e+04 -9.1239e-01 -3.4635e+00 -3.2901e+00 +8.8286e-01 -5.0000e+00 -1.2141e+00 -5.0000e+00 +2.4852e+00 +3.3213e+00 -3.4836e+00
3115 0 +2.778577680e+04 +2.729424680e+04 +2.729424680e+04 -9.1239e-01 -3.4635e+00 -3.2901e+00 -1.4183e+00 -4.0771e+00 -1.2141e+00 -3.7943e+00 +2.4852e+00 +3.3213e+00 -3.4836e+00
6009 0 +1.645190763e+04 +1.596037763e+04 +1.596037763e+04 -2.5105e+00 -5.0000e+00 -2.6852e+00 -1.4915e+00 -5.0000e+00 -1.4542e+00 -3.4479e+00 +1.3338e+00 +4.6275e+00 -5.0000e+00
9353 0 +1.099070722e+04 +1.049917722e+04 +1.049917722e+04 -3.2114e+00 -2.8932e+00 -4.1442e-01 -2.6988e+00 +3.6810e+00 -4.9116e+00 +2.3584e+00 -8.4137e-01 +2.7607e-02 -1.1496e+00
25891 0 +9.079268274e+03 +8.587738274e+03 +8.587738274e+03 -3.3579e+00 -4.6160e+00 -3.5133e+00 +4.7072e-01 +1.0622e+00 -2.0449e+00 -1.5610e+00 -1.4889e+00 -4.8354e+00 -1.9488e+00
31695 0 +8.685568349e+03 +8.194038349e+03 +8.194038349e+03 -3.0683e-01 -3.6897e+00 -6.9145e-01 -8.3502e-01 +3.6810e+00 -3.5771e+00 +1.6155e-01 -1.1398e+00 -5.1784e-01 -1.5751e-01
% f evaluations | g evaluations | best noise-free fitness - Fopt (-1.702000000000e+02) + sum g_i+ | measured fitness | best measured fitness or single-digit g-values | x1 | x2...
1 0 +1.869400011e+07 +1.869382991e+07 +1.869382991e+07 -5.8710e-01 +3.7543e+00 +8.2643e-01 +2.0317e+00 -3.5937e+00 -1.4326e+00 -3.9156e+00 +3.9605e+00 -3.4674e+00 +2.0102e+00
4 0 +1.315876990e+07 +1.315859970e+07 +1.315859970e+07 -4.9026e+00 -3.7164e+00 +2.9951e+00 +3.2953e+00 -2.3894e-01 -6.3316e-01 +2.6181e+00 -1.6054e+00 +2.4804e+00 +3.4136e+00
11 0 +8.257733455e+06 +8.257563255e+06 +8.257563255e+06 -3.2271e+00 -1.1441e+00 +4.2079e+00 -3.2645e+00 +3.1672e+00 -3.4795e+00 +2.7965e+00 +8.6968e-01 +8.7487e-01 +2.6651e+00
27 0 +4.529075736e+06 +4.528905536e+06 +4.528905536e+06 -2.0165e+00 -3.7164e+00 +2.9951e+00 +3.9682e+00 -9.8491e-02 +2.6536e+00 +1.5174e+00 -1.6054e+00 +2.4804e+00 +3.4136e+00
81 0 +2.091468715e+06 +2.091298515e+06 +2.091298515e+06 -3.2271e+00 -1.1441e+00 +4.9324e+00 -3.2645e+00 +4.3073e+00 -3.7139e+00 +2.7965e+00 +3.8829e+00 +8.7487e-01 +5.0000e+00
205 0 +1.048861657e+06 +1.048691457e+06 +1.048691457e+06 +2.8455e+00 +5.0000e+00 -4.5186e+00 +3.0282e+00 +4.1287e+00 +1.0930e+00 +5.0000e+00 -9.1469e-01 +7.4129e-01 -8.0292e-01
267 0 +8.869211459e+05 +8.867509459e+05 +8.867509459e+05 -2.0165e+00 -3.7164e+00 +2.9951e+00 +3.9682e+00 -9.8491e-02 +2.6536e+00 +1.5174e+00 +4.3462e+00 +1.1582e-01 +3.4136e+00
269 0 +5.609129472e+05 +5.607427472e+05 +5.607427472e+05 +1.1582e+00 +2.0706e+00 -1.5602e+00 +3.6120e+00 +4.3596e+00 +1.9079e-01 +1.9306e+00 -2.5668e+00 +2.4441e+00 +2.5885e+00
431 0 +1.962915694e+05 +1.961213694e+05 +1.961213694e+05 +3.2652e+00 -8.2317e-01 -5.0000e+00 +5.7602e-01 +5.0000e+00 +3.2246e+00 +2.3763e+00 -7.4877e-01 +1.6537e+00 +3.2500e+00
645 0 +1.152293193e+05 +1.150591193e+05 +1.150591193e+05 +2.8455e+00 +2.4751e+00 -4.5186e+00 +3.0282e+00 +5.0000e+00 +3.7686e+00 +5.0000e+00 -9.1469e-01 +7.4129e-01 -1.7316e+00
699 0 +1.126946812e+05 +1.125244812e+05 +1.125244812e+05 -5.0000e+00 +1.1971e+00 -8.3233e-01 +3.7565e+00 +5.0000e+00 -2.3371e+00 +5.6127e-01 +3.2837e+00 -2.4044e+00 +1.7119e+00
1163 0 +8.875992777e+04 +8.858972777e+04 +8.858972777e+04 +2.7714e+00 -2.1756e+00 -4.9002e+00 -2.3142e-01 +4.8314e+00 +1.5308e+00 +3.9454e+00 -1.4297e-01 -1.0467e+00 +3.8524e+00
1283 0 +4.200876384e+04 +4.183856384e+04 +4.183856384e+04 +1.6497e+00 -2.1756e+00 -5.0000e+00 +1.1719e+00 +3.1981e+00 +1.5308e+00 +3.9454e+00 +1.7714e+00 -1.0467e+00 +3.8524e+00
3083 0 +3.173579792e+04 +3.156559792e+04 +3.156559792e+04 +1.6497e+00 -2.1756e+00 -5.0000e+00 +1.1719e+00 +3.1981e+00 +1.3403e+00 +3.9454e+00 +1.7714e+00 -1.0467e+00 +3.8524e+00
7523 0 +1.965856932e+04 +1.948836932e+04 +1.948836932e+04 +1.6497e+00 -2.1756e+00 -5.0000e+00 +1.1719e+00 +3.1981e+00 +1.3403e+00 +1.8474e+00 +1.7714e+00 -9.1687e-01 +4.3509e+00
10015 0 +1.866879044e+04 +1.849859044e+04 +1.849859044e+04 +1.0221e+00 +5.1848e-01 -5.0000e+00 +3.0860e+00 +1.8269e+00 +1.6004e+00 +4.8489e+00 +1.6625e+00 +2.4259e+00 +3.2695e+00
14075 0 +1.812909192e+04 +1.795889192e+04 +1.795889192e+04 +1.9121e+00 +2.0918e+00 -5.0000e+00 +5.0000e+00 +2.7279e+00 +2.2892e+00 +3.9747e+00 +1.4864e+00 +5.7411e-01 -3.1253e-01
26319 0 +1.675659968e+04 +1.658639968e+04 +1.658639968e+04 -1.0827e+00 -1.9612e+00 -4.8317e+00 +1.0409e+00 +5.0000e+00 -7.0325e-01 +3.0414e+00 +1.2328e+00 -2.0439e+00 +4.5425e+00
27403 0 +1.556798443e+04 +1.539778443e+04 +1.539778443e+04 +1.6497e+00 -2.1756e+00 -5.0000e+00 +9.4114e-01 +3.1981e+00 +1.3403e+00 +1.8474e+00 +1.7714e+00 -1.2599e+00 +4.4088e+00
% f evaluations | g evaluations | best noise-free fitness - Fopt (-4.697500000000e+02) + sum g_i+ | measured fitness | best measured fitness or single-digit g-values | x1 | x2...
1 0 +1.664722381e+07 +1.664675406e+07 +1.664675406e+07 -2.4949e+00 +3.9906e+00 -2.8251e+00 +2.9510e+00 -3.8161e+00 -4.7902e-01 +4.3726e+00 -4.7167e+00 +9.5803e-01 +1.2874e+00
2 0 +6.227009173e+06 +6.226539423e+06 +6.226539423e+06 +3.3481e+00 -3.7861e+00 +2.1371e+00 +1.9723e+00 +2.0426e-01 +2.7560e+00 -3.0789e-01 -3.8068e+00 +4.4837e+00 +8.2652e-01
5 0 +5.616020374e+06 +5.615550624e+06 +5.615550624e+06 +1.0109e+00 -2.3288e+00 -6.2378e-01 +1.4850e+00 +2.6838e+00 -2.1872e-02 +3.0020e+00 -1.3240e+00 +4.9618e+00 +3.4579e+00
7 0 +1.723398364e+06 +1.722928614e+06 +1.722928614e+06 +4.7432e+00 -3.5541e+00 -3.1494e-01 -4.2635e+00 -1.0714e+00 +6.8438e-01 +7.2659e-01 -1.1629e+00 +4.6464e+00 +2.2035e-01
9 0 +1.513678518e+06 +1.513208768e+06 +1.513208768e+06 -7.1195e-01 -2.0339e+00 +1.6911e+00 +3.5746e+00 -4.2881e+00 -3.6264e+00 +1.4204e+00 +1.1951e+00 -1.0327e+00 +2.1280e+00
69 0 +9.421674486e+05 +9.416976986e+05 +9.416976986e+05 +1.0109e+00 -2.3288e+00 -3.3191e+00 +1.4850e+00 +2.6838e+00 -2.1872e-02 -4.7690e-01 -1.3240e+00 +4.9618e+00 -1.6619e+00
107 0 +8.200357091e+05 +8.195659591e+05 +8.195659591e+05 -1.3614e+00 -5.0000e+00 -3.6922e+00 +1.1242e+00 +1.8597e+00 -5.6576e-01 -2.1684e+00 +1.3174e+00 +1.9262e+00 -3.2512e+00
125 0 +7.385733564e+05 +7.381036064e+05 +7.381036064e+05 +1.6610e+00 -5.0000e+00 -2.3249e+00 +3.5434e+00 -2.2250e+00 +3.0240e+00 -2.0360e+00 -1.7185e+00 +2.5209e+00 +4.3339e+00
191 0 +4.968028709e+05 +4.963331209e+05 +4.963331209e+05 +2.3295e+00 -1.2010e+00 +1.3404e+00 -2.3627e+00 +1.6184e+00 +5.0000e+00 -2.5347e+00 -1.3059e+00 -1.5179e-01 +1.0892e+00
271 0 +4.545828406e+05 +4.541130906e+05 +4.541130906e+05 +3.2467e+00 -1.2010e+00 +1.3404e+00 -2.3627e+00 +1.6184e+00 +3.3289e+00 -1.0974e+00 -1.3059e+00 +2.4527e+00 +1.0892e+00
353 0 +3.194031424e+05 +3.189333924e+05 +3.189333924e+05 +2.3586e+00 -3.5541e+00 -1.9666e+00 +2.5465e+00 -1.0714e+00 +6.8438e-01 +7.2659e-01 -3.3687e+00 +4.6464e+00 +2.2035e-01
471 0 +2.369120415e+05 +2.364422915e+05 +2.364422915e+05 +3.2467e+00 -1.2010e+00 +1.3404e+00 -2.3627e+00 +1.6184e+00 +2.7520e+00 -2.8818e+00 -1.3059e+00 +2.4527e+00 +3.5392e+00
591 0 +1.611594076e+05 +1.606896576e+05 +1.606896576e+05 +1.1319e+00 -1.2010e+00 -3.5823e+00 +2.8706e+00 +1.6184e+00 +2.7520e+00 -2.8818e+00 -1.3059e+00 +2.4527e+00 +3.5392e+00
897 0 +9.116811735e+04 +9.069836735e+04 +9.069836735e+04 +2.0275e+00 +3.7384e-01 -4.1124e+00 +5.0000e+00 +3.0796e+00 +5.0000e+00 -1.8454e+00 -8.1390e-01 +8.5077e-01 +3.2926e+00
1131 0 +8.185847445e+04 +8.138872445e+04 +8.138872445e+04 -8.5969e-01 -2.9326e+00 +4.2730e-01 +3.9074e+00 +1.9765e+00 +6.8438e-01 +1.4269e+00 -7.4535e-01 +4.4525e+00 +3.2860e+00
1363 0 +7.657224865e+04 +7.610249865e+04 +7.610249865e+04 -1.6022e+00 -3.7005e+00 -1.4127e+00 +3.1024e+00 +3.1079e+00 -1.0099e+00 -2.8029e+00 -2.0346e+00 +5.0000e+00 +5.0000e+00
1475 0 +6.434420635e+04 +6.387445635e+04 +6.387445635e+04 +1.6454e+00 -2.2465e+00 +2.2317e+00 -2.4530e-02 -6.7998e-01 +4.8115e+00 +8.5469e-01 -4.9701e+00 +3.1056e+00 +4.1846e+00
2701 0 +4.813982291e+04 +4.767007291e+04 +4.767007291e+04 +1.1060e+00 -3.5719e+00 +4.9402e+00 -2.4333e+00 -6.6015e-01 +1.9275e+00 +9.3793e-01 -5.0000e+00 +5.0000e+00 +4.5899e+00
2849 0 +4.419619094e+04 +4.372644094e+04 +4.372644094e+04 +3.3168e+00 -2.2567e+00 +2.3357e+00 -3.3938e+00 -1.2358e+00 +5.0000e+00 -1.9525e+00 -2.4850e+00 +8.5077e-01 +3.8052e+00
4929 0 +3.364425108e+04 +3.317450108e+04 +3.317450108e+04 +3.3168e+00 -2.2567e+00 +2.3357e+00 -3.6870e+00 -1.2358e+00 +5.0000e+00 -1.9525e+00 -2.4850e+00 +8.5077e-01 +3.4144e+00
5335 0 +2.714924781e+04 +2.667949781e+04 +2.667949781e+04 +1.0087e+00 -4.0827e+00 +5.0000e+00 -3.6633e+00 -5.6763e-01 -1.1980e-01 -7.9693e-01 -1.0559e+00 +5.0000e+00 +4.9284e+00
7117 0 +1.579844544e+04 +1.532869544e+04 +1.532869544e+04 -1.5269e+00 -4.3295e+00 +4.2945e+00 +3.5746e+00 -1.5209e+00 +1.4806e+00 +2.9738e+00 -4.2480e-01 +1.0627e+00 +2.6250e+00
7317 0 +1.305034916e+04 +1.258059916e+04 +1.258059916e+04 -1.5269e+00 -4.3295e+00 +4.2945e+00 +3.5746e+00 -1.5209e+00 +1.4806e+00 +3.1100e+00 -4.2480e-01 +1.0627e+00 +2.6250e+00
11571 0 +1.285274162e+04 +1.238299162e+04 +1.238299162e+04 -8.5969e-01 -2.9326e+00 +4.2730e-01 +5.0000e+00 +1.2458e+00 -4.8940e-01 +3.1895e-02 +1.9812e+00 +2.8221e+00 +3.8837e+00
11599 0 +1.193297641e+04 +1.146322641e+04 +1.146322641e+04 +7.1063e-01 -4.2355e+00 +3.7915e+00 -2.3784e+00 -1.0274e+00 +1.2438e+00 -2.0239e+00 +5.4441e-01 +1.2201e+00 +4.0592e+00
17611 0 +1.024250762e+04 +9.772757621e+03 +9.772757621e+03 -8.5969e-01 -2.9326e+00 +4.2730e-01 +5.0000e+00 +1.2458e+00 -4.8940e-01 +3.1895e-02 +1.9812e+00 +2.8221e+00 +3.9721e+00
18971 0 +9.309188243e+03 +8.839438243e+03 +8.839438243e+03 -8.5969e-01 -2.7573e+00 +4.2730e-01 +5.0000e+00 +1.2458e+00 -4.0707e-01 +3.1895e-02 +1.5644e+00 +2.8221e+00 +3.9721e+00
23359 0 +8.976109705e+03 +8.506359705e+03 +8.506359705e+03 +7.1063e-01 -4.2355e+00 +4.1266e+00 -2.3784e+00 -1.0274e+00 +1.2438e+00 -2.0239e+00 -3.3324e-01 +1.2201e+00 +4.0592e+00
28419 0 +6.207170441e+03 +5.737420441e+03 +5.737420441e+03 +8.8974e-01 -2.1333e+00 +5.0000e+00 +2.7950e-01 -8.2769e-01 +5.0000e+00 +1.8587e+00 -2.8397e+00 +9.7038e-01 +4.2072e+00
31883 0 +5.147446209e+03 +4.677696209e+03 +4.677696209e+03 -1.6022e+00 -2.1891e+00 -1.3550e+00 +5.0000e+00 +3.1079e+00 -1.0099e+00 -2.8029e+00 +2.0037e+00 +2.6642e+00 +5.0000e+00
35463 0 +4.357041167e+03 +3.887291167e+03 +3.887291167e+03 +8.6552e-01 -2.2650e+00 +3.7976e+00 +6.6012e-01 +1.1009e+00 +1.8272e+00 +1.9212e+00 +9.8792e-01 +4.9695e+00 +4.7247e+00
% f evaluations | g evaluations | best noise-free fitness - Fopt (1.472000000000e+01) + sum g_i+ | measured fitness | best measured fitness or single-digit g-values | x1 | x2...
1 0 +1.396096289e+06 +1.396111009e+06 +1.396111009e+06 -3.3858e+00 +1.7573e+00 +2.7976e+00 +1.6535e+00 -3.4584e+00 +8.7193e-01 -3.6777e+00 -4.6282e+00 +3.6014e+00 +1.5788e+00
10 0 +1.211094478e+06 +1.211109198e+06 +1.211109198e+06 -2.8176e-02 -1.5683e+00 -3.4032e+00 +1.8293e+00 +1.7295e+00 +3.2347e-01 -6.0804e-01 -4.6466e+00 +2.3060e+00 -3.8630e+00
35 0 +6.783939236e+05 +6.784086436e+05 +6.784086436e+05 +2.1035e-01 +5.0000e+00 -1.9492e+00 +4.2205e+00 +2.3281e+00 +1.9916e+00 +3.7163e-02 -2.2997e+00 -5.7032e-01 -2.5420e+00
41 0 +5.850091439e+05 +5.850238639e+05 +5.850238639e+05 -1.5260e+00 +3.0431e+00 -2.8413e+00 -2.3780e+00 -4.1008e+00 -6.4076e-01 +1.2217e+00 -5.0000e+00 +5.0000e+00 -2.6521e+00
85 0 +4.294673932e+05 +4.294821132e+05 +4.294821132e+05 -4.2575e+00 +4.9410e+00 +7.9905e-01 +1.8455e+00 +2.0046e+00 +1.1631e+00 -3.4140e-01 -5.0000e+00 +4.4865e-01 -1.4483e+00
497 0 +4.222860150e+05 +4.223007350e+05 +4.223007350e+05 -2.3931e+00 +5.0000e+00 +5.0580e-02 -3.5634e+00 +3.0914e-01 +2.7267e+00 -1.4152e+00 -2.7908e+00 -1.2900e+00 +5.0000e+00
553 0 +3.329299622e+05 +3.329446822e+05 +3.329446822e+05 -1.0425e+00 +4.4280e+00 -3.3291e+00 -4.2719e+00 -2.6958e+00 +2.8511e+00 +1.3103e+00 -1.6678e+00 +3.5624e+00 -3.5268e+00
555 0 +3.305293914e+05 +3.305441114e+05 +3.305441114e+05 +2.1035e-01 +1.9471e+00 -5.0000e+00 +8.4153e-01 -2.6271e-02 +1.9916e+00 -1.5674e+00 +6.0552e-01 -5.7032e-01 -1.4867e+00
617 0 +3.232607435e+05 +3.232754635e+05 +3.232754635e+05 -2.3931e+00 +3.1719e+00 -5.9157e-01 -4.3273e+00 +3.0914e-01 +2.7267e+00 -1.4152e+00 -2.7908e+00 -1.2900e+00 -4.4841e+00
627 0 +2.695132391e+05 +2.695279591e+05 +2.695279591e+05 +4.7280e+00 +5.0000e+00 -2.4170e+00 -9.2581e-01 -1.5922e+00 +5.0000e+00 +1.5768e+00 -1.1633e+00 +9.5047e-01 -1.8075e-01
817 0 +9.568221427e+04 +9.569693427e+04 +9.569693427e+04 -2.3931e+00 +3.1719e+00 -5.9157e-01 -4.6822e+00 +6.6641e-01 +2.7267e+00 -1.4152e+00 -2.7858e+00 -1.2900e+00 -1.8280e+00
871 0 +9.154914923e+04 +9.156386923e+04 +9.156386923e+04 -5.0000e+00 +1.9345e+00 -2.8814e-01 +2.6430e+00 +4.4092e+00 +3.9836e-01 -3.2132e+00 -1.7977e+00 -2.8615e+00 -2.2423e+00
1337 0 +8.503010738e+04 +8.504482738e+04 +8.504482738e+04 -2.3931e+00 +3.1719e+00 -1.8120e+00 -4.6822e+00 +6.6641e-01 +2.7267e+00 -1.4152e+00 -8.1639e-01 -1.2900e+00 -7.1372e-01
1979 0 +6.851328196e+04 +6.852800196e+04 +6.852800196e+04 -2.3689e-01 +3.0633e+00 -5.0000e+00 +9.6250e-01 -1.4280e+00 +1.9559e+00 -7.4461e-01 +2.9306e+00 +2.6437e+00 -4.1920e-01
2539 0 +3.013902694e+04 +3.015374694e+04 +3.015374694e+04 -2.3689e-01 +2.9781e+00 -5.0000e+00 +9.6250e-01 -1.4280e+00 +1.9559e+00 -1.0052e+00 +2.9306e+00 +2.6437e+00 -4.1920e-01
5689 0 +2.614147925e+04 +2.615619925e+04 +2.615619925e+04 +4.3891e-01 +3.6443e+00 -1.3941e+00 -3.2564e+00 -3.5913e-01 +4.7380e+00 -1.6905e+00 +9.3001e-01 +2.3276e-02 -8.2714e-01
6939 0 +2.542207958e+04 +2.543679958e+04 +2.543679958e+04 -8.5014e-01 +2.9781e+00 -5.0000e+00 +9.6250e-01 -1.4280e+00 +1.9559e+00 -1.2913e+00 +2.9306e+00 +2.6437e+00 -4.1920e-01
10981 0 +1.983117664e+04 +1.984589664e+04 +1.984589664e+04 +2.5182e+00 +3.2932e+00 -2.6695e+00 -1.8171e+00 -5.6198e-02 +5.0000e+00 -5.2768e-01 -8.5687e-01 +7.6529e-01 -1.5862e+00
15093 0 +1.807909419e+04 +1.809381419e+04 +1.809381419e+04 +6.6924e-01 +3.4232e+00 -4.7256e+00 +5.8330e-02 -2.2239e-01 +4.3636e+00 -1.8731e+00 +4.6730e+00 +2.1351e+00 -3.1171e-01
17201 0 +1.488004021e+04 +1.489476021e+04 +1.489476021e+04 -9.2827e-01 +3.7823e+00 -5.0000e+00 +5.5176e-01 -1.4808e+00 +2.2484e+00 -5.1558e-01 +9.3261e-01 +3.7783e+00 -1.0203e+00
27855 0 +1.461330461e+04 +1.462802461e+04 +1.462802461e+04 +4.6866e+00 +2.0206e+00 -2.6182e+00 +1.6205e+00 +1.2171e+00 +4.3843e+00 -5.9423e-01 -4.7054e-01 -3.2108e-01 -1.8329e+00
28591 0 +1.041240536e+04 +1.042712536e+04 +1.042712536e+04 +2.0114e+00 +2.2150e+00 -3.1971e+00 -1.9425e+00 +1.2145e+00 +3.6380e+00 -1.0319e+00 +1.3840e+00 -2.1999e+00 -1.6559e+00
31131 0 +8.708287443e+03 +8.723007443e+03 +8.723007443e+03 +1.2863e+00 +3.3616e+00 -4.0452e+00 -2.9392e+00 -6.0876e-01 +4.7869e+00 -1.5117e+00 +3.4403e+00 +5.5666e-01 -7.4239e-01
32031 0 +6.728253764e+03 +6.742973764e+03 +6.742973764e+03 +2.0114e+00 +2.2150e+00 -3.1971e+00 -1.9425e+00 +1.2145e+00 +3.6380e+00 -1.0319e+00 +1.3840e+00 -1.9589e+00 -1.4184e+00
37791 0 +5.769435876e+03 +5.784155876e+03 +5.784155876e+03 +2.0663e+00 +2.2150e+00 -3.1971e+00 -1.9425e+00 +1.2145e+00 +3.6380e+00 -1.0319e+00 +1.3840e+00 -1.9589e+00 -1.4184e+00
% f evaluations | g evaluations | best noise-free fitness - Fopt (-1.859400000000e+02) + sum g_i+ | measured fitness | best measured fitness or single-digit g-values | x1 | x2...
1 0 +1.106524074e+06 +1.106338134e+06 +1.106338134e+06 -2.5954e+00 +2.9946e+00 +2.7648e+00 +2.4210e+00 -1.5953e+00 -3.2606e+00 -4.5973e-01 -3.9639e+00 +3.8330e+00 -4.5505e+00
93 0 +1.049013401e+06 +1.048827461e+06 +1.048827461e+06 +5.3580e-01 -3.9142e+00 +6.4832e-01 -2.1132e+00 +5.7248e-01 +5.0000e+00 +5.0000e+00 +7.0121e-01 +1.3942e+00 -8.6225e-01
173 0 +9.292711885e+05 +9.290852485e+05 +9.290852485e+05 +5.3580e-01 -1.3360e+00 +6.4832e-01 -1.3386e+00 +5.7248e-01 +5.0000e+00 +5.0000e+00 +7.0121e-01 +1.3942e+00 -8.6225e-01
349 0 +6.081416437e+05 +6.079557037e+05 +6.079557037e+05 +1.7433e+00 +2.5766e+00 -2.0258e+00 +3.5285e-01 -5.0000e+00 +6.9230e-01 +1.0076e+00 -3.8448e+00 +5.0000e+00 +1.6685e+00
359 0 +3.031431585e+05 +3.029572185e+05 +3.029572185e+05 +1.7808e+00 -3.8181e+00 +3.0436e+00 +6.7573e-01 -3.6811e+00 +1.2218e-01 +9.7539e-01 -2.8038e-01 +3.0116e+00 -1.9891e+00
623 0 +2.244189919e+05 +2.242330519e+05 +2.242330519e+05 -3.2323e+00 +6.6354e-01 +5.0000e+00 +1.0474e+00 -4.2741e-01 +5.0000e+00 +9.1850e-01 -2.9977e+00 +1.2300e-01 +1.9294e+00
625 0 +1.412990384e+05 +1.411130984e+05 +1.411130984e+05 -2.9137e+00 +2.2372e+00 +1.7048e+00 -3.8724e+00 -2.3790e+00 -3.2792e-01 +1.3592e+00 -4.3310e+00 +1.6706e-01 +2.7266e+00
1057 0 +8.729644903e+04 +8.711050903e+04 +8.711050903e+04 -1.2520e+00 +3.2762e+00 +5.0000e+00 +1.4461e+00 -2.4789e+00 +3.2318e+00 +1.3801e+00 -2.6700e+00 +1.6021e+00 +5.0000e+00
1513 0 +5.488073828e+04 +5.469479828e+04 +5.469479828e+04 +6.4152e-01 -2.6138e+00 +4.3306e+00 +1.0683e+00 -3.9200e+00 +4.4737e+00 +2.1761e+00 -1.0565e+00 +6.8643e-01 +3.4946e+00
1745 0 +4.877358305e+04 +4.858764305e+04 +4.858764305e+04 -2.9137e+00 +2.9800e+00 +1.7048e+00 -3.8724e+00 -2.3076e+00 -6.7810e-01 +1.3592e+00 -4.3310e+00 +1.6706e-01 -3.6279e-01
2967 0 +4.473211127e+04 +4.454617127e+04 +4.454617127e+04 +1.3395e+00 -2.2941e+00 +5.0000e+00 +4.6188e-01 -1.6776e+00 +5.0000e+00 +5.0000e+00 -1.1010e+00 +2.0360e+00 +1.6330e+00
4253 0 +4.139146435e+04 +4.120552435e+04 +4.120552435e+04 -7.5414e-01 +5.0000e+00 +8.4417e-01 -2.4081e+00 -2.4683e+00 -1.9931e+00 +1.4803e+00 -2.4375e+00 +2.1926e+00 +1.2444e+00
4473 0 +3.891433491e+04 +3.872839491e+04 +3.872839491e+04 +6.4152e-01 -2.6138e+00 +5.0000e+00 +1.0683e+00 -3.9200e+00 +4.4737e+00 +2.3750e+00 -1.0565e+00 +6.8643e-01 +3.4946e+00
4853 0 +3.538916569e+04 +3.520322569e+04 +3.520322569e+04 -1.2416e+00 +5.0000e+00 +8.4417e-01 -2.4081e+00 -2.4683e+00 -1.9931e+00 +1.4803e+00 -2.4375e+00 +2.1926e+00 +2.6124e+00
5425 0 +2.817102087e+04 +2.798508087e+04 +2.798508087e+04 -1.6143e+00 -2.8150e+00 +1.7048e+00 -3.8724e+00 -2.8380e+00 -2.4540e+00 +1.3592e+00 -4.3310e+00 +2.1458e+00 -3.6279e-01
8717 0 +2.481193212e+04 +2.462599212e+04 +2.462599212e+04 -2.3473e+00 +1.0628e+00 +1.7366e+00 -3.2161e+00 -2.5227e+00 -2.1909e+00 +1.4865e+00 -5.0000e+00 +2.1936e+00 +2.3671e+00
12635 0 +1.699079609e+04 +1.680485609e+04 +1.680485609e+04 -2.9148e-01 +5.0000e+00 +8.4417e-01 -2.7250e+00 -2.6879e+00 -2.4140e-01 +2.0806e+00 -3.5583e+00 +2.1985e+00 -3.6279e-01
13957 0 +1.023958050e+04 +1.005364050e+04 +1.005364050e+04 -2.3473e+00 +1.0628e+00 +1.7366e+00 -3.7551e+00 -2.5227e+00 -2.1909e+00 +1.4865e+00 -5.0000e+00 +2.1936e+00 +2.3671e+00
20839 0 +9.050153195e+03 +8.864213195e+03 +8.864213195e+03 -1.6654e+00 +3.9923e+00 +8.4417e-01 -3.0946e+00 -1.6479e+00 -1.0983e-01 +2.4558e+00 -4.8837e+00 +2.2785e+00 -1.9891e+00
28787 0 +7.731005991e+03 +7.545065991e+03 +7.545065991e+03 -6.8145e-01 -5.0000e+00 +5.0000e+00 -8.8146e-01 -2.5920e+00 +3.7111e+00 +3.6440e+00 -2.9248e+00 +1.2319e+00 +3.3321e+00
36173 0 +4.259843291e+03 +4.073903291e+03 +4.073903291e+03 -3.2282e-01 -9.5285e-01 +1.9497e+00 -2.4081e+00 -2.4683e+00 +2.7650e-01 +2.7473e+00 -2.4375e+00 +2.1926e+00 +1.3312e+00
% f evaluations | g evaluations | best noise-free fitness - Fopt (-8.133000000000e+01) + sum g_i+ | measured fitness | best measured fitness or single-digit g-values | x1 | x2...
1 0 +2.569372065e+07 +2.569363932e+07 +2.569363932e+07 +3.6134e+00 -2.4126e+00 -3.9264e-01 +5.9057e-02 +6.7480e-01 -1.2108e+00 +4.0918e+00 -7.7611e-01 +3.0893e+00 +8.0599e-01
2 0 +7.182215934e+05 +7.181402634e+05 +7.181402634e+05 -2.0263e+00 +1.8229e+00 -1.7040e+00 -2.8215e+00 +2.4113e+00 -3.4331e+00 +9.2544e-01 -2.9094e+00 -8.4513e-01 +3.7630e+00
19 0 +3.110659316e+05 +3.109846016e+05 +3.109846016e+05 -2.4233e+00 -3.6185e-01 +3.0160e+00 -3.4162e+00 +1.1838e+00 -1.2309e+00 +4.5725e-01 -3.5691e+00 -3.8812e+00 +3.6620e+00
489 0 +1.384666115e+05 +1.383852815e+05 +1.383852815e+05 -4.6782e+00 -1.4435e+00 +2.6051e+00 -2.8042e+00 +1.4723e+00 +1.5721e-01 -2.2116e+00 -2.7765e+00 -2.9347e+00 +1.7583e+00
823 0 +1.350635372e+05 +1.349822072e+05 +1.349822072e+05 +5.0000e+00 -4.4415e+00 -1.7040e+00 -2.0539e+00 +1.3250e+00 +5.0000e+00 +3.0098e-01 -2.7892e+00 -8.4513e-01 -7.3141e-01
1359 0 +5.929459527e+04 +5.921326527e+04 +5.921326527e+04 +5.0000e+00 -3.5515e+00 +6.8948e-01 -3.6864e+00 -7.8100e-01 -1.6851e+00 +2.3937e-01 -1.1775e-01 -2.9050e+00 +2.1046e+00
2159 0 +5.615950674e+04 +5.607817674e+04 +5.607817674e+04 +5.0000e+00 -3.5515e+00 +6.8948e-01 -3.6864e+00 -1.6823e-01 -1.8307e+00 +2.3937e-01 -1.4814e-01 -2.9439e+00 +2.1046e+00
2359 0 +4.282734468e+04 +4.274601468e+04 +4.274601468e+04 +5.0000e+00 -3.5515e+00 +6.8948e-01 -3.6864e+00 -1.6823e-01 -1.8307e+00 +6.4104e-01 -1.4814e-01 -2.9439e+00 +2.1046e+00
4755 0 +4.091868197e+04 +4.083735197e+04 +4.083735197e+04 -5.0000e+00 -1.1458e+00 -2.1952e+00 -1.5494e+00 +4.7911e-01 -3.7500e+00 +4.0750e-01 -1.3130e+00 -2.8714e+00 +9.8022e-01
5035 0 +2.602309205e+04 +2.594176205e+04 +2.594176205e+04 -5.0000e+00 -1.1458e+00 -2.1952e+00 -1.5494e+00 +8.8646e-01 -3.7500e+00 +4.0750e-01 -1.3130e+00 -2.8714e+00 +9.8022e-01
5283 0 +2.115437123e+04 +2.107304123e+04 +2.107304123e+04 -5.0000e+00 -3.8988e+00 -5.0000e+00 -4.6452e+00 -6.6360e-01 -3.0813e+00 -2.5209e-01 +1.3628e+00 +8.7370e-01 +2.4997e+00
8323 0 +1.661836377e+04 +1.653703377e+04 +1.653703377e+04 -5.0000e+00 -3.8988e+00 -5.0000e+00 -4.6452e+00 -6.6360e-01 -3.2746e+00 -2.5209e-01 +1.3628e+00 +8.7370e-01 +3.1795e+00
8643 0 +1.630700549e+04 +1.622567549e+04 +1.622567549e+04 -5.0000e+00 -3.8988e+00 -5.0000e+00 -4.6452e+00 -6.6360e-01 -3.2746e+00 -2.5209e-01 +1.3628e+00 +8.7370e-01 +2.8820e+00
8827 0 +9.509588818e+03 +9.428258818e+03 +9.428258818e+03 -2.1757e+00 -1.8612e+00 -3.2107e+00 -4.8973e+00 -3.2899e-01 +1.6504e-01 -2.3771e-02 -1.5238e+00 +1.0584e+00 +1.6409e+00
10507 0 +8.573418417e+03 +8.492088417e+03 +8.492088417e+03 -2.2836e+00 -1.8612e+00 -3.2107e+00 -4.8973e+00 -3.2899e-01 +1.6504e-01 -2.3771e-02 -1.5238e+00 +1.0584e+00 +1.6409e+00
20809 0 +5.984930942e+03 +5.903600942e+03 +5.903600942e+03 -3.4292e+00 -4.9815e+00 +1.9503e+00 -2.8042e+00 +2.7933e+00 +1.5721e-01 -2.5184e+00 -7.2277e-01 -2.4868e+00 +2.1071e+00
22087 0 +4.921729617e+03 +4.840399617e+03 +4.840399617e+03 -3.9857e+00 -1.9133e+00 -7.8764e-01 -3.5193e+00 +1.4000e+00 +1.5585e+00 -1.2096e+00 -2.7483e+00 -4.1553e-01 +5.9975e-01
30607 0 +2.615100196e+03 +2.533770196e+03 +2.533770196e+03 -3.9857e+00 -1.9133e+00 -7.8764e-01 -3.5193e+00 +1.4000e+00 +1.5585e+00 -1.2096e+00 -2.7483e+00 -4.1553e-01 +1.0522e+00
39727 0 +2.449489280e+03 +2.368159280e+03 +2.368159280e+03 -3.9857e+00 -1.9133e+00 -7.8764e-01 -3.5193e+00 +1.4000e+00 +1.5585e+00 -1.2096e+00 -2.7483e+00 -4.1553e-01 +9.9420e-01
% f evaluations | g evaluations | best noise-free fitness - Fopt (1.000000000000e+03) + sum g_i+ | measured fitness | best measured fitness or single-digit g-values | x1 | x2...
1 0 +1.454620607e+07 +1.454720607e+07 +1.454720607e+07 -4.5676e+00 -1.7579e+00 +3.2993e+00 +4.3134e+00 -2.2342e-01 +3.3049e+00 -4.8399e-01 -2.0644e+00 +3.4878e+00 +1.9459e+00
2 0 +5.525692830e+06 +5.526692830e+06 +5.526692830e+06 +2.1812e+00 +9.6281e-01 +4.8592e+00 +3.1498e+00 +1.0693e+00 -1.8758e-02 +2.6428e+00 -1.6695e+00 +5.8065e-01 +3.6821e-01
13 0 +4.962579050e+06 +4.963579050e+06 +4.963579050e+06 +2.9933e+00 +8.0954e-01 +9.7832e-01 +2.3705e+00 -7.2504e-01 -3.8911e+00 +2.4241e+00 +6.0659e-01 -4.5061e+00 -4.4895e+00
16 0 +8.644075753e+05 +8.654075753e+05 +8.654075753e+05 +3.9905e+00 -4.6354e+00 +4.5715e+00 -1.2220e+00 +2.6664e+00 -4.0994e+00 -2.4828e+00 -1.2795e+00 -6.5517e-01 -6.4718e-02
35 0 +6.621297076e+05 +6.631297076e+05 +6.631297076e+05 +4.6690e+00 +1.4291e+00 +4.5318e+00 -4.9647e-02 +2.6940e+00 -1.5434e+00 -3.4184e+00 -4.8116e+00 +5.0000e+00 -4.4696e+00
75 0 +8.139045250e+04 +8.239045250e+04 +8.239045250e+04 +5.0000e+00 -4.6856e-01 +4.5318e+00 -4.9647e-02 +2.6940e+00 -1.5434e+00 -1.4418e+00 -4.8116e+00 +5.0000e+00 -2.6962e+00
531 0 +5.534020043e+04 +5.634020043e+04 +5.634020043e+04 +3.4361e+00 +5.2810e-01 +3.0523e+00 -1.2220e+00 +3.4715e+00 -4.0994e+00 -2.4828e+00 -2.9489e+00 +2.6094e+00 -1.2170e+00
1603 0 +1.758423684e+04 +1.858423684e+04 +1.858423684e+04 +1.9401e-01 -1.5370e+00 +4.2459e+00 -8.6777e-01 -5.6216e-01 -3.6323e+00 -5.0000e+00 -5.0000e+00 -1.7008e+00 +5.0000e+00
2483 0 +1.130942436e+04 +1.230942436e+04 +1.230942436e+04 -4.5581e-02 -1.5370e+00 +4.2459e+00 -8.6777e-01 -5.6216e-01 -3.6323e+00 -5.0000e+00 -5.0000e+00 -1.7008e+00 +5.0000e+00
15479 0 +1.074409456e+04 +1.174409456e+04 +1.174409456e+04 +7.8197e-01 -4.5886e-01 +2.8162e+00 -8.6777e-01 -1.1388e+00 -5.0000e+00 -5.0000e+00 -5.0000e+00 -1.9240e-01 +1.8548e+00
16279 0 +9.625996555e+03 +1.062599656e+04 +1.062599656e+04 +2.9564e-01 -4.5886e-01 +2.8162e+00 -5.7217e-01 -1.1388e+00 -5.0000e+00 -5.0000e+00 -5.0000e+00 -1.9240e-01 +1.8548e+00
17061 0 +8.529372753e+03 +9.529372753e+03 +9.529372753e+03 -2.8926e-01 -1.8435e+00 +4.0191e+00 -1.0680e+00 +1.8204e+00 -9.2684e-01 -3.9048e+00 -3.9744e+00 -1.3023e+00 +5.0000e+00
26747 0 +8.018208129e+03 +9.018208129e+03 +9.018208129e+03 -1.4114e+00 -2.5224e+00 +3.1717e+00 -6.1556e-02 -3.7375e-01 -6.7838e-01 -4.4524e+00 -5.0000e+00 -1.3763e+00 +5.0000e+00
32767 0 +7.029226216e+03 +8.029226216e+03 +8.029226216e+03 -3.1181e-01 -9.7649e-01 +4.2127e+00 -1.8106e+00 +9.3802e-01 -3.2354e+00 -5.0000e+00 -4.2052e+00 -1.7017e+00 +5.0000e+00
33123 0 +6.438256225e+03 +7.438256225e+03 +7.438256225e+03 -4.5581e-02 -1.5370e+00 +5.0000e+00 -7.5949e-01 -3.9339e-01 -3.3343e+00 -5.0000e+00 -5.0000e+00 -1.8761e+00 +5.0000e+00
38181 0 +5.280468751e+03 +6.280468751e+03 +6.280468751e+03 -2.8926e-01 -1.6648e+00 +3.8065e+00 -1.0680e+00 +1.8204e+00 -7.1280e-01 -3.9048e+00 -3.9744e+00 -1.3023e+00 +5.0000e+00
% f evaluations | g evaluations | best noise-free fitness - Fopt (-2.965300000000e+02) + sum g_i+ | measured fitness | best measured fitness or single-digit g-values | x1 | x2...
1 0 +3.223304102e+07 +3.223274449e+07 +3.223274449e+07 -2.8749e+00 +1.0026e+00 +4.2438e+00 -2.3893e+00 +1.6518e+00 -3.9519e+00 +4.0863e+00 -3.3236e+00 +4.0214e+00 +4.1569e+00
2 0 +4.957858673e+06 +4.957562143e+06 +4.957562143e+06 +1.8409e+00 -4.9613e+00 -3.9379e-01 +1.7543e+00 +4.2482e+00 -2.3428e+00 +1.2505e+00 -1.3581e+00 -3.3784e+00 -2.0139e+00
5 0 +4.309833541e+06 +4.309537011e+06 +4.309537011e+06 -2.9442e+00 +2.1042e+00 +4.7897e+00 -3.6265e+00 -2.1821e+00 +4.0652e+00 -1.7644e+00 -2.2287e+00 -1.3871e+00 +8.0212e-02
8 0 +1.419819342e+06 +1.419522812e+06 +1.419522812e+06 -4.7072e+00 +3.4985e+00 -1.7824e-01 -2.0789e+00 -5.7437e-01 -8.8859e-01 -3.8243e+00 +8.7854e-01 -4.7228e+00 +2.4082e+00
12 0 +1.133665341e+06 +1.133368811e+06 +1.133368811e+06 -3.2580e+00 +2.2273e+00 -4.0066e+00 +3.7886e+00 +4.0101e+00 +3.5172e-01 +6.1397e-01 -2.4487e+00 -3.0803e-01 -4.9697e+00
51 0 +1.117270648e+06 +1.116974118e+06 +1.116974118e+06 +4.4052e+00 +4.4235e+00 -5.0000e+00 +2.1190e+00 -3.9997e+00 -1.8852e+00 -2.5368e+00 -1.5501e+00 -2.6521e+00 -3.0415e+00
95 0 +5.814596155e+05 +5.811630855e+05 +5.811630855e+05 +4.3326e+00 +2.6677e+00 +2.7801e+00 -2.6853e+00 +2.4093e+00 +4.5239e+00 +1.5666e+00 -1.9133e-01 +1.0274e-01 -4.7247e+00
109 0 +3.070684875e+05 +3.067719575e+05 +3.067719575e+05 +2.6937e+00 +1.5289e+00 +4.7897e+00 -1.6694e+00 +4.8103e-01 +4.0652e+00 -6.0005e-01 +5.5888e-01 +3.6767e-01 +8.0212e-02
229 0 +2.665844691e+05 +2.662879391e+05 +2.662879391e+05 +2.6937e+00 +1.5289e+00 +4.7897e+00 -1.6694e+00 +1.4105e+00 +4.0652e+00 +3.6103e-01 +5.5888e-01 +3.6767e-01 +8.0212e-02
269 0 +1.876279122e+05 +1.873313822e+05 +1.873313822e+05 +1.1255e+00 +1.5289e+00 +4.9040e+00 -1.6694e+00 +1.4105e+00 +4.0652e+00 -6.9015e-01 +5.5888e-01 +3.6767e-01 +2.5241e+00
309 0 +1.398796691e+05 +1.395831391e+05 +1.395831391e+05 +1.1255e+00 -5.7187e-01 +4.9040e+00 -1.6694e+00 +1.4105e+00 +4.0652e+00 -6.9015e-01 +5.5888e-01 +2.5813e+00 +2.5241e+00
829 0 +4.458417361e+04 +4.428764361e+04 +4.428764361e+04 +1.1255e+00 -3.3809e-01 +4.9040e+00 -1.6694e+00 +1.4105e+00 +4.0652e+00 -6.9015e-01 +2.1895e+00 +2.5813e+00 +5.0000e+00
4461 0 +4.075007140e+04 +4.045354140e+04 +4.045354140e+04 +1.7377e+00 -6.1837e-01 +5.0000e+00 +2.7708e+00 -6.4192e-02 +1.2069e+00 +3.8066e-01 +3.7123e-01 +2.9924e-02 +1.4093e+00
5181 0 +3.696999410e+04 +3.667346410e+04 +3.667346410e+04 +1.7377e+00 -6.1837e-01 +3.2600e+00 -3.2328e+00 +1.4581e+00 +2.3588e+00 +3.8066e-01 -1.0008e+00 -1.8557e+00 -8.8385e-01
6043 0 +3.227626098e+04 +3.197973098e+04 +3.197973098e+04 +1.8563e+00 +1.1427e+00 -3.4855e+00 +4.3745e+00 +5.0000e+00 +4.2864e+00 +2.7863e+00 -1.0859e+00 +1.0384e+00 +5.3397e-01
8475 0 +3.138569855e+04 +3.108916855e+04 +3.108916855e+04 -1.0981e+00 +4.7902e-01 +4.6683e+00 +4.8588e+00 +1.7917e+00 +2.0580e+00 +5.9704e-01 +1.0381e+00 +2.1561e+00 +3.9165e-01
13329 0 +2.779845920e+04 +2.750192920e+04 +2.750192920e+04 -2.3090e+00 +1.6382e+00 +5.0000e+00 +5.0000e+00 +9.9335e-01 +4.5803e+00 -1.5912e+00 -3.9036e+00 -1.9280e-03 +5.3397e-01
13843 0 +1.942802961e+04 +1.913149961e+04 +1.913149961e+04 +1.8563e+00 +7.2743e-01 -3.4855e+00 +4.2029e+00 +5.0000e+00 +4.2864e+00 +2.7863e+00 -1.0859e+00 +1.0384e+00 +5.3397e-01
15763 0 +1.481853682e+04 +1.452200682e+04 +1.452200682e+04 +1.9172e+00 +7.2743e-01 -3.4855e+00 +4.2029e+00 +5.0000e+00 +4.2864e+00 +2.7863e+00 -1.0859e+00 +1.0384e+00 +8.7452e-01
20373 0 +7.317128782e+03 +7.020598782e+03 +7.020598782e+03 +3.9360e-01 -2.9327e-01 +3.4259e+00 +1.2140e-01 +2.1550e+00 +3.3289e+00 +3.2452e-01 -2.2117e+00 -1.4277e+00 -6.9014e-02
23019 0 +6.745530214e+03 +6.449000214e+03 +6.449000214e+03 +2.6228e+00 +7.1574e-01 +2.7423e+00 -9.7676e-01 -1.3417e+00 +1.6938e+00 -3.7090e-01 -2.4367e-01 +8.4062e-01 -8.7568e-01
37179 0 +5.129516851e+03 +4.832986851e+03 +4.832986851e+03 +2.6228e+00 +7.1574e-01 +3.5266e+00 -9.7676e-01 -1.3417e+00 +1.6938e+00 -3.7090e-01 +1.8773e-01 +9.7626e-01 -1.8150e-01
% f evaluations | g evaluations | best noise-free fitness - Fopt (4.930000000000e+01) + sum g_i+ | measured fitness | best measured fitness or single-digit g-values | x1 | x2...
1 0 +2.683548109e+07 +2.683553039e+07 +2.683553039e+07 +4.3002e+00 +1.5313e+00 -4.7187e+00 -3.2972e-01 -7.1604e-01 +2.7433e+00 +3.2403e+00 -4.1087e-02 +4.6901e+00 +4.2920e+00
2 0 +8.708808815e+06 +8.708858115e+06 +8.708858115e+06 +4.0979e+00 +3.0943e+00 +4.2631e-01 +2.9879e+00 -2.6435e+00 -3.5581e+00 -3.3842e-01 -3.8079e+00 +3.2879e+00 -1.2445e+00
3 0 +5.796845731e+06 +5.796895031e+06 +5.796895031e+06 +4.9672e+00 +9.4730e-02 +2.1603e+00 -9.5913e-01 +3.2536e-01 +1.0102e+00 +3.8205e+00 +1.4394e+00 +3.7248e+00 -2.6935e+00
8 0 +4.884551234e+06 +4.884600534e+06 +4.884600534e+06 -2.2172e+00 +1.1031e+00 +6.0450e-01 +4.0189e-01 -4.1082e+00 +1.8926e+00 -3.4259e+00 -8.9755e-01 +4.1597e-01 -3.8962e+00
10 0 +3.569197707e+06 +3.569247007e+06 +3.569247007e+06 -4.7248e+00 +3.1300e+00 +9.8110e-01 -1.6450e+00 +7.1996e-01 -2.2898e+00 -9.2739e-01 -2.6721e+00 -4.0592e+00 +1.9996e+00
16 0 +3.519829010e+06 +3.519878310e+06 +3.519878310e+06 -1.1202e+00 +4.2074e+00 +1.7144e+00 -3.3441e+00 -2.6501e+00 +2.0713e+00 +1.2337e+00 -1.8755e-01 +3.6029e+00 -1.3768e+00
21 0 +1.842624855e+06 +1.842674155e+06 +1.842674155e+06 +4.3002e+00 +1.5313e+00 -4.7187e+00 -3.2972e-01 -7.1604e-01 +2.7433e+00 -7.3190e-01 -1.5252e+00 -2.8508e+00 +4.2920e+00
49 0 +5.330135248e+05 +5.330628248e+05 +5.330628248e+05 +2.5965e-01 +4.2451e+00 +3.1266e+00 +2.8864e+00 -8.1356e-01 +3.2597e+00 -1.2878e-01 +5.9026e-01 -4.4943e+00 +5.5563e-01
157 0 +3.835130850e+05 +3.835623850e+05 +3.835623850e+05 -5.0000e+00 +1.3549e+00 +1.5224e-01 -2.7944e+00 -4.8133e-01 +2.6469e+00 -2.5226e+00 -1.6979e+00 +2.0158e+00 +1.9655e+00
167 0 +3.523021015e+05 +3.523514015e+05 +3.523514015e+05 -1.3918e+00 +2.7453e+00 +3.9936e+00 +3.3321e+00 +2.9158e+00 +5.0000e+00 -1.5794e+00 +3.2139e+00 -4.7081e+00 -1.6129e+00
209 0 +2.391199879e+05 +2.391692879e+05 +2.391692879e+05 +2.5965e-01 +4.2451e+00 +3.1266e+00 +2.8864e+00 -8.1356e-01 +3.2597e+00 -1.2878e-01 +2.0891e+00 -4.4943e+00 +5.5563e-01
637 0 +1.045176155e+05 +1.045669155e+05 +1.045669155e+05 -2.2685e+00 +1.9665e+00 +1.5224e-01 -3.1040e-01 -4.8133e-01 +2.6469e+00 -2.7766e+00 -1.6979e+00 +2.0158e+00 +1.9655e+00
2581 0 +2.542757020e+04 +2.547687020e+04 +2.547687020e+04 -1.1209e+00 +3.8451e-01 +7.8946e-01 -4.9580e-02 +1.0840e-01 +1.5393e+00 -7.3190e-01 -1.7636e+00 +3.2482e-01 +4.2920e+00
6007 0 +1.825879508e+04 +1.830809508e+04 +1.830809508e+04 -1.3918e+00 +2.7453e+00 +3.6780e+00 +1.4113e+00 +4.2417e+00 +3.5355e+00 +3.3901e-01 +3.2139e+00 -5.0000e+00 -1.1284e-01
15041 0 +1.481114620e+04 +1.486044620e+04 +1.486044620e+04 -8.0448e-01 +6.3893e-01 +3.4522e+00 +2.4276e+00 +6.9030e-01 +1.3171e+00 -3.6897e+00 +1.6923e+00 -1.9508e-01 +2.5052e+00
18761 0 +1.191954225e+04 +1.196884225e+04 +1.196884225e+04 -8.0448e-01 +6.3893e-01 +3.4522e+00 +9.7901e-01 +1.2014e+00 +1.3171e+00 -3.6897e+00 +2.5252e+00 -1.9508e-01 +2.1269e+00
34277 0 +1.137160231e+04 +1.142090231e+04 +1.142090231e+04 -2.2685e+00 +1.6265e+00 +1.3500e+00 -8.3887e-02 +3.6536e-01 +3.5419e+00 -2.7766e+00 -5.7427e-01 +1.1519e+00 +1.9655e+00
% f evaluations | g evaluations | best noise-free fitness - Fopt (1.127300000000e+02) + sum g_i+ | measured fitness | best measured fitness or single-digit g-values | x1 | x2...
1 0 +7.110206670e+06 +7.110319400e+06 +7.110319400e+06 -4.1569e+00 -4.8935e+00 -4.4176e+00 +7.1761e-01 -1.2428e+00 +1.0713e+00 +4.0009e+00 -4.9852e+00 -1.9052e+00 +1.8072e+00
3 0 +4.496571120e+06 +4.496683850e+06 +4.496683850e+06 +3.6937e+00 -3.4805e+00 -3.2005e+00 +7.3766e-01 -4.2840e-01 +1.3107e+00 -3.1669e+00 +2.3190e+00 -3.4545e+00 +1.6841e+00
11 0 +4.033417772e+06 +4.033530502e+06 +4.033530502e+06 +4.1824e+00 +1.4827e+00 +3.7196e+00 -2.1169e+00 +4.4718e+00 -1.4374e-02 -1.7978e+00 -4.1722e+00 +1.5353e-01 +2.3656e+00
12 0 +7.974816834e+05 +7.975944134e+05 +7.975944134e+05 -4.3149e+00 -2.0882e+00 +8.2435e-01 -1.6407e+00 -1.9807e+00 -7.4559e-01 +2.0252e+00 -1.7224e+00 -3.9795e+00 -1.9484e+00
89 0 +6.346612039e+05 +6.347739339e+05 +6.347739339e+05 -5.0000e+00 +1.4309e+00 +4.1967e+00 -7.5238e-01 +3.7482e+00 -1.9574e+00 -2.8406e+00 -3.8575e+00 +1.3799e+00 +9.1002e-01
97 0 +1.067099905e+05 +1.068227205e+05 +1.068227205e+05 -2.0905e+00 +5.0859e-01 +5.0000e+00 +4.0576e-01 +3.9298e+00 +1.3224e+00 -3.9870e+00 +2.8929e-01 +1.5925e+00 +9.2533e-01
759 0 +6.943321503e+04 +6.954594503e+04 +6.954594503e+04 +4.3132e+00 -4.3509e-01 +3.7196e+00 -1.2403e+00 -3.5773e+00 +4.4782e+00 +5.0000e+00 +5.7598e-01 +4.1855e+00 +1.3680e+00
1117 0 +4.519866455e+04 +4.531139455e+04 +4.531139455e+04 -4.9992e+00 +3.3569e+00 +4.3598e+00 +6.9784e-01 +3.9465e+00 -2.7070e+00 -2.9646e+00 -2.8251e+00 +1.5560e+00 +1.5199e+00
3443 0 +4.179873168e+04 +4.191146168e+04 +4.191146168e+04 -5.0000e+00 +5.7078e-01 +5.9350e-01 -5.0000e+00 -4.1166e-01 -5.7998e-01 -4.0277e+00 -5.6142e-01 -2.2138e-02 -4.5601e-01
4043 0 +3.680360466e+04 +3.691633466e+04 +3.691633466e+04 -5.0000e+00 +5.7078e-01 +5.9350e-01 -4.0222e+00 -4.1166e-01 -5.7998e-01 -4.0277e+00 -5.6142e-01 -2.2138e-02 -4.5601e-01
8233 0 +2.236257833e+04 +2.247530833e+04 +2.247530833e+04 -4.9422e+00 -1.0790e-01 -3.8476e+00 -2.0310e+00 -5.0000e+00 -1.4344e+00 -3.6484e+00 -3.5934e-01 -7.7456e-01 -1.1067e+00
10873 0 +1.923474416e+04 +1.934747416e+04 +1.934747416e+04 -4.9422e+00 -1.0790e-01 -3.4895e+00 -2.0310e+00 -5.0000e+00 -1.4344e+00 -2.9821e+00 -3.5934e-01 -7.7456e-01 -1.1067e+00
21977 0 +1.795665694e+04 +1.806938694e+04 +1.806938694e+04 -3.6860e+00 +5.0859e-01 -5.4534e-02 -7.1090e-01 -7.1134e-01 +1.0306e+00 -1.4175e+00 -8.9051e-02 -3.0712e-01 +9.2533e-01
23537 0 +9.132897499e+03 +9.245627499e+03 +9.245627499e+03 -3.6860e+00 +5.0859e-01 -5.4534e-02 -2.4527e+00 -7.1134e-01 +1.0306e+00 -1.4175e+00 -8.9051e-02 -3.0712e-01 +9.2533e-01
27787 0 +6.322548474e+03 +6.435278474e+03 +6.435278474e+03 -2.2209e-01 +5.0859e-01 +4.0803e-01 +2.1522e+00 -1.3578e+00 -1.5176e+00 -1.8249e+00 -1.4470e+00 +3.2269e+00 +1.3820e+00
% f evaluations | g evaluations | best noise-free fitness - Fopt (1.700000000000e-01) + sum g_i+ | measured fitness | best measured fitness or single-digit g-values | x1 | x2...
1 0 +2.109344701e+06 +2.109344871e+06 +2.109344871e+06 +2.1444e+00 -2.7506e+00 +1.2444e+00 +3.2201e+00 -4.8437e+00 +4.8220e-01 +2.5662e+00 -3.2498e+00 +1.4075e+00 +9.4357e-01
6 0 +1.887623568e+06 +1.887623738e+06 +1.887623738e+06 +3.3228e+00 -4.1548e+00 +5.2602e-01 -1.8303e+00 -2.6067e+00 -2.7678e+00 -3.8538e+00 +1.8812e+00 -3.0888e+00 -3.3234e-01
9 0 +6.544548143e+05 +6.544549843e+05 +6.544549843e+05 +2.2122e+00 +3.4046e-01 -2.2428e+00 +1.9463e+00 +2.7723e+00 +3.0084e+00 +1.7737e+00 -4.4036e+00 +9.0576e-01 +3.2663e+00
16 0 +3.566646248e+05 +3.566647948e+05 +3.566647948e+05 +2.8826e+00 +5.7393e-01 +4.1687e-01 -1.8718e+00 -2.3447e+00 -3.8222e+00 +3.9093e+00 -2.7701e+00 -4.1473e+00 +4.0622e-02
131 0 +9.824965076e+04 +9.824982076e+04 +9.824982076e+04 +2.8826e+00 +5.7393e-01 +4.1687e-01 +7.4438e-01 +5.1966e-01 -3.8222e+00 +3.9093e+00 -2.7701e+00 -4.1473e+00 +4.0622e-02
371 0 +9.596471942e+04 +9.596488942e+04 +9.596488942e+04 +2.8826e+00 +5.7393e-01 +4.1687e-01 +5.0000e+00 +5.1966e-01 -3.8222e+00 +3.9093e+00 -2.7701e+00 -4.1473e+00 +4.0622e-02
1067 0 +7.972976354e+04 +7.972993354e+04 +7.972993354e+04 +2.5773e+00 -4.6932e-01 -1.0421e+00 +3.0052e+00 +1.2297e+00 -3.5250e+00 +4.7249e+00 -4.3237e+00 +6.3070e-01 +9.9592e-01
1315 0 +6.379411953e+04 +6.379428953e+04 +6.379428953e+04 +4.4787e+00 -4.3862e+00 +4.2414e-02 -2.9941e+00 -1.8206e-01 +4.3994e+00 -2.0885e+00 -1.4754e+00 -3.9212e+00 +1.7482e-01
2691 0 +5.916441525e+04 +5.916458525e+04 +5.916458525e+04 +2.8826e+00 +8.8628e-02 +1.1422e+00 +6.3373e-01 +5.1966e-01 -3.5629e+00 +3.9093e+00 -3.9347e+00 +5.6972e-02 +1.4440e+00
3103 0 +4.572306272e+04 +4.572323272e+04 +4.572323272e+04 +4.4369e+00 +8.0439e-01 +6.6429e-01 +5.0000e+00 +1.9604e+00 -1.6701e+00 +4.1891e+00 -1.1511e+00 -1.1120e+00 -1.1788e+00
3255 0 +1.966407414e+04 +1.966424414e+04 +1.966424414e+04 +3.9217e+00 -1.6165e+00 +1.1496e+00 +1.0029e+00 -1.4118e+00 -8.3971e-02 +3.7257e-03 -2.4604e+00 -3.2913e+00 +7.6303e-01
3295 0 +1.617179525e+04 +1.617196525e+04 +1.617196525e+04 +3.9217e+00 -1.4840e+00 +1.1496e+00 +4.2099e-01 -1.4118e+00 -8.3971e-02 +3.7257e-03 -2.4604e+00 -5.0000e+00 +7.6303e-01
3735 0 +1.427932581e+04 +1.427949581e+04 +1.427949581e+04 +3.9217e+00 -1.3254e+00 +1.1496e+00 +1.4936e+00 -1.4132e+00 -9.7345e-01 +3.7257e-03 -2.4604e+00 -5.0000e+00 +7.6303e-01
5979 0 +1.246344150e+04 +1.246361150e+04 +1.246361150e+04 +3.9469e+00 +2.2538e-01 +1.0683e+00 +1.5553e+00 -2.8559e+00 -3.3351e+00 +3.3307e+00 -3.6052e+00 -2.2663e+00 +7.3357e-01
8819 0 +1.063814515e+04 +1.063831515e+04 +1.063831515e+04 +3.9469e+00 +2.2538e-01 +1.0683e+00 +1.5553e+00 -2.8559e+00 -2.8101e+00 +3.6467e+00 -3.6052e+00 -1.5716e+00 +7.3357e-01
12419 0 +7.540438229e+03 +7.540608229e+03 +7.540608229e+03 +4.1047e+00 +2.2538e-01 +1.0683e+00 +1.5553e+00 -2.8559e+00 -2.8101e+00 +3.6467e+00 -3.6052e+00 -1.5716e+00 +7.3357e-01
19569 0 +7.054973224e+03 +7.055143224e+03 +7.055143224e+03 +2.9388e+00 +6.2621e-01 -1.0182e+00 +5.0000e+00 +6.4243e-01 -2.6279e+00 +2.7856e+00 -2.2064e+00 -5.0000e+00 +4.3420e-02
19731 0 +6.901789712e+03 +6.901959712e+03 +6.901959712e+03 +2.6239e+00 -8.2485e-01 +1.3219e+00 +1.2198e+00 -1.7834e-01 -4.5001e+00 +2.8423e+00 -4.3855e+00 +1.3870e+00 +1.8367e+00
20451 0 +6.759905816e+03 +6.760075816e+03 +6.760075816e+03 +2.6239e+00 -8.2485e-01 +9.0904e-01 +1.2198e+00 -1.7834e-01 -4.5001e+00 +2.8423e+00 -4.3855e+00 +1.3870e+00 +1.8367e+00
31961 0 +5.801109082e+03 +5.801279082e+03 +5.801279082e+03 +2.3372e+00 +6.4727e-01 +3.2987e-01 +2.9422e+00 +1.4850e+00 -5.0000e+00 +5.0000e+00 -3.9402e+00 +7.5352e-01 +9.2904e-01
32921 0 +4.906884865e+03 +4.907054865e+03 +4.907054865e+03 +2.4289e+00 +6.4727e-01 +3.2987e-01 +2.9422e+00 +1.4850e+00 -5.0000e+00 +5.0000e+00 -3.9402e+00 +7.5352e-01 +9.2904e-01
34343 0 +4.788113366e+03 +4.788283366e+03 +4.788283366e+03 +2.5804e+00 +9.0031e-01 +1.3123e+00 +3.7709e+00 +1.0146e+00 -4.9003e+00 +5.0000e+00 -3.7650e+00 +1.8523e+00 +1.0681e+00
37903 0 +4.755863549e+03 +4.756033549e+03 +4.756033549e+03 +2.5804e+00 +9.0031e-01 +1.3123e+00 +3.7709e+00 +1.0146e+00 -5.0000e+00 +5.0000e+00 -3.7650e+00 +1.8523e+00 +1.0681e+00
38109 0 +3.544548526e+03 +3.544718526e+03 +3.544718526e+03 +3.9383e+00 -1.4795e+00 +6.0345e-01 +1.6242e+00 +1.7491e+00 -2.4773e-01 +2.2432e+00 -2.3310e+00 +5.6373e-01 +7.7956e-02
% f evaluations | g evaluations | best noise-free fitness - Fopt (4.330000000000e+01) + sum g_i+ | measured fitness | best measured fitness or single-digit g-values | x1 | x2...
1 0 +1.002563609e+07 +1.002567939e+07 +1.002567939e+07 +4.2497e+00 +4.4801e+00 -3.4443e+00 +4.6752e-01 -3.7117e+00 -4.5792e-01 +3.1604e+00 +2.3057e+00 -4.5630e+00 +2.1138e-01
2 0 +1.733406254e+06 +1.733449554e+06 +1.733449554e+06 -3.0834e-01 -1.0436e+00 -2.8371e+00 +4.5449e-01 -1.8967e+00 -2.3509e+00 +4.3211e+00 -2.2287e+00 +2.6040e+00 -3.9435e+00
14 0 +1.578197845e+06 +1.578241145e+06 +1.578241145e+06 +4.9831e+00 +1.5460e+00 +4.6710e+00 +6.5643e-01 -4.8681e+00 +9.4672e-02 +7.4998e-01 -3.0073e+00 +1.3914e+00 -4.0297e+00
21 0 +8.821676427e+05 +8.822109427e+05 +8.822109427e+05 +4.2497e+00 +4.8068e+00 -3.4443e+00 +4.6752e-01 -1.4053e+00 -4.5792e-01 +3.1604e+00 +2.3057e+00 +1.6220e+00 -3.8921e+00
103 0 +8.480403624e+05 +8.480836624e+05 +8.480836624e+05 -3.0834e-01 -1.0436e+00 +3.7073e+00 +4.5449e-01 -1.8967e+00 -2.3509e+00 +4.3211e+00 -2.2287e+00 +2.6040e+00 -4.0958e+00
141 0 +7.221348675e+05 +7.221781675e+05 +7.221781675e+05 +5.0000e+00 +4.8068e+00 -3.4443e+00 +4.6752e-01 -1.4053e+00 -4.5792e-01 +2.1908e+00 +2.3057e+00 -1.3841e+00 -3.1148e+00
205 0 +5.723488832e+05 +5.723921832e+05 +5.723921832e+05 +2.6124e-01 -2.3093e+00 +3.4282e+00 +1.3127e+00 -1.1327e+00 -2.4918e+00 +4.2793e-01 -5.0000e+00 +2.0555e+00 -2.5560e+00
211 0 +2.856037065e+05 +2.856470065e+05 +2.856470065e+05 +2.7471e+00 -1.8327e+00 +2.5458e+00 +1.5011e+00 +3.6353e+00 -4.1993e-01 -2.2378e+00 +3.7320e+00 -1.1236e+00 +1.8200e+00
259 0 +1.185107834e+05 +1.185540834e+05 +1.185540834e+05 +5.0000e+00 +2.5497e-01 +2.8979e+00 +2.1894e+00 -2.6184e+00 +8.5010e-01 +1.3185e-01 +5.0000e+00 -1.7393e-01 -2.5229e+00
1699 0 +1.135333697e+05 +1.135766697e+05 +1.135766697e+05 +5.0000e+00 +2.5497e-01 +3.7997e+00 +2.1894e+00 -2.6184e+00 +8.5010e-01 +1.3185e-01 +5.0000e+00 -1.7393e-01 -2.5229e+00
2499 0 +5.581126619e+04 +5.585456619e+04 +5.585456619e+04 +6.4452e-02 +2.5497e-01 +3.7997e+00 +2.1894e+00 +4.0448e+00 +8.5010e-01 +1.3185e-01 +3.9039e+00 -2.7343e+00 -2.5229e+00
2519 0 +4.142458463e+04 +4.146788463e+04 +4.146788463e+04 +1.0096e+00 -1.2757e+00 +1.8854e+00 +3.9545e+00 +4.8632e+00 -1.1112e+00 -2.6629e+00 +2.1061e+00 -1.3381e+00 -1.0678e+00
3119 0 +2.980131415e+04 +2.984461415e+04 +2.984461415e+04 +1.0096e+00 -1.2757e+00 +1.8854e+00 +3.9545e+00 +5.0000e+00 -1.1112e+00 -2.6629e+00 +2.1061e+00 -1.3381e+00 -1.0678e+00
4079 0 +2.915489034e+04 +2.919819034e+04 +2.919819034e+04 +1.0096e+00 -1.2757e+00 +1.8543e+00 +3.9545e+00 +5.0000e+00 -1.1112e+00 -2.6629e+00 +2.1061e+00 -1.3381e+00 -1.0678e+00
5039 0 +2.870441461e+04 +2.874771461e+04 +2.874771461e+04 +1.0096e+00 -5.5680e-01 +1.8543e+00 +3.9545e+00 +5.0000e+00 -1.1112e+00 -2.6629e+00 +2.1061e+00 -1.3381e+00 -1.7161e+00
7115 0 +9.174221738e+03 +9.217521738e+03 +9.217521738e+03 +2.6658e+00 -1.0878e+00 +1.8638e+00 +5.0000e+00 +1.6531e+00 -4.5765e-01 -1.2587e+00 +2.4753e+00 -1.9994e+00 -3.2161e+00
20315 0 +8.552197662e+03 +8.595497662e+03 +8.595497662e+03 +2.6658e+00 -1.0878e+00 +1.8638e+00 +5.0000e+00 +1.6531e+00 -4.5765e-01 -1.2587e+00 +2.4248e+00 -2.2843e+00 -3.2161e+00
24515 0 +7.990518863e+03 +8.033818863e+03 +8.033818863e+03 +2.6658e+00 -1.1315e+00 +1.8638e+00 +5.0000e+00 +1.6531e+00 -4.5765e-01 -1.2587e+00 +2.4248e+00 -2.0525e+00 -3.2161e+00
27555 0 +6.768375162e+03 +6.811675162e+03 +6.811675162e+03 +2.6658e+00 -1.1315e+00 +1.8638e+00 +4.8411e+00 +1.6531e+00 -4.5765e-01 -1.2587e+00 +2.4248e+00 -2.0525e+00 -3.0675e+00
28875 0 +6.709205327e+03 +6.752505327e+03 +6.752505327e+03 +2.6658e+00 -1.1315e+00 +1.8638e+00 +4.8411e+00 +1.6531e+00 -4.5765e-01 -1.2587e+00 +2.4153e+00 -2.0525e+00 -3.0675e+00
% f evaluations | g evaluations | best noise-free fitness - Fopt (-4.122000000000e+01) + sum g_i+ | measured fitness | best measured fitness or single-digit g-values | x1 | x2...
1 0 +5.961999278e+05 +5.961587078e+05 +5.961587078e+05 -4.2528e+00 +1.8918e+00 -3.6408e+00 +3.5398e+00 +7.6036e-01 +3.9266e+00 +2.3621e+00 -3.1907e+00 +1.4090e+00 +2.0938e-02
253 0 +5.288239289e+05 +5.287827089e+05 +5.287827089e+05 +1.5519e+00 +1.2946e-01 -2.1860e+00 +4.8922e+00 -5.0000e+00 +3.2853e+00 -3.0988e-01 -3.3645e+00 +3.6690e-01 +2.3931e+00
269 0 +3.562289114e+05 +3.561876914e+05 +3.561876914e+05 +3.8533e+00 +1.5898e+00 +2.2145e+00 -9.1620e-01 +4.4871e-01 +3.0076e+00 +4.9557e+00 +5.0000e+00 +5.0000e+00 +2.1953e+00
325 0 +1.400288112e+05 +1.399875912e+05 +1.399875912e+05 +4.0202e+00 -1.5455e-01 -1.1939e+00 -2.7710e+00 +2.7257e+00 +1.1912e+00 +5.0000e+00 +4.9197e+00 +5.0000e+00 +6.8700e-01
363 0 +1.371853887e+05 +1.371441687e+05 +1.371441687e+05 +1.9193e+00 +4.5315e+00 -5.0000e+00 +4.3122e+00 -5.0000e+00 +1.6923e+00 +2.4867e+00 -1.8060e+00 +5.0000e+00 -4.7481e+00
589 0 +1.030993585e+05 +1.030581385e+05 +1.030581385e+05 +9.4818e-01 -2.2295e-01 -3.1621e+00 -9.1620e-01 -3.7257e+00 +2.8021e+00 +7.8491e-01 +1.7931e-01 -6.7719e-01 +3.0944e+00
593 0 +6.508825657e+04 +6.504703657e+04 +6.504703657e+04 +3.4047e+00 -1.7623e+00 +5.4086e-01 -3.0944e+00 -1.1151e+00 +3.0387e+00 +4.8135e+00 +5.0000e+00 +5.0000e+00 +4.9465e+00
1753 0 +6.231138261e+04 +6.227016261e+04 +6.227016261e+04 +2.0007e+00 +3.9244e+00 +5.4086e-01 -3.0944e+00 -1.1151e+00 +3.0387e+00 +1.3811e-02 +5.0000e+00 +5.0000e+00 +2.7419e+00
2113 0 +5.683773199e+04 +5.679651199e+04 +5.679651199e+04 +2.0700e+00 +3.9244e+00 +5.4086e-01 -3.0944e+00 -1.1151e+00 +3.0387e+00 +1.3811e-02 +5.0000e+00 +5.0000e+00 +2.7419e+00
2819 0 +4.194836447e+04 +4.190714447e+04 +4.190714447e+04 +3.5422e+00 +7.7355e-01 -4.6162e-01 +3.1606e-01 +2.8296e+00 +2.6473e+00 +4.6139e+00 +5.0000e+00 +4.9010e+00 +2.0683e+00
7553 0 +1.977458996e+04 +1.973336996e+04 +1.973336996e+04 +2.0700e+00 +3.9244e+00 -1.3027e-01 -5.0000e+00 -1.1151e+00 +3.0387e+00 +1.3811e-02 +5.0000e+00 +5.0000e+00 +2.7419e+00
13953 0 +1.695788232e+04 +1.691666232e+04 +1.691666232e+04 +2.0700e+00 +2.9719e+00 -1.3027e-01 -5.0000e+00 -1.8574e-01 +3.0387e+00 +1.3811e-02 +5.0000e+00 +5.0000e+00 +3.2636e+00
20251 0 +1.129692399e+04 +1.125570399e+04 +1.125570399e+04 +6.3879e-01 -4.5924e+00 -4.7371e-01 -3.7148e+00 -3.2363e+00 -2.1598e+00 +1.7959e-01 -2.1500e+00 +2.2563e+00 +2.2089e+00
25379 0 +9.157505521e+03 +9.116285521e+03 +9.116285521e+03 +5.0000e+00 +9.2538e-01 -1.4608e+00 -2.6420e+00 -1.4212e+00 +2.5020e+00 +3.6960e+00 +5.0000e+00 +4.0607e+00 +2.0683e+00
