% f evaluations | g evaluations | best noise-free fitness - Fopt (-5.494000000000e+01) + sum g_i+ | measured fitness | best measured fitness or single-digit g-values | x1 | x2...
1 0 +4.452974137e+07 +4.452968643e+07 +4.452968643e+07 -1.7103e+00 +4.1045e+00 +3.9258e+00 -7.9423e-02 -4.9787e+00 +4.1291e+00 +4.3057e+00 -4.0019e+00 -7.5122e-01 +4.0025e+00 -3.1385e+00 +4.8606e+00 +6.6241e-02 -2.8331e+00 +4.3360e+00 +1.2515e+00 +1.2422e+00 -4.3012e+00 +2.0285e+00 +2.0213e+00
2 0 +2.433680742e+07 +2.433675248e+07 +2.433675248e+07 +1.0678e+00 -9.9644e-01 +4.7897e+00 -1.8489e+00 +4.8937e+00 +3.8482e-01 +1.9916e+00 -4.6603e+00 +2.8407e+00 -4.7366e-01 +3.1780e+00 -3.1450e+00 +1.8709e+00 -2.7079e+00 +1.7457e+00 +3.8367e+00 +3.1136e+00 +2.1904e+00 -2.1165e+00 -3.1878e+00
3 0 +1.704104580e+07 +1.704099086e+07 +1.704099086e+07 +1.0784e+00 -5.0950e-01 -1.5464e+00 -3.1946e+00 -2.1078e+00 +1.2533e+00 +3.0406e+00 -2.0073e+00 +6.3827e-01 -2.6617e+00 -5.4534e-01 +2.7726e+00 +3.9832e+00 +2.2612e+00 +1.7344e+00 +3.3397e+00 +1.0515e+00 -2.1016e+00 -1.0350e+00 +3.3459e+00
4 0 +1.681749017e+07 +1.681743523e+07 +1.681743523e+07 -1.7717e+00 +2.4790e+00 -2.3988e+00 -8.5703e-01 +2.3137e+00 -4.0587e+00 -1.4570e+00 -7.1445e-01 +2.2419e+00 +4.1920e+00 -3.3911e+00 -1.4997e+00 +4.2469e+00 +4.7393e+00 -8.0694e-01 -3.7887e-01 -3.7051e+00 +6.9111e-01 +6.6738e-01 -3.9595e+00
6 0 +4.728650243e+06 +4.728595303e+06 +4.728595303e+06 +4.5505e+00 -2.9165e+00 +2.0669e+00 +6.1179e-01 +1.3083e+00 +2.1528e+00 +4.3409e+00 -1.8152e+00 -4.3703e+00 -8.4490e-01 +3.6932e+00 +4.7070e+00 +2.9189e+00 -1.1652e+00 -1.1670e+00 -2.9755e+00 -3.1909e+00 +3.5916e+00 +6.7565e-01 +3.0507e+00
8 0 +2.107476395e+06 +2.107421455e+06 +2.107421455e+06 +2.5953e+00 -3.8251e-01 -2.8114e+00 -4.3994e+00 -2.7215e+00 +2.6516e+00 -3.2167e+00 +4.9390e+00 -3.8586e-01 +1.3973e+00 +1.1394e+00 -2.1798e+00 +1.3662e+00 -3.7819e+00 +1.8366e+00 -1.1406e-01 +3.1090e+00 +2.9714e+00 -3.3300e+00 +4.7153e+00
159 0 +1.657253715e+06 +1.657198775e+06 +1.657198775e+06 -2.3787e+00 +1.4779e+00 -2.5042e+00 -2.0192e+00 +1.7848e+00 +3.8828e+00 -4.1884e+00 -1.6221e+00 -2.9832e+00 -4.3034e-01 +3.5544e-01 +3.8992e+00 +3.5509e+00 +3.5670e+00 -3.0769e+00 -4.9312e+00 +4.8126e+00 -3.7036e+00 -1.0434e+00 -1.2766e-01
443 0 +1.607121911e+06 +1.607066971e+06 +1.607066971e+06 -1.1509e-01 -5.0813e-01 -4.5138e+00 +8.9461e-03 +5.0000e+00 -5.0000e+00 -1.4300e+00 -1.5678e+00 -4.3703e+00 +1.4108e+00 +2.1195e-01 +1.7870e+00 -1.4319e+00 +2.0530e+00 +4.5507e-01 +1.7950e+00 -5.3787e-01 -3.6334e-02 +2.2970e+00 -5.0000e+00
531 0 +8.165279230e+05 +8.164729830e+05 +8.164729830e+05 -4.5066e-02 -5.0000e+00 -1.9422e+00 +1.7193e+00 +2.2166e+00 -2.9457e+00 +3.8028e+00 +1.4982e+00 -1.7085e+00 +2.7236e+00 +3.0518e+00 +4.6330e+00 -3.9747e-01 +2.6777e+00 +1.9228e-01 +3.3812e+00 +1.2388e+00 +2.9786e+00 +1.1129e+00 -1.0416e+00
539 0 +6.763234797e+05 +6.762685397e+05 +6.762685397e+05 +7.7226e-01 -5.0000e+00 -2.0886e+00 +1.9329e+00 +4.3503e+00 +2.2409e+00 -1.1355e+00 +2.5597e+00 -3.3993e+00 +1.2235e+00 +3.2027e+00 +4.8879e+00 -8.8610e-01 -1.3718e+00 +8.0281e-01 +2.0062e+00 -1.4834e+00 -1.3182e+00 +2.9830e-01 -2.4939e-01
739 0 +5.381720324e+05 +5.381170924e+05 +5.381170924e+05 +7.7226e-01 -5.0000e+00 -2.0886e+00 +1.9329e+00 +4.3503e+00 +2.2409e+00 -1.4675e+00 +2.5597e+00 -3.3993e+00 +1.2235e+00 +3.2027e+00 +4.8879e+00 -8.8610e-01 -1.3718e+00 -2.9483e+00 +2.0062e+00 -1.4834e+00 -8.5897e-01 -7.5663e-01 -2.4939e-01
2289 0 +4.927533015e+05 +4.926983615e+05 +4.926983615e+05 -1.7643e+00 -4.3082e+00 -1.1863e+00 +3.4554e+00 -3.1222e+00 +2.5371e+00 +5.0000e+00 +1.8210e+00 -3.0209e+00 -1.8298e+00 +2.0916e+00 +4.4714e+00 +4.6586e+00 -4.9405e+00 +5.0000e+00 -3.2549e+00 -3.4468e+00 +5.9105e-02 -6.5053e-01 +5.0000e+00
3899 0 +2.696905487e+05 +2.696356087e+05 +2.696356087e+05 -1.0846e+00 -5.0000e+00 -2.0886e+00 +4.1048e+00 +4.3503e+00 +2.2409e+00 -1.4675e+00 +2.5597e+00 -5.0000e+00 +1.2235e+00 +3.2027e+00 +4.8879e+00 +1.1487e+00 -1.3718e+00 +2.4448e+00 +2.0062e+00 -8.1235e-01 -1.6652e+00 +1.1827e+00 -2.4939e-01
5145 0 +2.265259274e+05 +2.264709874e+05 +2.264709874e+05 -1.0441e+00 -2.4723e+00 -1.4774e+00 +3.8053e+00 +2.4040e+00 +3.9659e+00 -4.6345e+00 +5.3581e-01 -5.0000e+00 +4.9664e+00 +1.9241e+00 +3.0123e+00 +7.9360e-01 -3.8377e+00 -2.0187e+00 +9.5659e-01 +1.8520e+00 -4.8637e+00 -4.1160e-01 +2.9488e+00
7195 0 +2.106914697e+05 +2.106365297e+05 +2.106365297e+05 +1.1832e+00 -1.0335e-01 -5.0000e+00 -1.1783e-01 +5.0000e+00 +2.8562e+00 -4.3512e+00 +2.3197e+00 -3.1793e+00 +2.4522e+00 +2.8375e+00 +1.5132e+00 +1.5302e+00 -5.0000e+00 +4.5304e-01 +1.7428e+00 +5.0000e+00 -1.6897e+00 -2.1578e-01 +3.4108e+00
7385 0 +7.515971180e+04 +7.510477180e+04 +7.510477180e+04 -1.0441e+00 -3.6026e+00 -1.4774e+00 +2.4807e+00 +2.4040e+00 +4.2948e+00 -4.6345e+00 +2.9251e-01 -5.0000e+00 +4.9664e+00 +2.0230e+00 +3.0123e+00 +7.9360e-01 -1.1279e+00 -2.0187e+00 +9.5659e-01 +1.8520e+00 -3.7053e+00 -4.1160e-01 +2.9488e+00
% f evaluations | g evaluations | best noise-free fitness - Fopt (5.913000000000e+01) + sum g_i+ | measured fitness | best measured fitness or single-digit g-values | x1 | x2...
1 0 +2.756489036e+07 +2.756494949e+07 +2.756494949e+07 -4.3638e+00 +1.3166e+00 -1.6962e+00 +4.3044e+00 -4.3805e+00 -3.6443e+00 -6.2401e-01 +2.1601e+00 -3.0393e+00 -4.9991e-01 +2.5980e+00 -5.4009e-01 +4.8670e+00 +5.1877e-01 -2.6566e+00 -4.9546e+00 -3.3135e+00 +4.7817e-01 +1.8509e+00 +2.6981e+00
2 0 +2.242778304e+07 +2.242784217e+07 +2.242784217e+07 +2.5422e+00 +1.1034e+00 +1.3099e-01 -1.2815e-01 +1.4814e+00 +1.5974e+00 +4.6697e+00 +3.7794e+00 +2.9364e+00 +4.3893e+00 -3.0004e+00 -1.2013e+00 -2.3908e+00 +7.2022e-01 -3.0872e-01 +3.4123e+00 +2.3096e+00 +5.6449e-02 +5.0090e-01 -9.8901e-01
3 0 +1.201804521e+07 +1.201810434e+07 +1.201810434e+07 -1.6271e+00 +1.1804e+00 -1.7009e+00 +3.1350e+00 +4.6690e-01 +3.9670e+00 -1.7099e+00 -1.5544e+00 -3.0411e+00 +3.6270e+00 -3.0727e+00 +8.0076e-01 +2.9491e+00 +1.8246e+00 -1.3796e+00 +2.6441e+00 -1.3476e+00 +4.4801e+00 -2.6556e+00 -4.2182e+00
4 0 +1.015737556e+07 +1.015743469e+07 +1.015743469e+07 -3.5250e-01 +4.5322e+00 -5.6294e-01 +3.2047e+00 +2.8442e-01 +2.3545e+00 -3.4399e+00 -3.1266e+00 +2.6542e+00 -4.6154e+00 +6.7187e-01 +3.1997e+00 -1.4908e+00 -4.5617e+00 +3.8827e+00 +6.2684e-01 -3.3532e+00 +3.7265e+00 -3.1886e+00 +1.3673e+00
8 0 +4.030780304e+06 +4.030839434e+06 +4.030839434e+06 -3.6008e+00 -1.7148e+00 -4.4091e+00 -1.6614e+00 -3.5038e+00 +4.1875e+00 -3.2231e+00 -1.3291e+00 -4.6735e+00 +1.0628e+00 -3.6929e+00 -4.4605e+00 +4.9698e+00 -1.9453e+00 -2.2793e+00 -3.3305e+00 +3.0465e+00 +4.9025e+00 -1.6993e+00 +3.2818e+00
49 0 +3.507160222e+06 +3.507219352e+06 +3.507219352e+06 +3.0333e+00 +4.2045e+00 +2.8605e-01 -3.0146e+00 -2.4986e+00 -4.7479e+00 +8.4054e-01 -1.0122e+00 -4.3886e+00 +5.0000e+00 +1.8871e+00 -1.4460e+00 +1.2080e+00 -1.5985e-01 -3.1594e+00 -4.9808e+00 -5.0000e+00 -4.8182e+00 +5.1238e-01 +4.5242e+00
103 0 +3.292193547e+06 +3.292252677e+06 +3.292252677e+06 -1.5235e-01 -2.0894e+00 -3.1654e+00 -1.2815e-01 -7.2113e-02 +1.5974e+00 +4.6697e+00 -3.8786e+00 -4.3833e+00 +4.3893e+00 +3.1729e-01 -5.0000e+00 +3.5444e+00 -1.3095e+00 +1.9697e+00 -5.0000e+00 +2.3096e+00 +5.0000e+00 -2.9302e+00 +3.4256e+00
121 0 +1.816174332e+06 +1.816233462e+06 +1.816233462e+06 -1.7740e+00 -3.5220e+00 -2.4655e+00 -3.3433e-01 -1.2749e+00 +5.0000e+00 -1.5066e+00 -8.0573e-01 -2.1126e-01 +1.2617e+00 +4.8157e+00 -5.0000e+00 +5.0000e+00 -2.3349e+00 -4.4307e+00 -3.9009e+00 +5.0000e+00 +5.0000e+00 -1.5261e+00 -1.6808e+00
259 0 +1.424787488e+06 +1.424846618e+06 +1.424846618e+06 +2.7349e+00 +4.6960e+00 +1.0141e+00 -1.0003e+00 -5.0000e+00 -4.7407e+00 -2.2194e+00 -9.0427e-01 -6.7909e-01 -8.2374e-01 +2.5967e+00 +1.4501e-01 +1.5192e+00 -4.0509e+00 -1.3546e+00 +3.7771e+00 +4.1804e+00 +2.1466e+00 -1.0044e+00 -4.1779e+00
441 0 +1.004941771e+06 +1.005000901e+06 +1.005000901e+06 -1.7740e+00 -3.5220e+00 -2.4655e+00 -3.3433e-01 +1.0625e-01 +5.0000e+00 -1.0867e+00 +2.8063e+00 -2.1126e-01 +3.0069e-01 -1.3493e+00 +1.4524e+00 +5.0000e+00 +4.3583e+00 -4.4307e+00 -3.9009e+00 +5.0000e+00 +5.0000e+00 +5.6893e-01 +3.7629e+00
1151 0 +9.557102616e+05 +9.557693916e+05 +9.557693916e+05 +2.5262e+00 +4.4915e+00 +1.9024e+00 -6.6478e-01 -2.1168e+00 +3.5975e+00 -1.6977e-01 +4.0379e+00 +5.9490e-01 +2.4952e+00 +5.0000e+00 +1.0137e+00 +1.7308e+00 +1.0410e+00 -5.0000e+00 -1.7050e+00 +5.0000e+00 +9.0164e-01 -3.1071e+00 -5.0000e+00
1267 0 +7.880204720e+05 +7.880796020e+05 +7.880796020e+05 +3.7002e-01 +4.5322e+00 +3.4222e+00 +1.0586e+00 +2.8442e-01 +6.2950e-01 -2.1080e+00 +5.0000e+00 +2.6542e+00 +5.9973e-01 +2.8674e+00 +3.1940e+00 -1.5129e+00 -1.1915e+00 -3.7494e+00 -5.0000e+00 -1.1457e+00 +5.0000e+00 -1.2800e+00 -1.4306e+00
1771 0 +5.913839912e+05 +5.914431212e+05 +5.914431212e+05 -5.5508e-01 +2.2323e+00 +3.4807e+00 +2.1046e+00 -1.5393e+00 -3.0377e+00 -2.2898e+00 -4.5329e-01 -2.9219e+00 +1.6850e+00 +5.0000e+00 +1.5608e+00 -4.2529e+00 +1.3246e+00 -4.3616e+00 -3.1106e+00 -2.0133e-02 +3.0631e-01 +1.7032e+00 +2.4472e+00
2247 0 +4.061463543e+05 +4.062054843e+05 +4.062054843e+05 +8.4464e-02 -2.8095e-01 -2.1393e+00 -1.1343e-01 -1.1519e+00 +1.5085e-01 -1.6183e+00 -9.5999e-01 -2.3531e+00 +3.0743e+00 +1.0402e+00 -2.6800e+00 +5.0000e+00 -8.2811e-01 -5.0000e+00 -1.5587e+00 +3.3570e+00 +5.0000e+00 -1.7004e+00 -5.5218e-01
4831 0 +3.949375789e+05 +3.949967089e+05 +3.949967089e+05 +1.9900e+00 +3.0280e+00 +1.9024e+00 -9.4575e-01 -2.8377e+00 +4.9709e+00 -3.1376e+00 +4.0379e+00 +1.3721e-01 +2.4952e+00 +3.2028e+00 +1.0137e+00 +1.7308e+00 +1.0410e+00 -7.9629e-01 -3.3513e+00 +5.0000e+00 +9.0164e-01 -2.8941e+00 -9.7446e-01
5007 0 +3.763695263e+05 +3.764286563e+05 +3.764286563e+05 +8.4464e-02 -2.8095e-01 -2.6212e-01 -1.8069e+00 -1.1519e+00 +1.5085e-01 -1.6183e+00 +1.0298e+00 -2.3531e+00 +3.0743e+00 +1.0402e+00 -1.6320e+00 +3.7753e+00 -8.2811e-01 -5.0000e+00 -1.5587e+00 +3.3570e+00 +3.8807e+00 -1.7004e+00 -5.5218e-01
6103 0 +2.177083093e+05 +2.177674393e+05 +2.177674393e+05 -1.0171e+00 +3.8940e+00 -1.9795e+00 -1.4247e+00 -1.6254e-01 +7.5332e-01 -3.7122e+00 -4.9670e+00 -4.7732e+00 +4.0232e+00 +1.2941e+00 -2.7586e+00 +1.1576e+00 -1.2326e+00 -5.0000e+00 -1.3763e+00 +5.9252e-01 +4.7538e+00 -2.9302e+00 -5.0000e+00
20057 0 +1.931754117e+05 +1.932345417e+05 +1.932345417e+05 -4.5397e-01 -4.2474e-01 +2.5255e+00 -3.9854e+00 +7.3849e-01 +8.0565e-01 -3.8535e+00 +7.1653e-01 -3.0734e-01 +5.9293e-01 +2.4208e+00 -4.6270e+00 +1.7195e-01 -2.7306e-01 +1.2427e+00 -4.0918e+00 +2.4408e+00 +2.2958e+00 -1.3326e+00 -4.4280e+00
20717 0 +1.599376350e+05 +1.599967650e+05 +1.599967650e+05 -4.7946e-01 +8.0450e-01 +6.7929e-01 -9.7551e-01 -5.0000e+00 +1.8048e+00 -2.6206e+00 -1.0563e+00 -5.0000e+00 +3.6321e+00 +8.5542e-01 +9.1615e-01 -2.6131e+00 +3.9093e+00 -5.0000e+00 +4.3051e-01 +4.0479e+00 +2.2649e+00 -1.1187e+00 +1.2987e+00
31697 0 +1.139904617e+05 +1.140495917e+05 +1.140495917e+05 -7.7389e-01 -4.2474e-01 +2.5255e+00 -3.9854e+00 +7.3849e-01 +8.0565e-01 -3.8535e+00 +7.1653e-01 -3.0734e-01 +2.2735e+00 +2.9354e+00 -3.4893e+00 +1.7195e-01 +1.6035e+00 +1.2427e+00 -4.0918e+00 +2.4408e+00 +2.2958e+00 -1.3326e+00 -4.4280e+00
39257 0 +1.016605594e+05 +1.017196894e+05 +1.017196894e+05 -1.4293e-01 -3.4925e-01 +2.5255e+00 -3.9854e+00 +7.3849e-01 +8.0565e-01 -3.8535e+00 +7.1653e-01 -3.0734e-01 +2.2735e+00 +2.9354e+00 -3.4893e+00 +1.7195e-01 +1.6035e+00 -1.8642e-02 -5.0000e+00 +2.4408e+00 +1.2170e+00 -1.3326e+00 -5.0000e+00
% f evaluations | g evaluations | best noise-free fitness - Fopt (-4.915300000000e+02) + sum g_i+ | measured fitness | best measured fitness or single-digit g-values | x1 | x2...
1 0 +3.867668220e+07 +3.867619067e+07 +3.867619067e+07 -2.9524e+00 -4.9999e+00 -4.6401e+00 +1.4874e+00 -2.6436e+00 +3.6342e+00 -4.6201e+00 +3.0525e+00 +5.1089e-01 -2.0108e+00 -1.8842e+00 -4.0959e+00 -3.3123e+00 -3.3359e+00 -3.6723e+00 +4.2523e+00 +3.2853e+00 +2.4840e+00 +2.2325e+00 +2.7007e+00
2 0 +8.137813034e+06 +8.137321504e+06 +8.137321504e+06 +3.0734e+00 -3.0522e+00 -1.0355e+00 -1.0085e+00 -7.0339e-01 -2.1893e+00 +4.2370e+00 +1.4707e+00 -1.4743e+00 -4.9157e+00 +7.4393e-01 +3.9249e+00 +2.1930e+00 +4.1747e+00 +1.5810e+00 +3.3398e-01 +1.8031e+00 +2.2762e+00 +3.9274e+00 +3.4073e+00
8 0 +7.613851660e+06 +7.613360130e+06 +7.613360130e+06 -2.2564e+00 +4.3241e+00 -4.9838e+00 -3.1967e+00 +1.3466e+00 +2.8658e+00 +4.4978e+00 +4.3554e+00 -3.9309e+00 -4.5334e+00 -4.5212e-01 -5.4997e-02 -4.4853e+00 -4.5110e-02 +4.8070e+00 -3.2620e+00 +1.5386e+00 -1.3717e+00 +2.6031e+00 -3.5872e+00
9 0 +3.978986415e+06 +3.978494885e+06 +3.978494885e+06 +6.2042e-01 -4.8736e+00 -1.9382e+00 -2.9993e+00 +2.3547e+00 +2.7640e+00 -9.2615e-01 -3.6292e+00 +1.9296e+00 +4.0569e+00 -9.0792e-01 +1.2988e+00 +2.1661e+00 +1.6389e+00 -2.3124e+00 -4.1472e+00 +1.4735e-03 +4.9483e-01 +3.2755e+00 -3.6031e+00
13 0 +3.011247734e+06 +3.010756204e+06 +3.010756204e+06 -2.5235e+00 -1.0761e+00 +3.2373e+00 -2.8847e+00 -4.2060e+00 +2.1575e+00 +5.8309e-01 -1.8797e+00 +1.8122e+00 -2.5298e+00 +4.8934e+00 -1.2359e+00 -2.8199e+00 +3.2107e+00 +3.1875e+00 -3.4407e+00 -1.2249e-01 -1.9888e+00 -3.1695e+00 +1.7827e+00
35 0 +1.261975517e+06 +1.261483987e+06 +1.261483987e+06 -4.2967e+00 +4.3241e+00 -4.9838e+00 -3.9596e-01 -3.8949e+00 -5.1871e-02 +4.4978e+00 +4.3554e+00 -3.9309e+00 -5.0000e+00 -4.5212e-01 -6.6282e-01 -3.3828e+00 -4.5110e-02 +4.8070e+00 -3.2620e+00 +1.5386e+00 -9.1375e-01 -5.0000e+00 -3.5872e+00
819 0 +9.341517565e+05 +9.336602265e+05 +9.336602265e+05 -4.6305e+00 +3.9726e+00 -5.0000e+00 -6.5349e-01 +2.1079e+00 +2.6945e+00 +5.0000e+00 +5.0000e+00 +1.2455e+00 -2.1961e+00 +3.0851e-01 +3.4412e+00 -5.0000e+00 +3.0961e+00 +6.4369e-02 -4.5991e+00 +3.8401e+00 +2.2289e+00 -3.1424e+00 -3.0952e+00
2609 0 +3.473476512e+05 +3.468561212e+05 +3.468561212e+05 -2.0463e+00 +3.3763e+00 -4.1865e+00 +2.1777e+00 -6.4622e-01 +9.3250e-01 +4.4537e+00 +1.7505e+00 -1.9343e+00 -2.1310e+00 -2.5826e-01 +8.0387e-01 -4.0394e+00 -1.0757e+00 -1.2308e+00 -5.4245e-01 +3.2506e+00 -2.1558e+00 -1.3176e-01 -7.8917e-01
6529 0 +2.499277453e+05 +2.494362153e+05 +2.494362153e+05 -2.0463e+00 +3.3763e+00 -4.1865e+00 -6.7556e-01 -6.4622e-01 +9.3250e-01 +4.4537e+00 +2.7392e+00 -1.9343e+00 +1.6409e-02 -2.5826e-01 +5.0000e+00 -4.0394e+00 +1.1199e+00 -1.2308e+00 -5.4245e-01 +3.3406e+00 -2.1558e+00 -1.3176e-01 +1.5810e+00
8193 0 +2.178544236e+05 +2.173628936e+05 +2.173628936e+05 -1.2092e+00 +5.6098e-01 -4.4085e+00 +2.9138e+00 +1.1734e+00 -3.2116e+00 +5.0000e+00 +2.1721e+00 +6.8971e-01 -1.4144e+00 +2.7526e-01 -1.2004e+00 -9.2765e-01 -1.1103e+00 -1.0466e+00 +1.2618e+00 -8.0168e-01 -6.5972e-01 -2.7181e+00 +5.0000e+00
10209 0 +1.535599848e+05 +1.530684548e+05 +1.530684548e+05 -2.0463e+00 +3.3763e+00 -4.1865e+00 -6.7556e-01 -6.4622e-01 +9.3250e-01 +4.4093e+00 +2.7392e+00 -1.9343e+00 +1.6409e-02 +1.0583e+00 +5.0000e+00 -4.0394e+00 +1.1199e+00 -1.2308e+00 -5.4245e-01 +2.2645e+00 -2.1558e+00 -1.3176e-01 +1.5810e+00
14609 0 +1.399466042e+05 +1.394550742e+05 +1.394550742e+05 -1.4977e+00 +3.3763e+00 -4.5784e+00 -6.7556e-01 -6.4622e-01 +1.4102e+00 +3.2563e+00 +2.7392e+00 -1.9343e+00 +1.6409e-02 +1.0583e+00 +5.0000e+00 -4.0394e+00 +2.5532e+00 -4.1095e-01 -2.8954e+00 +2.2645e+00 -2.1558e+00 -1.3176e-01 +1.5810e+00
16147 0 +1.228376358e+05 +1.223461058e+05 +1.223461058e+05 -1.8615e+00 +9.0552e-01 -5.0000e+00 +1.7441e+00 +2.2646e+00 -6.8367e-01 +2.9193e+00 +1.8238e+00 +2.8309e+00 +2.5762e+00 +6.6671e-01 +5.0000e+00 -4.0394e+00 +2.5521e+00 -5.0000e+00 -4.0378e-01 +3.5551e+00 -1.9839e+00 -1.0562e+00 +2.5148e+00
% f evaluations | g evaluations | best noise-free fitness - Fopt (-1.702000000000e+02) + sum g_i+ | measured fitness | best measured fitness or single-digit g-values | x1 | x2...
1 0 +1.059811597e+07 +1.059794577e+07 +1.059794577e+07 +2.0236e+00 +6.1484e-01 +2.0430e+00 -3.2326e+00 +6.7763e-02 -3.5178e+00 +1.0151e+00 -1.5348e+00 -7.3067e-01 +3.3174e+00 -3.3329e-01 -5.1962e-01 -1.4855e+00 -4.9086e-01 -1.4352e+00 +5.0288e-01 -3.5378e+00 -1.7518e+00 +2.6707e+00 +3.4139e-01
3 0 +6.655947426e+06 +6.655777226e+06 +6.655777226e+06 -2.1075e+00 +3.3920e+00 -1.8416e+00 +4.5533e+00 +3.1560e+00 +7.1907e-01 -2.5510e+00 +6.6190e-02 -1.3763e-01 -3.3704e+00 -4.7486e+00 -1.6293e+00 -3.0562e+00 -3.4766e+00 +4.6785e+00 +4.6137e+00 -1.2409e+00 -5.3267e-01 +1.7778e+00 +4.0207e+00
15 0 +6.220842104e+06 +6.220671904e+06 +6.220671904e+06 -1.5814e+00 -4.0476e+00 -4.3800e+00 -2.7497e+00 +5.4207e-01 +1.2140e+00 +3.8288e+00 +1.2948e+00 -3.2828e+00 -2.0065e-01 -3.7035e+00 +2.6820e+00 +1.1611e+00 +2.2650e+00 +3.9415e+00 +1.7316e-01 -3.2357e+00 +4.6480e+00 -2.4538e+00 +3.1271e+00
23 0 +5.878305656e+06 +5.878135456e+06 +5.878135456e+06 +4.0446e+00 -1.8513e+00 +1.7073e+00 +3.1659e+00 +5.4645e-01 -4.2438e+00 -3.1834e+00 +1.3299e-02 -1.8136e+00 +1.9914e+00 +2.3056e+00 +3.0972e+00 -1.0020e-01 +3.2659e+00 +3.4129e+00 -3.7461e+00 +3.0123e+00 -3.4231e+00 +1.6656e+00 -7.1776e-01
25 0 +3.026743807e+06 +3.026573607e+06 +3.026573607e+06 -2.1075e+00 +3.3920e+00 -1.8416e+00 +4.5533e+00 +3.1560e+00 +7.1907e-01 -2.5510e+00 +6.6190e-02 -1.3763e-01 -2.0614e+00 -3.5077e+00 -1.6293e+00 -3.0562e+00 +1.1558e+00 +4.6785e+00 +3.0409e+00 -1.2409e+00 -4.9006e+00 +1.4965e-01 +4.0207e+00
113 0 +2.893091936e+06 +2.892921736e+06 +2.892921736e+06 -4.2675e-01 -1.0263e+00 -6.4663e-01 +3.7861e+00 +3.3546e+00 -3.9047e-03 -4.4847e+00 +5.0000e+00 +5.6333e-01 -1.3272e+00 -5.0000e+00 -7.7517e-01 +5.0000e+00 -8.8973e-01 +3.8104e+00 -9.7592e-01 -1.4113e-01 -4.9456e+00 -3.7520e+00 +1.2335e+00
115 0 +2.879926061e+06 +2.879755861e+06 +2.879755861e+06 +1.0985e+00 +1.9316e+00 -2.2601e+00 -8.9793e-01 +3.7224e+00 -2.4661e+00 -4.7132e+00 -5.6149e-01 +1.7295e+00 +4.0417e+00 -3.5204e+00 +4.4596e+00 -3.3735e+00 -4.6720e+00 +3.3139e+00 +3.8318e+00 -1.4118e+00 +3.5694e+00 +3.2038e-01 +8.0189e-01
157 0 +1.271914598e+06 +1.271744398e+06 +1.271744398e+06 +1.1619e+00 +1.0246e+00 -5.0000e+00 -1.1103e-01 +5.0000e+00 +9.6184e-01 -3.3690e-01 +1.4664e+00 +5.0000e+00 -2.0255e-01 -3.3200e+00 +3.1091e+00 +3.3209e-02 -5.0000e+00 -4.8820e+00 -2.3003e+00 +1.8773e+00 +4.2117e+00 -2.8004e+00 +3.8141e+00
455 0 +9.596968762e+05 +9.595266762e+05 +9.595266762e+05 -7.6495e-01 +4.5783e+00 -1.8473e+00 +4.7767e+00 +4.0645e+00 -1.8297e+00 +1.5295e-01 +4.5499e-01 -3.9948e+00 +3.0888e+00 -3.6337e+00 +2.5737e+00 +7.4704e-01 -1.5941e+00 -1.5193e+00 +4.7840e+00 -2.2541e+00 -2.7259e+00 +3.5752e-01 -3.3394e+00
675 0 +9.014447558e+05 +9.012745558e+05 +9.012745558e+05 +1.0985e+00 +1.9316e+00 +2.2491e+00 -2.8899e+00 +3.7224e+00 -2.4661e+00 -5.0000e+00 +3.3713e+00 +1.9891e+00 +4.0417e+00 +1.4140e+00 +4.4596e+00 -3.3735e+00 -4.6720e+00 -5.0000e+00 -1.0476e+00 -3.3801e+00 +3.5694e+00 -4.2035e+00 +8.0189e-01
1301 0 +4.897764580e+05 +4.896062580e+05 +4.896062580e+05 +2.0236e+00 +6.1484e-01 -6.2663e-01 +3.5105e+00 +3.7693e+00 +9.6117e-01 -7.9324e-01 -9.2109e-01 -5.0000e+00 +2.6713e+00 -3.6130e+00 +3.7176e+00 -1.8371e+00 -2.8354e+00 +5.0000e+00 -1.0675e+00 -2.4261e+00 +0.0000e+00 +2.4243e+00 -3.2233e+00
2797 0 +4.637391172e+05 +4.635689172e+05 +4.635689172e+05 +4.4786e+00 +1.0246e+00 -7.0832e-01 -1.1103e-01 +4.8381e+00 +1.9020e+00 -2.3420e+00 +8.2424e-01 +1.5272e+00 +3.1439e+00 -2.9919e+00 +3.0712e+00 -2.0434e-01 -4.3794e+00 -3.2596e+00 -5.0000e+00 -1.8881e+00 +4.7022e+00 +1.1116e+00 +3.3409e+00
3255 0 +4.348050435e+05 +4.346348435e+05 +4.346348435e+05 -7.6495e-01 +1.2482e+00 +8.2465e-02 +4.7767e+00 +5.0000e+00 -1.8297e+00 +1.5295e-01 +4.5499e-01 +1.3926e+00 +3.0888e+00 -3.3726e+00 +2.5737e+00 +7.4704e-01 -1.5941e+00 -5.0000e+00 +1.7481e+00 -2.2541e+00 -2.7259e+00 -2.7413e+00 -3.1678e+00
3877 0 +3.714944499e+05 +3.713242499e+05 +3.713242499e+05 -5.1793e-01 +1.0246e+00 -7.0832e-01 -1.1103e-01 +4.8381e+00 +3.2536e-01 -2.3420e+00 +8.2424e-01 +1.5272e+00 +3.1439e+00 -2.6360e+00 +2.2505e+00 -2.0434e-01 -4.3794e+00 -3.2596e+00 -5.0000e+00 -1.8881e+00 +4.7022e+00 +1.1116e+00 +3.3409e+00
4193 0 +2.990138299e+05 +2.988436299e+05 +2.988436299e+05 +5.0000e+00 +3.3535e+00 +2.9983e-01 +2.1410e+00 +5.0000e+00 -9.6898e-01 -3.6588e+00 +1.6170e-01 +1.6919e+00 +4.9719e+00 -2.4238e+00 +5.0000e+00 -2.0572e+00 -4.1207e+00 -4.8791e+00 -4.8563e+00 -4.6814e-01 +3.8630e+00 -3.1472e+00 +1.6476e+00
4291 0 +2.475434820e+05 +2.473732820e+05 +2.473732820e+05 -5.7582e-01 +2.1030e+00 -6.2598e-01 +5.0000e+00 +4.8381e+00 -1.1998e+00 -4.1745e+00 -2.5877e+00 -1.5349e+00 +3.4781e+00 -5.0000e+00 +2.4771e+00 -3.4825e+00 -3.0759e+00 -5.0000e+00 -1.9730e+00 -1.7589e+00 +6.3095e-01 -1.0693e+00 -1.1384e+00
4971 0 +2.427264525e+05 +2.425562525e+05 +2.425562525e+05 -5.7582e-01 +2.3648e+00 -6.2598e-01 +5.0000e+00 +4.0951e+00 -1.1998e+00 -4.0097e+00 -6.3135e-01 -5.9204e-01 +3.4781e+00 -5.0000e+00 +8.8914e-01 -3.4825e+00 -3.0759e+00 -5.0000e+00 -1.9730e+00 -1.7589e+00 +6.3095e-01 -1.0693e+00 -1.4422e+00
7011 0 +2.275604316e+05 +2.273902316e+05 +2.273902316e+05 -3.2932e-01 +2.3648e+00 -3.6678e-01 +5.0000e+00 +4.0951e+00 -1.1998e+00 -4.0097e+00 -6.3135e-01 -2.2033e+00 +3.4781e+00 -5.0000e+00 +8.8914e-01 -3.4825e+00 -3.0759e+00 -4.9899e+00 -1.9730e+00 -1.7589e+00 +6.3095e-01 -1.1335e+00 -1.4422e+00
7673 0 +2.225110319e+05 +2.223408319e+05 +2.223408319e+05 +3.7962e+00 +3.3535e+00 -7.8169e-01 +2.1410e+00 +5.0000e+00 +4.6183e-01 -3.6588e+00 +1.6170e-01 +1.6919e+00 +4.9719e+00 -2.4238e+00 +5.0000e+00 -2.0572e+00 -4.1207e+00 -5.0000e+00 -4.8563e+00 -4.6814e-01 +3.8630e+00 -8.2024e-01 +1.1095e+00
8513 0 +2.122453008e+05 +2.120751008e+05 +2.120751008e+05 +5.0000e+00 +3.3535e+00 -7.0479e-01 +2.1410e+00 +5.0000e+00 +4.6183e-01 -5.0000e+00 +7.5295e-01 +1.6919e+00 +4.9719e+00 -2.3368e+00 +5.0000e+00 -2.0572e+00 -4.1207e+00 -5.0000e+00 -4.0606e+00 -4.6814e-01 +3.8630e+00 -8.2024e-01 +1.1095e+00
8707 0 +1.677641749e+05 +1.675939749e+05 +1.675939749e+05 +3.7003e+00 -1.9855e-01 +8.1619e-01 +9.6385e-02 +4.0951e+00 -7.3416e-01 -5.0000e+00 +5.9494e-01 -3.7324e+00 +5.0000e+00 -3.4496e+00 +3.0210e+00 +7.2596e-02 -3.7274e+00 -5.0000e+00 -5.0000e+00 -1.9997e+00 +5.0000e+00 +8.0357e-01 +1.0961e+00
8747 0 +1.475846929e+05 +1.474144929e+05 +1.474144929e+05 +3.1308e+00 -1.9855e-01 +8.1619e-01 +9.6385e-02 +4.0951e+00 -7.3416e-01 -5.0000e+00 +5.9494e-01 -3.7324e+00 +5.0000e+00 -3.4496e+00 +3.0210e+00 +7.2596e-02 -3.7587e+00 -5.0000e+00 -4.8691e+00 -1.9997e+00 +4.9496e+00 +8.0357e-01 +1.0961e+00
11667 0 +1.234878598e+05 +1.233176598e+05 +1.233176598e+05 +3.1308e+00 -1.9855e-01 +8.1619e-01 +9.6385e-02 +4.0951e+00 -1.0727e+00 -4.2695e+00 +5.9494e-01 -2.1084e+00 +5.0000e+00 -3.4496e+00 +3.0210e+00 -1.8998e+00 -3.7587e+00 -5.0000e+00 -4.8691e+00 -1.9997e+00 +4.9496e+00 +8.0357e-01 +1.0961e+00
14917 0 +1.129109640e+05 +1.127407640e+05 +1.127407640e+05 +4.2242e+00 +1.0246e+00 +5.4030e-01 -1.1103e-01 +4.8381e+00 -7.3867e-01 -2.8478e+00 +3.0562e+00 -3.9892e+00 +3.1439e+00 -2.6360e+00 +1.7718e+00 -2.0434e-01 -4.3794e+00 -4.1298e+00 -5.0000e+00 -1.8881e+00 +5.0000e+00 +1.1116e+00 +4.1328e-01
20597 0 +1.085235227e+05 +1.083533227e+05 +1.083533227e+05 +4.2242e+00 +1.0246e+00 +5.4030e-01 -1.1103e-01 +4.8381e+00 -7.3867e-01 -3.3060e+00 +3.0562e+00 -3.9892e+00 +3.1439e+00 -1.7178e+00 +1.7718e+00 -5.9308e-01 -4.3794e+00 -4.1298e+00 -5.0000e+00 -1.8881e+00 +4.5013e+00 +1.1116e+00 +3.4978e-01
27171 0 +9.583140729e+04 +9.566120729e+04 +9.566120729e+04 -3.2932e-01 +3.6268e+00 -1.2812e+00 +5.0000e+00 +4.9745e+00 -2.2175e+00 -2.8632e+00 -2.2577e-01 -5.0000e+00 +3.2149e+00 -4.4725e+00 +8.9381e-01 -2.7162e+00 -3.0759e+00 -5.0000e+00 -3.0099e-02 -1.7589e+00 +2.4542e+00 +1.2937e+00 -1.4422e+00
34307 0 +8.146224787e+04 +8.129204787e+04 +8.129204787e+04 +3.1308e+00 +1.7852e+00 +8.1619e-01 -5.2149e-01 +4.0951e+00 +6.0940e-01 -5.0000e+00 +2.5578e+00 -2.2838e+00 +5.0000e+00 -3.4496e+00 +3.0210e+00 -1.1115e+00 -5.0000e+00 -5.0000e+00 -4.8691e+00 -3.7574e+00 +5.0000e+00 +8.0357e-01 +1.0961e+00
% f evaluations | g evaluations | best noise-free fitness - Fopt (-4.697500000000e+02) + sum g_i+ | measured fitness | best measured fitness or single-digit g-values | x1 | x2...
1 0 +1.631066851e+07 +1.631019876e+07 +1.631019876e+07 -4.5688e+00 +3.2545e+00 -1.3201e+00 -4.6907e+00 -9.8377e-01 +3.3662e+00 -1.5852e+00 +2.0467e-01 -2.5301e+00 +1.0559e+00 +4.1489e+00 +1.3248e+00 +2.1059e+00 +4.5206e-01 -1.1157e+00 +4.8611e-02 -4.8974e+00 -3.1147e+00 +2.6785e+00 +4.9879e+00
2 0 +8.148467213e+06 +8.147997463e+06 +8.147997463e+06 -4.0981e+00 -1.6153e+00 +4.3182e+00 +2.1321e+00 -2.9616e+00 +2.1765e+00 -1.7768e+00 +4.4307e+00 +3.3850e-01 +4.4504e-01 -2.5624e+00 -3.5763e+00 +3.1716e+00 -3.9183e+00 +3.8412e+00 -3.3192e+00 +2.3049e+00 +3.4978e+00 -1.2230e+00 +3.1103e+00
51 0 +5.764505593e+06 +5.764035843e+06 +5.764035843e+06 -3.4749e+00 +3.4336e+00 +9.7150e-01 -2.4788e+00 +2.7607e-01 -2.1905e+00 -3.1244e-01 +4.3729e+00 +6.6565e-01 -3.0994e+00 -4.8054e+00 +5.0000e+00 +5.0000e+00 +4.3647e+00 +4.3831e+00 +7.6680e-01 +6.5237e-01 +4.2073e+00 -1.6202e+00 -8.4957e-01
97 0 +5.009345392e+06 +5.008875642e+06 +5.008875642e+06 +2.1332e+00 +5.0000e+00 -8.7092e-01 -8.7024e-01 +4.9374e+00 +1.8431e+00 +7.1398e-01 +1.2744e+00 +5.0000e+00 +2.2400e+00 -6.6845e-01 +2.0772e+00 +2.1835e+00 -8.8088e-01 +2.5038e+00 +2.5873e+00 -4.5608e+00 +3.2450e+00 -3.4705e+00 -2.4931e+00
143 0 +3.084340034e+06 +3.083870284e+06 +3.083870284e+06 -4.0981e+00 -1.6153e+00 +4.3182e+00 +9.4829e-01 -1.6060e+00 +2.3043e+00 +3.0745e-02 +4.4307e+00 +3.3850e-01 +4.4504e-01 -2.5624e+00 +2.3509e+00 +5.0000e+00 -3.9183e+00 +3.8412e+00 -3.3192e+00 +2.4011e+00 +3.0608e+00 -1.2230e+00 +6.1889e-01
237 0 +2.998847723e+06 +2.998377973e+06 +2.998377973e+06 +5.0000e+00 +2.7091e+00 +4.9721e+00 +6.1869e-01 +1.2409e+00 +4.4645e+00 +1.5287e+00 -2.8582e+00 +5.1465e-01 +1.5761e+00 +5.0000e+00 -2.8142e+00 +3.0923e+00 -3.7191e+00 +8.6655e-01 +4.0071e+00 -3.4272e+00 -4.6907e+00 +1.4587e+00 -3.4295e-01
263 0 +1.529986617e+06 +1.529516867e+06 +1.529516867e+06 -4.0981e+00 -1.6153e+00 +4.3182e+00 +3.6376e+00 -1.6060e+00 +2.3043e+00 +3.0745e-02 +4.4869e+00 +3.3850e-01 +4.4504e-01 -2.5624e+00 +2.3509e+00 +2.5203e+00 -3.9183e+00 +4.3891e+00 -3.3192e+00 +2.4011e+00 +3.0190e+00 -1.2230e+00 +6.1889e-01
565 0 +8.012313476e+05 +8.007615976e+05 +8.007615976e+05 +1.5406e+00 +8.1611e-01 +9.7971e-01 +9.9638e-01 -1.5204e+00 +2.6687e+00 +1.5974e+00 -1.2817e+00 +2.9924e+00 +4.1543e+00 -2.9981e+00 +5.0000e+00 +4.2829e+00 +6.3950e-01 +5.0000e+00 -1.5788e+00 +3.3072e-01 -2.3655e+00 -1.8337e+00 -4.4891e+00
981 0 +6.958635138e+05 +6.953937638e+05 +6.953937638e+05 +4.6391e+00 +5.0937e-01 +1.7074e+00 +4.2609e+00 +4.7374e-01 +4.2099e+00 -2.5504e-01 -2.3304e+00 +1.6203e+00 +2.0278e+00 -1.9410e+00 +1.3959e+00 +5.0000e+00 +1.2182e+00 +3.1871e+00 -6.1956e-01 -4.6168e-01 +1.8425e+00 +1.2092e+00 -5.0000e+00
1067 0 +4.280276276e+05 +4.275578776e+05 +4.275578776e+05 +2.1806e+00 -4.5272e-01 +2.2201e+00 +1.9353e-01 +1.2032e-01 +4.8178e+00 -2.1126e+00 -3.0370e+00 +3.9474e+00 +1.1643e+00 +2.4282e+00 -5.0000e+00 +3.4016e+00 -1.7411e+00 -7.7748e-01 +3.0283e+00 -2.3406e+00 -2.3078e+00 -8.9767e-01 -3.9931e+00
2901 0 +3.285520822e+05 +3.280823322e+05 +3.280823322e+05 -2.8175e+00 +2.3424e-02 +1.7074e+00 -1.5305e+00 +4.7374e-01 +4.2099e+00 +1.1110e+00 -7.7580e-01 +1.6203e+00 +2.0278e+00 -3.8278e+00 +3.4906e+00 +5.0000e+00 +1.2182e+00 +3.1871e+00 -6.1956e-01 -4.6168e-01 +2.3964e-01 +1.2092e+00 -5.0000e+00
3501 0 +2.545822662e+05 +2.541125162e+05 +2.541125162e+05 -2.8175e+00 +8.3804e-01 +1.7074e+00 -1.5305e+00 +4.7374e-01 +4.8178e+00 +1.1110e+00 -3.7042e-01 -3.5475e-01 +2.0278e+00 -3.8278e+00 +3.4906e+00 +5.0000e+00 +1.2182e+00 +3.1871e+00 -6.1956e-01 -1.2880e+00 +2.3964e-01 +1.2092e+00 -3.7622e+00
6085 0 +1.745245238e+05 +1.740547738e+05 +1.740547738e+05 -4.4976e+00 -4.4763e-01 +9.7971e-01 +7.6943e-01 -1.5204e+00 +4.0894e+00 -3.6883e+00 +3.4363e+00 +2.9924e+00 +4.1543e+00 -2.9981e+00 +5.0000e+00 +2.0925e+00 -2.5690e+00 +5.0000e+00 -1.5788e+00 +3.3072e-01 -2.3655e+00 -1.8337e+00 -2.0239e+00
17733 0 +1.084233228e+05 +1.079535728e+05 +1.079535728e+05 -1.7571e+00 -2.9545e-01 +1.9428e+00 +3.6849e+00 +1.7381e+00 +3.0891e+00 +1.1583e+00 -1.8524e+00 +3.6930e+00 +2.2044e+00 -3.2608e+00 +2.0491e+00 +3.1068e+00 -1.5951e-01 +2.4092e+00 -3.0894e+00 -9.9400e-01 +1.3052e+00 -5.0000e+00 -4.9797e+00
24717 0 +1.024323266e+05 +1.019625766e+05 +1.019625766e+05 -4.3417e+00 -4.8881e-01 +1.0879e+00 -2.6538e-01 +2.1854e-01 +3.0101e+00 -2.7731e+00 +2.5894e+00 +1.3631e+00 +4.3269e+00 -5.0000e+00 +2.6669e+00 +1.6719e+00 -2.4464e+00 +5.0000e+00 -5.3927e-01 -5.0000e+00 +7.8070e-01 +6.9553e-01 -3.2504e+00
% f evaluations | g evaluations | best noise-free fitness - Fopt (1.472000000000e+01) + sum g_i+ | measured fitness | best measured fitness or single-digit g-values | x1 | x2...
1 0 +7.371111824e+06 +7.371126544e+06 +7.371126544e+06 +3.4684e+00 -2.1368e+00 -1.3629e+00 -1.6468e+00 -4.5188e+00 -3.8079e-01 +6.3925e-03 -4.8362e+00 -4.2220e+00 -1.1180e+00 +2.4171e+00 +1.4392e+00 -2.4686e+00 +3.7458e+00 +7.9037e-01 -5.2123e-01 +4.1224e+00 +1.2439e+00 -1.8184e+00 -8.2911e-01
99 0 +6.854627004e+06 +6.854641724e+06 +6.854641724e+06 +1.2191e+00 -1.1628e+00 +2.0635e+00 +1.2454e+00 -2.9981e+00 -8.3836e-01 -4.6091e-02 +5.0000e+00 -3.2512e+00 +2.4487e+00 -2.9069e+00 -4.1736e+00 +1.6405e+00 +3.9228e-01 +4.3067e+00 +3.8824e+00 +5.7435e-01 +5.0000e+00 -3.4133e+00 +3.2914e+00
191 0 +5.740151557e+06 +5.740166277e+06 +5.740166277e+06 +2.3852e+00 +1.3639e-01 -4.6445e+00 -1.2880e+00 -3.3681e+00 +2.7015e+00 -3.0041e+00 -5.0000e+00 -4.7814e+00 +6.0695e-01 -5.0000e+00 -2.1160e+00 -2.1844e-01 +6.8104e-01 -4.1762e+00 +9.7138e-01 -1.4185e+00 -8.3361e-01 -1.2304e+00 +1.2780e+00
197 0 +5.117975803e+06 +5.117990523e+06 +5.117990523e+06 +5.0000e+00 +9.5237e-01 -2.8968e+00 +5.5790e-01 +4.1668e+00 +2.3231e+00 -1.1542e+00 -3.0793e+00 -4.3922e+00 +4.3514e+00 +1.4035e+00 +1.8468e+00 -4.7782e+00 +1.8879e+00 -1.8376e-01 -2.9569e-01 +5.0000e+00 -3.0960e+00 -4.0404e+00 +2.5919e+00
263 0 +2.602744977e+06 +2.602759697e+06 +2.602759697e+06 +4.2752e+00 +2.4620e+00 +6.4920e-01 -2.5725e+00 -4.8633e+00 -1.1654e+00 -2.6160e+00 +5.0000e+00 -1.5505e+00 +2.9128e+00 -5.0000e+00 -2.3222e-01 +2.5300e+00 +8.9717e-01 +5.1125e-01 +3.7559e-01 -3.8436e-01 -2.9349e+00 -3.4492e+00 +8.8759e-01
481 0 +2.211444993e+06 +2.211459713e+06 +2.211459713e+06 +4.7758e+00 +3.6312e+00 +9.6709e-01 -7.5967e-01 +5.0000e+00 +2.9667e-01 -1.3540e+00 +3.5295e+00 -3.2293e+00 -5.0760e-01 +3.0532e+00 +4.5226e+00 -5.0000e+00 +4.7590e+00 +3.6299e+00 -3.4008e+00 +1.9757e+00 +1.0044e+00 +6.1943e-02 +5.0164e-01
487 0 +1.377120876e+06 +1.377135596e+06 +1.377135596e+06 +2.0216e+00 +5.0000e+00 +1.6628e-01 +2.1514e+00 +8.4069e-02 +2.7562e+00 -2.4271e+00 +1.9416e-01 +6.2915e-01 -1.3066e+00 +2.3775e+00 +1.3331e+00 -1.5014e+00 +5.0000e+00 +1.9559e+00 +3.3493e+00 +2.5011e+00 +5.0000e+00 -1.8954e+00 +2.5031e+00
557 0 +1.165818552e+06 +1.165833272e+06 +1.165833272e+06 +2.0431e-01 +2.0142e+00 +8.5544e-01 +5.5790e-01 -2.6706e+00 +5.0000e+00 -1.1542e+00 -3.0793e+00 -6.0025e-01 +2.0752e+00 +3.0532e+00 +2.2953e+00 +1.0164e-01 +3.7633e+00 -6.5587e-01 +4.1378e+00 +5.0000e+00 +2.1904e+00 -1.3705e+00 +2.5919e+00
597 0 +9.301508683e+05 +9.301655883e+05 +9.301655883e+05 +2.0431e-01 +2.0142e+00 -7.0832e-02 +5.5790e-01 -2.6706e+00 +5.0000e+00 -1.1542e+00 -3.0793e+00 -6.0025e-01 +2.0752e+00 +3.0532e+00 -2.4868e-01 +1.5114e+00 +3.7633e+00 -6.5587e-01 +4.1378e+00 +5.0000e+00 +2.1904e+00 -1.3705e+00 +2.5919e+00
803 0 +6.493225685e+05 +6.493372885e+05 +6.493372885e+05 +5.0000e+00 +2.1802e+00 -1.5435e+00 +4.6900e-01 +1.0850e+00 +1.9214e+00 -2.5161e+00 +3.0073e+00 -3.4019e+00 +9.1905e-01 -2.6903e-01 -1.9974e+00 -1.6638e+00 +2.8381e+00 +1.8669e-01 +1.6862e+00 -2.5111e-01 +2.4729e+00 -3.6325e+00 -4.9540e-01
1397 0 +4.936389433e+05 +4.936536633e+05 +4.936536633e+05 +5.0000e+00 +3.2452e+00 -7.0832e-02 +5.5790e-01 -2.6706e+00 +5.0000e+00 -1.1542e+00 -3.0793e+00 -6.0025e-01 +4.5479e+00 +3.0532e+00 -1.4990e+00 +1.5114e+00 +2.7113e+00 +3.8336e+00 +4.1378e+00 +5.0000e+00 -2.2983e+00 -1.3705e+00 +2.5919e+00
1943 0 +4.842884502e+05 +4.843031702e+05 +4.843031702e+05 +5.0000e+00 +4.2734e+00 +3.9321e-01 -3.5055e+00 -5.0000e+00 -1.1654e+00 -3.0160e+00 -3.7449e-01 -1.4676e-01 +5.0000e+00 +2.6431e-01 +1.8922e+00 +1.0087e+00 +1.8590e+00 +5.1125e-01 -3.4001e-01 +5.0000e+00 -7.6698e-01 -1.6174e+00 -8.2671e-01
2183 0 +4.330045932e+05 +4.330193132e+05 +4.330193132e+05 +5.0000e+00 +4.2734e+00 +7.9355e-01 -3.5055e+00 -5.0000e+00 -1.1654e+00 -3.0160e+00 -1.3958e+00 -1.4676e-01 +5.0000e+00 +2.9683e+00 +1.0553e-01 +1.0087e+00 +1.8590e+00 +1.4482e+00 -1.5836e+00 +3.9500e+00 -7.6698e-01 -1.6174e+00 -1.7209e+00
4477 0 +4.259831459e+05 +4.259978659e+05 +4.259978659e+05 +5.0000e+00 +3.2452e+00 -7.0832e-02 +2.6040e+00 -2.6706e+00 +5.0000e+00 +2.5584e-02 -3.0793e+00 -6.0025e-01 +2.8819e+00 +2.6939e+00 -1.8531e+00 +1.5114e+00 +2.7113e+00 +3.8336e+00 +1.1724e-01 +1.4258e+00 -2.2983e+00 -2.3245e+00 +2.5919e+00
4875 0 +2.881846570e+05 +2.881993770e+05 +2.881993770e+05 +5.0000e+00 +4.5007e+00 -2.9973e-01 -5.0000e+00 +4.2763e+00 +4.0721e+00 -3.5893e+00 +2.1325e+00 -1.4960e-01 -2.8232e+00 +2.4838e+00 +2.1078e+00 -5.0000e+00 +4.2256e+00 +3.3896e+00 +5.0000e+00 +1.1911e+00 +4.0615e+00 -5.0000e+00 +2.5734e+00
6933 0 +2.411171184e+05 +2.411318384e+05 +2.411318384e+05 +5.0000e+00 +4.2616e+00 +4.9582e-01 +2.3274e-01 -2.6472e+00 -3.7772e-01 +3.1235e-01 -7.4916e-01 +1.1603e-01 +3.3786e+00 +4.1036e+00 +1.1582e+00 -2.4890e+00 -3.7707e-01 -3.6358e+00 +9.5394e-02 -1.4931e-02 +3.8908e+00 -5.5544e-01 -1.6759e+00
7925 0 +2.333543619e+05 +2.333690819e+05 +2.333690819e+05 +4.6277e+00 +4.4972e+00 -3.7942e-02 +3.3491e+00 -2.2310e+00 +2.4452e+00 -3.6164e+00 -8.9876e-01 -1.1515e+00 +4.6212e-01 +2.9683e+00 +1.0553e-01 -8.9639e-01 +5.4905e-01 -8.5111e-01 -1.3201e-01 +2.3701e+00 +3.0095e+00 -4.1981e+00 -1.5305e+00
8923 0 +1.824725412e+05 +1.824872612e+05 +1.824872612e+05 +5.0000e+00 +3.4865e+00 +1.2049e+00 -1.0013e+00 +6.7165e-01 +5.0000e+00 -2.5161e+00 -6.4021e-02 -1.7048e+00 -1.4878e+00 +1.6710e+00 +1.7044e+00 -1.6638e+00 +1.3009e+00 +1.8669e-01 +1.6862e+00 +3.5116e+00 +2.4729e+00 -3.6325e+00 -4.9540e-01
11923 0 +1.765130660e+05 +1.765277860e+05 +1.765277860e+05 +5.0000e+00 +3.4865e+00 +1.2049e+00 +1.2253e+00 +8.9142e-02 +5.0000e+00 -2.5161e+00 -6.4021e-02 -1.7048e+00 -1.4878e+00 +1.6710e+00 +1.7044e+00 -1.6638e+00 +1.3009e+00 +1.8669e-01 +1.6862e+00 +3.5116e+00 +2.4729e+00 -3.6325e+00 -3.3681e-01
19923 0 +1.535589230e+05 +1.535736430e+05 +1.535736430e+05 +5.0000e+00 +3.4865e+00 +4.4646e-01 +1.2253e+00 +8.9142e-02 +5.0000e+00 -2.5161e+00 -6.4021e-02 -1.7048e+00 -1.4878e+00 +1.6710e+00 +8.5461e-01 -1.6638e+00 +1.3009e+00 +1.8669e-01 +1.6862e+00 +3.5116e+00 +2.4729e+00 -3.6325e+00 -3.3681e-01
23287 0 +1.421712670e+05 +1.421859870e+05 +1.421859870e+05 +5.0000e+00 +2.6541e+00 +7.1240e-01 +1.1374e+00 +1.7880e+00 +5.0000e+00 -3.7033e+00 -3.6871e-01 +2.5011e-01 -1.3066e+00 +3.3404e+00 +2.8060e+00 -5.0000e+00 +3.1902e+00 +4.1747e-02 +3.3493e+00 +5.0000e+00 +4.0304e+00 -5.0000e+00 +1.8119e+00
25043 0 +1.054688878e+05 +1.054836078e+05 +1.054836078e+05 +5.0000e+00 +2.8605e+00 +4.4646e-01 -4.6544e+00 +8.9142e-02 +1.7214e+00 -2.5161e+00 -6.4021e-02 -1.7048e+00 +2.2149e+00 +1.6710e+00 +8.5461e-01 -2.0034e+00 +1.3009e+00 +1.8669e-01 +1.6862e+00 +3.5116e+00 +2.2794e+00 -3.6325e+00 -3.3681e-01
27481 0 +8.374811118e+04 +8.376283118e+04 +8.376283118e+04 +5.0000e+00 +3.5633e+00 +6.8769e-01 -3.9657e+00 +3.5889e+00 +3.8737e+00 -4.3092e+00 +3.5295e+00 -2.4331e+00 +6.3027e-02 +5.1985e-01 +1.9628e-01 -1.5310e+00 -6.8432e-01 +5.6442e-01 +1.1510e+00 +5.0000e+00 +1.4661e+00 -3.5176e+00 +1.5295e+00
% f evaluations | g evaluations | best noise-free fitness - Fopt (-1.859400000000e+02) + sum g_i+ | measured fitness | best measured fitness or single-digit g-values | x1 | x2...
1 0 +8.595196547e+07 +8.595177953e+07 +8.595177953e+07 +2.0470e+00 -2.2657e+00 +4.6719e+00 +2.3044e+00 +3.4189e+00 -2.4350e+00 +2.9931e+00 -4.4888e+00 -3.6135e+00 +7.0894e-01 +1.5072e+00 -4.4448e+00 +2.8703e+00 +3.2773e+00 -4.2638e+00 +8.3880e-01 -3.2196e+00 +4.5238e+00 +1.3526e+00 +4.5496e+00
2 0 +1.720499985e+07 +1.720481391e+07 +1.720481391e+07 -2.5374e+00 +3.9515e+00 -2.5445e+00 -1.0732e+00 -4.1187e+00 +3.7092e+00 -3.5133e+00 -2.2145e+00 -1.1153e+00 -2.8501e+00 +1.9068e+00 +3.9609e+00 +7.9525e-01 +1.4197e+00 -3.7573e+00 +3.0836e+00 -7.6053e-01 -2.5597e+00 +4.2973e+00 +1.5987e+00
6 0 +1.176029970e+07 +1.176011376e+07 +1.176011376e+07 -3.1430e+00 -3.7022e+00 +3.9069e+00 +5.6521e-01 -2.7893e+00 +4.3465e+00 -2.9755e+00 +4.4571e+00 -3.8298e+00 -4.1372e+00 +1.6030e+00 -1.9035e+00 +2.8370e+00 -1.7322e+00 +8.7279e-01 +1.7861e+00 -1.0660e+00 -2.0623e+00 +2.7685e+00 +4.4923e-01
17 0 +1.075223849e+07 +1.075205255e+07 +1.075205255e+07 -3.2717e+00 -4.1518e+00 +3.3898e+00 +1.2315e-01 -3.5646e+00 -2.6162e+00 -4.5367e+00 -1.6405e+00 +4.3485e+00 +1.5680e+00 +6.4243e-01 -2.2182e+00 +1.1966e+00 +1.8241e+00 -3.4442e+00 +6.9207e-01 +1.9375e+00 +1.8498e+00 +4.5790e+00 -4.7417e+00
83 0 +8.396178095e+06 +8.395992155e+06 +8.395992155e+06 -2.9155e+00 +4.5458e+00 +1.1611e+00 -2.0931e+00 +5.0000e+00 -2.4842e+00 +5.0000e+00 -5.0000e+00 -1.6417e+00 +8.3265e-01 +3.0555e+00 -4.5622e+00 +3.8404e+00 +1.0088e+00 +1.0049e+00 -1.6103e+00 +2.0286e+00 +3.8164e-01 +2.4855e+00 -1.7053e+00
111 0 +2.954371749e+06 +2.954185809e+06 +2.954185809e+06 -3.1430e+00 +1.4521e+00 +3.9069e+00 +5.0000e+00 -2.7893e+00 +2.7161e+00 -4.3261e-01 +2.5845e-02 -3.8298e+00 +5.0000e+00 +1.6030e+00 -1.9035e+00 +3.6390e+00 -1.7322e+00 +8.7279e-01 +1.7861e+00 +5.0000e+00 -2.0623e+00 +3.5009e+00 -3.9767e+00
215 0 +2.720215132e+06 +2.720029192e+06 +2.720029192e+06 +2.2264e+00 +3.1679e+00 +4.0565e+00 -4.8782e+00 -2.5057e-01 -9.2729e-01 -4.0214e+00 -3.3714e+00 +4.3242e+00 -7.1275e-01 -6.4745e-03 -4.9898e+00 +1.1915e+00 +3.1840e+00 +2.3982e+00 -3.1909e+00 -3.8618e+00 +5.1710e-01 -3.9902e+00 -5.0000e+00
295 0 +1.534097745e+06 +1.533911805e+06 +1.533911805e+06 +2.2264e+00 +3.1679e+00 +5.0000e+00 -4.8782e+00 -3.8804e+00 -1.1443e+00 +1.3686e+00 -3.3714e+00 +4.3242e+00 +3.0566e+00 -6.4745e-03 -7.3558e-01 +2.8173e+00 +5.0000e+00 +2.3982e+00 -3.1909e+00 -3.8618e+00 +5.1710e-01 -8.3703e-01 -5.0000e+00
351 0 +1.325518751e+06 +1.325332811e+06 +1.325332811e+06 -3.1430e+00 -4.8985e-01 +3.9069e+00 +5.0000e+00 -2.7893e+00 +2.7161e+00 +5.0000e+00 +2.5845e-02 -1.3255e+00 +5.0000e+00 +1.6030e+00 -1.9035e+00 +3.6390e+00 -1.7322e+00 -5.0000e+00 +1.7861e+00 +5.0000e+00 -2.0623e+00 +4.1619e-01 -3.9767e+00
403 0 +1.114732352e+06 +1.114546412e+06 +1.114546412e+06 +5.0000e+00 +1.8831e+00 -1.1639e+00 -2.0931e+00 +5.0000e+00 -2.4842e+00 +6.0814e-01 -4.2359e+00 -1.6417e+00 +8.3265e-01 +2.1448e+00 -4.5622e+00 +3.0916e+00 -7.5527e-01 -9.0897e-01 -1.6103e+00 +2.0286e+00 -2.1229e+00 +2.4855e+00 -5.0000e+00
453 0 +1.046972016e+06 +1.046786076e+06 +1.046786076e+06 -5.6674e-01 +1.2074e+00 -4.4093e+00 -9.0316e-01 +5.0000e+00 +2.7120e+00 +1.8631e+00 -3.8429e+00 -2.5787e+00 +1.5680e+00 +3.9169e+00 -4.1337e+00 +5.0000e+00 +1.9835e+00 -2.6386e+00 +6.9207e-01 +1.9847e+00 -1.6589e+00 -8.9509e-01 -5.0000e+00
921 0 +5.081356036e+05 +5.079496636e+05 +5.079496636e+05 +1.1043e+00 +5.0000e+00 +7.5858e-01 -1.4263e+00 +1.7185e+00 -1.5559e+00 +3.4316e+00 -4.4252e-02 -2.8730e+00 +1.8673e+00 +5.0000e+00 +3.8849e+00 +5.0000e+00 +1.6510e+00 -1.7624e+00 +2.4550e+00 +3.1471e+00 -1.1109e+00 +3.0746e+00 -1.5728e+00
1411 0 +4.168680985e+05 +4.166821585e+05 +4.166821585e+05 +8.8022e-01 +5.0000e+00 +5.0000e+00 -4.2329e+00 -2.7392e-01 +2.4519e+00 +2.9714e+00 +5.3948e-01 -1.5834e+00 +2.7665e+00 -1.8815e-01 +1.6590e+00 +2.0721e+00 +2.7127e+00 -2.2103e+00 +5.0000e+00 +1.7604e+00 -2.3339e+00 -1.6931e+00 -3.4863e+00
1555 0 +3.795044705e+05 +3.793185305e+05 +3.793185305e+05 +4.1632e+00 +5.0000e+00 +3.6123e+00 -4.4909e+00 +5.0000e+00 +5.0000e+00 +3.8999e+00 -1.3970e+00 +3.7512e-01 +1.9911e+00 +1.0167e+00 +2.9419e+00 +1.1111e+00 +3.7616e+00 -4.2672e+00 +6.6721e-01 +3.1589e+00 -1.1430e+00 +3.7067e+00 -3.7457e+00
1929 0 +2.749527974e+05 +2.747668574e+05 +2.747668574e+05 +4.9167e-02 +3.3548e+00 +9.0922e-01 -1.3290e+00 +1.4832e+00 +2.1961e+00 +1.4406e+00 -2.9665e+00 -2.3753e+00 +2.9719e+00 +5.0000e+00 +6.9211e-01 +2.3624e+00 +3.1006e+00 -3.3716e-01 +2.2555e+00 +2.9010e+00 -9.4231e-01 +2.4945e+00 -3.2864e+00
4121 0 +2.413507782e+05 +2.411648382e+05 +2.411648382e+05 +1.1043e+00 +5.0000e+00 +2.3087e+00 -1.4263e+00 +1.7185e+00 +2.5224e+00 +3.4316e+00 -4.4252e-02 +1.0457e+00 +1.8673e+00 +3.2158e+00 +8.4910e-01 +5.0000e+00 +1.6510e+00 -1.7624e+00 +2.4550e+00 +4.4124e+00 -1.1109e+00 +3.0746e+00 -2.8105e+00
6217 0 +2.357098542e+05 +2.355239142e+05 +2.355239142e+05 +6.8139e-01 +2.8579e+00 +3.3779e+00 -1.4340e-02 +8.1503e-01 +1.4839e+00 +2.3772e+00 -1.3352e+00 -3.9543e+00 +4.7522e-01 +1.0970e+00 +2.9419e+00 +1.2095e+00 +2.9781e+00 -2.8976e+00 -1.1109e+00 +2.5686e+00 -2.0827e+00 -2.3533e+00 -2.8105e+00
6325 0 +1.841525657e+05 +1.839666257e+05 +1.839666257e+05 +1.1248e+00 +5.0000e+00 -2.1376e-01 -2.7720e+00 -1.1295e+00 +4.6048e+00 -7.2647e-01 -5.0000e+00 +3.3289e+00 +1.7543e+00 +3.9152e+00 -1.9640e+00 +3.5318e+00 +4.6209e+00 +1.3732e+00 -6.6835e-01 +2.7200e+00 +1.0829e+00 -1.6294e+00 -1.4805e+00
11149 0 +1.285613033e+05 +1.283753633e+05 +1.283753633e+05 +9.8018e-01 +5.0000e+00 +3.0403e+00 -1.2823e-01 -3.2276e+00 +2.8379e+00 +1.8008e+00 -8.7095e-01 +4.0319e+00 +1.8230e+00 +3.2158e+00 -1.2877e+00 +3.9971e+00 +3.4086e+00 +1.9669e-01 +6.8540e-01 +2.1513e+00 -2.1754e-01 +9.4432e-01 -2.5632e+00
22169 0 +8.938964946e+04 +8.920370946e+04 +8.920370946e+04 +4.9167e-02 +3.3548e+00 +1.4781e+00 -4.4544e+00 +1.4832e+00 +2.1961e+00 +1.8128e+00 -2.6746e+00 +7.3984e-02 +2.9719e+00 +3.5021e+00 +6.9211e-01 +2.3624e+00 +3.1006e+00 -1.7624e+00 +2.2555e+00 +2.9010e+00 -6.3694e-01 +2.4945e+00 -3.2864e+00
23125 0 +5.651425356e+04 +5.632831356e+04 +5.632831356e+04 +1.1248e+00 +5.0000e+00 -2.1376e-01 -5.0000e+00 -1.1295e+00 +4.6048e+00 -7.2647e-01 -5.0000e+00 +5.0000e+00 +6.4742e-01 +4.9649e+00 -1.9640e+00 +4.6170e+00 +3.4474e+00 +1.3732e+00 -6.6835e-01 +2.0069e+00 +2.7855e+00 +1.2787e+00 -1.4805e+00
% f evaluations | g evaluations | best noise-free fitness - Fopt (-8.133000000000e+01) + sum g_i+ | measured fitness | best measured fitness or single-digit g-values | x1 | x2...
1 0 +2.176429173e+07 +2.176421040e+07 +2.176421040e+07 +3.7787e+00 -1.8693e+00 -1.5317e+00 -3.8326e+00 -2.8329e+00 +3.5641e+00 -2.9642e+00 +3.3189e+00 -2.8362e+00 +2.7375e+00 -6.6109e-01 -3.4236e+00 -4.0104e+00 +1.7768e+00 +2.8863e+00 -5.8324e-01 +4.8134e-01 +2.0319e+00 -1.3341e+00 -3.9458e+00
2 0 +5.412011693e+06 +5.411930363e+06 +5.411930363e+06 +3.1037e+00 -3.2090e+00 -4.3259e+00 +4.2402e+00 -2.2141e+00 -2.4706e+00 -1.7348e+00 +8.9782e-01 -2.7045e-01 -3.7795e+00 -1.1815e+00 +4.4655e+00 +2.6122e+00 +1.5652e+00 -2.0376e+00 +2.7008e+00 -1.4639e+00 +1.6042e+00 -4.1324e+00 -2.3828e+00
11 0 +2.418905433e+06 +2.418824103e+06 +2.418824103e+06 -1.9615e-01 -2.6925e+00 -3.1641e+00 -2.4589e+00 +4.1719e+00 -1.0794e+00 -1.1120e+00 +6.6338e-01 -2.1154e+00 -4.1980e+00 +1.6202e+00 +1.3646e+00 -2.0345e+00 -4.4691e-01 +3.8870e+00 -1.0742e+00 +3.4979e+00 -7.3464e-01 +4.3055e-01 -2.0890e+00
341 0 +2.302324912e+06 +2.302243582e+06 +2.302243582e+06 -5.0000e+00 -4.4018e+00 -1.5317e+00 +1.9946e+00 +2.8253e+00 +2.1831e+00 -4.3368e+00 +3.3189e+00 +2.6310e+00 +3.6683e+00 -6.6109e-01 -3.9737e+00 +6.3030e-01 -4.6827e+00 -5.0000e+00 -5.8324e-01 +4.8134e-01 +2.0319e+00 +3.0186e+00 -1.0789e+00
385 0 +2.026135675e+06 +2.026054345e+06 +2.026054345e+06 -2.4774e+00 -1.9055e+00 +1.4092e+00 +7.3987e-01 -3.6678e+00 -5.0000e+00 -5.0000e+00 +1.8418e+00 -4.9283e+00 +2.4908e-01 -4.0350e+00 -4.7123e+00 +2.8186e+00 +7.6160e-01 +2.9548e+00 -2.9640e+00 -5.0000e+00 +5.0000e+00 -4.5268e-01 +4.4055e+00
401 0 +1.956943884e+06 +1.956862554e+06 +1.956862554e+06 -3.6568e-02 -2.6925e+00 -3.1641e+00 +6.3814e-01 +4.1719e+00 -1.8593e+00 -1.1120e+00 +6.6338e-01 -5.0000e+00 -4.1980e+00 +5.0000e+00 +1.3646e+00 -2.0345e+00 -2.8630e+00 +3.5939e+00 -1.0742e+00 +3.4979e+00 -7.3464e-01 -2.6420e-01 -2.0890e+00
589 0 +1.493137041e+06 +1.493055711e+06 +1.493055711e+06 -2.0486e+00 -3.8091e+00 +1.6209e+00 -2.5716e+00 +3.7845e+00 -1.4726e+00 +5.0000e+00 +6.8133e-01 -1.4194e+00 +7.4220e-01 -8.7713e-01 +2.3548e+00 +5.0000e+00 -8.1574e-01 +1.6429e+00 -7.2420e-01 -9.9517e-01 +1.8132e+00 +4.6716e-01 -1.2047e+00
845 0 +1.158317951e+06 +1.158236621e+06 +1.158236621e+06 -7.8087e-01 -5.0000e+00 -3.3120e+00 -1.8007e+00 +1.1925e+00 -3.0971e+00 +2.0282e+00 -5.0000e+00 -4.2641e+00 +4.3173e+00 +1.6010e+00 -2.5307e+00 +4.7526e+00 -1.7646e+00 -3.0300e+00 -3.9664e+00 +5.0000e+00 -1.2573e+00 +1.3772e+00 +1.5015e+00
919 0 +1.114504372e+06 +1.114423042e+06 +1.114423042e+06 -2.0013e+00 -1.2376e+00 -1.4995e-01 +6.5765e-01 +5.0000e+00 -3.0785e+00 +1.3110e+00 -2.6286e+00 -1.8993e+00 +1.8456e+00 -2.3274e+00 -2.5791e+00 +5.0000e+00 -5.0000e+00 -4.5228e+00 -5.2169e-01 +3.8248e+00 -2.0715e+00 +3.1090e+00 -3.1543e+00
999 0 +5.519283455e+05 +5.518470155e+05 +5.518470155e+05 -2.7493e+00 -5.0000e+00 -5.0000e+00 -1.4888e+00 +5.0000e+00 -3.0785e+00 +4.1924e-01 -2.6286e+00 -1.8993e+00 +2.3598e+00 -4.9224e+00 -5.0000e+00 +5.0000e+00 -5.0000e+00 -4.5228e+00 -5.2169e-01 +3.8248e+00 -2.0715e+00 +1.5793e+00 -3.1543e+00
2683 0 +2.205685729e+05 +2.204872429e+05 +2.204872429e+05 -5.0000e+00 -5.0000e+00 -5.0000e+00 +3.6192e+00 +4.5859e+00 -4.9783e+00 -5.1926e-01 +2.7978e-01 -1.8439e+00 +2.1953e+00 -3.0563e+00 -3.6364e+00 +1.5990e+00 -2.0166e+00 -2.7427e+00 -2.9821e+00 +2.2007e+00 -3.6441e-01 +4.7229e+00 -3.2167e+00
7043 0 +1.974210402e+05 +1.973397102e+05 +1.973397102e+05 -5.0000e+00 -5.0000e+00 -5.0000e+00 +3.6192e+00 +4.5859e+00 -4.9783e+00 -5.1926e-01 +2.7978e-01 -1.8439e+00 +2.1953e+00 -5.0000e+00 -3.6364e+00 +4.2373e+00 -2.0166e+00 -2.7400e+00 -2.0569e+00 +4.8046e+00 -3.6441e-01 +5.0000e+00 -3.2167e+00
8087 0 +1.785622202e+05 +1.784808902e+05 +1.784808902e+05 -4.5173e+00 -3.7847e+00 -5.0000e+00 +1.5921e+00 +4.9441e+00 -5.0000e+00 -2.4244e+00 -8.6273e-01 -3.1406e+00 +2.0380e+00 -4.7219e+00 -3.6364e+00 +5.0000e+00 -1.6515e+00 -3.0917e+00 -3.6605e+00 +3.7895e+00 +5.2857e-01 +5.0000e+00 -3.4312e+00
10607 0 +1.206712108e+05 +1.205898808e+05 +1.205898808e+05 -4.5173e+00 -3.7847e+00 -4.0101e+00 +1.5921e+00 +4.9441e+00 -5.0000e+00 -2.4244e+00 -8.6273e-01 -3.1406e+00 +2.0380e+00 -5.0000e+00 -3.6364e+00 +5.0000e+00 -1.6515e+00 -3.0917e+00 -2.5198e+00 +3.7895e+00 +5.2857e-01 +5.0000e+00 -3.4312e+00
20043 0 +1.072037944e+05 +1.071224644e+05 +1.071224644e+05 -5.0000e+00 -4.6002e+00 -5.0000e+00 +1.7441e+00 +5.0000e+00 -4.9783e+00 -3.3924e+00 -2.1265e-01 -1.8439e+00 +2.1953e+00 -5.0000e+00 -3.6364e+00 +4.2373e+00 -2.0166e+00 -4.9125e+00 -2.0569e+00 +2.3353e+00 -3.6441e-01 +4.6560e+00 -3.2412e+00
21483 0 +7.954719985e+04 +7.946586985e+04 +7.946586985e+04 -4.5173e+00 -4.6002e+00 -5.0000e+00 +1.7441e+00 +4.7082e+00 -4.9783e+00 -2.5089e+00 -2.1265e-01 -1.8439e+00 +2.0394e+00 -5.0000e+00 -3.6364e+00 +4.2373e+00 -2.0166e+00 -4.9125e+00 -2.0569e+00 +2.3353e+00 +6.2484e-02 +5.0000e+00 -3.2412e+00
30879 0 +7.776780516e+04 +7.768647516e+04 +7.768647516e+04 -5.0000e+00 -5.0000e+00 -3.8606e+00 +3.0408e-01 +5.0000e+00 -5.0000e+00 -2.2949e+00 -1.6625e+00 -3.6146e+00 +3.8210e+00 -5.0000e+00 -3.2955e+00 +5.0000e+00 -8.6443e-01 -5.0000e+00 -3.8849e+00 +2.0448e+00 +2.1069e+00 +4.1139e+00 -2.7257e+00
38451 0 +7.552089598e+04 +7.543956598e+04 +7.543956598e+04 -3.3920e+00 -3.8327e+00 -1.6445e+00 -4.1253e-01 +4.7930e+00 -5.0000e+00 -3.3337e-01 -2.2184e+00 -4.4556e+00 +1.6981e+00 -5.0000e+00 -2.4355e+00 +5.0000e+00 -2.8618e+00 -2.8515e+00 -4.0096e+00 +2.2872e+00 +1.9500e+00 +4.2597e+00 -3.2287e+00
% f evaluations | g evaluations | best noise-free fitness - Fopt (1.000000000000e+03) + sum g_i+ | measured fitness | best measured fitness or single-digit g-values | x1 | x2...
1 0 +1.658772225e+07 +1.658872225e+07 +1.658872225e+07 -9.2187e-01 -3.4826e+00 -2.1080e+00 -2.9334e+00 -1.2555e+00 +4.7530e+00 -1.9546e+00 -2.3378e+00 -2.5283e-01 -4.7607e+00 +3.6297e-01 +2.1771e+00 -1.9534e+00 +2.7274e+00 +3.8302e+00 -9.3782e-01 +3.0314e+00 +2.5835e+00 -5.0388e-01 -1.9888e+00
3 0 +5.796677664e+06 +5.797677664e+06 +5.797677664e+06 -1.5077e+00 -4.7576e+00 +1.0665e+00 +3.3910e+00 -2.5457e+00 -1.1574e+00 +3.6649e+00 +2.2199e+00 +1.5843e+00 -9.4535e-01 +3.1264e+00 +7.3063e-01 -2.5224e+00 -4.7507e+00 +3.0253e+00 +5.2575e-01 -1.8264e+00 +2.9118e+00 -1.3284e+00 -2.4236e+00
6 0 +3.883436856e+06 +3.884436856e+06 +3.884436856e+06 +3.2764e+00 +4.9157e+00 -1.5802e-01 -2.5730e+00 +2.2278e+00 +1.5917e-01 +3.0445e+00 +8.8144e-01 -1.7178e+00 +4.6434e-01 +1.9478e+00 +7.1518e-01 -3.8495e+00 -4.9905e+00 -1.5156e+00 -9.8502e-02 +4.8264e+00 -3.2845e+00 -2.5788e+00 +2.5005e+00
133 0 +3.381744934e+06 +3.382744934e+06 +3.382744934e+06 +1.6802e+00 -3.8004e-01 -2.8754e-01 +5.0000e+00 +3.4015e+00 +3.3932e+00 -5.0000e+00 +3.7615e+00 -6.9220e-01 -7.7902e-01 +3.4379e+00 +7.8736e-01 +2.3368e+00 -3.5062e+00 +4.5665e+00 +4.7644e-01 +3.4109e+00 +3.4437e-01 -3.5688e+00 -2.7895e+00
225 0 +1.848115648e+06 +1.849115648e+06 +1.849115648e+06 -1.5669e+00 -4.7576e+00 +1.0665e+00 +1.0463e-01 -4.0795e+00 -1.1574e+00 +3.6649e+00 -3.8527e+00 +1.5843e+00 -1.5822e+00 +3.1264e+00 -7.4857e-01 -5.0000e+00 -7.7303e-01 +3.0253e+00 +2.5918e+00 +3.5301e+00 +2.9118e+00 -6.6920e-01 -5.0000e+00
343 0 +1.441628096e+06 +1.442628096e+06 +1.442628096e+06 -2.5536e+00 -5.0000e+00 -2.3995e+00 +1.2100e+00 -3.0313e+00 +2.2484e-02 +7.2619e-01 -5.0000e+00 -3.6196e+00 +4.3102e+00 +2.0663e+00 -3.8691e+00 -2.6167e+00 -3.9866e+00 +4.7659e-01 -3.4984e+00 +2.9722e+00 -3.7389e+00 +5.7211e-01 -3.6486e+00
413 0 +1.222714560e+06 +1.223714560e+06 +1.223714560e+06 +1.6802e+00 -2.7277e+00 -2.8754e-01 +5.0000e+00 +3.4015e+00 +3.3932e+00 -5.0000e+00 +3.7615e+00 +3.7129e+00 -3.8401e+00 +3.4379e+00 +7.8736e-01 -2.4541e+00 -3.5062e+00 +1.5327e+00 +4.7644e-01 +3.4109e+00 +3.4437e-01 -2.1741e+00 -2.7895e+00
503 0 +1.175053595e+06 +1.176053595e+06 +1.176053595e+06 -2.8532e+00 -5.0000e+00 -2.3995e+00 +1.0463e-01 -3.0313e+00 +2.2484e-02 +7.2619e-01 -5.0000e+00 -3.6196e+00 +4.3102e+00 +2.0663e+00 -8.8602e-01 -2.6167e+00 -3.9866e+00 +4.7659e-01 -3.4984e+00 +2.9722e+00 -3.7389e+00 +5.7211e-01 -3.6486e+00
933 0 +1.070374637e+06 +1.071374637e+06 +1.071374637e+06 +1.6802e+00 -2.7277e+00 -2.8754e-01 +5.0000e+00 +3.4015e+00 +3.3932e+00 -5.0000e+00 +3.2599e+00 +3.7129e+00 -3.8401e+00 +1.0035e-01 -5.0000e+00 -2.4541e+00 -5.0000e+00 +1.5327e+00 +4.7644e-01 +5.0000e+00 +3.4437e-01 +2.3213e+00 -2.7895e+00
1069 0 +7.340976232e+05 +7.350976232e+05 +7.350976232e+05 +2.0823e+00 -3.9481e+00 -1.7026e+00 +2.6497e+00 -9.1649e-01 +2.0092e+00 -3.6630e+00 -9.3043e-01 +1.1716e-01 +4.4061e+00 +6.5348e-02 -5.4402e-01 -3.2802e+00 -2.6480e+00 +2.0660e-01 -3.7214e+00 +1.9484e+00 -1.4822e+00 +4.2157e+00 -1.8096e+00
1449 0 +6.553794727e+05 +6.563794727e+05 +6.563794727e+05 -3.2479e+00 -3.9232e+00 -1.0823e+00 +5.0000e+00 -3.3193e+00 +5.0000e+00 -4.0222e+00 -6.9387e-01 +5.0988e-01 -4.3356e-01 -1.1227e+00 +3.5888e-01 -9.5867e-01 -2.9363e+00 -2.5831e+00 -3.6260e+00 +2.9028e+00 -1.2352e+00 +9.0346e-01 -2.1707e+00
1737 0 +6.286668212e+05 +6.296668212e+05 +6.296668212e+05 -5.2165e-01 -4.7970e+00 +1.9001e+00 +5.0000e+00 -5.0000e+00 +3.3146e+00 -4.9683e+00 +1.5213e+00 +4.5956e+00 +1.1599e+00 +5.0000e+00 -5.0000e+00 -2.4777e+00 -1.5829e+00 -2.9798e-01 +5.0000e+00 +2.8305e+00 +8.6963e-01 -4.2911e+00 -2.6901e+00
2049 0 +4.390269448e+05 +4.400269448e+05 +4.400269448e+05 -1.2015e+00 -3.9232e+00 -1.0823e+00 +4.4637e+00 -3.3193e+00 +3.0341e+00 -4.0222e+00 +1.1720e+00 +5.0988e-01 +2.9023e+00 -1.1227e+00 -4.2598e-01 -2.6764e+00 -6.4947e-01 -2.5831e+00 -3.6260e+00 +3.9445e+00 -1.2352e+00 +1.8303e+00 -2.1707e+00
3517 0 +4.005040932e+05 +4.015040932e+05 +4.015040932e+05 +1.8536e+00 -4.2215e+00 +1.5027e+00 +5.0000e+00 -1.9766e+00 +2.0245e+00 -4.6482e+00 -4.4135e-01 +2.9941e+00 -1.0229e-01 +4.9483e+00 -3.5059e+00 -5.0000e+00 -1.7650e+00 +5.0000e+00 +4.5344e+00 +1.7819e+00 +6.9164e-01 -5.0000e+00 +1.3062e+00
7131 0 +3.177632632e+05 +3.187632632e+05 +3.187632632e+05 -2.5078e-01 -1.9025e+00 +1.5533e+00 +2.8877e+00 -5.0000e+00 +5.2778e-01 -4.6359e-01 -5.4291e-01 +2.8526e+00 +4.7392e-01 -2.0192e+00 -2.6952e+00 -2.6581e-02 -2.6312e+00 -2.5613e+00 -1.8820e+00 +4.4585e+00 +2.8077e+00 +1.9304e+00 -6.3822e-01
9515 0 +3.067373673e+05 +3.077373673e+05 +3.077373673e+05 -1.2309e+00 -3.4092e+00 +8.6011e-01 +4.5673e+00 -2.6291e+00 +1.3530e+00 -5.0000e+00 -5.5274e-01 +4.6724e+00 +3.4681e+00 +3.9242e+00 -2.2998e+00 -4.6415e-01 -1.7603e+00 -3.9415e+00 -1.0691e+00 +3.4068e+00 +2.6806e-01 +2.2292e+00 -2.4594e+00
10093 0 +2.991120737e+05 +3.001120737e+05 +3.001120737e+05 +3.9555e-01 -2.3533e+00 -2.5299e+00 +5.0000e+00 -2.4668e+00 +2.1388e+00 -3.1893e+00 -1.3241e+00 +3.7129e+00 +1.6505e+00 +1.2105e+00 -5.0000e+00 +2.6573e-01 -1.6320e+00 -2.1373e+00 +5.9247e-02 +3.8143e+00 +6.6276e-01 +2.5771e+00 -2.1592e+00
10573 0 +1.683079751e+05 +1.693079751e+05 +1.693079751e+05 +8.5483e-01 -2.3533e+00 -2.5299e+00 +5.0000e+00 -2.4668e+00 +1.8686e+00 -3.1893e+00 -2.3282e+00 +3.7129e+00 +1.6505e+00 +1.2105e+00 -5.0000e+00 -1.9827e+00 -1.6320e+00 -2.1373e+00 +5.9247e-02 +3.8143e+00 +3.4430e-01 +2.5771e+00 -2.1592e+00
14971 0 +1.321453294e+05 +1.331453294e+05 +1.331453294e+05 -2.5078e-01 -1.9025e+00 -7.3597e-02 +2.8877e+00 -5.0000e+00 -1.3377e-01 -1.3772e+00 -5.4291e-01 +2.8526e+00 +4.7392e-01 -2.0192e+00 -3.2910e+00 -9.3563e-01 -2.6312e+00 -3.4272e+00 -3.4430e+00 +4.4585e+00 +2.8077e+00 +1.9304e+00 -6.3822e-01
16235 0 +1.140870908e+05 +1.150870908e+05 +1.150870908e+05 -2.1733e-01 -2.8355e+00 -2.5526e-01 +4.5673e+00 -4.7869e+00 +1.3530e+00 -1.8954e+00 -8.4407e-01 +3.8319e+00 +3.4681e+00 +3.8105e+00 -3.3492e+00 -4.6415e-01 -2.3099e-01 -3.9415e+00 -7.0123e-01 +3.4068e+00 +2.6806e-01 +2.2292e+00 -2.4594e+00
20275 0 +8.843667393e+04 +8.943667393e+04 +8.943667393e+04 -2.1733e-01 -2.8355e+00 -2.5526e-01 +4.5673e+00 -4.7869e+00 -1.4595e-01 -1.8954e+00 -6.9848e-01 +5.0000e+00 +3.4681e+00 -1.8363e-01 -3.3492e+00 +4.7928e-02 -2.3099e-01 -3.9415e+00 -7.0123e-01 +3.4068e+00 +2.7131e+00 +1.4562e+00 -2.4594e+00
% f evaluations | g evaluations | best noise-free fitness - Fopt (-2.965300000000e+02) + sum g_i+ | measured fitness | best measured fitness or single-digit g-values | x1 | x2...
1 0 +9.814882328e+06 +9.814585798e+06 +9.814585798e+06 -2.7132e+00 +1.8803e+00 +2.9651e+00 -3.5759e+00 +3.8764e+00 +2.8631e+00 +1.8141e+00 +3.3161e+00 -4.3678e+00 +4.3961e+00 +4.3412e+00 -3.3659e+00 +2.3556e+00 -2.7559e+00 +1.0333e-01 +3.8374e+00 -3.5202e+00 -1.0010e+00 -2.4885e+00 -1.6732e+00
8 0 +7.294957107e+06 +7.294660577e+06 +7.294660577e+06 -3.6707e+00 +2.0686e+00 -1.0011e+00 +3.6870e+00 -4.2526e+00 +2.7938e+00 -4.0733e+00 +3.9539e+00 +5.5655e-01 +1.5708e+00 -3.4250e+00 -3.6318e+00 -7.8785e-01 +1.7736e+00 +3.7105e+00 +9.6067e-01 +2.4637e+00 +2.4374e+00 -2.4027e+00 +3.2024e+00
18 0 +4.986264497e+06 +4.985967967e+06 +4.985967967e+06 -1.9688e+00 -1.2313e-01 -2.9983e+00 -1.4221e+00 -4.1441e+00 +3.4307e+00 -3.6546e+00 +5.3168e-01 -3.1228e+00 -4.7212e+00 -6.5884e-02 -4.1155e-01 +7.6853e-01 -4.5160e-01 -1.9520e+00 -1.6786e+00 +2.0280e-01 +1.4993e+00 -2.6904e+00 +4.1845e-01
67 0 +3.584706771e+06 +3.584410241e+06 +3.584410241e+06 +4.6330e+00 -1.5576e+00 -6.2209e-01 +4.7069e+00 -7.8090e-01 -3.1704e+00 +2.4359e+00 +3.3135e+00 -1.1148e+00 +3.4168e+00 -5.0000e+00 +1.9421e-01 +2.4374e+00 -5.0000e+00 +4.1999e+00 -1.9843e+00 -1.7256e+00 +2.5429e+00 +2.5616e+00 -5.0000e+00
115 0 +1.697850135e+06 +1.697553605e+06 +1.697553605e+06 -6.9994e-01 +1.1404e+00 -1.0011e+00 +3.6870e+00 -2.2705e+00 +4.0030e+00 -3.6861e+00 +3.9539e+00 +5.5655e-01 +1.5708e+00 -8.2038e-01 +1.3577e-02 -3.6303e-01 -3.5003e+00 +3.7105e+00 +2.3224e+00 -8.5852e-01 +5.0000e+00 -2.4027e+00 +3.2024e+00
225 0 +1.603174643e+06 +1.602878113e+06 +1.602878113e+06 -3.0833e+00 -1.0900e+00 -3.0417e-02 +4.0220e+00 -9.0233e-01 -1.5007e+00 -5.5678e-01 -5.7692e-01 -1.3380e+00 -4.2912e+00 +1.6623e+00 -5.0000e+00 -1.7084e+00 +2.0632e+00 -1.5475e+00 -2.4220e+00 +1.5510e+00 +2.6698e+00 +2.7706e+00 +3.6240e+00
255 0 +8.143207813e+05 +8.140242513e+05 +8.140242513e+05 +1.0148e+00 -1.2313e-01 -2.9983e+00 -1.4221e+00 -8.9099e-01 +3.4307e+00 -3.6546e+00 +5.3168e-01 -3.1228e+00 -4.7212e+00 -2.5194e+00 -4.7445e+00 +2.9378e+00 -4.5160e-01 -9.0164e-01 -1.6786e+00 +2.0280e-01 +1.4993e+00 -2.6904e+00 +4.1845e-01
425 0 +7.794804930e+05 +7.791839630e+05 +7.791839630e+05 +3.7149e+00 -1.0900e+00 -3.0417e-02 +3.1516e+00 -9.0233e-01 -1.5007e+00 -5.5678e-01 +2.3317e-01 +2.6057e-01 -3.3111e+00 +1.6623e+00 -2.2148e+00 +7.4607e-01 +2.0632e+00 -1.5475e+00 +2.9302e+00 +1.5510e+00 +7.2914e-01 +2.7706e+00 +3.6240e+00
455 0 +6.149205415e+05 +6.146240115e+05 +6.146240115e+05 +1.0148e+00 +5.1932e-01 -2.9983e+00 -1.4221e+00 -4.6327e+00 +5.0000e+00 -3.6546e+00 +3.9539e+00 -3.1228e+00 -4.7212e+00 -2.6297e+00 -1.5924e+00 +2.9378e+00 -1.7007e+00 -9.0164e-01 +4.3702e+00 +2.0280e-01 +1.4993e+00 -2.6904e+00 +4.1845e-01
845 0 +4.749011796e+05 +4.746046496e+05 +4.746046496e+05 +3.8888e+00 +2.3067e+00 -9.4922e-01 +5.0000e+00 -1.6010e+00 +1.5430e+00 -4.5394e-01 +6.7752e-01 -5.7858e-01 +1.1225e+00 -1.7804e+00 -1.9193e+00 +9.7909e-01 -8.7663e-01 +4.9567e+00 -3.3335e+00 -9.2969e-03 +5.0000e+00 +3.0575e-01 +4.8653e-01
2605 0 +3.076037203e+05 +3.073071903e+05 +3.073071903e+05 +4.1066e+00 +2.3067e+00 -9.4922e-01 +2.6537e+00 -1.6010e+00 +1.5430e+00 -4.5394e-01 +6.7752e-01 -5.7858e-01 +1.0496e+00 -1.7804e+00 -1.9193e+00 +9.7909e-01 -8.7663e-01 +4.9567e+00 -3.3335e+00 -9.2969e-03 +5.0000e+00 +8.8730e-01 -1.7750e+00
5323 0 +2.553195860e+05 +2.550230560e+05 +2.550230560e+05 +1.7428e+00 +1.2528e+00 -9.5963e-01 +4.0440e-02 -1.7081e+00 +1.8892e+00 -5.4172e-03 -5.8261e-01 +2.0227e+00 +2.0244e+00 -3.3256e+00 -1.5813e+00 +1.5515e+00 -1.4453e+00 +5.0000e+00 -1.9179e+00 +1.2364e-01 +5.0000e+00 +2.2234e+00 -1.5096e+00
6653 0 +2.311496958e+05 +2.308531658e+05 +2.308531658e+05 +3.3476e+00 +8.3688e-01 -5.0741e-01 +2.2044e+00 +1.4575e-01 +5.0000e+00 +3.4686e-01 -3.3844e+00 -4.8340e+00 +1.2362e+00 +3.1704e+00 -5.8712e-01 -1.6326e+00 +1.5465e+00 +2.1154e+00 +4.3666e-01 +9.1115e-01 +5.0000e+00 +2.1090e+00 +1.6892e+00
8481 0 +2.239771228e+05 +2.236805928e+05 +2.236805928e+05 +4.2034e+00 +1.5052e+00 -2.1427e+00 +1.4858e+00 -9.6919e-01 +1.0417e+00 -1.4585e-01 +9.3823e-01 +4.3481e+00 +6.7212e-01 +1.6745e+00 -5.2267e-01 +1.1068e+00 -1.0444e+00 +4.2740e+00 +3.9529e-02 +1.1322e-01 -1.9026e+00 +3.5515e+00 -2.0041e-01
9055 0 +2.188432442e+05 +2.185467142e+05 +2.185467142e+05 +2.9277e+00 +5.1932e-01 +8.5687e-01 -1.4221e+00 -2.8864e-01 +3.4326e-02 -1.5618e+00 -4.6201e+00 -5.0000e+00 -4.4448e-02 +2.2887e-01 -5.3728e-01 +2.9378e+00 -1.7007e+00 +1.3591e-01 -1.8751e+00 +7.6817e-01 +1.7621e+00 +2.3097e+00 +4.1845e-01
9483 0 +1.836959572e+05 +1.833994272e+05 +1.833994272e+05 +1.7428e+00 +2.5424e+00 -9.5963e-01 +9.8706e-01 -1.7081e+00 +1.8892e+00 -5.4172e-03 +2.2779e-01 +1.5925e+00 +2.4946e+00 -3.3256e+00 -1.5813e+00 +1.0714e+00 -1.4453e+00 +5.0000e+00 -1.9179e+00 +1.2364e-01 +5.0000e+00 +2.2234e+00 -1.5096e+00
22963 0 +1.180148550e+05 +1.177183250e+05 +1.177183250e+05 +2.5590e+00 +2.5424e+00 -9.5963e-01 +9.8706e-01 -1.7081e+00 +1.8892e+00 +1.3886e+00 +2.2779e-01 +1.5925e+00 +2.4946e+00 -3.3256e+00 -1.5813e+00 -1.8624e-01 -1.4453e+00 +5.0000e+00 -1.9179e+00 +1.2364e-01 +5.0000e+00 +2.2234e+00 -1.5096e+00
30093 0 +9.887801535e+04 +9.858148535e+04 +9.858148535e+04 +3.3476e+00 +8.4905e-01 -8.5119e-01 +2.2044e+00 +1.4575e-01 +3.7055e+00 -1.8458e-02 -3.3844e+00 -4.8340e+00 +1.2362e+00 +1.6883e+00 -5.8712e-01 -1.6326e+00 +1.5465e+00 +2.1154e+00 +4.3666e-01 +9.1115e-01 +3.4897e+00 +2.1090e+00 +7.7145e-01
% f evaluations | g evaluations | best noise-free fitness - Fopt (4.930000000000e+01) + sum g_i+ | measured fitness | best measured fitness or single-digit g-values | x1 | x2...
1 0 +4.632395134e+07 +4.632400064e+07 +4.632400064e+07 +2.4040e+00 +3.1076e+00 -4.8060e-01 +2.2160e+00 +6.7591e-01 -3.9382e+00 -4.8273e+00 -1.8232e+00 -9.4702e-02 +4.7989e+00 -2.2248e+00 +2.5221e+00 +1.8827e+00 +3.1911e+00 +7.3488e-01 -2.9504e+00 -4.9790e+00 -1.3549e+00 +1.4372e+00 +4.9833e-01
2 0 +2.460328387e+07 +2.460333317e+07 +2.460333317e+07 +1.6616e+00 -1.0665e-01 +3.3015e+00 +4.9930e+00 +3.6029e+00 -1.2049e+00 +4.5548e+00 -1.1111e+00 -1.1877e-01 +4.3912e+00 +2.1525e+00 +2.8576e+00 -1.7125e-01 +4.4150e+00 +3.6961e+00 -1.9073e+00 -3.2465e+00 -4.6482e+00 +2.2837e+00 -2.8850e+00
4 0 +1.461973814e+07 +1.461978744e+07 +1.461978744e+07 -5.4536e-01 -1.7255e+00 -4.2958e+00 +4.0088e+00 -8.7674e-01 +1.7980e+00 -9.8537e-01 -2.4872e+00 +7.1977e-01 +1.4465e+00 -3.5946e+00 -4.4844e+00 -1.0635e+00 +2.6288e+00 +3.0972e+00 -1.6761e+00 -1.0887e+00 -3.2520e+00 +3.5573e-01 +4.3642e+00
6 0 +1.101855564e+07 +1.101860494e+07 +1.101860494e+07 -4.1481e+00 -5.2030e-01 +2.7038e+00 -1.5453e+00 +1.9199e+00 +1.4659e+00 -4.8939e-01 -3.5178e+00 -2.6338e+00 -2.9536e-01 -1.5392e+00 +4.6177e+00 +4.1611e+00 +3.2209e+00 +2.3243e+00 +2.3653e+00 +4.7362e+00 +3.9008e+00 -9.9239e-01 -3.0968e-01
7 0 +1.041482307e+07 +1.041487237e+07 +1.041487237e+07 -1.3193e+00 -1.0953e+00 +3.4030e-01 +4.2289e+00 +3.2100e+00 +4.0727e+00 -1.9958e+00 +2.5458e+00 -3.5153e+00 +1.4953e+00 +1.5819e+00 +1.3970e+00 -4.8151e+00 +2.6824e+00 -4.6833e+00 +1.0981e+00 -2.9371e+00 -3.5148e-01 +3.6752e+00 +4.6608e+00
15 0 +7.296130596e+06 +7.296179896e+06 +7.296179896e+06 +1.0638e+00 -3.5413e-01 -1.8212e+00 -3.7281e+00 -2.7309e+00 +7.8494e-01 +3.0572e+00 -6.8118e-01 -4.3791e+00 +1.2027e+00 -3.6030e+00 +3.0570e+00 +1.5757e+00 +9.8161e-01 +3.7157e+00 +1.4627e+00 +3.5740e+00 +9.1464e-01 +4.1890e+00 +3.3165e+00
25 0 +4.261314197e+06 +4.261363497e+06 +4.261363497e+06 +2.1689e+00 -2.4301e+00 -7.4391e-02 -3.6140e+00 +2.4858e+00 +3.5505e+00 +4.6658e+00 +1.6683e+00 -4.4555e+00 +4.4997e+00 +3.1512e+00 -6.7406e-01 +6.2969e-01 -2.4108e+00 -3.0330e+00 -3.3357e+00 -3.7004e+00 +3.8010e+00 +6.3009e-01 +5.0000e+00
75 0 +3.584647254e+06 +3.584696554e+06 +3.584696554e+06 -5.0000e+00 -2.1447e-01 +4.1397e+00 -4.4959e+00 -5.6780e-01 -2.0593e+00 -2.9442e+00 +1.2333e+00 -8.2403e-01 -2.3249e+00 +1.8944e+00 +4.9399e+00 -3.3898e+00 +5.0000e+00 +5.1919e-01 +7.7182e-01 +3.1844e+00 +1.3531e-01 +4.3955e+00 +1.5744e+00
201 0 +3.534313488e+06 +3.534362788e+06 +3.534362788e+06 -5.0000e+00 -2.6143e-01 -1.9099e+00 +2.1077e+00 -9.7515e-01 -2.2755e+00 +1.2118e+00 -2.6035e+00 -2.5505e+00 +1.5372e+00 -2.2268e+00 +3.4978e+00 -3.3590e+00 +4.5404e+00 +1.8017e-01 +2.3864e+00 +4.1151e+00 +5.0000e+00 +2.9107e+00 +4.0486e+00
221 0 +1.298409080e+06 +1.298458380e+06 +1.298458380e+06 -3.6292e+00 +3.1076e+00 -4.8060e-01 -5.0000e+00 +6.7591e-01 +3.6979e+00 +4.7842e+00 -1.8369e+00 -5.0000e+00 +4.7989e+00 +8.5968e-02 +9.7110e-01 +3.5701e+00 +5.0000e+00 +2.1091e+00 +1.0760e+00 +1.5941e+00 -1.3549e+00 +5.0000e+00 +2.9747e+00
807 0 +5.392980281e+05 +5.393473281e+05 +5.393473281e+05 +9.7732e-02 +2.9684e+00 -2.9073e+00 +2.1696e+00 -2.2481e+00 -2.3227e+00 +2.3198e+00 +6.4240e-01 +3.9787e+00 +6.1348e-02 -8.1311e-01 -3.9203e+00 +1.7819e+00 +3.0706e+00 -4.2933e+00 +4.7916e-01 +4.6412e+00 -1.4805e+00 -1.2861e+00 -3.0979e+00
2567 0 +5.267087133e+05 +5.267580133e+05 +5.267580133e+05 +9.7732e-02 +2.6985e+00 -2.9073e+00 +2.1696e+00 -2.2481e+00 -2.3227e+00 +2.3198e+00 +6.4240e-01 +3.9787e+00 +6.1348e-02 -8.1311e-01 -4.1155e+00 +1.7819e+00 +3.0706e+00 -4.2933e+00 +4.7916e-01 +4.6412e+00 -1.4805e+00 -1.2861e+00 -5.0000e+00
2585 0 +3.502854074e+05 +3.503347074e+05 +3.503347074e+05 -1.8228e+00 +2.8255e+00 +3.5572e+00 -5.0000e+00 -1.1229e+00 +3.8447e+00 +5.0000e+00 +6.6578e-01 -5.0000e+00 +5.0000e+00 +9.4474e-01 +4.4241e-01 +7.4186e-01 +1.9378e+00 +1.8528e+00 -2.6728e-01 +2.6960e+00 -2.3117e+00 +3.0548e+00 -1.0055e+00
7323 0 +2.160394386e+05 +2.160887386e+05 +2.160887386e+05 -2.4792e+00 +3.5551e+00 +2.1396e+00 -2.2234e+00 -1.9265e+00 +4.3307e+00 +2.3553e+00 +2.7059e-01 -3.6111e+00 +2.5997e+00 -1.8654e+00 -3.7172e+00 +1.8790e+00 -2.3330e+00 -1.4215e+00 +2.6152e+00 +7.5085e-01 +3.2643e+00 +5.0000e+00 +1.0869e+00
15069 0 +1.697583162e+05 +1.698076162e+05 +1.698076162e+05 -5.4621e-01 +1.5485e+00 -1.1801e+00 -7.6650e-01 +2.5011e+00 -5.0000e+00 +4.6110e+00 +2.0046e+00 -5.1066e-01 +3.8044e+00 +1.2148e+00 -2.1124e+00 +1.0843e+00 +6.5677e-01 -4.4473e+00 +3.9656e+00 +3.8057e+00 -1.4946e+00 -2.1745e+00 -5.0000e+00
21637 0 +1.629127412e+05 +1.629620412e+05 +1.629620412e+05 +2.5559e+00 +1.6732e+00 -2.4390e-01 -1.7825e+00 -2.6889e+00 +0.0000e+00 +5.0000e+00 +1.2082e+00 -4.5392e-01 +5.0000e+00 +9.8219e-01 -3.6241e+00 +1.8800e+00 -2.5392e+00 -6.0715e-02 +3.1982e+00 +2.7231e+00 +4.3555e-01 -2.0234e+00 -5.0000e+00
22841 0 +1.313595498e+05 +1.314088498e+05 +1.314088498e+05 -1.6753e+00 +1.4602e+00 +7.3612e-01 -1.4895e+00 +2.1574e+00 -3.6773e+00 +2.1184e+00 +8.0345e-01 -1.7560e+00 +3.2523e+00 +2.5898e+00 -1.4107e+00 -1.8911e+00 +4.0619e+00 -5.0000e+00 +4.3975e+00 +4.2617e+00 +2.0786e+00 +4.4205e-01 -4.3079e+00
27681 0 +1.099799309e+05 +1.100292309e+05 +1.100292309e+05 +5.5754e-01 +1.4602e+00 +7.3612e-01 -1.4895e+00 +2.1574e+00 -5.0000e+00 +2.1184e+00 +8.0345e-01 -1.7560e+00 +5.0000e+00 +2.4713e+00 -1.4107e+00 -2.6900e+00 +2.8066e+00 -1.8464e+00 +4.3975e+00 +4.2617e+00 +2.0786e+00 +4.4205e-01 -4.3079e+00
39225 0 +9.561591159e+04 +9.566521159e+04 +9.566521159e+04 -1.1354e+00 +1.8917e+00 +3.5572e+00 -3.2073e+00 -1.1229e+00 +5.0000e+00 +3.6239e+00 +6.6578e-01 -3.2668e+00 +3.4753e+00 -1.1718e+00 +4.4241e-01 -5.9318e-01 -2.9311e-01 +1.8528e+00 -2.6728e-01 +2.6960e+00 -2.3117e+00 +3.0548e+00 -1.0055e+00
% f evaluations | g evaluations | best noise-free fitness - Fopt (1.127300000000e+02) + sum g_i+ | measured fitness | best measured fitness or single-digit g-values | x1 | x2...
1 0 +4.552714586e+07 +4.552725859e+07 +4.552725859e+07 +2.4755e+00 +5.4404e-02 -2.8393e+00 -5.5712e-02 +4.9805e+00 +3.3431e+00 +4.0265e+00 -2.8931e-03 -4.7569e+00 +1.7623e+00 -3.5177e+00 -1.3740e+00 +4.9504e+00 +4.2044e+00 -1.5435e+00 -9.7746e-02 -3.5524e+00 -3.7180e-02 -1.8719e+00 -4.2466e+00
2 0 +1.960421368e+06 +1.960534098e+06 +1.960534098e+06 -3.1080e+00 -4.3785e+00 -3.8203e+00 +4.2162e+00 +1.3070e+00 +4.9730e+00 +1.4029e+00 -9.2815e-01 +3.1624e-01 +1.3761e+00 +3.4352e+00 +7.2205e-01 -4.3833e+00 +3.5461e+00 +2.4512e+00 +1.5060e+00 +3.4314e+00 -3.5467e+00 +6.3720e-01 +1.4680e+00
5 0 +1.777279149e+06 +1.777391879e+06 +1.777391879e+06 +2.0679e-01 -2.2642e+00 -2.8969e+00 -1.8429e+00 -2.4409e+00 +2.2608e+00 +3.3488e+00 +2.6261e+00 +3.9694e+00 +1.0120e+00 -1.0762e+00 -2.9349e+00 -1.6033e+00 -1.9065e+00 -2.6452e+00 -2.7035e+00 -4.7701e+00 +4.9077e+00 -1.9564e+00 -3.0622e+00
119 0 +1.240986886e+06 +1.241099616e+06 +1.241099616e+06 -4.2022e-02 +5.0000e+00 +4.1921e+00 -2.5888e+00 -3.4482e+00 -2.4700e+00 -4.0030e+00 +8.6952e-01 +4.6783e+00 -1.3159e-01 +3.2645e+00 -8.1808e-01 +2.3682e+00 -1.1615e-01 +3.6329e+00 -2.8366e+00 +3.4135e+00 +3.6181e+00 +4.2241e+00 +3.2676e+00
133 0 +1.059959344e+06 +1.060072074e+06 +1.060072074e+06 -1.8364e+00 -5.0000e+00 +2.7039e+00 -1.3796e+00 -5.0000e+00 -5.0000e+00 -5.0000e+00 -1.1031e+00 -4.9002e-01 +2.0392e+00 -3.9857e+00 -1.5851e+00 +2.4563e+00 -1.3651e+00 +3.4551e+00 -1.9040e+00 +1.7245e+00 -4.5099e-01 +4.3332e+00 +1.0408e+00
879 0 +4.526800554e+05 +4.527927854e+05 +4.527927854e+05 -4.2022e-02 -4.4894e+00 -1.5791e+00 -1.3714e-01 -3.4482e+00 -2.4700e+00 -4.0030e+00 +8.6952e-01 +4.3502e+00 +2.8380e+00 -1.3499e+00 -8.1808e-01 +2.3682e+00 +2.5520e+00 +3.6329e+00 -2.0692e+00 +3.4706e+00 +2.6593e+00 -1.5667e+00 +5.0000e+00
3625 0 +3.611114631e+05 +3.612241931e+05 +3.612241931e+05 +1.1576e+00 -2.3830e+00 -2.1264e-01 -1.5007e+00 -3.1425e+00 -3.1144e+00 -1.5896e+00 +2.6931e+00 +4.6751e+00 +1.7473e+00 -5.0000e+00 -4.4120e+00 +4.0135e+00 -5.0000e+00 +4.8017e+00 -3.3193e+00 +5.0000e+00 +1.3485e+00 +3.9988e-01 +3.6563e+00
3767 0 +1.982130541e+05 +1.983257841e+05 +1.983257841e+05 -9.1888e-01 -4.8799e+00 -2.3677e-01 +9.2125e-01 +4.9015e-01 -7.6758e-01 -6.2407e-01 -4.4399e+00 +1.3258e+00 -6.1931e-01 -1.4341e+00 -3.0348e-01 +2.2041e+00 +3.9310e+00 +5.0000e+00 -3.1550e+00 +8.8219e-01 +5.0000e+00 -8.8787e-01 +4.9641e+00
5255 0 +1.468385687e+05 +1.469512987e+05 +1.469512987e+05 +4.6118e-01 -5.0000e+00 -3.1849e+00 -1.0289e+00 +6.5123e-01 +1.4717e+00 +2.3797e+00 -5.7471e-01 +3.7887e+00 +2.6693e+00 +1.2322e+00 -3.0073e+00 +3.9096e+00 -1.2898e-01 +5.0000e+00 +9.8878e-01 +2.1911e+00 +1.7909e+00 -3.8309e+00 +1.9800e+00
19625 0 +1.096527814e+05 +1.097655114e+05 +1.097655114e+05 +1.6653e+00 -4.0507e+00 -8.2168e-01 -9.8413e-01 -3.1425e+00 -3.3728e+00 -1.5896e+00 -6.4519e-01 +5.0000e+00 -3.3956e-01 -5.0000e+00 -4.4120e+00 +4.0135e+00 -2.9222e+00 +2.2758e+00 -3.3193e+00 +3.1950e+00 +1.3485e+00 -1.3557e+00 +5.0000e+00
21385 0 +7.918231681e+04 +7.929504681e+04 +7.929504681e+04 +1.6653e+00 -3.9732e+00 -8.2168e-01 -9.8413e-01 -3.1425e+00 -3.3728e+00 -1.5896e+00 +1.1854e+00 +5.0000e+00 -3.3956e-01 -5.0000e+00 -3.4973e+00 +4.0135e+00 -2.9222e+00 +2.2758e+00 -3.3193e+00 +3.1950e+00 +1.5431e+00 -1.3557e+00 +5.0000e+00
% f evaluations | g evaluations | best noise-free fitness - Fopt (1.700000000000e-01) + sum g_i+ | measured fitness | best measured fitness or single-digit g-values | x1 | x2...
1 0 +9.378743276e+07 +9.378743293e+07 +9.378743293e+07 +1.1708e+00 +3.9446e+00 +1.8248e+00 -1.2547e+00 +2.7266e+00 +4.1689e+00 -3.9774e+00 +1.1103e+00 -1.4907e+00 +4.9259e+00 -1.9051e-01 -2.5077e+00 -4.3346e+00 -3.2755e+00 -1.2234e+00 +1.9556e+00 -2.2374e+00 -4.3348e+00 +3.6345e+00 +4.1843e+00
2 0 +1.984107298e+07 +1.984107315e+07 +1.984107315e+07 +4.3472e+00 +3.1842e+00 -4.4561e+00 -4.6748e+00 +3.6731e+00 -1.2765e+00 +1.7021e+00 +4.0413e+00 +2.8911e+00 +3.1400e+00 -4.0410e+00 -2.9354e+00 -3.5500e+00 -2.2225e+00 +3.0440e+00 -2.8644e+00 +1.1803e+00 +1.4613e+00 +4.3393e+00 -3.5857e+00
3 0 +8.694235356e+06 +8.694235526e+06 +8.694235526e+06 -8.3884e-01 -1.6674e+00 +3.4354e+00 +2.8858e+00 +3.5555e+00 -2.2442e+00 -1.7807e+00 -2.4579e+00 +8.3761e-01 +1.7391e+00 +3.0388e-01 +2.4278e+00 +2.2454e+00 -4.7514e+00 -1.5166e-02 -3.8572e+00 +2.9339e+00 +6.4118e-01 -7.9159e-01 +1.3404e+00
5 0 +6.745762386e+06 +6.745762556e+06 +6.745762556e+06 -1.3560e+00 +1.2828e+00 -1.9352e+00 -4.8119e+00 +7.8423e-01 +1.4708e+00 +4.3065e+00 -1.6454e+00 +3.0944e+00 +2.2614e-01 +3.8555e+00 +3.7084e+00 -4.3060e+00 -7.5027e-01 +4.1624e+00 +9.0820e-01 +3.9358e+00 -4.6775e+00 +1.4763e+00 -2.9976e+00
65 0 +6.226876314e+06 +6.226876484e+06 +6.226876484e+06 +5.0000e+00 -1.6674e+00 +4.4021e+00 -3.6184e+00 +3.5555e+00 -2.4027e+00 -1.7807e+00 -2.4579e+00 +1.4561e+00 -4.3956e+00 +2.1228e+00 +2.4278e+00 +2.2454e+00 -4.7514e+00 +2.9834e+00 -3.8572e+00 +2.9339e+00 +3.4882e+00 +2.1620e+00 +1.3404e+00
97 0 +5.838196248e+06 +5.838196418e+06 +5.838196418e+06 -8.8021e-01 +1.7581e+00 +3.1784e+00 -1.2892e+00 +2.1286e+00 +2.8332e+00 +1.4219e+00 +3.7875e+00 -1.0008e+00 +2.0100e-01 -1.6754e-01 +1.2861e+00 +8.7038e-01 -3.0813e+00 +3.2972e-02 -4.0886e+00 +3.1475e+00 -5.0000e+00 +2.6846e+00 +1.2017e+00
117 0 +3.574773164e+06 +3.574773334e+06 +3.574773334e+06 +2.2021e+00 -3.2812e+00 +1.0163e+00 -2.6816e+00 +1.1735e+00 -3.4500e+00 +2.4195e+00 +1.3272e+00 +2.0042e+00 -4.0019e+00 +9.0084e-01 -2.2858e+00 +3.7852e+00 +2.6335e+00 +4.5781e+00 +4.5725e+00 +1.3364e+00 -2.1150e+00 +3.9538e+00 +9.3851e-01
125 0 +2.667228020e+06 +2.667228190e+06 +2.667228190e+06 -1.6657e-01 -7.2468e-01 +1.8999e+00 -1.1481e+00 -1.4299e-01 -3.8941e-01 -4.5752e+00 +1.5994e+00 +1.9443e+00 +4.9851e-01 -5.2376e-01 +2.7453e+00 +3.4831e+00 +4.3783e+00 -1.7250e+00 -4.4533e+00 +1.0511e+00 -8.7990e-01 -3.7285e+00 -3.6486e+00
235 0 +2.052219439e+06 +2.052219609e+06 +2.052219609e+06 +2.8230e+00 +2.8187e+00 +3.3666e+00 -3.2848e+00 +2.1693e+00 -5.0000e+00 +1.1627e+00 +1.3340e+00 +3.7402e+00 +1.4764e+00 +9.9843e-01 -5.5943e-01 -7.2501e-01 -1.3888e+00 +1.6815e+00 -8.4991e-01 +2.3237e+00 -1.3256e+00 +2.4465e+00 +3.4123e+00
429 0 +2.021045388e+06 +2.021045558e+06 +2.021045558e+06 -1.3560e+00 +2.2384e+00 +1.5423e+00 -3.5392e+00 -1.3480e+00 -5.0000e+00 +1.3254e+00 +2.1096e+00 +3.0944e+00 -1.9261e+00 +4.8870e+00 +3.2454e+00 -1.5874e+00 +8.2785e-01 +4.1624e+00 -5.0000e+00 +3.5795e+00 -4.6775e+00 +1.4763e+00 -2.9976e+00
435 0 +1.802106627e+06 +1.802106797e+06 +1.802106797e+06 +2.3865e+00 +2.8187e+00 +3.3666e+00 -3.2848e+00 +2.1693e+00 -5.0000e+00 -1.4746e+00 +2.3370e+00 +1.1016e+00 +2.8521e+00 +9.9843e-01 +5.0000e+00 -7.2501e-01 -1.3888e+00 +1.6815e+00 -5.0000e+00 +2.8613e+00 -1.3256e+00 +2.4465e+00 +9.4354e-01
507 0 +1.601577564e+06 +1.601577734e+06 +1.601577734e+06 +5.0000e+00 +1.1425e+00 +2.5267e+00 +3.9816e+00 -6.9037e-01 -5.0000e+00 +4.1139e-02 +1.3169e+00 +3.6692e+00 -4.0019e+00 +2.3513e+00 +5.0000e+00 +3.4936e+00 +5.0000e+00 +1.1908e+00 +1.1512e+00 +5.0000e+00 -5.2597e-01 +6.2026e-01 +9.3851e-01
567 0 +1.416008036e+06 +1.416008206e+06 +1.416008206e+06 +5.0000e+00 -4.3837e-01 +2.9822e+00 +1.6951e+00 +1.4964e+00 -2.9517e+00 +9.7898e-01 +8.9011e-01 +4.1937e+00 -8.6885e-01 +3.5919e+00 +2.1204e+00 +5.0000e+00 +2.7081e+00 +1.2113e+00 -4.3681e+00 +3.4242e+00 -5.0000e+00 +5.0000e+00 +3.5797e+00
645 0 +9.817192992e+05 +9.817194692e+05 +9.817194692e+05 +3.1000e+00 +5.0000e+00 +1.8999e+00 -1.1481e+00 +5.0000e+00 -3.8941e-01 -1.3011e+00 +1.9827e+00 +1.9443e+00 +4.9851e-01 -5.2376e-01 -3.1623e-01 +4.1087e+00 +4.3783e+00 -1.7250e+00 -4.4533e+00 +3.6941e+00 -5.0000e+00 +5.0000e+00 -3.6143e-01
865 0 +9.294665668e+05 +9.294667368e+05 +9.294667368e+05 +1.5092e+00 +5.0000e+00 +4.4021e+00 -2.8476e+00 +2.6265e+00 -5.0000e+00 -1.7807e+00 +2.1760e+00 +2.2022e+00 -1.7204e+00 +5.3312e-01 +4.9615e+00 -2.0211e+00 +1.8919e+00 -1.1928e+00 -5.0000e+00 +1.1622e+00 -4.4886e+00 +3.2808e-01 +1.9193e+00
985 0 +7.003560331e+05 +7.003562031e+05 +7.003562031e+05 +1.5092e+00 +5.0000e+00 +3.8758e+00 -2.8476e+00 +2.6265e+00 -5.0000e+00 -1.7807e+00 +2.1760e+00 +2.2022e+00 -1.7204e+00 +1.3790e+00 +4.9615e+00 -2.0211e+00 +1.8919e+00 -1.1928e+00 -5.0000e+00 +1.1622e+00 -2.2423e-01 +3.2808e-01 +1.9193e+00
2189 0 +5.719699349e+05 +5.719701049e+05 +5.719701049e+05 -1.2823e+00 +4.9314e+00 +5.0000e+00 -5.0000e+00 +1.1018e+00 -1.1831e+00 -1.6192e+00 +2.1096e+00 +2.2888e+00 -1.1589e+00 +3.2137e-01 -5.2299e-02 -1.4933e+00 +8.2785e-01 +2.0974e+00 -4.0624e+00 +1.8120e+00 -2.0139e+00 -1.0087e-01 +9.4354e-01
2749 0 +5.450569344e+05 +5.450571044e+05 +5.450571044e+05 -1.2823e+00 +4.9314e+00 +5.0000e+00 -5.0000e+00 +1.1018e+00 -1.1831e+00 -1.6192e+00 +4.0795e-01 +2.2888e+00 -1.1589e+00 +3.2137e-01 -5.2299e-02 -1.4933e+00 +8.2785e-01 +2.0974e+00 -2.0353e+00 +2.7894e+00 -2.0139e+00 -1.0087e-01 +7.1930e-01
2825 0 +3.674450633e+05 +3.674452333e+05 +3.674452333e+05 +8.2641e-01 +2.1464e+00 +3.8758e+00 +1.0253e+00 +1.3412e+00 -5.0000e+00 -1.7807e+00 +2.1760e+00 +2.2022e+00 -1.3929e+00 -1.1496e+00 +3.5669e+00 -2.0211e+00 +1.8919e+00 +3.3245e+00 +1.5154e+00 +2.5264e+00 -2.2423e-01 +3.2808e-01 +1.9193e+00
4803 0 +2.784826441e+05 +2.784828141e+05 +2.784828141e+05 +2.4973e+00 +2.1464e+00 +3.2334e+00 -8.3277e-01 +2.0954e+00 -3.1072e+00 -2.3080e+00 +1.3535e+00 +3.8914e+00 -3.8378e+00 -1.3616e+00 +2.4273e+00 -3.4090e+00 +4.4979e+00 +2.5544e+00 +2.5705e+00 +3.5973e+00 -3.2497e+00 +2.0656e+00 +3.0147e+00
6241 0 +1.757551597e+05 +1.757553297e+05 +1.757553297e+05 +2.0634e+00 +4.9091e+00 +1.1169e+00 -2.2897e+00 +1.7399e+00 -1.9321e+00 -2.3993e-01 +1.1340e+00 +2.8768e+00 -6.6668e-01 +8.4567e-02 +4.2814e-01 -2.0166e+00 +5.0000e+00 +4.7645e+00 -1.6163e+00 +4.2259e+00 -3.1119e+00 +3.3884e+00 -3.4582e-01
15447 0 +1.093641660e+05 +1.093643360e+05 +1.093643360e+05 +1.7615e+00 +4.5603e+00 +3.3924e+00 -2.6102e+00 +3.9808e+00 -1.1711e+00 -1.1979e+00 -5.7492e-01 +1.4518e+00 +1.4916e+00 -1.3767e+00 +1.5020e-01 -2.6319e+00 +2.5251e+00 +4.0381e+00 -4.5161e+00 +4.6227e+00 -5.0000e+00 -3.8027e-01 +4.5862e-01
26107 0 +1.011576615e+05 +1.011578315e+05 +1.011578315e+05 +3.1477e+00 +5.0000e+00 +1.7119e+00 -2.9290e+00 +2.3759e+00 +3.6220e-01 +4.1139e-02 +9.3811e-02 +3.7247e+00 -9.9561e-01 -2.6344e-01 +2.4049e-01 -1.1258e+00 +5.0000e+00 +5.0000e+00 -9.5607e-01 +3.1935e+00 +1.8504e+00 +1.2816e+00 -6.1004e-01
% f evaluations | g evaluations | best noise-free fitness - Fopt (4.330000000000e+01) + sum g_i+ | measured fitness | best measured fitness or single-digit g-values | x1 | x2...
1 0 +2.628743302e+07 +2.628747632e+07 +2.628747632e+07 -4.3629e+00 -4.1095e+00 -3.5610e+00 +1.3393e+00 -1.5673e+00 +3.6655e+00 -4.9005e+00 -1.5734e+00 +1.5369e+00 +5.7749e-01 -4.1306e+00 -7.3490e-01 -2.6984e+00 +1.5526e+00 +2.8795e-01 +8.1255e-01 +4.9183e+00 +4.7767e-01 +4.8136e+00 +2.3055e+00
4 0 +1.495822840e+07 +1.495827170e+07 +1.495827170e+07 +3.2835e+00 +2.1959e+00 -3.6286e+00 -2.3004e+00 -1.7671e+00 -4.6703e+00 -4.7074e+00 -4.6166e+00 -1.3616e+00 +2.0941e+00 +2.1253e+00 +2.1257e+00 +9.0499e-01 +5.6201e-01 +2.0062e+00 +5.5955e-01 +6.2189e-02 -3.1670e+00 -4.8381e+00 +1.6542e+00
6 0 +1.009320456e+07 +1.009324786e+07 +1.009324786e+07 -8.9402e-03 +1.2680e+00 -1.2767e+00 +1.4374e+00 +3.6880e-02 +1.1895e+00 -1.4622e+00 +9.9193e-01 +4.4491e+00 +1.0648e-01 +1.2041e+00 -2.0417e+00 +4.8439e-01 -1.5468e+00 +4.0326e+00 +3.8007e+00 +2.9468e+00 -4.6733e-01 +2.0624e+00 +8.9576e-01
17 0 +8.766464476e+06 +8.766507776e+06 +8.766507776e+06 -1.3743e+00 +1.3408e+00 -1.6474e+00 +3.3500e+00 -4.5321e+00 +8.3019e-01 -3.6880e+00 +3.1705e+00 -1.9296e+00 -2.9386e+00 +1.1546e+00 -3.4706e+00 -2.0527e+00 +2.6688e+00 -1.3167e+00 -1.6516e+00 +2.1144e-01 +2.7578e+00 +1.1757e+00 +2.5825e+00
19 0 +4.723874744e+06 +4.723918044e+06 +4.723918044e+06 +2.1374e-01 +2.9549e+00 +2.3512e+00 -1.0687e+00 -2.3742e+00 +1.0506e+00 +4.0810e-01 -4.9092e+00 +3.0809e+00 +4.3358e+00 -1.3727e+00 -7.1427e-01 +4.7645e+00 -4.5047e+00 -3.2742e+00 +3.4453e+00 -2.1380e+00 +1.5666e+00 +4.7359e+00 +2.1173e+00
161 0 +4.381182915e+06 +4.381226215e+06 +4.381226215e+06 +2.2977e+00 +1.7918e+00 +4.7295e+00 +3.3500e+00 -5.0000e+00 -1.8617e+00 +1.3766e+00 +5.0000e+00 +9.2785e-01 +1.4530e+00 +4.2882e+00 -2.9621e+00 +3.4625e+00 +1.1477e+00 +4.6735e+00 +8.7085e-01 +2.2591e+00 -3.0418e+00 +9.7853e-01 -3.0442e+00
169 0 +3.946130703e+06 +3.946174003e+06 +3.946174003e+06 -1.1980e+00 -9.8153e-01 -1.7882e+00 +5.0000e+00 +5.0000e+00 -1.5355e+00 +2.1175e-01 +5.0000e+00 +3.2058e+00 +3.5185e+00 +6.5255e-01 -3.3318e-02 -2.9831e+00 +2.9815e+00 +2.5995e+00 -2.7015e+00 +1.3604e+00 +3.3486e+00 -1.0512e+00 -4.2334e+00
179 0 +2.086498586e+06 +2.086541886e+06 +2.086541886e+06 +3.9662e+00 +2.1595e+00 +4.4265e+00 +3.9786e-01 +3.3589e+00 -2.5719e+00 +1.6022e+00 -4.0039e+00 +1.8278e+00 +3.6166e+00 +2.1500e+00 +2.8401e+00 +2.1735e+00 +9.8524e-01 -2.4316e-01 +1.8978e+00 -2.4628e+00 -1.6442e+00 +1.3292e+00 +8.1081e-01
249 0 +1.920369029e+06 +1.920412329e+06 +1.920412329e+06 -1.1980e+00 -1.0979e+00 -1.7882e+00 +5.0000e+00 +4.6484e+00 -1.5355e+00 -8.2909e-01 -5.0000e+00 +3.2058e+00 +4.4510e+00 +3.4872e+00 -3.3318e-02 +6.1282e-01 -1.8741e-01 -1.4740e+00 -2.7015e+00 -3.3732e+00 -1.0263e+00 -1.0512e+00 -4.2334e+00
343 0 +1.158023225e+06 +1.158066525e+06 +1.158066525e+06 +1.0254e+00 -4.5073e-01 -3.1180e+00 +4.2962e+00 -3.1486e-01 -2.8689e+00 -2.7893e+00 +4.6995e+00 +2.2606e+00 +2.8705e+00 -1.1672e+00 +1.0085e+00 +4.6516e+00 -2.6566e+00 -1.9806e+00 -3.9940e+00 -3.3063e+00 -1.7333e+00 +2.1173e-01 +1.5041e+00
939 0 +6.395416676e+05 +6.395849676e+05 +6.395849676e+05 +3.9662e+00 +2.1595e+00 +4.4265e+00 +3.9786e-01 +9.4053e-02 +1.5321e-01 +1.6022e+00 +4.9806e-01 +4.3218e-01 +3.6166e+00 +2.1500e+00 -8.2552e-01 +5.4047e-01 +9.8524e-01 +5.0000e+00 +3.1256e-01 -2.4628e+00 +2.1235e+00 +3.7142e+00 +8.1081e-01
2319 0 +5.751859172e+05 +5.752292172e+05 +5.752292172e+05 +3.0504e+00 +5.0000e+00 -1.4121e+00 -3.3196e+00 +2.6224e+00 -6.0081e-01 +4.2641e+00 -5.0000e+00 -2.1302e+00 +3.0165e-01 +1.8763e+00 -7.4606e-01 +5.0000e+00 +3.8605e+00 +4.2384e-01 +9.6704e-01 -1.1013e+00 -2.4577e+00 +5.0000e+00 +1.9844e+00
3119 0 +5.336543076e+05 +5.336976076e+05 +5.336976076e+05 +3.0504e+00 +5.0000e+00 -1.7409e+00 -3.3196e+00 +2.6224e+00 -6.0081e-01 +4.2641e+00 -5.0000e+00 -2.1302e+00 +3.0165e-01 +1.8763e+00 -7.4606e-01 +2.7205e+00 +3.8605e+00 +4.2384e-01 +1.9224e-01 -1.1013e+00 -2.4577e+00 +5.0000e+00 -4.9310e-01
3603 0 +4.815765304e+05 +4.816198304e+05 +4.816198304e+05 +2.6467e+00 -1.1085e-01 +1.4153e+00 +2.9062e+00 +1.3940e+00 -2.3600e+00 +1.2710e+00 +4.6749e+00 -1.5657e+00 +9.3883e-01 +3.1459e+00 +1.3863e+00 +1.3126e+00 +3.6322e+00 +5.0000e+00 -3.6664e+00 +3.1457e+00 -1.8996e+00 +1.6530e+00 -4.9061e-01
4419 0 +4.073475347e+05 +4.073908347e+05 +4.073908347e+05 +2.8195e-01 +3.4865e+00 +1.8078e+00 -5.0000e+00 -5.0000e+00 +1.5321e-01 +2.7535e+00 -4.8783e+00 +4.9984e+00 -8.3236e-01 +4.9878e-01 +2.4037e+00 +2.0323e+00 +4.8334e+00 +3.9536e+00 +5.0000e+00 -6.3284e-01 +2.1235e+00 +3.7142e+00 +4.9526e-01
5131 0 +3.809888230e+05 +3.810321230e+05 +3.810321230e+05 +3.9370e+00 -3.5432e+00 -5.0000e+00 +1.9424e+00 +1.5006e+00 +1.6090e+00 -9.1056e-01 +2.1774e+00 +6.4309e-01 +4.8109e+00 +2.6406e+00 +2.1789e+00 +5.0000e+00 -5.8023e-01 -4.8006e+00 -2.1072e+00 +1.0076e+00 +2.2004e+00 -2.4924e+00 -5.0000e+00
6655 0 +3.278229982e+05 +3.278662982e+05 +3.278662982e+05 +3.9092e+00 -1.2708e+00 -2.9440e+00 +3.1892e+00 -1.8861e+00 +3.7309e-01 -1.7890e-02 +5.0000e+00 +5.0000e+00 -2.1560e+00 +2.8935e+00 -8.8464e-01 +5.0000e+00 -1.9339e+00 +3.4282e+00 -1.9326e+00 -3.7441e-01 +1.4383e+00 -3.4843e+00 -1.0766e+00
10809 0 +3.090718788e+05 +3.091151788e+05 +3.091151788e+05 +3.2158e+00 -1.0979e+00 -3.7591e+00 +4.0294e+00 -6.6217e-01 +1.7599e-01 +1.6357e+00 +5.0000e+00 +3.8337e+00 +6.3771e-01 +1.8320e+00 -3.7331e-01 +5.0000e+00 -2.4104e+00 +3.8095e-02 -2.7015e+00 +3.3856e+00 +3.2964e-01 -2.3119e+00 -5.0000e+00
13273 0 +2.972154288e+05 +2.972587288e+05 +2.972587288e+05 +5.0000e+00 +1.5569e+00 -5.0000e+00 +1.0766e+00 -3.9508e+00 -1.2321e+00 +5.0000e+00 +3.4933e+00 +8.1013e-01 +1.6333e+00 -3.7256e+00 -1.7248e+00 +4.5880e+00 -3.0296e+00 -2.7484e+00 -1.0164e+00 -2.1553e+00 +1.4683e-01 -8.3636e-01 -1.7023e+00
17055 0 +2.407906107e+05 +2.408339107e+05 +2.408339107e+05 +3.9092e+00 -2.1730e+00 -2.9440e+00 +5.0000e+00 -1.8861e+00 +2.2690e+00 -1.7890e-02 +5.0000e+00 +5.0000e+00 -2.1560e+00 +2.8935e+00 -8.8464e-01 +3.4435e+00 -1.9339e+00 +3.4282e+00 -1.9326e+00 -3.7441e-01 +5.4391e-01 -3.4843e+00 -5.0000e+00
17689 0 +1.545491441e+05 +1.545924441e+05 +1.545924441e+05 +5.0000e+00 -1.0979e+00 -3.7591e+00 +4.0294e+00 -6.6217e-01 +1.7599e-01 +2.4889e+00 +5.0000e+00 +3.8337e+00 +2.0708e-01 +1.8320e+00 -3.7331e-01 +5.0000e+00 -2.4104e+00 +3.8095e-02 -2.1469e+00 +3.3856e+00 +3.2964e-01 -2.3119e+00 -5.0000e+00
% f evaluations | g evaluations | best noise-free fitness - Fopt (-4.122000000000e+01) + sum g_i+ | measured fitness | best measured fitness or single-digit g-values | x1 | x2...
1 0 +2.672420702e+07 +2.672416580e+07 +2.672416580e+07 +4.2028e+00 +4.5703e+00 +2.1391e+00 -2.8170e+00 +1.8113e+00 +6.0449e-01 +4.7343e+00 -4.4985e+00 +2.3292e+00 +4.4489e+00 -2.9597e+00 +4.1339e+00 -3.2793e+00 +2.4407e+00 +4.1516e+00 -4.0263e+00 +3.1868e+00 -2.8478e+00 +2.2626e+00 -4.7998e+00
2 0 +5.592145935e+06 +5.592104715e+06 +5.592104715e+06 -4.1367e+00 +2.8829e+00 +5.7611e-01 -3.3918e+00 -3.5272e+00 -3.3896e+00 +2.2805e+00 +1.4597e+00 +2.2492e+00 +4.5541e+00 -1.0434e+00 -1.6419e+00 +2.9330e+00 -2.2007e+00 -3.3254e+00 +2.4843e+00 -3.2641e+00 +6.7290e-02 -2.2412e+00 -1.2378e+00
4 0 +4.275897658e+06 +4.275856438e+06 +4.275856438e+06 +1.0645e+00 +2.0265e+00 +3.3300e+00 +3.0454e+00 -4.5163e+00 +2.9349e+00 -3.9132e+00 +6.9291e-01 +4.7816e+00 -1.9392e+00 +4.6583e+00 +1.3318e-01 +1.9246e+00 -8.1062e-01 -4.3044e+00 +4.0016e+00 +4.0609e+00 +4.4956e+00 +2.0615e+00 +1.6621e-01
9 0 +2.218093915e+06 +2.218052695e+06 +2.218052695e+06 +3.0002e+00 -2.2151e+00 -2.7473e+00 +3.2067e+00 -4.0170e+00 +1.9267e+00 +3.5230e+00 +4.4746e+00 +1.1567e+00 -3.1201e+00 -1.4097e+00 +1.2148e+00 +5.7630e-01 -2.3581e+00 -1.9618e+00 -1.3259e+00 -1.4076e-01 -1.7105e-01 -1.4007e+00 +1.7927e+00
137 0 +1.755603275e+06 +1.755562055e+06 +1.755562055e+06 +1.4444e+00 -3.6625e+00 -4.6805e+00 -1.8854e+00 +5.0000e+00 +2.3247e+00 +4.2438e+00 +1.1204e+00 -2.6733e-01 -3.5116e+00 -5.6860e-01 -2.2377e+00 +1.1744e+00 +1.9293e+00 -1.4101e+00 +2.6047e+00 -5.0000e+00 +1.3498e+00 -2.5887e+00 +8.4448e-01
197 0 +1.619684649e+06 +1.619643429e+06 +1.619643429e+06 +3.0002e+00 +2.1600e+00 -2.7473e+00 +3.2067e+00 -4.0170e+00 +1.9267e+00 +3.5230e+00 +4.4746e+00 +1.2485e+00 -2.4980e+00 -1.6689e+00 -5.7090e-01 +2.9401e+00 -2.3581e+00 -4.9462e-02 -1.3259e+00 +5.0000e+00 -3.7840e+00 -1.4408e+00 +1.7927e+00
467 0 +1.482743772e+06 +1.482702552e+06 +1.482702552e+06 +4.6370e+00 +2.0265e+00 +1.7450e+00 +3.0454e+00 -5.0000e+00 +3.8754e+00 -3.9132e+00 +4.0259e+00 +3.1384e+00 -1.9392e+00 -3.2028e+00 +1.3318e-01 +1.9246e+00 +9.3944e-01 -2.0204e+00 -4.4120e-01 +5.0000e+00 +1.7136e+00 +2.0615e+00 +2.1116e+00
565 0 +1.431458704e+06 +1.431417484e+06 +1.431417484e+06 -5.0000e+00 -2.0377e+00 -5.0000e+00 +2.5871e-01 -5.0000e+00 -5.0000e+00 -5.0000e+00 +1.1878e+00 +5.0000e+00 -4.8294e+00 +4.9209e-01 +4.3513e+00 +4.6884e+00 -9.7956e-02 -4.8472e+00 -8.6680e-01 +2.6935e+00 -8.8130e-01 +1.1161e+00 +7.0957e-01
763 0 +8.152847721e+05 +8.152435521e+05 +8.152435521e+05 +2.6170e+00 -5.0000e+00 +3.5043e+00 +1.2864e+00 -5.0000e+00 +2.6332e+00 -2.3284e+00 -3.2085e+00 +3.0765e+00 +7.9277e-01 +5.3242e-01 -1.0502e+00 +1.9822e+00 +3.7447e+00 +6.2866e-01 +2.6385e+00 +3.3994e-01 +2.2804e+00 +3.1698e+00 +1.8358e+00
1001 0 +6.588705203e+05 +6.588293003e+05 +6.588293003e+05 +8.6492e-01 -3.5015e+00 +9.6182e-01 +4.1856e+00 -4.1739e+00 +6.0777e-01 +2.9777e+00 -2.7427e+00 -2.7549e-01 -7.8237e-01 -1.5537e+00 -1.6382e+00 +2.5373e+00 -1.9458e+00 +3.7644e-01 -1.3952e+00 +2.1112e+00 -2.4732e+00 +2.9979e+00 -4.3673e-01
3309 0 +6.214358720e+05 +6.213946520e+05 +6.213946520e+05 +1.9650e+00 -3.9276e+00 +2.8034e+00 +2.3027e+00 -5.0000e+00 +5.0000e+00 +2.9777e+00 -1.9905e+00 +6.7665e-01 -5.0135e-01 -1.3274e+00 -1.2007e-01 +5.0000e+00 +6.8477e-01 -1.8516e+00 -2.1932e-01 -2.3720e+00 -5.0000e+00 -5.4953e-01 +1.9374e+00
3399 0 +5.114529085e+05 +5.114116885e+05 +5.114116885e+05 -1.7183e+00 -2.2528e+00 -5.0000e+00 +5.0000e+00 -5.0000e+00 -3.9782e+00 +3.2632e+00 -8.0788e-01 +1.4855e+00 +5.8434e-01 -2.6067e+00 -5.0337e-01 +2.6477e+00 -2.5572e+00 -1.4767e+00 +1.7552e+00 +5.0000e+00 -1.3032e+00 +1.1161e+00 +2.7546e+00
4921 0 +3.422660587e+05 +3.422248387e+05 +3.422248387e+05 +1.8504e+00 -3.5015e+00 +7.3533e-01 +2.8478e+00 -1.8549e+00 +6.0777e-01 +2.9777e+00 -2.7427e+00 +9.0958e-01 -7.8237e-01 -1.5537e+00 -1.6382e+00 -6.1452e-01 -1.4550e+00 +2.4341e+00 +8.2153e-01 +9.4136e-02 -2.4732e+00 +2.9979e+00 +1.9663e+00
6795 0 +3.039412154e+05 +3.038999954e+05 +3.038999954e+05 +1.4254e+00 -3.4050e+00 +7.3533e-01 +1.9866e+00 -1.6402e+00 +3.9782e-01 +4.3805e+00 -1.1413e+00 +1.5165e-01 -2.7250e-01 +6.3372e-01 +2.4364e-01 -2.1617e+00 -1.3032e+00 +2.2387e+00 +4.4930e-01 +5.0000e+00 +4.1242e-01 +1.4382e+00 +1.4534e+00
9395 0 +2.603793209e+05 +2.603381009e+05 +2.603381009e+05 +1.4254e+00 -3.4050e+00 +7.3533e-01 +1.9866e+00 -1.6402e+00 +3.9782e-01 +4.3805e+00 -5.7440e-01 +1.5901e+00 -4.7890e-01 -4.3763e+00 -2.0504e+00 -2.1617e+00 -1.3032e+00 +2.2387e+00 +4.2822e-01 +5.0000e+00 +4.1242e-01 +1.4382e+00 +1.4534e+00
10707 0 +2.409576019e+05 +2.409163819e+05 +2.409163819e+05 +4.6370e+00 +1.1036e-01 +6.9558e-01 +4.4938e+00 -4.5994e+00 +2.1362e+00 -3.9132e+00 +8.0878e-02 +1.8531e+00 +3.0912e+00 -2.3224e-01 +3.1487e-01 +3.9581e+00 -2.0280e+00 -2.2266e+00 -4.4120e-01 -4.6763e+00 +1.7136e+00 +2.4827e+00 +1.2833e+00
11755 0 +2.063459765e+05 +2.063047565e+05 +2.063047565e+05 +1.4254e+00 -3.4050e+00 +7.3533e-01 +1.9866e+00 -1.6402e+00 +3.9782e-01 +4.3805e+00 -3.4886e+00 +1.5901e+00 -4.7890e-01 -3.8905e+00 -3.9752e+00 -2.0912e+00 -1.3032e+00 +2.2387e+00 +2.7321e+00 +5.0000e+00 +1.3907e+00 +1.4382e+00 +1.4534e+00
16111 0 +1.621749721e+05 +1.621337521e+05 +1.621337521e+05 -1.0019e-01 -2.8154e+00 -2.6963e+00 +1.2347e+00 -1.8549e+00 -2.0544e+00 +4.3805e+00 -5.0000e+00 -1.2932e+00 +1.4490e+00 +1.0216e+00 -1.8749e-01 +2.5457e+00 -4.5511e-01 +3.8441e+00 +9.7385e-01 +2.7793e+00 -6.3751e-01 +5.0000e+00 +1.0663e+00
16631 0 +1.430102788e+05 +1.429690588e+05 +1.429690588e+05 -1.0019e-01 -2.8154e+00 -2.6963e+00 +1.9866e+00 -1.8549e+00 -2.0544e+00 +4.3805e+00 -5.0000e+00 +1.5947e-01 +1.4490e+00 +1.0216e+00 -1.8749e-01 +2.5457e+00 -1.6151e+00 +3.8441e+00 +1.9002e+00 +2.7793e+00 -6.3751e-01 +5.0000e+00 +1.0663e+00
23857 0 +1.191433022e+05 +1.191020822e+05 +1.191020822e+05 -1.1496e+00 -3.6436e+00 -3.2454e+00 +2.5660e+00 -3.8389e+00 -3.7072e+00 +5.0000e+00 -3.1541e+00 +1.3060e+00 +1.1215e-01 +6.7833e-01 -2.1466e-01 +4.0709e-01 -1.7551e+00 +4.8476e+00 +1.5293e+00 +5.0000e+00 -2.5186e+00 +4.9760e+00 +2.1341e+00
35001 0 +5.762341112e+04 +5.758219112e+04 +5.758219112e+04 +1.0724e+00 -2.0179e+00 -1.9945e+00 +3.5233e+00 -2.3366e+00 -1.2808e+00 +3.4742e+00 -5.0000e+00 +1.0483e+00 +2.7027e+00 +1.3735e+00 -1.0682e-01 +1.4055e+00 -1.6780e+00 +4.0861e+00 +1.6039e+00 +3.0203e+00 -1.4488e-01 +5.0000e+00 +5.8631e-01
