% f evaluations | g evaluations | best noise-free fitness - Fopt (1.238300000000e+02) + sum g_i+ | measured fitness | best measured fitness or single-digit g-values | x1 | x2...
1 0 +4.147962912e+04 +4.160345912e+04 +4.160345912e+04 -2.0304e+00 +4.0595e+00
2 0 +1.669163000e+04 +1.681546000e+04 +1.681546000e+04 +1.1949e+00 -4.3458e+00
3 0 +8.204896287e+03 +8.328726287e+03 +8.328726287e+03 -4.4655e-01 -4.7670e+00
4 0 +3.726387413e+02 +4.964687413e+02 +4.964687413e+02 +1.6246e+00 +5.7343e-01
7 0 +6.021514892e+01 +1.840451489e+02 +1.840451489e+02 +3.5795e-01 +3.3119e-01
17 0 +3.149637093e+01 +1.553263709e+02 +1.553263709e+02 +8.2328e-01 -1.1277e+00
19 0 +1.441632928e+00 +1.252716329e+02 +1.252716329e+02 +4.6048e-02 -6.1884e-01
23 0 +1.030780814e+00 +1.248607808e+02 +1.248607808e+02 +3.0370e-02 -7.2077e-01
56 0 +7.231621316e-01 +1.245531621e+02 +1.245531621e+02 -2.1715e-01 -4.2062e-02
81 0 +3.247656838e-01 +1.241547657e+02 +1.241547657e+02 -1.6510e-01 -2.8018e-01
97 0 +2.895896987e-01 +1.241195897e+02 +1.241195897e+02 -1.5605e-01 -1.7535e-01
105 0 +2.545127660e-01 +1.240845128e+02 +1.240845128e+02 -1.5717e-01 -1.1972e-01
115 0 +2.297530949e-01 +1.240597531e+02 +1.240597531e+02 -1.8617e-01 -5.7111e-02
131 0 +1.773278504e-01 +1.240073279e+02 +1.240073279e+02 -1.6674e-01 -6.1912e-02
168 0 +1.680488582e-01 +1.239980489e+02 +1.239980489e+02 -1.7036e-01 -5.1624e-02
174 0 +1.616700304e-01 +1.239916700e+02 +1.239916700e+02 -1.7299e-01 -3.3377e-02
180 0 +1.561363837e-01 +1.239861364e+02 +1.239861364e+02 -1.7514e-01 +9.2046e-03
186 0 +1.451092788e-01 +1.239751093e+02 +1.239751093e+02 -1.6825e-01 -6.0060e-03
187 0 +1.438822612e-01 +1.239738823e+02 +1.239738823e+02 -1.7226e-01 +1.7751e-02
189 0 +1.339114458e-01 +1.239639114e+02 +1.239639114e+02 -1.6349e-01 +2.1082e-02
194 0 +1.229694104e-01 +1.239529694e+02 +1.239529694e+02 -1.6271e-01 +4.3630e-02
201 0 +1.032934823e-01 +1.239332935e+02 +1.239332935e+02 -1.5753e-01 +9.2775e-02
205 0 +9.653694029e-02 +1.239265369e+02 +1.239265369e+02 -1.5879e-01 +1.1272e-01
208 0 +6.528662936e-02 +1.238952866e+02 +1.238952866e+02 -1.4510e-01 +2.2399e-01
233 0 +6.319010475e-02 +1.238931901e+02 +1.238931901e+02 -1.4181e-01 +2.1326e-01
235 0 +3.583162745e-02 +1.238658316e+02 +1.238658316e+02 -1.2237e-01 +3.4513e-01
246 0 +1.867557022e-02 +1.238486756e+02 +1.238486756e+02 -1.0225e-01 +4.3055e-01
264 0 +7.174252680e-03 +1.238371743e+02 +1.238371743e+02 -7.5878e-02 +5.3307e-01
269 0 +4.688000514e-03 +1.238346880e+02 +1.238346880e+02 -4.9294e-02 +6.4873e-01
293 0 +2.541706220e-03 +1.238325417e+02 +1.238325417e+02 -5.9279e-02 +6.0301e-01
310 0 +7.398605462e-04 +1.238307399e+02 +1.238307399e+02 -4.5613e-02 +6.5311e-01
366 0 +6.664690988e-04 +1.238306665e+02 +1.238306665e+02 -4.4036e-02 +6.5535e-01
374 0 +2.610700309e-04 +1.238302611e+02 +1.238302611e+02 -3.9828e-02 +6.7195e-01
383 0 +1.289447659e-04 +1.238301289e+02 +1.238301289e+02 -3.5516e-02 +6.8864e-01
397 0 +4.079949930e-05 +1.238300408e+02 +1.238300408e+02 -3.3797e-02 +6.9316e-01
402 0 +1.859367961e-05 +1.238300186e+02 +1.238300186e+02 -2.7811e-02 +7.1461e-01
403 0 +1.045302467e-05 +1.238300105e+02 +1.238300105e+02 -2.9566e-02 +7.0868e-01
411 0 +8.588860069e-06 +1.238300086e+02 +1.238300086e+02 -2.8533e-02 +7.1200e-01
414 0 +4.784862142e-06 +1.238300048e+02 +1.238300048e+02 -2.9558e-02 +7.0853e-01
415 0 +3.100848332e-06 +1.238300031e+02 +1.238300031e+02 -2.9359e-02 +7.0911e-01
416 0 +1.536567865e-06 +1.238300015e+02 +1.238300015e+02 -3.0671e-02 +7.0423e-01
436 0 +4.398863211e-07 +1.238300004e+02 +1.238300004e+02 -2.9985e-02 +7.0662e-01
466 0 +1.392160840e-07 +1.238300001e+02 +1.238300001e+02 -3.0045e-02 +7.0658e-01
476 0 +9.892261232e-08 +1.238300001e+02 +1.238300001e+02 -3.0096e-02 +7.0630e-01
488 0 +9.246764421e-08 +1.238300001e+02 +1.238300001e+02 -2.9874e-02 +7.0711e-01
490 0 +4.405492859e-09 +1.238300000e+02 +1.238300000e+02 -3.0099e-02 +7.0634e-01
649 0 +0.000000000e+00 +1.238300000e+02 +1.238300000e+02 -3.0061e-02 +7.0647e-01
% f evaluations | g evaluations | best noise-free fitness - Fopt (4.751000000000e+01) + sum g_i+ | measured fitness | best measured fitness or single-digit g-values | x1 | x2...
1 0 +2.002006972e+00 +4.951200697e+01 +4.951200697e+01 -8.8722e-01 -3.1985e-01
28 0 +1.742399931e+00 +4.925239993e+01 +4.925239993e+01 -8.7954e-01 -2.2292e-01
51 0 +1.612607875e+00 +4.912260787e+01 +4.912260787e+01 -8.6782e-01 -1.5961e-01
80 0 +1.556706363e+00 +4.906670636e+01 +4.906670636e+01 -7.8726e-01 +7.7372e-02
88 0 +8.404218902e-01 +4.835042189e+01 +4.835042189e+01 -5.7998e-01 +1.1103e-01
113 0 +7.891454508e-01 +4.829914545e+01 +4.829914545e+01 -5.9591e-01 +1.5804e-01
115 0 +7.497749986e-01 +4.825977500e+01 +4.825977500e+01 -5.7753e-01 +1.6364e-01
145 0 +6.718127619e-01 +4.818181276e+01 +4.818181276e+01 -5.0740e-01 +1.9443e-01
150 0 +6.470434221e-01 +4.815704342e+01 +4.815704342e+01 -5.1676e-01 +1.8273e-01
157 0 +6.174575578e-01 +4.812745756e+01 +4.812745756e+01 -5.1007e-01 +1.6553e-01
160 0 +5.093911971e-01 +4.801939120e+01 +4.801939120e+01 -4.3308e-01 +1.8828e-01
165 0 +4.001603358e-01 +4.791016034e+01 +4.791016034e+01 -3.2609e-01 +1.9030e-01
203 0 +3.502856139e-01 +4.786028561e+01 +4.786028561e+01 -2.8292e-01 +2.0289e-01
204 0 +3.441209348e-01 +4.785412093e+01 +4.785412093e+01 -2.7771e-01 +1.9792e-01
205 0 +3.020676449e-01 +4.781206764e+01 +4.781206764e+01 -2.1311e-01 +2.0597e-01
211 0 +3.011667115e-01 +4.781116671e+01 +4.781116671e+01 -1.7806e-01 +2.0926e-01
218 0 +2.379266297e-01 +4.774792663e+01 +4.774792663e+01 -1.4336e-01 +1.9258e-01
224 0 +2.328890097e-01 +4.774288901e+01 +4.774288901e+01 -1.3049e-01 +1.9475e-01
245 0 +2.254430213e-01 +4.773544302e+01 +4.773544302e+01 -1.2265e-01 +1.9223e-01
252 0 +2.228766395e-01 +4.773287664e+01 +4.773287664e+01 -1.1910e-01 +1.9156e-01
253 0 +2.044833153e-01 +4.771448332e+01 +4.771448332e+01 -8.6944e-02 +1.8861e-01
259 0 +2.023958720e-01 +4.771239587e+01 +4.771239587e+01 -8.8106e-02 +1.8612e-01
266 0 +1.915359238e-01 +4.770153592e+01 +4.770153592e+01 -7.0226e-02 +1.8176e-01
269 0 +1.901129685e-01 +4.770011297e+01 +4.770011297e+01 -5.9347e-02 +1.8540e-01
274 0 +1.843498080e-01 +4.769434981e+01 +4.769434981e+01 -4.8787e-02 +1.8376e-01
278 0 +1.729651916e-01 +4.768296519e+01 +4.768296519e+01 -3.0493e-02 +1.7994e-01
285 0 +1.677087327e-01 +4.767770873e+01 +4.767770873e+01 +1.9888e-02 +1.7622e-01
288 0 +1.528210256e-01 +4.766282103e+01 +4.766282103e+01 +2.0051e-02 +1.7248e-01
289 0 +1.131967861e-01 +4.762319679e+01 +4.762319679e+01 +1.0932e-01 +1.5191e-01
296 0 +1.103760091e-01 +4.762037601e+01 +4.762037601e+01 +1.2172e-01 +1.4939e-01
302 0 +9.562609760e-02 +4.760562610e+01 +4.760562610e+01 +1.3918e-01 +1.3533e-01
303 0 +8.917235272e-02 +4.759917235e+01 +4.759917235e+01 +2.0793e-01 +1.2784e-01
308 0 +5.805807052e-02 +4.756805807e+01 +4.756805807e+01 +2.8562e-01 +1.0177e-01
339 0 +5.671439517e-02 +4.756671440e+01 +4.756671440e+01 +2.7265e-01 +9.6044e-02
343 0 +3.911807525e-02 +4.754911808e+01 +4.754911808e+01 +3.3942e-01 +8.1726e-02
349 0 +1.811670879e-02 +4.752811671e+01 +4.752811671e+01 +4.7668e-01 +3.3009e-02
410 0 +8.567944620e-03 +4.751856794e+01 +4.751856794e+01 +5.7031e-01 -4.1161e-03
420 0 +1.238957772e-03 +4.751123896e+01 +4.751123896e+01 +6.3286e-01 -3.3220e-02
424 0 +9.671931923e-04 +4.751096719e+01 +4.751096719e+01 +7.5103e-01 -8.3596e-02
474 0 +7.306214532e-04 +4.751073062e+01 +4.751073062e+01 +6.7093e-01 -4.8354e-02
479 0 +2.314423912e-04 +4.751023144e+01 +4.751023144e+01 +6.8019e-01 -5.3880e-02
480 0 +1.526228703e-04 +4.751015262e+01 +4.751015262e+01 +7.0261e-01 -6.2559e-02
493 0 +4.791534542e-05 +4.751004792e+01 +4.751004792e+01 +6.9069e-01 -5.8063e-02
505 0 +1.395487587e-05 +4.751001395e+01 +4.751001395e+01 +7.0138e-01 -6.2791e-02
511 0 +5.162633869e-06 +4.751000516e+01 +4.751000516e+01 +7.0721e-01 -6.5262e-02
512 0 +1.374028287e-07 +4.751000014e+01 +4.751000014e+01 +7.0381e-01 -6.3702e-02
572 0 +1.243708496e-07 +4.751000012e+01 +4.751000012e+01 +7.0390e-01 -6.3711e-02
573 0 +6.727250224e-08 +4.751000007e+01 +4.751000007e+01 +7.0410e-01 -6.3801e-02
599 0 +4.356463279e-08 +4.751000004e+01 +4.751000004e+01 +7.0459e-01 -6.4034e-02
601 0 +2.389710119e-08 +4.751000002e+01 +4.751000002e+01 +7.0435e-01 -6.3930e-02
611 0 +1.992592757e-08 +4.751000002e+01 +4.751000002e+01 +7.0436e-01 -6.3920e-02
613 0 +1.924185256e-09 +4.751000000e+01 +4.751000000e+01 +7.0431e-01 -6.3903e-02
773 0 +0.000000000e+00 +4.751000000e+01 +4.751000000e+01 +7.0422e-01 -6.3864e-02
% f evaluations | g evaluations | best noise-free fitness - Fopt (5.534000000000e+01) + sum g_i+ | measured fitness | best measured fitness or single-digit g-values | x1 | x2...
1 0 +1.241184726e+03 +1.296524726e+03 +1.296524726e+03 -4.1206e+00 +4.7476e+00
2 0 +4.060126357e+02 +4.613526357e+02 +4.613526357e+02 -9.0075e-01 -8.7440e-01
4 0 +1.722858127e+02 +2.276258127e+02 +2.276258127e+02 +1.8906e+00 -1.5589e-01
5 0 +7.631453352e+01 +1.316545335e+02 +1.316545335e+02 +4.1424e-01 +1.9099e+00
6 0 +1.973366575e+00 +5.731336658e+01 +5.731336658e+01 +3.1804e-01 +2.1993e-02
8 0 +1.806469083e+00 +5.714646908e+01 +5.714646908e+01 +7.8717e-01 +4.2059e-01
33 0 +1.272716932e+00 +5.661271693e+01 +5.661271693e+01 +6.3631e-01 +2.5068e-02
36 0 +3.863379620e-01 +5.572633796e+01 +5.572633796e+01 +1.9304e-01 -1.5717e-01
54 0 +3.956426169e-02 +5.537956426e+01 +5.537956426e+01 -5.9271e-01 -2.1110e-01
66 0 +3.200600142e-02 +5.537200600e+01 +5.537200600e+01 -9.9859e-01 -1.8456e-01
84 0 +8.773003418e-03 +5.534877300e+01 +5.534877300e+01 -5.5593e-01 -2.0625e-01
95 0 +3.437143396e-03 +5.534343714e+01 +5.534343714e+01 -8.0646e-01 -1.9292e-01
130 0 +1.902844640e-03 +5.534190284e+01 +5.534190284e+01 -7.7747e-01 -1.9519e-01
131 0 +6.270740491e-04 +5.534062707e+01 +5.534062707e+01 -7.3165e-01 -1.9715e-01
133 0 +2.788814523e-05 +5.534002789e+01 +5.534002789e+01 -6.9012e-01 -1.9928e-01
138 0 +6.395927407e-06 +5.534000640e+01 +5.534000640e+01 -6.8105e-01 -1.9950e-01
200 0 +4.412929854e-06 +5.534000441e+01 +5.534000441e+01 -6.7722e-01 -1.9965e-01
207 0 +3.000663874e-06 +5.534000300e+01 +5.534000300e+01 -6.7881e-01 -1.9961e-01
210 0 +3.200624050e-07 +5.534000032e+01 +5.534000032e+01 -6.7743e-01 -1.9975e-01
216 0 +1.582491649e-08 +5.534000002e+01 +5.534000002e+01 -6.7860e-01 -1.9969e-01
251 0 +4.315651836e-09 +5.534000000e+01 +5.534000000e+01 -6.7819e-01 -1.9971e-01
405 0 +0.000000000e+00 +5.534000000e+01 +5.534000000e+01 -6.7832e-01 -1.9970e-01
% f evaluations | g evaluations | best noise-free fitness - Fopt (-9.033000000000e+01) + sum g_i+ | measured fitness | best measured fitness or single-digit g-values | x1 | x2...
1 0 +1.528144834e+01 -7.504855166e+01 -7.504855166e+01 +7.5550e-01 -7.7399e-01
5 0 +3.710051884e+00 -8.661994812e+01 -8.661994812e+01 -4.8022e-01 -1.3699e+00
7 0 +2.376471723e-01 -9.009235283e+01 -9.009235283e+01 +1.7694e-01 +8.1593e-02
73 0 +1.850638387e-01 -9.014493616e+01 -9.014493616e+01 +1.8282e-01 +4.9165e-02
150 0 +1.779465272e-01 -9.015205347e+01 -9.015205347e+01 +1.4804e-01 +1.0232e-01
151 0 +1.629140745e-01 -9.016708593e+01 -9.016708593e+01 +1.5451e-01 +7.9127e-02
156 0 +1.573227488e-01 -9.017267725e+01 -9.017267725e+01 +1.4025e-01 +9.0106e-02
170 0 +1.108033947e-01 -9.021919661e+01 -9.021919661e+01 +2.6070e-02 +2.1744e-01
181 0 +6.113767424e-02 -9.026886233e+01 -9.026886233e+01 -7.7122e-02 +3.0100e-01
213 0 +5.814761671e-02 -9.027185238e+01 -9.027185238e+01 -9.6917e-02 +3.1755e-01
220 0 +5.432177776e-02 -9.027567822e+01 -9.027567822e+01 -7.9863e-02 +3.0117e-01
222 0 +4.647113597e-02 -9.028352886e+01 -9.028352886e+01 -8.3146e-02 +2.9618e-01
228 0 +4.547936248e-02 -9.028452064e+01 -9.028452064e+01 -9.1922e-02 +3.0810e-01
234 0 +3.567096227e-02 -9.029432904e+01 -9.029432904e+01 -1.2298e-01 +3.3120e-01
237 0 +2.227407066e-02 -9.030772593e+01 -9.030772593e+01 -2.5271e-01 +4.3306e-01
245 0 +1.873398659e-02 -9.031126601e+01 -9.031126601e+01 -2.0477e-01 +3.9331e-01
253 0 +1.258515708e-02 -9.031741484e+01 -9.031741484e+01 -2.6768e-01 +4.4085e-01
266 0 +6.119059001e-03 -9.032388094e+01 -9.032388094e+01 -3.0929e-01 +4.6851e-01
305 0 +5.774788514e-03 -9.032422521e+01 -9.032422521e+01 -3.0246e-01 +4.6204e-01
311 0 +5.230829887e-03 -9.032476917e+01 -9.032476917e+01 -3.1115e-01 +4.6724e-01
329 0 +4.972383955e-03 -9.032502762e+01 -9.032502762e+01 -3.1196e-01 +4.6851e-01
330 0 +4.716701398e-03 -9.032528330e+01 -9.032528330e+01 -3.1620e-01 +4.7209e-01
333 0 +4.208131216e-03 -9.032579187e+01 -9.032579187e+01 -3.2175e-01 +4.7543e-01
335 0 +3.963948997e-03 -9.032603605e+01 -9.032603605e+01 -3.4244e-01 +4.9154e-01
353 0 +3.028310287e-03 -9.032697169e+01 -9.032697169e+01 -3.3955e-01 +4.8732e-01
355 0 +2.971336605e-03 -9.032702866e+01 -9.032702866e+01 -3.5089e-01 +4.9680e-01
358 0 +2.702587198e-03 -9.032729741e+01 -9.032729741e+01 -3.5371e-01 +4.9858e-01
365 0 +2.270219943e-03 -9.032772978e+01 -9.032772978e+01 -3.5665e-01 +4.9844e-01
374 0 +1.255555539e-03 -9.032874444e+01 -9.032874444e+01 -3.7471e-01 +5.1121e-01
382 0 +8.138841433e-04 -9.032918612e+01 -9.032918612e+01 -3.9930e-01 +5.2897e-01
394 0 +6.729769662e-04 -9.032932702e+01 -9.032932702e+01 -4.5814e-01 +5.6777e-01
404 0 +3.635012916e-04 -9.032963650e+01 -9.032963650e+01 -4.0496e-01 +5.3197e-01
406 0 +2.932175393e-04 -9.032970678e+01 -9.032970678e+01 -4.3971e-01 +5.5546e-01
409 0 +2.383651270e-05 -9.032997616e+01 -9.032997616e+01 -4.3904e-01 +5.5384e-01
417 0 +1.309522263e-05 -9.032998690e+01 -9.032998690e+01 -4.4183e-01 +5.5610e-01
446 0 +5.604206038e-06 -9.032999440e+01 -9.032999440e+01 -4.4128e-01 +5.5568e-01
452 0 +2.452876146e-06 -9.032999755e+01 -9.032999755e+01 -4.3886e-01 +5.5407e-01
458 0 +1.648150629e-07 -9.032999984e+01 -9.032999984e+01 -4.3993e-01 +5.5469e-01
480 0 +9.727179417e-08 -9.032999990e+01 -9.032999990e+01 -4.3969e-01 +5.5454e-01
487 0 +8.858521028e-08 -9.032999991e+01 -9.032999991e+01 -4.3945e-01 +5.5439e-01
488 0 +6.086204962e-08 -9.032999994e+01 -9.032999994e+01 -4.3962e-01 +5.5448e-01
492 0 +1.138124617e-08 -9.032999999e+01 -9.032999999e+01 -4.3919e-01 +5.5421e-01
512 0 +8.079993563e-09 -9.032999999e+01 -9.032999999e+01 -4.3902e-01 +5.5409e-01
647 0 +0.000000000e+00 -9.033000000e+01 -9.033000000e+01 -4.3917e-01 +5.5419e-01
% f evaluations | g evaluations | best noise-free fitness - Fopt (6.561000000000e+01) + sum g_i+ | measured fitness | best measured fitness or single-digit g-values | x1 | x2...
1 0 +6.961817021e+03 +7.027427021e+03 +7.027427021e+03 -2.4446e+00 +7.1647e-01
2 0 +6.488789847e+03 +6.554399847e+03 +6.554399847e+03 -2.3549e+00 -1.8960e+00
3 0 +3.651682909e+03 +3.717292909e+03 +3.717292909e+03 -1.6503e+00 +4.7251e+00
5 0 +9.587653740e+02 +1.024375374e+03 +1.024375374e+03 +2.6715e+00 -2.6133e-01
6 0 +1.261320011e+00 +6.687132001e+01 +6.687132001e+01 -4.7635e-01 -1.0667e+00
37 0 +2.622023171e-01 +6.587220232e+01 +6.587220232e+01 -1.3019e-01 +1.5000e-01
67 0 +9.336174272e-02 +6.570336174e+01 +6.570336174e+01 -2.8167e-01 -1.8845e-01
77 0 +6.758840579e-02 +6.567758841e+01 +6.567758841e+01 -4.0082e-01 -5.4104e-01
90 0 +4.037280821e-02 +6.565037281e+01 +6.565037281e+01 -2.8263e-01 -2.3939e-01
106 0 +2.350338351e-02 +6.563350338e+01 +6.563350338e+01 -4.1390e-01 -6.0412e-01
126 0 +3.652833113e-04 +6.561036528e+01 +6.561036528e+01 -4.0247e-01 -5.8556e-01
221 0 +9.046546673e-05 +6.561009047e+01 +6.561009047e+01 -4.0436e-01 -5.9398e-01
243 0 +3.269398239e-05 +6.561003269e+01 +6.561003269e+01 -4.0159e-01 -5.8466e-01
244 0 +2.860684643e-05 +6.561002861e+01 +6.561002861e+01 -4.0079e-01 -5.8366e-01
249 0 +6.708115649e-06 +6.561000671e+01 +6.561000671e+01 -4.0217e-01 -5.8776e-01
269 0 +5.781993607e-06 +6.561000578e+01 +6.561000578e+01 -4.0211e-01 -5.8750e-01
271 0 +9.919190944e-07 +6.561000099e+01 +6.561000099e+01 -4.0112e-01 -5.8378e-01
288 0 +7.320844304e-07 +6.561000073e+01 +6.561000073e+01 -4.0110e-01 -5.8396e-01
295 0 +1.636705633e-07 +6.561000016e+01 +6.561000016e+01 -4.0093e-01 -5.8323e-01
309 0 +1.352567836e-07 +6.561000014e+01 +6.561000014e+01 -4.0085e-01 -5.8295e-01
311 0 +6.576364342e-08 +6.561000007e+01 +6.561000007e+01 -4.0059e-01 -5.8206e-01
319 0 +3.198269383e-08 +6.561000003e+01 +6.561000003e+01 -4.0070e-01 -5.8245e-01
320 0 +3.287581762e-09 +6.561000000e+01 +6.561000000e+01 -4.0073e-01 -5.8257e-01
483 0 +0.000000000e+00 +6.561000000e+01 +6.561000000e+01 -4.0073e-01 -5.8259e-01
% f evaluations | g evaluations | best noise-free fitness - Fopt (-4.806300000000e+02) + sum g_i+ | measured fitness | best measured fitness or single-digit g-values | x1 | x2...
1 0 +2.581650290e+01 -4.548134971e+02 -4.548134971e+02 +2.8250e-01 -8.0989e-01
14 0 +1.171072130e+01 -4.689192787e+02 -4.689192787e+02 -4.5579e-01 -4.1371e-01
20 0 +1.032382156e+01 -4.703061784e+02 -4.703061784e+02 -2.1353e+00 +1.5097e-01
24 0 +1.829589332e+00 -4.788004107e+02 -4.788004107e+02 -5.9616e-01 -7.1548e-01
59 0 +6.692586704e-01 -4.799607413e+02 -4.799607413e+02 -7.4971e-02 -5.6190e-01
64 0 +5.642735217e-01 -4.800657265e+02 -4.800657265e+02 -2.6531e-02 -5.0699e-01
96 0 +5.587859652e-01 -4.800712140e+02 -4.800712140e+02 -2.7279e-02 -4.8683e-01
111 0 +3.868738398e-01 -4.802431262e+02 -4.802431262e+02 +5.1019e-02 -3.7544e-01
133 0 +3.733855799e-01 -4.802566144e+02 -4.802566144e+02 +5.4943e-02 -3.5403e-01
135 0 +3.635947316e-01 -4.802664053e+02 -4.802664053e+02 +5.9868e-02 -3.3794e-01
139 0 +3.473295482e-01 -4.802826705e+02 -4.802826705e+02 +6.6643e-02 -3.2834e-01
140 0 +2.901169721e-01 -4.803398830e+02 -4.803398830e+02 +9.2670e-02 -2.6007e-01
146 0 +2.421217222e-01 -4.803878783e+02 -4.803878783e+02 +1.1581e-01 -1.8410e-01
152 0 +1.877830455e-01 -4.804422170e+02 -4.804422170e+02 +1.4103e-01 -9.0806e-02
166 0 +1.740058864e-01 -4.804559941e+02 -4.804559941e+02 +1.4923e-01 -1.0624e-01
177 0 +9.240935676e-02 -4.805375906e+02 -4.805375906e+02 +1.8384e-01 +7.2979e-02
206 0 +7.548413645e-02 -4.805545159e+02 -4.805545159e+02 +1.8907e-01 +1.4356e-01
216 0 +6.362449290e-02 -4.805663755e+02 -4.805663755e+02 +1.9481e-01 +1.9529e-01
217 0 +1.452231219e-02 -4.806154777e+02 -4.806154777e+02 +2.1981e-01 +4.2076e-01
233 0 +1.119444847e-02 -4.806188056e+02 -4.806188056e+02 +2.1931e-01 +4.4390e-01
243 0 +5.273508633e-03 -4.806247265e+02 -4.806247265e+02 +2.2426e-01 +5.2937e-01
263 0 +9.961562054e-04 -4.806290038e+02 -4.806290038e+02 +2.2610e-01 +6.7457e-01
295 0 +1.426510010e-04 -4.806298573e+02 -4.806298573e+02 +2.2461e-01 +6.4386e-01
335 0 +1.078731302e-04 -4.806298921e+02 -4.806298921e+02 +2.2498e-01 +6.8803e-01
346 0 +1.032757476e-04 -4.806298967e+02 -4.806298967e+02 +2.2483e-01 +6.4992e-01
348 0 +6.098967788e-05 -4.806299390e+02 -4.806299390e+02 +2.2503e-01 +6.6697e-01
351 0 +2.038583244e-05 -4.806299796e+02 -4.806299796e+02 +2.2454e-01 +6.7715e-01
357 0 +1.050785681e-05 -4.806299895e+02 -4.806299895e+02 +2.2483e-01 +6.6830e-01
368 0 +9.892555227e-06 -4.806299901e+02 -4.806299901e+02 +2.2482e-01 +6.7344e-01
386 0 +8.443633419e-07 -4.806299992e+02 -4.806299992e+02 +2.2467e-01 +6.7221e-01
387 0 +7.348757549e-07 -4.806299993e+02 -4.806299993e+02 +2.2472e-01 +6.7169e-01
412 0 +1.821161959e-07 -4.806299998e+02 -4.806299998e+02 +2.2469e-01 +6.7141e-01
431 0 +2.718536507e-08 -4.806300000e+02 -4.806300000e+02 +2.2468e-01 +6.7038e-01
439 0 +4.035882739e-10 -4.806300000e+02 -4.806300000e+02 +2.2469e-01 +6.7047e-01
580 0 +0.000000000e+00 -4.806300000e+02 -4.806300000e+02 +2.2469e-01 +6.7046e-01
% f evaluations | g evaluations | best noise-free fitness - Fopt (4.447000000000e+01) + sum g_i+ | measured fitness | best measured fitness or single-digit g-values | x1 | x2...
1 0 +3.141133699e+01 +7.588133699e+01 +7.588133699e+01 +3.3831e+00 -8.9602e-01
19 0 +1.217825252e+01 +5.664825252e+01 +5.664825252e+01 +4.7170e+00 -1.3840e+00
20 0 +8.676722214e+00 +5.314672221e+01 +5.314672221e+01 +3.3949e+00 -8.2312e-01
40 0 +5.692073154e+00 +5.016207315e+01 +5.016207315e+01 +7.5063e+00 -2.6559e+00
65 0 +3.678821169e+00 +4.814882117e+01 +4.814882117e+01 +7.7174e+00 -2.7254e+00
71 0 +1.972716410e+00 +4.644271641e+01 +4.644271641e+01 +4.9953e+00 -1.4416e+00
94 0 +1.933745429e+00 +4.640374543e+01 +4.640374543e+01 +4.7818e+00 -1.3481e+00
100 0 +1.794471390e+00 +4.626447139e+01 +4.626447139e+01 +4.2853e+00 -1.1340e+00
104 0 +1.388389327e+00 +4.585838933e+01 +4.585838933e+01 +4.2573e+00 -1.1122e+00
118 0 +1.278523996e+00 +4.574852400e+01 +4.574852400e+01 +4.1467e+00 -1.0624e+00
137 0 +1.202495968e+00 +4.567249597e+01 +4.567249597e+01 +3.9216e+00 -9.6970e-01
141 0 +1.101664564e+00 +4.557166456e+01 +4.557166456e+01 +3.8268e+00 -9.2755e-01
145 0 +1.012371944e+00 +4.548237194e+01 +4.548237194e+01 +3.7309e+00 -8.8245e-01
149 0 +9.689109177e-01 +4.543891092e+01 +4.543891092e+01 +3.6144e+00 -8.3130e-01
153 0 +9.501323623e-01 +4.542013236e+01 +4.542013236e+01 +3.3344e+00 -7.1159e-01
170 0 +9.314747500e-01 +4.540147475e+01 +4.540147475e+01 +3.5633e+00 -8.1182e-01
176 0 +8.469901877e-01 +4.531699019e+01 +4.531699019e+01 +3.3403e+00 -7.1909e-01
208 0 +8.222903417e-01 +4.529229034e+01 +4.529229034e+01 +3.2204e+00 -6.6952e-01
213 0 +7.889850310e-01 +4.525898503e+01 +4.525898503e+01 +3.2415e+00 -6.8070e-01
229 0 +7.459366750e-01 +4.521593668e+01 +4.521593668e+01 +3.1586e+00 -6.4846e-01
237 0 +7.174124508e-01 +4.518741245e+01 +4.518741245e+01 +3.1426e+00 -6.4588e-01
244 0 +6.756533231e-01 +4.514565332e+01 +4.514565332e+01 +3.0337e+00 -6.0687e-01
248 0 +5.953794863e-01 +4.506537949e+01 +4.506537949e+01 +2.8100e+00 -5.2429e-01
261 0 +5.353475370e-01 +4.500534754e+01 +4.500534754e+01 +2.7306e+00 -4.9176e-01
262 0 +5.174432069e-01 +4.498744321e+01 +4.498744321e+01 +2.5443e+00 -4.2941e-01
266 0 +4.845040095e-01 +4.495450401e+01 +4.495450401e+01 +2.5043e+00 -4.1406e-01
268 0 +3.710694061e-01 +4.484106941e+01 +4.484106941e+01 +2.1550e+00 -2.7757e-01
274 0 +3.152907412e-01 +4.478529074e+01 +4.478529074e+01 +2.1622e+00 -2.9168e-01
288 0 +2.533339981e-01 +4.472333400e+01 +4.472333400e+01 +1.9728e+00 -2.2215e-01
295 0 +1.993216563e-01 +4.466932166e+01 +4.466932166e+01 +1.8405e+00 -1.8286e-01
302 0 +8.888913738e-02 +4.455888914e+01 +4.455888914e+01 +1.4021e+00 -5.8029e-02
362 0 +7.673036507e-02 +4.454673037e+01 +4.454673037e+01 +1.3712e+00 -4.6540e-02
363 0 +6.412790116e-02 +4.453412790e+01 +4.453412790e+01 +1.3005e+00 -2.6503e-02
379 0 +4.483859825e-02 +4.451483860e+01 +4.451483860e+01 +1.2017e+00 -2.5117e-03
386 0 +3.800925736e-02 +4.450800926e+01 +4.450800926e+01 +1.1591e+00 +8.0912e-03
388 0 +2.850887285e-02 +4.449850887e+01 +4.449850887e+01 +1.0870e+00 +2.6341e-02
401 0 +2.335579335e-02 +4.449335579e+01 +4.449335579e+01 +1.0407e+00 +3.7507e-02
404 0 +1.983548484e-02 +4.448983548e+01 +4.448983548e+01 +9.5033e-01 +5.9672e-02
409 0 +1.633315177e-02 +4.448633315e+01 +4.448633315e+01 +9.8205e-01 +5.0492e-02
417 0 +1.450146780e-02 +4.448450147e+01 +4.448450147e+01 +9.7258e-01 +5.1913e-02
418 0 +5.427649036e-03 +4.447542765e+01 +4.447542765e+01 +8.6598e-01 +7.3711e-02
484 0 +4.011041067e-03 +4.447401104e+01 +4.447401104e+01 +8.2451e-01 +8.3280e-02
485 0 +3.645503967e-03 +4.447364550e+01 +4.447364550e+01 +8.1712e-01 +8.4721e-02
490 0 +3.416272553e-03 +4.447341627e+01 +4.447341627e+01 +8.1734e-01 +8.2257e-02
501 0 +1.566431874e-03 +4.447156643e+01 +4.447156643e+01 +7.7362e-01 +9.2707e-02
507 0 +3.269707271e-04 +4.447032697e+01 +4.447032697e+01 +7.3675e-01 +9.8865e-02
523 0 +3.217475326e-04 +4.447032175e+01 +4.447032175e+01 +7.3786e-01 +9.8571e-02
533 0 +8.954849348e-05 +4.447008955e+01 +4.447008955e+01 +7.1303e-01 +1.0316e-01
548 0 +3.628923268e-05 +4.447003629e+01 +4.447003629e+01 +7.0124e-01 +1.0519e-01
550 0 +1.654486643e-05 +4.447001654e+01 +4.447001654e+01 +6.9570e-01 +1.0571e-01
567 0 +8.637582440e-06 +4.447000864e+01 +4.447000864e+01 +6.9323e-01 +1.0626e-01
596 0 +3.901839797e-06 +4.447000390e+01 +4.447000390e+01 +6.9725e-01 +1.0569e-01
597 0 +1.217227819e-06 +4.447000122e+01 +4.447000122e+01 +6.9957e-01 +1.0516e-01
631 0 +1.077721500e-06 +4.447000108e+01 +4.447000108e+01 +7.0136e-01 +1.0488e-01
638 0 +4.879264495e-07 +4.447000049e+01 +4.447000049e+01 +7.0009e-01 +1.0514e-01
641 0 +2.084037192e-07 +4.447000021e+01 +4.447000021e+01 +6.9829e-01 +1.0542e-01
647 0 +1.956158258e-08 +4.447000002e+01 +4.447000002e+01 +6.9892e-01 +1.0532e-01
684 0 +9.910110066e-09 +4.447000001e+01 +4.447000001e+01 +6.9927e-01 +1.0526e-01
854 0 +0.000000000e+00 +4.447000000e+01 +4.447000000e+01 +6.9923e-01 +1.0527e-01
% f evaluations | g evaluations | best noise-free fitness - Fopt (-6.386000000000e+01) + sum g_i+ | measured fitness | best measured fitness or single-digit g-values | x1 | x2...
1 0 +1.689301261e+04 +1.682915261e+04 +1.682915261e+04 -2.1724e+00 -2.2728e+00
2 0 +5.509942601e+02 +4.871342601e+02 +4.871342601e+02 +1.1160e+00 -1.9099e+00
4 0 +8.734132475e+00 -5.512586753e+01 -5.512586753e+01 +4.5959e-01 +9.3000e-02
13 0 +7.181339912e+00 -5.667866009e+01 -5.667866009e+01 +7.1710e-01 +1.6500e+00
24 0 +5.896132527e-01 -6.327038675e+01 -6.327038675e+01 -1.7621e-01 -8.2052e-02
25 0 +2.145649773e-01 -6.364543502e+01 -6.364543502e+01 +8.5165e-02 -1.8021e-01
179 0 +2.062158532e-01 -6.365378415e+01 -6.365378415e+01 +8.4653e-02 -1.8347e-01
184 0 +1.055069329e-01 -6.375449307e+01 -6.375449307e+01 -1.5350e-01 -1.3960e-01
250 0 +1.029362655e-01 -6.375706373e+01 -6.375706373e+01 -1.1854e-01 -1.4367e-01
253 0 +7.528516633e-02 -6.378471483e+01 -6.378471483e+01 -2.0273e-01 -1.1364e-01
262 0 +3.643878928e-02 -6.382356121e+01 -6.382356121e+01 -3.5418e-01 -6.1984e-02
284 0 +3.502818957e-02 -6.382497181e+01 -6.382497181e+01 -3.4667e-01 -6.9040e-02
295 0 +3.245697159e-02 -6.382754303e+01 -6.382754303e+01 -4.0139e-01 -5.2303e-02
314 0 +2.722831924e-02 -6.383277168e+01 -6.383277168e+01 -4.0197e-01 -4.4179e-02
320 0 +1.529316817e-02 -6.384470683e+01 -6.384470683e+01 -4.6169e-01 -2.3207e-02
337 0 +1.496608103e-02 -6.384503392e+01 -6.384503392e+01 -4.7235e-01 -2.1053e-02
346 0 +1.415620487e-02 -6.384584380e+01 -6.384584380e+01 -5.2216e-01 -2.6320e-03
348 0 +9.462921683e-03 -6.385053708e+01 -6.385053708e+01 -5.1297e-01 -1.8049e-03
361 0 +7.700677875e-03 -6.385229932e+01 -6.385229932e+01 -5.5670e-01 +1.8536e-02
362 0 +4.885767094e-03 -6.385511423e+01 -6.385511423e+01 -5.6672e-01 +1.9647e-02
367 0 +4.098739870e-03 -6.385590126e+01 -6.385590126e+01 -5.7558e-01 +2.4514e-02
373 0 +2.153460014e-03 -6.385784654e+01 -6.385784654e+01 -6.4713e-01 +5.4261e-02
384 0 +3.961881588e-04 -6.385960381e+01 -6.385960381e+01 -6.6532e-01 +6.4830e-02
406 0 +1.754897695e-04 -6.385982451e+01 -6.385982451e+01 -7.0995e-01 +8.5824e-02
416 0 +7.277081345e-05 -6.385992723e+01 -6.385992723e+01 -7.0831e-01 +8.4821e-02
424 0 +3.759685403e-05 -6.385996240e+01 -6.385996240e+01 -6.9628e-01 +7.8529e-02
428 0 +9.719270672e-06 -6.385999028e+01 -6.385999028e+01 -7.0807e-01 +8.4379e-02
456 0 +3.040162078e-06 -6.385999696e+01 -6.385999696e+01 -6.9911e-01 +8.0146e-02
460 0 +2.925664084e-06 -6.385999707e+01 -6.385999707e+01 -6.9913e-01 +8.0156e-02
464 0 +3.981096128e-07 -6.385999960e+01 -6.385999960e+01 -7.0115e-01 +8.1061e-02
470 0 +2.044508634e-07 -6.385999980e+01 -6.385999980e+01 -7.0172e-01 +8.1352e-02
476 0 +6.494268945e-08 -6.385999994e+01 -6.385999994e+01 -7.0256e-01 +8.1716e-02
484 0 +4.444247281e-08 -6.385999996e+01 -6.385999996e+01 -7.0273e-01 +8.1804e-02
508 0 +3.352482025e-08 -6.385999997e+01 -6.385999997e+01 -7.0201e-01 +8.1470e-02
515 0 +2.083234563e-08 -6.385999998e+01 -6.385999998e+01 -7.0266e-01 +8.1778e-02
532 0 +1.866256127e-08 -6.385999998e+01 -6.385999998e+01 -7.0234e-01 +8.1635e-02
538 0 +1.037162889e-08 -6.385999999e+01 -6.385999999e+01 -7.0230e-01 +8.1602e-02
541 0 +1.144279338e-09 -6.386000000e+01 -6.386000000e+01 -7.0231e-01 +8.1612e-02
661 0 +0.000000000e+00 -6.386000000e+01 -6.386000000e+01 -7.0238e-01 +8.1644e-02
% f evaluations | g evaluations | best noise-free fitness - Fopt (6.890000000000e+00) + sum g_i+ | measured fitness | best measured fitness or single-digit g-values | x1 | x2...
1 0 +2.664941323e+02 +2.733841323e+02 +2.733841323e+02 -6.1649e-01 -1.1266e+00
3 0 +3.741396177e+00 +1.063139618e+01 +1.063139618e+01 +1.3769e+00 +1.0687e-01
18 0 +1.884244124e+00 +8.774244124e+00 +8.774244124e+00 +2.0155e-01 -5.9349e-01
28 0 +3.685336045e-01 +7.258533604e+00 +7.258533604e+00 +4.4851e-03 -3.2345e-01
36 0 +1.460071734e-01 +7.036007173e+00 +7.036007173e+00 -2.7888e-01 +1.3462e-01
174 0 +1.402973755e-01 +7.030297376e+00 +7.030297376e+00 -1.5761e-01 -7.4614e-02
176 0 +9.532691300e-02 +6.985326913e+00 +6.985326913e+00 -1.9536e-01 +2.5350e-03
196 0 +1.808914808e-02 +6.908089148e+00 +6.908089148e+00 -3.6708e-01 +3.7030e-01
204 0 +1.211397653e-02 +6.902113977e+00 +6.902113977e+00 -3.4991e-01 +3.4213e-01
228 0 +1.203096516e-03 +6.891203097e+00 +6.891203097e+00 -4.0939e-01 +4.9380e-01
264 0 +9.378714952e-04 +6.890937871e+00 +6.890937871e+00 -4.1120e-01 +4.9938e-01
268 0 +4.884749881e-05 +6.890048847e+00 +6.890048847e+00 -4.2846e-01 +5.4999e-01
272 0 +4.733558088e-05 +6.890047336e+00 +6.890047336e+00 -4.2864e-01 +5.4917e-01
279 0 +1.152156107e-05 +6.890011522e+00 +6.890011522e+00 -4.3458e-01 +5.6689e-01
324 0 +9.084873331e-06 +6.890009085e+00 +6.890009085e+00 -4.3355e-01 +5.6418e-01
338 0 +7.957073951e-07 +6.890000796e+00 +6.890000796e+00 -4.3252e-01 +5.6082e-01
343 0 +7.752670710e-07 +6.890000775e+00 +6.890000775e+00 -4.3252e-01 +5.6084e-01
346 0 +4.553527999e-07 +6.890000455e+00 +6.890000455e+00 -4.3163e-01 +5.5839e-01
355 0 +4.079563816e-07 +6.890000408e+00 +6.890000408e+00 -4.3228e-01 +5.6014e-01
357 0 +6.401292740e-08 +6.890000064e+00 +6.890000064e+00 -4.3222e-01 +5.6009e-01
381 0 +5.824328841e-08 +6.890000058e+00 +6.890000058e+00 -4.3193e-01 +5.5925e-01
397 0 +6.634886418e-09 +6.890000007e+00 +6.890000007e+00 -4.3205e-01 +5.5957e-01
637 0 +0.000000000e+00 +6.890000000e+00 +6.890000000e+00 -4.3210e-01 +5.5972e-01
% f evaluations | g evaluations | best noise-free fitness - Fopt (-4.160800000000e+02) + sum g_i+ | measured fitness | best measured fitness or single-digit g-values | x1 | x2...
1 0 +1.697751928e+00 -4.143822481e+02 -4.143822481e+02 +1.7780e-01 +2.1297e-01
28 0 +1.251172021e+00 -4.148288280e+02 -4.148288280e+02 +2.2456e-01 +6.9056e-02
58 0 +1.206903956e+00 -4.148730960e+02 -4.148730960e+02 -6.6780e-01 -2.5250e-02
68 0 +1.090243150e+00 -4.149897568e+02 -4.149897568e+02 -6.9771e-01 +6.9991e-02
73 0 +9.924992264e-01 -4.150875008e+02 -4.150875008e+02 -6.0317e-01 +3.3776e-02
87 0 +3.199663523e-01 -4.157600336e+02 -4.157600336e+02 -1.8902e-01 +1.6146e-01
109 0 +1.700727652e-01 -4.159099272e+02 -4.159099272e+02 -2.7781e-02 +1.7749e-01
137 0 +1.457442891e-01 -4.159342557e+02 -4.159342557e+02 +7.0263e-03 +1.7083e-01
164 0 +1.103894055e-01 -4.159696106e+02 -4.159696106e+02 +1.1450e-01 +1.5900e-01
171 0 +1.028048873e-01 -4.159771951e+02 -4.159771951e+02 +1.3451e-01 +1.4214e-01
178 0 +8.720753413e-02 -4.159927925e+02 -4.159927925e+02 +2.8885e-01 +1.2898e-01
197 0 +8.244742761e-02 -4.159975526e+02 -4.159975526e+02 +1.5934e-01 +1.4625e-01
199 0 +8.083279812e-02 -4.159991672e+02 -4.159991672e+02 +1.6172e-01 +1.4472e-01
202 0 +6.632207922e-02 -4.160136779e+02 -4.160136779e+02 +2.1686e-01 +1.3621e-01
205 0 +6.272801541e-02 -4.160172720e+02 -4.160172720e+02 +2.3660e-01 +1.3300e-01
210 0 +5.816579402e-02 -4.160218342e+02 -4.160218342e+02 +2.5615e-01 +1.2901e-01
229 0 +5.611721841e-02 -4.160238828e+02 -4.160238828e+02 +2.6550e-01 +1.2707e-01
238 0 +5.046475784e-02 -4.160295352e+02 -4.160295352e+02 +2.7388e-01 +1.2350e-01
249 0 +4.790809780e-02 -4.160320919e+02 -4.160320919e+02 +3.0376e-01 +1.1861e-01
252 0 +4.558806965e-02 -4.160344119e+02 -4.160344119e+02 +2.9618e-01 +1.1347e-01
253 0 +3.657807232e-02 -4.160434219e+02 -4.160434219e+02 +3.4455e-01 +1.0766e-01
255 0 +3.606831366e-02 -4.160439317e+02 -4.160439317e+02 +3.3107e-01 +1.0865e-01
257 0 +3.434435830e-02 -4.160456556e+02 -4.160456556e+02 +3.4090e-01 +1.0420e-01
270 0 +2.729957623e-02 -4.160527004e+02 -4.160527004e+02 +3.7918e-01 +9.7039e-02
272 0 +2.147761109e-02 -4.160585224e+02 -4.160585224e+02 +4.5331e-01 +7.9926e-02
274 0 +1.889492236e-02 -4.160611051e+02 -4.160611051e+02 +4.2927e-01 +8.2251e-02
278 0 +1.627555510e-02 -4.160637244e+02 -4.160637244e+02 +4.4970e-01 +7.7734e-02
280 0 +8.785067862e-03 -4.160712149e+02 -4.160712149e+02 +5.2172e-01 +5.7667e-02
283 0 +1.045167757e-03 -4.160789548e+02 -4.160789548e+02 +6.3933e-01 +2.0006e-02
307 0 +7.322664227e-04 -4.160792677e+02 -4.160792677e+02 +6.5177e-01 +1.6220e-02
344 0 +5.127281213e-04 -4.160794873e+02 -4.160794873e+02 +7.5315e-01 -1.7910e-02
353 0 +9.346945762e-05 -4.160799065e+02 -4.160799065e+02 +7.2502e-01 -8.7607e-03
378 0 +2.642990211e-05 -4.160799736e+02 -4.160799736e+02 +6.9936e-01 -1.2193e-05
382 0 +1.590345221e-06 -4.160799984e+02 -4.160799984e+02 +7.0977e-01 -3.3581e-03
428 0 +1.346695228e-06 -4.160799987e+02 -4.160799987e+02 +7.0536e-01 -1.8234e-03
443 0 +8.873149682e-08 -4.160799999e+02 -4.160799999e+02 +7.0651e-01 -2.2549e-03
478 0 +1.248901071e-08 -4.160800000e+02 -4.160800000e+02 +7.0728e-01 -2.5073e-03
501 0 +2.066883553e-09 -4.160800000e+02 -4.160800000e+02 +7.0719e-01 -2.4796e-03
664 0 +0.000000000e+00 -4.160800000e+02 -4.160800000e+02 +7.0710e-01 -2.4518e-03
% f evaluations | g evaluations | best noise-free fitness - Fopt (7.394000000000e+01) + sum g_i+ | measured fitness | best measured fitness or single-digit g-values | x1 | x2...
1 0 +1.696828394e+04 +1.704222394e+04 +1.704222394e+04 +2.3331e+00 -2.7798e+00
2 0 +2.036706744e+02 +2.776106744e+02 +2.776106744e+02 +1.3805e-01 +1.0881e+00
7 0 +6.877690202e+01 +1.427169020e+02 +1.427169020e+02 +1.0889e+00 +1.6380e+00
11 0 +4.281877919e+01 +1.167587792e+02 +1.167587792e+02 -1.5132e+00 +2.7472e-01
12 0 +3.223860378e+01 +1.061786038e+02 +1.061786038e+02 -1.8135e+00 +3.3390e+00
15 0 +1.254342192e+01 +8.648342192e+01 +8.648342192e+01 -1.7044e+00 +2.5957e+00
36 0 +7.961630658e+00 +8.190163066e+01 +8.190163066e+01 -1.6860e+00 +3.0559e+00
89 0 +7.842042970e+00 +8.178204297e+01 +8.178204297e+01 -1.6650e+00 +3.0916e+00
91 0 +7.657624771e+00 +8.159762477e+01 +8.159762477e+01 -1.6708e+00 +3.0408e+00
93 0 +7.015745548e+00 +8.095574555e+01 +8.095574555e+01 -1.6317e+00 +2.5993e+00
112 0 +6.800662279e+00 +8.074066228e+01 +8.074066228e+01 -1.6237e+00 +2.2765e+00
114 0 +5.714708102e+00 +7.965470810e+01 +7.965470810e+01 -1.4849e+00 +1.5322e+00
118 0 +4.675556164e+00 +7.861555616e+01 +7.861555616e+01 -1.3927e+00 +7.7996e-01
124 0 +4.403285699e+00 +7.834328570e+01 +7.834328570e+01 -1.4043e+00 +8.9347e-01
130 0 +4.187517933e+00 +7.812751793e+01 +7.812751793e+01 -1.3205e+00 +5.1906e-01
134 0 +3.030490611e+00 +7.697049061e+01 +7.697049061e+01 -1.2037e+00 +3.0525e-01
256 0 +2.989854010e+00 +7.692985401e+01 +7.692985401e+01 -1.1816e+00 +2.8515e-01
266 0 +2.645686294e+00 +7.658568629e+01 +7.658568629e+01 -1.0841e+00 +1.0427e-01
272 0 +2.393755096e+00 +7.633375510e+01 +7.633375510e+01 -1.0607e+00 -1.3510e-02
275 0 +2.240822162e+00 +7.618082216e+01 +7.618082216e+01 -1.0281e+00 -4.6862e-02
278 0 +2.125956806e+00 +7.606595681e+01 +7.606595681e+01 -9.9536e-01 -1.0462e-01
292 0 +2.081743370e+00 +7.602174337e+01 +7.602174337e+01 -9.8461e-01 -9.8822e-02
297 0 +2.040955244e+00 +7.598095524e+01 +7.598095524e+01 -9.2803e-01 -2.2516e-01
301 0 +1.742289229e+00 +7.568228923e+01 +7.568228923e+01 -8.7700e-01 -2.1115e-01
312 0 +1.561386458e+00 +7.550138646e+01 +7.550138646e+01 -8.2325e-01 -2.6967e-01
363 0 +1.484499991e+00 +7.542449999e+01 +7.542449999e+01 -7.6976e-01 -3.4444e-01
379 0 +1.466661838e+00 +7.540666184e+01 +7.540666184e+01 -7.5962e-01 -3.5230e-01
399 0 +1.381408030e+00 +7.532140803e+01 +7.532140803e+01 -7.4995e-01 -3.4266e-01
404 0 +1.300291389e+00 +7.524029139e+01 +7.524029139e+01 -7.2641e-01 -3.4024e-01
411 0 +1.171828605e+00 +7.511182861e+01 +7.511182861e+01 -6.7112e-01 -3.5822e-01
415 0 +1.144560758e+00 +7.508456076e+01 +7.508456076e+01 -6.5762e-01 -3.7783e-01
421 0 +1.071831822e+00 +7.501183182e+01 +7.501183182e+01 -6.1740e-01 -3.6640e-01
422 0 +1.002623628e+00 +7.494262363e+01 +7.494262363e+01 -5.8282e-01 -4.0499e-01
428 0 +8.894348831e-01 +7.482943488e+01 +7.482943488e+01 -4.1856e-01 -4.3646e-01
435 0 +7.649999603e-01 +7.470499996e+01 +7.470499996e+01 -4.6607e-01 -3.9302e-01
441 0 +6.484202731e-01 +7.458842027e+01 +7.458842027e+01 -3.7720e-01 -4.0208e-01
450 0 +5.116932716e-01 +7.445169327e+01 +7.445169327e+01 -2.8762e-01 -3.7342e-01
462 0 +2.663270981e-01 +7.420632710e+01 +7.420632710e+01 -5.9667e-02 -2.5864e-01
481 0 +2.562125900e-01 +7.419621259e+01 +7.419621259e+01 -4.2638e-02 -2.4912e-01
489 0 +2.451041219e-01 +7.418510412e+01 +7.418510412e+01 +3.0493e-02 -1.6758e-01
491 0 +2.222767771e-01 +7.416227678e+01 +7.416227678e+01 +2.9857e-02 -2.0367e-01
493 0 +1.964768370e-01 +7.413647684e+01 +7.413647684e+01 +2.3744e-01 -3.8216e-02
503 0 +5.796727352e-02 +7.399796727e+01 +7.399796727e+01 +2.9084e-01 +3.5180e-02
550 0 +4.219775316e-02 +7.398219775e+01 +7.398219775e+01 +3.3712e-01 +8.3390e-02
553 0 +3.949670800e-02 +7.397949671e+01 +7.397949671e+01 +4.0663e-01 +1.7536e-01
556 0 +2.646600329e-02 +7.396646600e+01 +7.396646600e+01 +3.8674e-01 +1.4713e-01
558 0 +2.420091081e-02 +7.396420091e+01 +7.396420091e+01 +4.6725e-01 +2.2400e-01
574 0 +1.552460307e-02 +7.395552460e+01 +7.395552460e+01 +4.2618e-01 +1.8830e-01
575 0 +1.181914103e-02 +7.395181914e+01 +7.395181914e+01 +5.4431e-01 +3.1743e-01
581 0 +6.497696325e-03 +7.394649770e+01 +7.394649770e+01 +7.0412e-01 +5.3021e-01
658 0 +5.571739857e-03 +7.394557174e+01 +7.394557174e+01 +4.9212e-01 +2.6126e-01
665 0 +2.452280883e-03 +7.394245228e+01 +7.394245228e+01 +5.2497e-01 +3.0103e-01
676 0 +1.872352533e-03 +7.394187235e+01 +7.394187235e+01 +5.4025e-01 +3.1845e-01
681 0 +5.824167629e-05 +7.394005824e+01 +7.394005824e+01 +5.8848e-01 +3.7895e-01
711 0 +5.591001769e-05 +7.394005591e+01 +7.394005591e+01 +5.9791e-01 +3.9080e-01
717 0 +1.521073514e-06 +7.394000152e+01 +7.394000152e+01 +5.9347e-01 +3.8562e-01
747 0 +2.440162348e-07 +7.394000024e+01 +7.394000024e+01 +5.9344e-01 +3.8563e-01
770 0 +1.959167832e-07 +7.394000020e+01 +7.394000020e+01 +5.9361e-01 +3.8588e-01
777 0 +1.543304649e-07 +7.394000015e+01 +7.394000015e+01 +5.9352e-01 +3.8575e-01
781 0 +1.454198042e-07 +7.394000015e+01 +7.394000015e+01 +5.9319e-01 +3.8537e-01
782 0 +8.046306732e-08 +7.394000008e+01 +7.394000008e+01 +5.9307e-01 +3.8518e-01
783 0 +1.136601213e-08 +7.394000001e+01 +7.394000001e+01 +5.9298e-01 +3.8509e-01
808 0 +9.868017514e-10 +7.394000000e+01 +7.394000000e+01 +5.9299e-01 +3.8509e-01
955 0 +0.000000000e+00 +7.394000000e+01 +7.394000000e+01 +5.9302e-01 +3.8513e-01
% f evaluations | g evaluations | best noise-free fitness - Fopt (-5.308400000000e+02) + sum g_i+ | measured fitness | best measured fitness or single-digit g-values | x1 | x2...
1 0 +1.326820967e+03 +7.959809668e+02 +7.959809668e+02 -1.9490e+00 +2.9219e+00
2 0 +6.063645856e+01 -4.702035414e+02 -4.702035414e+02 -5.0292e-01 +1.1767e+00
3 0 +7.435914261e-01 -5.300964086e+02 -5.300964086e+02 +9.1194e-01 -1.0056e+00
11 0 +1.317905984e-01 -5.307082094e+02 -5.307082094e+02 +5.1069e-01 -3.6150e-01
122 0 +1.232190788e-01 -5.307167809e+02 -5.307167809e+02 +1.5095e-01 +7.7929e-02
130 0 +1.047387274e-01 -5.307352613e+02 -5.307352613e+02 +1.7673e-01 +5.4802e-02
131 0 +8.558941251e-02 -5.307544106e+02 -5.307544106e+02 +2.3759e-01 +7.7729e-03
145 0 +7.737279916e-02 -5.307626272e+02 -5.307626272e+02 +2.2691e-01 +1.2772e-02
150 0 +4.544536200e-02 -5.307945546e+02 -5.307945546e+02 +3.2357e-01 -1.0509e-01
164 0 +2.135154987e-02 -5.308186485e+02 -5.308186485e+02 +4.3488e-01 -2.2601e-01
174 0 +1.324856769e-02 -5.308267514e+02 -5.308267514e+02 +4.2603e-01 -2.2114e-01
217 0 +1.283816014e-02 -5.308271618e+02 -5.308271618e+02 +4.3561e-01 -2.3167e-01
226 0 +1.227462292e-02 -5.308277254e+02 -5.308277254e+02 +4.3614e-01 -2.3284e-01
237 0 +1.072359951e-02 -5.308292764e+02 -5.308292764e+02 +4.5604e-01 -2.5707e-01
239 0 +9.329611419e-03 -5.308306704e+02 -5.308306704e+02 +4.4988e-01 -2.5164e-01
240 0 +7.758382202e-03 -5.308322416e+02 -5.308322416e+02 +4.6031e-01 -2.6533e-01
244 0 +4.687118044e-03 -5.308353129e+02 -5.308353129e+02 +4.8617e-01 -2.9923e-01
251 0 +4.066089703e-03 -5.308359339e+02 -5.308359339e+02 +4.9731e-01 -3.1328e-01
261 0 +3.296207659e-03 -5.308367038e+02 -5.308367038e+02 +4.9727e-01 -3.1545e-01
268 0 +3.036124016e-03 -5.308369639e+02 -5.308369639e+02 +5.4503e-01 -3.7633e-01
274 0 +5.198332524e-04 -5.308394802e+02 -5.308394802e+02 +5.6486e-01 -4.0615e-01
281 0 +6.403611985e-05 -5.308399360e+02 -5.308399360e+02 +5.6127e-01 -4.0266e-01
309 0 +1.446676151e-06 -5.308399986e+02 -5.308399986e+02 +5.7212e-01 -4.1797e-01
329 0 +5.464149808e-07 -5.308399995e+02 -5.308399995e+02 +5.7124e-01 -4.1676e-01
385 0 +2.503315955e-08 -5.308400000e+02 -5.308400000e+02 +5.7104e-01 -4.1652e-01
440 0 +1.888543011e-08 -5.308400000e+02 -5.308400000e+02 +5.7116e-01 -4.1669e-01
441 0 +1.083208190e-09 -5.308400000e+02 -5.308400000e+02 +5.7118e-01 -4.1672e-01
603 0 +0.000000000e+00 -5.308400000e+02 -5.308400000e+02 +5.7122e-01 -4.1678e-01
% f evaluations | g evaluations | best noise-free fitness - Fopt (1.000000000000e+03) + sum g_i+ | measured fitness | best measured fitness or single-digit g-values | x1 | x2...
1 0 +1.284349734e+02 +1.128434973e+03 +1.128434973e+03 -2.5874e+00 +3.1739e+00
2 0 +5.098593824e+00 +1.005098594e+03 +1.005098594e+03 +2.4679e-02 -6.5253e-01
14 0 +9.507876464e-01 +1.000950788e+03 +1.000950788e+03 +2.4366e-01 -5.7349e-01
57 0 +3.939161754e-01 +1.000393916e+03 +1.000393916e+03 +2.3000e-01 -1.7658e-01
86 0 +2.133322960e-01 +1.000213332e+03 +1.000213332e+03 +2.0802e-01 -5.3554e-02
124 0 +1.961579592e-01 +1.000196158e+03 +1.000196158e+03 +1.3398e-01 +7.1131e-02
136 0 +1.779023483e-01 +1.000177902e+03 +1.000177902e+03 +4.3153e-02 +2.2612e-01
139 0 +1.720352028e-01 +1.000172035e+03 +1.000172035e+03 +1.7931e-01 +2.6381e-02
141 0 +8.436363855e-02 +1.000084364e+03 +1.000084364e+03 -1.2373e-02 +3.2739e-01
174 0 +7.679220166e-02 +1.000076792e+03 +1.000076792e+03 +4.2586e-02 +2.7740e-01
177 0 +6.953966839e-02 +1.000069540e+03 +1.000069540e+03 +5.6012e-02 +2.4820e-01
196 0 +5.918689925e-02 +1.000059187e+03 +1.000059187e+03 +3.7649e-02 +2.7662e-01
200 0 +5.678560119e-02 +1.000056786e+03 +1.000056786e+03 +2.8133e-02 +2.9336e-01
202 0 +5.233164050e-02 +1.000052332e+03 +1.000052332e+03 +2.8080e-02 +2.8724e-01
223 0 +4.017340768e-02 +1.000040173e+03 +1.000040173e+03 -6.5370e-04 +3.3056e-01
243 0 +3.387580234e-02 +1.000033876e+03 +1.000033876e+03 -3.6710e-02 +3.9135e-01
268 0 +2.999342350e-02 +1.000029993e+03 +1.000029993e+03 -3.1619e-02 +3.7461e-01
272 0 +2.252794064e-02 +1.000022528e+03 +1.000022528e+03 -6.0463e-02 +4.2167e-01
286 0 +1.863723648e-02 +1.000018637e+03 +1.000018637e+03 -7.2512e-02 +4.3722e-01
287 0 +1.788038102e-02 +1.000017880e+03 +1.000017880e+03 -7.7443e-02 +4.4479e-01
292 0 +1.704970151e-02 +1.000017050e+03 +1.000017050e+03 -1.0486e-01 +4.7421e-01
296 0 +1.565609210e-02 +1.000015656e+03 +1.000015656e+03 -8.4519e-02 +4.5147e-01
302 0 +1.072787369e-02 +1.000010728e+03 +1.000010728e+03 -1.3777e-01 +5.1963e-01
306 0 +9.812803806e-03 +1.000009813e+03 +1.000009813e+03 -1.2928e-01 +5.0972e-01
309 0 +2.433625822e-03 +1.000002434e+03 +1.000002434e+03 -2.4547e-01 +6.6677e-01
331 0 +2.174677810e-03 +1.000002175e+03 +1.000002175e+03 -1.8304e-01 +5.8352e-01
358 0 +8.330398738e-04 +1.000000833e+03 +1.000000833e+03 -2.0619e-01 +6.1351e-01
359 0 +1.657438596e-04 +1.000000166e+03 +1.000000166e+03 -2.2948e-01 +6.4285e-01
365 0 +1.615136779e-04 +1.000000162e+03 +1.000000162e+03 -2.6204e-01 +6.8409e-01
402 0 +3.694201723e-05 +1.000000037e+03 +1.000000037e+03 -2.4693e-01 +6.6464e-01
418 0 +1.051836955e-05 +1.000000011e+03 +1.000000011e+03 -2.4430e-01 +6.6202e-01
428 0 +4.091543587e-06 +1.000000004e+03 +1.000000004e+03 -2.4741e-01 +6.6576e-01
436 0 +3.313621164e-06 +1.000000003e+03 +1.000000003e+03 -2.4737e-01 +6.6553e-01
437 0 +1.391189812e-06 +1.000000001e+03 +1.000000001e+03 -2.4704e-01 +6.6522e-01
445 0 +4.457328941e-07 +1.000000000e+03 +1.000000000e+03 -2.4548e-01 +6.6322e-01
463 0 +3.610921340e-08 +1.000000000e+03 +1.000000000e+03 -2.4514e-01 +6.6284e-01
472 0 +2.730064352e-08 +1.000000000e+03 +1.000000000e+03 -2.4556e-01 +6.6338e-01
487 0 +1.491684998e-08 +1.000000000e+03 +1.000000000e+03 -2.4522e-01 +6.6295e-01
493 0 +5.312699614e-09 +1.000000000e+03 +1.000000000e+03 -2.4548e-01 +6.6326e-01
616 0 +0.000000000e+00 +1.000000000e+03 +1.000000000e+03 -2.4539e-01 +6.6316e-01
% f evaluations | g evaluations | best noise-free fitness - Fopt (1.767100000000e+02) + sum g_i+ | measured fitness | best measured fitness or single-digit g-values | x1 | x2...
1 0 +1.701816991e+02 +3.468916991e+02 +3.468916991e+02 +2.1984e-01 +9.9210e-01
5 0 +1.295125448e+02 +3.062225448e+02 +3.062225448e+02 +1.5076e+00 +1.8125e+00
8 0 +2.006145719e+01 +1.967714572e+02 +1.967714572e+02 +9.0406e-01 +7.7474e-01
14 0 +1.089593989e+01 +1.876059399e+02 +1.876059399e+02 +1.0407e+00 +1.1795e+00
24 0 +7.239041315e+00 +1.839490413e+02 +1.839490413e+02 +1.0946e+00 +1.6351e+00
27 0 +4.847306441e+00 +1.815573064e+02 +1.815573064e+02 +1.1852e+00 +1.3313e+00
77 0 +4.261357709e+00 +1.809713577e+02 +1.809713577e+02 +1.1758e+00 +1.1138e+00
81 0 +3.775223233e+00 +1.804852232e+02 +1.804852232e+02 +1.1518e+00 +9.5294e-01
99 0 +3.607335485e+00 +1.803173355e+02 +1.803173355e+02 +1.1543e+00 +7.7944e-01
112 0 +3.151384375e+00 +1.798613844e+02 +1.798613844e+02 +1.1233e+00 +5.1735e-01
119 0 +2.819614545e+00 +1.795296145e+02 +1.795296145e+02 +1.0935e+00 +4.1507e-01
122 0 +1.848242264e+00 +1.785582423e+02 +1.785582423e+02 +9.2277e-01 -5.6948e-02
152 0 +1.734779450e+00 +1.784447795e+02 +1.784447795e+02 +9.1073e-01 -3.1767e-02
162 0 +1.240090169e+00 +1.779500902e+02 +1.779500902e+02 +7.1470e-01 -1.8582e-01
172 0 +1.002524532e+00 +1.777125245e+02 +1.777125245e+02 +6.6393e-01 -2.5512e-01
186 0 +9.864095146e-01 +1.776964095e+02 +1.776964095e+02 +5.0334e-01 -3.4520e-01
191 0 +7.488059969e-01 +1.774588060e+02 +1.774588060e+02 +5.3238e-01 -2.9327e-01
196 0 +5.523496190e-01 +1.772623496e+02 +1.772623496e+02 +3.9031e-01 -3.0694e-01
266 0 +5.425352997e-01 +1.772525353e+02 +1.772525353e+02 +3.9358e-01 -2.9398e-01
278 0 +4.891682859e-01 +1.771991683e+02 +1.771991683e+02 +3.4006e-01 -3.0112e-01
322 0 +4.443986775e-01 +1.771543987e+02 +1.771543987e+02 +2.9157e-01 -2.9595e-01
326 0 +3.830379187e-01 +1.770930379e+02 +1.770930379e+02 +2.5396e-01 -2.7191e-01
328 0 +3.528435784e-01 +1.770628436e+02 +1.770628436e+02 +1.9659e-01 -2.7277e-01
332 0 +2.626565151e-01 +1.769726565e+02 +1.769726565e+02 +9.6457e-02 -2.3619e-01
342 0 +1.245012135e-01 +1.768345012e+02 +1.768345012e+02 -1.0766e-01 -1.3578e-01
377 0 +1.154695760e-01 +1.768254696e+02 +1.768254696e+02 -1.3472e-01 -1.2267e-01
400 0 +1.067915572e-01 +1.768167916e+02 +1.768167916e+02 -1.6340e-01 -1.0784e-01
403 0 +1.006703327e-01 +1.768106703e+02 +1.768106703e+02 -1.6519e-01 -1.0479e-01
408 0 +9.149856837e-02 +1.768014986e+02 +1.768014986e+02 -1.7509e-01 -9.5479e-02
411 0 +8.183140059e-02 +1.767918314e+02 +1.767918314e+02 -2.1134e-01 -7.7341e-02
425 0 +5.099903506e-02 +1.767609990e+02 +1.767609990e+02 -2.9433e-01 -2.3241e-02
434 0 +4.770156301e-02 +1.767577016e+02 +1.767577016e+02 -3.0565e-01 -1.1772e-02
444 0 +4.071351044e-02 +1.767507135e+02 +1.767507135e+02 -3.4453e-01 +7.8738e-03
461 0 +2.343763471e-02 +1.767334376e+02 +1.767334376e+02 -4.2028e-01 +6.0960e-02
486 0 +2.195684009e-02 +1.767319568e+02 +1.767319568e+02 -4.2006e-01 +6.1893e-02
487 0 +2.011736841e-02 +1.767301174e+02 +1.767301174e+02 -4.2395e-01 +6.7035e-02
492 0 +1.951088920e-02 +1.767295109e+02 +1.767295109e+02 -4.3359e-01 +7.1624e-02
506 0 +1.846579851e-02 +1.767284658e+02 +1.767284658e+02 -4.3552e-01 +7.3879e-02
512 0 +1.737988509e-02 +1.767273799e+02 +1.767273799e+02 -4.5258e-01 +8.4566e-02
516 0 +1.706575062e-02 +1.767270658e+02 +1.767270658e+02 -4.5955e-01 +8.9161e-02
519 0 +1.692148209e-02 +1.767269215e+02 +1.767269215e+02 -4.6299e-01 +9.1464e-02
524 0 +1.478519941e-02 +1.767247852e+02 +1.767247852e+02 -4.7003e-01 +9.7309e-02
530 0 +1.002851062e-02 +1.767200285e+02 +1.767200285e+02 -5.0277e-01 +1.2200e-01
541 0 +8.327358896e-03 +1.767183274e+02 +1.767183274e+02 -5.0699e-01 +1.2709e-01
542 0 +6.328400915e-03 +1.767163284e+02 +1.767163284e+02 -5.2668e-01 +1.4235e-01
550 0 +4.535490752e-03 +1.767145355e+02 +1.767145355e+02 -5.4942e-01 +1.5851e-01
554 0 +2.015598131e-03 +1.767120156e+02 +1.767120156e+02 -5.8596e-01 +1.8714e-01
581 0 +1.106441387e-03 +1.767111064e+02 +1.767111064e+02 -6.0682e-01 +2.0343e-01
587 0 +6.609556187e-04 +1.767106610e+02 +1.767106610e+02 -6.2218e-01 +2.1544e-01
620 0 +6.065081338e-04 +1.767106065e+02 +1.767106065e+02 -6.3590e-01 +2.2591e-01
621 0 +3.481082143e-04 +1.767103481e+02 +1.767103481e+02 -6.2997e-01 +2.2220e-01
635 0 +2.846118509e-04 +1.767102846e+02 +1.767102846e+02 -6.4858e-01 +2.3635e-01
647 0 +1.384545923e-04 +1.767101385e+02 +1.767101385e+02 -6.4276e-01 +2.3232e-01
649 0 +8.932074155e-05 +1.767100893e+02 +1.767100893e+02 -6.4591e-01 +2.3515e-01
650 0 +6.162766698e-05 +1.767100616e+02 +1.767100616e+02 -6.4942e-01 +2.3773e-01
658 0 +5.516647863e-05 +1.767100552e+02 +1.767100552e+02 -6.5875e-01 +2.4501e-01
659 0 +3.378164772e-05 +1.767100338e+02 +1.767100338e+02 -6.5256e-01 +2.4052e-01
673 0 +2.998780462e-05 +1.767100300e+02 +1.767100300e+02 -6.5948e-01 +2.4571e-01
682 0 +5.404505714e-06 +1.767100054e+02 +1.767100054e+02 -6.6366e-01 +2.4951e-01
691 0 +2.652601353e-06 +1.767100027e+02 +1.767100027e+02 -6.6391e-01 +2.4967e-01
706 0 +1.487041402e-06 +1.767100015e+02 +1.767100015e+02 -6.6304e-01 +2.4895e-01
724 0 +6.666584227e-07 +1.767100007e+02 +1.767100007e+02 -6.6290e-01 +2.4881e-01
736 0 +2.680342845e-07 +1.767100003e+02 +1.767100003e+02 -6.6303e-01 +2.4888e-01
749 0 +6.181406320e-08 +1.767100001e+02 +1.767100001e+02 -6.6250e-01 +2.4846e-01
773 0 +4.308503776e-08 +1.767100000e+02 +1.767100000e+02 -6.6245e-01 +2.4842e-01
777 0 +2.668696197e-08 +1.767100000e+02 +1.767100000e+02 -6.6236e-01 +2.4834e-01
782 0 +1.757086920e-08 +1.767100000e+02 +1.767100000e+02 -6.6206e-01 +2.4809e-01
784 0 +1.511261871e-08 +1.767100000e+02 +1.767100000e+02 -6.6224e-01 +2.4824e-01
786 0 +3.946723837e-09 +1.767100000e+02 +1.767100000e+02 -6.6223e-01 +2.4823e-01
947 0 +0.000000000e+00 +1.767100000e+02 +1.767100000e+02 -6.6213e-01 +2.4816e-01
% f evaluations | g evaluations | best noise-free fitness - Fopt (2.566400000000e+02) + sum g_i+ | measured fitness | best measured fitness or single-digit g-values | x1 | x2...
1 0 +6.500190816e+02 +9.066590816e+02 +9.066590816e+02 -7.6622e-01 +9.9020e-01
7 0 +9.359832178e+01 +3.502383218e+02 +3.502383218e+02 -1.3389e+00 -2.2662e-01
8 0 +9.123763489e+01 +3.478776349e+02 +3.478776349e+02 +1.4751e+00 +1.3060e+00
10 0 +6.470180256e+01 +3.213418026e+02 +3.213418026e+02 +5.2905e-01 +1.9679e-03
13 0 +4.199887015e+00 +2.608398870e+02 +2.608398870e+02 +1.2266e+00 +9.6864e-01
14 0 +3.298497495e+00 +2.599384975e+02 +2.599384975e+02 -6.2764e-01 -4.4433e-01
39 0 +6.950726092e-02 +2.567095073e+02 +2.567095073e+02 +5.4242e-01 +5.4955e-01
122 0 +6.204814067e-02 +2.567020481e+02 +2.567020481e+02 +8.2645e-02 +2.8471e-01
123 0 +5.356507475e-02 +2.566935651e+02 +2.566935651e+02 +1.1944e-01 +3.1107e-01
145 0 +4.903175130e-02 +2.566890318e+02 +2.566890318e+02 +1.5630e-01 +3.2105e-01
152 0 +4.287925353e-02 +2.566828793e+02 +2.566828793e+02 +1.1312e-01 +2.9972e-01
159 0 +2.026297367e-02 +2.566602630e+02 +2.566602630e+02 +2.4310e-01 +3.8251e-01
171 0 +4.809854423e-03 +2.566448099e+02 +2.566448099e+02 +3.4390e-01 +4.4862e-01
208 0 +2.554057474e-03 +2.566425541e+02 +2.566425541e+02 +3.8221e-01 +4.7251e-01
213 0 +2.036883496e-03 +2.566420369e+02 +2.566420369e+02 +4.5093e-01 +5.1381e-01
226 0 +7.940429402e-04 +2.566407940e+02 +2.566407940e+02 +4.5679e-01 +5.1627e-01
239 0 +3.977959257e-04 +2.566403978e+02 +2.566403978e+02 +4.4099e-01 +5.0641e-01
249 0 +3.257969752e-04 +2.566403258e+02 +2.566403258e+02 +4.6413e-01 +5.1994e-01
254 0 +2.180644646e-04 +2.566402181e+02 +2.566402181e+02 +4.7464e-01 +5.2574e-01
255 0 +1.715171686e-05 +2.566400172e+02 +2.566400172e+02 +4.8037e-01 +5.2808e-01
305 0 +4.648835898e-06 +2.566400046e+02 +2.566400046e+02 +4.7793e-01 +5.2688e-01
317 0 +1.992987904e-06 +2.566400020e+02 +2.566400020e+02 +4.7640e-01 +5.2601e-01
320 0 +1.338739310e-06 +2.566400013e+02 +2.566400013e+02 +4.7223e-01 +5.2366e-01
324 0 +1.034732861e-06 +2.566400010e+02 +2.566400010e+02 +4.7374e-01 +5.2442e-01
327 0 +6.674401902e-07 +2.566400007e+02 +2.566400007e+02 +4.7482e-01 +5.2513e-01
340 0 +4.798454256e-07 +2.566400005e+02 +2.566400005e+02 +4.7389e-01 +5.2460e-01
343 0 +1.984895448e-07 +2.566400002e+02 +2.566400002e+02 +4.7492e-01 +5.2515e-01
355 0 +3.270741900e-08 +2.566400000e+02 +2.566400000e+02 +4.7384e-01 +5.2452e-01
374 0 +3.010597993e-09 +2.566400000e+02 +2.566400000e+02 +4.7399e-01 +5.2461e-01
553 0 +0.000000000e+00 +2.566400000e+02 +2.566400000e+02 +4.7406e-01 +5.2466e-01
