% f evaluations | g evaluations | best noise-free fitness - Fopt (-6.211100000000e+02) + sum g_i+ | measured fitness | best measured fitness or single-digit g-values | x1 | x2...
1 0 +9.546870332e+07 +9.546808221e+07 +9.546808221e+07 +4.7936e+00 +3.3548e+00 -2.0715e+00 +1.3128e+00 +4.5975e+00
3 0 +5.290942223e+07 +5.290880112e+07 +5.290880112e+07 +2.5323e+00 +3.8373e+00 -1.4134e+00 +6.5106e-01 +3.5236e+00
18 0 +3.118380667e+07 +3.118318556e+07 +3.118318556e+07 -3.7763e-01 +3.3654e+00 +2.4260e+00 -5.1699e-01 +2.9192e+00
65 0 +1.414764504e+07 +1.414702393e+07 +1.414702393e+07 +2.5323e+00 +3.8373e+00 -1.4134e+00 -2.2139e+00 -1.1428e+00
69 0 +1.139395280e+07 +1.139333169e+07 +1.139333169e+07 +1.7763e+00 +4.4187e+00 -2.6376e+00 -3.8332e+00 -7.3857e-04
163 0 +3.121480406e+06 +3.120859296e+06 +3.120859296e+06 -8.6649e-01 +5.0000e+00 -2.6884e+00 -1.2194e+00 -2.1665e+00
343 0 +2.915069737e+06 +2.914448627e+06 +2.914448627e+06 -1.7016e+00 +4.3366e+00 -1.3552e+00 -5.0000e+00 -8.7006e-01
411 0 +1.801950850e+06 +1.801329740e+06 +1.801329740e+06 -5.7236e-01 +4.9195e+00 -2.0846e+00 -1.9866e+00 -1.6461e+00
611 0 +9.810232211e+05 +9.804021111e+05 +9.804021111e+05 -5.7236e-01 +4.9195e+00 -2.9816e+00 -3.4364e+00 -1.6461e+00
615 0 +9.738762632e+05 +9.732551532e+05 +9.732551532e+05 -1.9091e+00 +4.5874e+00 -1.3597e+00 -3.4935e+00 -1.4399e+00
729 0 +5.982675346e+05 +5.976464246e+05 +5.976464246e+05 -2.5729e-01 +3.5427e+00 +5.0000e+00 -5.0000e+00 +1.8374e+00
775 0 +3.987899406e+05 +3.981688306e+05 +3.981688306e+05 -5.1827e-01 +4.5874e+00 -1.2524e+00 -3.4933e+00 -1.4399e+00
1135 0 +3.880094225e+05 +3.873883125e+05 +3.873883125e+05 -1.1370e+00 +4.5874e+00 -4.8876e-01 -3.4933e+00 -1.4399e+00
1161 0 +3.698076670e+05 +3.691865570e+05 +3.691865570e+05 -1.0804e+00 +4.2501e+00 -1.6341e+00 -3.4364e+00 -2.1527e+00
1195 0 +6.567094130e+04 +6.504983130e+04 +6.504983130e+04 -1.0527e+00 +4.4776e+00 -1.9664e+00 -3.2167e+00 -1.9046e+00
1865 0 +6.005365023e+04 +5.943254023e+04 +5.943254023e+04 -1.1134e+00 +4.0799e+00 +4.6098e-01 -3.9417e+00 -2.2197e-01
2025 0 +3.181200977e+04 +3.119089977e+04 +3.119089977e+04 -8.3710e-01 +4.0799e+00 +4.6098e-01 -3.9417e+00 -2.2197e-01
2179 0 +1.634985455e+04 +1.572874455e+04 +1.572874455e+04 -1.1439e+00 +4.3634e+00 -1.7920e+00 -3.2311e+00 -1.7041e+00
2723 0 +1.033543358e+04 +9.714323575e+03 +9.714323575e+03 -9.6997e-01 +4.2752e+00 -1.0613e+00 -3.4705e+00 -1.0771e+00
3043 0 +4.035090369e+03 +3.413980369e+03 +3.413980369e+03 -1.0589e+00 +4.2752e+00 -1.0613e+00 -3.4705e+00 -1.0771e+00
3581 0 +2.846703947e+03 +2.225593947e+03 +2.225593947e+03 -1.0584e+00 +4.3443e+00 -1.6595e+00 -3.2527e+00 -1.4498e+00
% f evaluations | g evaluations | best noise-free fitness - Fopt (-2.548200000000e+02) + sum g_i+ | measured fitness | best measured fitness or single-digit g-values | x1 | x2...
1 0 +1.155883606e+08 +1.155881058e+08 +1.155881058e+08 -2.2178e+00 +1.3659e+00 -5.1081e-01 +4.7221e+00 -3.0712e+00
10 0 +8.382236725e+07 +8.382211243e+07 +8.382211243e+07 -1.0626e+00 -2.2307e+00 +2.8123e+00 -8.4795e-01 -3.6029e+00
13 0 +3.681562195e+07 +3.681536713e+07 +3.681536713e+07 -7.7641e-01 +3.7241e+00 -3.3283e+00 +3.4798e+00 -3.3425e+00
14 0 +1.755653090e+07 +1.755627608e+07 +1.755627608e+07 -1.6831e+00 +4.2828e+00 -8.8890e-01 +2.0321e+00 -4.8557e+00
127 0 +7.589559768e+06 +7.589304948e+06 +7.589304948e+06 +3.3559e+00 +4.2828e+00 -8.8890e-01 +2.0321e+00 -4.8557e+00
201 0 +6.985788285e+06 +6.985533465e+06 +6.985533465e+06 +2.0276e+00 +3.2028e+00 +1.6802e+00 -2.2614e+00 -3.2299e+00
209 0 +1.288433114e+06 +1.288178294e+06 +1.288178294e+06 +3.7655e+00 +3.1865e+00 -4.3187e-01 -3.5832e-01 -4.1463e+00
489 0 +9.073954880e+05 +9.071406680e+05 +9.071406680e+05 +3.7655e+00 +3.1865e+00 -4.3187e-01 -3.5832e-01 -3.7649e+00
609 0 +4.679924582e+05 +4.677376382e+05 +4.677376382e+05 +2.7728e+00 +3.1865e+00 -4.3187e-01 -3.5832e-01 -3.7649e+00
709 0 +1.928253533e+05 +1.925705333e+05 +1.925705333e+05 +2.3741e+00 +3.1364e+00 +6.2591e-01 +6.8589e-01 -5.0000e+00
969 0 +9.325811627e+04 +9.300329627e+04 +9.300329627e+04 +2.7728e+00 +3.1865e+00 +1.9745e-01 +1.2723e-01 -3.7649e+00
1415 0 +6.793880056e+04 +6.768398056e+04 +6.768398056e+04 +4.8581e+00 +4.3010e+00 -2.6945e-01 -1.7406e+00 -1.2651e+00
1741 0 +5.988469925e+04 +5.962987925e+04 +5.962987925e+04 +4.8917e+00 +4.4227e+00 -6.1129e-01 -2.0074e+00 -8.2030e-01
1925 0 +4.183553911e+04 +4.158071911e+04 +4.158071911e+04 +3.5096e+00 +3.6893e+00 -2.2475e-01 -8.4483e-01 -2.8151e+00
2105 0 +3.512367181e+04 +3.486885181e+04 +3.486885181e+04 +2.2396e+00 +2.9858e+00 +3.5451e-01 +4.8967e-01 -4.7991e+00
2541 0 +1.478046761e+04 +1.452564761e+04 +1.452564761e+04 +5.0000e+00 +4.4227e+00 -4.0120e-01 -1.9206e+00 -7.6484e-01
2965 0 +1.314181535e+04 +1.288699535e+04 +1.288699535e+04 +3.5096e+00 +3.6893e+00 +3.3171e-02 -8.4483e-01 -2.8151e+00
3361 0 +1.258834639e+04 +1.233352639e+04 +1.233352639e+04 +2.6711e+00 +3.1745e+00 +3.1291e-01 +3.0550e-03 -3.9607e+00
3455 0 +9.083912822e+03 +8.829092822e+03 +8.829092822e+03 +4.7483e+00 +4.3010e+00 -4.5702e-01 -1.7406e+00 -1.0641e+00
3953 0 +7.728586428e+03 +7.473766428e+03 +7.473766428e+03 +4.6272e+00 +4.0893e+00 -4.1002e-01 -1.6126e+00 -1.3600e+00
% f evaluations | g evaluations | best noise-free fitness - Fopt (5.661000000000e+01) + sum g_i+ | measured fitness | best measured fitness or single-digit g-values | x1 | x2...
1 0 +4.841489811e+07 +4.841495472e+07 +4.841495472e+07 -2.3769e+00 -1.8635e+00 -2.9319e+00 +4.8912e+00 -4.8121e+00
21 0 +3.438661015e+07 +3.438666676e+07 +3.438666676e+07 -2.3769e+00 -1.4478e+00 -8.5065e-01 +4.8912e+00 -5.0000e+00
29 0 +2.306669292e+07 +2.306674953e+07 +2.306674953e+07 -9.0254e-01 -3.3238e+00 +8.4078e-02 +3.5613e+00 -2.0649e+00
49 0 +1.240030508e+07 +1.240036169e+07 +1.240036169e+07 -1.7052e+00 -3.3933e+00 -9.4420e-01 -4.9128e-01 -2.0213e+00
137 0 +7.237463486e+06 +7.237520096e+06 +7.237520096e+06 -4.5098e+00 +2.2482e-01 -4.8011e+00 -1.1628e+00 -3.6343e+00
257 0 +5.225189114e+06 +5.225245724e+06 +5.225245724e+06 -4.5098e+00 +2.2482e-01 -4.8011e+00 +1.8309e+00 -3.6343e+00
537 0 +5.124846734e+06 +5.124903344e+06 +5.124903344e+06 -4.5098e+00 -1.8390e+00 -2.4417e+00 +1.8309e+00 -1.8065e+00
571 0 +4.977965330e+06 +4.978021940e+06 +4.978021940e+06 -2.2764e+00 -3.7972e+00 -3.1887e+00 +1.2591e+00 -4.1239e+00
575 0 +9.964612766e+05 +9.965178866e+05 +9.965178866e+05 -2.1287e+00 -5.0000e+00 -3.6808e+00 +9.3963e-01 -5.0590e-01
615 0 +7.749917029e+05 +7.750483129e+05 +7.750483129e+05 -2.1287e+00 -5.0000e+00 -3.6808e+00 +9.3963e-01 -7.1091e-01
651 0 +7.079960806e+05 +7.080526906e+05 +7.080526906e+05 -2.2764e+00 -3.7972e+00 -3.1887e+00 +1.2591e+00 -1.9915e+00
749 0 +3.259356563e+05 +3.259922663e+05 +3.259922663e+05 -5.0000e+00 -4.4025e-01 -3.4482e+00 +1.7743e-01 -4.0095e+00
1421 0 +1.887814506e+05 +1.888380606e+05 +1.888380606e+05 -4.2625e+00 -2.4230e+00 -3.8815e+00 +4.7954e-01 -3.0203e+00
1501 0 +1.539827652e+05 +1.540393752e+05 +1.540393752e+05 -4.2011e+00 -2.4230e+00 -3.8815e+00 +4.7954e-01 -3.0203e+00
1709 0 +2.956944016e+04 +2.962605016e+04 +2.962605016e+04 -5.0000e+00 -4.4025e-01 -4.0722e+00 +1.7743e-01 -4.0380e+00
1789 0 +2.240131883e+04 +2.245792883e+04 +2.245792883e+04 -5.0000e+00 -4.4025e-01 -3.9934e+00 +1.7743e-01 -4.0380e+00
2559 0 +2.081628429e+04 +2.087289429e+04 +2.087289429e+04 -3.8596e+00 -2.3893e+00 -3.8398e+00 +8.4570e-01 -2.8479e+00
2577 0 +1.992417870e+04 +1.998078870e+04 +1.998078870e+04 -3.8989e+00 -2.0060e+00 -4.0265e+00 +6.2058e-01 -3.0869e+00
2657 0 +1.043733040e+04 +1.049394040e+04 +1.049394040e+04 -3.8989e+00 -2.0060e+00 -3.9443e+00 +5.3758e-01 -3.0869e+00
2879 0 +8.940091639e+03 +8.996701639e+03 +8.996701639e+03 -3.8596e+00 -2.3893e+00 -3.8398e+00 +7.7763e-01 -2.8479e+00
2937 0 +7.890543975e+03 +7.947153975e+03 +7.947153975e+03 -3.8989e+00 -2.0060e+00 -3.8939e+00 +5.3758e-01 -3.0869e+00
3209 0 +5.123064571e+02 +5.689164571e+02 +5.689164571e+02 -3.8958e+00 -2.2012e+00 -3.8692e+00 +6.3133e-01 -2.9562e+00
% f evaluations | g evaluations | best noise-free fitness - Fopt (-1.810000000000e+01) + sum g_i+ | measured fitness | best measured fitness or single-digit g-values | x1 | x2...
1 0 +6.937258505e+08 +6.937258324e+08 +6.937258324e+08 -3.9969e+00 -2.2015e-01 -4.5615e+00 -6.5810e-01 -3.4768e+00
4 0 +6.776647145e+07 +6.776645335e+07 +6.776645335e+07 +8.9028e-01 +3.0886e+00 +5.7856e-01 -1.1531e+00 -3.7953e+00
6 0 +2.976905801e+07 +2.976903991e+07 +2.976903991e+07 +3.8446e-01 +3.4615e+00 +4.4769e+00 -2.3006e+00 -7.7837e-01
14 0 +1.326954302e+07 +1.326952492e+07 +1.326952492e+07 +1.3902e+00 -5.7045e-01 +4.8992e+00 +1.9690e+00 -8.8223e-03
87 0 +1.210582929e+07 +1.210581119e+07 +1.210581119e+07 -8.9417e-01 +3.0095e+00 +4.8992e+00 -1.0141e+00 -8.8223e-03
117 0 +3.181911434e+06 +3.181893334e+06 +3.181893334e+06 -8.9417e-01 +3.9028e-01 +5.0000e+00 +6.5743e-01 +1.7737e+00
197 0 +2.122946047e+06 +2.122927947e+06 +2.122927947e+06 -9.7833e-01 +3.9028e-01 +5.0000e+00 +1.0081e+00 +1.4234e+00
237 0 +7.322260395e+05 +7.322079395e+05 +7.322079395e+05 -1.5826e+00 +1.2880e+00 +5.0000e+00 +1.5986e+00 +6.0655e-01
397 0 +2.320588682e+05 +2.320407682e+05 +2.320407682e+05 -1.5826e+00 +1.2880e+00 +5.0000e+00 +1.5986e+00 +1.1124e+00
477 0 +2.043038917e+05 +2.042857917e+05 +2.042857917e+05 -1.5826e+00 +1.2880e+00 +5.0000e+00 +2.3266e+00 +1.1124e+00
717 0 +7.969557160e+04 +7.967747160e+04 +7.967747160e+04 -1.5826e+00 +1.1722e+00 +5.0000e+00 +2.1535e+00 +1.7249e+00
847 0 +6.169729719e+04 +6.167919719e+04 +6.167919719e+04 -1.3484e+00 +1.0160e+00 +4.6465e+00 +2.5533e+00 +1.5899e+00
1121 0 +4.831997819e+04 +4.830187819e+04 +4.830187819e+04 -1.2621e+00 +1.1315e+00 +4.5689e+00 +2.4831e+00 +1.5823e+00
1251 0 +4.056225353e+04 +4.054415353e+04 +4.054415353e+04 -1.6002e+00 +1.1502e+00 +4.8085e+00 +2.1631e+00 +1.7023e+00
1309 0 +2.568357466e+04 +2.566547466e+04 +2.566547466e+04 -1.7583e+00 +1.1502e+00 +5.0000e+00 +2.1215e+00 +1.3274e+00
1413 0 +1.329260120e+04 +1.327450120e+04 +1.327450120e+04 -1.6957e+00 +1.1072e+00 +4.9877e+00 +1.9931e+00 +1.5309e+00
1571 0 +1.152629330e+04 +1.150819330e+04 +1.150819330e+04 -1.5322e+00 +1.2032e+00 +4.8085e+00 +2.1631e+00 +1.4224e+00
1585 0 +8.319951739e+03 +8.301851739e+03 +8.301851739e+03 -1.6509e+00 +1.0810e+00 +4.8105e+00 +2.0941e+00 +1.5124e+00
1627 0 +4.659415593e+03 +4.641315593e+03 +4.641315593e+03 -1.4630e+00 +1.0540e+00 +4.5848e+00 +2.3880e+00 +1.5992e+00
1785 0 +3.780562759e+03 +3.762462759e+03 +3.762462759e+03 -1.6509e+00 +1.1245e+00 +4.9422e+00 +2.0941e+00 +1.5124e+00
1947 0 +2.906116213e+03 +2.888016213e+03 +2.888016213e+03 -1.4630e+00 +1.0260e+00 +4.4691e+00 +2.3880e+00 +1.5930e+00
2013 0 +2.577956272e+03 +2.559856272e+03 +2.559856272e+03 -1.4907e+00 +1.1072e+00 +4.5809e+00 +2.3389e+00 +1.5309e+00
2035 0 +2.354980311e+03 +2.336880311e+03 +2.336880311e+03 -1.4266e+00 +1.0173e+00 +4.4422e+00 +2.4046e+00 +1.6420e+00
2141 0 +1.685949526e+03 +1.667849526e+03 +1.667849526e+03 -1.3807e+00 +1.0617e+00 +4.4821e+00 +2.3846e+00 +1.5911e+00
2283 0 +1.111231460e+03 +1.093131460e+03 +1.093131460e+03 -1.5622e+00 +1.1189e+00 +4.7001e+00 +2.2490e+00 +1.5317e+00
2301 0 +3.769629881e+02 +3.588629881e+02 +3.588629881e+02 -1.4059e+00 +1.0617e+00 +4.4821e+00 +2.3846e+00 +1.5911e+00
2639 0 +2.793466274e+02 +2.612466274e+02 +2.612466274e+02 -1.6464e+00 +1.1691e+00 +4.8887e+00 +2.0962e+00 +1.4637e+00
3359 0 +2.430972943e+02 +2.249972943e+02 +2.249972943e+02 -1.6659e+00 +1.1691e+00 +4.9501e+00 +2.0583e+00 +1.4641e+00
% f evaluations | g evaluations | best noise-free fitness - Fopt (3.777000000000e+01) + sum g_i+ | measured fitness | best measured fitness or single-digit g-values | x1 | x2...
1 0 +1.666860840e+10 +1.666860843e+10 +1.666860843e+10 -4.7721e+00 -3.4371e+00 +4.4135e+00 +4.4023e+00 -1.1772e+00
2 0 +4.678161069e+07 +4.678164846e+07 +4.678164846e+07 -4.4787e+00 -1.2807e+00 -1.8281e+00 -1.7295e+00 -5.5486e-01
3 0 +3.810107240e+06 +3.810145010e+06 +3.810145010e+06 +4.0254e-01 +1.3862e+00 +1.1704e+00 -2.3135e+00 -1.2547e+00
137 0 +2.687724331e+06 +2.687762101e+06 +2.687762101e+06 -1.3830e-02 +1.6790e+00 +1.7653e+00 -1.7973e+00 +2.0122e+00
177 0 +2.168374900e+06 +2.168412670e+06 +2.168412670e+06 -1.3830e-02 +1.6790e+00 +1.7653e+00 -1.7973e+00 -1.1164e+00
255 0 +1.758722106e+06 +1.758759876e+06 +1.758759876e+06 -5.1672e-01 +2.8032e+00 +2.2169e-01 -7.4759e-01 +1.5689e+00
297 0 +1.733070821e+06 +1.733108591e+06 +1.733108591e+06 -1.3830e-02 +1.6790e+00 +2.4352e+00 -1.7973e+00 -1.1164e+00
377 0 +1.613132803e+06 +1.613170573e+06 +1.613170573e+06 +9.1255e-01 +1.6790e+00 +2.4352e+00 -2.7922e+00 +9.5780e-01
461 0 +1.581120520e+06 +1.581158290e+06 +1.581158290e+06 -1.4475e-01 +8.6023e-01 +1.5238e+00 -1.6014e+00 +1.1401e+00
555 0 +3.067526508e+05 +3.067904208e+05 +3.067904208e+05 -2.5865e-01 +1.8098e+00 +1.3505e+00 +1.3412e-01 +8.9958e-01
617 0 +2.717850580e+05 +2.718228280e+05 +2.718228280e+05 +9.1255e-01 +1.6790e+00 +2.4352e+00 -1.6408e+00 -2.5546e-01
777 0 +2.112968545e+05 +2.113346245e+05 +2.113346245e+05 +9.1255e-01 +1.6790e+00 +2.4352e+00 -1.6408e+00 -1.4951e-01
1017 0 +1.069119338e+05 +1.069497038e+05 +1.069497038e+05 +6.1502e-01 +1.6790e+00 +2.4352e+00 -1.6408e+00 -1.4951e-01
1089 0 +6.497188055e+04 +6.500965055e+04 +6.500965055e+04 -3.6910e-01 +2.0931e+00 +1.3911e+00 -6.0747e-01 +7.0135e-01
1417 0 +3.006688992e+04 +3.010465992e+04 +3.010465992e+04 +6.1502e-01 +1.6790e+00 +2.2790e+00 -1.6408e+00 +1.5465e-01
2529 0 +1.427794533e+03 +1.465564533e+03 +1.465564533e+03 -3.6910e-01 +1.9063e+00 +1.2480e+00 -4.4911e-01 +9.1164e-01
% f evaluations | g evaluations | best noise-free fitness - Fopt (5.951800000000e+02) + sum g_i+ | measured fitness | best measured fitness or single-digit g-values | x1 | x2...
1 0 +1.796264900e+09 +1.796265495e+09 +1.796265495e+09 -1.4323e+00 -4.5798e+00 -1.6833e+00 -1.3714e+00 +4.1101e+00
2 0 +3.809072846e+07 +3.809132364e+07 +3.809132364e+07 +3.0651e+00 -4.2670e+00 +2.3006e+00 -4.7625e+00 -4.6243e+00
5 0 +7.935322293e+06 +7.935917473e+06 +7.935917473e+06 -3.8843e+00 +4.4803e+00 -1.7500e+00 -8.0097e-01 -1.5480e+00
33 0 +4.545529730e+06 +4.546124910e+06 +4.546124910e+06 -3.0475e+00 +1.8204e+00 +1.4569e+00 +3.2219e-01 -2.7234e+00
179 0 +2.705304697e+06 +2.705899877e+06 +2.705899877e+06 -5.6486e-01 +2.2201e+00 +2.2897e+00 +4.1471e-01 -2.9053e+00
259 0 +5.701756344e+05 +5.707708144e+05 +5.707708144e+05 -5.6486e-01 +2.2201e+00 +2.2897e+00 -9.0674e-01 -2.9053e+00
419 0 +5.016909957e+05 +5.022861757e+05 +5.022861757e+05 -8.1842e-01 +2.2201e+00 +2.4001e+00 -9.0674e-01 -2.9053e+00
653 0 +2.666730039e+05 +2.672681839e+05 +2.672681839e+05 -3.7336e+00 +5.0000e+00 -5.0000e+00 +1.9044e-01 -2.4860e+00
973 0 +1.909657366e+05 +1.915609166e+05 +1.915609166e+05 -3.7336e+00 +5.0000e+00 -5.0000e+00 +1.9044e-01 -3.1745e+00
975 0 +4.229321817e+04 +4.288839817e+04 +4.288839817e+04 -2.6882e+00 +3.4975e+00 -1.3212e+00 -1.6128e-01 -2.9775e+00
1495 0 +1.580345800e+04 +1.639863800e+04 +1.639863800e+04 -2.4659e+00 +3.5819e+00 -1.2459e+00 -1.6128e-01 -2.9775e+00
% f evaluations | g evaluations | best noise-free fitness - Fopt (-1.547100000000e+02) + sum g_i+ | measured fitness | best measured fitness or single-digit g-values | x1 | x2...
1 0 +2.263693505e+07 +2.263678034e+07 +2.263678034e+07 +3.8906e+00 +3.2098e+00 +3.2852e+00 -2.7564e+00 +1.7701e+00
10 0 +6.550911553e+06 +6.550756843e+06 +6.550756843e+06 +4.9859e+00 +2.4534e+00 -1.1421e+00 -8.8175e-01 -9.8373e-01
71 0 +6.247790620e+06 +6.247635910e+06 +6.247635910e+06 +3.4669e+00 -4.5769e-01 +1.0475e+00 -1.8232e+00 -1.9402e+00
151 0 +3.318310399e+06 +3.318155689e+06 +3.318155689e+06 +3.4669e+00 +2.7295e-01 +1.0475e+00 -1.8232e+00 -1.9402e+00
365 0 +6.615539541e+05 +6.613992441e+05 +6.613992441e+05 +4.9930e+00 +9.0280e-01 +3.4843e-01 -1.9548e+00 -1.7975e+00
711 0 +5.928843293e+05 +5.927296193e+05 +5.927296193e+05 +5.0000e+00 +1.9856e+00 +1.0475e+00 -1.8232e+00 -1.9402e+00
725 0 +5.223039060e+05 +5.221491960e+05 +5.221491960e+05 +4.9930e+00 +9.0280e-01 +3.4843e-01 -1.5029e+00 -1.7975e+00
791 0 +3.347476282e+05 +3.345929182e+05 +3.345929182e+05 +5.0000e+00 +9.0678e-01 +1.0475e+00 -1.8232e+00 -1.9402e+00
1231 0 +3.267345995e+05 +3.265798895e+05 +3.265798895e+05 +5.0000e+00 +9.0678e-01 +8.0653e-01 -1.8232e+00 -1.9402e+00
1299 0 +2.696960655e+05 +2.695413555e+05 +2.695413555e+05 +4.2252e+00 +1.3711e+00 +1.4952e+00 +2.1506e-01 -2.6761e+00
1325 0 +2.444366672e+05 +2.442819572e+05 +2.442819572e+05 +4.9930e+00 +9.0280e-01 +6.9638e-01 -1.5029e+00 -1.7975e+00
1357 0 +1.209282776e+05 +1.207735676e+05 +1.207735676e+05 +5.0000e+00 +1.4152e+00 +8.5450e-01 -1.7767e+00 -1.8758e+00
1519 0 +1.026415267e+05 +1.024868167e+05 +1.024868167e+05 +3.6786e+00 +1.5179e+00 +1.0778e+00 +6.8896e-01 -3.2665e+00
1551 0 +7.030140428e+04 +7.014669428e+04 +7.014669428e+04 +4.9481e+00 +1.3009e+00 +8.0653e-01 -1.3157e+00 -1.6898e+00
1581 0 +6.184367507e+04 +6.168896507e+04 +6.168896507e+04 +5.0000e+00 +1.2583e+00 +1.0429e+00 -1.5580e+00 -1.9671e+00
1685 0 +4.235725229e+04 +4.220254229e+04 +4.220254229e+04 +4.9930e+00 +1.4076e+00 +8.7001e-01 -1.5571e+00 -1.8250e+00
1941 0 +1.540948636e+04 +1.525477636e+04 +1.525477636e+04 +5.0000e+00 +1.2583e+00 +1.0429e+00 -1.3169e+00 -1.9671e+00
2093 0 +2.072675770e+03 +1.917965770e+03 +1.917965770e+03 +5.0000e+00 +1.2897e+00 +9.3949e-01 -1.2192e+00 -1.9436e+00
2821 0 +1.484239157e+03 +1.329529157e+03 +1.329529157e+03 +5.0000e+00 +1.3364e+00 +9.2696e-01 -1.3169e+00 -1.9115e+00
3279 0 +1.055642051e+03 +9.009320514e+02 +9.009320514e+02 +3.5886e+00 +1.3446e+00 +1.1197e+00 +5.1168e-01 -3.0553e+00
3839 0 +9.342979079e+02 +7.795879079e+02 +7.795879079e+02 +3.5886e+00 +1.3238e+00 +1.1197e+00 +5.1168e-01 -3.0553e+00
% f evaluations | g evaluations | best noise-free fitness - Fopt (1.060400000000e+02) + sum g_i+ | measured fitness | best measured fitness or single-digit g-values | x1 | x2...
1 0 +5.814746476e+07 +5.814757080e+07 +5.814757080e+07 +3.4229e+00 -2.8897e+00 +1.5131e+00 -3.4333e-01 -3.2607e+00
3 0 +2.956509006e+07 +2.956519610e+07 +2.956519610e+07 -3.7374e-01 -4.7761e+00 +5.3111e-01 +3.4791e+00 +3.0499e+00
9 0 +4.492455398e+06 +4.492561438e+06 +4.492561438e+06 -3.3247e+00 -4.0840e+00 +3.5720e+00 +1.4412e+00 +2.3341e+00
117 0 +1.085547611e+06 +1.085653651e+06 +1.085653651e+06 -5.0000e+00 -4.0840e+00 +2.9735e+00 +1.4412e+00 +2.6811e-01
195 0 +8.778207168e+05 +8.779267568e+05 +8.779267568e+05 -5.0000e+00 -3.8322e+00 +1.8995e+00 +7.6211e-01 +9.4306e-01
453 0 +6.255589676e+05 +6.256650076e+05 +6.256650076e+05 -4.1613e+00 -3.6670e+00 +2.8460e+00 +1.2906e+00 +1.1449e+00
615 0 +1.975299241e+05 +1.976359641e+05 +1.976359641e+05 -2.8690e+00 -3.2027e+00 +4.0195e+00 -2.9451e-01 +6.5928e-01
911 0 +8.238790715e+04 +8.249394715e+04 +8.249394715e+04 -3.9798e+00 -4.0683e+00 +2.7598e+00 +6.8047e-01 +8.5600e-01
1067 0 +7.855725892e+04 +7.866329892e+04 +7.866329892e+04 -3.9238e+00 -3.5347e+00 +2.9735e+00 +4.1605e-01 +5.6560e-01
1075 0 +4.781368313e+04 +4.791972313e+04 +4.791972313e+04 -3.7662e+00 -3.8322e+00 +2.5319e+00 +7.6211e-01 +5.9208e-01
1425 0 +2.797046277e+04 +2.807650277e+04 +2.807650277e+04 -3.6665e+00 -3.9365e+00 +2.8468e+00 +6.8177e-01 +6.3000e-01
1445 0 +1.479511757e+04 +1.490115757e+04 +1.490115757e+04 -4.7248e+00 -4.5620e+00 +1.7705e+00 +1.4692e+00 +8.2216e-01
1659 0 +1.015219628e+04 +1.025823628e+04 +1.025823628e+04 -3.1731e+00 -3.2662e+00 +3.4246e+00 +8.7645e-02 +4.4744e-01
2051 0 +6.688834640e+03 +6.794874640e+03 +6.794874640e+03 -4.0803e+00 -4.1296e+00 +2.4854e+00 +8.6451e-01 +6.4824e-01
2517 0 +5.737177374e+03 +5.843217374e+03 +5.843217374e+03 -4.6296e+00 -4.5574e+00 +1.8916e+00 +1.4989e+00 +8.1268e-01
2679 0 +3.508821287e+03 +3.614861287e+03 +3.614861287e+03 -3.8460e+00 -3.9461e+00 +2.6978e+00 +7.4303e-01 +5.7694e-01
2971 0 +1.298156244e+03 +1.404196244e+03 +1.404196244e+03 -4.0803e+00 -4.0473e+00 +2.4854e+00 +9.0532e-01 +6.4824e-01
3331 0 +1.103317614e+03 +1.209357614e+03 +1.209357614e+03 -4.0803e+00 -4.0473e+00 +2.4854e+00 +9.1558e-01 +6.4824e-01
% f evaluations | g evaluations | best noise-free fitness - Fopt (1.374500000000e+02) + sum g_i+ | measured fitness | best measured fitness or single-digit g-values | x1 | x2...
1 0 +6.916296975e+07 +6.916310720e+07 +6.916310720e+07 +2.6248e+00 +1.5238e+00 -4.2824e+00 +4.4127e+00 -4.1366e-01
3 0 +5.996954578e+07 +5.996968323e+07 +5.996968323e+07 -3.8719e-01 -2.0036e+00 -4.7932e+00 +4.7589e-01 +1.3233e-01
5 0 +2.348751941e+07 +2.348765686e+07 +2.348765686e+07 +3.6614e+00 +1.8118e+00 +4.6989e-01 -3.2171e+00 -1.9292e+00
8 0 +2.212552479e+07 +2.212566224e+07 +2.212566224e+07 +1.1382e+00 +1.3269e+00 -2.1709e+00 -1.4650e+00 +1.4801e-01
13 0 +1.060155929e+07 +1.060169674e+07 +1.060169674e+07 +2.7700e+00 +1.2679e+00 +1.0976e+00 -1.3077e+00 -9.6062e-01
35 0 +8.441417653e+06 +8.441555103e+06 +8.441555103e+06 +1.1382e+00 +1.0868e+00 +3.9824e+00 -1.4650e+00 +1.4801e-01
93 0 +6.292936325e+06 +6.293073775e+06 +6.293073775e+06 +1.4816e+00 -4.0565e+00 +2.3499e+00 -3.4633e+00 -2.2414e-02
99 0 +3.453891028e+06 +3.454028478e+06 +3.454028478e+06 +1.7645e+00 -1.2858e+00 +2.7426e+00 -2.5334e+00 +6.4218e-01
365 0 +1.473779940e+06 +1.473917390e+06 +1.473917390e+06 +9.2649e-01 +5.2053e-01 +1.7275e+00 -6.6072e-01 +6.4911e-01
445 0 +2.449098707e+05 +2.450473207e+05 +2.450473207e+05 +1.0137e+00 +5.2053e-01 +2.0941e+00 -6.6072e-01 +1.3031e+00
1005 0 +2.320501395e+05 +2.321875895e+05 +2.321875895e+05 +1.0137e+00 +5.2053e-01 +2.0941e+00 -4.2653e-01 +1.3031e+00
1103 0 +8.994121269e+04 +9.007866269e+04 +9.007866269e+04 +7.8316e-01 +6.5443e-01 +2.0712e+00 -2.3050e-02 +1.9100e+00
1731 0 +7.499303247e+04 +7.513048247e+04 +7.513048247e+04 +7.7623e-01 +1.5244e+00 +2.6121e+00 +1.1427e+00 +2.4621e+00
1897 0 +6.554917452e+04 +6.568662452e+04 +6.568662452e+04 +1.0574e+00 +1.1564e+00 +2.5042e+00 +1.1601e+00 +2.4921e+00
1919 0 +5.415587891e+04 +5.429332891e+04 +5.429332891e+04 +1.1477e+00 +1.5382e+00 +2.6963e+00 +1.0599e+00 +2.5609e+00
2017 0 +1.335333885e+04 +1.349078885e+04 +1.349078885e+04 +1.0574e+00 +1.5443e+00 +2.5042e+00 +1.1601e+00 +2.4921e+00
2579 0 +9.353102430e+03 +9.490552430e+03 +9.490552430e+03 +9.5243e-01 +1.2566e+00 +2.4803e+00 +8.7435e-01 +2.2935e+00
3659 0 +9.005877117e+03 +9.143327117e+03 +9.143327117e+03 +9.6323e-01 +1.2566e+00 +2.4160e+00 +8.7435e-01 +2.2935e+00
3677 0 +7.453384847e+03 +7.590834847e+03 +7.590834847e+03 +1.0542e+00 +1.6922e+00 +2.7009e+00 +1.4355e+00 +2.5477e+00
3725 0 +7.213019682e+03 +7.350469682e+03 +7.350469682e+03 +9.8162e-01 +1.1128e+00 +2.4614e+00 +7.4199e-01 +2.2423e+00
3967 0 +6.402812319e+03 +6.540262319e+03 +6.540262319e+03 +1.0073e+00 +9.2282e-01 +2.3663e+00 +3.6777e-01 +2.0931e+00
% f evaluations | g evaluations | best noise-free fitness - Fopt (1.588000000000e+02) + sum g_i+ | measured fitness | best measured fitness or single-digit g-values | x1 | x2...
1 0 +5.528446568e+08 +5.528448156e+08 +5.528448156e+08 -3.8907e+00 +8.8733e-01 -3.5805e+00 -4.6943e-01 -2.0305e+00
2 0 +3.758711939e+08 +3.758713527e+08 +3.758713527e+08 +1.2051e+00 +2.9326e+00 +6.1007e-01 -2.8927e+00 -7.6274e-01
4 0 +2.399643361e+07 +2.399659241e+07 +2.399659241e+07 +4.8423e+00 -3.5423e+00 +4.7613e+00 +3.7347e+00 +4.2914e+00
12 0 +1.292077749e+07 +1.292093629e+07 +1.292093629e+07 +2.4452e-01 -2.2783e+00 +7.9546e-02 +2.0312e+00 +2.7242e+00
39 0 +6.046567350e+06 +6.046726150e+06 +6.046726150e+06 +5.0000e+00 -1.1636e+00 +4.1379e+00 +2.0362e+00 +2.0883e+00
207 0 +9.710764782e+05 +9.712352782e+05 +9.712352782e+05 +3.4840e+00 -3.4220e+00 +2.6846e+00 +2.0312e+00 +2.2140e+00
693 0 +9.266371087e+05 +9.267959087e+05 +9.267959087e+05 +2.1268e+00 -5.0000e+00 -7.1173e-02 +4.0251e+00 +4.4626e+00
695 0 +2.628818916e+05 +2.630406916e+05 +2.630406916e+05 +2.4848e+00 -3.7700e+00 +2.0050e+00 +3.0727e+00 +3.6936e+00
811 0 +1.688553791e+05 +1.690141791e+05 +1.690141791e+05 +2.4549e+00 -4.4831e+00 +1.4132e+00 +3.1948e+00 +4.0926e+00
931 0 +1.296024181e+05 +1.297612181e+05 +1.297612181e+05 +2.4549e+00 -4.4831e+00 +1.4132e+00 +3.1948e+00 +3.8920e+00
1531 0 +1.271991596e+05 +1.273579596e+05 +1.273579596e+05 +2.4549e+00 -4.4831e+00 +1.4132e+00 +3.0061e+00 +3.8920e+00
1565 0 +1.232571778e+05 +1.234159778e+05 +1.234159778e+05 +2.5426e+00 -4.2231e+00 +1.7939e+00 +2.9312e+00 +3.9458e+00
1647 0 +7.048981090e+04 +7.064861090e+04 +7.064861090e+04 +2.5998e+00 -3.5667e+00 +2.6846e+00 +1.8344e+00 +3.1501e+00
1677 0 +4.701828472e+04 +4.717708472e+04 +4.717708472e+04 +2.3658e+00 -4.3723e+00 +1.5332e+00 +3.0767e+00 +3.8707e+00
2007 0 +1.297189407e+04 +1.313069407e+04 +1.313069407e+04 +2.8639e+00 -3.3899e+00 +2.7371e+00 +1.8344e+00 +3.1501e+00
2045 0 +7.752135431e+03 +7.910935431e+03 +7.910935431e+03 +1.6893e+00 -5.0000e+00 +9.7481e-01 +3.6612e+00 +4.2180e+00
2759 0 +2.585070371e+03 +2.743870371e+03 +2.743870371e+03 +2.7848e+00 -3.5965e+00 +2.5659e+00 +2.1136e+00 +3.1543e+00
3805 0 +1.882229348e+03 +2.041029348e+03 +2.041029348e+03 +1.7767e+00 -5.0000e+00 +9.7481e-01 +3.6612e+00 +4.2180e+00
4017 0 +1.706126122e+03 +1.864926122e+03 +1.864926122e+03 +1.8424e+00 -4.8212e+00 +1.1248e+00 +3.5469e+00 +4.1601e+00
% f evaluations | g evaluations | best noise-free fitness - Fopt (-1.000000000000e+03) + sum g_i+ | measured fitness | best measured fitness or single-digit g-values | x1 | x2...
1 0 +8.452090162e+07 +8.451990162e+07 +8.451990162e+07 -3.6812e+00 -2.9084e+00 -1.9078e+00 -3.4784e+00 -2.9670e-01
3 0 +7.626414053e+07 +7.626314053e+07 +7.626314053e+07 +2.0559e+00 +2.6090e+00 +3.2330e+00 -4.9565e+00 -1.6891e+00
4 0 +3.453660476e+07 +3.453560476e+07 +3.453560476e+07 -1.8108e+00 +2.0651e+00 +1.6295e+00 -3.6815e+00 -2.2327e+00
25 0 +6.769022452e+06 +6.768022452e+06 +6.768022452e+06 -7.2166e-01 +2.6090e+00 -3.7197e+00 -4.9565e+00 -1.6891e+00
225 0 +3.453995063e+06 +3.452995063e+06 +3.452995063e+06 -7.2166e-01 +2.6090e+00 -3.7197e+00 -2.8850e+00 -1.6891e+00
305 0 +2.843583411e+06 +2.842583411e+06 +2.842583411e+06 -7.2166e-01 +2.9640e+00 -3.9202e+00 -2.8850e+00 -1.6891e+00
481 0 +5.232734357e+05 +5.222734357e+05 +5.222734357e+05 -1.5100e+00 +2.7573e+00 -2.0300e+00 -2.7959e+00 -1.0596e+00
1077 0 +2.298154828e+05 +2.288154828e+05 +2.288154828e+05 -1.7563e+00 +2.5713e+00 -1.9844e+00 -3.3300e+00 -3.4803e-01
1121 0 +1.742152642e+05 +1.732152642e+05 +1.732152642e+05 -1.5100e+00 +3.0269e+00 -2.2996e+00 -2.7959e+00 -1.0596e+00
1241 0 +1.337842371e+05 +1.327842371e+05 +1.327842371e+05 -1.5100e+00 +3.0269e+00 -2.2996e+00 -3.0777e+00 -1.0596e+00
1317 0 +8.636699133e+04 +8.536699133e+04 +8.536699133e+04 -1.7563e+00 +3.0694e+00 -2.3930e+00 -3.2043e+00 -3.4803e-01
1395 0 +7.609638580e+04 +7.509638580e+04 +7.509638580e+04 -1.7086e+00 +2.7104e+00 -2.2071e+00 -3.4230e+00 -3.8377e-01
1439 0 +4.176292581e+04 +4.076292581e+04 +4.076292581e+04 -1.5960e+00 +2.9092e+00 -2.3335e+00 -3.0883e+00 -5.6905e-01
1825 0 +2.977890042e+04 +2.877890042e+04 +2.877890042e+04 -1.4437e+00 +3.2785e+00 -2.6392e+00 -2.9196e+00 -1.4087e+00
1927 0 +2.141187392e+04 +2.041187392e+04 +2.041187392e+04 -1.7466e+00 +2.9271e+00 -2.3647e+00 -3.2104e+00 -4.2031e-01
2331 0 +8.445355264e+03 +7.445355264e+03 +7.445355264e+03 -1.8697e+00 +2.6112e+00 -2.0898e+00 -3.5653e+00 +2.3826e-01
2807 0 +8.109426516e+03 +7.109426516e+03 +7.109426516e+03 -1.7720e+00 +2.8637e+00 -2.4027e+00 -3.2104e+00 -4.2031e-01
2963 0 +6.964638867e+03 +5.964638867e+03 +5.964638867e+03 -1.4494e+00 +3.3032e+00 -2.9330e+00 -2.7646e+00 -1.7454e+00
3125 0 +1.769026241e+03 +7.690262407e+02 +7.690262407e+02 -1.5933e+00 +3.0412e+00 -2.6688e+00 -3.1023e+00 -9.5988e-01
3433 0 +1.260787014e+03 +2.607870137e+02 +2.607870137e+02 -1.5076e+00 +3.2293e+00 -2.8227e+00 -2.9016e+00 -1.3613e+00
3861 0 +1.178265258e+03 +1.782652578e+02 +1.782652578e+02 -1.6309e+00 +3.0236e+00 -2.5969e+00 -3.1072e+00 -8.5509e-01
% f evaluations | g evaluations | best noise-free fitness - Fopt (-1.000000000000e+03) + sum g_i+ | measured fitness | best measured fitness or single-digit g-values | x1 | x2...
1 0 +4.559503860e+08 +4.559493860e+08 +4.559493860e+08 -2.4517e+00 -4.3509e+00 +3.0154e+00 -3.3290e-01 -1.8219e+00
2 0 +1.400352723e+08 +1.400342723e+08 +1.400342723e+08 +3.1691e-01 +3.0853e-01 +1.2119e+00 -3.4987e+00 +3.0702e+00
4 0 +3.410304067e+07 +3.410204067e+07 +3.410204067e+07 -3.4944e+00 +1.2735e+00 +3.6165e-01 -3.8485e+00 -1.8553e+00
65 0 +5.851606513e+06 +5.850606513e+06 +5.850606513e+06 -1.3391e+00 +4.2720e+00 +4.9395e-01 -6.7315e-01 -1.8654e+00
117 0 +2.397732551e+06 +2.396732551e+06 +2.396732551e+06 +2.7553e+00 +5.0000e+00 +5.0000e+00 -1.7098e+00 -3.6767e+00
351 0 +2.240888787e+06 +2.239888787e+06 +2.239888787e+06 +4.1118e-01 +3.4794e+00 +3.1449e+00 -9.8242e-01 -2.6133e+00
381 0 +8.127601885e+05 +8.117601885e+05 +8.117601885e+05 +5.7238e-01 +3.3092e+00 +1.3244e+00 -5.3542e-01 -2.9863e+00
537 0 +7.019991701e+05 +7.009991701e+05 +7.009991701e+05 +1.0666e+00 +3.2662e+00 +2.6712e+00 -6.1629e-01 -3.9941e+00
823 0 +5.072456750e+05 +5.062456750e+05 +5.062456750e+05 +3.4508e+00 +5.0000e+00 +5.0000e+00 -2.0207e+00 -2.9001e+00
1115 0 +4.118855739e+05 +4.108855739e+05 +4.108855739e+05 +1.2971e+00 +3.8874e+00 +2.6808e+00 +8.3486e-02 -3.2969e+00
1123 0 +2.950646852e+05 +2.940646852e+05 +2.940646852e+05 +8.1803e-01 +3.8583e+00 +1.9077e+00 -4.6245e-01 -3.1207e+00
1237 0 +9.144077184e+04 +9.044077184e+04 +9.044077184e+04 +6.1934e-01 +3.6505e+00 +1.9806e+00 +7.0504e-02 -3.6767e+00
2135 0 +1.913128950e+04 +1.813128950e+04 +1.813128950e+04 +3.0075e+00 +4.3753e+00 +4.0343e+00 -1.8841e+00 -2.8075e+00
2247 0 +5.822011576e+03 +4.822011576e+03 +4.822011576e+03 +3.1196e+00 +4.5112e+00 +4.1490e+00 -1.9567e+00 -2.9167e+00
% f evaluations | g evaluations | best noise-free fitness - Fopt (2.959000000000e+01) + sum g_i+ | measured fitness | best measured fitness or single-digit g-values | x1 | x2...
1 0 +2.143780746e+09 +2.143780776e+09 +2.143780776e+09 -1.3258e+00 -3.2026e+00 -4.9431e+00 +2.5909e-01 -2.6190e+00
2 0 +9.023923694e+07 +9.023926653e+07 +9.023926653e+07 +3.6012e+00 -1.6588e+00 +3.5972e+00 -3.7571e+00 +9.5752e-01
4 0 +3.817466636e+07 +3.817469595e+07 +3.817469595e+07 -7.4483e-02 +2.0080e+00 +4.9346e+00 +1.4849e+00 +2.4055e+00
5 0 +3.675382073e+07 +3.675385032e+07 +3.675385032e+07 -4.1436e+00 -3.2034e+00 +9.3575e-01 +2.1593e+00 +6.1033e-01
7 0 +2.791708756e+07 +2.791711715e+07 +2.791711715e+07 -4.5551e+00 -2.4266e-01 +2.6426e+00 +3.4154e+00 +2.5561e+00
8 0 +5.341345208e+06 +5.341374798e+06 +5.341374798e+06 +4.0437e+00 +3.1610e+00 -3.4877e+00 -4.1836e-01 +3.5996e+00
275 0 +5.206319038e+06 +5.206348628e+06 +5.206348628e+06 +4.4426e+00 +3.1610e+00 -3.6335e+00 -4.1836e-01 +3.5996e+00
429 0 +4.086727523e+06 +4.086757113e+06 +4.086757113e+06 -1.2242e+00 +1.9887e+00 +9.3575e-01 +2.7692e-01 -1.5251e-01
503 0 +3.673533470e+06 +3.673563060e+06 +3.673563060e+06 -4.4795e+00 +1.9887e+00 +1.5860e+00 -2.1946e+00 -3.2508e-01
505 0 +2.196486210e+06 +2.196515800e+06 +2.196515800e+06 -4.9096e+00 +9.6710e-01 +8.1494e-01 +6.4646e-01 +6.8186e-01
681 0 +9.678587161e+05 +9.678883061e+05 +9.678883061e+05 -5.0000e+00 +1.0053e+00 +1.3258e+00 -7.2296e-01 +1.2717e+00
689 0 +8.891551901e+05 +8.891847801e+05 +8.891847801e+05 -5.0000e+00 +1.5303e+00 +7.1952e-01 -1.5883e-02 +9.9741e-01
783 0 +7.631024556e+05 +7.631320456e+05 +7.631320456e+05 +1.1259e+00 +1.9887e+00 -1.4024e+00 -8.0103e-01 +1.7799e+00
809 0 +3.403857503e+05 +3.404153403e+05 +3.404153403e+05 -5.0000e+00 +1.5303e+00 +7.1952e-01 -7.4897e-01 +9.9741e-01
899 0 +1.385883016e+05 +1.386178916e+05 +1.386178916e+05 -4.8406e+00 +1.2842e+00 +7.7443e-01 -4.8888e-01 +6.7845e-01
1339 0 +1.205884994e+05 +1.206180894e+05 +1.206180894e+05 -5.0000e+00 +1.2842e+00 +7.7443e-01 -5.6898e-01 +6.7845e-01
1411 0 +7.326306077e+04 +7.329265077e+04 +7.329265077e+04 -1.9377e-01 +1.9142e+00 -7.8816e-01 -5.1886e-01 +9.8723e-01
1459 0 +7.138535285e+04 +7.141494285e+04 +7.141494285e+04 -5.0000e+00 +1.2842e+00 +7.5485e-01 -5.6898e-01 +5.5505e-01
1539 0 +6.923741016e+04 +6.926700016e+04 +6.926700016e+04 -4.9764e+00 +1.2842e+00 +7.5485e-01 -5.6898e-01 +5.5505e-01
1921 0 +5.033712748e+04 +5.036671748e+04 +5.036671748e+04 -5.0000e+00 +1.1807e+00 +7.6472e-01 -7.2296e-01 +3.3091e-01
2183 0 +3.191710359e+04 +3.194669359e+04 +3.194669359e+04 +7.0589e-01 +1.9887e+00 -1.4024e+00 -4.2365e-01 +1.1974e+00
2783 0 +2.890866798e+04 +2.893825798e+04 +2.893825798e+04 +7.0589e-01 +1.9887e+00 -1.4024e+00 -4.1002e-01 +1.1974e+00
2801 0 +1.440536743e+04 +1.443495743e+04 +1.443495743e+04 -5.0000e+00 +1.3699e+00 +7.6472e-01 -7.2296e-01 +3.3091e-01
2895 0 +1.248191365e+04 +1.251150365e+04 +1.251150365e+04 -2.1471e+00 +1.6665e+00 -2.2553e-01 -6.0637e-01 +6.6376e-01
2981 0 +6.043855568e+03 +6.073445568e+03 +6.073445568e+03 -2.5041e+00 +1.7421e+00 -1.7607e-01 -5.8778e-01 +7.5225e-01
3781 0 +6.000395793e+03 +6.029985793e+03 +6.029985793e+03 -1.4834e+00 +1.7734e+00 -5.1967e-01 -5.8778e-01 +7.5225e-01
% f evaluations | g evaluations | best noise-free fitness - Fopt (7.100000000000e+01) + sum g_i+ | measured fitness | best measured fitness or single-digit g-values | x1 | x2...
1 0 +1.650024572e+09 +1.650024643e+09 +1.650024643e+09 -4.5838e+00 -4.6330e+00 +3.8585e+00 +4.7222e+00 +7.8596e-01
2 0 +8.037911276e+08 +8.037911986e+08 +8.037911986e+08 -2.6699e+00 +3.0503e+00 +9.4310e-01 +1.2104e-01 +2.8218e+00
3 0 +3.806648631e+07 +3.806655731e+07 +3.806655731e+07 +2.6502e+00 -2.7352e+00 -2.4196e+00 +1.1905e+00 -3.4029e+00
10 0 +3.264722422e+07 +3.264729522e+07 +3.264729522e+07 +3.2685e+00 -1.7829e+00 -3.0638e+00 -4.5429e-01 -3.3380e+00
11 0 +5.512410713e+06 +5.512481713e+06 +5.512481713e+06 +8.6315e-01 -4.4837e+00 -4.1014e+00 +2.7873e+00 +6.1332e-01
105 0 +4.150388939e+06 +4.150459939e+06 +4.150459939e+06 +2.6502e+00 -2.7352e+00 -2.4196e+00 +1.6079e-01 -5.3508e-01
265 0 +3.130709773e+06 +3.130780773e+06 +3.130780773e+06 +1.8120e+00 -2.7352e+00 -2.4196e+00 +1.6079e-01 -5.3508e-01
345 0 +1.446813790e+06 +1.446884790e+06 +1.446884790e+06 +1.8120e+00 -2.7352e+00 -2.4196e+00 +1.6079e-01 +2.3545e+00
579 0 +1.056390449e+06 +1.056461449e+06 +1.056461449e+06 +1.0664e+00 -3.0850e+00 -2.1918e+00 +9.7326e-02 +1.8074e+00
697 0 +4.466570070e+05 +4.467280070e+05 +4.467280070e+05 +1.5994e+00 -3.8376e+00 -2.2330e+00 +4.6895e-01 +1.0316e+00
817 0 +3.856895556e+05 +3.857605556e+05 +3.857605556e+05 +1.5994e+00 -3.8376e+00 -2.2330e+00 +4.6895e-01 +1.3082e+00
909 0 +2.528385451e+05 +2.529095451e+05 +2.529095451e+05 +1.9195e+00 -2.6704e+00 -1.9995e+00 +2.2414e-01 +6.9456e-01
969 0 +7.241071889e+04 +7.248171889e+04 +7.248171889e+04 +2.0427e+00 -5.0000e+00 -2.5608e+00 +1.9810e+00 +1.5343e+00
1189 0 +6.448581720e+04 +6.455681720e+04 +6.455681720e+04 +1.9195e+00 -2.6704e+00 -2.0058e+00 +2.2414e-01 +1.3279e+00
1727 0 +5.863372621e+04 +5.870472621e+04 +5.870472621e+04 +1.6042e+00 -3.0420e-01 -2.1295e+00 -1.9119e+00 +9.0544e-01
1793 0 +3.546918351e+04 +3.554018351e+04 +3.554018351e+04 +2.0868e+00 -4.4903e+00 -2.4216e+00 +1.6193e+00 +1.3934e+00
1833 0 +1.995667261e+04 +2.002767261e+04 +2.002767261e+04 +2.0868e+00 -4.4903e+00 -2.4216e+00 +1.8766e+00 +1.3934e+00
2349 0 +1.532442245e+04 +1.539542245e+04 +1.539542245e+04 +1.9195e+00 -2.6704e+00 -2.1527e+00 +2.2414e-01 +1.2216e+00
2537 0 +9.177668563e+03 +9.248668563e+03 +9.248668563e+03 +1.9251e+00 -4.3687e+00 -2.2842e+00 +1.6254e+00 +1.4029e+00
2897 0 +8.874961846e+03 +8.945961846e+03 +8.945961846e+03 +1.9558e+00 -4.3841e+00 -2.2842e+00 +1.6254e+00 +1.4029e+00
3053 0 +8.650668999e+03 +8.721668999e+03 +8.721668999e+03 +1.9123e+00 -3.3744e+00 -2.2021e+00 +7.1567e-01 +1.2274e+00
3313 0 +7.658966768e+03 +7.729966768e+03 +7.729966768e+03 +1.9604e+00 -4.4903e+00 -2.4216e+00 +1.8766e+00 +1.3934e+00
3535 0 +5.649704734e+03 +5.720704734e+03 +5.720704734e+03 +1.8357e+00 -2.3776e+00 -2.1239e+00 -7.0194e-02 +1.1737e+00
3575 0 +3.718939377e+03 +3.789939377e+03 +3.789939377e+03 +1.8357e+00 -2.3776e+00 -2.1239e+00 -6.1944e-02 +1.1551e+00
3689 0 +2.672081979e+03 +2.743081979e+03 +2.743081979e+03 +1.9551e+00 -4.6626e+00 -2.3725e+00 +1.9810e+00 +1.4117e+00
3993 0 +2.151706604e+03 +2.222706604e+03 +2.222706604e+03 +1.9604e+00 -4.5581e+00 -2.3410e+00 +1.8766e+00 +1.3934e+00
% f evaluations | g evaluations | best noise-free fitness - Fopt (-6.702000000000e+01) + sum g_i+ | measured fitness | best measured fitness or single-digit g-values | x1 | x2...
1 0 +9.008831356e+07 +9.008824654e+07 +9.008824654e+07 -6.1255e-01 -1.8818e+00 +4.0912e+00 -2.6555e+00 +2.2512e+00
2 0 +6.552767904e+06 +6.552700884e+06 +6.552700884e+06 +2.2007e+00 -4.5256e-01 -3.5746e+00 -2.0210e+00 -2.0031e+00
135 0 +4.891716586e+06 +4.891649566e+06 +4.891649566e+06 +3.7360e+00 -2.4632e-01 -3.5273e+00 -3.3002e+00 -1.9117e+00
257 0 +2.949756664e+06 +2.949689644e+06 +2.949689644e+06 +2.7190e+00 +1.4238e-01 -2.8172e+00 -3.5098e+00 -3.3111e+00
453 0 +1.607102253e+06 +1.607035233e+06 +1.607035233e+06 +2.8677e+00 +3.5600e-01 -1.5546e+00 -3.3548e+00 -2.8625e+00
457 0 +9.008643974e+05 +9.007973774e+05 +9.007973774e+05 +5.0000e+00 +1.4238e-01 -2.8172e+00 -3.5098e+00 -3.3111e+00
771 0 +7.798676406e+05 +7.798006206e+05 +7.798006206e+05 -9.4059e-01 +1.6308e-01 -6.9055e-01 -1.0980e+00 -2.8262e+00
903 0 +6.838995612e+05 +6.838325412e+05 +6.838325412e+05 +5.0418e-01 +4.3185e-01 -1.1839e+00 -1.5525e+00 -2.8360e+00
925 0 +4.290274206e+05 +4.289604006e+05 +4.289604006e+05 +4.3314e+00 +7.0284e-01 -1.9418e+00 -2.3606e+00 -3.1724e+00
973 0 +1.599278929e+05 +1.598608729e+05 +1.598608729e+05 +2.7155e+00 +8.3938e-01 -1.5546e+00 -2.1132e+00 -3.0984e+00
1195 0 +1.391675703e+05 +1.391005503e+05 +1.391005503e+05 +5.0000e+00 +7.2433e-01 -2.5359e+00 -3.3328e+00 -3.2404e+00
1297 0 +9.089188224e+04 +9.082486224e+04 +9.082486224e+04 +2.8583e+00 +8.3017e-01 -1.6976e+00 -2.2973e+00 -2.8895e+00
1349 0 +8.047396358e+04 +8.040694358e+04 +8.040694358e+04 +5.0000e+00 +7.1852e-01 -2.4205e+00 -2.9090e+00 -3.1438e+00
1525 0 +5.824758764e+04 +5.818056764e+04 +5.818056764e+04 +5.0000e+00 +7.3400e-01 -2.5190e+00 -2.9982e+00 -3.3398e+00
1589 0 +2.685589656e+04 +2.678887656e+04 +2.678887656e+04 +5.0000e+00 +7.4181e-01 -2.5895e+00 -3.0232e+00 -3.1428e+00
1757 0 +2.016040675e+04 +2.009338675e+04 +2.009338675e+04 +3.6762e+00 +1.0786e+00 -2.0829e+00 -2.5189e+00 -3.1196e+00
1797 0 +1.620329434e+04 +1.613627434e+04 +1.613627434e+04 +3.6762e+00 +1.0786e+00 -2.1796e+00 -2.5189e+00 -3.0804e+00
1877 0 +9.734440845e+03 +9.667420845e+03 +9.667420845e+03 +3.6762e+00 +1.0786e+00 -2.1796e+00 -2.5189e+00 -2.9645e+00
2207 0 +8.062708092e+03 +7.995688092e+03 +7.995688092e+03 +4.3447e+00 +9.3474e-01 -2.2648e+00 -2.8313e+00 -3.1002e+00
2233 0 +7.863167412e+03 +7.796147412e+03 +7.796147412e+03 +3.7411e+00 +1.0807e+00 -2.1074e+00 -2.6843e+00 -3.0044e+00
2273 0 +7.341936183e+03 +7.274916183e+03 +7.274916183e+03 +3.7411e+00 +1.0446e+00 -2.1074e+00 -2.6843e+00 -3.0044e+00
2527 0 +4.829190849e+03 +4.762170849e+03 +4.762170849e+03 +4.1982e+00 +9.8190e-01 -2.2648e+00 -2.8098e+00 -3.1002e+00
2605 0 +2.395521740e+03 +2.328501740e+03 +2.328501740e+03 +4.0164e+00 +1.0062e+00 -2.2238e+00 -2.7425e+00 -3.0401e+00
2821 0 +1.069096853e+03 +1.002076853e+03 +1.002076853e+03 +3.5535e+00 +1.0694e+00 -2.0442e+00 -2.5510e+00 -2.9905e+00
3313 0 +8.414642645e+02 +7.744442645e+02 +7.744442645e+02 +3.7483e+00 +1.0518e+00 -2.1619e+00 -2.6042e+00 -3.0044e+00
3375 0 +7.224063431e+02 +6.553863431e+02 +6.553863431e+02 +2.9133e+00 +1.0834e+00 -1.8855e+00 -2.2902e+00 -2.9408e+00
