% f evaluations | g evaluations | best noise-free fitness - Fopt (2.997000000000e+01) + sum g_i+ | measured fitness | best measured fitness or single-digit g-values | x1 | x2...
1 0 +8.651486867e+02 +8.951186867e+02 +8.951186867e+02 +5.2979e-01 -2.0596e+00 +1.7140e+00
2 0 +3.772010842e+02 +4.071710842e+02 +4.071710842e+02 +3.9492e-01 +2.2263e+00 -4.1708e+00
4 0 +2.100875647e+02 +2.400575647e+02 +2.400575647e+02 +2.1020e+00 -2.5028e+00 -1.5686e+00
14 0 +2.058777018e+02 +2.358477018e+02 +2.358477018e+02 -8.6515e-01 +1.2865e+00 -4.8372e+00
23 0 +1.838390810e+01 +4.835390810e+01 +4.835390810e+01 +1.5012e+00 -2.6293e+00 -2.9249e+00
66 0 +1.797744667e+01 +4.794744667e+01 +4.794744667e+01 +1.2268e+00 -2.3812e+00 -3.0982e+00
85 0 +1.198083365e+01 +4.195083365e+01 +4.195083365e+01 +1.3409e+00 -2.3116e+00 -3.0974e+00
131 0 +4.831249426e+00 +3.480124943e+01 +3.480124943e+01 +1.2341e+00 -2.2142e+00 -3.2051e+00
139 0 +4.136845166e+00 +3.410684517e+01 +3.410684517e+01 +1.1550e+00 -2.1188e+00 -3.3127e+00
149 0 +2.135591030e+00 +3.210559103e+01 +3.210559103e+01 +9.3441e-01 -1.7983e+00 -3.5645e+00
167 0 +1.931985923e+00 +3.190198592e+01 +3.190198592e+01 +1.0812e+00 -1.9998e+00 -3.3979e+00
183 0 +7.068934177e-01 +3.067689342e+01 +3.067689342e+01 +9.4459e-01 -1.8053e+00 -3.5743e+00
211 0 +6.024307216e-01 +3.057243072e+01 +3.057243072e+01 +1.0185e+00 -1.9176e+00 -3.4730e+00
258 0 +5.039629311e-01 +3.047396293e+01 +3.047396293e+01 +8.4936e-01 -1.6618e+00 -3.6972e+00
259 0 +2.876574523e-01 +3.025765745e+01 +3.025765745e+01 +8.6434e-01 -1.6922e+00 -3.6724e+00
262 0 +1.331175674e-01 +3.010311757e+01 +3.010311757e+01 +9.0134e-01 -1.7447e+00 -3.6244e+00
286 0 +1.265253859e-01 +3.009652539e+01 +3.009652539e+01 +8.6558e-01 -1.6903e+00 -3.6735e+00
302 0 +1.255367765e-01 +3.009553678e+01 +3.009553678e+01 +9.0613e-01 -1.7513e+00 -3.6183e+00
312 0 +1.123209577e-01 +3.008232096e+01 +3.008232096e+01 +8.9258e-01 -1.7316e+00 -3.6360e+00
321 0 +7.558705709e-02 +3.004558706e+01 +3.004558706e+01 +8.6161e-01 -1.6846e+00 -3.6783e+00
326 0 +6.254566565e-02 +3.003254567e+01 +3.003254567e+01 +8.8155e-01 -1.7153e+00 -3.6511e+00
331 0 +5.342229622e-02 +3.002342230e+01 +3.002342230e+01 +8.6562e-01 -1.6914e+00 -3.6723e+00
344 0 +1.067726124e-02 +2.998067726e+01 +2.998067726e+01 +8.7959e-01 -1.7116e+00 -3.6541e+00
360 0 +7.866809375e-03 +2.997786681e+01 +2.997786681e+01 +8.8064e-01 -1.7132e+00 -3.6527e+00
379 0 +3.547645714e-03 +2.997354765e+01 +2.997354765e+01 +8.7650e-01 -1.7071e+00 -3.6581e+00
387 0 +1.709438237e-03 +2.997170944e+01 +2.997170944e+01 +8.8115e-01 -1.7140e+00 -3.6519e+00
418 0 +1.664185476e-03 +2.997166419e+01 +2.997166419e+01 +8.7894e-01 -1.7107e+00 -3.6548e+00
428 0 +8.033703325e-04 +2.997080337e+01 +2.997080337e+01 +8.7650e-01 -1.7071e+00 -3.6581e+00
457 0 +4.515800887e-04 +2.997045158e+01 +2.997045158e+01 +8.7789e-01 -1.7092e+00 -3.6562e+00
468 0 +2.883806482e-04 +2.997028838e+01 +2.997028838e+01 +8.7721e-01 -1.7082e+00 -3.6571e+00
509 0 +2.306474885e-04 +2.997023065e+01 +2.997023065e+01 +8.7731e-01 -1.7083e+00 -3.6570e+00
522 0 +1.893097070e-04 +2.997018931e+01 +2.997018931e+01 +8.7696e-01 -1.7078e+00 -3.6574e+00
545 0 +1.596195680e-04 +2.997015962e+01 +2.997015962e+01 +8.7553e-01 -1.7057e+00 -3.6593e+00
547 0 +1.338401561e-04 +2.997013384e+01 +2.997013384e+01 +8.7588e-01 -1.7062e+00 -3.6589e+00
553 0 +1.065034313e-04 +2.997010650e+01 +2.997010650e+01 +8.7519e-01 -1.7052e+00 -3.6598e+00
557 0 +6.081114095e-05 +2.997006081e+01 +2.997006081e+01 +8.7530e-01 -1.7053e+00 -3.6596e+00
570 0 +5.757521461e-05 +2.997005758e+01 +2.997005758e+01 +8.7558e-01 -1.7058e+00 -3.6592e+00
596 0 +4.043961292e-05 +2.997004044e+01 +2.997004044e+01 +8.7478e-01 -1.7046e+00 -3.6603e+00
608 0 +3.454033952e-05 +2.997003454e+01 +2.997003454e+01 +8.7378e-01 -1.7031e+00 -3.6616e+00
615 0 +2.502471932e-05 +2.997002502e+01 +2.997002502e+01 +8.7463e-01 -1.7043e+00 -3.6605e+00
625 0 +1.597110776e-05 +2.997001597e+01 +2.997001597e+01 +8.7433e-01 -1.7039e+00 -3.6609e+00
629 0 +1.478661848e-05 +2.997001479e+01 +2.997001479e+01 +8.7458e-01 -1.7043e+00 -3.6606e+00
630 0 +1.307914953e-05 +2.997001308e+01 +2.997001308e+01 +8.7434e-01 -1.7039e+00 -3.6609e+00
636 0 +1.282675498e-05 +2.997001283e+01 +2.997001283e+01 +8.7403e-01 -1.7034e+00 -3.6613e+00
638 0 +6.441493301e-06 +2.997000644e+01 +2.997000644e+01 +8.7415e-01 -1.7036e+00 -3.6611e+00
650 0 +6.044876624e-06 +2.997000604e+01 +2.997000604e+01 +8.7430e-01 -1.7038e+00 -3.6609e+00
663 0 +5.500312970e-06 +2.997000550e+01 +2.997000550e+01 +8.7422e-01 -1.7037e+00 -3.6610e+00
666 0 +1.483843775e-06 +2.997000148e+01 +2.997000148e+01 +8.7434e-01 -1.7039e+00 -3.6609e+00
679 0 +9.357623902e-07 +2.997000094e+01 +2.997000094e+01 +8.7442e-01 -1.7040e+00 -3.6608e+00
681 0 +3.997777753e-07 +2.997000040e+01 +2.997000040e+01 +8.7446e-01 -1.7041e+00 -3.6607e+00
715 0 +3.384261618e-07 +2.997000034e+01 +2.997000034e+01 +8.7434e-01 -1.7039e+00 -3.6609e+00
744 0 +1.402833050e-07 +2.997000014e+01 +2.997000014e+01 +8.7440e-01 -1.7040e+00 -3.6608e+00
769 0 +4.237018558e-08 +2.997000004e+01 +2.997000004e+01 +8.7439e-01 -1.7040e+00 -3.6608e+00
811 0 +3.324152331e-08 +2.997000003e+01 +2.997000003e+01 +8.7439e-01 -1.7040e+00 -3.6608e+00
830 0 +2.429064239e-08 +2.997000002e+01 +2.997000002e+01 +8.7439e-01 -1.7040e+00 -3.6608e+00
840 0 +1.152746520e-08 +2.997000001e+01 +2.997000001e+01 +8.7439e-01 -1.7040e+00 -3.6608e+00
850 0 +1.437740593e-09 +2.997000000e+01 +2.997000000e+01 +8.7439e-01 -1.7040e+00 -3.6608e+00
% f evaluations | g evaluations | best noise-free fitness - Fopt (-5.171000000000e+01) + sum g_i+ | measured fitness | best measured fitness or single-digit g-values | x1 | x2...
1 0 +7.856916677e+02 +7.339816677e+02 +7.339816677e+02 +2.3515e+00 +3.1252e+00 +4.2977e-01
5 0 +7.105050649e+02 +6.587950649e+02 +6.587950649e+02 +1.4006e-01 +1.5740e+00 +6.2733e-02
8 0 +6.308414138e+02 +5.791314138e+02 +5.791314138e+02 +2.7605e+00 +4.9147e+00 -2.1982e+00
15 0 +2.612744311e+02 +2.095644311e+02 +2.095644311e+02 +1.0450e+00 +4.5878e+00 -5.0236e+00
33 0 +8.761373918e+01 +3.590373918e+01 +3.590373918e+01 +1.7814e+00 +3.8116e+00 -3.3809e+00
101 0 +7.844447320e+01 +2.673447320e+01 +2.673447320e+01 +3.7310e+00 +2.3020e+00 -3.1914e+00
103 0 +6.967642024e+01 +1.796642024e+01 +1.796642024e+01 +4.8826e+00 +1.8273e+00 -3.0165e+00
112 0 +6.000374795e+01 +8.293747947e+00 +8.293747947e+00 +5.0986e+00 +1.9030e+00 -3.2282e+00
116 0 +5.120996526e+01 -5.000347361e-01 -5.000347361e-01 +6.9351e+00 +1.1367e+00 -2.9412e+00
214 0 +2.105890429e+01 -3.065109571e+01 -3.065109571e+01 +1.2226e+00 +3.7015e+00 -3.5434e+00
% f evaluations | g evaluations | best noise-free fitness - Fopt (-2.799500000000e+02) + sum g_i+ | measured fitness | best measured fitness or single-digit g-values | x1 | x2...
1 0 +2.156918769e+03 +1.876968769e+03 +1.876968769e+03 +1.1867e+00 +2.2370e+00 +9.8224e-01
2 0 +2.038756295e+03 +1.758806295e+03 +1.758806295e+03 +6.6608e-01 -7.6479e-02 -1.9156e+00
3 0 +1.080733122e+03 +8.007831222e+02 +8.007831222e+02 -7.4323e-01 -7.3349e-01 +2.4303e+00
4 0 +5.830354639e+02 +3.030854639e+02 +3.030854639e+02 -2.3299e+00 -2.1064e+00 +2.9136e+00
10 0 +1.407464164e+02 -1.392035836e+02 -1.392035836e+02 -2.3777e+00 -4.2390e+00 +3.5517e+00
130 0 +6.633343551e+01 -2.136165645e+02 -2.136165645e+02 -1.4079e+00 -5.5758e+00 +1.3633e+00
152 0 +5.585363887e+01 -2.240963611e+02 -2.240963611e+02 -2.0731e+00 -5.4579e+00 +1.6420e+00
% f evaluations | g evaluations | best noise-free fitness - Fopt (9.319900000000e+02) + sum g_i+ | measured fitness | best measured fitness or single-digit g-values | x1 | x2...
1 0 +6.568805190e+02 +1.588870519e+03 +1.588870519e+03 -1.3215e+00 +1.6293e+00 +2.5145e+00
3 0 +6.199169852e+02 +1.551906985e+03 +1.551906985e+03 -7.3895e-02 +2.8552e+00 +7.1779e-02
4 0 +1.823613154e+02 +1.114351315e+03 +1.114351315e+03 +5.9848e-01 +1.3799e-01 +4.7598e+00
28 0 +1.272161778e+02 +1.059206178e+03 +1.059206178e+03 +1.7412e+00 +5.1301e-01 +3.2556e+00
42 0 +8.474194298e+01 +1.016731943e+03 +1.016731943e+03 +3.0480e-01 -1.6523e+00 +3.9825e+00
69 0 +7.440464836e+01 +1.006394648e+03 +1.006394648e+03 +2.1135e-01 -1.5943e+00 +3.8979e+00
89 0 +6.810223500e+01 +1.000092235e+03 +1.000092235e+03 +3.6846e-01 -1.6267e+00 +3.6246e+00
92 0 +5.175007925e+01 +9.837400793e+02 +9.837400793e+02 +4.5290e-01 -1.3454e+00 +3.6010e+00
95 0 +3.757323093e+01 +9.695632309e+02 +9.695632309e+02 +5.6925e-01 -8.7549e-01 +3.2765e+00
107 0 +3.041823709e+01 +9.624082371e+02 +9.624082371e+02 +8.8526e-01 +9.8741e-02 +3.2372e+00
108 0 +1.461520723e+01 +9.466052072e+02 +9.466052072e+02 +1.2029e+00 +5.2260e-01 +2.8923e+00
164 0 +1.049178763e+01 +9.424817876e+02 +9.424817876e+02 +1.1598e+00 +5.4946e-01 +3.0930e+00
180 0 +4.537250088e+00 +9.365272501e+02 +9.365272501e+02 +1.3565e+00 +9.2473e-01 +2.8710e+00
201 0 +1.805632210e+00 +9.337956322e+02 +9.337956322e+02 +1.4325e+00 +1.1000e+00 +2.8523e+00
227 0 +1.442270832e+00 +9.334322708e+02 +9.334322708e+02 +1.4162e+00 +1.0636e+00 +2.8899e+00
230 0 +4.447755721e-01 +9.324347756e+02 +9.324347756e+02 +1.2915e+00 +7.7240e-01 +2.9649e+00
309 0 +3.490612612e-01 +9.323390613e+02 +9.323390613e+02 +1.2634e+00 +7.0637e-01 +2.9807e+00
330 0 +2.727319678e-01 +9.322627320e+02 +9.322627320e+02 +1.3137e+00 +8.2698e-01 +2.9438e+00
337 0 +1.569753325e-01 +9.321469753e+02 +9.321469753e+02 +1.3177e+00 +8.3420e-01 +2.9423e+00
350 0 +7.548162659e-02 +9.320654816e+02 +9.320654816e+02 +1.3053e+00 +8.0620e-01 +2.9517e+00
380 0 +4.292031589e-02 +9.320329203e+02 +9.320329203e+02 +1.3312e+00 +8.6603e-01 +2.9343e+00
421 0 +3.482494560e-02 +9.320248249e+02 +9.320248249e+02 +1.3221e+00 +8.4516e-01 +2.9403e+00
435 0 +2.369761379e-02 +9.320136976e+02 +9.320136976e+02 +1.3241e+00 +8.4951e-01 +2.9392e+00
442 0 +2.207168635e-02 +9.320120717e+02 +9.320120717e+02 +1.3253e+00 +8.5236e-01 +2.9385e+00
456 0 +1.050662587e-02 +9.320005066e+02 +9.320005066e+02 +1.3239e+00 +8.4935e-01 +2.9393e+00
467 0 +5.228587735e-03 +9.319952286e+02 +9.319952286e+02 +1.3285e+00 +8.6000e-01 +2.9363e+00
489 0 +4.113056943e-03 +9.319941131e+02 +9.319941131e+02 +1.3304e+00 +8.6459e-01 +2.9350e+00
509 0 +9.040514934e-04 +9.319909041e+02 +9.319909041e+02 +1.3368e+00 +8.7951e-01 +2.9307e+00
575 0 +7.372326567e-04 +9.319907372e+02 +9.319907372e+02 +1.3349e+00 +8.7497e-01 +2.9320e+00
585 0 +6.531268434e-04 +9.319906531e+02 +9.319906531e+02 +1.3368e+00 +8.7943e-01 +2.9307e+00
605 0 +3.676372195e-04 +9.319903676e+02 +9.319903676e+02 +1.3368e+00 +8.7956e-01 +2.9306e+00
620 0 +3.457734614e-04 +9.319903458e+02 +9.319903458e+02 +1.3363e+00 +8.7825e-01 +2.9310e+00
622 0 +5.115553279e-05 +9.319900512e+02 +9.319900512e+02 +1.3376e+00 +8.8141e-01 +2.9301e+00
684 0 +5.006387107e-05 +9.319900501e+02 +9.319900501e+02 +1.3380e+00 +8.8216e-01 +2.9299e+00
694 0 +3.833215726e-05 +9.319900383e+02 +9.319900383e+02 +1.3381e+00 +8.8259e-01 +2.9298e+00
700 0 +2.369474657e-05 +9.319900237e+02 +9.319900237e+02 +1.3380e+00 +8.8233e-01 +2.9299e+00
721 0 +1.384658628e-05 +9.319900138e+02 +9.319900138e+02 +1.3381e+00 +8.8243e-01 +2.9298e+00
724 0 +9.840610460e-06 +9.319900098e+02 +9.319900098e+02 +1.3381e+00 +8.8244e-01 +2.9298e+00
734 0 +7.114593700e-06 +9.319900071e+02 +9.319900071e+02 +1.3381e+00 +8.8247e-01 +2.9298e+00
757 0 +6.750062425e-06 +9.319900068e+02 +9.319900068e+02 +1.3381e+00 +8.8243e-01 +2.9298e+00
764 0 +5.635525781e-06 +9.319900056e+02 +9.319900056e+02 +1.3381e+00 +8.8248e-01 +2.9298e+00
791 0 +4.752694167e-06 +9.319900048e+02 +9.319900048e+02 +1.3381e+00 +8.8250e-01 +2.9298e+00
797 0 +4.158252864e-06 +9.319900042e+02 +9.319900042e+02 +1.3381e+00 +8.8245e-01 +2.9298e+00
831 0 +3.334067969e-06 +9.319900033e+02 +9.319900033e+02 +1.3382e+00 +8.8263e-01 +2.9298e+00
835 0 +3.070381922e-06 +9.319900031e+02 +9.319900031e+02 +1.3382e+00 +8.8265e-01 +2.9298e+00
839 0 +2.142684252e-06 +9.319900021e+02 +9.319900021e+02 +1.3382e+00 +8.8270e-01 +2.9297e+00
856 0 +1.552468916e-06 +9.319900016e+02 +9.319900016e+02 +1.3382e+00 +8.8278e-01 +2.9297e+00
860 0 +1.539394020e-06 +9.319900015e+02 +9.319900015e+02 +1.3382e+00 +8.8283e-01 +2.9297e+00
879 0 +1.117273996e-06 +9.319900011e+02 +9.319900011e+02 +1.3383e+00 +8.8296e-01 +2.9297e+00
887 0 +4.749226719e-07 +9.319900005e+02 +9.319900005e+02 +1.3383e+00 +8.8305e-01 +2.9296e+00
913 0 +2.789005293e-07 +9.319900003e+02 +9.319900003e+02 +1.3384e+00 +8.8308e-01 +2.9296e+00
972 0 +2.386990445e-07 +9.319900002e+02 +9.319900002e+02 +1.3383e+00 +8.8308e-01 +2.9296e+00
983 0 +1.616011787e-07 +9.319900002e+02 +9.319900002e+02 +1.3384e+00 +8.8321e-01 +2.9296e+00
987 0 +7.404275948e-08 +9.319900001e+02 +9.319900001e+02 +1.3384e+00 +8.8317e-01 +2.9296e+00
1020 0 +5.775837053e-08 +9.319900001e+02 +9.319900001e+02 +1.3384e+00 +8.8320e-01 +2.9296e+00
1027 0 +1.580747266e-08 +9.319900000e+02 +9.319900000e+02 +1.3384e+00 +8.8321e-01 +2.9296e+00
1087 0 +7.862240636e-09 +9.319900000e+02 +9.319900000e+02 +1.3384e+00 +8.8323e-01 +2.9296e+00
% f evaluations | g evaluations | best noise-free fitness - Fopt (1.133100000000e+02) + sum g_i+ | measured fitness | best measured fitness or single-digit g-values | x1 | x2...
1 0 +1.591002727e+03 +1.704312727e+03 +1.704312727e+03 -3.5434e+00 -2.4582e+00 -3.6342e-01
2 0 +1.119405774e+03 +1.232715774e+03 +1.232715774e+03 -3.5436e+00 +2.3384e+00 +8.4784e-01
3 0 +9.002008092e+02 +1.013510809e+03 +1.013510809e+03 +1.8764e+00 +6.1147e-01 -4.3833e+00
4 0 +5.247839600e+02 +6.380939600e+02 +6.380939600e+02 +2.2882e+00 +3.3635e-01 -1.5157e+00
7 0 +4.237056243e+02 +5.370156243e+02 +5.370156243e+02 +3.8511e+00 +4.1054e+00 +9.4559e-01
9 0 +1.381247129e+02 +2.514347129e+02 +2.514347129e+02 +2.3300e+00 +2.7960e+00 +1.8451e+00
36 0 +1.345300944e+02 +2.478400944e+02 +2.478400944e+02 +2.1474e+00 +3.7658e+00 +1.1753e+00
39 0 +5.708551571e+01 +1.703955157e+02 +1.703955157e+02 +2.4113e+00 +3.4875e+00 +3.4159e-01
64 0 +3.545369238e+01 +1.487636924e+02 +1.487636924e+02 +1.9280e+00 +2.3659e+00 +1.4504e+00
85 0 +1.795868283e+01 +1.312686828e+02 +1.312686828e+02 +2.0254e+00 +2.5558e+00 +1.2247e+00
114 0 +1.521645060e+01 +1.285264506e+02 +1.285264506e+02 +2.0230e+00 +2.8270e+00 +1.0492e+00
131 0 +1.168277076e+01 +1.249927708e+02 +1.249927708e+02 +2.1019e+00 +2.5031e+00 +1.3191e+00
160 0 +6.507750200e+00 +1.198177502e+02 +1.198177502e+02 +2.0839e+00 +2.9663e+00 +8.0683e-01
176 0 +4.531264899e+00 +1.178412649e+02 +1.178412649e+02 +2.1161e+00 +2.8928e+00 +8.2936e-01
191 0 +1.820701432e+00 +1.151307014e+02 +1.151307014e+02 +2.1264e+00 +2.8962e+00 +8.4676e-01
203 0 +1.752684485e+00 +1.150626845e+02 +1.150626845e+02 +2.1177e+00 +2.8977e+00 +8.4899e-01
213 0 +1.602419776e+00 +1.149124198e+02 +1.149124198e+02 +2.1176e+00 +2.9400e+00 +8.1880e-01
230 0 +1.305687319e+00 +1.146156873e+02 +1.146156873e+02 +2.1323e+00 +2.9964e+00 +7.4206e-01
253 0 +1.080846279e+00 +1.143908463e+02 +1.143908463e+02 +2.1404e+00 +3.1352e+00 +5.8895e-01
272 0 +8.746071280e-01 +1.141846071e+02 +1.141846071e+02 +2.1252e+00 +3.0600e+00 +6.8089e-01
282 0 +5.666365850e-01 +1.138766366e+02 +1.138766366e+02 +2.1384e+00 +3.1799e+00 +5.5435e-01
289 0 +2.789035454e-01 +1.135889035e+02 +1.135889035e+02 +2.1299e+00 +3.0940e+00 +6.4453e-01
308 0 +1.140276886e-01 +1.134240277e+02 +1.134240277e+02 +2.1357e+00 +3.1857e+00 +5.4784e-01
334 0 +4.849885947e-02 +1.133584989e+02 +1.133584989e+02 +2.1358e+00 +3.1771e+00 +5.5629e-01
338 0 +2.979854030e-02 +1.133397985e+02 +1.133397985e+02 +2.1358e+00 +3.1741e+00 +5.5903e-01
373 0 +1.506187093e-02 +1.133250619e+02 +1.133250619e+02 +2.1359e+00 +3.1768e+00 +5.5597e-01
385 0 +9.778753530e-04 +1.133109779e+02 +1.133109779e+02 +2.1355e+00 +3.1716e+00 +5.6163e-01
478 0 +8.655644923e-04 +1.133108656e+02 +1.133108656e+02 +2.1354e+00 +3.1701e+00 +5.6318e-01
495 0 +8.304747370e-04 +1.133108305e+02 +1.133108305e+02 +2.1355e+00 +3.1713e+00 +5.6189e-01
499 0 +6.151405416e-04 +1.133106151e+02 +1.133106151e+02 +2.1355e+00 +3.1704e+00 +5.6293e-01
515 0 +4.229646263e-04 +1.133104230e+02 +1.133104230e+02 +2.1354e+00 +3.1697e+00 +5.6359e-01
520 0 +3.687698494e-04 +1.133103688e+02 +1.133103688e+02 +2.1355e+00 +3.1702e+00 +5.6311e-01
522 0 +2.689454062e-04 +1.133102689e+02 +1.133102689e+02 +2.1354e+00 +3.1694e+00 +5.6396e-01
534 0 +2.471472874e-04 +1.133102471e+02 +1.133102471e+02 +2.1354e+00 +3.1697e+00 +5.6367e-01
549 0 +2.453243179e-04 +1.133102453e+02 +1.133102453e+02 +2.1354e+00 +3.1696e+00 +5.6374e-01
562 0 +2.310596714e-04 +1.133102311e+02 +1.133102311e+02 +2.1354e+00 +3.1697e+00 +5.6369e-01
570 0 +2.106511384e-04 +1.133102107e+02 +1.133102107e+02 +2.1354e+00 +3.1695e+00 +5.6380e-01
600 0 +2.083829556e-04 +1.133102084e+02 +1.133102084e+02 +2.1354e+00 +3.1692e+00 +5.6412e-01
604 0 +1.813287988e-04 +1.133101813e+02 +1.133101813e+02 +2.1354e+00 +3.1692e+00 +5.6412e-01
609 0 +1.773731587e-04 +1.133101774e+02 +1.133101774e+02 +2.1354e+00 +3.1691e+00 +5.6425e-01
611 0 +1.669473537e-04 +1.133101669e+02 +1.133101669e+02 +2.1354e+00 +3.1687e+00 +5.6469e-01
625 0 +1.351498013e-04 +1.133101351e+02 +1.133101351e+02 +2.1354e+00 +3.1687e+00 +5.6470e-01
627 0 +1.216839573e-04 +1.133101217e+02 +1.133101217e+02 +2.1353e+00 +3.1683e+00 +5.6514e-01
650 0 +1.152067694e-04 +1.133101152e+02 +1.133101152e+02 +2.1354e+00 +3.1685e+00 +5.6493e-01
665 0 +1.010991894e-04 +1.133101011e+02 +1.133101011e+02 +2.1353e+00 +3.1681e+00 +5.6532e-01
673 0 +9.432121963e-05 +1.133100943e+02 +1.133100943e+02 +2.1353e+00 +3.1677e+00 +5.6581e-01
675 0 +8.667308936e-05 +1.133100867e+02 +1.133100867e+02 +2.1353e+00 +3.1681e+00 +5.6536e-01
677 0 +7.990336950e-05 +1.133100799e+02 +1.133100799e+02 +2.1353e+00 +3.1678e+00 +5.6566e-01
682 0 +5.910515230e-05 +1.133100591e+02 +1.133100591e+02 +2.1353e+00 +3.1674e+00 +5.6611e-01
694 0 +3.148425100e-05 +1.133100315e+02 +1.133100315e+02 +2.1353e+00 +3.1670e+00 +5.6653e-01
708 0 +4.948963479e-06 +1.133100049e+02 +1.133100049e+02 +2.1352e+00 +3.1651e+00 +5.6856e-01
814 0 +3.119807246e-06 +1.133100031e+02 +1.133100031e+02 +2.1352e+00 +3.1661e+00 +5.6751e-01
845 0 +2.789596792e-06 +1.133100028e+02 +1.133100028e+02 +2.1352e+00 +3.1659e+00 +5.6765e-01
852 0 +1.584125215e-06 +1.133100016e+02 +1.133100016e+02 +2.1352e+00 +3.1658e+00 +5.6774e-01
861 0 +1.074920377e-06 +1.133100011e+02 +1.133100011e+02 +2.1352e+00 +3.1658e+00 +5.6783e-01
895 0 +9.391082045e-07 +1.133100009e+02 +1.133100009e+02 +2.1352e+00 +3.1658e+00 +5.6784e-01
901 0 +5.060722117e-07 +1.133100005e+02 +1.133100005e+02 +2.1352e+00 +3.1658e+00 +5.6783e-01
924 0 +2.475436531e-07 +1.133100002e+02 +1.133100002e+02 +2.1352e+00 +3.1657e+00 +5.6789e-01
935 0 +2.090263962e-07 +1.133100002e+02 +1.133100002e+02 +2.1352e+00 +3.1656e+00 +5.6798e-01
942 0 +1.771373803e-07 +1.133100002e+02 +1.133100002e+02 +2.1352e+00 +3.1656e+00 +5.6801e-01
962 0 +1.636808520e-07 +1.133100002e+02 +1.133100002e+02 +2.1352e+00 +3.1656e+00 +5.6804e-01
970 0 +1.064288853e-07 +1.133100001e+02 +1.133100001e+02 +2.1352e+00 +3.1656e+00 +5.6795e-01
974 0 +8.321542566e-08 +1.133100001e+02 +1.133100001e+02 +2.1352e+00 +3.1656e+00 +5.6798e-01
996 0 +7.738100294e-08 +1.133100001e+02 +1.133100001e+02 +2.1352e+00 +3.1656e+00 +5.6798e-01
1006 0 +5.925421931e-08 +1.133100001e+02 +1.133100001e+02 +2.1352e+00 +3.1656e+00 +5.6797e-01
1010 0 +4.703271372e-08 +1.133100000e+02 +1.133100000e+02 +2.1352e+00 +3.1656e+00 +5.6802e-01
1014 0 +3.309465058e-08 +1.133100000e+02 +1.133100000e+02 +2.1352e+00 +3.1656e+00 +5.6800e-01
1032 0 +2.954492118e-08 +1.133100000e+02 +1.133100000e+02 +2.1352e+00 +3.1656e+00 +5.6798e-01
1050 0 +2.945999711e-08 +1.133100000e+02 +1.133100000e+02 +2.1352e+00 +3.1656e+00 +5.6798e-01
1052 0 +2.869074933e-08 +1.133100000e+02 +1.133100000e+02 +2.1352e+00 +3.1656e+00 +5.6798e-01
1056 0 +1.068482902e-08 +1.133100000e+02 +1.133100000e+02 +2.1352e+00 +3.1656e+00 +5.6799e-01
1084 0 +1.033735941e-08 +1.133100000e+02 +1.133100000e+02 +2.1352e+00 +3.1656e+00 +5.6799e-01
1087 0 +6.283556786e-09 +1.133100000e+02 +1.133100000e+02 +2.1352e+00 +3.1656e+00 +5.6800e-01
% f evaluations | g evaluations | best noise-free fitness - Fopt (-1.562000000000e+01) + sum g_i+ | measured fitness | best measured fitness or single-digit g-values | x1 | x2...
1 0 +1.832236504e+03 +1.816616504e+03 +1.816616504e+03 +3.9921e+00 +3.7366e+00 -1.0697e+00
2 0 +7.120743684e+02 +6.964543684e+02 +6.964543684e+02 -2.6366e+00 +3.7739e-01 -2.5484e+00
5 0 +3.890954812e+02 +3.734754812e+02 +3.734754812e+02 -1.6834e+00 +1.9859e+00 -4.8798e-01
6 0 +2.075725963e+02 +1.919525963e+02 +1.919525963e+02 +1.2730e+00 -3.3649e+00 -1.5165e-01
28 0 +1.020127736e+02 +8.639277361e+01 +8.639277361e+01 +1.8814e+00 -3.1870e+00 +1.3318e-01
45 0 +5.663728725e+01 +4.101728725e+01 +4.101728725e+01 +1.7302e+00 -2.2364e+00 +1.0444e+00
56 0 +4.671517777e+01 +3.109517777e+01 +3.109517777e+01 +2.3951e+00 -3.8863e+00 +8.8954e-01
63 0 +3.593808551e+01 +2.031808551e+01 +2.031808551e+01 +2.1348e+00 -3.2066e+00 +1.0663e+00
71 0 +2.866395237e+01 +1.304395237e+01 +1.304395237e+01 +1.9466e+00 -3.0788e+00 +1.0031e+00
79 0 +2.596895979e+01 +1.034895979e+01 +1.034895979e+01 +1.4046e+00 -2.1785e+00 +9.1300e-01
84 0 +2.270597406e+01 +7.085974063e+00 +7.085974063e+00 +1.8587e+00 -2.8546e+00 +7.8226e-01
93 0 +5.622899397e+00 -9.997100603e+00 -9.997100603e+00 +1.6267e+00 -2.4588e+00 +9.7958e-01
99 0 +3.429502817e+00 -1.219049718e+01 -1.219049718e+01 +1.6613e+00 -2.5128e+00 +9.8188e-01
% f evaluations | g evaluations | best noise-free fitness - Fopt (-7.368000000000e+01) + sum g_i+ | measured fitness | best measured fitness or single-digit g-values | x1 | x2...
1 0 +6.878169711e+02 +6.141369711e+02 +6.141369711e+02 -3.0109e-01 +2.3250e-02 -2.0090e+00
2 0 +4.996399979e+02 +4.259599979e+02 +4.259599979e+02 -2.6173e-01 -3.0744e+00 +1.4271e+00
6 0 +4.562497329e+02 +3.825697329e+02 +3.825697329e+02 +1.8954e+00 -1.3126e+00 -2.8780e+00
9 0 +3.053167245e+02 +2.316367245e+02 +2.316367245e+02 +2.1680e+00 -1.2469e+00 -1.8917e+00
31 0 +3.016713983e+02 +2.279913983e+02 +2.279913983e+02 +1.7196e+00 -9.5180e-01 -1.5945e+00
34 0 +1.610837661e+02 +8.740376608e+01 +8.740376608e+01 +3.3161e+00 -7.9905e-01 -2.0182e+00
45 0 +1.548074433e+02 +8.112744335e+01 +8.112744335e+01 +3.0851e+00 -1.0655e+00 -1.1535e+00
50 0 +1.477785127e+02 +7.409851268e+01 +7.409851268e+01 +2.7537e+00 -7.6652e-01 -1.4222e+00
52 0 +1.415402168e+02 +6.786021675e+01 +6.786021675e+01 +3.2573e+00 -5.3603e-01 -1.3578e+00
61 0 +1.234712684e+02 +4.979126838e+01 +4.979126838e+01 +3.0984e+00 -6.3234e-01 -9.7848e-01
68 0 +1.137447172e+02 +4.006471719e+01 +4.006471719e+01 +3.4119e+00 -6.7953e-01 -1.7361e+00
77 0 +1.118185893e+02 +3.813858926e+01 +3.813858926e+01 +2.7101e+00 -6.8190e-01 -9.8282e-01
78 0 +1.069422332e+02 +3.326223319e+01 +3.326223319e+01 +2.8955e+00 -7.0200e-01 -1.2093e+00
83 0 +1.038743337e+02 +3.019433374e+01 +3.019433374e+01 +3.2118e+00 -6.8212e-01 -1.4019e+00
93 0 +9.107052363e+01 +1.739052363e+01 +1.739052363e+01 +2.7460e+00 -8.7672e-01 -7.4553e-01
94 0 +7.132046414e+01 -2.359535863e+00 -2.359535863e+00 +2.5040e+00 -8.6021e-01 -4.5567e-01
95 0 +6.615247206e+01 -7.527527941e+00 -7.527527941e+00 +2.3094e+00 -9.4050e-01 -1.9161e-02
128 0 +6.289113486e+01 -1.078886514e+01 -1.078886514e+01 +2.1392e+00 -9.7591e-01 +1.3183e-01
198 0 +6.036639093e+01 -1.331360907e+01 -1.331360907e+01 +4.0373e-02 -1.4227e+00 +2.8283e+00
355 0 +5.643543166e+01 -1.724456834e+01 -1.724456834e+01 +2.2341e+00 -9.1432e-01 +7.7210e-02
% f evaluations | g evaluations | best noise-free fitness - Fopt (-9.632000000000e+01) + sum g_i+ | measured fitness | best measured fitness or single-digit g-values | x1 | x2...
1 0 +6.144440107e+02 +5.181240107e+02 +5.181240107e+02 +1.0964e+00 -2.2877e+00 +2.8734e-01
3 0 +4.421884360e+02 +3.458684360e+02 +3.458684360e+02 -1.5858e+00 -7.8706e-01 +1.9991e+00
15 0 +1.485575584e+02 +5.223755842e+01 +5.223755842e+01 -9.7408e-01 +9.1164e-02 +4.5802e+00
29 0 +6.350089841e+01 -3.281910159e+01 -3.281910159e+01 -8.8045e-01 +6.2768e-01 +3.7333e+00
36 0 +3.654422424e+01 -5.977577576e+01 -5.977577576e+01 -9.1365e-01 +5.0877e-01 +3.5897e+00
78 0 +1.289068807e+01 -8.342931193e+01 -8.342931193e+01 -1.7364e-01 +1.8841e-01 +2.8452e+00
% f evaluations | g evaluations | best noise-free fitness - Fopt (-3.080300000000e+02) + sum g_i+ | measured fitness | best measured fitness or single-digit g-values | x1 | x2...
1 0 +1.949967429e+02 -1.130332571e+02 -1.130332571e+02 -6.4495e-01 +1.0992e+00 +3.6782e+00
3 0 +6.203830732e+01 -2.459916927e+02 -2.459916927e+02 +4.3584e-03 +2.6861e+00 -8.1309e-01
8 0 +3.908677720e+01 -2.689432228e+02 -2.689432228e+02 -2.6867e-01 +2.0739e+00 +5.0647e-01
% f evaluations | g evaluations | best noise-free fitness - Fopt (1.746100000000e+02) + sum g_i+ | measured fitness | best measured fitness or single-digit g-values | x1 | x2...
1 0 +1.025259648e+03 +1.199869648e+03 +1.199869648e+03 +2.0193e+00 +3.3364e+00 +3.0504e+00
2 0 +7.102850095e+02 +8.848950095e+02 +8.848950095e+02 +7.9690e-01 +3.1591e+00 -3.3851e-01
3 0 +2.736910022e+02 +4.483010022e+02 +4.483010022e+02 -3.5086e-01 +3.5919e-01 -1.2368e+00
7 0 +1.623820658e+02 +3.369920658e+02 +3.369920658e+02 +1.9567e+00 -6.7746e-01 -1.5249e+00
19 0 +1.490524991e+02 +3.236624991e+02 +3.236624991e+02 +2.7517e+00 -1.1449e-01 -2.1813e+00
22 0 +1.467412414e+02 +3.213512414e+02 +3.213512414e+02 +2.8032e+00 +2.8818e-01 -1.3936e+00
32 0 +9.803968952e+01 +2.726496895e+02 +2.726496895e+02 +1.3429e+00 -5.0454e-01 -1.8348e+00
35 0 +6.137973399e+01 +2.359897340e+02 +2.359897340e+02 +1.5708e+00 +5.0044e-02 -2.7080e+00
42 0 +5.082831723e+01 +2.254383172e+02 +2.254383172e+02 +1.2158e+00 -2.7003e-01 -2.2264e+00
60 0 +2.297032919e+01 +1.975803292e+02 +1.975803292e+02 +1.0640e+00 -1.1338e-01 -2.2953e+00
65 0 +1.289473449e+01 +1.875047345e+02 +1.875047345e+02 +5.2863e-01 -2.1480e-01 -2.5739e+00
113 0 +8.603955366e+00 +1.832139554e+02 +1.832139554e+02 +2.8347e-01 -3.4716e-01 -2.4547e+00
120 0 +7.596737523e+00 +1.822067375e+02 +1.822067375e+02 +4.1626e-01 -2.6567e-01 -2.4217e+00
127 0 +5.691512021e+00 +1.803015120e+02 +1.803015120e+02 +2.2573e-01 -2.8075e-01 -2.4910e+00
128 0 +3.325799792e+00 +1.779357998e+02 +1.779357998e+02 +4.8928e-01 -2.0272e-01 -2.5099e+00
139 0 +1.538024543e+00 +1.761480245e+02 +1.761480245e+02 +2.4955e-01 -3.1080e-01 -2.4977e+00
216 0 +1.490244458e+00 +1.761002445e+02 +1.761002445e+02 +3.3728e-01 -2.8036e-01 -2.4931e+00
243 0 +1.393860551e+00 +1.760038606e+02 +1.760038606e+02 +2.6784e-01 -3.0362e-01 -2.4859e+00
246 0 +8.108326732e-01 +1.754208327e+02 +1.754208327e+02 +3.0885e-01 -2.8579e-01 -2.4872e+00
253 0 +6.118781015e-01 +1.752218781e+02 +1.752218781e+02 +3.7257e-01 -2.6244e-01 -2.4852e+00
256 0 +4.732138107e-01 +1.750832138e+02 +1.750832138e+02 +4.1349e-01 -2.4808e-01 -2.4858e+00
257 0 +1.734482781e-01 +1.747834483e+02 +1.747834483e+02 +3.9387e-01 -2.5303e-01 -2.4880e+00
278 0 +1.145797471e-01 +1.747245797e+02 +1.747245797e+02 +4.1592e-01 -2.4436e-01 -2.4872e+00
295 0 +7.079943935e-02 +1.746807994e+02 +1.746807994e+02 +3.3521e-01 -2.7290e-01 -2.4916e+00
338 0 +6.207200683e-02 +1.746720720e+02 +1.746720720e+02 +3.2045e-01 -2.7781e-01 -2.4926e+00
344 0 +3.699128385e-02 +1.746469913e+02 +1.746469913e+02 +3.5508e-01 -2.6587e-01 -2.4909e+00
349 0 +2.519643923e-02 +1.746351964e+02 +1.746351964e+02 +3.2441e-01 -2.7638e-01 -2.4927e+00
370 0 +2.425741926e-02 +1.746342574e+02 +1.746342574e+02 +3.5547e-01 -2.6556e-01 -2.4909e+00
376 0 +1.394350787e-02 +1.746239435e+02 +1.746239435e+02 +3.4458e-01 -2.6928e-01 -2.4917e+00
386 0 +1.222255058e-02 +1.746222226e+02 +1.746222226e+02 +3.7586e-01 -2.5839e-01 -2.4900e+00
404 0 +9.203915183e-03 +1.746192039e+02 +1.746192039e+02 +3.6288e-01 -2.6290e-01 -2.4906e+00
411 0 +7.929959418e-03 +1.746179300e+02 +1.746179300e+02 +3.5528e-01 -2.6553e-01 -2.4912e+00
413 0 +6.404626624e-03 +1.746164046e+02 +1.746164046e+02 +3.6665e-01 -2.6156e-01 -2.4905e+00
415 0 +2.154756694e-03 +1.746121548e+02 +1.746121548e+02 +3.7485e-01 -2.5868e-01 -2.4901e+00
445 0 +1.767050284e-03 +1.746117671e+02 +1.746117671e+02 +3.7172e-01 -2.5978e-01 -2.4903e+00
489 0 +1.437361345e-03 +1.746114374e+02 +1.746114374e+02 +3.6432e-01 -2.6238e-01 -2.4906e+00
491 0 +1.060613338e-03 +1.746110606e+02 +1.746110606e+02 +3.6284e-01 -2.6290e-01 -2.4907e+00
512 0 +1.034052009e-03 +1.746110341e+02 +1.746110341e+02 +3.6131e-01 -2.6344e-01 -2.4908e+00
515 0 +5.974966274e-04 +1.746105975e+02 +1.746105975e+02 +3.6481e-01 -2.6221e-01 -2.4906e+00
528 0 +5.670160746e-04 +1.746105670e+02 +1.746105670e+02 +3.6414e-01 -2.6244e-01 -2.4906e+00
544 0 +5.292476780e-04 +1.746105292e+02 +1.746105292e+02 +3.6452e-01 -2.6231e-01 -2.4906e+00
547 0 +3.412177385e-04 +1.746103412e+02 +1.746103412e+02 +3.6535e-01 -2.6201e-01 -2.4906e+00
555 0 +1.946637213e-04 +1.746101947e+02 +1.746101947e+02 +3.6778e-01 -2.6116e-01 -2.4905e+00
558 0 +1.194590317e-04 +1.746101195e+02 +1.746101195e+02 +3.6639e-01 -2.6165e-01 -2.4905e+00
597 0 +1.027268563e-04 +1.746101027e+02 +1.746101027e+02 +3.6633e-01 -2.6167e-01 -2.4905e+00
601 0 +9.189265936e-05 +1.746100919e+02 +1.746100919e+02 +3.6630e-01 -2.6168e-01 -2.4905e+00
605 0 +6.978607277e-05 +1.746100698e+02 +1.746100698e+02 +3.6657e-01 -2.6159e-01 -2.4905e+00
607 0 +5.333962719e-05 +1.746100533e+02 +1.746100533e+02 +3.6708e-01 -2.6141e-01 -2.4905e+00
646 0 +1.705570102e-05 +1.746100171e+02 +1.746100171e+02 +3.6790e-01 -2.6112e-01 -2.4904e+00
655 0 +9.415485636e-06 +1.746100094e+02 +1.746100094e+02 +3.6866e-01 -2.6085e-01 -2.4904e+00
689 0 +8.899254993e-06 +1.746100089e+02 +1.746100089e+02 +3.6806e-01 -2.6106e-01 -2.4904e+00
720 0 +5.273405009e-06 +1.746100053e+02 +1.746100053e+02 +3.6824e-01 -2.6100e-01 -2.4904e+00
740 0 +5.097144452e-06 +1.746100051e+02 +1.746100051e+02 +3.6835e-01 -2.6096e-01 -2.4904e+00
751 0 +3.352372772e-06 +1.746100034e+02 +1.746100034e+02 +3.6842e-01 -2.6093e-01 -2.4904e+00
766 0 +2.920164604e-06 +1.746100029e+02 +1.746100029e+02 +3.6848e-01 -2.6091e-01 -2.4904e+00
777 0 +2.139297180e-06 +1.746100021e+02 +1.746100021e+02 +3.6843e-01 -2.6093e-01 -2.4904e+00
784 0 +1.260826508e-06 +1.746100013e+02 +1.746100013e+02 +3.6860e-01 -2.6087e-01 -2.4904e+00
786 0 +9.613356724e-07 +1.746100010e+02 +1.746100010e+02 +3.6865e-01 -2.6085e-01 -2.4904e+00
818 0 +6.252974174e-07 +1.746100006e+02 +1.746100006e+02 +3.6863e-01 -2.6086e-01 -2.4904e+00
833 0 +4.278918766e-07 +1.746100004e+02 +1.746100004e+02 +3.6868e-01 -2.6084e-01 -2.4904e+00
848 0 +3.586935975e-07 +1.746100004e+02 +1.746100004e+02 +3.6871e-01 -2.6083e-01 -2.4904e+00
861 0 +2.547157578e-07 +1.746100003e+02 +1.746100003e+02 +3.6876e-01 -2.6082e-01 -2.4904e+00
863 0 +2.446842302e-07 +1.746100002e+02 +1.746100002e+02 +3.6876e-01 -2.6081e-01 -2.4904e+00
898 0 +2.124301091e-07 +1.746100002e+02 +1.746100002e+02 +3.6870e-01 -2.6083e-01 -2.4904e+00
900 0 +7.141650826e-08 +1.746100001e+02 +1.746100001e+02 +3.6877e-01 -2.6081e-01 -2.4904e+00
914 0 +2.773381880e-08 +1.746100000e+02 +1.746100000e+02 +3.6879e-01 -2.6080e-01 -2.4904e+00
963 0 +2.224990681e-08 +1.746100000e+02 +1.746100000e+02 +3.6880e-01 -2.6080e-01 -2.4904e+00
992 0 +1.762830948e-08 +1.746100000e+02 +1.746100000e+02 +3.6879e-01 -2.6080e-01 -2.4904e+00
1003 0 +1.285766871e-08 +1.746100000e+02 +1.746100000e+02 +3.6880e-01 -2.6080e-01 -2.4904e+00
1005 0 +2.707423619e-09 +1.746100000e+02 +1.746100000e+02 +3.6879e-01 -2.6080e-01 -2.4904e+00
% f evaluations | g evaluations | best noise-free fitness - Fopt (2.342000000000e+01) + sum g_i+ | measured fitness | best measured fitness or single-digit g-values | x1 | x2...
1 0 +6.028785541e+02 +6.262985541e+02 +6.262985541e+02 -1.6647e+00 -6.8804e-01 -1.4601e+00
4 0 +3.159929968e+02 +3.394129968e+02 +3.394129968e+02 +3.4897e+00 -1.3186e+00 +4.6508e-01
17 0 +1.138198581e+02 +1.372398581e+02 +1.372398581e+02 -8.3133e-01 -1.9022e+00 -4.4109e+00
38 0 +5.290329523e+01 +7.632329523e+01 +7.632329523e+01 +2.2592e-01 -2.2148e+00 -1.2259e+00
87 0 +4.561455857e+01 +6.903455857e+01 +6.903455857e+01 -1.6030e+00 -1.9391e+00 -4.3037e+00
93 0 +3.277458215e+01 +5.619458215e+01 +5.619458215e+01 -1.1168e+00 -2.0181e+00 -3.6137e+00
107 0 +2.828570232e+01 +5.170570232e+01 +5.170570232e+01 -8.3917e-01 -1.9852e+00 -3.5673e+00
117 0 +2.007451872e+01 +4.349451872e+01 +4.349451872e+01 -1.1189e+00 -1.9489e+00 -3.7511e+00
159 0 +1.743251786e+01 +4.085251786e+01 +4.085251786e+01 -1.0615e+00 -1.9243e+00 -3.8146e+00
160 0 +1.731276246e+01 +4.073276246e+01 +4.073276246e+01 -1.1071e+00 -1.9358e+00 -3.8549e+00
173 0 +1.137646653e+01 +3.479646653e+01 +3.479646653e+01 -7.2128e-01 -2.0049e+00 -3.2346e+00
187 0 +7.791746981e+00 +3.121174698e+01 +3.121174698e+01 -5.1797e-01 -2.0002e+00 -2.9217e+00
188 0 +5.268759163e+00 +2.868875916e+01 +2.868875916e+01 -5.5805e-01 -2.0115e+00 -2.9862e+00
195 0 +3.369827293e+00 +2.678982729e+01 +2.678982729e+01 -2.2594e-01 -2.0617e+00 -2.4612e+00
218 0 +1.828639274e+00 +2.524863927e+01 +2.524863927e+01 +1.7057e-01 -2.1228e+00 -1.8658e+00
226 0 +1.376595579e+00 +2.479659558e+01 +2.479659558e+01 +3.9521e-02 -2.0936e+00 -2.0701e+00
246 0 +8.344379071e-01 +2.425443791e+01 +2.425443791e+01 +1.5386e-01 -2.1086e+00 -1.9030e+00
255 0 +7.145146749e-01 +2.413451467e+01 +2.413451467e+01 +2.0834e-01 -2.1176e+00 -1.8174e+00
259 0 +6.695996878e-01 +2.408959969e+01 +2.408959969e+01 +3.9650e-01 -2.1439e+00 -1.5390e+00
268 0 +4.350247935e-01 +2.385502479e+01 +2.385502479e+01 +1.9018e-01 -2.1178e+00 -1.8495e+00
305 0 +2.760058293e-01 +2.369600583e+01 +2.369600583e+01 +1.6743e-01 -2.1142e+00 -1.8803e+00
309 0 +2.452842051e-01 +2.366528421e+01 +2.366528421e+01 +1.4496e-01 -2.1096e+00 -1.9179e+00
330 0 +2.200865271e-01 +2.364008653e+01 +2.364008653e+01 +2.3446e-01 -2.1233e+00 -1.7785e+00
333 0 +1.462673194e-01 +2.356626732e+01 +2.356626732e+01 +2.0428e-01 -2.1190e+00 -1.8252e+00
335 0 +8.881697126e-02 +2.350881697e+01 +2.350881697e+01 +2.1042e-01 -2.1195e+00 -1.8176e+00
337 0 +8.444488411e-02 +2.350444488e+01 +2.350444488e+01 +2.1337e-01 -2.1201e+00 -1.8132e+00
351 0 +7.326423090e-02 +2.349326423e+01 +2.349326423e+01 +1.9452e-01 -2.1176e+00 -1.8412e+00
371 0 +4.880820878e-02 +2.346880821e+01 +2.346880821e+01 +2.0451e-01 -2.1188e+00 -1.8262e+00
390 0 +4.004851390e-02 +2.346004851e+01 +2.346004851e+01 +2.4207e-01 -2.1244e+00 -1.7691e+00
391 0 +1.950605831e-02 +2.343950606e+01 +2.343950606e+01 +2.2468e-01 -2.1218e+00 -1.7954e+00
409 0 +8.996659765e-03 +2.342899666e+01 +2.342899666e+01 +2.6005e-01 -2.1269e+00 -1.7416e+00
445 0 +8.062388872e-03 +2.342806239e+01 +2.342806239e+01 +2.7051e-01 -2.1284e+00 -1.7257e+00
476 0 +7.508354249e-03 +2.342750835e+01 +2.342750835e+01 +2.9130e-01 -2.1315e+00 -1.6939e+00
480 0 +3.129373100e-03 +2.342312937e+01 +2.342312937e+01 +2.7738e-01 -2.1294e+00 -1.7152e+00
510 0 +2.974372247e-03 +2.342297437e+01 +2.342297437e+01 +2.7083e-01 -2.1285e+00 -1.7251e+00
516 0 +2.462793514e-03 +2.342246279e+01 +2.342246279e+01 +2.6751e-01 -2.1280e+00 -1.7302e+00
517 0 +1.156071162e-03 +2.342115607e+01 +2.342115607e+01 +2.7400e-01 -2.1290e+00 -1.7203e+00
535 0 +4.307185563e-04 +2.342043072e+01 +2.342043072e+01 +2.7873e-01 -2.1296e+00 -1.7131e+00
548 0 +4.038695737e-04 +2.342040387e+01 +2.342040387e+01 +2.7416e-01 -2.1290e+00 -1.7200e+00
554 0 +2.329910665e-04 +2.342023299e+01 +2.342023299e+01 +2.8028e-01 -2.1299e+00 -1.7107e+00
573 0 +1.017341321e-04 +2.342010173e+01 +2.342010173e+01 +2.7952e-01 -2.1298e+00 -1.7119e+00
581 0 +7.836068817e-05 +2.342007836e+01 +2.342007836e+01 +2.7947e-01 -2.1298e+00 -1.7120e+00
584 0 +7.153284629e-05 +2.342007153e+01 +2.342007153e+01 +2.7896e-01 -2.1297e+00 -1.7127e+00
608 0 +6.577000926e-05 +2.342006577e+01 +2.342006577e+01 +2.7786e-01 -2.1295e+00 -1.7144e+00
609 0 +1.936494074e-05 +2.342001936e+01 +2.342001936e+01 +2.7804e-01 -2.1295e+00 -1.7141e+00
626 0 +1.199722970e-05 +2.342001200e+01 +2.342001200e+01 +2.7889e-01 -2.1297e+00 -1.7129e+00
642 0 +9.370952380e-06 +2.342000937e+01 +2.342000937e+01 +2.7925e-01 -2.1297e+00 -1.7123e+00
676 0 +6.581745581e-06 +2.342000658e+01 +2.342000658e+01 +2.7876e-01 -2.1297e+00 -1.7131e+00
720 0 +4.674899738e-06 +2.342000467e+01 +2.342000467e+01 +2.7848e-01 -2.1296e+00 -1.7135e+00
739 0 +3.507707927e-06 +2.342000351e+01 +2.342000351e+01 +2.7878e-01 -2.1297e+00 -1.7130e+00
748 0 +3.254461344e-06 +2.342000325e+01 +2.342000325e+01 +2.7861e-01 -2.1296e+00 -1.7133e+00
754 0 +1.591448843e-06 +2.342000159e+01 +2.342000159e+01 +2.7859e-01 -2.1296e+00 -1.7133e+00
764 0 +3.793055683e-07 +2.342000038e+01 +2.342000038e+01 +2.7854e-01 -2.1296e+00 -1.7134e+00
808 0 +9.382634758e-08 +2.342000009e+01 +2.342000009e+01 +2.7839e-01 -2.1296e+00 -1.7136e+00
912 0 +5.328106312e-08 +2.342000005e+01 +2.342000005e+01 +2.7837e-01 -2.1296e+00 -1.7136e+00
939 0 +3.787170044e-08 +2.342000004e+01 +2.342000004e+01 +2.7836e-01 -2.1296e+00 -1.7137e+00
946 0 +6.154959209e-09 +2.342000001e+01 +2.342000001e+01 +2.7840e-01 -2.1296e+00 -1.7136e+00
% f evaluations | g evaluations | best noise-free fitness - Fopt (-7.764000000000e+01) + sum g_i+ | measured fitness | best measured fitness or single-digit g-values | x1 | x2...
1 0 +7.065706477e+02 +6.289306477e+02 +6.289306477e+02 +2.6193e+00 +9.1163e-01 +2.2015e+00
7 0 +6.241912915e+02 +5.465512915e+02 +5.465512915e+02 -2.2731e-01 +1.2355e+00 +1.7227e+00
10 0 +1.161999992e+02 +3.855999916e+01 +3.855999916e+01 +1.7402e+00 -6.6225e-01 +9.2669e-01
49 0 +1.098156800e+02 +3.217567995e+01 +3.217567995e+01 +1.8975e+00 -6.5496e-01 +9.1838e-01
53 0 +8.064801439e+01 +3.008014394e+00 +3.008014394e+00 +2.2616e+00 -6.8889e-01 +9.9327e-01
79 0 +5.246998388e+01 -2.517001612e+01 -2.517001612e+01 +1.8721e+00 -9.1008e-01 +1.2765e+00
% f evaluations | g evaluations | best noise-free fitness - Fopt (-6.007000000000e+01) + sum g_i+ | measured fitness | best measured fitness or single-digit g-values | x1 | x2...
1 0 +1.340532554e+03 +1.280462554e+03 +1.280462554e+03 -1.3279e+00 +1.0505e+00 +4.7721e+00
2 0 +6.821870802e+02 +6.221170802e+02 +6.221170802e+02 +5.2281e-01 +6.4587e-01 -2.7423e+00
4 0 +5.960871465e+02 +5.360171465e+02 +5.360171465e+02 +2.2383e+00 -3.3206e+00 +1.0984e+00
5 0 +9.743106860e+01 +3.736106860e+01 +3.736106860e+01 +1.8784e+00 +1.0890e-01 +1.4570e+00
91 0 +8.950911408e+01 +2.943911408e+01 +2.943911408e+01 +1.0384e+00 +8.1711e-01 +8.5488e-01
93 0 +6.668215417e+01 +6.612154173e+00 +6.612154173e+00 +6.8034e-01 +1.7174e+00 +4.1656e-01
98 0 +4.141827757e+01 -1.865172243e+01 -1.865172243e+01 +3.1297e-01 +1.7321e+00 +2.7977e-01
99 0 +3.282696736e+01 -2.724303264e+01 -2.724303264e+01 +5.2017e-01 +1.5774e+00 +3.9307e-01
% f evaluations | g evaluations | best noise-free fitness - Fopt (-1.317500000000e+02) + sum g_i+ | measured fitness | best measured fitness or single-digit g-values | x1 | x2...
1 0 +5.780086772e+02 +4.462586772e+02 +4.462586772e+02 +3.8503e+00 +5.2262e-01 -4.0801e+00
11 0 +3.653538182e+02 +2.336038182e+02 +2.336038182e+02 +3.4392e+00 +1.7323e+00 -4.2415e+00
14 0 +1.915175031e+02 +5.976750309e+01 +5.976750309e+01 +6.6254e-01 -3.0660e-01 -4.6836e+00
31 0 +1.136235634e+02 -1.812643661e+01 -1.812643661e+01 +2.4442e+00 +3.2737e+00 -3.7811e+00
67 0 +1.000805241e+02 -3.166947591e+01 -3.166947591e+01 +2.4701e+00 +1.7359e+00 -2.8275e+00
96 0 +8.610334446e+01 -4.564665554e+01 -4.564665554e+01 +2.1858e+00 +2.4023e+00 -3.5666e+00
123 0 +6.454011133e+01 -6.720988867e+01 -6.720988867e+01 +3.0338e+00 +2.7536e+00 -2.9322e+00
% f evaluations | g evaluations | best noise-free fitness - Fopt (-9.099000000000e+01) + sum g_i+ | measured fitness | best measured fitness or single-digit g-values | x1 | x2...
1 0 +7.172710212e+02 +6.262810212e+02 +6.262810212e+02 +1.7703e+00 -8.2516e-01 +8.4680e-01
2 0 +2.766366553e+02 +1.856466553e+02 +1.856466553e+02 -9.1084e-01 -4.1250e-01 +1.1427e+00
21 0 +2.370016684e+02 +1.460116684e+02 +1.460116684e+02 -8.0999e-01 +2.1363e+00 -6.1616e-01
23 0 +1.605317724e+02 +6.954177237e+01 +6.954177237e+01 -1.4452e+00 +1.1283e+00 -4.6693e-03
35 0 +5.861385795e+01 -3.237614205e+01 -3.237614205e+01 -1.9447e+00 +1.7320e+00 -8.5840e-01
79 0 +4.844850648e+01 -4.254149352e+01 -4.254149352e+01 -4.3177e+00 -3.4139e+00 +3.3820e+00
86 0 +4.403797197e+01 -4.695202803e+01 -4.695202803e+01 -4.0175e+00 -2.4231e+00 +2.5006e+00
135 0 +3.428625357e+01 -5.670374643e+01 -5.670374643e+01 -2.5129e+00 +6.8061e-01 -5.3404e-02
