% f evaluations | g evaluations | best noise-free fitness - Fopt (7.948000000000e+01) + sum g_i+ | measured fitness | best measured fitness or single-digit g-values | x1 | x2...
1 0 +3.082682070e+01 +1.103068207e+02 +1.103068207e+02 -4.7026e+00 -6.5073e-01 -1.1757e+00 -4.6299e-01 -2.3623e+00
3 0 +6.920512182e+00 +8.640051218e+01 +8.640051218e+01 +3.7746e-01 +5.6914e-01 +3.6989e-01 +2.6059e+00 -1.1749e+00
17 0 +2.815598711e+00 +8.229559871e+01 +8.229559871e+01 +4.6637e-01 -5.0937e-01 +8.2618e-02 +2.4783e+00 -1.4995e+00
44 0 +2.233939877e+00 +8.171393988e+01 +8.171393988e+01 +1.3210e+00 -1.1552e+00 -9.0210e-01 +1.1824e+00 -1.9683e+00
50 0 +1.845764148e+00 +8.132576415e+01 +8.132576415e+01 +6.3746e-01 -1.3111e+00 -9.4590e-01 +6.6249e-01 -2.5156e+00
58 0 +1.352385823e+00 +8.083238582e+01 +8.083238582e+01 -7.5592e-02 -1.5959e+00 -5.6421e-01 +2.0951e+00 -3.6797e+00
62 0 +1.171636999e+00 +8.065163700e+01 +8.065163700e+01 +1.2045e+00 -8.8858e-01 -4.6777e-01 +2.1945e+00 -2.4431e+00
68 0 +9.387893813e-01 +8.041878938e+01 +8.041878938e+01 +4.4023e-01 -1.2867e+00 +8.2425e-02 +1.5661e+00 -2.3543e+00
74 0 +8.804118894e-01 +8.036041189e+01 +8.036041189e+01 -2.9955e-02 -7.9682e-01 +4.5583e-02 +2.1543e+00 -2.5174e+00
76 0 +5.873761749e-01 +8.006737617e+01 +8.006737617e+01 -4.6883e-02 -1.1002e+00 -1.0829e+00 +2.5052e+00 -2.8555e+00
81 0 +5.523607838e-01 +8.003236078e+01 +8.003236078e+01 +2.9735e-01 -7.2212e-01 -7.2865e-01 +2.2706e+00 -3.1737e+00
96 0 +4.661642315e-01 +7.994616423e+01 +7.994616423e+01 +3.0028e-01 -5.7708e-01 -1.0215e+00 +2.0798e+00 -2.8065e+00
99 0 +3.746800264e-01 +7.985468003e+01 +7.985468003e+01 +3.5130e-01 -1.4799e+00 -5.9268e-01 +1.7017e+00 -3.1199e+00
107 0 +2.773928771e-01 +7.975739288e+01 +7.975739288e+01 +3.1989e-01 -1.3143e+00 -8.3325e-01 +1.9590e+00 -3.1657e+00
127 0 +2.741510026e-01 +7.975415100e+01 +7.975415100e+01 +2.9003e-01 -1.1494e+00 -4.6762e-01 +1.6690e+00 -3.0559e+00
129 0 +1.475649362e-01 +7.962756494e+01 +7.962756494e+01 +3.9483e-01 -1.2065e+00 -6.5475e-01 +1.9586e+00 -3.0259e+00
131 0 +1.367783604e-01 +7.961677836e+01 +7.961677836e+01 +3.4408e-01 -1.2305e+00 -6.7685e-01 +1.7434e+00 -2.9763e+00
133 0 +1.220284189e-01 +7.960202842e+01 +7.960202842e+01 +2.6955e-01 -1.3904e+00 -7.2347e-01 +2.1429e+00 -2.8233e+00
139 0 +7.550056353e-02 +7.955550056e+01 +7.955550056e+01 +2.1977e-01 -1.0477e+00 -8.4608e-01 +2.0482e+00 -2.8618e+00
140 0 +7.174968392e-02 +7.955174968e+01 +7.955174968e+01 +1.7063e-01 -1.2150e+00 -6.3434e-01 +1.9774e+00 -2.9066e+00
150 0 +6.766914495e-02 +7.954766914e+01 +7.954766914e+01 +1.7252e-01 -1.3021e+00 -6.7667e-01 +2.1109e+00 -2.7427e+00
181 0 +2.967964871e-02 +7.950967965e+01 +7.950967965e+01 +2.5355e-01 -1.1365e+00 -6.9356e-01 +1.9937e+00 -2.8351e+00
211 0 +1.982894627e-02 +7.949982895e+01 +7.949982895e+01 +2.2492e-01 -1.1251e+00 -6.4899e-01 +2.0000e+00 -2.7645e+00
222 0 +1.713205066e-02 +7.949713205e+01 +7.949713205e+01 +3.2683e-01 -1.0810e+00 -7.6609e-01 +1.9669e+00 -2.7307e+00
252 0 +1.514188647e-02 +7.949514189e+01 +7.949514189e+01 +1.5028e-01 -1.1751e+00 -7.1297e-01 +1.9628e+00 -2.7342e+00
257 0 +7.698868431e-03 +7.948769887e+01 +7.948769887e+01 +2.2589e-01 -1.1144e+00 -7.8783e-01 +1.9392e+00 -2.7115e+00
272 0 +4.173316692e-03 +7.948417332e+01 +7.948417332e+01 +2.2300e-01 -1.1510e+00 -6.8799e-01 +1.9703e+00 -2.6860e+00
273 0 +3.655998259e-03 +7.948365600e+01 +7.948365600e+01 +2.8182e-01 -1.1354e+00 -7.5497e-01 +1.9310e+00 -2.7179e+00
292 0 +3.044320153e-03 +7.948304432e+01 +7.948304432e+01 +2.5582e-01 -1.1137e+00 -7.4271e-01 +1.9459e+00 -2.7019e+00
305 0 +3.007222638e-03 +7.948300722e+01 +7.948300722e+01 +2.5448e-01 -1.1117e+00 -7.0965e-01 +1.9444e+00 -2.6599e+00
306 0 +2.902443801e-03 +7.948290244e+01 +7.948290244e+01 +2.3519e-01 -1.1419e+00 -7.1806e-01 +1.9728e+00 -2.6675e+00
309 0 +7.372678122e-04 +7.948073727e+01 +7.948073727e+01 +2.6756e-01 -1.1600e+00 -7.1953e-01 +1.9044e+00 -2.6827e+00
358 0 +4.436424959e-04 +7.948044364e+01 +7.948044364e+01 +2.5997e-01 -1.1431e+00 -7.1644e-01 +1.9282e+00 -2.6928e+00
380 0 +3.706649852e-05 +7.948003707e+01 +7.948003707e+01 +2.5603e-01 -1.1530e+00 -7.2337e-01 +1.9286e+00 -2.6781e+00
497 0 +2.929220585e-05 +7.948002929e+01 +7.948002929e+01 +2.4930e-01 -1.1554e+00 -7.2416e-01 +1.9242e+00 -2.6776e+00
511 0 +2.491558081e-05 +7.948002492e+01 +7.948002492e+01 +2.5179e-01 -1.1595e+00 -7.2745e-01 +1.9285e+00 -2.6807e+00
515 0 +2.287407145e-05 +7.948002287e+01 +7.948002287e+01 +2.5055e-01 -1.1574e+00 -7.2496e-01 +1.9305e+00 -2.6804e+00
521 0 +1.520550801e-05 +7.948001521e+01 +7.948001521e+01 +2.5152e-01 -1.1563e+00 -7.2675e-01 +1.9288e+00 -2.6807e+00
534 0 +1.356736901e-05 +7.948001357e+01 +7.948001357e+01 +2.5357e-01 -1.1580e+00 -7.2470e-01 +1.9253e+00 -2.6839e+00
535 0 +9.326958093e-06 +7.948000933e+01 +7.948000933e+01 +2.5010e-01 -1.1565e+00 -7.2327e-01 +1.9274e+00 -2.6814e+00
539 0 +9.054628180e-06 +7.948000905e+01 +7.948000905e+01 +2.5286e-01 -1.1580e+00 -7.2277e-01 +1.9261e+00 -2.6833e+00
544 0 +1.037795116e-06 +7.948000104e+01 +7.948000104e+01 +2.5212e-01 -1.1566e+00 -7.2387e-01 +1.9271e+00 -2.6809e+00
601 0 +9.869525002e-07 +7.948000099e+01 +7.948000099e+01 +2.5263e-01 -1.1564e+00 -7.2422e-01 +1.9262e+00 -2.6799e+00
637 0 +2.273886253e-07 +7.948000023e+01 +7.948000023e+01 +2.5246e-01 -1.1569e+00 -7.2406e-01 +1.9267e+00 -2.6809e+00
664 0 +2.109813408e-07 +7.948000021e+01 +7.948000021e+01 +2.5267e-01 -1.1570e+00 -7.2434e-01 +1.9263e+00 -2.6806e+00
675 0 +9.798503697e-08 +7.948000010e+01 +7.948000010e+01 +2.5256e-01 -1.1567e+00 -7.2407e-01 +1.9265e+00 -2.6809e+00
685 0 +7.696611704e-08 +7.948000008e+01 +7.948000008e+01 +2.5261e-01 -1.1569e+00 -7.2386e-01 +1.9264e+00 -2.6807e+00
700 0 +5.887288523e-08 +7.948000006e+01 +7.948000006e+01 +2.5273e-01 -1.1569e+00 -7.2419e-01 +1.9265e+00 -2.6808e+00
707 0 +1.931806537e-08 +7.948000002e+01 +7.948000002e+01 +2.5270e-01 -1.1568e+00 -7.2406e-01 +1.9264e+00 -2.6807e+00
719 0 +1.657903681e-08 +7.948000002e+01 +7.948000002e+01 +2.5271e-01 -1.1569e+00 -7.2398e-01 +1.9264e+00 -2.6808e+00
729 0 +8.305718779e-09 +7.948000001e+01 +7.948000001e+01 +2.5276e-01 -1.1568e+00 -7.2407e-01 +1.9264e+00 -2.6808e+00
% f evaluations | g evaluations | best noise-free fitness - Fopt (3.944800000000e+02) + sum g_i+ | measured fitness | best measured fitness or single-digit g-values | x1 | x2...
1 0 +1.098769931e+02 +5.043569931e+02 +5.043569931e+02 -3.3220e+00 +4.1784e+00 +2.4847e+00 -3.4791e-01 +2.2580e+00
2 0 +6.931313028e+01 +4.637931303e+02 +4.637931303e+02 +2.8066e-01 -3.3327e+00 -4.6184e-01 -2.1058e+00 +2.9466e+00
6 0 +4.819835603e+01 +4.426783560e+02 +4.426783560e+02 -2.3053e+00 -6.8475e-02 +2.0069e+00 +1.9182e+00 +8.5170e-01
9 0 +2.722522338e+01 +4.217052234e+02 +4.217052234e+02 -2.8555e+00 -2.4765e+00 +9.5930e-01 +2.4159e+00 +1.8951e+00
15 0 +1.973492381e+01 +4.142149238e+02 +4.142149238e+02 -2.1909e+00 -2.2106e+00 -9.4760e-01 +1.0704e+00 +4.4832e-01
16 0 +1.254039617e+01 +4.070203962e+02 +4.070203962e+02 -2.5196e+00 -1.0869e+00 -1.2591e+00 +3.2788e+00 +1.5843e+00
24 0 +1.107541082e+01 +4.055554108e+02 +4.055554108e+02 -2.1638e+00 -8.4205e-01 -4.0220e+00 +4.7135e+00 +2.6397e+00
25 0 +6.553229651e+00 +4.010332297e+02 +4.010332297e+02 -3.7775e+00 -2.1843e+00 -2.6734e+00 +1.7348e+00 +6.2913e-01
51 0 +5.534653374e+00 +4.000146534e+02 +4.000146534e+02 -2.7462e+00 -2.3475e+00 -3.0482e+00 +2.9330e+00 +2.4076e+00
59 0 +5.307084400e+00 +3.997870844e+02 +3.997870844e+02 -2.6845e+00 -1.8667e+00 -2.1416e+00 +3.9716e+00 +1.0109e+00
60 0 +5.018890672e+00 +3.994988907e+02 +3.994988907e+02 -2.1899e+00 -3.1652e+00 -3.7798e+00 +3.3595e+00 +2.1729e+00
67 0 +4.374644318e+00 +3.988546443e+02 +3.988546443e+02 -2.5067e+00 -4.2175e+00 -3.7769e+00 +4.6933e+00 +1.0942e+00
82 0 +3.958294928e+00 +3.984382949e+02 +3.984382949e+02 -3.2732e+00 -2.6000e+00 -4.0660e+00 +5.7527e+00 +8.1755e-01
84 0 +1.787076136e+00 +3.962670761e+02 +3.962670761e+02 -3.0753e+00 -2.7141e+00 -3.9130e+00 +3.2830e+00 +1.6829e+00
89 0 +1.758789473e+00 +3.962387895e+02 +3.962387895e+02 -3.9829e+00 -3.9139e+00 -4.2800e+00 +4.5858e+00 +9.7496e-01
99 0 +1.644590907e+00 +3.961245909e+02 +3.961245909e+02 -3.9320e+00 -3.0540e+00 -2.8580e+00 +3.8326e+00 +1.7074e+00
105 0 +1.424343620e+00 +3.959043436e+02 +3.959043436e+02 -4.5452e+00 -3.3766e+00 -4.0807e+00 +3.3351e+00 +1.4647e+00
106 0 +4.464114111e-01 +3.949264114e+02 +3.949264114e+02 -3.9832e+00 -2.5583e+00 -3.5861e+00 +4.3885e+00 +6.3810e-01
133 0 +3.622523924e-01 +3.948422524e+02 +3.948422524e+02 -3.8595e+00 -3.0458e+00 -4.1628e+00 +4.3152e+00 +6.6191e-01
134 0 +2.876473382e-01 +3.947676473e+02 +3.947676473e+02 -3.5205e+00 -3.0415e+00 -4.1396e+00 +3.9960e+00 +8.4840e-01
144 0 +2.107011083e-01 +3.946907011e+02 +3.946907011e+02 -3.7615e+00 -2.7649e+00 -4.0201e+00 +3.9721e+00 +5.0651e-01
147 0 +1.985857285e-01 +3.946785857e+02 +3.946785857e+02 -3.6635e+00 -2.9935e+00 -4.0383e+00 +3.7466e+00 +6.3139e-01
153 0 +1.002162400e-01 +3.945802162e+02 +3.945802162e+02 -3.9118e+00 -2.9124e+00 -3.9527e+00 +4.1531e+00 +7.3387e-01
188 0 +8.131078462e-02 +3.945613108e+02 +3.945613108e+02 -4.0857e+00 -2.9906e+00 -3.8100e+00 +3.7416e+00 +7.6313e-01
200 0 +2.714136146e-02 +3.945071414e+02 +3.945071414e+02 -3.8471e+00 -2.8853e+00 -3.8576e+00 +4.0473e+00 +8.2233e-01
210 0 +2.332002103e-02 +3.945033200e+02 +3.945033200e+02 -3.9531e+00 -2.8903e+00 -3.7180e+00 +4.0109e+00 +8.1312e-01
212 0 +1.838613054e-02 +3.944983861e+02 +3.944983861e+02 -3.8624e+00 -2.8517e+00 -3.8920e+00 +3.9389e+00 +7.7884e-01
231 0 +1.478744813e-02 +3.944947874e+02 +3.944947874e+02 -3.9416e+00 -2.8068e+00 -3.7494e+00 +3.8809e+00 +8.0920e-01
237 0 +1.015832621e-02 +3.944901583e+02 +3.944901583e+02 -3.8436e+00 -2.8530e+00 -3.8062e+00 +3.8759e+00 +7.8949e-01
245 0 +5.107860207e-03 +3.944851079e+02 +3.944851079e+02 -3.9043e+00 -2.8811e+00 -3.8055e+00 +3.9538e+00 +8.0765e-01
251 0 +4.006593524e-03 +3.944840066e+02 +3.944840066e+02 -3.9313e+00 -2.9130e+00 -3.8166e+00 +3.9399e+00 +8.2701e-01
298 0 +3.588723582e-03 +3.944835887e+02 +3.944835887e+02 -3.8790e+00 -2.9024e+00 -3.8379e+00 +3.9457e+00 +8.7317e-01
305 0 +3.016673410e-03 +3.944830167e+02 +3.944830167e+02 -3.8929e+00 -2.8633e+00 -3.7589e+00 +3.8872e+00 +8.6356e-01
306 0 +1.824858310e-03 +3.944818249e+02 +3.944818249e+02 -3.9247e+00 -2.8917e+00 -3.7911e+00 +3.8894e+00 +8.3198e-01
312 0 +1.736955980e-03 +3.944817370e+02 +3.944817370e+02 -3.8924e+00 -2.8717e+00 -3.8190e+00 +3.8736e+00 +8.6624e-01
336 0 +1.073209734e-03 +3.944810732e+02 +3.944810732e+02 -3.8924e+00 -2.8798e+00 -3.8297e+00 +3.9106e+00 +8.7149e-01
352 0 +6.875501368e-04 +3.944806876e+02 +3.944806876e+02 -3.9073e+00 -2.8904e+00 -3.8223e+00 +3.8993e+00 +8.7231e-01
358 0 +4.852078629e-04 +3.944804852e+02 +3.944804852e+02 -3.9011e+00 -2.8824e+00 -3.8208e+00 +3.9128e+00 +8.6413e-01
364 0 +3.766669500e-04 +3.944803767e+02 +3.944803767e+02 -3.8916e+00 -2.9038e+00 -3.8071e+00 +3.9149e+00 +8.6565e-01
370 0 +1.075910345e-04 +3.944801076e+02 +3.944801076e+02 -3.9032e+00 -2.8849e+00 -3.8017e+00 +3.9067e+00 +8.6644e-01
396 0 +6.268398613e-05 +3.944800627e+02 +3.944800627e+02 -3.8997e+00 -2.8902e+00 -3.8067e+00 +3.9053e+00 +8.5267e-01
406 0 +2.837455889e-05 +3.944800284e+02 +3.944800284e+02 -3.9009e+00 -2.8935e+00 -3.7999e+00 +3.9072e+00 +8.6115e-01
425 0 +1.039403611e-05 +3.944800104e+02 +3.944800104e+02 -3.8979e+00 -2.8926e+00 -3.8030e+00 +3.9042e+00 +8.5743e-01
493 0 +9.874982311e-06 +3.944800099e+02 +3.944800099e+02 -3.8992e+00 -2.8899e+00 -3.8027e+00 +3.9050e+00 +8.6214e-01
494 0 +7.637603403e-06 +3.944800076e+02 +3.944800076e+02 -3.8961e+00 -2.8889e+00 -3.8022e+00 +3.9054e+00 +8.5892e-01
500 0 +2.588911229e-06 +3.944800026e+02 +3.944800026e+02 -3.8981e+00 -2.8909e+00 -3.8016e+00 +3.9051e+00 +8.6040e-01
516 0 +1.781387994e-06 +3.944800018e+02 +3.944800018e+02 -3.8979e+00 -2.8904e+00 -3.8019e+00 +3.9067e+00 +8.5941e-01
553 0 +6.100240739e-07 +3.944800006e+02 +3.944800006e+02 -3.8984e+00 -2.8907e+00 -3.8018e+00 +3.9056e+00 +8.5959e-01
555 0 +3.690366270e-07 +3.944800004e+02 +3.944800004e+02 -3.8987e+00 -2.8905e+00 -3.8024e+00 +3.9060e+00 +8.5956e-01
593 0 +2.373255938e-07 +3.944800002e+02 +3.944800002e+02 -3.8984e+00 -2.8903e+00 -3.8023e+00 +3.9056e+00 +8.5966e-01
599 0 +1.611624612e-07 +3.944800002e+02 +3.944800002e+02 -3.8982e+00 -2.8905e+00 -3.8024e+00 +3.9059e+00 +8.5923e-01
608 0 +1.439064476e-07 +3.944800001e+02 +3.944800001e+02 -3.8983e+00 -2.8903e+00 -3.8025e+00 +3.9059e+00 +8.5937e-01
619 0 +7.914979960e-08 +3.944800001e+02 +3.944800001e+02 -3.8983e+00 -2.8903e+00 -3.8022e+00 +3.9054e+00 +8.5914e-01
620 0 +5.759653732e-08 +3.944800001e+02 +3.944800001e+02 -3.8985e+00 -2.8904e+00 -3.8024e+00 +3.9057e+00 +8.5933e-01
628 0 +9.337838947e-09 +3.944800000e+02 +3.944800000e+02 -3.8984e+00 -2.8904e+00 -3.8024e+00 +3.9056e+00 +8.5912e-01
1055 0 +0.000000000e+00 +3.944800000e+02 +3.944800000e+02 -3.8984e+00 -2.8904e+00 -3.8024e+00 +3.9056e+00 +8.5920e-01
% f evaluations | g evaluations | best noise-free fitness - Fopt (-2.471100000000e+02) + sum g_i+ | measured fitness | best measured fitness or single-digit g-values | x1 | x2...
1 0 +7.485276042e+01 -1.722572396e+02 -1.722572396e+02 -2.0407e+00 +3.1492e+00 -2.6253e-01 -1.9414e+00 +4.6363e+00
2 0 +6.274390803e+01 -1.843660920e+02 -1.843660920e+02 -1.0996e+00 +4.0742e+00 +4.0427e+00 -1.8742e+00 +7.4335e-01
5 0 +3.378643007e+01 -2.133235699e+02 -2.133235699e+02 -1.0456e+00 +3.4289e+00 +1.3888e+00 -5.3037e-01 -1.8800e+00
9 0 +2.746624920e+01 -2.196437508e+02 -2.196437508e+02 -4.0510e-01 +2.0846e+00 -2.5882e-04 -7.2943e-01 -1.3208e+00
40 0 +5.609710459e+00 -2.415002895e+02 -2.415002895e+02 -4.2411e+00 -1.4312e-01 +9.4169e-01 -2.4805e+00 -4.1770e+00
147 0 +5.069388007e+00 -2.420406120e+02 -2.420406120e+02 -3.5385e+00 +9.5672e-01 +1.1116e+00 -4.4530e+00 -3.8761e+00
378 0 +2.939446867e+00 -2.441705531e+02 -2.441705531e+02 -2.6212e+00 +9.8553e-01 -3.8345e-01 -2.8190e+00 -2.8058e+00
801 0 +1.447376412e+00 -2.456626236e+02 -2.456626236e+02 -4.1623e+00 +3.5971e-01 -8.9670e-01 -2.5825e+00 -2.9617e+00
1809 0 +7.956735875e-01 -2.463143264e+02 -2.463143264e+02 -2.9985e+00 +2.5962e-02 -4.6606e-01 -3.9260e+00 -2.9628e+00
2349 0 +6.206308642e-01 -2.464893691e+02 -2.464893691e+02 -4.2625e+00 -5.0673e-02 -4.9992e-01 -4.1954e+00 -3.3228e+00
37935 0 +5.793793736e-01 -2.465306206e+02 -2.465306206e+02 -3.6771e+00 +8.4286e-02 -9.5944e-01 -3.1274e+00 -2.6983e+00
78624 0 +3.980146130e-01 -2.467119854e+02 -2.467119854e+02 -3.6972e+00 +6.3695e-01 -6.5188e-01 -3.3919e+00 -3.4286e+00
84672 0 +1.758748925e-01 -2.469341251e+02 -2.469341251e+02 -3.8847e+00 +3.4305e-01 -4.3153e-01 -3.4076e+00 -3.0671e+00
% f evaluations | g evaluations | best noise-free fitness - Fopt (-1.520400000000e+02) + sum g_i+ | measured fitness | best measured fitness or single-digit g-values | x1 | x2...
1 0 +4.090290130e+01 -1.111370987e+02 -1.111370987e+02 +2.0264e+00 -1.5230e+00 +7.8586e-01 +3.3125e+00 +2.3580e-01
5 0 +2.163784690e+01 -1.304021531e+02 -1.304021531e+02 +2.3977e-01 -6.0233e-01 -1.8973e+00 +2.6480e+00 -1.1505e+00
45 0 +1.491533906e+01 -1.371246609e+02 -1.371246609e+02 +1.6675e+00 +2.8468e+00 -1.0208e+00 +3.6152e+00 +1.6360e+00
81 0 +1.418336229e+01 -1.378566377e+02 -1.378566377e+02 -2.7827e+00 +3.1039e+00 -2.8865e+00 +4.1950e+00 +6.4482e-01
214 0 +1.143580587e+01 -1.406041941e+02 -1.406041941e+02 -3.1821e-01 +2.1874e+00 -1.9530e+00 +2.0887e+00 +7.3411e-02
289 0 +9.926487436e+00 -1.421135126e+02 -1.421135126e+02 -1.4022e+00 -1.5306e-01 -5.7638e+00 +2.4282e+00 +3.8386e+00
295 0 +9.619047847e+00 -1.424209522e+02 -1.424209522e+02 -1.4887e+00 +2.8839e+00 -2.1516e+00 +1.7840e+00 +3.1694e+00
297 0 +2.707501320e+00 -1.493324987e+02 -1.493324987e+02 -9.5872e-01 +1.4885e+00 -3.3094e+00 +2.4076e+00 +3.4467e+00
1436 0 +2.671970227e+00 -1.493680298e+02 -1.493680298e+02 -6.3960e-01 -1.5267e-02 -3.7216e+00 +2.7388e+00 +2.7496e+00
1485 0 +1.932391973e+00 -1.501076080e+02 -1.501076080e+02 -2.0068e-01 +6.8278e-01 -2.8234e+00 +3.1664e+00 +2.8045e+00
7533 0 +1.506952694e+00 -1.505330473e+02 -1.505330473e+02 +5.2525e-01 +1.2989e+00 -4.3933e+00 +2.7051e+00 +2.9611e+00
10520 0 +7.739796029e-01 -1.512660204e+02 -1.512660204e+02 -1.7131e-01 +2.0770e+00 -3.3527e+00 +3.3233e+00 +2.3173e+00
27387 0 +5.276114465e-01 -1.515123886e+02 -1.515123886e+02 -2.0529e-01 +1.7486e+00 -3.8399e+00 +2.6913e+00 +2.2080e+00
58976 0 +3.127454956e-01 -1.517272545e+02 -1.517272545e+02 -2.5168e-01 +1.2751e+00 -3.9900e+00 +2.7656e+00 +2.3567e+00
93950 0 +1.899655706e-01 -1.518500344e+02 -1.518500344e+02 -3.7323e-01 +1.6856e+00 -3.9686e+00 +3.3994e+00 +2.1064e+00
% f evaluations | g evaluations | best noise-free fitness - Fopt (-2.525000000000e+01) + sum g_i+ | measured fitness | best measured fitness or single-digit g-values | x1 | x2...
1 0 +5.051931284e+01 +2.526931284e+01 +2.526931284e+01 -4.0463e-01 +8.6991e-01 +4.5709e-01 -1.7889e-01 -1.8884e+00
3 0 +3.855166292e+01 +1.330166292e+01 +1.330166292e+01 -6.4449e-01 +3.0796e-01 -1.1476e+00 -6.1777e-01 -9.3109e-01
4 0 +3.368016329e+01 +8.430163285e+00 +8.430163285e+00 +6.2144e-01 +9.0086e-01 -2.8472e+00 +2.3845e+00 +1.8713e+00
8 0 +2.617499823e+01 +9.249982292e-01 +9.249982292e-01 +2.5420e-01 +5.3144e-01 +1.3889e+00 -6.1217e-01 +1.1519e+00
11 0 +8.330034861e+00 -1.691996514e+01 -1.691996514e+01 +3.7341e+00 +5.5898e-01 -1.4442e+00 -2.6212e+00 +4.5251e-01
12 0 +6.108911140e+00 -1.914108886e+01 -1.914108886e+01 +2.7215e+00 -2.8808e-01 -8.9304e-01 -2.6412e+00 +1.3115e+00
744 0 +5.771281885e+00 -1.947871812e+01 -1.947871812e+01 +2.8336e+00 -2.2860e-01 -1.8763e+00 -8.7659e-01 +1.6905e+00
1038 0 +3.352259797e+00 -2.189774020e+01 -2.189774020e+01 +3.6209e+00 -6.6390e-01 -6.7938e-01 -1.7213e+00 +2.3337e+00
1888 0 +3.221489940e+00 -2.202851006e+01 -2.202851006e+01 +3.7455e+00 -2.4677e-02 -2.7198e+00 -2.7879e+00 +2.4721e+00
2164 0 +2.734379615e+00 -2.251562039e+01 -2.251562039e+01 +3.8599e+00 -6.4555e-01 -1.1703e+00 -1.1864e+00 +3.4886e+00
3048 0 +1.695949243e+00 -2.355405076e+01 -2.355405076e+01 +3.7311e+00 -3.9864e-01 -1.1509e+00 -2.4617e+00 +2.6299e+00
14052 0 +1.065080648e+00 -2.418491935e+01 -2.418491935e+01 +3.2921e+00 +8.3847e-01 -1.9112e+00 -1.3298e+00 +3.2440e+00
19980 0 +8.535921789e-01 -2.439640782e+01 -2.439640782e+01 +3.5470e+00 +7.8599e-02 -1.3407e+00 -1.7199e+00 +2.7092e+00
62239 0 +7.039732394e-01 -2.454602676e+01 -2.454602676e+01 +3.6554e+00 +1.4389e-01 -1.4392e+00 -2.1907e+00 +2.6192e+00
62620 0 +2.314803518e-01 -2.501851965e+01 -2.501851965e+01 +3.6754e+00 +5.3085e-01 -1.7321e+00 -2.4837e+00 +3.1923e+00
% f evaluations | g evaluations | best noise-free fitness - Fopt (1.015700000000e+02) + sum g_i+ | measured fitness | best measured fitness or single-digit g-values | x1 | x2...
1 0 +9.671598182e+00 +1.112415982e+02 +1.112415982e+02 -4.1430e-01 -2.3884e+00 -1.4848e+00 +4.7877e-01 +1.1826e+00
14 0 +8.934324363e+00 +1.105043244e+02 +1.105043244e+02 +8.5991e-01 -2.1579e+00 -1.6192e+00 +8.7135e-01 -1.8702e-01
17 0 +5.363662789e+00 +1.069336628e+02 +1.069336628e+02 +5.6726e-01 -1.6182e+00 -4.7157e-01 +1.6444e+00 -1.5192e+00
26 0 +3.700029929e+00 +1.052700299e+02 +1.052700299e+02 -5.7313e-01 -1.5011e+00 -6.8021e-01 +2.1618e+00 -2.1265e-01
35 0 +1.496924611e+00 +1.030669246e+02 +1.030669246e+02 -1.3597e+00 -2.5114e+00 -3.5862e-01 +1.2735e+00 -7.5803e-02
98 0 +5.244714465e-01 +1.020944714e+02 +1.020944714e+02 -1.1491e+00 -3.0726e+00 -1.5103e-02 +1.1290e+00 -9.2523e-01
106 0 +3.046988500e-01 +1.018746989e+02 +1.018746989e+02 -1.0800e+00 -2.8053e+00 +5.2371e-02 +1.3873e+00 -1.3730e+00
142 0 +2.729458316e-01 +1.018429458e+02 +1.018429458e+02 -9.5497e-01 -2.9471e+00 -9.8657e-02 +1.8614e+00 -8.3101e-01
147 0 +1.848734072e-01 +1.017548734e+02 +1.017548734e+02 -1.0095e+00 -2.8136e+00 -2.1873e-01 +1.7022e+00 -1.4251e+00
162 0 +1.511581507e-01 +1.017211582e+02 +1.017211582e+02 -1.0666e+00 -2.6638e+00 -2.0721e-01 +1.6742e+00 -9.4497e-01
169 0 +1.043406021e-01 +1.016743406e+02 +1.016743406e+02 -1.2161e+00 -2.9696e+00 +2.1408e-02 +1.5793e+00 -1.2091e+00
182 0 +7.873176828e-02 +1.016487318e+02 +1.016487318e+02 -1.3225e+00 -3.1123e+00 -2.5906e-01 +1.7029e+00 -1.0284e+00
185 0 +4.758450585e-02 +1.016175845e+02 +1.016175845e+02 -1.4265e+00 -2.8368e+00 -3.4514e-01 +1.8183e+00 -1.2485e+00
189 0 +3.637662385e-02 +1.016063766e+02 +1.016063766e+02 -1.4260e+00 -2.7605e+00 -2.8733e-01 +1.8282e+00 -1.1142e+00
233 0 +2.130299060e-02 +1.015913030e+02 +1.015913030e+02 -1.3194e+00 -2.9566e+00 -2.2027e-01 +1.7196e+00 -1.2536e+00
261 0 +7.082017218e-03 +1.015770820e+02 +1.015770820e+02 -1.3940e+00 -2.8653e+00 -2.0659e-01 +1.7835e+00 -1.1561e+00
294 0 +7.056479774e-03 +1.015770565e+02 +1.015770565e+02 -1.3714e+00 -2.8844e+00 -2.4609e-01 +1.7759e+00 -1.1807e+00
299 0 +3.360774464e-03 +1.015733608e+02 +1.015733608e+02 -1.3664e+00 -2.8869e+00 -2.0582e-01 +1.7691e+00 -1.1454e+00
302 0 +2.902672516e-03 +1.015729027e+02 +1.015729027e+02 -1.3666e+00 -2.8766e+00 -1.8521e-01 +1.7232e+00 -1.1696e+00
309 0 +2.246303833e-03 +1.015722463e+02 +1.015722463e+02 -1.3341e+00 -2.8802e+00 -2.0768e-01 +1.7747e+00 -1.1533e+00
313 0 +9.548314114e-04 +1.015709548e+02 +1.015709548e+02 -1.3432e+00 -2.8442e+00 -2.1481e-01 +1.7457e+00 -1.1556e+00
350 0 +8.899430837e-04 +1.015708899e+02 +1.015708899e+02 -1.3232e+00 -2.8676e+00 -2.1855e-01 +1.7361e+00 -1.1165e+00
353 0 +7.451206817e-04 +1.015707451e+02 +1.015707451e+02 -1.3154e+00 -2.8806e+00 -2.1742e-01 +1.7332e+00 -1.1300e+00
356 0 +2.200306085e-04 +1.015702200e+02 +1.015702200e+02 -1.3292e+00 -2.8744e+00 -2.0704e-01 +1.7267e+00 -1.1352e+00
388 0 +1.713603979e-04 +1.015701714e+02 +1.015701714e+02 -1.3247e+00 -2.8619e+00 -1.9789e-01 +1.7291e+00 -1.1496e+00
399 0 +1.636151436e-04 +1.015701636e+02 +1.015701636e+02 -1.3257e+00 -2.8712e+00 -2.1302e-01 +1.7348e+00 -1.1356e+00
409 0 +6.278496743e-05 +1.015700628e+02 +1.015700628e+02 -1.3328e+00 -2.8617e+00 -2.0875e-01 +1.7354e+00 -1.1488e+00
447 0 +6.046437531e-05 +1.015700605e+02 +1.015700605e+02 -1.3324e+00 -2.8629e+00 -2.1460e-01 +1.7324e+00 -1.1452e+00
450 0 +2.561122174e-05 +1.015700256e+02 +1.015700256e+02 -1.3304e+00 -2.8611e+00 -2.0387e-01 +1.7328e+00 -1.1424e+00
459 0 +2.485897457e-05 +1.015700249e+02 +1.015700249e+02 -1.3288e+00 -2.8640e+00 -2.0717e-01 +1.7332e+00 -1.1385e+00
475 0 +8.343177242e-06 +1.015700083e+02 +1.015700083e+02 -1.3283e+00 -2.8625e+00 -2.0964e-01 +1.7324e+00 -1.1410e+00
497 0 +3.683471235e-06 +1.015700037e+02 +1.015700037e+02 -1.3297e+00 -2.8626e+00 -2.0899e-01 +1.7309e+00 -1.1438e+00
550 0 +2.519924195e-06 +1.015700025e+02 +1.015700025e+02 -1.3288e+00 -2.8633e+00 -2.0867e-01 +1.7329e+00 -1.1421e+00
555 0 +1.689106583e-06 +1.015700017e+02 +1.015700017e+02 -1.3301e+00 -2.8632e+00 -2.0802e-01 +1.7319e+00 -1.1434e+00
588 0 +1.146089915e-06 +1.015700011e+02 +1.015700011e+02 -1.3289e+00 -2.8638e+00 -2.0851e-01 +1.7326e+00 -1.1428e+00
596 0 +7.426456961e-07 +1.015700007e+02 +1.015700007e+02 -1.3286e+00 -2.8627e+00 -2.0777e-01 +1.7326e+00 -1.1434e+00
606 0 +5.957246003e-07 +1.015700006e+02 +1.015700006e+02 -1.3281e+00 -2.8633e+00 -2.0812e-01 +1.7321e+00 -1.1435e+00
619 0 +3.904161616e-07 +1.015700004e+02 +1.015700004e+02 -1.3288e+00 -2.8628e+00 -2.0827e-01 +1.7318e+00 -1.1428e+00
620 0 +1.993646066e-07 +1.015700002e+02 +1.015700002e+02 -1.3291e+00 -2.8632e+00 -2.0811e-01 +1.7321e+00 -1.1429e+00
625 0 +1.483646770e-07 +1.015700001e+02 +1.015700001e+02 -1.3291e+00 -2.8633e+00 -2.0797e-01 +1.7321e+00 -1.1433e+00
637 0 +1.202953968e-07 +1.015700001e+02 +1.015700001e+02 -1.3287e+00 -2.8633e+00 -2.0819e-01 +1.7318e+00 -1.1430e+00
645 0 +6.562061117e-08 +1.015700001e+02 +1.015700001e+02 -1.3287e+00 -2.8632e+00 -2.0819e-01 +1.7320e+00 -1.1430e+00
656 0 +4.531298714e-08 +1.015700000e+02 +1.015700000e+02 -1.3290e+00 -2.8631e+00 -2.0799e-01 +1.7320e+00 -1.1432e+00
657 0 +3.962041717e-08 +1.015700000e+02 +1.015700000e+02 -1.3289e+00 -2.8631e+00 -2.0798e-01 +1.7319e+00 -1.1431e+00
673 0 +2.390130760e-08 +1.015700000e+02 +1.015700000e+02 -1.3288e+00 -2.8631e+00 -2.0802e-01 +1.7320e+00 -1.1433e+00
686 0 +4.470692261e-09 +1.015700000e+02 +1.015700000e+02 -1.3288e+00 -2.8632e+00 -2.0796e-01 +1.7320e+00 -1.1432e+00
% f evaluations | g evaluations | best noise-free fitness - Fopt (6.615200000000e+02) + sum g_i+ | measured fitness | best measured fitness or single-digit g-values | x1 | x2...
1 0 +1.210948812e+02 +7.826148812e+02 +7.826148812e+02 -1.5109e+00 +3.5003e+00 +2.4221e+00 -7.3316e-01 +3.2631e+00
2 0 +4.188991835e+01 +7.034099183e+02 +7.034099183e+02 +2.3638e+00 -2.5079e+00 -1.2467e+00 +1.6818e+00 +6.8623e-01
6 0 +2.027425524e+01 +6.817942552e+02 +6.817942552e+02 -9.0575e-01 -3.1275e+00 +4.1395e-01 -7.1544e-01 -7.3343e-01
33 0 +1.490173418e+01 +6.764217342e+02 +6.764217342e+02 -3.4177e+00 -3.4971e+00 -1.5583e+00 +2.0438e-01 -1.9278e+00
34 0 +8.314668786e+00 +6.698346688e+02 +6.698346688e+02 -2.0714e+00 -3.0900e+00 -1.7894e+00 -1.7770e-01 -1.7276e+00
48 0 +6.342745682e+00 +6.678627457e+02 +6.678627457e+02 -1.8987e+00 -4.8851e+00 -3.8451e+00 -8.9125e-01 -2.3352e+00
63 0 +4.516722337e+00 +6.660367223e+02 +6.660367223e+02 -1.8807e+00 -4.2445e+00 -3.8311e+00 -1.0871e+00 -2.2280e+00
69 0 +3.751438141e+00 +6.652714381e+02 +6.652714381e+02 -1.3331e+00 -4.3998e+00 -2.4603e+00 -2.2417e+00 -2.2476e+00
72 0 +8.327733174e-01 +6.623527733e+02 +6.623527733e+02 -1.0103e+00 -2.8270e+00 -3.5764e+00 -2.1037e+00 -2.9436e+00
135 0 +7.681083147e-01 +6.622881083e+02 +6.622881083e+02 -1.1815e+00 -3.6885e+00 -2.8731e+00 -1.1581e+00 -3.1018e+00
143 0 +2.264324528e-01 +6.617464325e+02 +6.617464325e+02 -1.0258e+00 -3.2349e+00 -3.4473e+00 -1.4698e+00 -3.3449e+00
168 0 +8.965163313e-02 +6.616096516e+02 +6.616096516e+02 -1.0747e+00 -3.2617e+00 -2.9657e+00 -1.6383e+00 -3.3629e+00
179 0 +8.301376434e-02 +6.616030138e+02 +6.616030138e+02 -8.9250e-01 -3.3005e+00 -2.9898e+00 -1.9110e+00 -3.3786e+00
197 0 +5.248749078e-02 +6.615724875e+02 +6.615724875e+02 -6.7712e-01 -3.3676e+00 -3.1587e+00 -1.6334e+00 -3.3648e+00
212 0 +4.484682221e-02 +6.615648468e+02 +6.615648468e+02 -7.1617e-01 -3.3810e+00 -3.1057e+00 -1.6709e+00 -3.3341e+00
216 0 +2.514477322e-02 +6.615451448e+02 +6.615451448e+02 -7.5295e-01 -3.3210e+00 -3.0662e+00 -1.6321e+00 -3.3202e+00
217 0 +1.913393388e-02 +6.615391339e+02 +6.615391339e+02 -8.4292e-01 -3.1097e+00 -3.0189e+00 -1.7209e+00 -3.4530e+00
218 0 +1.561998484e-02 +6.615356200e+02 +6.615356200e+02 -7.8753e-01 -3.2547e+00 -3.0914e+00 -1.6069e+00 -3.3119e+00
226 0 +1.026324899e-02 +6.615302632e+02 +6.615302632e+02 -7.5904e-01 -3.2598e+00 -3.0594e+00 -1.7013e+00 -3.3464e+00
233 0 +9.737305269e-03 +6.615297373e+02 +6.615297373e+02 -7.5426e-01 -3.2704e+00 -3.1139e+00 -1.6322e+00 -3.4160e+00
249 0 +3.937606916e-03 +6.615239376e+02 +6.615239376e+02 -7.9183e-01 -3.2371e+00 -3.1143e+00 -1.7081e+00 -3.4127e+00
261 0 +1.073039570e-03 +6.615210730e+02 +6.615210730e+02 -8.0099e-01 -3.2269e+00 -3.0927e+00 -1.6568e+00 -3.3892e+00
293 0 +8.336068066e-04 +6.615208336e+02 +6.615208336e+02 -8.2619e-01 -3.2182e+00 -3.0938e+00 -1.6764e+00 -3.3931e+00
334 0 +2.256446111e-04 +6.615202256e+02 +6.615202256e+02 -8.1700e-01 -3.1950e+00 -3.0827e+00 -1.6722e+00 -3.4018e+00
362 0 +1.771510489e-04 +6.615201772e+02 +6.615201772e+02 -8.1065e-01 -3.1991e+00 -3.0806e+00 -1.6771e+00 -3.4136e+00
366 0 +3.296999341e-05 +6.615200330e+02 +6.615200330e+02 -8.1032e-01 -3.2050e+00 -3.0750e+00 -1.6680e+00 -3.4048e+00
387 0 +3.074326651e-05 +6.615200307e+02 +6.615200307e+02 -8.0600e-01 -3.2032e+00 -3.0792e+00 -1.6724e+00 -3.4077e+00
448 0 +2.502938560e-05 +6.615200250e+02 +6.615200250e+02 -8.0790e-01 -3.2085e+00 -3.0778e+00 -1.6727e+00 -3.4032e+00
449 0 +1.568690732e-05 +6.615200157e+02 +6.615200157e+02 -8.0640e-01 -3.2051e+00 -3.0776e+00 -1.6712e+00 -3.4059e+00
476 0 +1.356769724e-05 +6.615200136e+02 +6.615200136e+02 -8.0911e-01 -3.2086e+00 -3.0815e+00 -1.6721e+00 -3.4057e+00
491 0 +1.068967026e-05 +6.615200107e+02 +6.615200107e+02 -8.0699e-01 -3.2089e+00 -3.0803e+00 -1.6689e+00 -3.4064e+00
499 0 +4.045028732e-06 +6.615200040e+02 +6.615200040e+02 -8.0966e-01 -3.2071e+00 -3.0793e+00 -1.6708e+00 -3.4066e+00
504 0 +3.015326683e-06 +6.615200030e+02 +6.615200030e+02 -8.0804e-01 -3.2074e+00 -3.0799e+00 -1.6705e+00 -3.4064e+00
508 0 +2.443984386e-06 +6.615200024e+02 +6.615200024e+02 -8.0792e-01 -3.2053e+00 -3.0805e+00 -1.6696e+00 -3.4060e+00
526 0 +1.022395963e-06 +6.615200010e+02 +6.615200010e+02 -8.0816e-01 -3.2066e+00 -3.0794e+00 -1.6700e+00 -3.4058e+00
551 0 +5.777245633e-07 +6.615200006e+02 +6.615200006e+02 -8.0871e-01 -3.2067e+00 -3.0802e+00 -1.6691e+00 -3.4060e+00
557 0 +3.813999001e-07 +6.615200004e+02 +6.615200004e+02 -8.0866e-01 -3.2065e+00 -3.0804e+00 -1.6695e+00 -3.4052e+00
584 0 +4.040464319e-08 +6.615200000e+02 +6.615200000e+02 -8.0870e-01 -3.2064e+00 -3.0799e+00 -1.6696e+00 -3.4057e+00
635 0 +3.719981123e-08 +6.615200000e+02 +6.615200000e+02 -8.0891e-01 -3.2063e+00 -3.0799e+00 -1.6697e+00 -3.4056e+00
645 0 +2.770798346e-08 +6.615200000e+02 +6.615200000e+02 -8.0881e-01 -3.2063e+00 -3.0799e+00 -1.6695e+00 -3.4056e+00
646 0 +1.858074938e-08 +6.615200000e+02 +6.615200000e+02 -8.0878e-01 -3.2065e+00 -3.0800e+00 -1.6696e+00 -3.4057e+00
673 0 +1.328942290e-08 +6.615200000e+02 +6.615200000e+02 -8.0890e-01 -3.2064e+00 -3.0800e+00 -1.6696e+00 -3.4056e+00
689 0 +8.303004506e-09 +6.615200000e+02 +6.615200000e+02 -8.0874e-01 -3.2064e+00 -3.0800e+00 -1.6697e+00 -3.4056e+00
1067 0 +0.000000000e+00 +6.615200000e+02 +6.615200000e+02 -8.0880e-01 -3.2064e+00 -3.0800e+00 -1.6696e+00 -3.4056e+00
% f evaluations | g evaluations | best noise-free fitness - Fopt (1.724000000000e+01) + sum g_i+ | measured fitness | best measured fitness or single-digit g-values | x1 | x2...
1 0 +1.330370210e+01 +3.054370210e+01 +3.054370210e+01 +1.5857e+00 -1.7644e+00 -3.2821e+00 +9.5760e-01 -1.1167e+00
23 0 +3.949184787e+00 +2.118918479e+01 +2.118918479e+01 +3.2309e+00 -2.0346e-01 -6.4319e-01 -1.7896e+00 -8.5227e-01
53 0 +1.650274473e+00 +1.889027447e+01 +1.889027447e+01 +3.9840e+00 -1.1133e+00 -5.0184e-01 -1.5395e+00 -2.2128e+00
77 0 +1.013713770e+00 +1.825371377e+01 +1.825371377e+01 +3.6861e+00 -6.5063e-01 -7.3782e-01 -8.5962e-01 -2.2605e+00
87 0 +9.231824918e-01 +1.816318249e+01 +1.816318249e+01 +4.3333e+00 -1.5121e+00 -2.2176e-01 -7.6670e-01 -1.9732e+00
94 0 +8.733427103e-01 +1.811334271e+01 +1.811334271e+01 +4.0403e+00 -1.9664e+00 -1.1256e+00 -5.9703e-02 -1.8061e+00
103 0 +8.612535901e-01 +1.810125359e+01 +1.810125359e+01 +3.8856e+00 -1.6178e+00 -1.2551e+00 +1.5991e-01 -1.8824e+00
106 0 +6.254491257e-01 +1.786544913e+01 +1.786544913e+01 +3.6568e+00 -1.6951e+00 -1.0259e+00 +9.7679e-02 -1.9900e+00
110 0 +4.438224779e-01 +1.768382248e+01 +1.768382248e+01 +4.1594e+00 -1.5626e+00 -1.0736e+00 -4.8479e-01 -1.6285e+00
128 0 +1.449451564e-01 +1.738494516e+01 +1.738494516e+01 +3.5551e+00 -1.1975e+00 -8.6968e-01 -1.9320e-01 -1.6337e+00
163 0 +1.208027324e-01 +1.736080273e+01 +1.736080273e+01 +3.4808e+00 -1.3179e+00 -6.2362e-01 -2.4920e-01 -1.4958e+00
171 0 +1.016361829e-01 +1.734163618e+01 +1.734163618e+01 +3.5143e+00 -1.2786e+00 -7.8964e-01 -3.4457e-01 -1.4457e+00
191 0 +6.577907142e-02 +1.730577907e+01 +1.730577907e+01 +3.7766e+00 -1.3369e+00 -6.6216e-01 -2.7991e-01 -1.7173e+00
194 0 +5.519431419e-02 +1.729519431e+01 +1.729519431e+01 +3.5174e+00 -1.2206e+00 -6.2914e-01 -4.0040e-01 -1.6145e+00
208 0 +4.595162153e-02 +1.728595162e+01 +1.728595162e+01 +3.6002e+00 -1.4381e+00 -8.7403e-01 -3.5134e-01 -1.6828e+00
214 0 +4.119980885e-02 +1.728119981e+01 +1.728119981e+01 +3.6128e+00 -1.5204e+00 -7.2346e-01 -3.5937e-01 -1.6015e+00
217 0 +8.114705798e-03 +1.724811471e+01 +1.724811471e+01 +3.6328e+00 -1.4439e+00 -7.5495e-01 -4.5208e-01 -1.6428e+00
262 0 +3.128592048e-03 +1.724312859e+01 +1.724312859e+01 +3.6231e+00 -1.4045e+00 -6.8629e-01 -4.4472e-01 -1.6609e+00
278 0 +7.286667266e-04 +1.724072867e+01 +1.724072867e+01 +3.6199e+00 -1.3837e+00 -7.1399e-01 -4.5716e-01 -1.6693e+00
317 0 +4.731780363e-04 +1.724047318e+01 +1.724047318e+01 +3.6177e+00 -1.3744e+00 -7.1276e-01 -4.6959e-01 -1.6661e+00
360 0 +3.593316202e-04 +1.724035933e+01 +1.724035933e+01 +3.6468e+00 -1.3781e+00 -7.2447e-01 -4.7742e-01 -1.6872e+00
398 0 +2.177345409e-04 +1.724021773e+01 +1.724021773e+01 +3.6354e+00 -1.3773e+00 -7.2243e-01 -4.8405e-01 -1.6694e+00
415 0 +1.047544071e-04 +1.724010475e+01 +1.724010475e+01 +3.6321e+00 -1.3815e+00 -7.2169e-01 -4.8056e-01 -1.6744e+00
419 0 +8.665800419e-05 +1.724008666e+01 +1.724008666e+01 +3.6321e+00 -1.3758e+00 -7.2077e-01 -4.7476e-01 -1.6732e+00
422 0 +6.869387092e-05 +1.724006869e+01 +1.724006869e+01 +3.6346e+00 -1.3752e+00 -7.1578e-01 -4.7100e-01 -1.6761e+00
431 0 +2.879294692e-05 +1.724002879e+01 +1.724002879e+01 +3.6323e+00 -1.3810e+00 -7.1339e-01 -4.7832e-01 -1.6773e+00
454 0 +2.005523170e-05 +1.724002006e+01 +1.724002006e+01 +3.6277e+00 -1.3763e+00 -7.1582e-01 -4.7864e-01 -1.6801e+00
472 0 +1.700413073e-05 +1.724001700e+01 +1.724001700e+01 +3.6335e+00 -1.3757e+00 -7.1280e-01 -4.7536e-01 -1.6783e+00
493 0 +1.370931918e-05 +1.724001371e+01 +1.724001371e+01 +3.6311e+00 -1.3744e+00 -7.1311e-01 -4.7882e-01 -1.6789e+00
499 0 +7.499274496e-06 +1.724000750e+01 +1.724000750e+01 +3.6316e+00 -1.3768e+00 -7.1459e-01 -4.7772e-01 -1.6774e+00
508 0 +4.963794453e-06 +1.724000496e+01 +1.724000496e+01 +3.6324e+00 -1.3767e+00 -7.1313e-01 -4.7808e-01 -1.6795e+00
516 0 +3.577979172e-06 +1.724000358e+01 +1.724000358e+01 +3.6319e+00 -1.3766e+00 -7.1496e-01 -4.7588e-01 -1.6807e+00
524 0 +3.383162380e-06 +1.724000338e+01 +1.724000338e+01 +3.6310e+00 -1.3762e+00 -7.1601e-01 -4.7837e-01 -1.6809e+00
526 0 +2.266667469e-06 +1.724000227e+01 +1.724000227e+01 +3.6319e+00 -1.3766e+00 -7.1668e-01 -4.7761e-01 -1.6802e+00
533 0 +1.324259163e-06 +1.724000132e+01 +1.724000132e+01 +3.6316e+00 -1.3762e+00 -7.1517e-01 -4.7824e-01 -1.6793e+00
546 0 +1.266529939e-06 +1.724000127e+01 +1.724000127e+01 +3.6328e+00 -1.3763e+00 -7.1468e-01 -4.7744e-01 -1.6802e+00
554 0 +5.996135855e-07 +1.724000060e+01 +1.724000060e+01 +3.6324e+00 -1.3770e+00 -7.1515e-01 -4.7813e-01 -1.6797e+00
569 0 +2.086730149e-07 +1.724000021e+01 +1.724000021e+01 +3.6323e+00 -1.3765e+00 -7.1517e-01 -4.7768e-01 -1.6801e+00
609 0 +8.020467135e-08 +1.724000008e+01 +1.724000008e+01 +3.6321e+00 -1.3770e+00 -7.1510e-01 -4.7756e-01 -1.6802e+00
650 0 +2.637646901e-08 +1.724000003e+01 +1.724000003e+01 +3.6319e+00 -1.3767e+00 -7.1533e-01 -4.7763e-01 -1.6800e+00
709 0 +1.858088439e-08 +1.724000002e+01 +1.724000002e+01 +3.6319e+00 -1.3768e+00 -7.1527e-01 -4.7765e-01 -1.6800e+00
719 0 +1.154208107e-08 +1.724000001e+01 +1.724000001e+01 +3.6321e+00 -1.3768e+00 -7.1522e-01 -4.7758e-01 -1.6799e+00
734 0 +8.649269745e-09 +1.724000001e+01 +1.724000001e+01 +3.6320e+00 -1.3768e+00 -7.1512e-01 -4.7760e-01 -1.6800e+00
% f evaluations | g evaluations | best noise-free fitness - Fopt (-7.742900000000e+02) + sum g_i+ | measured fitness | best measured fitness or single-digit g-values | x1 | x2...
1 0 +5.336739899e+01 -7.209226010e+02 -7.209226010e+02 +2.0159e+00 +9.5951e-01 +7.0951e-01 +2.3304e+00 -1.7279e+00
2 0 +2.586385561e+01 -7.484261444e+02 -7.484261444e+02 -2.0334e+00 -2.3677e+00 +5.3969e-01 +8.8578e-01 +2.1800e+00
7 0 +1.325228544e+01 -7.610377146e+02 -7.610377146e+02 +4.1045e-01 +2.6985e+00 +6.1097e-01 -3.7164e+00 +7.2737e-01
9 0 +6.155225864e+00 -7.681347741e+02 -7.681347741e+02 -6.2580e-01 +6.8404e-01 +8.8174e-01 -1.2994e+00 +9.4613e-01
27 0 +2.446989724e+00 -7.718430103e+02 -7.718430103e+02 -1.5801e+00 +7.2529e-01 +1.2807e+00 -2.1039e+00 +1.3650e+00
882 0 +2.292340403e+00 -7.719976596e+02 -7.719976596e+02 -1.1206e+00 +3.0035e-01 +2.6073e+00 -2.7458e+00 +1.9059e+00
963 0 +1.896663121e+00 -7.723933369e+02 -7.723933369e+02 -1.0960e+00 -5.8370e-01 +1.0916e+00 -3.5568e+00 +1.8195e+00
1557 0 +1.743255396e+00 -7.725467446e+02 -7.725467446e+02 -6.6677e-01 -5.4824e-01 +1.2466e+00 -2.6600e+00 +7.2727e-01
2286 0 +1.210019915e+00 -7.730799801e+02 -7.730799801e+02 -2.3011e+00 +6.8450e-01 +1.7219e+00 -3.3827e+00 +1.2151e+00
8937 0 +8.236314719e-01 -7.734663685e+02 -7.734663685e+02 -1.3308e+00 +2.7387e-01 +1.5089e+00 -2.5145e+00 +8.3477e-01
8946 0 +5.763875213e-01 -7.737136125e+02 -7.737136125e+02 -1.0032e+00 -5.4255e-03 +2.1245e+00 -3.5624e+00 +7.1423e-01
15525 0 +4.018668610e-01 -7.738881331e+02 -7.738881331e+02 -1.2862e+00 +4.2748e-01 +1.8255e+00 -3.4804e+00 +7.7350e-01
38167 0 +3.766608226e-01 -7.739133392e+02 -7.739133392e+02 -1.3024e+00 -4.2645e-01 +2.0915e+00 -3.0168e+00 +1.0509e+00
62469 0 +3.287764588e-01 -7.739612235e+02 -7.739612235e+02 -2.0121e+00 +2.6334e-01 +1.6744e+00 -3.1419e+00 +8.8074e-01
92916 0 +2.884644336e-01 -7.740015356e+02 -7.740015356e+02 -1.2473e+00 -1.1350e-01 +1.4467e+00 -3.3752e+00 +6.8254e-01
% f evaluations | g evaluations | best noise-free fitness - Fopt (-2.181900000000e+02) + sum g_i+ | measured fitness | best measured fitness or single-digit g-values | x1 | x2...
1 0 +2.933890661e+01 -1.888510934e+02 -1.888510934e+02 -2.4389e+00 -1.6502e+00 -1.9997e+00 +2.4016e+00 +1.0284e-02
9 0 +2.282846604e+01 -1.953615340e+02 -1.953615340e+02 -1.1297e+00 -2.6353e-01 -1.3690e+00 +9.3599e-01 +6.2393e-01
21 0 +1.121314542e+01 -2.069768546e+02 -2.069768546e+02 +7.6013e-02 +1.0540e+00 -2.3595e+00 +3.1126e+00 -1.8469e+00
54 0 +1.047563584e+01 -2.077143642e+02 -2.077143642e+02 -5.4626e-01 +2.8517e+00 -2.4332e+00 -6.9422e-01 -3.7829e-01
202 0 +3.244692880e+00 -2.149453071e+02 -2.149453071e+02 -2.2097e+00 +1.5804e+00 -3.4883e+00 +1.3486e+00 -1.1619e+00
1684 0 +2.477877826e+00 -2.157121222e+02 -2.157121222e+02 -1.7788e+00 +2.4081e+00 -3.2992e+00 +4.9933e-01 -2.2608e+00
1820 0 +1.275831569e+00 -2.169141684e+02 -2.169141684e+02 -1.1252e+00 +3.5810e+00 -4.1304e+00 +1.9551e+00 -1.4249e+00
4914 0 +1.196965488e+00 -2.169930345e+02 -2.169930345e+02 -1.5983e+00 +2.9925e+00 -3.2064e+00 +8.0987e-01 -1.2918e+00
12327 0 +1.149418345e+00 -2.170405817e+02 -2.170405817e+02 -8.4136e-01 +3.4571e+00 -3.4671e+00 +1.4073e+00 -1.6725e+00
16353 0 +9.943165545e-01 -2.171956834e+02 -2.171956834e+02 -1.8475e+00 +2.6755e+00 -3.5568e+00 +9.0731e-01 -1.6951e+00
17478 0 +8.440490846e-01 -2.173459509e+02 -2.173459509e+02 -1.4539e+00 +3.7400e+00 -2.8791e+00 +1.8669e+00 -1.3934e+00
56070 0 +4.408005259e-01 -2.177491995e+02 -2.177491995e+02 -1.6168e+00 +2.6997e+00 -3.3175e+00 +2.0314e+00 -1.4854e+00
% f evaluations | g evaluations | best noise-free fitness - Fopt (-1.275300000000e+02) + sum g_i+ | measured fitness | best measured fitness or single-digit g-values | x1 | x2...
1 0 +6.308593141e+01 -6.444406859e+01 -6.444406859e+01 +1.7098e-02 -2.4011e-01 +7.4596e-01 +2.0442e+00 +1.5336e-01
2 0 +4.168031457e+01 -8.584968543e+01 -8.584968543e+01 -4.8397e+00 -1.5887e+00 +1.6653e-01 +3.1236e-01 -8.2633e-01
22 0 +2.614308691e+01 -1.013869131e+02 -1.013869131e+02 -9.1027e-01 +1.0925e+00 -1.0011e+00 -1.0938e+00 +8.0296e-01
79 0 +2.050754323e+01 -1.070224568e+02 -1.070224568e+02 -8.2373e-01 +1.4312e+00 -1.6097e+00 +2.1977e-01 -1.7279e+00
101 0 +1.433718874e+01 -1.131928113e+02 -1.131928113e+02 +1.8865e-01 +3.3179e+00 -1.4124e+00 -3.1390e+00 -2.7038e+00
108 0 +1.302259900e+01 -1.145074010e+02 -1.145074010e+02 -1.6491e-01 +4.1780e+00 -1.7298e+00 -2.5829e+00 -3.0610e+00
131 0 +7.755667870e+00 -1.197743321e+02 -1.197743321e+02 -3.0310e+00 +2.8374e+00 -2.3997e+00 -1.4358e+00 -4.8028e+00
135 0 +5.171632118e+00 -1.223583679e+02 -1.223583679e+02 -2.7454e+00 +4.2420e+00 -1.6357e+00 -1.4134e+00 -3.3539e+00
372 0 +4.237120587e+00 -1.232928794e+02 -1.232928794e+02 -3.3661e+00 +4.2448e+00 -3.6816e+00 -2.9564e+00 -3.0694e+00
378 0 +1.412052421e+00 -1.261179476e+02 -1.261179476e+02 -3.1736e+00 +3.5118e+00 -2.8390e+00 -2.2875e+00 -2.1167e+00
8636 0 +1.016038798e+00 -1.265139612e+02 -1.265139612e+02 -3.5294e+00 +2.2904e+00 -2.7587e+00 -2.9116e+00 -2.6445e+00
13432 0 +7.693704242e-01 -1.267606296e+02 -1.267606296e+02 -2.9870e+00 +2.4803e+00 -2.4095e+00 -3.0368e+00 -2.2667e+00
13495 0 +4.902514113e-01 -1.270397486e+02 -1.270397486e+02 -3.6808e+00 +3.6429e+00 -2.2916e+00 -2.7227e+00 -2.3180e+00
% f evaluations | g evaluations | best noise-free fitness - Fopt (1.000000000000e+03) + sum g_i+ | measured fitness | best measured fitness or single-digit g-values | x1 | x2...
1 0 +7.868958843e+01 +1.078689588e+03 +1.078689588e+03 +3.6998e+00 +1.2724e+00 +1.4524e-01 -1.8105e+00 +5.6711e-01
2 0 +2.415054633e+01 +1.024150546e+03 +1.024150546e+03 +1.3716e+00 -2.8178e+00 +1.3439e+00 +1.3466e+00 -4.6160e+00
6 0 +2.186639169e+01 +1.021866392e+03 +1.021866392e+03 -5.0899e-01 +3.0410e-01 -1.6456e+00 +1.4186e+00 -2.3663e-01
9 0 +1.066435340e+01 +1.010664353e+03 +1.010664353e+03 -7.8533e-01 -1.5025e+00 -3.1396e+00 +2.5361e+00 -4.4261e+00
10 0 +8.430736848e+00 +1.008430737e+03 +1.008430737e+03 -1.3135e+00 -1.0101e+00 -8.5777e-01 +3.1290e+00 -2.5316e+00
21 0 +6.097184006e+00 +1.006097184e+03 +1.006097184e+03 -2.5976e+00 -2.7436e+00 -7.4883e-01 +3.5485e+00 -1.8443e+00
51 0 +4.961163924e+00 +1.004961164e+03 +1.004961164e+03 -2.1482e+00 -4.0585e+00 -1.3570e+00 +1.5565e+00 -1.3626e+00
57 0 +2.623275230e+00 +1.002623275e+03 +1.002623275e+03 -1.5385e+00 -5.0230e+00 -2.1199e+00 +2.8594e+00 -2.5573e+00
90 0 +1.217684842e+00 +1.001217685e+03 +1.001217685e+03 -7.5082e-01 -3.4122e+00 -1.1737e+00 +3.3235e+00 -1.6664e+00
105 0 +1.123550764e+00 +1.001123551e+03 +1.001123551e+03 -2.8151e-01 -3.8039e+00 -1.2801e+00 +2.5131e+00 -2.7400e+00
110 0 +6.039290760e-01 +1.000603929e+03 +1.000603929e+03 -4.8009e-01 -4.2847e+00 -1.7604e+00 +2.7630e+00 -2.1734e+00
127 0 +3.889616835e-01 +1.000388962e+03 +1.000388962e+03 -1.2548e+00 -3.7154e+00 -1.7274e+00 +2.9620e+00 -2.6006e+00
138 0 +1.659699092e-01 +1.000165970e+03 +1.000165970e+03 -9.8322e-01 -3.3979e+00 -1.9738e+00 +2.8926e+00 -2.5522e+00
180 0 +8.841774757e-02 +1.000088418e+03 +1.000088418e+03 -7.8616e-01 -3.6979e+00 -2.0034e+00 +3.1038e+00 -2.4478e+00
211 0 +5.686621040e-02 +1.000056866e+03 +1.000056866e+03 -7.7734e-01 -3.8529e+00 -1.9092e+00 +2.8822e+00 -2.2480e+00
215 0 +3.528188998e-02 +1.000035282e+03 +1.000035282e+03 -8.7642e-01 -3.7021e+00 -1.8225e+00 +2.9451e+00 -2.2722e+00
217 0 +2.314369093e-02 +1.000023144e+03 +1.000023144e+03 -7.6885e-01 -3.5993e+00 -1.8853e+00 +2.8364e+00 -2.1493e+00
223 0 +2.074738312e-02 +1.000020747e+03 +1.000020747e+03 -7.9470e-01 -3.7007e+00 -1.8807e+00 +2.9356e+00 -2.3422e+00
231 0 +1.486321874e-02 +1.000014863e+03 +1.000014863e+03 -8.3064e-01 -3.6959e+00 -1.8894e+00 +2.8278e+00 -2.2640e+00
235 0 +9.283454706e-03 +1.000009283e+03 +1.000009283e+03 -7.5837e-01 -3.6679e+00 -1.9527e+00 +2.8159e+00 -2.2954e+00
275 0 +8.190274680e-03 +1.000008190e+03 +1.000008190e+03 -8.1177e-01 -3.6448e+00 -1.9676e+00 +2.8075e+00 -2.2295e+00
288 0 +4.905791062e-03 +1.000004906e+03 +1.000004906e+03 -7.5596e-01 -3.6391e+00 -1.9915e+00 +2.8766e+00 -2.3097e+00
296 0 +4.749123908e-03 +1.000004749e+03 +1.000004749e+03 -8.1789e-01 -3.6643e+00 -1.9706e+00 +2.8458e+00 -2.2968e+00
308 0 +1.458412689e-03 +1.000001458e+03 +1.000001458e+03 -7.9911e-01 -3.5858e+00 -1.9573e+00 +2.8962e+00 -2.2730e+00
374 0 +8.624265081e-04 +1.000000862e+03 +1.000000862e+03 -8.1462e-01 -3.6436e+00 -1.9658e+00 +2.8910e+00 -2.2634e+00
389 0 +7.776586162e-04 +1.000000778e+03 +1.000000778e+03 -8.1228e-01 -3.6340e+00 -1.9610e+00 +2.8646e+00 -2.2672e+00
390 0 +5.970799183e-04 +1.000000597e+03 +1.000000597e+03 -8.0842e-01 -3.6150e+00 -1.9647e+00 +2.8794e+00 -2.2475e+00
396 0 +3.685849292e-04 +1.000000369e+03 +1.000000369e+03 -7.9437e-01 -3.6104e+00 -1.9631e+00 +2.8784e+00 -2.2537e+00
430 0 +2.768286636e-04 +1.000000277e+03 +1.000000277e+03 -8.0198e-01 -3.6313e+00 -1.9615e+00 +2.8934e+00 -2.2765e+00
435 0 +2.448246908e-04 +1.000000245e+03 +1.000000245e+03 -7.9595e-01 -3.6345e+00 -1.9528e+00 +2.8879e+00 -2.2635e+00
441 0 +1.610032677e-04 +1.000000161e+03 +1.000000161e+03 -8.0115e-01 -3.6117e+00 -1.9568e+00 +2.8834e+00 -2.2734e+00
444 0 +1.214260703e-04 +1.000000121e+03 +1.000000121e+03 -7.9359e-01 -3.6227e+00 -1.9567e+00 +2.8919e+00 -2.2738e+00
463 0 +1.162181291e-04 +1.000000116e+03 +1.000000116e+03 -7.9452e-01 -3.6185e+00 -1.9542e+00 +2.8820e+00 -2.2598e+00
465 0 +1.018814514e-04 +1.000000102e+03 +1.000000102e+03 -8.0041e-01 -3.6279e+00 -1.9602e+00 +2.8782e+00 -2.2639e+00
468 0 +2.406049180e-05 +1.000000024e+03 +1.000000024e+03 -7.9473e-01 -3.6218e+00 -1.9595e+00 +2.8887e+00 -2.2677e+00
475 0 +2.090371004e-05 +1.000000021e+03 +1.000000021e+03 -7.9893e-01 -3.6219e+00 -1.9560e+00 +2.8835e+00 -2.2660e+00
496 0 +1.971232905e-05 +1.000000020e+03 +1.000000020e+03 -8.0022e-01 -3.6244e+00 -1.9604e+00 +2.8843e+00 -2.2651e+00
510 0 +6.590959742e-06 +1.000000007e+03 +1.000000007e+03 -7.9761e-01 -3.6209e+00 -1.9605e+00 +2.8852e+00 -2.2696e+00
515 0 +5.767852713e-06 +1.000000006e+03 +1.000000006e+03 -7.9775e-01 -3.6206e+00 -1.9606e+00 +2.8829e+00 -2.2680e+00
531 0 +3.704340656e-06 +1.000000004e+03 +1.000000004e+03 -7.9731e-01 -3.6209e+00 -1.9605e+00 +2.8831e+00 -2.2676e+00
542 0 +2.283672984e-07 +1.000000000e+03 +1.000000000e+03 -7.9760e-01 -3.6213e+00 -1.9603e+00 +2.8846e+00 -2.2670e+00
566 0 +1.132103762e-07 +1.000000000e+03 +1.000000000e+03 -7.9734e-01 -3.6218e+00 -1.9600e+00 +2.8848e+00 -2.2673e+00
653 0 +9.707787285e-08 +1.000000000e+03 +1.000000000e+03 -7.9738e-01 -3.6214e+00 -1.9600e+00 +2.8849e+00 -2.2671e+00
670 0 +7.246148925e-08 +1.000000000e+03 +1.000000000e+03 -7.9753e-01 -3.6215e+00 -1.9602e+00 +2.8846e+00 -2.2672e+00
675 0 +3.404591098e-08 +1.000000000e+03 +1.000000000e+03 -7.9764e-01 -3.6214e+00 -1.9600e+00 +2.8847e+00 -2.2672e+00
700 0 +2.707690783e-08 +1.000000000e+03 +1.000000000e+03 -7.9767e-01 -3.6216e+00 -1.9601e+00 +2.8847e+00 -2.2671e+00
716 0 +2.348303951e-08 +1.000000000e+03 +1.000000000e+03 -7.9756e-01 -3.6215e+00 -1.9601e+00 +2.8848e+00 -2.2673e+00
721 0 +2.175647751e-08 +1.000000000e+03 +1.000000000e+03 -7.9774e-01 -3.6216e+00 -1.9601e+00 +2.8848e+00 -2.2672e+00
722 0 +1.073703970e-08 +1.000000000e+03 +1.000000000e+03 -7.9758e-01 -3.6215e+00 -1.9600e+00 +2.8848e+00 -2.2672e+00
756 0 +5.413426152e-09 +1.000000000e+03 +1.000000000e+03 -7.9764e-01 -3.6216e+00 -1.9600e+00 +2.8848e+00 -2.2672e+00
1156 0 +0.000000000e+00 +1.000000000e+03 +1.000000000e+03 -7.9760e-01 -3.6216e+00 -1.9600e+00 +2.8848e+00 -2.2672e+00
% f evaluations | g evaluations | best noise-free fitness - Fopt (2.152000000000e+01) + sum g_i+ | measured fitness | best measured fitness or single-digit g-values | x1 | x2...
1 0 +1.361334214e+01 +3.513334214e+01 +3.513334214e+01 +2.8976e+00 -1.5784e-01 -1.5955e-01 -1.7592e-01 -2.9886e+00
10 0 +1.212994693e+01 +3.364994693e+01 +3.364994693e+01 +3.4051e+00 +2.9551e+00 -1.2694e+00 +3.1207e-01 -5.7557e-01
17 0 +1.033865364e+01 +3.185865364e+01 +3.185865364e+01 +5.4855e+00 +1.9860e+00 -1.0468e+00 -3.5871e+00 -1.9981e+00
19 0 +4.479006087e+00 +2.599900609e+01 +2.599900609e+01 +3.6701e+00 +2.3308e-01 -3.2503e+00 -2.8630e+00 -2.3660e+00
28 0 +3.117570909e+00 +2.463757091e+01 +2.463757091e+01 +4.0708e+00 +1.9680e+00 -1.7263e+00 -3.4332e+00 -1.8803e+00
39 0 +2.384187366e+00 +2.390418737e+01 +2.390418737e+01 +3.0138e+00 +1.7468e+00 -2.3191e+00 -2.0501e+00 -3.2885e+00
55 0 +2.074569936e+00 +2.359456994e+01 +2.359456994e+01 +2.5541e+00 +2.2002e+00 -1.2486e+00 -2.5188e+00 -8.9897e-01
63 0 +6.359207707e-01 +2.215592077e+01 +2.215592077e+01 +2.9655e+00 +2.2266e+00 -2.6181e+00 -2.4756e+00 -1.8759e+00
91 0 +6.279030438e-01 +2.214790304e+01 +2.214790304e+01 +2.4892e+00 +1.1145e+00 -1.9152e+00 -2.6626e+00 -2.2803e+00
94 0 +6.000597618e-01 +2.212005976e+01 +2.212005976e+01 +2.2939e+00 +1.9328e+00 -2.0451e+00 -2.9419e+00 -2.0351e+00
107 0 +2.569905193e-01 +2.177699052e+01 +2.177699052e+01 +2.8106e+00 +1.4998e+00 -2.5895e+00 -2.2554e+00 -1.9726e+00
110 0 +2.116738797e-01 +2.173167388e+01 +2.173167388e+01 +2.4412e+00 +1.4989e+00 -2.1006e+00 -2.3999e+00 -2.1649e+00
117 0 +1.401373880e-01 +2.166013739e+01 +2.166013739e+01 +2.7424e+00 +1.7022e+00 -2.3817e+00 -2.3690e+00 -1.5503e+00
160 0 +7.514133892e-02 +2.159514134e+01 +2.159514134e+01 +2.7676e+00 +1.6736e+00 -2.0569e+00 -2.5187e+00 -2.0632e+00
165 0 +3.357221590e-02 +2.155357222e+01 +2.155357222e+01 +2.6274e+00 +1.6067e+00 -2.0994e+00 -2.3694e+00 -1.9597e+00
208 0 +7.722459961e-03 +2.152772246e+01 +2.152772246e+01 +2.6802e+00 +1.6165e+00 -2.1128e+00 -2.4575e+00 -1.8838e+00
224 0 +7.231079184e-03 +2.152723108e+01 +2.152723108e+01 +2.7257e+00 +1.6228e+00 -2.0987e+00 -2.4840e+00 -1.8072e+00
238 0 +4.029689910e-03 +2.152402969e+01 +2.152402969e+01 +2.7197e+00 +1.6229e+00 -2.1786e+00 -2.4900e+00 -1.8276e+00
253 0 +2.354096640e-03 +2.152235410e+01 +2.152235410e+01 +2.7309e+00 +1.5856e+00 -2.1345e+00 -2.4496e+00 -1.8305e+00
285 0 +2.138878095e-03 +2.152213888e+01 +2.152213888e+01 +2.7315e+00 +1.6216e+00 -2.1555e+00 -2.4448e+00 -1.8773e+00
288 0 +7.394518682e-04 +2.152073945e+01 +2.152073945e+01 +2.7309e+00 +1.5983e+00 -2.1506e+00 -2.4275e+00 -1.8418e+00
297 0 +7.085924556e-04 +2.152070859e+01 +2.152070859e+01 +2.7343e+00 +1.6288e+00 -2.1517e+00 -2.4114e+00 -1.8192e+00
323 0 +4.485120297e-05 +2.152004485e+01 +2.152004485e+01 +2.7294e+00 +1.6181e+00 -2.1606e+00 -2.4330e+00 -1.8296e+00
440 0 +4.441847901e-05 +2.152004442e+01 +2.152004442e+01 +2.7320e+00 +1.6202e+00 -2.1606e+00 -2.4259e+00 -1.8327e+00
461 0 +4.077014095e-05 +2.152004077e+01 +2.152004077e+01 +2.7306e+00 +1.6191e+00 -2.1618e+00 -2.4291e+00 -1.8374e+00
463 0 +3.223815710e-05 +2.152003224e+01 +2.152003224e+01 +2.7297e+00 +1.6236e+00 -2.1604e+00 -2.4253e+00 -1.8333e+00
466 0 +1.756887232e-05 +2.152001757e+01 +2.152001757e+01 +2.7289e+00 +1.6244e+00 -2.1615e+00 -2.4278e+00 -1.8344e+00
505 0 +8.731802662e-06 +2.152000873e+01 +2.152000873e+01 +2.7279e+00 +1.6232e+00 -2.1617e+00 -2.4300e+00 -1.8323e+00
524 0 +7.350747389e-06 +2.152000735e+01 +2.152000735e+01 +2.7278e+00 +1.6230e+00 -2.1612e+00 -2.4290e+00 -1.8327e+00
525 0 +4.234529932e-06 +2.152000423e+01 +2.152000423e+01 +2.7278e+00 +1.6212e+00 -2.1579e+00 -2.4295e+00 -1.8331e+00
534 0 +2.507288436e-06 +2.152000251e+01 +2.152000251e+01 +2.7269e+00 +1.6223e+00 -2.1593e+00 -2.4293e+00 -1.8337e+00
593 0 +2.346387060e-06 +2.152000235e+01 +2.152000235e+01 +2.7285e+00 +1.6224e+00 -2.1594e+00 -2.4298e+00 -1.8323e+00
597 0 +2.080575626e-06 +2.152000208e+01 +2.152000208e+01 +2.7281e+00 +1.6215e+00 -2.1590e+00 -2.4307e+00 -1.8347e+00
605 0 +1.352632967e-06 +2.152000135e+01 +2.152000135e+01 +2.7278e+00 +1.6215e+00 -2.1587e+00 -2.4303e+00 -1.8340e+00
616 0 +1.093783826e-06 +2.152000109e+01 +2.152000109e+01 +2.7284e+00 +1.6225e+00 -2.1586e+00 -2.4311e+00 -1.8335e+00
619 0 +5.001969221e-07 +2.152000050e+01 +2.152000050e+01 +2.7282e+00 +1.6226e+00 -2.1594e+00 -2.4304e+00 -1.8330e+00
636 0 +3.514831590e-07 +2.152000035e+01 +2.152000035e+01 +2.7277e+00 +1.6224e+00 -2.1588e+00 -2.4303e+00 -1.8339e+00
652 0 +1.636796085e-07 +2.152000016e+01 +2.152000016e+01 +2.7283e+00 +1.6223e+00 -2.1591e+00 -2.4304e+00 -1.8339e+00
662 0 +1.148124831e-07 +2.152000011e+01 +2.152000011e+01 +2.7281e+00 +1.6226e+00 -2.1595e+00 -2.4303e+00 -1.8337e+00
668 0 +9.152160629e-08 +2.152000009e+01 +2.152000009e+01 +2.7280e+00 +1.6226e+00 -2.1593e+00 -2.4304e+00 -1.8335e+00
682 0 +7.204287655e-08 +2.152000007e+01 +2.152000007e+01 +2.7280e+00 +1.6225e+00 -2.1591e+00 -2.4302e+00 -1.8335e+00
684 0 +4.731217373e-08 +2.152000005e+01 +2.152000005e+01 +2.7281e+00 +1.6225e+00 -2.1593e+00 -2.4304e+00 -1.8337e+00
693 0 +4.536507348e-08 +2.152000005e+01 +2.152000005e+01 +2.7281e+00 +1.6224e+00 -2.1592e+00 -2.4304e+00 -1.8338e+00
705 0 +3.988064989e-08 +2.152000004e+01 +2.152000004e+01 +2.7279e+00 +1.6225e+00 -2.1591e+00 -2.4303e+00 -1.8337e+00
713 0 +3.277359184e-08 +2.152000003e+01 +2.152000003e+01 +2.7278e+00 +1.6224e+00 -2.1592e+00 -2.4304e+00 -1.8337e+00
730 0 +2.998954685e-08 +2.152000003e+01 +2.152000003e+01 +2.7280e+00 +1.6223e+00 -2.1592e+00 -2.4303e+00 -1.8337e+00
737 0 +2.687108491e-08 +2.152000003e+01 +2.152000003e+01 +2.7280e+00 +1.6225e+00 -2.1592e+00 -2.4303e+00 -1.8337e+00
745 0 +2.527115228e-08 +2.152000003e+01 +2.152000003e+01 +2.7278e+00 +1.6224e+00 -2.1592e+00 -2.4304e+00 -1.8336e+00
757 0 +1.011240158e-08 +2.152000001e+01 +2.152000001e+01 +2.7279e+00 +1.6224e+00 -2.1592e+00 -2.4304e+00 -1.8336e+00
773 0 +5.883762810e-09 +2.152000001e+01 +2.152000001e+01 +2.7279e+00 +1.6224e+00 -2.1592e+00 -2.4304e+00 -1.8336e+00
% f evaluations | g evaluations | best noise-free fitness - Fopt (-2.410000000000e+00) + sum g_i+ | measured fitness | best measured fitness or single-digit g-values | x1 | x2...
1 0 +4.247891323e+01 +4.006891323e+01 +4.006891323e+01 +1.9112e+00 -2.8763e+00 -1.0415e+00 -3.3932e+00 -1.2129e+00
5 0 +2.045896853e+01 +1.804896853e+01 +1.804896853e+01 +3.2925e+00 -5.5203e-01 +1.0742e+00 +1.4084e+00 -4.6231e-01
11 0 +1.515633568e+01 +1.274633568e+01 +1.274633568e+01 +5.6636e+00 -5.5815e-01 -1.0949e-01 +5.3622e-01 -2.5747e+00
12 0 +1.171382066e+01 +9.303820658e+00 +9.303820658e+00 +1.3665e+00 +8.5571e-01 -3.6704e-01 -1.9869e+00 -1.8002e+00
28 0 +6.923552034e+00 +4.513552034e+00 +4.513552034e+00 +2.6455e+00 +2.9735e+00 +1.8383e+00 -2.1768e+00 -3.8251e+00
29 0 +6.075148266e+00 +3.665148266e+00 +3.665148266e+00 +3.0309e+00 +2.9340e+00 +2.1821e+00 -9.7556e-01 -2.6470e+00
32 0 +4.960218122e+00 +2.550218122e+00 +2.550218122e+00 +3.3829e+00 +3.9336e-01 -1.2910e-01 -1.7170e+00 -3.2707e+00
36 0 +4.635068758e+00 +2.225068758e+00 +2.225068758e+00 +4.3128e+00 +2.5364e+00 +1.3804e+00 -1.5969e+00 -3.7777e+00
49 0 +4.353171760e+00 +1.943171760e+00 +1.943171760e+00 +4.4391e+00 +1.6040e+00 +1.2750e+00 -1.4997e+00 -3.3377e+00
50 0 +2.329589235e+00 -8.041076530e-02 -8.041076530e-02 +4.4245e+00 +1.8061e+00 +8.6675e-02 -3.3420e-01 -4.4031e+00
87 0 +7.249252313e-01 -1.685074769e+00 -1.685074769e+00 +3.0424e+00 +1.8995e+00 +9.5568e-01 -6.5221e-01 -4.4675e+00
131 0 +4.982397135e-01 -1.911760286e+00 -1.911760286e+00 +2.9084e+00 +1.3319e+00 +1.5472e-01 -6.2134e-01 -3.9407e+00
317 0 +1.663879359e-01 -2.243612064e+00 -2.243612064e+00 +3.0129e+00 +2.1689e+00 +5.8185e-01 -1.2829e-01 -3.7500e+00
3310 0 +1.443665406e-01 -2.265633459e+00 -2.265633459e+00 +2.7580e+00 +1.6446e+00 +5.3121e-01 -1.6180e-01 -3.7673e+00
5146 0 +1.128511190e-01 -2.297148881e+00 -2.297148881e+00 +2.9542e+00 +1.5696e+00 +5.7823e-01 -4.1368e-01 -3.7537e+00
18188 0 +1.117425612e-01 -2.298257439e+00 -2.298257439e+00 +2.9935e+00 +1.7757e+00 +6.2500e-01 -2.6422e-01 -3.5705e+00
21506 0 +7.432817305e-02 -2.335671827e+00 -2.335671827e+00 +2.9533e+00 +1.8921e+00 +5.1033e-01 -3.2404e-01 -4.1038e+00
40806 0 +4.229207456e-02 -2.367707925e+00 -2.367707925e+00 +2.9603e+00 +1.7243e+00 +4.3176e-01 -1.8059e-01 -3.9719e+00
49270 0 +1.569776744e-02 -2.394302233e+00 -2.394302233e+00 +3.1055e+00 +1.8503e+00 +5.9599e-01 -2.9559e-01 -3.8373e+00
% f evaluations | g evaluations | best noise-free fitness - Fopt (6.995000000000e+01) + sum g_i+ | measured fitness | best measured fitness or single-digit g-values | x1 | x2...
1 0 +1.525269902e+01 +8.520269902e+01 +8.520269902e+01 +1.0887e+00 +2.2170e+00 +7.1245e-01 -6.6194e-01 +9.4417e-02
11 0 +1.360635864e+01 +8.355635864e+01 +8.355635864e+01 -3.7660e+00 -2.9183e-01 -5.9402e-02 -3.1037e-02 +1.7523e+00
18 0 +7.627000545e+00 +7.757700054e+01 +7.757700054e+01 -3.1727e+00 +1.0591e+00 -9.0370e-01 -7.7518e-01 +3.7104e+00
23 0 +7.221762835e+00 +7.717176283e+01 +7.717176283e+01 -1.2820e-01 -1.3001e-01 -6.4862e-01 +1.0792e-01 +1.1987e+00
26 0 +5.355235727e+00 +7.530523573e+01 +7.530523573e+01 -2.6228e+00 +1.5462e+00 -1.1072e+00 -9.8091e-01 +3.6341e+00
42 0 +4.273092497e+00 +7.422309250e+01 +7.422309250e+01 -2.6814e+00 +1.5031e+00 -1.3528e+00 -1.7203e+00 +3.3208e+00
54 0 +3.094408265e+00 +7.304440827e+01 +7.304440827e+01 -9.1126e-01 +1.9728e+00 -3.5688e-02 -1.5677e+00 +3.5248e+00
60 0 +2.310034876e+00 +7.226003488e+01 +7.226003488e+01 -2.5769e-01 +1.1636e+00 -7.8968e-01 -2.4603e+00 +3.5738e+00
82 0 +1.212743744e+00 +7.116274374e+01 +7.116274374e+01 -4.9368e-01 +1.4539e+00 -5.1684e-01 -2.6018e+00 +2.3263e+00
118 0 +8.771264747e-01 +7.082712647e+01 +7.082712647e+01 -1.4306e+00 +1.2180e+00 -7.7476e-01 -2.0501e+00 +1.6727e+00
124 0 +5.401600655e-01 +7.049016007e+01 +7.049016007e+01 -1.1041e+00 +7.8126e-01 -1.8669e-01 -2.0182e+00 +2.2852e+00
135 0 +2.923305618e-01 +7.024233056e+01 +7.024233056e+01 -1.1690e+00 +8.4859e-01 -1.2045e+00 -1.9512e+00 +2.0574e+00
172 0 +1.466967730e-01 +7.009669677e+01 +7.009669677e+01 -1.2044e+00 +1.0362e+00 -1.0920e+00 -2.0044e+00 +2.2996e+00
215 0 +1.304450361e-01 +7.008044504e+01 +7.008044504e+01 -9.5410e-01 +1.1740e+00 -1.0044e+00 -1.7779e+00 +2.2027e+00
237 0 +8.092489087e-02 +7.003092489e+01 +7.003092489e+01 -1.0083e+00 +9.6244e-01 -8.5070e-01 -2.0154e+00 +2.6425e+00
243 0 +7.034992982e-02 +7.002034993e+01 +7.002034993e+01 -1.1282e+00 +1.1285e+00 -8.1895e-01 -1.8779e+00 +2.5054e+00
251 0 +4.839480172e-02 +6.999839480e+01 +6.999839480e+01 -1.0881e+00 +1.1025e+00 -7.9455e-01 -1.9093e+00 +2.4057e+00
254 0 +4.777602995e-02 +6.999777603e+01 +6.999777603e+01 -1.1487e+00 +9.3239e-01 -7.2612e-01 -1.8177e+00 +2.4550e+00
264 0 +1.392812472e-02 +6.996392812e+01 +6.996392812e+01 -9.3705e-01 +9.4557e-01 -7.8367e-01 -1.8798e+00 +2.4747e+00
315 0 +6.935930158e-03 +6.995693593e+01 +6.995693593e+01 -9.5791e-01 +9.8900e-01 -8.6051e-01 -1.8916e+00 +2.3864e+00
325 0 +6.897268210e-03 +6.995689727e+01 +6.995689727e+01 -9.8497e-01 +9.5834e-01 -8.3028e-01 -1.9092e+00 +2.3768e+00
333 0 +5.949233248e-03 +6.995594923e+01 +6.995594923e+01 -9.5088e-01 +9.6051e-01 -9.0836e-01 -1.8785e+00 +2.3839e+00
339 0 +5.035031610e-03 +6.995503503e+01 +6.995503503e+01 -9.3947e-01 +9.3042e-01 -8.1585e-01 -1.8524e+00 +2.3977e+00
371 0 +4.224030846e-03 +6.995422403e+01 +6.995422403e+01 -9.4339e-01 +9.5583e-01 -8.5051e-01 -1.8737e+00 +2.3862e+00
383 0 +2.794334169e-03 +6.995279433e+01 +6.995279433e+01 -9.5420e-01 +9.4975e-01 -8.5863e-01 -1.8807e+00 +2.3975e+00
386 0 +1.995206883e-03 +6.995199521e+01 +6.995199521e+01 -9.5779e-01 +9.4441e-01 -8.6130e-01 -1.8764e+00 +2.4012e+00
393 0 +1.664014752e-03 +6.995166401e+01 +6.995166401e+01 -9.8739e-01 +9.2646e-01 -8.4388e-01 -1.8843e+00 +2.4226e+00
402 0 +1.640696833e-03 +6.995164070e+01 +6.995164070e+01 -9.9379e-01 +9.1355e-01 -8.3396e-01 -1.8670e+00 +2.4034e+00
407 0 +4.889180292e-04 +6.995048892e+01 +6.995048892e+01 -9.7295e-01 +9.2296e-01 -8.5567e-01 -1.8590e+00 +2.4066e+00
434 0 +4.591695136e-04 +6.995045917e+01 +6.995045917e+01 -9.7759e-01 +9.1878e-01 -8.5275e-01 -1.8567e+00 +2.4074e+00
444 0 +2.847860966e-04 +6.995028479e+01 +6.995028479e+01 -9.9654e-01 +9.2549e-01 -8.5107e-01 -1.8513e+00 +2.4167e+00
445 0 +2.725184645e-04 +6.995027252e+01 +6.995027252e+01 -9.8261e-01 +9.1499e-01 -8.6578e-01 -1.8462e+00 +2.4110e+00
452 0 +1.830782706e-04 +6.995018308e+01 +6.995018308e+01 -9.7749e-01 +9.2261e-01 -8.6917e-01 -1.8499e+00 +2.4123e+00
481 0 +9.832465541e-05 +6.995009832e+01 +6.995009832e+01 -9.9480e-01 +9.2969e-01 -8.6078e-01 -1.8445e+00 +2.4152e+00
496 0 +8.406544386e-05 +6.995008407e+01 +6.995008407e+01 -9.9005e-01 +9.2412e-01 -8.6543e-01 -1.8537e+00 +2.4206e+00
501 0 +2.172628777e-05 +6.995002173e+01 +6.995002173e+01 -9.8773e-01 +9.3311e-01 -8.6312e-01 -1.8483e+00 +2.4130e+00
537 0 +1.491264513e-05 +6.995001491e+01 +6.995001491e+01 -9.9008e-01 +9.2999e-01 -8.6665e-01 -1.8530e+00 +2.4150e+00
547 0 +8.857178457e-06 +6.995000886e+01 +6.995000886e+01 -9.9007e-01 +9.2820e-01 -8.6633e-01 -1.8499e+00 +2.4142e+00
549 0 +8.247688100e-06 +6.995000825e+01 +6.995000825e+01 -9.8949e-01 +9.3150e-01 -8.6412e-01 -1.8492e+00 +2.4152e+00
559 0 +3.467223777e-06 +6.995000347e+01 +6.995000347e+01 -9.8783e-01 +9.2964e-01 -8.6406e-01 -1.8505e+00 +2.4127e+00
572 0 +3.024619403e-06 +6.995000302e+01 +6.995000302e+01 -9.8835e-01 +9.3008e-01 -8.6615e-01 -1.8498e+00 +2.4137e+00
585 0 +1.980119777e-06 +6.995000198e+01 +6.995000198e+01 -9.8805e-01 +9.3091e-01 -8.6485e-01 -1.8503e+00 +2.4139e+00
593 0 +6.676146995e-07 +6.995000067e+01 +6.995000067e+01 -9.8821e-01 +9.2959e-01 -8.6535e-01 -1.8509e+00 +2.4147e+00
614 0 +5.704354322e-07 +6.995000057e+01 +6.995000057e+01 -9.8785e-01 +9.2907e-01 -8.6494e-01 -1.8501e+00 +2.4140e+00
631 0 +3.210693222e-07 +6.995000032e+01 +6.995000032e+01 -9.8746e-01 +9.2970e-01 -8.6477e-01 -1.8504e+00 +2.4143e+00
640 0 +2.556477767e-07 +6.995000026e+01 +6.995000026e+01 -9.8772e-01 +9.2990e-01 -8.6491e-01 -1.8502e+00 +2.4146e+00
642 0 +1.957441214e-07 +6.995000020e+01 +6.995000020e+01 -9.8808e-01 +9.2968e-01 -8.6457e-01 -1.8507e+00 +2.4146e+00
670 0 +9.231115428e-09 +6.995000001e+01 +6.995000001e+01 -9.8801e-01 +9.2957e-01 -8.6477e-01 -1.8503e+00 +2.4145e+00
1140 0 +0.000000000e+00 +6.995000000e+01 +6.995000000e+01 -9.8800e-01 +9.2960e-01 -8.6480e-01 -1.8504e+00 +2.4144e+00
