% f evaluations | g evaluations | best noise-free fitness - Fopt (9.294000000000e+01) + sum g_i+ | measured fitness | best measured fitness or single-digit g-values | x1 | x2...
1 0 +3.693746035e+03 +3.786686035e+03 +3.786686035e+03
2 0 +2.857926811e+03 +2.950866811e+03 +2.950866811e+03
4 0 +2.059690442e+03 +2.152630442e+03 +2.152630442e+03
6 0 +1.647529561e+03 +1.740469561e+03 +1.740469561e+03
33 0 +1.335107614e+03 +1.428047614e+03 +1.428047614e+03
47 0 +1.079598217e+03 +1.172538217e+03 +1.172538217e+03
52 0 +9.984644022e+02 +1.091404402e+03 +1.091404402e+03
73 0 +8.650798746e+02 +9.580198746e+02 +9.580198746e+02
93 0 +8.136689585e+02 +9.066089585e+02 +9.066089585e+02
137 0 +6.369015781e+02 +7.298415781e+02 +7.298415781e+02
151 0 +4.864413381e+02 +5.793813381e+02 +5.793813381e+02
385 0 +4.504445959e+02 +5.433845959e+02 +5.433845959e+02
415 0 +4.183523763e+02 +5.112923763e+02 +5.112923763e+02
416 0 +3.976536446e+02 +4.905936446e+02 +4.905936446e+02
419 0 +3.836889831e+02 +4.766289831e+02 +4.766289831e+02
469 0 +3.734993679e+02 +4.664393679e+02 +4.664393679e+02
471 0 +3.625079658e+02 +4.554479658e+02 +4.554479658e+02
484 0 +2.992642787e+02 +3.922042787e+02 +3.922042787e+02
559 0 +2.418355691e+02 +3.347755691e+02 +3.347755691e+02
657 0 +2.383292042e+02 +3.312692042e+02 +3.312692042e+02
688 0 +2.215926101e+02 +3.145326101e+02 +3.145326101e+02
693 0 +2.128832569e+02 +3.058232569e+02 +3.058232569e+02
749 0 +1.804528149e+02 +2.733928149e+02 +2.733928149e+02
767 0 +1.588764115e+02 +2.518164115e+02 +2.518164115e+02
842 0 +1.545278801e+02 +2.474678801e+02 +2.474678801e+02
868 0 +1.369028475e+02 +2.298428475e+02 +2.298428475e+02
905 0 +1.310813851e+02 +2.240213851e+02 +2.240213851e+02
906 0 +1.207346915e+02 +2.136746915e+02 +2.136746915e+02
917 0 +1.122882433e+02 +2.052282433e+02 +2.052282433e+02
941 0 +1.010416783e+02 +1.939816783e+02 +1.939816783e+02
961 0 +9.613791982e+01 +1.890779198e+02 +1.890779198e+02
1018 0 +9.535661317e+01 +1.882966132e+02 +1.882966132e+02
1035 0 +8.979925940e+01 +1.827392594e+02 +1.827392594e+02
1048 0 +8.747427342e+01 +1.804142734e+02 +1.804142734e+02
1143 0 +8.544378741e+01 +1.783837874e+02 +1.783837874e+02
1151 0 +7.350209691e+01 +1.664420969e+02 +1.664420969e+02
1221 0 +6.815630211e+01 +1.610963021e+02 +1.610963021e+02
1245 0 +6.675459048e+01 +1.596945905e+02 +1.596945905e+02
1252 0 +6.144456800e+01 +1.543845680e+02 +1.543845680e+02
1327 0 +6.008708029e+01 +1.530270803e+02 +1.530270803e+02
1390 0 +5.354330111e+01 +1.464833011e+02 +1.464833011e+02
1401 0 +5.221487129e+01 +1.451548713e+02 +1.451548713e+02
1446 0 +5.069186304e+01 +1.436318630e+02 +1.436318630e+02
1473 0 +4.864351098e+01 +1.415835110e+02 +1.415835110e+02
1583 0 +4.437254070e+01 +1.373125407e+02 +1.373125407e+02
1631 0 +4.320321433e+01 +1.361432143e+02 +1.361432143e+02
1651 0 +4.237837859e+01 +1.353183786e+02 +1.353183786e+02
1677 0 +3.740105938e+01 +1.303410594e+02 +1.303410594e+02
1728 0 +3.493468845e+01 +1.278746884e+02 +1.278746884e+02
1741 0 +3.198999345e+01 +1.249299935e+02 +1.249299935e+02
1760 0 +2.555269283e+01 +1.184926928e+02 +1.184926928e+02
2066 0 +2.349811943e+01 +1.164381194e+02 +1.164381194e+02
2096 0 +2.126700777e+01 +1.142070078e+02 +1.142070078e+02
2153 0 +1.998076752e+01 +1.129207675e+02 +1.129207675e+02
2170 0 +1.983581143e+01 +1.127758114e+02 +1.127758114e+02
2192 0 +1.922615945e+01 +1.121661594e+02 +1.121661594e+02
2198 0 +1.856996452e+01 +1.115099645e+02 +1.115099645e+02
2231 0 +1.741408591e+01 +1.103540859e+02 +1.103540859e+02
2269 0 +1.599096115e+01 +1.089309611e+02 +1.089309611e+02
2390 0 +1.495661811e+01 +1.078966181e+02 +1.078966181e+02
2441 0 +1.427841475e+01 +1.072184148e+02 +1.072184148e+02
2535 0 +1.290365412e+01 +1.058436541e+02 +1.058436541e+02
2617 0 +1.228766409e+01 +1.052276641e+02 +1.052276641e+02
2654 0 +1.182900567e+01 +1.047690057e+02 +1.047690057e+02
2901 0 +1.171154966e+01 +1.046515497e+02 +1.046515497e+02
2935 0 +1.139788766e+01 +1.043378877e+02 +1.043378877e+02
2962 0 +1.121961682e+01 +1.041596168e+02 +1.041596168e+02
3132 0 +1.090836713e+01 +1.038483671e+02 +1.038483671e+02
3394 0 +1.068415330e+01 +1.036241533e+02 +1.036241533e+02
3725 0 +1.047117457e+01 +1.034111746e+02 +1.034111746e+02
6211 0 +1.022784784e+01 +1.031678478e+02 +1.031678478e+02
43922 0 +9.965626741e+00 +1.029056267e+02 +1.029056267e+02
44050 0 +9.609606584e+00 +1.025496066e+02 +1.025496066e+02
44274 0 +9.445021905e+00 +1.023850219e+02 +1.023850219e+02
44691 0 +9.292608016e+00 +1.022326080e+02 +1.022326080e+02
44973 0 +9.101275195e+00 +1.020412752e+02 +1.020412752e+02
% f evaluations | g evaluations | best noise-free fitness - Fopt (3.535000000000e+01) + sum g_i+ | measured fitness | best measured fitness or single-digit g-values | x1 | x2...
1 0 +1.907540811e+03 +1.942890811e+03 +1.942890811e+03
35 0 +1.716058922e+03 +1.751408922e+03 +1.751408922e+03
39 0 +1.616387392e+03 +1.651737392e+03 +1.651737392e+03
42 0 +1.581903930e+03 +1.617253930e+03 +1.617253930e+03
67 0 +1.412933235e+03 +1.448283235e+03 +1.448283235e+03
75 0 +1.355524139e+03 +1.390874139e+03 +1.390874139e+03
80 0 +1.334218197e+03 +1.369568197e+03 +1.369568197e+03
82 0 +1.290720609e+03 +1.326070609e+03 +1.326070609e+03
93 0 +1.232516924e+03 +1.267866924e+03 +1.267866924e+03
124 0 +1.148163284e+03 +1.183513284e+03 +1.183513284e+03
191 0 +1.109355421e+03 +1.144705421e+03 +1.144705421e+03
204 0 +8.417774704e+02 +8.771274704e+02 +8.771274704e+02
246 0 +8.296842911e+02 +8.650342911e+02 +8.650342911e+02
261 0 +7.835482051e+02 +8.188982051e+02 +8.188982051e+02
281 0 +7.344452595e+02 +7.697952595e+02 +7.697952595e+02
289 0 +6.733376477e+02 +7.086876477e+02 +7.086876477e+02
308 0 +5.946639453e+02 +6.300139453e+02 +6.300139453e+02
321 0 +5.656099523e+02 +6.009599523e+02 +6.009599523e+02
366 0 +5.510410117e+02 +5.863910117e+02 +5.863910117e+02
382 0 +4.936747579e+02 +5.290247579e+02 +5.290247579e+02
437 0 +3.668610345e+02 +4.022110345e+02 +4.022110345e+02
496 0 +3.457646540e+02 +3.811146540e+02 +3.811146540e+02
503 0 +3.334335724e+02 +3.687835724e+02 +3.687835724e+02
524 0 +3.218058067e+02 +3.571558067e+02 +3.571558067e+02
598 0 +3.026792486e+02 +3.380292486e+02 +3.380292486e+02
633 0 +2.611302200e+02 +2.964802200e+02 +2.964802200e+02
649 0 +2.409810037e+02 +2.763310037e+02 +2.763310037e+02
650 0 +2.332426214e+02 +2.685926214e+02 +2.685926214e+02
738 0 +2.202780587e+02 +2.556280587e+02 +2.556280587e+02
746 0 +1.965755022e+02 +2.319255022e+02 +2.319255022e+02
872 0 +1.942109487e+02 +2.295609487e+02 +2.295609487e+02
879 0 +1.710498691e+02 +2.063998691e+02 +2.063998691e+02
932 0 +1.514952257e+02 +1.868452257e+02 +1.868452257e+02
956 0 +1.431266519e+02 +1.784766519e+02 +1.784766519e+02
973 0 +1.176511521e+02 +1.530011521e+02 +1.530011521e+02
1053 0 +1.039678288e+02 +1.393178288e+02 +1.393178288e+02
1068 0 +9.786272188e+01 +1.332127219e+02 +1.332127219e+02
1096 0 +9.741515018e+01 +1.327651502e+02 +1.327651502e+02
1129 0 +9.496889264e+01 +1.303188926e+02 +1.303188926e+02
1134 0 +8.346502081e+01 +1.188150208e+02 +1.188150208e+02
1160 0 +8.235705961e+01 +1.177070596e+02 +1.177070596e+02
1186 0 +7.924443036e+01 +1.145944304e+02 +1.145944304e+02
1197 0 +6.788076018e+01 +1.032307602e+02 +1.032307602e+02
1204 0 +6.499989422e+01 +1.003498942e+02 +1.003498942e+02
1265 0 +5.127467327e+01 +8.662467327e+01 +8.662467327e+01
1406 0 +4.602235012e+01 +8.137235012e+01 +8.137235012e+01
1411 0 +4.452921716e+01 +7.987921716e+01 +7.987921716e+01
1486 0 +4.293634574e+01 +7.828634574e+01 +7.828634574e+01
1492 0 +3.683582731e+01 +7.218582731e+01 +7.218582731e+01
1821 0 +3.603241839e+01 +7.138241839e+01 +7.138241839e+01
1852 0 +3.428809860e+01 +6.963809860e+01 +6.963809860e+01
1868 0 +3.353874908e+01 +6.888874908e+01 +6.888874908e+01
1884 0 +3.056443997e+01 +6.591443997e+01 +6.591443997e+01
2034 0 +2.690096133e+01 +6.225096133e+01 +6.225096133e+01
2300 0 +2.543860585e+01 +6.078860585e+01 +6.078860585e+01
2348 0 +2.386170734e+01 +5.921170734e+01 +5.921170734e+01
2484 0 +2.290104535e+01 +5.825104535e+01 +5.825104535e+01
2572 0 +2.225734358e+01 +5.760734358e+01 +5.760734358e+01
2631 0 +2.177431641e+01 +5.712431641e+01 +5.712431641e+01
2856 0 +2.113599569e+01 +5.648599569e+01 +5.648599569e+01
2885 0 +2.087903898e+01 +5.622903898e+01 +5.622903898e+01
3052 0 +2.036210673e+01 +5.571210673e+01 +5.571210673e+01
3361 0 +1.994687515e+01 +5.529687515e+01 +5.529687515e+01
14600 0 +1.871532003e+01 +5.406532003e+01 +5.406532003e+01
14620 0 +1.849323765e+01 +5.384323765e+01 +5.384323765e+01
14630 0 +1.733601292e+01 +5.268601292e+01 +5.268601292e+01
14649 0 +1.618163395e+01 +5.153163395e+01 +5.153163395e+01
14753 0 +1.573339992e+01 +5.108339992e+01 +5.108339992e+01
14770 0 +1.526892114e+01 +5.061892114e+01 +5.061892114e+01
14784 0 +1.446555913e+01 +4.981555913e+01 +4.981555913e+01
14885 0 +1.430956206e+01 +4.965956206e+01 +4.965956206e+01
14937 0 +1.372026672e+01 +4.907026672e+01 +4.907026672e+01
15127 0 +1.326801642e+01 +4.861801642e+01 +4.861801642e+01
15153 0 +1.293803984e+01 +4.828803984e+01 +4.828803984e+01
15195 0 +1.268971675e+01 +4.803971675e+01 +4.803971675e+01
15205 0 +1.227015782e+01 +4.762015782e+01 +4.762015782e+01
15234 0 +1.190512198e+01 +4.725512198e+01 +4.725512198e+01
15302 0 +1.160109517e+01 +4.695109517e+01 +4.695109517e+01
15326 0 +1.132836571e+01 +4.667836571e+01 +4.667836571e+01
15410 0 +1.048126817e+01 +4.583126817e+01 +4.583126817e+01
15485 0 +1.024910867e+01 +4.559910867e+01 +4.559910867e+01
15506 0 +1.003340552e+01 +4.538340552e+01 +4.538340552e+01
15555 0 +9.917457080e+00 +4.526745708e+01 +4.526745708e+01
15561 0 +9.413803931e+00 +4.476380393e+01 +4.476380393e+01
15836 0 +9.156896420e+00 +4.450689642e+01 +4.450689642e+01
15951 0 +9.042089074e+00 +4.439208907e+01 +4.439208907e+01
16386 0 +8.907224861e+00 +4.425722486e+01 +4.425722486e+01
17713 0 +8.621046389e+00 +4.397104639e+01 +4.397104639e+01
17928 0 +8.504450808e+00 +4.385445081e+01 +4.385445081e+01
% f evaluations | g evaluations | best noise-free fitness - Fopt (3.820000000000e+00) + sum g_i+ | measured fitness | best measured fitness or single-digit g-values | x1 | x2...
1 0 +2.081604830e+03 +2.085424830e+03 +2.085424830e+03
5 0 +1.900788512e+03 +1.904608512e+03 +1.904608512e+03
9 0 +1.601735463e+03 +1.605555463e+03 +1.605555463e+03
10 0 +1.445400320e+03 +1.449220320e+03 +1.449220320e+03
31 0 +1.187252562e+03 +1.191072562e+03 +1.191072562e+03
43 0 +1.173748585e+03 +1.177568585e+03 +1.177568585e+03
58 0 +1.007246275e+03 +1.011066275e+03 +1.011066275e+03
67 0 +9.197740903e+02 +9.235940903e+02 +9.235940903e+02
80 0 +8.811505160e+02 +8.849705160e+02 +8.849705160e+02
86 0 +7.189981787e+02 +7.228181787e+02 +7.228181787e+02
102 0 +6.678547589e+02 +6.716747589e+02 +6.716747589e+02
116 0 +5.931646507e+02 +5.969846507e+02 +5.969846507e+02
163 0 +5.840822247e+02 +5.879022247e+02 +5.879022247e+02
242 0 +4.696421573e+02 +4.734621573e+02 +4.734621573e+02
258 0 +3.886580965e+02 +3.924780965e+02 +3.924780965e+02
260 0 +3.708523034e+02 +3.746723034e+02 +3.746723034e+02
434 0 +3.268501361e+02 +3.306701361e+02 +3.306701361e+02
457 0 +2.800665790e+02 +2.838865790e+02 +2.838865790e+02
481 0 +2.728581850e+02 +2.766781850e+02 +2.766781850e+02
527 0 +2.306104831e+02 +2.344304831e+02 +2.344304831e+02
589 0 +2.181932580e+02 +2.220132580e+02 +2.220132580e+02
649 0 +1.949408038e+02 +1.987608038e+02 +1.987608038e+02
684 0 +1.602960331e+02 +1.641160331e+02 +1.641160331e+02
698 0 +1.454383554e+02 +1.492583554e+02 +1.492583554e+02
881 0 +1.309715529e+02 +1.347915529e+02 +1.347915529e+02
938 0 +9.373292750e+01 +9.755292750e+01 +9.755292750e+01
955 0 +9.248041903e+01 +9.630041903e+01 +9.630041903e+01
1097 0 +7.604243799e+01 +7.986243799e+01 +7.986243799e+01
1143 0 +7.140664256e+01 +7.522664256e+01 +7.522664256e+01
1147 0 +6.948835605e+01 +7.330835605e+01 +7.330835605e+01
1186 0 +6.553564167e+01 +6.935564167e+01 +6.935564167e+01
1332 0 +5.948940550e+01 +6.330940550e+01 +6.330940550e+01
1354 0 +5.468049814e+01 +5.850049814e+01 +5.850049814e+01
1441 0 +5.017017049e+01 +5.399017049e+01 +5.399017049e+01
1453 0 +4.280851584e+01 +4.662851584e+01 +4.662851584e+01
1473 0 +4.077987712e+01 +4.459987712e+01 +4.459987712e+01
1476 0 +3.996018295e+01 +4.378018295e+01 +4.378018295e+01
1640 0 +3.552317821e+01 +3.934317821e+01 +3.934317821e+01
1693 0 +3.454684917e+01 +3.836684917e+01 +3.836684917e+01
1831 0 +3.355399852e+01 +3.737399852e+01 +3.737399852e+01
1837 0 +3.252323436e+01 +3.634323436e+01 +3.634323436e+01
1854 0 +3.139682449e+01 +3.521682449e+01 +3.521682449e+01
1919 0 +3.058373589e+01 +3.440373589e+01 +3.440373589e+01
1928 0 +2.550268101e+01 +2.932268101e+01 +2.932268101e+01
1986 0 +2.508464784e+01 +2.890464784e+01 +2.890464784e+01
1991 0 +2.391896619e+01 +2.773896619e+01 +2.773896619e+01
2014 0 +2.107524758e+01 +2.489524758e+01 +2.489524758e+01
2071 0 +2.051082401e+01 +2.433082401e+01 +2.433082401e+01
2209 0 +1.950625164e+01 +2.332625164e+01 +2.332625164e+01
2213 0 +1.865081342e+01 +2.247081342e+01 +2.247081342e+01
2233 0 +1.841812088e+01 +2.223812088e+01 +2.223812088e+01
2340 0 +1.690877299e+01 +2.072877299e+01 +2.072877299e+01
2400 0 +1.614009695e+01 +1.996009695e+01 +1.996009695e+01
2638 0 +1.563819649e+01 +1.945819649e+01 +1.945819649e+01
2652 0 +1.544378825e+01 +1.926378825e+01 +1.926378825e+01
2685 0 +1.499533095e+01 +1.881533095e+01 +1.881533095e+01
2852 0 +1.476674386e+01 +1.858674386e+01 +1.858674386e+01
2998 0 +1.421496050e+01 +1.803496050e+01 +1.803496050e+01
3134 0 +1.406854177e+01 +1.788854177e+01 +1.788854177e+01
3307 0 +1.378690663e+01 +1.760690663e+01 +1.760690663e+01
3625 0 +1.340843117e+01 +1.722843117e+01 +1.722843117e+01
3710 0 +1.314002684e+01 +1.696002684e+01 +1.696002684e+01
20890 0 +1.187425969e+01 +1.569425969e+01 +1.569425969e+01
21127 0 +1.096576533e+01 +1.478576533e+01 +1.478576533e+01
21135 0 +1.087024726e+01 +1.469024726e+01 +1.469024726e+01
21168 0 +1.050814052e+01 +1.432814052e+01 +1.432814052e+01
21266 0 +1.025772600e+01 +1.407772600e+01 +1.407772600e+01
21269 0 +9.533174121e+00 +1.335317412e+01 +1.335317412e+01
21273 0 +9.117408798e+00 +1.293740880e+01 +1.293740880e+01
21334 0 +8.585327954e+00 +1.240532795e+01 +1.240532795e+01
21351 0 +7.998470463e+00 +1.181847046e+01 +1.181847046e+01
21385 0 +7.608888346e+00 +1.142888835e+01 +1.142888835e+01
21514 0 +7.549022370e+00 +1.136902237e+01 +1.136902237e+01
21531 0 +7.338928764e+00 +1.115892876e+01 +1.115892876e+01
21551 0 +7.196793415e+00 +1.101679341e+01 +1.101679341e+01
21683 0 +6.965959270e+00 +1.078595927e+01 +1.078595927e+01
21705 0 +6.841383072e+00 +1.066138307e+01 +1.066138307e+01
21833 0 +6.758036471e+00 +1.057803647e+01 +1.057803647e+01
22317 0 +6.560662218e+00 +1.038066222e+01 +1.038066222e+01
22719 0 +6.439078614e+00 +1.025907861e+01 +1.025907861e+01
% f evaluations | g evaluations | best noise-free fitness - Fopt (2.175000000000e+01) + sum g_i+ | measured fitness | best measured fitness or single-digit g-values | x1 | x2...
1 0 +3.511849451e+03 +3.533599451e+03 +3.533599451e+03
2 0 +2.986915702e+03 +3.008665702e+03 +3.008665702e+03
3 0 +1.489129097e+03 +1.510879097e+03 +1.510879097e+03
18 0 +1.009949780e+03 +1.031699780e+03 +1.031699780e+03
66 0 +9.798069240e+02 +1.001556924e+03 +1.001556924e+03
68 0 +9.499277731e+02 +9.716777731e+02 +9.716777731e+02
80 0 +8.698171423e+02 +8.915671423e+02 +8.915671423e+02
116 0 +6.294733357e+02 +6.512233357e+02 +6.512233357e+02
137 0 +5.597505372e+02 +5.815005372e+02 +5.815005372e+02
168 0 +5.202597741e+02 +5.420097741e+02 +5.420097741e+02
190 0 +4.422438066e+02 +4.639938066e+02 +4.639938066e+02
230 0 +3.301683184e+02 +3.519183184e+02 +3.519183184e+02
282 0 +2.720934316e+02 +2.938434316e+02 +2.938434316e+02
324 0 +2.612650870e+02 +2.830150870e+02 +2.830150870e+02
435 0 +2.075531930e+02 +2.293031930e+02 +2.293031930e+02
556 0 +1.852778345e+02 +2.070278345e+02 +2.070278345e+02
578 0 +1.634411347e+02 +1.851911347e+02 +1.851911347e+02
595 0 +1.273129549e+02 +1.490629549e+02 +1.490629549e+02
708 0 +1.198141513e+02 +1.415641513e+02 +1.415641513e+02
718 0 +1.151271988e+02 +1.368771988e+02 +1.368771988e+02
728 0 +1.068504590e+02 +1.286004590e+02 +1.286004590e+02
818 0 +9.275705410e+01 +1.145070541e+02 +1.145070541e+02
862 0 +8.593722587e+01 +1.076872259e+02 +1.076872259e+02
924 0 +6.954850392e+01 +9.129850392e+01 +9.129850392e+01
967 0 +5.743469150e+01 +7.918469150e+01 +7.918469150e+01
1029 0 +4.962870748e+01 +7.137870748e+01 +7.137870748e+01
1101 0 +4.736091280e+01 +6.911091280e+01 +6.911091280e+01
1120 0 +4.566544005e+01 +6.741544005e+01 +6.741544005e+01
1123 0 +4.121065963e+01 +6.296065963e+01 +6.296065963e+01
1215 0 +3.986104309e+01 +6.161104309e+01 +6.161104309e+01
1221 0 +3.769856258e+01 +5.944856258e+01 +5.944856258e+01
1320 0 +3.319311322e+01 +5.494311322e+01 +5.494311322e+01
1336 0 +3.279257139e+01 +5.454257139e+01 +5.454257139e+01
1345 0 +3.188320443e+01 +5.363320443e+01 +5.363320443e+01
1393 0 +3.154631732e+01 +5.329631732e+01 +5.329631732e+01
1397 0 +2.979990369e+01 +5.154990369e+01 +5.154990369e+01
1504 0 +2.777828741e+01 +4.952828741e+01 +4.952828741e+01
1522 0 +2.522007521e+01 +4.697007521e+01 +4.697007521e+01
1560 0 +2.182582549e+01 +4.357582549e+01 +4.357582549e+01
1567 0 +2.122299817e+01 +4.297299817e+01 +4.297299817e+01
1577 0 +2.078419118e+01 +4.253419118e+01 +4.253419118e+01
1629 0 +2.026101955e+01 +4.201101955e+01 +4.201101955e+01
1648 0 +1.855083754e+01 +4.030083754e+01 +4.030083754e+01
1846 0 +1.770795025e+01 +3.945795025e+01 +3.945795025e+01
1939 0 +1.736180930e+01 +3.911180930e+01 +3.911180930e+01
2000 0 +1.644486991e+01 +3.819486991e+01 +3.819486991e+01
2102 0 +1.598154454e+01 +3.773154454e+01 +3.773154454e+01
2118 0 +1.582280625e+01 +3.757280625e+01 +3.757280625e+01
2136 0 +1.529821607e+01 +3.704821607e+01 +3.704821607e+01
2150 0 +1.458756289e+01 +3.633756289e+01 +3.633756289e+01
2312 0 +1.431779595e+01 +3.606779595e+01 +3.606779595e+01
2420 0 +1.411655827e+01 +3.586655827e+01 +3.586655827e+01
2572 0 +1.376804888e+01 +3.551804888e+01 +3.551804888e+01
2712 0 +1.339904001e+01 +3.514904001e+01 +3.514904001e+01
3304 0 +1.316739113e+01 +3.491739113e+01 +3.491739113e+01
14662 0 +1.286759094e+01 +3.461759094e+01 +3.461759094e+01
14721 0 +1.248937341e+01 +3.423937341e+01 +3.423937341e+01
14789 0 +1.220629640e+01 +3.395629640e+01 +3.395629640e+01
14793 0 +1.188530115e+01 +3.363530115e+01 +3.363530115e+01
14856 0 +1.172425884e+01 +3.347425884e+01 +3.347425884e+01
15097 0 +1.137002903e+01 +3.312002903e+01 +3.312002903e+01
15299 0 +1.117872387e+01 +3.292872387e+01 +3.292872387e+01
15466 0 +1.093831222e+01 +3.268831222e+01 +3.268831222e+01
16087 0 +1.060301162e+01 +3.235301162e+01 +3.235301162e+01
16138 0 +1.045865161e+01 +3.220865161e+01 +3.220865161e+01
16261 0 +1.018523647e+01 +3.193523647e+01 +3.193523647e+01
36758 0 +9.519472393e+00 +3.126947239e+01 +3.126947239e+01
36771 0 +8.161448410e+00 +2.991144841e+01 +2.991144841e+01
36859 0 +8.122239727e+00 +2.987223973e+01 +2.987223973e+01
36861 0 +7.876470766e+00 +2.962647077e+01 +2.962647077e+01
36885 0 +7.702774860e+00 +2.945277486e+01 +2.945277486e+01
37061 0 +7.168335589e+00 +2.891833559e+01 +2.891833559e+01
37177 0 +6.752399837e+00 +2.850239984e+01 +2.850239984e+01
37236 0 +6.445867675e+00 +2.819586768e+01 +2.819586768e+01
37264 0 +6.210923595e+00 +2.796092359e+01 +2.796092359e+01
37314 0 +5.985447165e+00 +2.773544717e+01 +2.773544717e+01
37529 0 +5.815677098e+00 +2.756567710e+01 +2.756567710e+01
37602 0 +5.729882336e+00 +2.747988234e+01 +2.747988234e+01
37630 0 +5.556526597e+00 +2.730652660e+01 +2.730652660e+01
37647 0 +5.427222687e+00 +2.717722269e+01 +2.717722269e+01
37874 0 +5.343704122e+00 +2.709370412e+01 +2.709370412e+01
38359 0 +5.242040172e+00 +2.699204017e+01 +2.699204017e+01
% f evaluations | g evaluations | best noise-free fitness - Fopt (6.479000000000e+01) + sum g_i+ | measured fitness | best measured fitness or single-digit g-values | x1 | x2...
1 0 +3.996594167e+03 +4.061384167e+03 +4.061384167e+03
2 0 +3.503513765e+03 +3.568303765e+03 +3.568303765e+03
4 0 +1.830928536e+03 +1.895718536e+03 +1.895718536e+03
17 0 +1.599804376e+03 +1.664594376e+03 +1.664594376e+03
24 0 +1.287361859e+03 +1.352151859e+03 +1.352151859e+03
64 0 +9.796065676e+02 +1.044396568e+03 +1.044396568e+03
66 0 +9.458169199e+02 +1.010606920e+03 +1.010606920e+03
103 0 +8.337005060e+02 +8.984905060e+02 +8.984905060e+02
118 0 +7.060438471e+02 +7.708338471e+02 +7.708338471e+02
157 0 +5.979179315e+02 +6.627079315e+02 +6.627079315e+02
181 0 +4.505138341e+02 +5.153038341e+02 +5.153038341e+02
271 0 +3.704100827e+02 +4.352000827e+02 +4.352000827e+02
343 0 +3.589499955e+02 +4.237399955e+02 +4.237399955e+02
362 0 +3.512060626e+02 +4.159960626e+02 +4.159960626e+02
377 0 +2.981741779e+02 +3.629641779e+02 +3.629641779e+02
392 0 +2.824203216e+02 +3.472103216e+02 +3.472103216e+02
400 0 +2.744774981e+02 +3.392674981e+02 +3.392674981e+02
456 0 +2.458847818e+02 +3.106747818e+02 +3.106747818e+02
508 0 +1.827204439e+02 +2.475104439e+02 +2.475104439e+02
659 0 +1.531565877e+02 +2.179465877e+02 +2.179465877e+02
671 0 +1.503650220e+02 +2.151550220e+02 +2.151550220e+02
778 0 +1.374745228e+02 +2.022645228e+02 +2.022645228e+02
791 0 +1.303395404e+02 +1.951295404e+02 +1.951295404e+02
847 0 +1.231176421e+02 +1.879076421e+02 +1.879076421e+02
873 0 +1.193671933e+02 +1.841571933e+02 +1.841571933e+02
884 0 +1.084442503e+02 +1.732342503e+02 +1.732342503e+02
892 0 +9.758401659e+01 +1.623740166e+02 +1.623740166e+02
928 0 +8.957961343e+01 +1.543696134e+02 +1.543696134e+02
1006 0 +8.097207005e+01 +1.457620700e+02 +1.457620700e+02
1064 0 +7.911590531e+01 +1.439059053e+02 +1.439059053e+02
1092 0 +6.696482403e+01 +1.317548240e+02 +1.317548240e+02
1179 0 +5.851354191e+01 +1.233035419e+02 +1.233035419e+02
1217 0 +5.704917212e+01 +1.218391721e+02 +1.218391721e+02
1238 0 +5.482341245e+01 +1.196134124e+02 +1.196134124e+02
1259 0 +5.183079711e+01 +1.166207971e+02 +1.166207971e+02
1276 0 +5.082575712e+01 +1.156157571e+02 +1.156157571e+02
1280 0 +4.865169789e+01 +1.134416979e+02 +1.134416979e+02
1352 0 +4.427821227e+01 +1.090682123e+02 +1.090682123e+02
1375 0 +4.360536482e+01 +1.083953648e+02 +1.083953648e+02
1500 0 +4.119716795e+01 +1.059871680e+02 +1.059871680e+02
1551 0 +3.924925267e+01 +1.040392527e+02 +1.040392527e+02
1630 0 +3.787553311e+01 +1.026655331e+02 +1.026655331e+02
1651 0 +3.388976070e+01 +9.867976070e+01 +9.867976070e+01
1817 0 +2.796815776e+01 +9.275815776e+01 +9.275815776e+01
1951 0 +2.686702704e+01 +9.165702704e+01 +9.165702704e+01
2047 0 +2.548842358e+01 +9.027842358e+01 +9.027842358e+01
2057 0 +2.462085377e+01 +8.941085377e+01 +8.941085377e+01
2087 0 +2.366009132e+01 +8.845009132e+01 +8.845009132e+01
2114 0 +2.215031812e+01 +8.694031812e+01 +8.694031812e+01
2201 0 +2.171994236e+01 +8.650994236e+01 +8.650994236e+01
2329 0 +2.110528879e+01 +8.589528879e+01 +8.589528879e+01
2409 0 +2.085102280e+01 +8.564102280e+01 +8.564102280e+01
2433 0 +1.983460157e+01 +8.462460157e+01 +8.462460157e+01
2624 0 +1.925297141e+01 +8.404297141e+01 +8.404297141e+01
2796 0 +1.900961311e+01 +8.379961311e+01 +8.379961311e+01
3191 0 +1.858409888e+01 +8.337409888e+01 +8.337409888e+01
8451 0 +1.811027949e+01 +8.290027949e+01 +8.290027949e+01
8497 0 +1.718108064e+01 +8.197108064e+01 +8.197108064e+01
8586 0 +1.688680901e+01 +8.167680901e+01 +8.167680901e+01
8652 0 +1.602040929e+01 +8.081040929e+01 +8.081040929e+01
8733 0 +1.578323342e+01 +8.057323342e+01 +8.057323342e+01
9269 0 +1.547754067e+01 +8.026754067e+01 +8.026754067e+01
21427 0 +1.444184765e+01 +7.923184765e+01 +7.923184765e+01
21467 0 +1.412341364e+01 +7.891341364e+01 +7.891341364e+01
21542 0 +1.345122279e+01 +7.824122279e+01 +7.824122279e+01
21603 0 +1.287350412e+01 +7.766350412e+01 +7.766350412e+01
21770 0 +1.255918925e+01 +7.734918925e+01 +7.734918925e+01
21861 0 +1.219409062e+01 +7.698409062e+01 +7.698409062e+01
22121 0 +1.194048128e+01 +7.673048128e+01 +7.673048128e+01
53059 0 +1.142822954e+01 +7.621822954e+01 +7.621822954e+01
53082 0 +1.092206622e+01 +7.571206622e+01 +7.571206622e+01
53220 0 +1.066831730e+01 +7.545831730e+01 +7.545831730e+01
53331 0 +1.025085000e+01 +7.504085000e+01 +7.504085000e+01
53451 0 +1.019884685e+01 +7.498884685e+01 +7.498884685e+01
53473 0 +9.962553776e+00 +7.475255378e+01 +7.475255378e+01
53575 0 +9.723363747e+00 +7.451336375e+01 +7.451336375e+01
53620 0 +9.389363558e+00 +7.417936356e+01 +7.417936356e+01
55040 0 +9.326783241e+00 +7.411678324e+01 +7.411678324e+01
% f evaluations | g evaluations | best noise-free fitness - Fopt (-4.947000000000e+01) + sum g_i+ | measured fitness | best measured fitness or single-digit g-values | x1 | x2...
1 0 +2.326330317e+03 +2.276860317e+03 +2.276860317e+03
4 0 +1.455935540e+03 +1.406465540e+03 +1.406465540e+03
28 0 +1.420973561e+03 +1.371503561e+03 +1.371503561e+03
35 0 +1.238531401e+03 +1.189061401e+03 +1.189061401e+03
43 0 +1.184139354e+03 +1.134669354e+03 +1.134669354e+03
103 0 +1.148329701e+03 +1.098859701e+03 +1.098859701e+03
121 0 +9.690495764e+02 +9.195795764e+02 +9.195795764e+02
123 0 +8.388588824e+02 +7.893888824e+02 +7.893888824e+02
160 0 +8.285132875e+02 +7.790432875e+02 +7.790432875e+02
185 0 +7.671356187e+02 +7.176656187e+02 +7.176656187e+02
189 0 +6.748498236e+02 +6.253798236e+02 +6.253798236e+02
210 0 +6.462809601e+02 +5.968109601e+02 +5.968109601e+02
265 0 +5.205122583e+02 +4.710422583e+02 +4.710422583e+02
278 0 +5.020281797e+02 +4.525581797e+02 +4.525581797e+02
318 0 +4.721311498e+02 +4.226611498e+02 +4.226611498e+02
375 0 +4.672813014e+02 +4.178113014e+02 +4.178113014e+02
376 0 +4.439409842e+02 +3.944709842e+02 +3.944709842e+02
388 0 +4.210862828e+02 +3.716162828e+02 +3.716162828e+02
396 0 +4.153428322e+02 +3.658728322e+02 +3.658728322e+02
411 0 +3.353551662e+02 +2.858851662e+02 +2.858851662e+02
435 0 +3.269983153e+02 +2.775283153e+02 +2.775283153e+02
479 0 +2.267640852e+02 +1.772940852e+02 +1.772940852e+02
637 0 +2.144096606e+02 +1.649396606e+02 +1.649396606e+02
660 0 +1.982537874e+02 +1.487837874e+02 +1.487837874e+02
682 0 +1.620006371e+02 +1.125306371e+02 +1.125306371e+02
695 0 +1.532761735e+02 +1.038061735e+02 +1.038061735e+02
756 0 +1.446271085e+02 +9.515710852e+01 +9.515710852e+01
774 0 +1.207722652e+02 +7.130226525e+01 +7.130226525e+01
969 0 +1.064008733e+02 +5.693087335e+01 +5.693087335e+01
984 0 +1.026674210e+02 +5.319742096e+01 +5.319742096e+01
1029 0 +9.638940316e+01 +4.691940316e+01 +4.691940316e+01
1034 0 +9.010134657e+01 +4.063134657e+01 +4.063134657e+01
1049 0 +7.799165156e+01 +2.852165156e+01 +2.852165156e+01
1144 0 +7.270657810e+01 +2.323657810e+01 +2.323657810e+01
1145 0 +7.184714843e+01 +2.237714843e+01 +2.237714843e+01
1151 0 +6.758186636e+01 +1.811186636e+01 +1.811186636e+01
1158 0 +6.380964571e+01 +1.433964571e+01 +1.433964571e+01
1171 0 +5.807532245e+01 +8.605322450e+00 +8.605322450e+00
1172 0 +5.463127779e+01 +5.161277795e+00 +5.161277795e+00
1204 0 +5.241878838e+01 +2.948788380e+00 +2.948788380e+00
1231 0 +4.883752784e+01 -6.324721612e-01 -6.324721612e-01
1246 0 +4.188314538e+01 -7.586854621e+00 -7.586854621e+00
2852 0 +4.152279805e+01 -7.947201948e+00 -7.947201948e+00
4353 0 +4.046940247e+01 -9.000597529e+00 -9.000597529e+00
4368 0 +3.468518672e+01 -1.478481328e+01 -1.478481328e+01
31969 0 +3.278450637e+01 -1.668549363e+01 -1.668549363e+01
64629 0 +3.021395643e+01 -1.925604357e+01 -1.925604357e+01
% f evaluations | g evaluations | best noise-free fitness - Fopt (-4.225000000000e+01) + sum g_i+ | measured fitness | best measured fitness or single-digit g-values | x1 | x2...
1 0 +4.205868214e+03 +4.163618214e+03 +4.163618214e+03
3 0 +3.991328498e+03 +3.949078498e+03 +3.949078498e+03
6 0 +3.933937188e+03 +3.891687188e+03 +3.891687188e+03
7 0 +1.904606162e+03 +1.862356162e+03 +1.862356162e+03
14 0 +1.651682635e+03 +1.609432635e+03 +1.609432635e+03
16 0 +1.354468959e+03 +1.312218959e+03 +1.312218959e+03
43 0 +1.190957329e+03 +1.148707329e+03 +1.148707329e+03
47 0 +1.131277096e+03 +1.089027096e+03 +1.089027096e+03
74 0 +9.476008720e+02 +9.053508720e+02 +9.053508720e+02
83 0 +8.713011374e+02 +8.290511374e+02 +8.290511374e+02
92 0 +8.506656103e+02 +8.084156103e+02 +8.084156103e+02
98 0 +8.170176857e+02 +7.747676857e+02 +7.747676857e+02
118 0 +4.997173296e+02 +4.574673296e+02 +4.574673296e+02
249 0 +4.234682473e+02 +3.812182473e+02 +3.812182473e+02
310 0 +4.141863910e+02 +3.719363910e+02 +3.719363910e+02
317 0 +4.060620536e+02 +3.638120536e+02 +3.638120536e+02
341 0 +3.973636328e+02 +3.551136328e+02 +3.551136328e+02
486 0 +3.724470006e+02 +3.301970006e+02 +3.301970006e+02
490 0 +3.416028092e+02 +2.993528092e+02 +2.993528092e+02
496 0 +3.201926203e+02 +2.779426203e+02 +2.779426203e+02
498 0 +2.703399480e+02 +2.280899480e+02 +2.280899480e+02
525 0 +2.619583562e+02 +2.197083562e+02 +2.197083562e+02
529 0 +2.264951953e+02 +1.842451953e+02 +1.842451953e+02
613 0 +2.148483367e+02 +1.725983367e+02 +1.725983367e+02
623 0 +2.081063783e+02 +1.658563783e+02 +1.658563783e+02
630 0 +2.035557516e+02 +1.613057516e+02 +1.613057516e+02
651 0 +1.813417853e+02 +1.390917853e+02 +1.390917853e+02
676 0 +1.687612494e+02 +1.265112494e+02 +1.265112494e+02
682 0 +1.624555965e+02 +1.202055965e+02 +1.202055965e+02
695 0 +1.367974104e+02 +9.454741044e+01 +9.454741044e+01
781 0 +1.243123908e+02 +8.206239075e+01 +8.206239075e+01
838 0 +1.217857240e+02 +7.953572399e+01 +7.953572399e+01
863 0 +1.196289762e+02 +7.737897619e+01 +7.737897619e+01
892 0 +1.082423983e+02 +6.599239830e+01 +6.599239830e+01
925 0 +8.960526248e+01 +4.735526248e+01 +4.735526248e+01
955 0 +7.862563145e+01 +3.637563145e+01 +3.637563145e+01
993 0 +7.346609115e+01 +3.121609115e+01 +3.121609115e+01
1015 0 +6.250010971e+01 +2.025010971e+01 +2.025010971e+01
1087 0 +5.470299514e+01 +1.245299514e+01 +1.245299514e+01
1108 0 +5.142751435e+01 +9.177514353e+00 +9.177514353e+00
1145 0 +3.685471473e+01 -5.395285267e+00 -5.395285267e+00
4383 0 +3.565619540e+01 -6.593804602e+00 -6.593804602e+00
9621 0 +3.451787288e+01 -7.732127121e+00 -7.732127121e+00
22678 0 +2.957818339e+01 -1.267181661e+01 -1.267181661e+01
26280 0 +2.783289756e+01 -1.441710244e+01 -1.441710244e+01
% f evaluations | g evaluations | best noise-free fitness - Fopt (-1.295600000000e+02) + sum g_i+ | measured fitness | best measured fitness or single-digit g-values | x1 | x2...
1 0 +8.528192963e+03 +8.398632963e+03 +8.398632963e+03
2 0 +3.369999260e+03 +3.240439260e+03 +3.240439260e+03
3 0 +2.575774453e+03 +2.446214453e+03 +2.446214453e+03
12 0 +1.818359310e+03 +1.688799310e+03 +1.688799310e+03
18 0 +1.129130379e+03 +9.995703785e+02 +9.995703785e+02
46 0 +1.071095208e+03 +9.415352079e+02 +9.415352079e+02
61 0 +8.090304102e+02 +6.794704102e+02 +6.794704102e+02
119 0 +6.989248769e+02 +5.693648769e+02 +5.693648769e+02
154 0 +6.721957161e+02 +5.426357161e+02 +5.426357161e+02
234 0 +5.866004960e+02 +4.570404960e+02 +4.570404960e+02
279 0 +5.682212736e+02 +4.386612736e+02 +4.386612736e+02
310 0 +5.582718913e+02 +4.287118913e+02 +4.287118913e+02
327 0 +4.872703311e+02 +3.577103311e+02 +3.577103311e+02
395 0 +4.724998845e+02 +3.429398845e+02 +3.429398845e+02
416 0 +4.388900403e+02 +3.093300403e+02 +3.093300403e+02
424 0 +4.291547137e+02 +2.995947137e+02 +2.995947137e+02
439 0 +4.149648632e+02 +2.854048632e+02 +2.854048632e+02
443 0 +3.474723707e+02 +2.179123707e+02 +2.179123707e+02
458 0 +3.383995710e+02 +2.088395710e+02 +2.088395710e+02
511 0 +3.070564419e+02 +1.774964419e+02 +1.774964419e+02
583 0 +2.969653761e+02 +1.674053761e+02 +1.674053761e+02
584 0 +2.907067949e+02 +1.611467949e+02 +1.611467949e+02
607 0 +2.865728669e+02 +1.570128669e+02 +1.570128669e+02
617 0 +2.739303011e+02 +1.443703011e+02 +1.443703011e+02
620 0 +2.131379080e+02 +8.357790796e+01 +8.357790796e+01
632 0 +1.917149908e+02 +6.215499077e+01 +6.215499077e+01
762 0 +1.718587969e+02 +4.229879686e+01 +4.229879686e+01
786 0 +1.141804913e+02 -1.537950867e+01 -1.537950867e+01
796 0 +1.069338047e+02 -2.262619527e+01 -2.262619527e+01
3874 0 +1.011112909e+02 -2.844870912e+01 -2.844870912e+01
4910 0 +9.121419942e+01 -3.834580058e+01 -3.834580058e+01
8213 0 +7.949889207e+01 -5.006110793e+01 -5.006110793e+01
75416 0 +6.813612955e+01 -6.142387045e+01 -6.142387045e+01
% f evaluations | g evaluations | best noise-free fitness - Fopt (-2.774000000000e+01) + sum g_i+ | measured fitness | best measured fitness or single-digit g-values | x1 | x2...
1 0 +3.695444739e+03 +3.667704739e+03 +3.667704739e+03
3 0 +3.125338948e+03 +3.097598948e+03 +3.097598948e+03
4 0 +2.376343589e+03 +2.348603589e+03 +2.348603589e+03
6 0 +2.191136435e+03 +2.163396435e+03 +2.163396435e+03
16 0 +1.529080268e+03 +1.501340268e+03 +1.501340268e+03
21 0 +1.314685771e+03 +1.286945771e+03 +1.286945771e+03
51 0 +1.244659491e+03 +1.216919491e+03 +1.216919491e+03
87 0 +1.135208199e+03 +1.107468199e+03 +1.107468199e+03
171 0 +1.027630186e+03 +9.998901864e+02 +9.998901864e+02
174 0 +1.013230435e+03 +9.854904354e+02 +9.854904354e+02
242 0 +9.705898328e+02 +9.428498328e+02 +9.428498328e+02
257 0 +7.060710022e+02 +6.783310022e+02 +6.783310022e+02
385 0 +6.203387007e+02 +5.925987007e+02 +5.925987007e+02
612 0 +5.201710043e+02 +4.924310043e+02 +4.924310043e+02
725 0 +4.991859238e+02 +4.714459238e+02 +4.714459238e+02
745 0 +4.514702022e+02 +4.237302022e+02 +4.237302022e+02
807 0 +4.077573363e+02 +3.800173363e+02 +3.800173363e+02
900 0 +3.221835476e+02 +2.944435476e+02 +2.944435476e+02
978 0 +3.044810265e+02 +2.767410265e+02 +2.767410265e+02
980 0 +2.738817963e+02 +2.461417963e+02 +2.461417963e+02
1155 0 +2.677957498e+02 +2.400557498e+02 +2.400557498e+02
1169 0 +2.354028343e+02 +2.076628343e+02 +2.076628343e+02
1184 0 +2.096358626e+02 +1.818958626e+02 +1.818958626e+02
1200 0 +1.946122279e+02 +1.668722279e+02 +1.668722279e+02
1337 0 +1.598830798e+02 +1.321430798e+02 +1.321430798e+02
1401 0 +1.439343412e+02 +1.161943412e+02 +1.161943412e+02
1412 0 +1.322401341e+02 +1.045001341e+02 +1.045001341e+02
1542 0 +9.624820438e+01 +6.850820438e+01 +6.850820438e+01
1574 0 +9.138814110e+01 +6.364814110e+01 +6.364814110e+01
1639 0 +7.821228947e+01 +5.047228947e+01 +5.047228947e+01
1757 0 +5.486802204e+01 +2.712802204e+01 +2.712802204e+01
1884 0 +5.228345379e+01 +2.454345379e+01 +2.454345379e+01
1970 0 +4.030586203e+01 +1.256586203e+01 +1.256586203e+01
2004 0 +3.624314567e+01 +8.503145670e+00 +8.503145670e+00
2012 0 +2.985725787e+01 +2.117257869e+00 +2.117257869e+00
2457 0 +2.804595878e+01 +3.059587835e-01 +3.059587835e-01
2498 0 +2.568067151e+01 -2.059328490e+00 -2.059328490e+00
16957 0 +2.261870768e+01 -5.121292319e+00 -5.121292319e+00
% f evaluations | g evaluations | best noise-free fitness - Fopt (5.073300000000e+02) + sum g_i+ | measured fitness | best measured fitness or single-digit g-values | x1 | x2...
1 0 +1.980564183e+03 +2.487894183e+03 +2.487894183e+03
27 0 +1.806278770e+03 +2.313608770e+03 +2.313608770e+03
31 0 +1.415555399e+03 +1.922885399e+03 +1.922885399e+03
49 0 +1.133264096e+03 +1.640594096e+03 +1.640594096e+03
105 0 +1.085472459e+03 +1.592802459e+03 +1.592802459e+03
111 0 +1.060625556e+03 +1.567955556e+03 +1.567955556e+03
131 0 +8.316052417e+02 +1.338935242e+03 +1.338935242e+03
135 0 +8.095547388e+02 +1.316884739e+03 +1.316884739e+03
145 0 +7.263760356e+02 +1.233706036e+03 +1.233706036e+03
225 0 +6.782149542e+02 +1.185544954e+03 +1.185544954e+03
287 0 +6.572133667e+02 +1.164543367e+03 +1.164543367e+03
306 0 +6.376359883e+02 +1.144965988e+03 +1.144965988e+03
311 0 +5.950397890e+02 +1.102369789e+03 +1.102369789e+03
340 0 +5.492832407e+02 +1.056613241e+03 +1.056613241e+03
341 0 +5.323864522e+02 +1.039716452e+03 +1.039716452e+03
347 0 +4.949479870e+02 +1.002277987e+03 +1.002277987e+03
358 0 +4.765431521e+02 +9.838731521e+02 +9.838731521e+02
367 0 +4.187924657e+02 +9.261224657e+02 +9.261224657e+02
433 0 +3.942854043e+02 +9.016154043e+02 +9.016154043e+02
462 0 +3.799922283e+02 +8.873222283e+02 +8.873222283e+02
475 0 +3.654464969e+02 +8.727764969e+02 +8.727764969e+02
479 0 +3.478213755e+02 +8.551513755e+02 +8.551513755e+02
488 0 +2.588409555e+02 +7.661709555e+02 +7.661709555e+02
491 0 +2.369787061e+02 +7.443087061e+02 +7.443087061e+02
554 0 +1.945952512e+02 +7.019252512e+02 +7.019252512e+02
620 0 +1.661628273e+02 +6.734928273e+02 +6.734928273e+02
667 0 +1.515922228e+02 +6.589222228e+02 +6.589222228e+02
841 0 +1.377137673e+02 +6.450437673e+02 +6.450437673e+02
903 0 +1.204642215e+02 +6.277942215e+02 +6.277942215e+02
929 0 +1.103853164e+02 +6.177153164e+02 +6.177153164e+02
1060 0 +1.048107138e+02 +6.121407138e+02 +6.121407138e+02
1072 0 +1.023031061e+02 +6.096331061e+02 +6.096331061e+02
1094 0 +8.069639775e+01 +5.880263977e+02 +5.880263977e+02
1235 0 +7.393557687e+01 +5.812655769e+02 +5.812655769e+02
1312 0 +7.151776010e+01 +5.788477601e+02 +5.788477601e+02
1328 0 +6.479376412e+01 +5.721237641e+02 +5.721237641e+02
1447 0 +6.422696236e+01 +5.715569624e+02 +5.715569624e+02
1464 0 +5.366553297e+01 +5.609955330e+02 +5.609955330e+02
1530 0 +5.056250110e+01 +5.578925011e+02 +5.578925011e+02
1549 0 +4.987665684e+01 +5.572066568e+02 +5.572066568e+02
1579 0 +4.858047147e+01 +5.559104715e+02 +5.559104715e+02
1599 0 +4.417264770e+01 +5.515026477e+02 +5.515026477e+02
1633 0 +4.354616926e+01 +5.508761693e+02 +5.508761693e+02
1798 0 +4.163184697e+01 +5.489618470e+02 +5.489618470e+02
1802 0 +4.020575039e+01 +5.475357504e+02 +5.475357504e+02
1832 0 +3.749766836e+01 +5.448276684e+02 +5.448276684e+02
1843 0 +3.553931532e+01 +5.428693153e+02 +5.428693153e+02
1880 0 +3.471456928e+01 +5.420445693e+02 +5.420445693e+02
1973 0 +3.392496160e+01 +5.412549616e+02 +5.412549616e+02
1975 0 +2.875476460e+01 +5.360847646e+02 +5.360847646e+02
2094 0 +2.736535941e+01 +5.346953594e+02 +5.346953594e+02
2151 0 +2.658443033e+01 +5.339144303e+02 +5.339144303e+02
2165 0 +2.589230983e+01 +5.332223098e+02 +5.332223098e+02
2211 0 +2.491912839e+01 +5.322491284e+02 +5.322491284e+02
2226 0 +2.278830872e+01 +5.301183087e+02 +5.301183087e+02
2297 0 +2.234368233e+01 +5.296736823e+02 +5.296736823e+02
2422 0 +2.172687423e+01 +5.290568742e+02 +5.290568742e+02
2432 0 +2.072229051e+01 +5.280522905e+02 +5.280522905e+02
2501 0 +1.952621600e+01 +5.268562160e+02 +5.268562160e+02
2532 0 +1.938935949e+01 +5.267193595e+02 +5.267193595e+02
2603 0 +1.880410394e+01 +5.261341039e+02 +5.261341039e+02
2735 0 +1.854381482e+01 +5.258738148e+02 +5.258738148e+02
2737 0 +1.807947802e+01 +5.254094780e+02 +5.254094780e+02
2858 0 +1.753393953e+01 +5.248639395e+02 +5.248639395e+02
3039 0 +1.736776659e+01 +5.246977666e+02 +5.246977666e+02
8489 0 +1.662566878e+01 +5.239556688e+02 +5.239556688e+02
8496 0 +1.618099186e+01 +5.235109919e+02 +5.235109919e+02
8541 0 +1.535881205e+01 +5.226888121e+02 +5.226888121e+02
8575 0 +1.390552261e+01 +5.212355226e+02 +5.212355226e+02
8603 0 +1.367190690e+01 +5.210019069e+02 +5.210019069e+02
8681 0 +1.288842299e+01 +5.202184230e+02 +5.202184230e+02
8687 0 +1.282631268e+01 +5.201563127e+02 +5.201563127e+02
8737 0 +1.226988313e+01 +5.195998831e+02 +5.195998831e+02
8822 0 +1.188218965e+01 +5.192121897e+02 +5.192121897e+02
8865 0 +1.152398497e+01 +5.188539850e+02 +5.188539850e+02
8878 0 +1.146585610e+01 +5.187958561e+02 +5.187958561e+02
8935 0 +1.115028526e+01 +5.184802853e+02 +5.184802853e+02
9020 0 +1.083607337e+01 +5.181660734e+02 +5.181660734e+02
9195 0 +1.064363662e+01 +5.179736366e+02 +5.179736366e+02
9254 0 +1.043815120e+01 +5.177681512e+02 +5.177681512e+02
9617 0 +9.756283212e+00 +5.170862832e+02 +5.170862832e+02
9663 0 +9.478429751e+00 +5.168084298e+02 +5.168084298e+02
9954 0 +9.316565611e+00 +5.166465656e+02 +5.166465656e+02
10099 0 +9.117441678e+00 +5.164474417e+02 +5.164474417e+02
10453 0 +8.810557171e+00 +5.161405572e+02 +5.161405572e+02
10482 0 +8.695162585e+00 +5.160251626e+02 +5.160251626e+02
30480 0 +8.467697360e+00 +5.157976974e+02 +5.157976974e+02
30670 0 +8.162178544e+00 +5.154921785e+02 +5.154921785e+02
30673 0 +8.113116620e+00 +5.154431166e+02 +5.154431166e+02
30690 0 +7.918358386e+00 +5.152483584e+02 +5.152483584e+02
30757 0 +7.498789581e+00 +5.148287896e+02 +5.148287896e+02
30844 0 +7.407009764e+00 +5.147370098e+02 +5.147370098e+02
31034 0 +7.202544970e+00 +5.145325450e+02 +5.145325450e+02
31042 0 +7.077226293e+00 +5.144072263e+02 +5.144072263e+02
31287 0 +6.887377729e+00 +5.142173777e+02 +5.142173777e+02
31528 0 +6.747824083e+00 +5.140778241e+02 +5.140778241e+02
32056 0 +6.584535730e+00 +5.139145357e+02 +5.139145357e+02
32300 0 +6.449902188e+00 +5.137799022e+02 +5.137799022e+02
% f evaluations | g evaluations | best noise-free fitness - Fopt (5.029000000000e+01) + sum g_i+ | measured fitness | best measured fitness or single-digit g-values | x1 | x2...
1 0 +3.093034034e+03 +3.143324034e+03 +3.143324034e+03
3 0 +1.768499510e+03 +1.818789510e+03 +1.818789510e+03
18 0 +9.997365491e+02 +1.050026549e+03 +1.050026549e+03
36 0 +9.646398075e+02 +1.014929807e+03 +1.014929807e+03
47 0 +6.808204068e+02 +7.311104068e+02 +7.311104068e+02
260 0 +6.707150311e+02 +7.210050311e+02 +7.210050311e+02
270 0 +5.916106544e+02 +6.419006544e+02 +6.419006544e+02
302 0 +5.529462404e+02 +6.032362404e+02 +6.032362404e+02
339 0 +5.086994620e+02 +5.589894620e+02 +5.589894620e+02
347 0 +3.945828368e+02 +4.448728368e+02 +4.448728368e+02
392 0 +3.371925091e+02 +3.874825091e+02 +3.874825091e+02
471 0 +3.096500853e+02 +3.599400853e+02 +3.599400853e+02
534 0 +2.587616808e+02 +3.090516808e+02 +3.090516808e+02
645 0 +1.942659004e+02 +2.445559004e+02 +2.445559004e+02
689 0 +1.858010265e+02 +2.360910265e+02 +2.360910265e+02
702 0 +1.599679288e+02 +2.102579288e+02 +2.102579288e+02
773 0 +1.250674483e+02 +1.753574483e+02 +1.753574483e+02
991 0 +1.138690843e+02 +1.641590843e+02 +1.641590843e+02
998 0 +1.035752283e+02 +1.538652283e+02 +1.538652283e+02
1110 0 +9.943495075e+01 +1.497249507e+02 +1.497249507e+02
1115 0 +9.275935145e+01 +1.430493515e+02 +1.430493515e+02
1130 0 +9.012964502e+01 +1.404196450e+02 +1.404196450e+02
1165 0 +8.745009515e+01 +1.377400951e+02 +1.377400951e+02
1202 0 +7.856554769e+01 +1.288555477e+02 +1.288555477e+02
1244 0 +7.701706007e+01 +1.273070601e+02 +1.273070601e+02
1248 0 +7.097977957e+01 +1.212697796e+02 +1.212697796e+02
1269 0 +6.256551472e+01 +1.128555147e+02 +1.128555147e+02
1385 0 +6.079687994e+01 +1.110868799e+02 +1.110868799e+02
1399 0 +5.981577863e+01 +1.101057786e+02 +1.101057786e+02
1440 0 +5.859107985e+01 +1.088810799e+02 +1.088810799e+02
1454 0 +4.321093765e+01 +9.350093765e+01 +9.350093765e+01
1592 0 +4.156461735e+01 +9.185461735e+01 +9.185461735e+01
1621 0 +4.046783800e+01 +9.075783800e+01 +9.075783800e+01
1622 0 +3.897125805e+01 +8.926125805e+01 +8.926125805e+01
1627 0 +3.797310607e+01 +8.826310607e+01 +8.826310607e+01
1666 0 +3.621233305e+01 +8.650233305e+01 +8.650233305e+01
1696 0 +3.233811550e+01 +8.262811550e+01 +8.262811550e+01
1760 0 +2.946507073e+01 +7.975507073e+01 +7.975507073e+01
1791 0 +2.694348003e+01 +7.723348003e+01 +7.723348003e+01
1813 0 +2.474290437e+01 +7.503290437e+01 +7.503290437e+01
1878 0 +2.402040468e+01 +7.431040468e+01 +7.431040468e+01
1888 0 +2.391643312e+01 +7.420643312e+01 +7.420643312e+01
1924 0 +2.328563702e+01 +7.357563702e+01 +7.357563702e+01
2017 0 +2.019769199e+01 +7.048769199e+01 +7.048769199e+01
2164 0 +1.838842968e+01 +6.867842968e+01 +6.867842968e+01
2168 0 +1.738300332e+01 +6.767300332e+01 +6.767300332e+01
2181 0 +1.597840680e+01 +6.626840680e+01 +6.626840680e+01
2402 0 +1.581073412e+01 +6.610073412e+01 +6.610073412e+01
2411 0 +1.542881024e+01 +6.571881024e+01 +6.571881024e+01
2558 0 +1.435499286e+01 +6.464499286e+01 +6.464499286e+01
2597 0 +1.331150090e+01 +6.360150090e+01 +6.360150090e+01
2716 0 +1.313870394e+01 +6.342870394e+01 +6.342870394e+01
2733 0 +1.270954169e+01 +6.299954169e+01 +6.299954169e+01
2793 0 +1.255404490e+01 +6.284404490e+01 +6.284404490e+01
2955 0 +1.219642925e+01 +6.248642925e+01 +6.248642925e+01
3017 0 +1.200733916e+01 +6.229733916e+01 +6.229733916e+01
3504 0 +1.171399937e+01 +6.200399937e+01 +6.200399937e+01
3770 0 +1.145696891e+01 +6.174696891e+01 +6.174696891e+01
14420 0 +1.115199245e+01 +6.144199245e+01 +6.144199245e+01
14560 0 +1.033338111e+01 +6.062338111e+01 +6.062338111e+01
14919 0 +1.022551410e+01 +6.051551410e+01 +6.051551410e+01
15056 0 +9.995453620e+00 +6.028545362e+01 +6.028545362e+01
15375 0 +9.770298936e+00 +6.006029894e+01 +6.006029894e+01
27831 0 +9.532145095e+00 +5.982214510e+01 +5.982214510e+01
27932 0 +9.290578653e+00 +5.958057865e+01 +5.958057865e+01
28002 0 +9.081923071e+00 +5.937192307e+01 +5.937192307e+01
28301 0 +8.900369092e+00 +5.919036909e+01 +5.919036909e+01
28746 0 +8.702792056e+00 +5.899279206e+01 +5.899279206e+01
33829 0 +8.484694368e+00 +5.877469437e+01 +5.877469437e+01
34015 0 +8.266605681e+00 +5.855660568e+01 +5.855660568e+01
34069 0 +8.112468596e+00 +5.840246860e+01 +5.840246860e+01
34563 0 +7.940486174e+00 +5.823048617e+01 +5.823048617e+01
67440 0 +7.603808969e+00 +5.789380897e+01 +5.789380897e+01
67497 0 +7.368314309e+00 +5.765831431e+01 +5.765831431e+01
67503 0 +7.148452196e+00 +5.743845220e+01 +5.743845220e+01
67577 0 +7.068818201e+00 +5.735881820e+01 +5.735881820e+01
67639 0 +6.797838217e+00 +5.708783822e+01 +5.708783822e+01
67682 0 +6.760609034e+00 +5.705060903e+01 +5.705060903e+01
67833 0 +6.593067766e+00 +5.688306777e+01 +5.688306777e+01
68236 0 +6.448690325e+00 +5.673869033e+01 +5.673869033e+01
68953 0 +6.300794921e+00 +5.659079492e+01 +5.659079492e+01
% f evaluations | g evaluations | best noise-free fitness - Fopt (-1.000000000000e+03) + sum g_i+ | measured fitness | best measured fitness or single-digit g-values | x1 | x2...
1 0 +2.452073327e+03 +1.452073327e+03 +1.452073327e+03
3 0 +1.285862016e+03 +2.858620156e+02 +2.858620156e+02
31 0 +1.056684648e+03 +5.668464822e+01 +5.668464822e+01
55 0 +9.245316279e+02 -7.546837207e+01 -7.546837207e+01
61 0 +5.145156630e+02 -4.854843370e+02 -4.854843370e+02
667 0 +4.453226132e+02 -5.546773868e+02 -5.546773868e+02
14506 0 +4.319814121e+02 -5.680185879e+02 -5.680185879e+02
43840 0 +3.974427972e+02 -6.025572028e+02 -6.025572028e+02
89496 0 +3.530297337e+02 -6.469702663e+02 -6.469702663e+02
% f evaluations | g evaluations | best noise-free fitness - Fopt (6.074000000000e+01) + sum g_i+ | measured fitness | best measured fitness or single-digit g-values | x1 | x2...
1 0 +2.058724875e+03 +2.119464875e+03 +2.119464875e+03
17 0 +1.972278232e+03 +2.033018232e+03 +2.033018232e+03
20 0 +1.372913256e+03 +1.433653256e+03 +1.433653256e+03
43 0 +1.079649990e+03 +1.140389990e+03 +1.140389990e+03
73 0 +9.984882595e+02 +1.059228260e+03 +1.059228260e+03
83 0 +9.308911633e+02 +9.916311633e+02 +9.916311633e+02
108 0 +7.162604152e+02 +7.770004152e+02 +7.770004152e+02
110 0 +7.029359251e+02 +7.636759251e+02 +7.636759251e+02
121 0 +6.865548454e+02 +7.472948454e+02 +7.472948454e+02
135 0 +6.337965384e+02 +6.945365384e+02 +6.945365384e+02
257 0 +4.440283134e+02 +5.047683134e+02 +5.047683134e+02
361 0 +3.157651841e+02 +3.765051841e+02 +3.765051841e+02
400 0 +2.951045995e+02 +3.558445995e+02 +3.558445995e+02
475 0 +2.512390511e+02 +3.119790511e+02 +3.119790511e+02
533 0 +2.389176101e+02 +2.996576101e+02 +2.996576101e+02
555 0 +1.823943223e+02 +2.431343223e+02 +2.431343223e+02
666 0 +1.751202624e+02 +2.358602624e+02 +2.358602624e+02
676 0 +1.735639257e+02 +2.343039257e+02 +2.343039257e+02
699 0 +1.664709314e+02 +2.272109314e+02 +2.272109314e+02
707 0 +1.492733703e+02 +2.100133703e+02 +2.100133703e+02
758 0 +1.470870802e+02 +2.078270802e+02 +2.078270802e+02
771 0 +1.409654009e+02 +2.017054009e+02 +2.017054009e+02
784 0 +1.304469751e+02 +1.911869751e+02 +1.911869751e+02
790 0 +1.200154066e+02 +1.807554066e+02 +1.807554066e+02
824 0 +1.168041225e+02 +1.775441225e+02 +1.775441225e+02
867 0 +1.091053012e+02 +1.698453012e+02 +1.698453012e+02
916 0 +9.936977579e+01 +1.601097758e+02 +1.601097758e+02
933 0 +9.770789613e+01 +1.584478961e+02 +1.584478961e+02
941 0 +8.953505656e+01 +1.502750566e+02 +1.502750566e+02
998 0 +8.896057835e+01 +1.497005783e+02 +1.497005783e+02
1058 0 +8.699857213e+01 +1.477385721e+02 +1.477385721e+02
1088 0 +8.484692148e+01 +1.455869215e+02 +1.455869215e+02
1154 0 +8.146073031e+01 +1.422007303e+02 +1.422007303e+02
1204 0 +7.686777260e+01 +1.376077726e+02 +1.376077726e+02
1215 0 +7.221746768e+01 +1.329574677e+02 +1.329574677e+02
1299 0 +6.986595619e+01 +1.306059562e+02 +1.306059562e+02
1310 0 +6.636030825e+01 +1.271003083e+02 +1.271003083e+02
1365 0 +6.577721366e+01 +1.265172137e+02 +1.265172137e+02
1369 0 +6.093584702e+01 +1.216758470e+02 +1.216758470e+02
1372 0 +5.908200008e+01 +1.198220001e+02 +1.198220001e+02
1379 0 +5.875140523e+01 +1.194914052e+02 +1.194914052e+02
1400 0 +5.707749981e+01 +1.178174998e+02 +1.178174998e+02
1472 0 +5.369217135e+01 +1.144321714e+02 +1.144321714e+02
1519 0 +4.951401789e+01 +1.102540179e+02 +1.102540179e+02
1562 0 +4.627091718e+01 +1.070109172e+02 +1.070109172e+02
1683 0 +4.458373498e+01 +1.053237350e+02 +1.053237350e+02
1734 0 +4.286633387e+01 +1.036063339e+02 +1.036063339e+02
1778 0 +4.183640292e+01 +1.025764029e+02 +1.025764029e+02
1779 0 +4.081055882e+01 +1.015505588e+02 +1.015505588e+02
1938 0 +4.032380103e+01 +1.010638010e+02 +1.010638010e+02
1954 0 +3.858555680e+01 +9.932555680e+01 +9.932555680e+01
2080 0 +3.780443788e+01 +9.854443788e+01 +9.854443788e+01
2093 0 +3.583358479e+01 +9.657358479e+01 +9.657358479e+01
2106 0 +3.515794410e+01 +9.589794410e+01 +9.589794410e+01
2121 0 +3.433532494e+01 +9.507532494e+01 +9.507532494e+01
2286 0 +3.378320704e+01 +9.452320704e+01 +9.452320704e+01
2319 0 +3.036689249e+01 +9.110689249e+01 +9.110689249e+01
2340 0 +2.978836421e+01 +9.052836421e+01 +9.052836421e+01
2354 0 +2.855355295e+01 +8.929355295e+01 +8.929355295e+01
2408 0 +2.753623429e+01 +8.827623429e+01 +8.827623429e+01
2499 0 +2.519108085e+01 +8.593108085e+01 +8.593108085e+01
2545 0 +2.506590981e+01 +8.580590981e+01 +8.580590981e+01
2672 0 +2.358939814e+01 +8.432939814e+01 +8.432939814e+01
2732 0 +2.285618726e+01 +8.359618726e+01 +8.359618726e+01
2765 0 +2.169952286e+01 +8.243952286e+01 +8.243952286e+01
2791 0 +1.978908271e+01 +8.052908271e+01 +8.052908271e+01
3127 0 +1.902431518e+01 +7.976431518e+01 +7.976431518e+01
3171 0 +1.861477260e+01 +7.935477260e+01 +7.935477260e+01
3321 0 +1.807386269e+01 +7.881386269e+01 +7.881386269e+01
3554 0 +1.777496103e+01 +7.851496103e+01 +7.851496103e+01
4623 0 +1.736942458e+01 +7.810942458e+01 +7.810942458e+01
35307 0 +1.312253260e+01 +7.386253260e+01 +7.386253260e+01
35420 0 +1.275781951e+01 +7.349781951e+01 +7.349781951e+01
35538 0 +1.239895675e+01 +7.313895675e+01 +7.313895675e+01
35564 0 +1.227464611e+01 +7.301464611e+01 +7.301464611e+01
35572 0 +1.177266265e+01 +7.251266265e+01 +7.251266265e+01
35574 0 +1.162055331e+01 +7.236055331e+01 +7.236055331e+01
35587 0 +1.147854286e+01 +7.221854286e+01 +7.221854286e+01
35789 0 +1.119592709e+01 +7.193592709e+01 +7.193592709e+01
35856 0 +1.079385921e+01 +7.153385921e+01 +7.153385921e+01
35977 0 +1.069794919e+01 +7.143794919e+01 +7.143794919e+01
36017 0 +1.026834547e+01 +7.100834547e+01 +7.100834547e+01
36044 0 +1.021319682e+01 +7.095319682e+01 +7.095319682e+01
36234 0 +9.882592173e+00 +7.062259217e+01 +7.062259217e+01
36395 0 +9.766908943e+00 +7.050690894e+01 +7.050690894e+01
36556 0 +9.549684234e+00 +7.028968423e+01 +7.028968423e+01
37763 0 +9.330552033e+00 +7.007055203e+01 +7.007055203e+01
54751 0 +9.119091098e+00 +6.985909110e+01 +6.985909110e+01
54971 0 +8.863958841e+00 +6.960395884e+01 +6.960395884e+01
94127 0 +8.660702271e+00 +6.940070227e+01 +6.940070227e+01
94347 0 +8.461388421e+00 +6.920138842e+01 +6.920138842e+01
94579 0 +8.302685756e+00 +6.904268576e+01 +6.904268576e+01
% f evaluations | g evaluations | best noise-free fitness - Fopt (1.284000000000e+01) + sum g_i+ | measured fitness | best measured fitness or single-digit g-values | x1 | x2...
1 0 +2.673545924e+03 +2.686385924e+03 +2.686385924e+03
2 0 +1.680989188e+03 +1.693829188e+03 +1.693829188e+03
3 0 +1.417901697e+03 +1.430741697e+03 +1.430741697e+03
13 0 +1.259719015e+03 +1.272559015e+03 +1.272559015e+03
23 0 +9.831520288e+02 +9.959920288e+02 +9.959920288e+02
36 0 +9.647710559e+02 +9.776110559e+02 +9.776110559e+02
49 0 +7.210895129e+02 +7.339295129e+02 +7.339295129e+02
97 0 +7.017683038e+02 +7.146083038e+02 +7.146083038e+02
141 0 +6.331100251e+02 +6.459500251e+02 +6.459500251e+02
169 0 +5.746387465e+02 +5.874787465e+02 +5.874787465e+02
183 0 +5.168542874e+02 +5.296942874e+02 +5.296942874e+02
211 0 +4.448870940e+02 +4.577270940e+02 +4.577270940e+02
239 0 +4.056598087e+02 +4.184998087e+02 +4.184998087e+02
337 0 +3.818962836e+02 +3.947362836e+02 +3.947362836e+02
347 0 +3.720658039e+02 +3.849058039e+02 +3.849058039e+02
377 0 +2.858278452e+02 +2.986678452e+02 +2.986678452e+02
504 0 +2.797906612e+02 +2.926306612e+02 +2.926306612e+02
563 0 +2.725490150e+02 +2.853890150e+02 +2.853890150e+02
576 0 +2.509273151e+02 +2.637673151e+02 +2.637673151e+02
593 0 +2.121847382e+02 +2.250247382e+02 +2.250247382e+02
659 0 +1.914576529e+02 +2.042976529e+02 +2.042976529e+02
665 0 +1.562082274e+02 +1.690482274e+02 +1.690482274e+02
798 0 +1.223120143e+02 +1.351520143e+02 +1.351520143e+02
931 0 +1.176102805e+02 +1.304502805e+02 +1.304502805e+02
932 0 +1.133403379e+02 +1.261803379e+02 +1.261803379e+02
947 0 +7.658739936e+01 +8.942739936e+01 +8.942739936e+01
1036 0 +7.097159336e+01 +8.381159336e+01 +8.381159336e+01
1038 0 +6.892654732e+01 +8.176654732e+01 +8.176654732e+01
1081 0 +6.164971115e+01 +7.448971115e+01 +7.448971115e+01
1154 0 +5.710140931e+01 +6.994140931e+01 +6.994140931e+01
1248 0 +5.271575606e+01 +6.555575606e+01 +6.555575606e+01
1253 0 +4.239228963e+01 +5.523228963e+01 +5.523228963e+01
1313 0 +4.005716156e+01 +5.289716156e+01 +5.289716156e+01
1336 0 +3.905513507e+01 +5.189513507e+01 +5.189513507e+01
1441 0 +3.804180605e+01 +5.088180605e+01 +5.088180605e+01
1474 0 +3.526587508e+01 +4.810587508e+01 +4.810587508e+01
1583 0 +3.452844275e+01 +4.736844275e+01 +4.736844275e+01
1683 0 +3.348111788e+01 +4.632111788e+01 +4.632111788e+01
1731 0 +3.246888422e+01 +4.530888422e+01 +4.530888422e+01
1759 0 +2.706180975e+01 +3.990180975e+01 +3.990180975e+01
1880 0 +2.554881754e+01 +3.838881754e+01 +3.838881754e+01
1910 0 +2.470176039e+01 +3.754176039e+01 +3.754176039e+01
1986 0 +2.441701091e+01 +3.725701091e+01 +3.725701091e+01
1995 0 +2.307297367e+01 +3.591297367e+01 +3.591297367e+01
2014 0 +2.272969162e+01 +3.556969162e+01 +3.556969162e+01
2085 0 +2.233567091e+01 +3.517567091e+01 +3.517567091e+01
2174 0 +2.168319717e+01 +3.452319717e+01 +3.452319717e+01
2256 0 +2.123867640e+01 +3.407867640e+01 +3.407867640e+01
2344 0 +2.073944894e+01 +3.357944894e+01 +3.357944894e+01
2372 0 +2.033555102e+01 +3.317555102e+01 +3.317555102e+01
2481 0 +1.990146890e+01 +3.274146890e+01 +3.274146890e+01
2642 0 +1.941358568e+01 +3.225358568e+01 +3.225358568e+01
2755 0 +1.903695413e+01 +3.187695413e+01 +3.187695413e+01
3192 0 +1.853122152e+01 +3.137122152e+01 +3.137122152e+01
7421 0 +1.776927004e+01 +3.060927004e+01 +3.060927004e+01
7469 0 +1.674874524e+01 +2.958874524e+01 +2.958874524e+01
7481 0 +1.632067411e+01 +2.916067411e+01 +2.916067411e+01
7498 0 +1.347698801e+01 +2.631698801e+01 +2.631698801e+01
7581 0 +1.265792314e+01 +2.549792314e+01 +2.549792314e+01
7681 0 +1.177633794e+01 +2.461633794e+01 +2.461633794e+01
7774 0 +1.160557184e+01 +2.444557184e+01 +2.444557184e+01
7898 0 +1.131006794e+01 +2.415006794e+01 +2.415006794e+01
7931 0 +1.109218772e+01 +2.393218772e+01 +2.393218772e+01
7992 0 +9.919661867e+00 +2.275966187e+01 +2.275966187e+01
8199 0 +9.616588523e+00 +2.245658852e+01 +2.245658852e+01
8253 0 +9.079181035e+00 +2.191918104e+01 +2.191918104e+01
8283 0 +8.810352101e+00 +2.165035210e+01 +2.165035210e+01
8514 0 +8.684847477e+00 +2.152484748e+01 +2.152484748e+01
8759 0 +8.470566661e+00 +2.131056666e+01 +2.131056666e+01
9230 0 +8.303893019e+00 +2.114389302e+01 +2.114389302e+01
10251 0 +8.122490300e+00 +2.096249030e+01 +2.096249030e+01
88303 0 +7.904588789e+00 +2.074458879e+01 +2.074458879e+01
88343 0 +7.442170116e+00 +2.028217012e+01 +2.028217012e+01
88350 0 +6.566896016e+00 +1.940689602e+01 +1.940689602e+01
88420 0 +6.022802242e+00 +1.886280224e+01 +1.886280224e+01
88481 0 +5.773968949e+00 +1.861396895e+01 +1.861396895e+01
88576 0 +5.378517760e+00 +1.821851776e+01 +1.821851776e+01
88738 0 +5.359055293e+00 +1.819905529e+01 +1.819905529e+01
88899 0 +5.192198375e+00 +1.803219837e+01 +1.803219837e+01
89072 0 +5.104087825e+00 +1.794408782e+01 +1.794408782e+01
89134 0 +4.813141639e+00 +1.765314164e+01 +1.765314164e+01
89234 0 +4.760645735e+00 +1.760064573e+01 +1.760064573e+01
89365 0 +4.609392987e+00 +1.744939299e+01 +1.744939299e+01
89476 0 +4.558912411e+00 +1.739891241e+01 +1.739891241e+01
89533 0 +4.383409734e+00 +1.722340973e+01 +1.722340973e+01
89653 0 +4.345916769e+00 +1.718591677e+01 +1.718591677e+01
89932 0 +4.248181734e+00 +1.708818173e+01 +1.708818173e+01
90125 0 +4.167815722e+00 +1.700781572e+01 +1.700781572e+01
90821 0 +4.064964936e+00 +1.690496494e+01 +1.690496494e+01
% f evaluations | g evaluations | best noise-free fitness - Fopt (-2.626000000000e+01) + sum g_i+ | measured fitness | best measured fitness or single-digit g-values | x1 | x2...
1 0 +2.739487349e+03 +2.713227349e+03 +2.713227349e+03
2 0 +1.648048699e+03 +1.621788699e+03 +1.621788699e+03
18 0 +1.289550604e+03 +1.263290604e+03 +1.263290604e+03
51 0 +1.259332241e+03 +1.233072241e+03 +1.233072241e+03
61 0 +1.215216471e+03 +1.188956471e+03 +1.188956471e+03
63 0 +1.196948116e+03 +1.170688116e+03 +1.170688116e+03
89 0 +1.097118267e+03 +1.070858267e+03 +1.070858267e+03
105 0 +9.365359242e+02 +9.102759242e+02 +9.102759242e+02
150 0 +9.028284851e+02 +8.765684851e+02 +8.765684851e+02
158 0 +8.528158760e+02 +8.265558760e+02 +8.265558760e+02
184 0 +8.374685162e+02 +8.112085162e+02 +8.112085162e+02
186 0 +7.813526866e+02 +7.550926866e+02 +7.550926866e+02
209 0 +7.486072283e+02 +7.223472283e+02 +7.223472283e+02
213 0 +7.337965683e+02 +7.075365683e+02 +7.075365683e+02
227 0 +5.659658119e+02 +5.397058119e+02 +5.397058119e+02
234 0 +4.294664434e+02 +4.032064434e+02 +4.032064434e+02
356 0 +4.163173648e+02 +3.900573648e+02 +3.900573648e+02
388 0 +4.037803973e+02 +3.775203973e+02 +3.775203973e+02
389 0 +3.292114013e+02 +3.029514013e+02 +3.029514013e+02
515 0 +2.848196635e+02 +2.585596635e+02 +2.585596635e+02
521 0 +2.716390276e+02 +2.453790276e+02 +2.453790276e+02
558 0 +2.087419228e+02 +1.824819228e+02 +1.824819228e+02
895 0 +1.796781699e+02 +1.534181699e+02 +1.534181699e+02
926 0 +1.763557791e+02 +1.500957791e+02 +1.500957791e+02
930 0 +1.721713305e+02 +1.459113305e+02 +1.459113305e+02
945 0 +1.659971536e+02 +1.397371536e+02 +1.397371536e+02
963 0 +1.573585510e+02 +1.310985510e+02 +1.310985510e+02
968 0 +1.525133431e+02 +1.262533431e+02 +1.262533431e+02
983 0 +1.501319512e+02 +1.238719512e+02 +1.238719512e+02
991 0 +1.395843901e+02 +1.133243901e+02 +1.133243901e+02
1021 0 +1.280506123e+02 +1.017906123e+02 +1.017906123e+02
1055 0 +1.141476544e+02 +8.788765442e+01 +8.788765442e+01
1063 0 +1.106172181e+02 +8.435721814e+01 +8.435721814e+01
1193 0 +1.049514413e+02 +7.869144130e+01 +7.869144130e+01
1207 0 +9.413637646e+01 +6.787637646e+01 +6.787637646e+01
1261 0 +9.259662895e+01 +6.633662895e+01 +6.633662895e+01
1268 0 +8.840087932e+01 +6.214087932e+01 +6.214087932e+01
1290 0 +8.560316042e+01 +5.934316042e+01 +5.934316042e+01
1322 0 +8.397002495e+01 +5.771002495e+01 +5.771002495e+01
1338 0 +7.791226622e+01 +5.165226622e+01 +5.165226622e+01
1351 0 +6.598882051e+01 +3.972882051e+01 +3.972882051e+01
1444 0 +6.185549347e+01 +3.559549347e+01 +3.559549347e+01
1471 0 +6.108198327e+01 +3.482198327e+01 +3.482198327e+01
1481 0 +5.588605733e+01 +2.962605733e+01 +2.962605733e+01
1490 0 +5.312317679e+01 +2.686317679e+01 +2.686317679e+01
1509 0 +5.225995485e+01 +2.599995485e+01 +2.599995485e+01
1516 0 +4.314926017e+01 +1.688926017e+01 +1.688926017e+01
1591 0 +4.172598276e+01 +1.546598276e+01 +1.546598276e+01
1615 0 +3.649451891e+01 +1.023451891e+01 +1.023451891e+01
1745 0 +3.629475680e+01 +1.003475680e+01 +1.003475680e+01
1787 0 +3.514713542e+01 +8.887135417e+00 +8.887135417e+00
1802 0 +3.373392693e+01 +7.473926928e+00 +7.473926928e+00
1836 0 +3.211842342e+01 +5.858423420e+00 +5.858423420e+00
1859 0 +3.026742302e+01 +4.007423016e+00 +4.007423016e+00
1895 0 +2.790177942e+01 +1.641779416e+00 +1.641779416e+00
1941 0 +2.698814560e+01 +7.281456045e-01 +7.281456045e-01
1949 0 +2.572072530e+01 -5.392747009e-01 -5.392747009e-01
1951 0 +2.503438905e+01 -1.225610947e+00 -1.225610947e+00
8974 0 +1.893660714e+01 -7.323392862e+00 -7.323392862e+00
