% f evaluations | g evaluations | best noise-free fitness - Fopt (9.294000000000e+01) + sum g_i+ | measured fitness | best measured fitness or single-digit g-values | x1 | x2...
1 0 +2.026288128e+01 +1.132028813e+02 +1.132028813e+02 -1.2565e+00 +8.8008e-01
6 0 +8.486338522e+00 +1.014263385e+02 +1.014263385e+02 -3.4263e-01 +2.2898e-01
8 0 +2.068633887e+00 +9.500863389e+01 +9.500863389e+01 +7.1344e-01 -2.9076e-01
13 0 +6.009155901e-01 +9.354091559e+01 +9.354091559e+01 +3.7021e-01 -2.6810e-01
26 0 +1.462240361e-01 +9.308622404e+01 +9.308622404e+01 -2.8429e-01 +7.1913e-01
43 0 +5.408240311e-02 +9.299408240e+01 +9.299408240e+01 -4.1745e-01 +1.0247e+00
70 0 +1.683498053e-02 +9.295683498e+01 +9.295683498e+01 -7.7784e-02 +5.7255e-01
80 0 +6.009155901e-03 +9.294600916e+01 +9.294600916e+01 -2.8044e-01 +7.8790e-01
108 0 +7.616358744e-08 +9.294000008e+01 +9.294000008e+01 -2.1675e-01 +7.3114e-01
147 0 +3.769584112e-08 +9.294000004e+01 +9.294000004e+01 -2.1702e-01 +7.4317e-01
231 0 +1.569661379e-08 +9.294000002e+01 +9.294000002e+01 -2.2086e-01 +7.3607e-01
239 0 +1.189474119e-08 +9.294000001e+01 +9.294000001e+01 -2.2200e-01 +7.3606e-01
241 0 +4.827256816e-09 +9.294000000e+01 +9.294000000e+01 -2.2397e-01 +7.3608e-01
% f evaluations | g evaluations | best noise-free fitness - Fopt (3.535000000000e+01) + sum g_i+ | measured fitness | best measured fitness or single-digit g-values | x1 | x2...
1 0 +3.107236889e+01 +6.642236889e+01 +6.642236889e+01 -1.0527e+00 +5.1957e-01
2 0 +2.906577273e+01 +6.441577273e+01 +6.441577273e+01 +1.1804e-01 +2.3087e+00
3 0 +7.844137333e+00 +4.319413733e+01 +4.319413733e+01 -3.3030e-01 +1.8641e-01
4 0 +2.672123622e-01 +3.561721236e+01 +3.561721236e+01 +1.6543e+00 +1.1104e+00
56 0 +1.116835955e-01 +3.546168360e+01 +3.546168360e+01 +1.4950e+00 +1.1734e+00
67 0 +1.534437970e-02 +3.536534438e+01 +3.536534438e+01 +1.8097e+00 +1.5161e+00
80 0 +3.836094924e-03 +3.535383609e+01 +3.535383609e+01 +1.7078e+00 +1.5117e+00
105 0 +2.837195154e-07 +3.535000028e+01 +3.535000028e+01 +1.7412e+00 +1.5086e+00
133 0 +2.308557399e-07 +3.535000023e+01 +3.535000023e+01 +1.7658e+00 +1.4626e+00
172 0 +1.609309663e-07 +3.535000016e+01 +3.535000016e+01 +1.7652e+00 +1.4698e+00
176 0 +1.840214026e-08 +3.535000002e+01 +3.535000002e+01 +1.7600e+00 +1.4870e+00
184 0 +4.923251140e-09 +3.535000000e+01 +3.535000000e+01 +1.7505e+00 +1.4813e+00
% f evaluations | g evaluations | best noise-free fitness - Fopt (3.820000000000e+00) + sum g_i+ | measured fitness | best measured fitness or single-digit g-values | x1 | x2...
1 0 +8.682134480e+02 +8.720334480e+02 +8.720334480e+02 +6.3914e-01 +6.4474e-01
2 0 +7.940765097e+02 +7.978965097e+02 +7.978965097e+02 +1.3537e+00 +3.0078e+00
6 0 +1.996759007e+00 +5.816759007e+00 +5.816759007e+00 +3.7992e+00 +4.1609e-01
38 0 +5.122905424e-01 +4.332290542e+00 +4.332290542e+00 +3.7406e+00 -6.2313e-01
66 0 +4.651505258e-02 +3.866515053e+00 +3.866515053e+00 +3.8821e+00 +6.9474e-01
107 0 +2.811841591e-02 +3.848118416e+00 +3.848118416e+00 +4.0610e+00 +1.4995e+00
125 0 +5.122905424e-03 +3.825122905e+00 +3.825122905e+00 +4.0272e+00 +1.3781e+00
141 0 +4.746561304e-07 +3.820000475e+00 +3.820000475e+00 +3.9992e+00 +1.2250e+00
159 0 +7.087549259e-08 +3.820000071e+00 +3.820000071e+00 +4.0054e+00 +1.1844e+00
230 0 +3.419832284e-08 +3.820000034e+00 +3.820000034e+00 +3.9947e+00 +1.1810e+00
239 0 +1.126086779e-08 +3.820000011e+00 +3.820000011e+00 +3.9943e+00 +1.1765e+00
242 0 +6.949191000e-09 +3.820000007e+00 +3.820000007e+00 +3.9940e+00 +1.1783e+00
% f evaluations | g evaluations | best noise-free fitness - Fopt (2.175000000000e+01) + sum g_i+ | measured fitness | best measured fitness or single-digit g-values | x1 | x2...
1 0 +9.052874560e+02 +9.270374560e+02 +9.270374560e+02 -2.8466e+00 -1.3725e+00
2 0 +1.276961644e+01 +3.451961644e+01 +3.451961644e+01 +2.4462e+00 +1.1020e+00
3 0 +6.143257824e+00 +2.789325782e+01 +2.789325782e+01 +3.0969e+00 +7.4108e-01
8 0 +6.021023608e+00 +2.777102361e+01 +2.777102361e+01 +4.1981e+00 -4.9035e-01
13 0 +3.127769378e+00 +2.487776938e+01 +2.487776938e+01 +3.1443e+00 +2.1342e+00
25 0 +2.929797354e+00 +2.467979735e+01 +2.467979735e+01 +1.9301e+00 +2.0791e+00
27 0 +7.629821235e-01 +2.251298212e+01 +2.251298212e+01 +2.8088e+00 +1.6623e+00
45 0 +3.127769378e-02 +2.178127769e+01 +2.178127769e+01 +3.7181e+00 +9.9916e-01
55 0 +1.535814456e-02 +2.176535814e+01 +2.176535814e+01 +3.8030e+00 +9.2901e-01
93 0 +1.469823782e-02 +2.176469824e+01 +2.176469824e+01 +3.6553e+00 +9.9912e-01
101 0 +3.775725084e-07 +2.175000038e+01 +2.175000038e+01 +3.7744e+00 +9.3033e-01
129 0 +1.579664612e-07 +2.175000016e+01 +2.175000016e+01 +3.7590e+00 +9.0440e-01
135 0 +8.308975552e-08 +2.175000008e+01 +2.175000008e+01 +3.7680e+00 +8.8171e-01
194 0 +1.169965103e-08 +2.175000001e+01 +2.175000001e+01 +3.7593e+00 +8.8709e-01
557 0 +8.801038121e-09 +2.175000001e+01 +2.175000001e+01 +3.7799e+00 +8.9380e-01
% f evaluations | g evaluations | best noise-free fitness - Fopt (6.479000000000e+01) + sum g_i+ | measured fitness | best measured fitness or single-digit g-values | x1 | x2...
1 0 +4.949554768e+02 +5.597454768e+02 +5.597454768e+02 +7.9744e-01 -8.7746e-01
6 0 +2.941946790e+02 +3.589846790e+02 +3.589846790e+02 -1.8091e-01 -7.9944e-01
9 0 +6.962590899e+01 +1.344159090e+02 +1.344159090e+02 -1.6814e+00 -6.1268e-01
10 0 +1.979872827e+00 +6.676987283e+01 +6.676987283e+01 -3.1935e-01 -3.4490e+00
34 0 +8.575041272e-01 +6.564750413e+01 +6.564750413e+01 -7.4859e-01 -3.0900e+00
49 0 +6.303766521e-01 +6.542037665e+01 +6.542037665e+01 -8.9565e-01 -3.1743e+00
51 0 +4.949682067e-01 +6.528496821e+01 +6.528496821e+01 -1.2755e+00 -2.7145e+00
73 0 +1.614125784e-02 +6.480614126e+01 +6.480614126e+01 -1.7029e+00 -2.3157e+00
113 0 +6.303766521e-03 +6.479630377e+01 +6.479630377e+01 -1.7708e+00 -2.2181e+00
116 0 +1.211239464e-07 +6.479000012e+01 +6.479000012e+01 -1.8562e+00 -2.1178e+00
161 0 +1.095815065e-07 +6.479000011e+01 +6.479000011e+01 -1.8572e+00 -2.1172e+00
175 0 +1.004380294e-07 +6.479000010e+01 +6.479000010e+01 -1.8541e+00 -2.1116e+00
183 0 +4.399251452e-08 +6.479000004e+01 +6.479000004e+01 -1.8567e+00 -2.1056e+00
207 0 +3.714379204e-08 +6.479000004e+01 +6.479000004e+01 -1.8638e+00 -2.1015e+00
215 0 +3.102387325e-08 +6.479000003e+01 +6.479000003e+01 -1.8584e+00 -2.1057e+00
219 0 +2.429936785e-08 +6.479000002e+01 +6.479000002e+01 -1.8610e+00 -2.1081e+00
222 0 +2.336159355e-08 +6.479000002e+01 +6.479000002e+01 -1.8590e+00 -2.1053e+00
228 0 +6.293987553e-11 +6.479000000e+01 +6.479000000e+01 -1.8613e+00 -2.1044e+00
490 0 +0.000000000e+00 +6.479000000e+01 +6.479000000e+01 -1.8608e+00 -2.1037e+00
% f evaluations | g evaluations | best noise-free fitness - Fopt (-4.947000000000e+01) + sum g_i+ | measured fitness | best measured fitness or single-digit g-values | x1 | x2...
1 0 +7.984475764e+01 +3.037475764e+01 +3.037475764e+01 +4.2759e-01 +1.4175e+00
10 0 +1.741341958e+01 -3.205658042e+01 -3.205658042e+01 -8.5878e-01 +1.5769e+00
41 0 +1.685596644e+01 -3.261403356e+01 -3.261403356e+01 -2.1220e+00 +3.3121e-01
44 0 +1.653113479e+01 -3.293886521e+01 -3.293886521e+01 -4.0231e-01 +1.5801e+00
46 0 +1.098086272e+01 -3.848913728e+01 -3.848913728e+01 -1.8338e+00 +1.9949e+00
47 0 +2.149295299e+00 -4.732070470e+01 -4.732070470e+01 -1.4490e+00 +1.7464e+00
67 0 +9.552423552e-01 -4.851475764e+01 -4.851475764e+01 +3.1204e+00 +4.4215e+00
99 0 +2.388105888e-01 -4.923118941e+01 -4.923118941e+01 +2.2120e+00 +4.1362e+00
1220 0 +4.850591407e-02 -4.942149409e+01 -4.942149409e+01 +1.4450e+00 +3.4974e+00
2002 0 +4.213991609e-02 -4.942786008e+01 -4.942786008e+01 +9.6078e-01 +3.1353e+00
5380 0 +2.629790501e-07 -4.946999974e+01 -4.946999974e+01 +1.0780e+00 +3.2164e+00
17778 0 +2.813008138e-08 -4.946999997e+01 -4.946999997e+01 +1.1039e+00 +3.2248e+00
% f evaluations | g evaluations | best noise-free fitness - Fopt (-4.225000000000e+01) + sum g_i+ | measured fitness | best measured fitness or single-digit g-values | x1 | x2...
1 0 +5.237258044e+00 -3.701274196e+01 -3.701274196e+01 +3.3608e+00 +8.6647e-01
52 0 +9.271240738e-01 -4.132287593e+01 -4.132287593e+01 +2.2000e+00 -3.0927e+00
194 0 +3.750087155e-01 -4.187499128e+01 -4.187499128e+01 +2.2636e+00 -3.0585e+00
1519 0 +3.421662315e-01 -4.190783377e+01 -4.190783377e+01 +2.6141e+00 -2.8277e+00
1685 0 +2.245193407e-01 -4.202548066e+01 -4.202548066e+01 +2.3380e+00 -2.8582e+00
2064 0 +6.579077858e-02 -4.218420922e+01 -4.218420922e+01 +2.3613e+00 -2.9984e+00
2324 0 +3.592309451e-02 -4.221407691e+01 -4.221407691e+01 +2.2677e+00 -3.6104e+00
2387 0 +3.046118822e-02 -4.221953881e+01 -4.221953881e+01 +2.3574e+00 -3.0219e+00
12458 0 +1.368664926e-02 -4.223631335e+01 -4.223631335e+01 +2.2390e+00 -3.4379e+00
14082 0 +1.309314511e-02 -4.223690685e+01 -4.223690685e+01 +2.3390e+00 -3.1316e+00
33235 0 +2.501492133e-07 -4.224999975e+01 -4.224999975e+01 +2.2848e+00 -3.3983e+00
70636 0 +1.562642069e-07 -4.224999984e+01 -4.224999984e+01 +2.2947e+00 -3.3867e+00
% f evaluations | g evaluations | best noise-free fitness - Fopt (-1.295600000000e+02) + sum g_i+ | measured fitness | best measured fitness or single-digit g-values | x1 | x2...
1 0 +1.802766939e+01 -1.115323306e+02 -1.115323306e+02 +2.2073e-01 -4.7346e-01
7 0 +2.172330607e+00 -1.273876694e+02 -1.273876694e+02 +2.5111e-01 -1.1533e+00
35 0 +2.000082661e+00 -1.275599173e+02 -1.275599173e+02 -1.3339e+00 +1.4493e+00
127 0 +1.372501680e+00 -1.281874983e+02 -1.281874983e+02 -3.3993e-01 -1.3522e-01
128 0 +5.000206654e-01 -1.290599793e+02 -1.290599793e+02 -1.4619e+00 +7.9201e-01
182 0 +4.281582156e-01 -1.291318418e+02 -1.291318418e+02 -1.9051e-01 -7.1373e-01
277 0 +1.964328891e-01 -1.293635671e+02 -1.293635671e+02 -1.2859e-01 -8.1517e-01
353 0 +1.876607835e-01 -1.293723392e+02 -1.293723392e+02 -3.9765e-01 -4.6456e-01
409 0 +5.346876180e-02 -1.295065312e+02 -1.295065312e+02 -1.7306e-01 -6.3334e-01
608 0 +2.000082661e-02 -1.295399992e+02 -1.295399992e+02 -2.5223e-01 -5.8338e-01
1292 0 +5.000206654e-03 -1.295549998e+02 -1.295549998e+02 -2.9699e-01 -4.7856e-01
1741 0 +2.910173293e-07 -1.295599997e+02 -1.295599997e+02 -4.0169e-01 -3.7515e-01
36447 0 +1.848764555e-07 -1.295599998e+02 -1.295599998e+02 -3.5262e-01 -3.8174e-01
37824 0 +1.505018474e-07 -1.295599998e+02 -1.295599998e+02 -3.8366e-01 -3.6902e-01
54188 0 +4.577057666e-08 -1.295600000e+02 -1.295600000e+02 -3.6587e-01 -3.7731e-01
97105 0 +4.397094244e-08 -1.295600000e+02 -1.295600000e+02 -3.7273e-01 -3.9252e-01
% f evaluations | g evaluations | best noise-free fitness - Fopt (-2.774000000000e+01) + sum g_i+ | measured fitness | best measured fitness or single-digit g-values | x1 | x2...
1 0 +6.273060725e+02 +5.995660725e+02 +5.995660725e+02 -3.4719e+00 +4.8103e-01
2 0 +1.381787794e+02 +1.104387794e+02 +1.104387794e+02 +2.3566e-01 +1.3132e+00
3 0 +6.471998657e+01 +3.697998657e+01 +3.697998657e+01 +4.4341e-01 +4.3855e-01
10 0 +4.303137446e+01 +1.529137446e+01 +1.529137446e+01 -2.1168e+00 +1.6397e+00
12 0 +2.264299051e+00 -2.547570095e+01 -2.547570095e+01 -3.3362e-01 +1.1436e-01
13 0 +2.205082033e+00 -2.553491797e+01 -2.553491797e+01 -7.0433e-01 +4.2705e-01
38 0 +5.512705083e-01 -2.718872949e+01 -2.718872949e+01 +1.8748e-01 -1.1018e+00
46 0 +1.045376660e-01 -2.763546233e+01 -2.763546233e+01 +7.3872e-01 -2.0293e+00
51 0 +2.704184934e-02 -2.771295815e+01 -2.771295815e+01 +1.2611e+00 -2.9072e+00
4246 0 +2.205082033e-02 -2.771794918e+01 -2.771794918e+01 +8.9531e-01 -2.2565e+00
7280 0 +1.756011727e-07 -2.773999982e+01 -2.773999982e+01 +1.0979e+00 -2.6510e+00
35003 0 +9.405503576e-08 -2.773999991e+01 -2.773999991e+01 +1.1064e+00 -2.6378e+00
37120 0 +4.808883247e-08 -2.773999995e+01 -2.773999995e+01 +1.1062e+00 -2.6327e+00
% f evaluations | g evaluations | best noise-free fitness - Fopt (5.073300000000e+02) + sum g_i+ | measured fitness | best measured fitness or single-digit g-values | x1 | x2...
1 0 +8.291251652e+01 +5.902425165e+02 +5.902425165e+02 +2.2323e-01 -2.3978e+00
2 0 +2.189295309e+01 +5.292229531e+02 +5.292229531e+02 +5.3450e-01 -7.2237e-01
3 0 +1.499659248e+01 +5.223265925e+02 +5.223265925e+02 +1.7606e+00 -5.5642e-01
17 0 +1.170889713e+01 +5.190388971e+02 +5.190388971e+02 +3.4296e-01 +7.3718e-01
19 0 +9.434691191e+00 +5.167646912e+02 +5.167646912e+02 -2.8209e-02 +1.3159e+00
21 0 +8.107915279e+00 +5.154379153e+02 +5.154379153e+02 +7.7460e-01 -7.8347e-02
31 0 +7.735153747e+00 +5.150651537e+02 +5.150651537e+02 +4.5558e-01 +1.4713e-01
39 0 +4.560702344e+00 +5.118907023e+02 +5.118907023e+02 -2.1743e-01 +7.5575e-01
52 0 +2.026978820e+00 +5.093569788e+02 +5.093569788e+02 -1.2365e+00 +1.7717e+00
181 0 +1.446869300e+00 +5.087768693e+02 +5.087768693e+02 -2.6452e+00 +3.3003e+00
207 0 +5.067447049e-01 +5.078367447e+02 +5.078367447e+02 -2.2269e+00 +2.8890e+00
208 0 +4.697078364e-01 +5.077997078e+02 +5.077997078e+02 -2.8267e+00 +4.0558e+00
238 0 +3.170699017e-01 +5.076470699e+02 +5.076470699e+02 -2.5308e+00 +3.4906e+00
244 0 +2.043493665e-02 +5.073504349e+02 +5.073504349e+02 -2.6075e+00 +3.4625e+00
249 0 +2.026978820e-02 +5.073502698e+02 +5.073502698e+02 -2.5861e+00 +3.3582e+00
269 0 +3.101638981e-07 +5.073300003e+02 +5.073300003e+02 -2.7390e+00 +3.5557e+00
278 0 +2.698998856e-07 +5.073300003e+02 +5.073300003e+02 -2.6868e+00 +3.5281e+00
292 0 +2.430645054e-07 +5.073300002e+02 +5.073300002e+02 -2.6832e+00 +3.5490e+00
302 0 +2.349780175e-07 +5.073300002e+02 +5.073300002e+02 -2.6904e+00 +3.5284e+00
308 0 +1.281870254e-07 +5.073300001e+02 +5.073300001e+02 -2.7017e+00 +3.5281e+00
314 0 +1.168315293e-07 +5.073300001e+02 +5.073300001e+02 -2.7024e+00 +3.5295e+00
336 0 +8.347541325e-08 +5.073300001e+02 +5.073300001e+02 -2.7020e+00 +3.5419e+00
346 0 +7.598106322e-08 +5.073300001e+02 +5.073300001e+02 -2.7164e+00 +3.5496e+00
348 0 +5.017409421e-08 +5.073300001e+02 +5.073300001e+02 -2.7050e+00 +3.5436e+00
350 0 +4.574712875e-08 +5.073300000e+02 +5.073300000e+02 -2.7055e+00 +3.5436e+00
356 0 +3.973372031e-08 +5.073300000e+02 +5.073300000e+02 -2.7072e+00 +3.5400e+00
368 0 +1.449063802e-08 +5.073300000e+02 +5.073300000e+02 -2.7132e+00 +3.5391e+00
371 0 +3.549985195e-09 +5.073300000e+02 +5.073300000e+02 -2.7108e+00 +3.5406e+00
557 0 +0.000000000e+00 +5.073300000e+02 +5.073300000e+02 -2.7123e+00 +3.5370e+00
% f evaluations | g evaluations | best noise-free fitness - Fopt (5.029000000000e+01) + sum g_i+ | measured fitness | best measured fitness or single-digit g-values | x1 | x2...
1 0 +3.400596227e+02 +3.903496227e+02 +3.903496227e+02 -3.1532e+00 -1.2287e-01
2 0 +3.193037474e+01 +8.222037474e+01 +8.222037474e+01 +2.1417e+00 +1.5137e-01
10 0 +7.483659778e+00 +5.777365978e+01 +5.777365978e+01 +7.9422e-01 -1.4976e+00
23 0 +3.251783860e+00 +5.354178386e+01 +5.354178386e+01 +6.2162e-02 -2.3702e+00
34 0 +8.129459650e-01 +5.110294596e+01 +5.110294596e+01 +9.1085e-01 -1.8184e+00
35 0 +3.973588960e-07 +5.029000040e+01 +5.029000040e+01 +1.6723e+00 -1.4593e+00
118 0 +2.404368615e-08 +5.029000002e+01 +5.029000002e+01 +1.6766e+00 -1.4985e+00
164 0 +1.202010935e-08 +5.029000001e+01 +5.029000001e+01 +1.6754e+00 -1.5019e+00
195 0 +1.026362639e-08 +5.029000001e+01 +5.029000001e+01 +1.6607e+00 -1.4964e+00
206 0 +1.861970134e-09 +5.029000000e+01 +5.029000000e+01 +1.6680e+00 -1.4992e+00
% f evaluations | g evaluations | best noise-free fitness - Fopt (-1.000000000000e+03) + sum g_i+ | measured fitness | best measured fitness or single-digit g-values | x1 | x2...
1 0 +3.238221813e+01 -9.676177819e+02 -9.676177819e+02 -1.2117e+00 -5.6913e-01
7 0 +8.226840545e-01 -9.991773159e+02 -9.991773159e+02 -4.8447e-01 +2.8055e-03
153 0 +4.219987454e-01 -9.995780013e+02 -9.995780013e+02 -3.2726e-01 +1.2944e+00
1106 0 +2.448277265e-01 -9.997551723e+02 -9.997551723e+02 -1.6357e-01 +5.8608e-01
1190 0 +1.054996864e-01 -9.998945003e+02 -9.998945003e+02 -2.8686e-01 +6.0440e-01
1197 0 +8.226840545e-03 -9.999917732e+02 -9.999917732e+02 -2.8507e-01 +9.6775e-01
8790 0 +1.709682920e-07 -9.999999998e+02 -9.999999998e+02 -2.7832e-01 +8.3703e-01
48222 0 +6.317850421e-08 -9.999999999e+02 -9.999999999e+02 -2.5964e-01 +8.2178e-01
62425 0 +6.815866982e-09 -1.000000000e+03 -1.000000000e+03 -2.5938e-01 +8.2902e-01
% f evaluations | g evaluations | best noise-free fitness - Fopt (6.074000000000e+01) + sum g_i+ | measured fitness | best measured fitness or single-digit g-values | x1 | x2...
1 0 +7.317189733e+02 +7.924589733e+02 +7.924589733e+02 +1.0058e-01 -7.3175e-01
6 0 +7.000828861e+02 +7.608228861e+02 +7.608228861e+02 -4.2667e-01 +5.5926e-01
7 0 +2.482079287e+02 +3.089479287e+02 +3.089479287e+02 +1.8554e+00 -2.9317e-01
8 0 +1.821420176e+02 +2.428820176e+02 +2.428820176e+02 +1.7757e+00 +4.2496e-01
10 0 +7.778698734e+01 +1.385269873e+02 +1.385269873e+02 +1.9926e+00 +1.1659e+00
15 0 +2.042419849e+01 +8.116419849e+01 +8.116419849e+01 +3.6389e+00 +1.6129e+00
30 0 +8.025387159e-01 +6.154253872e+01 +6.154253872e+01 +4.5349e+00 -5.1650e-01
45 0 +2.006346790e-01 +6.094063468e+01 +6.094063468e+01 +3.9566e+00 +1.8732e-01
71 0 +2.006346790e-03 +6.074200635e+01 +6.074200635e+01 +3.1861e+00 +1.3168e+00
198 0 +1.325399168e-07 +6.074000013e+01 +6.074000013e+01 +3.1371e+00 +1.4344e+00
556 0 +1.260968574e-07 +6.074000013e+01 +6.074000013e+01 +3.1138e+00 +1.4539e+00
569 0 +4.570875944e-08 +6.074000005e+01 +6.074000005e+01 +3.1249e+00 +1.4491e+00
572 0 +1.688655260e-08 +6.074000002e+01 +6.074000002e+01 +3.1216e+00 +1.4414e+00
584 0 +1.237020797e-08 +6.074000001e+01 +6.074000001e+01 +3.1209e+00 +1.4442e+00
589 0 +1.002690908e-08 +6.074000001e+01 +6.074000001e+01 +3.1270e+00 +1.4461e+00
610 0 +6.380602713e-10 +6.074000000e+01 +6.074000000e+01 +3.1231e+00 +1.4436e+00
828 0 +0.000000000e+00 +6.074000000e+01 +6.074000000e+01 +3.1279e+00 +1.4453e+00
% f evaluations | g evaluations | best noise-free fitness - Fopt (1.284000000000e+01) + sum g_i+ | measured fitness | best measured fitness or single-digit g-values | x1 | x2...
1 0 +7.332009840e+00 +2.017200984e+01 +2.017200984e+01 +1.1093e+00 -1.1374e+00
7 0 +1.819909618e+00 +1.465990962e+01 +1.465990962e+01 +2.5801e+00 +9.3216e-01
50 0 +1.996953424e-01 +1.303969534e+01 +1.303969534e+01 +9.2224e-01 -1.8279e+00
54 0 +1.978144885e-01 +1.303781449e+01 +1.303781449e+01 +9.9183e-01 -1.7356e+00
62 0 +1.003598369e-01 +1.294035984e+01 +1.294035984e+01 +8.4647e-01 -2.1879e+00
80 0 +5.768337723e-02 +1.289768338e+01 +1.289768338e+01 +9.8942e-01 -1.9622e+00
90 0 +8.088487193e-03 +1.284808849e+01 +1.284808849e+01 +1.1444e+00 -1.5867e+00
104 0 +2.022121798e-03 +1.284202212e+01 +1.284202212e+01 +1.0093e+00 -1.8511e+00
112 0 +7.361807164e-09 +1.284000001e+01 +1.284000001e+01 +1.0601e+00 -1.7370e+00
% f evaluations | g evaluations | best noise-free fitness - Fopt (-2.626000000000e+01) + sum g_i+ | measured fitness | best measured fitness or single-digit g-values | x1 | x2...
1 0 +1.413636686e+02 +1.151036686e+02 +1.151036686e+02 +3.4903e+00 -1.9797e-01
4 0 +2.446126136e+01 -1.798738644e+00 -1.798738644e+00 -5.7140e-01 +1.2154e+00
7 0 +7.387900120e+00 -1.887209988e+01 -1.887209988e+01 -5.6231e-01 +7.5625e-01
9 0 +4.944923142e+00 -2.131507686e+01 -2.131507686e+01 +3.5545e+00 -1.3814e+00
14 0 +2.341404063e+00 -2.391859594e+01 -2.391859594e+01 +2.2703e+00 -7.7342e-01
78 0 +4.617437575e-01 -2.579825624e+01 -2.579825624e+01 +3.2817e+00 -1.7119e+00
80 0 +1.347401044e-01 -2.612525990e+01 -2.612525990e+01 +2.8357e+00 -1.3103e+00
435 0 +6.180709578e-02 -2.619819290e+01 -2.619819290e+01 +2.6790e+00 -1.1661e+00
4568 0 +1.846975030e-02 -2.624153025e+01 -2.624153025e+01 +2.8500e+00 -1.2950e+00
26443 0 +2.045744942e-07 -2.625999980e+01 -2.625999980e+01 +2.6229e+00 -1.1902e+00
97634 0 +1.116638551e-07 -2.625999989e+01 -2.625999989e+01 +2.6548e+00 -1.1928e+00
