% f evaluations | g evaluations | best noise-free fitness - Fopt (-2.098800000000e+02) + sum g_i+ | measured fitness | best measured fitness or single-digit g-values | x1 | x2...
1 0 +3.356328273e+06 +3.356118393e+06 +3.356118393e+06 -3.3157e-01 -1.2881e+00
3 0 +3.778745167e+05 +3.776646367e+05 +3.776646367e+05 +2.7963e-01 -2.2184e-01
10 0 +3.683963724e+05 +3.681864924e+05 +3.681864924e+05 +7.8281e-01 +1.0117e+00
11 0 +1.477796966e+04 +1.456808966e+04 +1.456808966e+04 +3.7268e-01 +5.6940e-01
14 0 +1.251452490e+04 +1.230464490e+04 +1.230464490e+04 +2.0703e+00 +3.3618e-01
19 0 +2.840925701e+03 +2.631045701e+03 +2.631045701e+03 +1.1196e+00 +4.9663e-01
22 0 +1.434641182e+03 +1.224761182e+03 +1.224761182e+03 +2.4246e+00 +4.8785e-01
53 0 +1.053748344e+03 +8.438683438e+02 +8.438683438e+02 +7.3538e+00 +4.8282e-01
68 0 +3.067381548e+01 -1.792061845e+02 -1.792061845e+02 +3.5895e+00 +4.4350e-01
82 0 +1.331906593e+01 -1.965609341e+02 -1.965609341e+02 +3.6814e+00 +4.5046e-01
100 0 +7.520568329e+00 -2.023594317e+02 -2.023594317e+02 +3.8452e+00 +4.4774e-01
123 0 +7.265852136e+00 -2.026141479e+02 -2.026141479e+02 +3.6014e+00 +4.4706e-01
124 0 +5.728675977e+00 -2.041513240e+02 -2.041513240e+02 +3.4724e+00 +4.4802e-01
159 0 +5.575988467e+00 -2.043040115e+02 -2.043040115e+02 +3.4462e+00 +4.4812e-01
161 0 +5.072524394e+00 -2.048074756e+02 -2.048074756e+02 +3.3685e+00 +4.4815e-01
171 0 +4.738855437e+00 -2.051411446e+02 -2.051411446e+02 +3.2771e+00 +4.4748e-01
183 0 +4.444577930e+00 -2.054354221e+02 -2.054354221e+02 +3.2696e+00 +4.4772e-01
187 0 +3.705771149e+00 -2.061742289e+02 -2.061742289e+02 +3.0574e+00 +4.4716e-01
190 0 +3.482680117e+00 -2.063973199e+02 -2.063973199e+02 +3.1320e+00 +4.4797e-01
197 0 +3.162933243e+00 -2.067170668e+02 -2.067170668e+02 +3.0070e+00 +4.4746e-01
198 0 +3.070399153e+00 -2.068096008e+02 -2.068096008e+02 +3.0083e+00 +4.4849e-01
207 0 +2.346380608e+00 -2.075336194e+02 -2.075336194e+02 +2.7030e+00 +4.4752e-01
212 0 +2.063948146e+00 -2.078160519e+02 -2.078160519e+02 +2.6584e+00 +4.4782e-01
217 0 +1.625493352e+00 -2.082545066e+02 -2.082545066e+02 +2.3677e+00 +4.4801e-01
223 0 +5.500761462e-01 -2.093299239e+02 -2.093299239e+02 +1.9875e+00 +4.4784e-01
234 0 +4.533706504e-01 -2.094266293e+02 -2.094266293e+02 +1.7949e+00 +4.4820e-01
242 0 +3.679761924e-01 -2.095120238e+02 -2.095120238e+02 +1.7661e+00 +4.4791e-01
247 0 +2.235507098e-01 -2.096564493e+02 -2.096564493e+02 +7.5264e-01 +4.4810e-01
266 0 +1.075902888e-01 -2.097724097e+02 -2.097724097e+02 +1.0377e+00 +4.4829e-01
273 0 +3.120029278e-02 -2.098487997e+02 -2.098487997e+02 +1.2197e+00 +4.4817e-01
278 0 +8.110146866e-03 -2.098718899e+02 -2.098718899e+02 +1.2386e+00 +4.4808e-01
287 0 +6.173003145e-03 -2.098738270e+02 -2.098738270e+02 +1.2708e+00 +4.4795e-01
306 0 +4.009176811e-03 -2.098759908e+02 -2.098759908e+02 +1.2684e+00 +4.4802e-01
308 0 +1.569194431e-03 -2.098784308e+02 -2.098784308e+02 +1.1841e+00 +4.4803e-01
315 0 +1.007506167e-03 -2.098789925e+02 -2.098789925e+02 +1.2355e+00 +4.4801e-01
323 0 +4.070800434e-04 -2.098795929e+02 -2.098795929e+02 +1.2000e+00 +4.4802e-01
325 0 +5.939344618e-06 -2.098799941e+02 -2.098799941e+02 +1.2084e+00 +4.4800e-01
348 0 +5.232726153e-06 -2.098799948e+02 -2.098799948e+02 +1.2085e+00 +4.4800e-01
355 0 +1.601632647e-06 -2.098799984e+02 -2.098799984e+02 +1.2081e+00 +4.4800e-01
386 0 +9.479958578e-07 -2.098799991e+02 -2.098799991e+02 +1.2081e+00 +4.4800e-01
407 0 +5.357260591e-07 -2.098799995e+02 -2.098799995e+02 +1.2077e+00 +4.4800e-01
410 0 +3.552444809e-07 -2.098799996e+02 -2.098799996e+02 +1.2074e+00 +4.4800e-01
418 0 +2.164152022e-07 -2.098799998e+02 -2.098799998e+02 +1.2068e+00 +4.4800e-01
434 0 +6.088930604e-08 -2.098799999e+02 -2.098799999e+02 +1.2071e+00 +4.4800e-01
439 0 +4.216025218e-08 -2.098800000e+02 -2.098800000e+02 +1.2072e+00 +4.4800e-01
450 0 +1.409352990e-08 -2.098800000e+02 -2.098800000e+02 +1.2071e+00 +4.4800e-01
471 0 +1.071876454e-08 -2.098800000e+02 -2.098800000e+02 +1.2072e+00 +4.4800e-01
478 0 +8.141171293e-09 -2.098800000e+02 -2.098800000e+02 +1.2072e+00 +4.4800e-01
638 0 +0.000000000e+00 -2.098800000e+02 -2.098800000e+02 +1.2072e+00 +4.4800e-01
% f evaluations | g evaluations | best noise-free fitness - Fopt (-9.209000000000e+01) + sum g_i+ | measured fitness | best measured fitness or single-digit g-values | x1 | x2...
1 0 +3.971772510e+05 +3.970851610e+05 +3.970851610e+05 +2.5556e-01 +1.9332e+00
9 0 +3.660598297e+03 +3.568508297e+03 +3.568508297e+03 +9.7645e-01 +2.6832e+00
40 0 +9.767164946e+00 -8.232283505e+01 -8.232283505e+01 +1.7405e+00 +2.6248e+00
99 0 +1.759040583e+00 -9.033095942e+01 -9.033095942e+01 +1.8605e+00 +2.6212e+00
104 0 +9.286119631e-01 -9.116138804e+01 -9.116138804e+01 +1.7023e+00 +2.6215e+00
232 0 +7.797471349e-01 -9.131025287e+01 -9.131025287e+01 +1.6252e+00 +2.6219e+00
235 0 +6.197246408e-01 -9.147027536e+01 -9.147027536e+01 +1.2082e+00 +2.6210e+00
241 0 +4.320536697e-01 -9.165794633e+01 -9.165794633e+01 +1.3264e+00 +2.6215e+00
246 0 +3.197141461e-01 -9.177028585e+01 -9.177028585e+01 +1.1171e+00 +2.6220e+00
249 0 +1.589880666e-01 -9.193101193e+01 -9.193101193e+01 +1.1093e+00 +2.6218e+00
250 0 +1.051336703e-01 -9.198486633e+01 -9.198486633e+01 +1.0273e+00 +2.6215e+00
273 0 +1.909814121e-03 -9.208809019e+01 -9.208809019e+01 +6.9388e-01 +2.6216e+00
313 0 +4.644829578e-04 -9.208953552e+01 -9.208953552e+01 +7.4307e-01 +2.6216e+00
332 0 +3.618709038e-04 -9.208963813e+01 -9.208963813e+01 +7.3581e-01 +2.6216e+00
352 0 +8.008138640e-05 -9.208991992e+01 -9.208991992e+01 +7.2122e-01 +2.6216e+00
357 0 +1.907757871e-05 -9.208998092e+01 -9.208998092e+01 +7.2603e-01 +2.6216e+00
375 0 +1.296849844e-05 -9.208998703e+01 -9.208998703e+01 +7.2901e-01 +2.6216e+00
382 0 +5.702053343e-06 -9.208999430e+01 -9.208999430e+01 +7.2769e-01 +2.6216e+00
395 0 +2.616061124e-06 -9.208999738e+01 -9.208999738e+01 +7.2612e-01 +2.6216e+00
397 0 +6.626647178e-07 -9.208999934e+01 -9.208999934e+01 +7.2503e-01 +2.6216e+00
400 0 +1.930617373e-07 -9.208999981e+01 -9.208999981e+01 +7.2523e-01 +2.6216e+00
420 0 +5.583115126e-08 -9.208999994e+01 -9.208999994e+01 +7.2573e-01 +2.6216e+00
451 0 +3.828722583e-08 -9.208999996e+01 -9.208999996e+01 +7.2542e-01 +2.6216e+00
457 0 +9.755552810e-09 -9.208999999e+01 -9.208999999e+01 +7.2565e-01 +2.6216e+00
644 0 +0.000000000e+00 -9.209000000e+01 -9.209000000e+01 +7.2560e-01 +2.6216e+00
% f evaluations | g evaluations | best noise-free fitness - Fopt (-8.789000000000e+01) + sum g_i+ | measured fitness | best measured fitness or single-digit g-values | x1 | x2...
1 0 +1.162116792e+06 +1.162028902e+06 +1.162028902e+06 +2.6202e+00 +2.5912e+00
3 0 +1.658289565e+04 +1.649500565e+04 +1.649500565e+04 -1.0355e+00 +3.5213e+00
31 0 +1.454823106e+03 +1.366933106e+03 +1.366933106e+03 -5.0158e+00 +3.6101e+00
35 0 +7.477847896e+02 +6.598947896e+02 +6.598947896e+02 -7.3084e+00 +3.6193e+00
56 0 +1.300640731e+02 +4.217407310e+01 +4.217407310e+01 -4.9646e+00 +3.6349e+00
100 0 +7.043022795e+01 -1.745977205e+01 -1.745977205e+01 -2.9989e+00 +3.6372e+00
105 0 +6.389871939e+01 -2.399128061e+01 -2.399128061e+01 -9.2661e-01 +3.6534e+00
113 0 +6.236489542e+01 -2.552510458e+01 -2.552510458e+01 -1.7486e+00 +3.6373e+00
122 0 +4.507806809e+00 -8.338219319e+01 -8.338219319e+01 -7.7903e-01 +3.6474e+00
148 0 +5.949299822e-01 -8.729507002e+01 -8.729507002e+01 -5.8718e-01 +3.6456e+00
150 0 +1.911803518e-01 -8.769881965e+01 -8.769881965e+01 -1.6159e-01 +3.6455e+00
225 0 +1.767985562e-01 -8.771320144e+01 -8.771320144e+01 -4.4992e-02 +3.6453e+00
226 0 +1.309935437e-01 -8.775900646e+01 -8.775900646e+01 -1.0092e-01 +3.6457e+00
232 0 +9.782410239e-02 -8.779217590e+01 -8.779217590e+01 -6.7411e-02 +3.6456e+00
238 0 +7.526699132e-02 -8.781473301e+01 -8.781473301e+01 -3.4547e-02 +3.6456e+00
242 0 +6.765925152e-02 -8.782234075e+01 -8.782234075e+01 +1.4847e-02 +3.6455e+00
244 0 +2.907833118e-02 -8.786092167e+01 -8.786092167e+01 +2.0726e-01 +3.6454e+00
267 0 +4.973718135e-03 -8.788502628e+01 -8.788502628e+01 +1.6928e-01 +3.6456e+00
283 0 +1.002211842e-03 -8.788899779e+01 -8.788899779e+01 +2.6345e-01 +3.6456e+00
326 0 +6.866695466e-04 -8.788931333e+01 -8.788931333e+01 +2.6364e-01 +3.6456e+00
328 0 +5.171468106e-04 -8.788948285e+01 -8.788948285e+01 +2.5086e-01 +3.6456e+00
342 0 +2.288195569e-04 -8.788977118e+01 -8.788977118e+01 +2.3909e-01 +3.6456e+00
345 0 +1.815166196e-04 -8.788981848e+01 -8.788981848e+01 +2.4103e-01 +3.6456e+00
348 0 +8.672376261e-05 -8.788991328e+01 -8.788991328e+01 +2.4477e-01 +3.6456e+00
355 0 +6.050174790e-05 -8.788993950e+01 -8.788993950e+01 +2.3571e-01 +3.6456e+00
356 0 +5.407106038e-05 -8.788994593e+01 -8.788994593e+01 +2.4351e-01 +3.6456e+00
371 0 +2.974997784e-06 -8.788999703e+01 -8.788999703e+01 +2.3777e-01 +3.6456e+00
396 0 +1.213560623e-06 -8.788999879e+01 -8.788999879e+01 +2.3809e-01 +3.6456e+00
406 0 +2.224601303e-07 -8.788999978e+01 -8.788999978e+01 +2.3883e-01 +3.6456e+00
441 0 +3.235369661e-08 -8.788999997e+01 -8.788999997e+01 +2.3901e-01 +3.6456e+00
451 0 +2.192938098e-08 -8.788999998e+01 -8.788999998e+01 +2.3932e-01 +3.6456e+00
455 0 +1.341656741e-08 -8.788999999e+01 -8.788999999e+01 +2.3932e-01 +3.6456e+00
461 0 +6.968122079e-09 -8.788999999e+01 -8.788999999e+01 +2.3928e-01 +3.6456e+00
625 0 +0.000000000e+00 -8.789000000e+01 -8.789000000e+01 +2.3920e-01 +3.6456e+00
% f evaluations | g evaluations | best noise-free fitness - Fopt (3.201900000000e+02) + sum g_i+ | measured fitness | best measured fitness or single-digit g-values | x1 | x2...
1 0 +7.524907984e+06 +7.525228174e+06 +7.525228174e+06 -1.9822e+00 +2.9631e-01
2 0 +5.137013849e+05 +5.140215749e+05 +5.140215749e+05 +2.7524e+00 -1.5989e+00
3 0 +3.118764036e+05 +3.121965936e+05 +3.121965936e+05 -1.7968e+00 -1.8279e+00
20 0 +2.682662373e+05 +2.685864273e+05 +2.685864273e+05 -1.7344e+00 -1.8519e+00
25 0 +1.015723915e+05 +1.018925815e+05 +1.018925815e+05 +7.8536e-02 -2.0511e+00
26 0 +5.405355584e+04 +5.437374584e+04 +5.437374584e+04 -1.5987e+00 -2.5933e+00
29 0 +1.434152917e+04 +1.466171917e+04 +1.466171917e+04 +1.8918e+00 -2.2434e+00
30 0 +1.376153043e+01 +3.339515304e+02 +3.339515304e+02 +6.4336e-01 -2.3642e+00
96 0 +1.845810182e+00 +3.220358102e+02 +3.220358102e+02 +7.8915e-01 -2.3610e+00
173 0 +1.562586354e+00 +3.217525864e+02 +3.217525864e+02 +7.0951e-01 -2.3608e+00
178 0 +1.451452251e+00 +3.216414523e+02 +3.216414523e+02 +6.7934e-01 -2.3608e+00
179 0 +6.288130993e-01 +3.208188131e+02 +3.208188131e+02 +4.1716e-01 -2.3610e+00
196 0 +5.785553523e-01 +3.207685554e+02 +3.207685554e+02 +4.2729e-02 -2.3602e+00
200 0 +7.099659298e-02 +3.202609966e+02 +3.202609966e+02 -1.7014e-01 -2.3608e+00
243 0 +5.297193995e-02 +3.202429719e+02 +3.202429719e+02 -2.5328e-01 -2.3609e+00
247 0 +2.392153574e-02 +3.202139215e+02 +3.202139215e+02 -3.3832e-01 -2.3607e+00
256 0 +5.458921678e-03 +3.201954589e+02 +3.201954589e+02 -5.1332e-01 -2.3608e+00
266 0 +1.942615232e-03 +3.201919426e+02 +3.201919426e+02 -3.8998e-01 -2.3608e+00
284 0 +6.969963456e-04 +3.201906970e+02 +3.201906970e+02 -4.3894e-01 -2.3608e+00
296 0 +4.229210420e-04 +3.201904229e+02 +3.201904229e+02 -4.4323e-01 -2.3608e+00
299 0 +3.371240343e-04 +3.201903371e+02 +3.201903371e+02 -4.3519e-01 -2.3608e+00
303 0 +2.668278126e-04 +3.201902668e+02 +3.201902668e+02 -4.4393e-01 -2.3608e+00
307 0 +9.150734854e-06 +3.201900092e+02 +3.201900092e+02 -4.3572e-01 -2.3608e+00
329 0 +8.532453876e-06 +3.201900085e+02 +3.201900085e+02 -4.3439e-01 -2.3608e+00
341 0 +5.673786632e-07 +3.201900006e+02 +3.201900006e+02 -4.3358e-01 -2.3608e+00
373 0 +3.235292638e-07 +3.201900003e+02 +3.201900003e+02 -4.3298e-01 -2.3608e+00
376 0 +1.753928700e-07 +3.201900002e+02 +3.201900002e+02 -4.3319e-01 -2.3608e+00
397 0 +2.569657909e-08 +3.201900000e+02 +3.201900000e+02 -4.3296e-01 -2.3608e+00
400 0 +2.062591875e-08 +3.201900000e+02 +3.201900000e+02 -4.3292e-01 -2.3608e+00
410 0 +9.104383025e-09 +3.201900000e+02 +3.201900000e+02 -4.3278e-01 -2.3608e+00
593 0 +0.000000000e+00 +3.201900000e+02 +3.201900000e+02 -4.3280e-01 -2.3608e+00
% f evaluations | g evaluations | best noise-free fitness - Fopt (-1.042400000000e+02) + sum g_i+ | measured fitness | best measured fitness or single-digit g-values | x1 | x2...
1 0 +4.102525786e+07 +4.102515362e+07 +4.102515362e+07 +1.2319e+00 +2.3437e+00
2 0 +2.231740833e+07 +2.231730409e+07 +2.231730409e+07 -2.4017e+00 +8.3434e-01
3 0 +2.027980246e+07 +2.027969822e+07 +2.027969822e+07 -7.7654e-01 +5.8682e-01
5 0 +1.757132779e+07 +1.757122355e+07 +1.757122355e+07 -9.5967e-01 +2.6506e-01
6 0 +1.650667850e+05 +1.649625450e+05 +1.649625450e+05 -4.0840e+00 -3.4891e+00
12 0 +1.306245708e+05 +1.305203308e+05 +1.305203308e+05 -3.3072e+00 -3.5492e+00
13 0 +1.397398906e+04 +1.386974906e+04 +1.386974906e+04 -5.4521e+00 -3.8060e+00
19 0 +3.806125052e+03 +3.701885052e+03 +3.701885052e+03 -2.2099e+00 -3.9866e+00
47 0 +2.147049915e-02 -1.042185295e+02 -1.042185295e+02 +2.6026e-01 -3.9200e+00
246 0 +2.080201746e-02 -1.042191980e+02 -1.042191980e+02 +5.0232e-01 -3.9199e+00
263 0 +1.734824102e-02 -1.042226518e+02 -1.042226518e+02 +3.3227e-01 -3.9199e+00
269 0 +1.657570756e-02 -1.042234243e+02 -1.042234243e+02 +3.0547e-01 -3.9201e+00
275 0 +1.041852439e-02 -1.042295815e+02 -1.042295815e+02 +4.1947e-01 -3.9199e+00
277 0 +1.018142213e-02 -1.042298186e+02 -1.042298186e+02 +4.5953e-01 -3.9199e+00
279 0 +6.118119661e-03 -1.042338819e+02 -1.042338819e+02 +3.2121e-01 -3.9200e+00
285 0 +9.699294927e-04 -1.042390301e+02 -1.042390301e+02 +4.1015e-01 -3.9200e+00
295 0 +6.035600269e-04 -1.042393964e+02 -1.042393964e+02 +4.0221e-01 -3.9200e+00
306 0 +8.788350755e-06 -1.042399912e+02 -1.042399912e+02 +3.9658e-01 -3.9200e+00
346 0 +3.917508522e-06 -1.042399961e+02 -1.042399961e+02 +3.9473e-01 -3.9200e+00
352 0 +2.136796908e-06 -1.042399979e+02 -1.042399979e+02 +3.9374e-01 -3.9200e+00
354 0 +1.724143175e-06 -1.042399983e+02 -1.042399983e+02 +3.9378e-01 -3.9200e+00
363 0 +1.002969199e-06 -1.042399990e+02 -1.042399990e+02 +3.9352e-01 -3.9200e+00
367 0 +7.468129866e-07 -1.042399993e+02 -1.042399993e+02 +3.9349e-01 -3.9200e+00
376 0 +1.101871874e-07 -1.042399999e+02 -1.042399999e+02 +3.9462e-01 -3.9200e+00
386 0 +8.544544983e-08 -1.042399999e+02 -1.042399999e+02 +3.9451e-01 -3.9200e+00
418 0 +8.047116751e-08 -1.042399999e+02 -1.042399999e+02 +3.9418e-01 -3.9200e+00
422 0 +5.221359345e-08 -1.042399999e+02 -1.042399999e+02 +3.9419e-01 -3.9200e+00
424 0 +1.004197259e-08 -1.042400000e+02 -1.042400000e+02 +3.9430e-01 -3.9200e+00
435 0 +8.986276612e-09 -1.042400000e+02 -1.042400000e+02 +3.9440e-01 -3.9200e+00
621 0 +0.000000000e+00 -1.042400000e+02 -1.042400000e+02 +3.9440e-01 -3.9200e+00
% f evaluations | g evaluations | best noise-free fitness - Fopt (-1.351600000000e+02) + sum g_i+ | measured fitness | best measured fitness or single-digit g-values | x1 | x2...
1 0 +1.964951189e+07 +1.964937673e+07 +1.964937673e+07 -9.9104e-01 +5.0243e-01
4 0 +1.180681647e+07 +1.180668131e+07 +1.180668131e+07 +1.0377e-02 -4.1042e-01
8 0 +2.753221563e+06 +2.753086403e+06 +2.753086403e+06 +1.6687e-01 -2.1449e+00
17 0 +3.856544877e+05 +3.855193277e+05 +3.855193277e+05 -1.4992e+00 -3.3542e+00
30 0 +2.635732803e+05 +2.634381203e+05 +2.634381203e+05 -1.4428e+00 -4.4553e+00
32 0 +1.182137101e+05 +1.180785501e+05 +1.180785501e+05 -1.9986e+00 -3.5872e+00
35 0 +6.555075745e+04 +6.541559745e+04 +6.541559745e+04 -1.0235e+00 -4.1847e+00
39 0 +2.558768867e+02 +1.207168867e+02 +1.207168867e+02 -3.3939e+00 -3.9125e+00
97 0 +1.050649914e+02 -3.009500864e+01 -3.009500864e+01 -1.1054e+00 -3.9385e+00
109 0 +4.922256986e+01 -8.593743014e+01 -8.593743014e+01 -1.7253e+00 -3.9214e+00
126 0 +2.519585812e+01 -1.099641419e+02 -1.099641419e+02 -1.9917e+00 -3.9316e+00
135 0 +1.724145787e+01 -1.179185421e+02 -1.179185421e+02 -1.8113e+00 -3.9309e+00
138 0 +1.616312341e+01 -1.189968766e+02 -1.189968766e+02 -1.6496e+00 -3.9309e+00
150 0 +1.132746138e+01 -1.238325386e+02 -1.238325386e+02 -1.6552e+00 -3.9299e+00
151 0 +8.235169031e+00 -1.269248310e+02 -1.269248310e+02 -1.6067e+00 -3.9273e+00
157 0 +8.019714789e+00 -1.271402852e+02 -1.271402852e+02 -1.6268e+00 -3.9284e+00
174 0 +7.815657192e+00 -1.273443428e+02 -1.273443428e+02 -1.6170e+00 -3.9280e+00
220 0 +7.725531516e+00 -1.274344685e+02 -1.274344685e+02 -1.5999e+00 -3.9279e+00
224 0 +7.568557007e+00 -1.275914430e+02 -1.275914430e+02 -1.5749e+00 -3.9280e+00
234 0 +7.354453560e+00 -1.278055464e+02 -1.278055464e+02 -1.5356e+00 -3.9281e+00
238 0 +7.095840758e+00 -1.280641592e+02 -1.280641592e+02 -1.4847e+00 -3.9278e+00
242 0 +6.688898412e+00 -1.284711016e+02 -1.284711016e+02 -1.3122e+00 -3.9273e+00
244 0 +6.186111475e+00 -1.289738885e+02 -1.289738885e+02 -1.2788e+00 -3.9284e+00
255 0 +4.884476617e+00 -1.302755234e+02 -1.302755234e+02 -9.8341e-01 -3.9282e+00
274 0 +4.010161829e+00 -1.311498382e+02 -1.311498382e+02 -5.1037e-01 -3.9272e+00
284 0 +3.532179014e+00 -1.316278210e+02 -1.316278210e+02 -4.9412e-01 -3.9277e+00
287 0 +2.828262114e+00 -1.323317379e+02 -1.323317379e+02 -2.4761e-01 -3.9276e+00
290 0 +2.529325192e+00 -1.326306748e+02 -1.326306748e+02 -1.3574e-01 -3.9276e+00
292 0 +6.984949023e-01 -1.344615051e+02 -1.344615051e+02 +3.8105e-01 -3.9280e+00
299 0 +4.832467534e-01 -1.346767532e+02 -1.346767532e+02 +5.2286e-01 -3.9282e+00
300 0 +3.777386897e-02 -1.351222261e+02 -1.351222261e+02 +1.4253e+00 -3.9281e+00
323 0 +2.493194277e-02 -1.351350681e+02 -1.351350681e+02 +1.3912e+00 -3.9281e+00
336 0 +1.286218554e-02 -1.351471378e+02 -1.351471378e+02 +1.3587e+00 -3.9280e+00
339 0 +1.568069025e-03 -1.351584319e+02 -1.351584319e+02 +1.2747e+00 -3.9280e+00
361 0 +1.479654662e-03 -1.351585203e+02 -1.351585203e+02 +1.2698e+00 -3.9280e+00
373 0 +1.119029460e-03 -1.351588810e+02 -1.351588810e+02 +1.2952e+00 -3.9280e+00
378 0 +4.503171864e-04 -1.351595497e+02 -1.351595497e+02 +1.2390e+00 -3.9280e+00
381 0 +3.652812820e-04 -1.351596347e+02 -1.351596347e+02 +1.2656e+00 -3.9280e+00
392 0 +3.488297775e-04 -1.351596512e+02 -1.351596512e+02 +1.2662e+00 -3.9280e+00
405 0 +2.100916889e-04 -1.351597899e+02 -1.351597899e+02 +1.2664e+00 -3.9280e+00
411 0 +1.231531557e-04 -1.351598768e+02 -1.351598768e+02 +1.2489e+00 -3.9280e+00
412 0 +1.101531113e-04 -1.351598898e+02 -1.351598898e+02 +1.2557e+00 -3.9280e+00
415 0 +3.788938332e-05 -1.351599621e+02 -1.351599621e+02 +1.2547e+00 -3.9280e+00
429 0 +3.652745002e-05 -1.351599635e+02 -1.351599635e+02 +1.2644e+00 -3.9280e+00
435 0 +1.211541331e-06 -1.351599988e+02 -1.351599988e+02 +1.2599e+00 -3.9280e+00
465 0 +6.486673101e-07 -1.351599994e+02 -1.351599994e+02 +1.2593e+00 -3.9280e+00
469 0 +1.514247288e-07 -1.351599998e+02 -1.351599998e+02 +1.2604e+00 -3.9280e+00
476 0 +1.237335994e-07 -1.351599999e+02 -1.351599999e+02 +1.2603e+00 -3.9280e+00
478 0 +5.890427701e-08 -1.351599999e+02 -1.351599999e+02 +1.2597e+00 -3.9280e+00
512 0 +3.887606681e-08 -1.351600000e+02 -1.351600000e+02 +1.2601e+00 -3.9280e+00
520 0 +4.991278502e-09 -1.351600000e+02 -1.351600000e+02 +1.2600e+00 -3.9280e+00
691 0 +0.000000000e+00 -1.351600000e+02 -1.351600000e+02 +1.2600e+00 -3.9280e+00
% f evaluations | g evaluations | best noise-free fitness - Fopt (-8.571000000000e+01) + sum g_i+ | measured fitness | best measured fitness or single-digit g-values | x1 | x2...
1 0 +4.822981549e+05 +4.822124449e+05 +4.822124449e+05 +6.8117e-01 -2.9201e+00
20 0 +2.243262154e+05 +2.242405054e+05 +2.242405054e+05 +3.3978e+00 -4.0557e+00
25 0 +1.223773635e+05 +1.222916535e+05 +1.222916535e+05 +2.2485e+00 -3.9254e+00
28 0 +4.896532791e+04 +4.887961791e+04 +4.887961791e+04 +2.2852e+00 -3.3638e+00
37 0 +2.275199343e+04 +2.266628343e+04 +2.266628343e+04 +2.7524e+00 -3.4294e+00
45 0 +1.120613688e+02 +2.635136877e+01 +2.635136877e+01 +1.6582e+00 -3.5956e+00
97 0 +5.345506129e+00 -8.036449387e+01 -8.036449387e+01 +2.2834e+00 -3.5864e+00
111 0 +2.510260030e+00 -8.319973997e+01 -8.319973997e+01 +2.4276e+00 -3.5847e+00
122 0 +2.118256243e+00 -8.359174376e+01 -8.359174376e+01 +2.5977e+00 -3.5852e+00
204 0 +2.057862556e+00 -8.365213744e+01 -8.365213744e+01 +2.9810e+00 -3.5837e+00
219 0 +1.635477745e+00 -8.407452226e+01 -8.407452226e+01 +2.6805e+00 -3.5848e+00
221 0 +1.181199405e+00 -8.452880060e+01 -8.452880060e+01 +2.8756e+00 -3.5852e+00
229 0 +1.136669561e+00 -8.457333044e+01 -8.457333044e+01 +2.8562e+00 -3.5851e+00
231 0 +1.969063391e-01 -8.551309366e+01 -8.551309366e+01 +3.4782e+00 -3.5846e+00
248 0 +1.115763961e-03 -8.570888424e+01 -8.570888424e+01 +3.8605e+00 -3.5848e+00
298 0 +7.032419385e-04 -8.570929676e+01 -8.570929676e+01 +3.8993e+00 -3.5848e+00
320 0 +4.573446536e-04 -8.570954266e+01 -8.570954266e+01 +3.8789e+00 -3.5848e+00
339 0 +6.372865491e-05 -8.570993627e+01 -8.570993627e+01 +3.8696e+00 -3.5848e+00
352 0 +4.284565300e-05 -8.570995715e+01 -8.570995715e+01 +3.8790e+00 -3.5848e+00
373 0 +2.218504022e-05 -8.570997781e+01 -8.570997781e+01 +3.8777e+00 -3.5848e+00
399 0 +4.632432365e-06 -8.570999537e+01 -8.570999537e+01 +3.8788e+00 -3.5848e+00
404 0 +3.977418999e-06 -8.570999602e+01 -8.570999602e+01 +3.8768e+00 -3.5848e+00
406 0 +2.605185159e-06 -8.570999739e+01 -8.570999739e+01 +3.8773e+00 -3.5848e+00
412 0 +2.485801502e-07 -8.570999975e+01 -8.570999975e+01 +3.8772e+00 -3.5848e+00
426 0 +1.572426385e-07 -8.570999984e+01 -8.570999984e+01 +3.8768e+00 -3.5848e+00
438 0 +5.492952937e-08 -8.570999995e+01 -8.570999995e+01 +3.8767e+00 -3.5848e+00
464 0 +2.556147649e-08 -8.570999997e+01 -8.570999997e+01 +3.8769e+00 -3.5848e+00
475 0 +7.866660212e-09 -8.570999999e+01 -8.570999999e+01 +3.8767e+00 -3.5848e+00
629 0 +0.000000000e+00 -8.571000000e+01 -8.571000000e+01 +3.8768e+00 -3.5848e+00
% f evaluations | g evaluations | best noise-free fitness - Fopt (-1.162500000000e+02) + sum g_i+ | measured fitness | best measured fitness or single-digit g-values | x1 | x2...
1 0 +3.602102599e+06 +3.601986349e+06 +3.601986349e+06 -1.3643e+00 -5.8454e-01
3 0 +3.244760080e+06 +3.244643830e+06 +3.244643830e+06 +2.4578e+00 -4.5415e-01
4 0 +4.608868947e+05 +4.607706447e+05 +4.607706447e+05 -5.5253e+00 +5.0022e-01
6 0 +3.982297416e+04 +3.970672416e+04 +3.970672416e+04 -1.5386e+00 +1.0471e+00
13 0 +3.069993828e+03 +2.953743828e+03 +2.953743828e+03 +6.6180e-01 +1.2918e+00
43 0 +1.195888140e+03 +1.079638140e+03 +1.079638140e+03 -2.6594e+00 +1.2792e+00
59 0 +7.170365777e+02 +6.007865777e+02 +6.007865777e+02 -2.2720e+00 +1.2665e+00
72 0 +5.931114790e+01 -5.693885210e+01 -5.693885210e+01 -2.5476e+00 +1.2333e+00
76 0 +7.846285169e+00 -1.084037148e+02 -1.084037148e+02 -1.7471e+00 +1.2447e+00
92 0 +8.541860125e-01 -1.153958140e+02 -1.153958140e+02 -2.0790e+00 +1.2409e+00
95 0 +8.235189111e-01 -1.154264811e+02 -1.154264811e+02 -2.0143e+00 +1.2423e+00
105 0 +5.832813318e-01 -1.156667187e+02 -1.156667187e+02 -1.9289e+00 +1.2421e+00
117 0 +4.502408519e-01 -1.157997591e+02 -1.157997591e+02 -2.1020e+00 +1.2415e+00
124 0 +3.742275475e-01 -1.158757725e+02 -1.158757725e+02 -2.0206e+00 +1.2415e+00
203 0 +3.690037863e-01 -1.158809962e+02 -1.158809962e+02 -2.0296e+00 +1.2417e+00
207 0 +3.559686957e-01 -1.158940313e+02 -1.158940313e+02 -2.0140e+00 +1.2415e+00
212 0 +3.443108174e-01 -1.159056892e+02 -1.159056892e+02 -2.0055e+00 +1.2416e+00
226 0 +3.373491296e-01 -1.159126509e+02 -1.159126509e+02 -1.9980e+00 +1.2416e+00
240 0 +3.276080208e-01 -1.159223920e+02 -1.159223920e+02 -1.9837e+00 +1.2416e+00
245 0 +3.153122860e-01 -1.159346877e+02 -1.159346877e+02 -1.9709e+00 +1.2416e+00
250 0 +2.963295369e-01 -1.159536705e+02 -1.159536705e+02 -1.9457e+00 +1.2416e+00
257 0 +2.855895753e-01 -1.159644104e+02 -1.159644104e+02 -1.9308e+00 +1.2416e+00
261 0 +2.616836105e-01 -1.159883164e+02 -1.159883164e+02 -1.8689e+00 +1.2415e+00
264 0 +2.568012800e-01 -1.159931987e+02 -1.159931987e+02 -1.8754e+00 +1.2417e+00
265 0 +2.488622524e-01 -1.160011377e+02 -1.160011377e+02 -1.8510e+00 +1.2417e+00
266 0 +2.076159166e-01 -1.160423841e+02 -1.160423841e+02 -1.8197e+00 +1.2416e+00
271 0 +1.515711386e-01 -1.160984289e+02 -1.160984289e+02 -1.6907e+00 +1.2418e+00
275 0 +1.256347820e-01 -1.161243652e+02 -1.161243652e+02 -1.6845e+00 +1.2418e+00
285 0 +8.994777825e-02 -1.161600522e+02 -1.161600522e+02 -1.6478e+00 +1.2417e+00
287 0 +1.365618213e-02 -1.162363438e+02 -1.162363438e+02 -1.4874e+00 +1.2416e+00
323 0 +8.378026589e-03 -1.162416220e+02 -1.162416220e+02 -1.4539e+00 +1.2417e+00
325 0 +3.534437332e-03 -1.162464656e+02 -1.162464656e+02 -1.4289e+00 +1.2416e+00
340 0 +6.267262787e-04 -1.162493733e+02 -1.162493733e+02 -1.3493e+00 +1.2416e+00
368 0 +2.621644475e-04 -1.162497378e+02 -1.162497378e+02 -1.3765e+00 +1.2416e+00
373 0 +9.144672360e-05 -1.162499086e+02 -1.162499086e+02 -1.3704e+00 +1.2416e+00
385 0 +4.667339986e-05 -1.162499533e+02 -1.162499533e+02 -1.3663e+00 +1.2416e+00
394 0 +4.529216015e-05 -1.162499547e+02 -1.162499547e+02 -1.3735e+00 +1.2416e+00
395 0 +3.181117748e-06 -1.162499968e+02 -1.162499968e+02 -1.3738e+00 +1.2416e+00
420 0 +2.914365865e-06 -1.162499971e+02 -1.162499971e+02 -1.3737e+00 +1.2416e+00
432 0 +1.163212062e-06 -1.162499988e+02 -1.162499988e+02 -1.3719e+00 +1.2416e+00
440 0 +7.945262297e-07 -1.162499992e+02 -1.162499992e+02 -1.3712e+00 +1.2416e+00
460 0 +6.530810026e-08 -1.162499999e+02 -1.162499999e+02 -1.3723e+00 +1.2416e+00
485 0 +2.482849482e-09 -1.162500000e+02 -1.162500000e+02 -1.3720e+00 +1.2416e+00
647 0 +0.000000000e+00 -1.162500000e+02 -1.162500000e+02 -1.3720e+00 +1.2416e+00
% f evaluations | g evaluations | best noise-free fitness - Fopt (2.528000000000e+01) + sum g_i+ | measured fitness | best measured fitness or single-digit g-values | x1 | x2...
1 0 +7.223683503e+06 +7.223708783e+06 +7.223708783e+06 +9.8988e-01 +3.9033e-01
2 0 +4.799346276e+06 +4.799371556e+06 +4.799371556e+06 -1.0141e+00 -5.6217e-02
3 0 +2.867999122e+06 +2.868024402e+06 +2.868024402e+06 -2.0120e+00 -3.7172e-01
8 0 +3.992171819e+05 +3.992424619e+05 +3.992424619e+05 -3.1909e+00 -1.5987e+00
9 0 +3.578020147e+05 +3.578272947e+05 +3.578272947e+05 +5.8360e-01 -1.6230e+00
27 0 +7.793541296e+04 +7.796069296e+04 +7.796069296e+04 -2.3365e+00 -2.4593e+00
29 0 +3.400739040e+02 +3.653539040e+02 +3.653539040e+02 -6.9215e+00 -2.1981e+00
77 0 +8.672823066e+00 +3.395282307e+01 +3.395282307e+01 +6.7242e-01 -2.1785e+00
129 0 +8.440121055e+00 +3.372012105e+01 +3.372012105e+01 +1.8736e-01 -2.1782e+00
185 0 +6.874928933e+00 +3.215492893e+01 +3.215492893e+01 -1.6404e+00 -2.1782e+00
190 0 +4.417067021e+00 +2.969706702e+01 +2.969706702e+01 -1.4227e+00 -2.1789e+00
191 0 +1.098379819e-01 +2.538983798e+01 +2.538983798e+01 -7.4034e-01 -2.1809e+00
217 0 +9.353116379e-02 +2.537353116e+01 +2.537353116e+01 -7.7493e-01 -2.1807e+00
218 0 +4.386310677e-02 +2.532386311e+01 +2.532386311e+01 -8.9649e-01 -2.1810e+00
246 0 +5.629415413e-03 +2.528562942e+01 +2.528562942e+01 -1.0748e+00 -2.1809e+00
268 0 +3.516324724e-04 +2.528035163e+01 +2.528035163e+01 -1.0239e+00 -2.1808e+00
306 0 +1.936784643e-04 +2.528019368e+01 +2.528019368e+01 -1.0298e+00 -2.1808e+00
317 0 +1.861435195e-04 +2.528018614e+01 +2.528018614e+01 -1.0321e+00 -2.1808e+00
325 0 +6.846461224e-05 +2.528006846e+01 +2.528006846e+01 -1.0475e+00 -2.1808e+00
328 0 +1.668510354e-05 +2.528001669e+01 +2.528001669e+01 -1.0437e+00 -2.1808e+00
332 0 +4.199110155e-06 +2.528000420e+01 +2.528000420e+01 -1.0419e+00 -2.1808e+00
375 0 +3.051267328e-07 +2.528000031e+01 +2.528000031e+01 -1.0435e+00 -2.1808e+00
383 0 +1.085835422e-08 +2.528000001e+01 +2.528000001e+01 -1.0431e+00 -2.1808e+00
398 0 +5.123862223e-09 +2.528000001e+01 +2.528000001e+01 -1.0431e+00 -2.1808e+00
589 0 +0.000000000e+00 +2.528000000e+01 +2.528000000e+01 -1.0432e+00 -2.1808e+00
% f evaluations | g evaluations | best noise-free fitness - Fopt (-6.668000000000e+01) + sum g_i+ | measured fitness | best measured fitness or single-digit g-values | x1 | x2...
1 0 +7.963109303e+06 +7.963042623e+06 +7.963042623e+06 -1.5460e+00 +1.3672e+00
3 0 +8.295823084e+05 +8.295156284e+05 +8.295156284e+05 +1.3908e+00 -4.7334e-01
4 0 +6.833280890e+01 +1.652808897e+00 +1.652808897e+00 +3.9930e+00 -1.4312e+00
56 0 +2.962043432e+01 -3.705956568e+01 -3.705956568e+01 -6.4653e+00 -1.4249e+00
81 0 +2.603386958e+01 -4.064613042e+01 -4.064613042e+01 -6.1184e+00 -1.4241e+00
116 0 +2.457369232e+01 -4.210630768e+01 -4.210630768e+01 -5.8838e+00 -1.4234e+00
154 0 +2.440015868e+01 -4.227984132e+01 -4.227984132e+01 -5.9078e+00 -1.4242e+00
163 0 +2.363224835e+01 -4.304775165e+01 -4.304775165e+01 -5.8132e+00 -1.4241e+00
172 0 +2.322291733e+01 -4.345708267e+01 -4.345708267e+01 -5.7614e+00 -1.4240e+00
186 0 +2.204104144e+01 -4.463895856e+01 -4.463895856e+01 -5.6098e+00 -1.4240e+00
187 0 +2.018224813e+01 -4.649775187e+01 -4.649775187e+01 -5.3147e+00 -1.4233e+00
196 0 +1.752439600e+01 -4.915560400e+01 -4.915560400e+01 -5.0354e+00 -1.4242e+00
202 0 +1.541070149e+01 -5.126929851e+01 -5.126929851e+01 -4.6528e+00 -1.4230e+00
206 0 +1.432670330e+01 -5.235329670e+01 -5.235329670e+01 -4.1580e+00 -1.4260e+00
210 0 +7.844614601e+00 -5.883538540e+01 -5.883538540e+01 -3.6573e+00 -1.4247e+00
222 0 +6.459986232e+00 -6.022001377e+01 -6.022001377e+01 -2.5884e+00 -1.4222e+00
223 0 +3.266801741e+00 -6.341319826e+01 -6.341319826e+01 -1.2569e+00 -1.4258e+00
225 0 +1.591103038e-01 -6.652088970e+01 -6.652088970e+01 -5.7311e-01 -1.4237e+00
265 0 +1.005404478e-01 -6.657945955e+01 -6.657945955e+01 -9.6318e-01 -1.4237e+00
276 0 +7.997238476e-02 -6.660002762e+01 -6.660002762e+01 -1.1354e+00 -1.4241e+00
280 0 +6.438391478e-02 -6.661561609e+01 -6.661561609e+01 -8.6595e-01 -1.4237e+00
281 0 +4.462721098e-02 -6.663537279e+01 -6.663537279e+01 -1.0325e+00 -1.4239e+00
285 0 +3.756962714e-02 -6.664243037e+01 -6.664243037e+01 -8.6246e-01 -1.4238e+00
290 0 +2.880238444e-02 -6.665119762e+01 -6.665119762e+01 -1.0110e+00 -1.4239e+00
296 0 +1.974309267e-02 -6.666025691e+01 -6.666025691e+01 -9.3875e-01 -1.4239e+00
297 0 +8.769031160e-03 -6.667123097e+01 -6.667123097e+01 -9.5813e-01 -1.4240e+00
300 0 +9.663602680e-04 -6.667903364e+01 -6.667903364e+01 -8.3847e-01 -1.4240e+00
302 0 +2.397171501e-05 -6.667997603e+01 -6.667997603e+01 -8.6376e-01 -1.4240e+00
318 0 +8.251494862e-06 -6.667999175e+01 -6.667999175e+01 -8.6011e-01 -1.4240e+00
352 0 +7.164165496e-06 -6.667999284e+01 -6.667999284e+01 -8.6263e-01 -1.4240e+00
387 0 +1.523456916e-06 -6.667999848e+01 -6.667999848e+01 -8.5912e-01 -1.4240e+00
398 0 +1.446866278e-06 -6.667999855e+01 -6.667999855e+01 -8.5905e-01 -1.4240e+00
399 0 +1.921065405e-07 -6.667999981e+01 -6.667999981e+01 -8.6019e-01 -1.4240e+00
404 0 +1.869405821e-07 -6.667999981e+01 -6.667999981e+01 -8.5958e-01 -1.4240e+00
424 0 +4.354188832e-08 -6.667999996e+01 -6.667999996e+01 -8.6001e-01 -1.4240e+00
442 0 +2.896051399e-08 -6.667999997e+01 -6.667999997e+01 -8.5985e-01 -1.4240e+00
450 0 +4.940773124e-09 -6.668000000e+01 -6.668000000e+01 -8.5996e-01 -1.4240e+00
646 0 +0.000000000e+00 -6.668000000e+01 -6.668000000e+01 -8.6000e-01 -1.4240e+00
% f evaluations | g evaluations | best noise-free fitness - Fopt (-3.294600000000e+02) + sum g_i+ | measured fitness | best measured fitness or single-digit g-values | x1 | x2...
1 0 +4.441200520e+06 +4.440871060e+06 +4.440871060e+06 -4.6090e-01 -2.0257e+00
4 0 +1.070215740e+06 +1.069886280e+06 +1.069886280e+06 +2.1384e+00 +1.1111e+00
10 0 +7.750916083e+04 +7.717970083e+04 +7.717970083e+04 -2.0669e+00 -1.8496e-01
20 0 +5.877096942e+02 +2.582496942e+02 +2.582496942e+02 -2.9218e+00 +6.8486e-02
25 0 +2.167856759e+01 -3.077814324e+02 -3.077814324e+02 +1.0539e+00 +9.6808e-02
90 0 +9.740984868e+00 -3.197190151e+02 -3.197190151e+02 -3.9643e+00 +9.2186e-02
107 0 +8.927007913e+00 -3.205329921e+02 -3.205329921e+02 -3.4347e+00 +9.1151e-02
134 0 +5.109954830e+00 -3.243500452e+02 -3.243500452e+02 -2.9938e+00 +9.2006e-02
135 0 +4.477268711e+00 -3.249827313e+02 -3.249827313e+02 -2.6664e+00 +9.3730e-02
154 0 +3.856215438e+00 -3.256037846e+02 -3.256037846e+02 -2.7529e+00 +9.2975e-02
163 0 +2.916301979e+00 -3.265436980e+02 -3.265436980e+02 -2.3128e+00 +9.2238e-02
181 0 +2.239966792e+00 -3.272200332e+02 -3.272200332e+02 -2.0685e+00 +9.3539e-02
187 0 +7.578854764e-01 -3.287021145e+02 -3.287021145e+02 -1.0918e+00 +9.1922e-02
193 0 +4.231661317e-01 -3.290368339e+02 -3.290368339e+02 -4.0241e-01 +9.3301e-02
208 0 +7.663401228e-03 -3.294523366e+02 -3.294523366e+02 -8.4419e-01 +9.2711e-02
250 0 +4.225480032e-03 -3.294557745e+02 -3.294557745e+02 -9.0731e-01 +9.2768e-02
267 0 +1.488174914e-03 -3.294585118e+02 -3.294585118e+02 -8.0709e-01 +9.2805e-02
278 0 +5.222541389e-04 -3.294594777e+02 -3.294594777e+02 -8.5583e-01 +9.2777e-02
288 0 +1.088491085e-04 -3.294598912e+02 -3.294598912e+02 -8.5517e-01 +9.2807e-02
315 0 +5.170020148e-05 -3.294599483e+02 -3.294599483e+02 -8.5256e-01 +9.2804e-02
328 0 +4.838695133e-05 -3.294599516e+02 -3.294599516e+02 -8.4300e-01 +9.2795e-02
331 0 +2.764111065e-05 -3.294599724e+02 -3.294599724e+02 -8.5127e-01 +9.2797e-02
333 0 +1.292914067e-05 -3.294599871e+02 -3.294599871e+02 -8.4435e-01 +9.2797e-02
343 0 +6.722722901e-06 -3.294599933e+02 -3.294599933e+02 -8.4486e-01 +9.2799e-02
346 0 +4.782785254e-06 -3.294599952e+02 -3.294599952e+02 -8.4926e-01 +9.2801e-02
350 0 +3.108265105e-06 -3.294599969e+02 -3.294599969e+02 -8.4592e-01 +9.2799e-02
364 0 +2.112794675e-06 -3.294599979e+02 -3.294599979e+02 -8.4569e-01 +9.2800e-02
371 0 +1.172007273e-07 -3.294599999e+02 -3.294599999e+02 -8.4698e-01 +9.2800e-02
391 0 +4.978159041e-08 -3.294600000e+02 -3.294600000e+02 -8.4717e-01 +9.2800e-02
395 0 +1.031190777e-08 -3.294600000e+02 -3.294600000e+02 -8.4729e-01 +9.2800e-02
426 0 +1.691660145e-09 -3.294600000e+02 -3.294600000e+02 -8.4717e-01 +9.2800e-02
575 0 +0.000000000e+00 -3.294600000e+02 -3.294600000e+02 -8.4720e-01 +9.2800e-02
% f evaluations | g evaluations | best noise-free fitness - Fopt (1.737000000000e+01) + sum g_i+ | measured fitness | best measured fitness or single-digit g-values | x1 | x2...
1 0 +3.041311587e+06 +3.041328957e+06 +3.041328957e+06 +7.5775e-01 +6.3287e-01
3 0 +8.610341965e+03 +8.627711965e+03 +8.627711965e+03 -2.3524e-01 +2.3466e+00
14 0 +4.174979625e+01 +5.911979625e+01 +5.911979625e+01 -9.5790e-01 +2.2612e+00
73 0 +1.137143723e+01 +2.874143723e+01 +2.874143723e+01 +2.7216e-01 +2.2582e+00
106 0 +1.119738501e+01 +2.856738501e+01 +2.856738501e+01 +1.0946e+00 +2.2590e+00
136 0 +5.714232982e+00 +2.308423298e+01 +2.308423298e+01 +1.0202e+00 +2.2564e+00
144 0 +4.985911081e+00 +2.235591108e+01 +2.235591108e+01 +1.2013e+00 +2.2572e+00
161 0 +4.794095025e+00 +2.216409502e+01 +2.216409502e+01 +1.2036e+00 +2.2568e+00
171 0 +4.555914499e+00 +2.192591450e+01 +2.192591450e+01 +1.3285e+00 +2.2564e+00
174 0 +4.210371225e+00 +2.158037122e+01 +2.158037122e+01 +1.3889e+00 +2.2567e+00
189 0 +3.935478315e+00 +2.130547831e+01 +2.130547831e+01 +1.5040e+00 +2.2571e+00
205 0 +3.861699018e+00 +2.123169902e+01 +2.123169902e+01 +1.5211e+00 +2.2566e+00
211 0 +3.661177052e+00 +2.103117705e+01 +2.103117705e+01 +1.6259e+00 +2.2565e+00
217 0 +3.588844179e+00 +2.095884418e+01 +2.095884418e+01 +1.6139e+00 +2.2569e+00
220 0 +3.505220912e+00 +2.087522091e+01 +2.087522091e+01 +1.6400e+00 +2.2568e+00
226 0 +2.954129425e+00 +2.032412942e+01 +2.032412942e+01 +1.8632e+00 +2.2565e+00
234 0 +2.847043417e+00 +2.021704342e+01 +2.021704342e+01 +1.8822e+00 +2.2570e+00
243 0 +2.229433861e+00 +1.959943386e+01 +1.959943386e+01 +2.1273e+00 +2.2573e+00
248 0 +1.896801318e+00 +1.926680132e+01 +1.926680132e+01 +2.1687e+00 +2.2570e+00
249 0 +1.401451494e+00 +1.877145149e+01 +1.877145149e+01 +2.4433e+00 +2.2575e+00
255 0 +8.585160687e-02 +1.745585161e+01 +1.745585161e+01 +3.1389e+00 +2.2568e+00
292 0 +6.464094226e-03 +1.737646409e+01 +1.737646409e+01 +3.4403e+00 +2.2567e+00
313 0 +4.014631971e-03 +1.737401463e+01 +1.737401463e+01 +3.4629e+00 +2.2567e+00
324 0 +2.946197386e-03 +1.737294620e+01 +1.737294620e+01 +3.3751e+00 +2.2568e+00
341 0 +8.657495868e-04 +1.737086575e+01 +1.737086575e+01 +3.4568e+00 +2.2568e+00
342 0 +4.100690268e-04 +1.737041007e+01 +1.737041007e+01 +3.4112e+00 +2.2568e+00
361 0 +2.297474027e-04 +1.737022975e+01 +1.737022975e+01 +3.4446e+00 +2.2568e+00
366 0 +2.159004153e-04 +1.737021590e+01 +1.737021590e+01 +3.4410e+00 +2.2568e+00
367 0 +3.900904898e-05 +1.737003901e+01 +1.737003901e+01 +3.4258e+00 +2.2568e+00
381 0 +2.997889702e-05 +1.737002998e+01 +1.737002998e+01 +3.4345e+00 +2.2568e+00
393 0 +5.411881787e-06 +1.737000541e+01 +1.737000541e+01 +3.4304e+00 +2.2568e+00
418 0 +2.544021065e-07 +1.737000025e+01 +1.737000025e+01 +3.4301e+00 +2.2568e+00
441 0 +7.014372017e-08 +1.737000007e+01 +1.737000007e+01 +3.4297e+00 +2.2568e+00
462 0 +6.134548158e-08 +1.737000006e+01 +1.737000006e+01 +3.4296e+00 +2.2568e+00
469 0 +5.025259497e-08 +1.737000005e+01 +1.737000005e+01 +3.4298e+00 +2.2568e+00
472 0 +2.498209994e-08 +1.737000002e+01 +1.737000002e+01 +3.4294e+00 +2.2568e+00
498 0 +1.904821900e-08 +1.737000002e+01 +1.737000002e+01 +3.4295e+00 +2.2568e+00
501 0 +1.579291364e-09 +1.737000000e+01 +1.737000000e+01 +3.4296e+00 +2.2568e+00
714 0 +0.000000000e+00 +1.737000000e+01 +1.737000000e+01 +3.4296e+00 +2.2568e+00
% f evaluations | g evaluations | best noise-free fitness - Fopt (7.383000000000e+01) + sum g_i+ | measured fitness | best measured fitness or single-digit g-values | x1 | x2...
1 0 +8.577143020e+06 +8.577216850e+06 +8.577216850e+06 +5.5775e-01 +3.9699e+00
2 0 +5.550729211e+05 +5.551467511e+05 +5.551467511e+05 +2.0513e+00 +2.0149e-01
5 0 +3.525748000e+04 +3.533131000e+04 +3.533131000e+04 -2.8287e+00 +8.2528e-01
7 0 +3.093009988e+04 +3.100392988e+04 +3.100392988e+04 -1.3842e+00 +1.1809e+00
23 0 +3.582161233e+03 +3.655991233e+03 +3.655991233e+03 -3.0524e+00 +9.4186e-01
27 0 +1.319658652e+03 +1.393488652e+03 +1.393488652e+03 -3.5073e+00 +1.0443e+00
46 0 +5.148486423e+01 +1.253148642e+02 +1.253148642e+02 -3.7146e+00 +1.0119e+00
51 0 +3.881565943e+01 +1.126456594e+02 +1.126456594e+02 -2.8888e+00 +1.0113e+00
72 0 +5.130628175e+00 +7.896062818e+01 +7.896062818e+01 -2.0714e+00 +1.0052e+00
194 0 +4.729569697e+00 +7.855956970e+01 +7.855956970e+01 -1.9789e+00 +1.0059e+00
206 0 +4.288146774e+00 +7.811814677e+01 +7.811814677e+01 -1.7994e+00 +1.0060e+00
208 0 +4.039319986e+00 +7.786931999e+01 +7.786931999e+01 -1.7122e+00 +1.0052e+00
210 0 +3.578038845e+00 +7.740803884e+01 +7.740803884e+01 -1.4718e+00 +1.0050e+00
215 0 +3.458346795e+00 +7.728834679e+01 +7.728834679e+01 -1.4456e+00 +1.0062e+00
220 0 +1.436022746e+00 +7.526602275e+01 +7.526602275e+01 -9.2672e-01 +1.0056e+00
223 0 +1.077843818e+00 +7.490784382e+01 +7.490784382e+01 -8.1243e-01 +1.0057e+00
229 0 +2.555738377e-01 +7.408557384e+01 +7.408557384e+01 -2.3880e-01 +1.0058e+00
237 0 +5.038923047e-02 +7.388038923e+01 +7.388038923e+01 -6.6725e-04 +1.0055e+00
247 0 +3.333342066e-02 +7.386333342e+01 +7.386333342e+01 +1.5253e-01 +1.0054e+00
258 0 +2.905272348e-02 +7.385905272e+01 +7.385905272e+01 +5.1790e-02 +1.0056e+00
260 0 +2.031764424e-02 +7.385031764e+01 +7.385031764e+01 +3.2785e-01 +1.0057e+00
275 0 +1.068166152e-02 +7.384068166e+01 +7.384068166e+01 +1.6178e-01 +1.0055e+00
280 0 +2.812118064e-03 +7.383281212e+01 +7.383281212e+01 +1.8949e-01 +1.0056e+00
289 0 +1.606536918e-03 +7.383160654e+01 +7.383160654e+01 +2.4657e-01 +1.0056e+00
303 0 +1.021869188e-04 +7.383010219e+01 +7.383010219e+01 +2.0212e-01 +1.0056e+00
325 0 +8.997894845e-05 +7.383008998e+01 +7.383008998e+01 +2.1332e-01 +1.0056e+00
327 0 +6.931053520e-06 +7.383000693e+01 +7.383000693e+01 +2.1033e-01 +1.0056e+00
356 0 +1.865210180e-06 +7.383000187e+01 +7.383000187e+01 +2.1229e-01 +1.0056e+00
371 0 +7.585273920e-08 +7.383000008e+01 +7.383000008e+01 +2.1104e-01 +1.0056e+00
388 0 +9.337298934e-09 +7.383000001e+01 +7.383000001e+01 +2.1128e-01 +1.0056e+00
588 0 +0.000000000e+00 +7.383000000e+01 +7.383000000e+01 +2.1120e-01 +1.0056e+00
% f evaluations | g evaluations | best noise-free fitness - Fopt (4.488700000000e+02) + sum g_i+ | measured fitness | best measured fitness or single-digit g-values | x1 | x2...
1 0 +6.149143396e+07 +6.149188283e+07 +6.149188283e+07 +1.1480e+00 -4.1771e+00
2 0 +7.854333445e+05 +7.858822145e+05 +7.858822145e+05 +5.1470e+00 +4.8623e+00
17 0 +7.725493791e+05 +7.729982491e+05 +7.729982491e+05 +1.5886e+00 +4.8578e+00
21 0 +3.786380206e+05 +3.790868906e+05 +3.790868906e+05 +1.4511e+00 +3.2558e+00
24 0 +2.684669756e+05 +2.689158456e+05 +2.689158456e+05 -1.4528e+00 +3.3920e+00
36 0 +1.683180759e+05 +1.687669459e+05 +1.687669459e+05 -1.2988e+00 +4.3611e+00
37 0 +2.781605987e+04 +2.826492987e+04 +2.826492987e+04 -7.5046e+00 +4.0944e+00
42 0 +7.412498715e+03 +7.861368715e+03 +7.861368715e+03 -5.6221e+00 +3.8342e+00
60 0 +5.259631205e+03 +5.708501205e+03 +5.708501205e+03 -3.1493e+00 +4.0040e+00
61 0 +3.559179768e+03 +4.008049768e+03 +4.008049768e+03 -2.6340e+00 +3.8629e+00
69 0 +9.880676872e+01 +5.476767687e+02 +5.476767687e+02 -1.1596e+00 +3.9358e+00
84 0 +4.034508867e+00 +4.529045089e+02 +4.529045089e+02 -2.2298e+00 +3.9278e+00
125 0 +2.713183153e+00 +4.515831832e+02 +4.515831832e+02 -2.5815e+00 +3.9255e+00
130 0 +2.600124719e+00 +4.514701247e+02 +4.514701247e+02 -2.5320e+00 +3.9256e+00
147 0 +2.311333444e+00 +4.511813334e+02 +4.511813334e+02 -2.5200e+00 +3.9270e+00
148 0 +2.036795769e+00 +4.509067958e+02 +4.509067958e+02 -2.5049e+00 +3.9262e+00
161 0 +1.040251595e+00 +4.499102516e+02 +4.499102516e+02 -3.0571e+00 +3.9257e+00
162 0 +7.467285315e-01 +4.496167285e+02 +4.496167285e+02 -2.9829e+00 +3.9266e+00
164 0 +6.886934843e-01 +4.495586935e+02 +4.495586935e+02 -3.5252e+00 +3.9256e+00
169 0 +5.117997202e-01 +4.493817997e+02 +4.493817997e+02 -3.1270e+00 +3.9264e+00
193 0 +4.314381321e-01 +4.493014381e+02 +4.493014381e+02 -3.3177e+00 +3.9267e+00
195 0 +4.036917615e-01 +4.492736918e+02 +4.492736918e+02 -3.3004e+00 +3.9263e+00
201 0 +4.274875375e-02 +4.489127488e+02 +4.489127488e+02 -3.6837e+00 +3.9264e+00
215 0 +2.769443119e-02 +4.488976944e+02 +4.488976944e+02 -3.7163e+00 +3.9264e+00
234 0 +2.386177312e-02 +4.488938618e+02 +4.488938618e+02 -3.7737e+00 +3.9263e+00
260 0 +1.310572875e-02 +4.488831057e+02 +4.488831057e+02 -3.7790e+00 +3.9264e+00
270 0 +2.226756235e-04 +4.488702227e+02 +4.488702227e+02 -3.8969e+00 +3.9264e+00
307 0 +3.874469513e-05 +4.488700387e+02 +4.488700387e+02 -3.8870e+00 +3.9264e+00
356 0 +1.074812525e-05 +4.488700107e+02 +4.488700107e+02 -3.8803e+00 +3.9264e+00
361 0 +5.169023950e-06 +4.488700052e+02 +4.488700052e+02 -3.8854e+00 +3.9264e+00
372 0 +2.122487842e-06 +4.488700021e+02 +4.488700021e+02 -3.8823e+00 +3.9264e+00
376 0 +8.524854138e-07 +4.488700009e+02 +4.488700009e+02 -3.8823e+00 +3.9264e+00
404 0 +5.185907526e-07 +4.488700005e+02 +4.488700005e+02 -3.8825e+00 +3.9264e+00
416 0 +2.562364898e-07 +4.488700003e+02 +4.488700003e+02 -3.8831e+00 +3.9264e+00
419 0 +1.760163286e-07 +4.488700002e+02 +4.488700002e+02 -3.8828e+00 +3.9264e+00
424 0 +1.719276383e-07 +4.488700002e+02 +4.488700002e+02 -3.8836e+00 +3.9264e+00
432 0 +1.542638302e-07 +4.488700002e+02 +4.488700002e+02 -3.8832e+00 +3.9264e+00
435 0 +4.936782716e-08 +4.488700000e+02 +4.488700000e+02 -3.8833e+00 +3.9264e+00
445 0 +2.868267757e-08 +4.488700000e+02 +4.488700000e+02 -3.8833e+00 +3.9264e+00
452 0 +2.822389433e-09 +4.488700000e+02 +4.488700000e+02 -3.8832e+00 +3.9264e+00
621 0 +0.000000000e+00 +4.488700000e+02 +4.488700000e+02 -3.8832e+00 +3.9264e+00
% f evaluations | g evaluations | best noise-free fitness - Fopt (-7.546600000000e+02) + sum g_i+ | measured fitness | best measured fitness or single-digit g-values | x1 | x2...
1 0 +2.697170956e+06 +2.696416296e+06 +2.696416296e+06 -8.3381e-01 -9.9709e-01
2 0 +2.026538855e+06 +2.025784195e+06 +2.025784195e+06 +1.6000e+00 +1.9489e+00
3 0 +3.258040931e+05 +3.250494331e+05 +3.250494331e+05 -3.2007e+00 -1.0012e-01
4 0 +4.272281242e+03 +3.517621242e+03 +3.517621242e+03 -2.8415e+00 +4.4031e-01
54 0 +3.708517987e+03 +2.953857987e+03 +2.953857987e+03 -8.1473e+00 +4.4695e-01
59 0 +1.635739217e+03 +8.810792172e+02 +8.810792172e+02 -5.7893e+00 +5.5325e-01
63 0 +1.952011232e+01 -7.351398877e+02 -7.351398877e+02 -6.1661e+00 +5.1106e-01
83 0 +1.928526701e+01 -7.353747330e+02 -7.353747330e+02 -4.9282e+00 +5.1537e-01
111 0 +8.010844839e+00 -7.466491552e+02 -7.466491552e+02 -4.6934e+00 +5.1147e-01
134 0 +4.911186537e+00 -7.497488135e+02 -7.497488135e+02 -4.0987e+00 +5.1197e-01
150 0 +2.574625883e+00 -7.520853741e+02 -7.520853741e+02 -2.1726e+00 +5.1366e-01
162 0 +5.019798252e-01 -7.541580202e+02 -7.541580202e+02 -1.9942e+00 +5.1270e-01
172 0 +8.881541067e-02 -7.545711846e+02 -7.545711846e+02 -1.9900e+00 +5.1173e-01
220 0 +1.317657119e-02 -7.546468234e+02 -7.546468234e+02 -1.9429e+00 +5.1195e-01
231 0 +1.200713865e-02 -7.546479929e+02 -7.546479929e+02 -1.8136e+00 +5.1189e-01
246 0 +1.051580985e-02 -7.546494842e+02 -7.546494842e+02 -1.8639e+00 +5.1190e-01
247 0 +7.126909474e-04 -7.546592873e+02 -7.546592873e+02 -1.8652e+00 +5.1199e-01
268 0 +6.930810536e-04 -7.546593069e+02 -7.546593069e+02 -1.8582e+00 +5.1198e-01
284 0 +4.809532999e-04 -7.546595190e+02 -7.546595190e+02 -1.8260e+00 +5.1198e-01
287 0 +3.475913996e-04 -7.546596524e+02 -7.546596524e+02 -1.8334e+00 +5.1202e-01
288 0 +2.473633904e-04 -7.546597526e+02 -7.546597526e+02 -1.8305e+00 +5.1201e-01
299 0 +1.428349753e-04 -7.546598572e+02 -7.546598572e+02 -1.8431e+00 +5.1201e-01
309 0 +1.081637537e-04 -7.546598918e+02 -7.546598918e+02 -1.8350e+00 +5.1201e-01
312 0 +3.435469364e-05 -7.546599656e+02 -7.546599656e+02 -1.8389e+00 +5.1199e-01
317 0 +3.081463854e-05 -7.546599692e+02 -7.546599692e+02 -1.8430e+00 +5.1200e-01
318 0 +2.332374856e-05 -7.546599767e+02 -7.546599767e+02 -1.8377e+00 +5.1200e-01
320 0 +1.085771419e-05 -7.546599891e+02 -7.546599891e+02 -1.8401e+00 +5.1200e-01
322 0 +5.796084452e-06 -7.546599942e+02 -7.546599942e+02 -1.8370e+00 +5.1200e-01
325 0 +1.876422175e-06 -7.546599981e+02 -7.546599981e+02 -1.8395e+00 +5.1200e-01
333 0 +9.437109156e-07 -7.546599991e+02 -7.546599991e+02 -1.8386e+00 +5.1200e-01
354 0 +4.097591955e-08 -7.546600000e+02 -7.546600000e+02 -1.8391e+00 +5.1200e-01
378 0 +4.266098586e-09 -7.546600000e+02 -7.546600000e+02 -1.8391e+00 +5.1200e-01
549 0 +0.000000000e+00 -7.546600000e+02 -7.546600000e+02 -1.8392e+00 +5.1200e-01
