% f evaluations | g evaluations | best noise-free fitness - Fopt (-2.098800000000e+02) + sum g_i+ | measured fitness | best measured fitness or single-digit g-values | x1 | x2...
1 0 +1.198724322e+07 +1.198703334e+07 +1.198703334e+07 -1.0186e+00 -4.7431e-01 +7.2359e-02
2 0 +8.493018304e+06 +8.492808424e+06 +8.492808424e+06 -1.9542e+00 -3.7395e+00 +5.6931e-01
4 0 +8.079752702e+05 +8.077653902e+05 +8.077653902e+05 -3.0210e+00 -1.4967e+00 +2.6287e+00
10 0 +3.317426209e+05 +3.315327409e+05 +3.315327409e+05 -1.4731e+00 -3.0316e+00 +2.9498e+00
22 0 +2.222566966e+04 +2.201578966e+04 +2.201578966e+04 -2.8870e+00 -3.9426e+00 +3.4991e+00
33 0 +1.719342225e+04 +1.698354225e+04 +1.698354225e+04 -6.6358e-01 -3.0561e+00 +3.4762e+00
60 0 +1.608587122e+04 +1.587599122e+04 +1.587599122e+04 -1.9313e+00 -2.7319e+00 +3.6364e+00
84 0 +1.350581099e+04 +1.329593099e+04 +1.329593099e+04 -3.3076e+00 -2.6723e+00 +3.6247e+00
86 0 +6.387312354e+03 +6.177432354e+03 +6.177432354e+03 -2.7184e+00 -2.1338e+00 +3.5659e+00
101 0 +6.216595729e+03 +6.006715729e+03 +6.006715729e+03 -2.7323e+00 -1.9110e+00 +3.5861e+00
106 0 +5.470103194e+03 +5.260223194e+03 +5.260223194e+03 -2.5999e+00 -1.7503e+00 +3.5800e+00
107 0 +5.253563700e+03 +5.043683700e+03 +5.043683700e+03 -2.2430e+00 -1.6444e+00 +3.5836e+00
114 0 +2.599099693e+03 +2.389219693e+03 +2.389219693e+03 -2.5684e+00 -9.9955e-01 +3.5633e+00
120 0 +2.004807710e+02 -9.399228952e+00 -9.399228952e+00 -2.8963e+00 +1.3693e-01 +3.5633e+00
188 0 +1.406033916e+02 -6.927660843e+01 -6.927660843e+01 -7.5204e-01 +6.3665e-01 +3.5439e+00
199 0 +7.340473958e+01 -1.364752604e+02 -1.364752604e+02 -6.2491e-01 +4.5192e-01 +3.5454e+00
207 0 +4.089948091e+01 -1.689805191e+02 -1.689805191e+02 -5.1819e-01 +4.8616e-01 +3.5608e+00
212 0 +5.071108008e+00 -2.048088920e+02 -2.048088920e+02 -3.0758e-01 +4.3320e-01 +3.5529e+00
332 0 +4.677566520e+00 -2.052024335e+02 -2.052024335e+02 -9.1377e-01 +4.4467e-01 +3.5549e+00
340 0 +4.470237227e+00 -2.054097628e+02 -2.054097628e+02 -9.0743e-01 +4.4261e-01 +3.5543e+00
344 0 +4.268947400e+00 -2.056110526e+02 -2.056110526e+02 -7.9096e-01 +4.3562e-01 +3.5546e+00
351 0 +3.818867400e+00 -2.060611326e+02 -2.060611326e+02 -5.6903e-01 +4.3589e-01 +3.5549e+00
360 0 +3.494444450e+00 -2.063855556e+02 -2.063855556e+02 -4.8070e-01 +4.3518e-01 +3.5547e+00
365 0 +3.455341187e+00 -2.064246588e+02 -2.064246588e+02 -4.5361e-01 +4.3079e-01 +3.5543e+00
367 0 +2.383827682e+00 -2.074961723e+02 -2.074961723e+02 -1.6429e-01 +4.3633e-01 +3.5545e+00
373 0 +2.072051115e+00 -2.078079489e+02 -2.078079489e+02 +1.1550e-01 +4.3063e-01 +3.5551e+00
374 0 +1.582364278e+00 -2.082976357e+02 -2.082976357e+02 +3.2919e-01 +4.1903e-01 +3.5543e+00
382 0 +4.286370990e-01 -2.094513629e+02 -2.094513629e+02 +8.8888e-01 +4.3856e-01 +3.5539e+00
399 0 +3.632758659e-01 -2.095167241e+02 -2.095167241e+02 +1.5402e+00 +4.4154e-01 +3.5540e+00
423 0 +2.017880619e-01 -2.096782119e+02 -2.096782119e+02 +1.6007e+00 +4.5562e-01 +3.5544e+00
426 0 +1.063433095e-01 -2.097736567e+02 -2.097736567e+02 +1.0798e+00 +4.5265e-01 +3.5547e+00
446 0 +1.989943171e-02 -2.098601006e+02 -2.098601006e+02 +1.2448e+00 +4.5096e-01 +3.5545e+00
449 0 +1.348922344e-02 -2.098665108e+02 -2.098665108e+02 +1.1399e+00 +4.4819e-01 +3.5545e+00
453 0 +3.092996454e-03 -2.098769070e+02 -2.098769070e+02 +1.2339e+00 +4.4937e-01 +3.5544e+00
476 0 +1.962421689e-03 -2.098780376e+02 -2.098780376e+02 +1.2094e+00 +4.4938e-01 +3.5544e+00
480 0 +4.387265508e-04 -2.098795613e+02 -2.098795613e+02 +1.1870e+00 +4.4782e-01 +3.5544e+00
502 0 +1.278755497e-04 -2.098798721e+02 -2.098798721e+02 +1.2161e+00 +4.4781e-01 +3.5544e+00
523 0 +1.131445073e-04 -2.098798869e+02 -2.098798869e+02 +1.1986e+00 +4.4783e-01 +3.5544e+00
524 0 +6.145930118e-05 -2.098799385e+02 -2.098799385e+02 +1.2061e+00 +4.4793e-01 +3.5544e+00
526 0 +5.226199707e-05 -2.098799477e+02 -2.098799477e+02 +1.2087e+00 +4.4782e-01 +3.5544e+00
541 0 +4.528260266e-05 -2.098799547e+02 -2.098799547e+02 +1.2037e+00 +4.4781e-01 +3.5544e+00
558 0 +7.205172153e-06 -2.098799928e+02 -2.098799928e+02 +1.2066e+00 +4.4792e-01 +3.5544e+00
567 0 +5.716094222e-06 -2.098799943e+02 -2.098799943e+02 +1.2089e+00 +4.4797e-01 +3.5544e+00
569 0 +3.513453635e-06 -2.098799965e+02 -2.098799965e+02 +1.2069e+00 +4.4796e-01 +3.5544e+00
577 0 +2.947074108e-06 -2.098799971e+02 -2.098799971e+02 +1.2066e+00 +4.4802e-01 +3.5544e+00
583 0 +2.827083847e-07 -2.098799997e+02 -2.098799997e+02 +1.2073e+00 +4.4799e-01 +3.5544e+00
639 0 +1.925982644e-07 -2.098799998e+02 -2.098799998e+02 +1.2070e+00 +4.4801e-01 +3.5544e+00
640 0 +6.015696385e-08 -2.098799999e+02 -2.098799999e+02 +1.2072e+00 +4.4800e-01 +3.5544e+00
661 0 +5.559203942e-08 -2.098799999e+02 -2.098799999e+02 +1.2074e+00 +4.4800e-01 +3.5544e+00
666 0 +3.718315611e-08 -2.098800000e+02 -2.098800000e+02 +1.2071e+00 +4.4800e-01 +3.5544e+00
694 0 +2.962073609e-08 -2.098800000e+02 -2.098800000e+02 +1.2070e+00 +4.4800e-01 +3.5544e+00
695 0 +2.410391176e-08 -2.098800000e+02 -2.098800000e+02 +1.2071e+00 +4.4800e-01 +3.5544e+00
704 0 +6.500954441e-09 -2.098800000e+02 -2.098800000e+02 +1.2071e+00 +4.4800e-01 +3.5544e+00
939 0 +0.000000000e+00 -2.098800000e+02 -2.098800000e+02 +1.2072e+00 +4.4800e-01 +3.5544e+00
% f evaluations | g evaluations | best noise-free fitness - Fopt (-9.209000000000e+01) + sum g_i+ | measured fitness | best measured fitness or single-digit g-values | x1 | x2...
1 0 +2.458591146e+06 +2.458499056e+06 +2.458499056e+06 +1.6180e+00 +3.4858e-01 +1.7924e+00
5 0 +9.891169501e+02 +8.970269501e+02 +8.970269501e+02 -2.3841e+00 +2.5992e+00 +1.2436e-01
76 0 +6.896885824e+02 +5.975985824e+02 +5.975985824e+02 +2.7281e+00 +1.7909e+00 +9.9355e-02
106 0 +2.110184679e+02 +1.189284679e+02 +1.189284679e+02 +2.7145e+00 +2.2045e+00 +9.4832e-02
123 0 +1.493666224e+02 +5.727662241e+01 +5.727662241e+01 +1.9835e+00 +2.2939e+00 +8.4522e-02
126 0 +7.761731077e+01 -1.447268923e+01 -1.447268923e+01 +3.0925e+00 +2.4039e+00 +9.4861e-02
148 0 +4.427675350e+01 -4.781324650e+01 -4.781324650e+01 +2.3067e+00 +2.6160e+00 +9.7122e-02
168 0 +3.064226378e+01 -6.144773622e+01 -6.144773622e+01 +2.6602e+00 +2.6779e+00 +8.5976e-02
171 0 +1.859537330e+01 -7.349462670e+01 -7.349462670e+01 +2.2745e+00 +2.6045e+00 +8.6682e-02
183 0 +4.138403801e+00 -8.795159620e+01 -8.795159620e+01 +2.1720e+00 +2.6144e+00 +8.8964e-02
195 0 +3.144011430e+00 -8.894598857e+01 -8.894598857e+01 +2.1363e+00 +2.6103e+00 +9.1370e-02
204 0 +2.639338430e+00 -8.945066157e+01 -8.945066157e+01 +2.1756e+00 +2.6348e+00 +8.9758e-02
241 0 +2.304022062e+00 -8.978597794e+01 -8.978597794e+01 +2.2629e+00 +2.6119e+00 +9.0729e-02
264 0 +2.231311692e+00 -8.985868831e+01 -8.985868831e+01 +2.3169e+00 +2.6264e+00 +9.0259e-02
267 0 +2.176527224e+00 -8.991347278e+01 -8.991347278e+01 +2.2277e+00 +2.6117e+00 +9.0545e-02
284 0 +2.122229904e+00 -8.996777010e+01 -8.996777010e+01 +2.2684e+00 +2.6192e+00 +9.0351e-02
285 0 +2.057385783e+00 -9.003261422e+01 -9.003261422e+01 +2.2008e+00 +2.6244e+00 +9.0378e-02
299 0 +2.027496485e+00 -9.006250351e+01 -9.006250351e+01 +2.1641e+00 +2.6215e+00 +9.0408e-02
345 0 +1.970959299e+00 -9.011904070e+01 -9.011904070e+01 +2.0311e+00 +2.6218e+00 +9.0215e-02
351 0 +1.928497045e+00 -9.016150295e+01 -9.016150295e+01 +1.9711e+00 +2.6176e+00 +9.0140e-02
354 0 +1.789493003e+00 -9.030050700e+01 -9.030050700e+01 +1.9233e+00 +2.6141e+00 +9.0355e-02
358 0 +1.622207034e+00 -9.046779297e+01 -9.046779297e+01 +1.8644e+00 +2.6144e+00 +9.0233e-02
371 0 +1.431810849e+00 -9.065818915e+01 -9.065818915e+01 +1.8097e+00 +2.6142e+00 +9.0614e-02
372 0 +1.280144265e+00 -9.080985574e+01 -9.080985574e+01 +1.4984e+00 +2.6000e+00 +8.9898e-02
373 0 +1.211821614e+00 -9.087817839e+01 -9.087817839e+01 +1.7568e+00 +2.6120e+00 +9.0301e-02
379 0 +5.749905124e-01 -9.151500949e+01 -9.151500949e+01 +1.5356e+00 +2.6238e+00 +9.0551e-02
389 0 +4.702079640e-01 -9.161979204e+01 -9.161979204e+01 +1.3663e+00 +2.6202e+00 +9.0424e-02
395 0 +3.382983041e-01 -9.175170170e+01 -9.175170170e+01 +1.0822e+00 +2.6218e+00 +8.9977e-02
404 0 +7.712566709e-02 -9.201287433e+01 -9.201287433e+01 +9.6681e-01 +2.6180e+00 +9.0340e-02
407 0 +7.387682190e-02 -9.201612318e+01 -9.201612318e+01 +6.1739e-01 +2.6182e+00 +9.0160e-02
432 0 +5.541934139e-02 -9.203458066e+01 -9.203458066e+01 +5.0773e-01 +2.6239e+00 +9.0436e-02
434 0 +4.220206765e-02 -9.204779793e+01 -9.204779793e+01 +6.9924e-01 +2.6165e+00 +9.0511e-02
450 0 +3.689091159e-02 -9.205310909e+01 -9.205310909e+01 +7.8474e-01 +2.6209e+00 +9.0569e-02
456 0 +1.771281778e-02 -9.207228718e+01 -9.207228718e+01 +6.3857e-01 +2.6188e+00 +9.0346e-02
462 0 +1.120013108e-02 -9.207879987e+01 -9.207879987e+01 +7.3425e-01 +2.6184e+00 +9.0403e-02
474 0 +2.795432884e-03 -9.208720457e+01 -9.208720457e+01 +7.1211e-01 +2.6217e+00 +9.0353e-02
486 0 +8.978962703e-04 -9.208910210e+01 -9.208910210e+01 +7.3131e-01 +2.6221e+00 +9.0425e-02
503 0 +6.928081443e-04 -9.208930719e+01 -9.208930719e+01 +7.0783e-01 +2.6211e+00 +9.0409e-02
519 0 +5.409098491e-04 -9.208945909e+01 -9.208945909e+01 +7.1693e-01 +2.6215e+00 +9.0376e-02
535 0 +4.048615309e-04 -9.208959514e+01 -9.208959514e+01 +7.3670e-01 +2.6212e+00 +9.0407e-02
540 0 +3.959873705e-04 -9.208960401e+01 -9.208960401e+01 +7.1541e-01 +2.6215e+00 +9.0416e-02
548 0 +3.366575027e-04 -9.208966334e+01 -9.208966334e+01 +7.4197e-01 +2.6214e+00 +9.0407e-02
553 0 +2.853204922e-04 -9.208971468e+01 -9.208971468e+01 +7.1785e-01 +2.6221e+00 +9.0400e-02
554 0 +1.225523214e-04 -9.208987745e+01 -9.208987745e+01 +7.1566e-01 +2.6216e+00 +9.0395e-02
558 0 +8.537095268e-05 -9.208991463e+01 -9.208991463e+01 +7.2814e-01 +2.6214e+00 +9.0393e-02
565 0 +8.432078509e-05 -9.208991568e+01 -9.208991568e+01 +7.2875e-01 +2.6215e+00 +9.0392e-02
583 0 +2.829326552e-05 -9.208997171e+01 -9.208997171e+01 +7.2997e-01 +2.6217e+00 +9.0402e-02
591 0 +2.591594794e-05 -9.208997408e+01 -9.208997408e+01 +7.2636e-01 +2.6217e+00 +9.0402e-02
592 0 +6.941514158e-06 -9.208999306e+01 -9.208999306e+01 +7.2391e-01 +2.6216e+00 +9.0402e-02
617 0 +6.013469246e-06 -9.208999399e+01 -9.208999399e+01 +7.2361e-01 +2.6216e+00 +9.0399e-02
627 0 +1.389173462e-06 -9.208999861e+01 -9.208999861e+01 +7.2520e-01 +2.6216e+00 +9.0399e-02
647 0 +1.047501001e-06 -9.208999895e+01 -9.208999895e+01 +7.2521e-01 +2.6216e+00 +9.0401e-02
649 0 +9.226070290e-07 -9.208999908e+01 -9.208999908e+01 +7.2644e-01 +2.6216e+00 +9.0400e-02
672 0 +4.969368206e-08 -9.208999995e+01 -9.208999995e+01 +7.2546e-01 +2.6216e+00 +9.0400e-02
716 0 +9.832334058e-09 -9.208999999e+01 -9.208999999e+01 +7.2553e-01 +2.6216e+00 +9.0400e-02
1079 0 +0.000000000e+00 -9.209000000e+01 -9.209000000e+01 +7.2560e-01 +2.6216e+00 +9.0400e-02
% f evaluations | g evaluations | best noise-free fitness - Fopt (-8.789000000000e+01) + sum g_i+ | measured fitness | best measured fitness or single-digit g-values | x1 | x2...
1 0 +4.194620726e+06 +4.194532836e+06 +4.194532836e+06 +1.4475e+00 +4.2723e-01 -7.8437e-01
2 0 +1.991604613e+06 +1.991516723e+06 +1.991516723e+06 +6.3635e-02 -1.4052e-01 +2.5981e+00
3 0 +1.949370355e+05 +1.948491455e+05 +1.948491455e+05 +1.2894e-01 +2.4426e+00 +8.2068e-01
8 0 +7.585254138e+03 +7.497364138e+03 +7.497364138e+03 -1.4977e+00 +1.0129e+00 +1.2859e+00
34 0 +3.564575987e+02 +2.685675987e+02 +2.685675987e+02 -1.4642e+00 +3.1145e+00 +1.2397e+00
120 0 +1.974753448e+02 +1.095853448e+02 +1.095853448e+02 -4.4993e-01 +3.4437e+00 +1.2372e+00
122 0 +3.245582949e+01 -5.543417051e+01 -5.543417051e+01 -2.6414e-01 +3.7104e+00 +1.2551e+00
155 0 +1.718612011e+01 -7.070387989e+01 -7.070387989e+01 -2.1877e-01 +3.7348e+00 +1.2528e+00
169 0 +1.067036076e+01 -7.721963924e+01 -7.721963924e+01 -4.3353e-01 +3.7281e+00 +1.2476e+00
175 0 +6.471647192e+00 -8.141835281e+01 -8.141835281e+01 -6.4543e-01 +3.6946e+00 +1.2479e+00
179 0 +3.844042248e+00 -8.404595775e+01 -8.404595775e+01 -2.6504e-01 +3.7006e+00 +1.2493e+00
187 0 +1.740332800e+00 -8.614966720e+01 -8.614966720e+01 -6.3835e-02 +3.6838e+00 +1.2490e+00
212 0 +2.705861851e-01 -8.761941381e+01 -8.761941381e+01 +5.2070e-02 +3.6366e+00 +1.2500e+00
233 0 +2.149276667e-01 -8.767507233e+01 -8.767507233e+01 -9.7088e-02 +3.6551e+00 +1.2497e+00
234 0 +1.569996696e-01 -8.773300033e+01 -8.773300033e+01 -2.9290e-02 +3.6395e+00 +1.2494e+00
235 0 +1.014019023e-01 -8.778859810e+01 -8.778859810e+01 +3.5200e-02 +3.6429e+00 +1.2498e+00
255 0 +5.267785078e-02 -8.783732215e+01 -8.783732215e+01 +2.1566e-01 +3.6500e+00 +1.2494e+00
278 0 +2.565755827e-02 -8.786434244e+01 -8.786434244e+01 +2.2346e-01 +3.6423e+00 +1.2497e+00
301 0 +2.474791381e-02 -8.786525209e+01 -8.786525209e+01 +1.4732e-01 +3.6420e+00 +1.2497e+00
318 0 +2.142385355e-02 -8.786857615e+01 -8.786857615e+01 +1.4589e-01 +3.6475e+00 +1.2497e+00
319 0 +1.110981911e-02 -8.787889018e+01 -8.787889018e+01 +1.4662e-01 +3.6464e+00 +1.2497e+00
332 0 +7.530093814e-03 -8.788246991e+01 -8.788246991e+01 +2.0741e-01 +3.6430e+00 +1.2496e+00
334 0 +6.401407897e-03 -8.788359859e+01 -8.788359859e+01 +1.6273e-01 +3.6449e+00 +1.2496e+00
338 0 +4.934248987e-03 -8.788506575e+01 -8.788506575e+01 +1.8573e-01 +3.6456e+00 +1.2496e+00
344 0 +4.067144388e-03 -8.788593286e+01 -8.788593286e+01 +2.0839e-01 +3.6453e+00 +1.2497e+00
353 0 +3.693209663e-03 -8.788630679e+01 -8.788630679e+01 +1.7440e-01 +3.6455e+00 +1.2496e+00
361 0 +2.951440212e-03 -8.788704856e+01 -8.788704856e+01 +1.8732e-01 +3.6455e+00 +1.2496e+00
367 0 +2.278079906e-03 -8.788772192e+01 -8.788772192e+01 +2.0216e-01 +3.6455e+00 +1.2496e+00
381 0 +2.118993097e-03 -8.788788101e+01 -8.788788101e+01 +2.1682e-01 +3.6458e+00 +1.2496e+00
384 0 +1.830106378e-03 -8.788816989e+01 -8.788816989e+01 +2.0674e-01 +3.6451e+00 +1.2496e+00
392 0 +1.574447081e-03 -8.788842555e+01 -8.788842555e+01 +2.1011e-01 +3.6464e+00 +1.2496e+00
394 0 +1.138895905e-03 -8.788886110e+01 -8.788886110e+01 +2.1109e-01 +3.6461e+00 +1.2496e+00
401 0 +7.374138170e-04 -8.788926259e+01 -8.788926259e+01 +2.1252e-01 +3.6456e+00 +1.2496e+00
413 0 +4.625338932e-04 -8.788953747e+01 -8.788953747e+01 +2.2358e-01 +3.6457e+00 +1.2496e+00
421 0 +4.310706746e-04 -8.788956893e+01 -8.788956893e+01 +2.1844e-01 +3.6455e+00 +1.2496e+00
429 0 +2.412723082e-04 -8.788975873e+01 -8.788975873e+01 +2.2472e-01 +3.6457e+00 +1.2496e+00
440 0 +1.224844816e-04 -8.788987752e+01 -8.788987752e+01 +2.2970e-01 +3.6455e+00 +1.2496e+00
477 0 +5.000719503e-05 -8.788994999e+01 -8.788994999e+01 +2.3902e-01 +3.6454e+00 +1.2496e+00
480 0 +3.778453116e-05 -8.788996222e+01 -8.788996222e+01 +2.3566e-01 +3.6455e+00 +1.2496e+00
495 0 +1.996301849e-05 -8.788998004e+01 -8.788998004e+01 +2.3564e-01 +3.6456e+00 +1.2496e+00
508 0 +2.699587128e-06 -8.788999730e+01 -8.788999730e+01 +2.3932e-01 +3.6456e+00 +1.2496e+00
567 0 +7.154522592e-07 -8.788999928e+01 -8.788999928e+01 +2.3844e-01 +3.6456e+00 +1.2496e+00
571 0 +1.677814225e-07 -8.788999983e+01 -8.788999983e+01 +2.3916e-01 +3.6456e+00 +1.2496e+00
599 0 +6.669313279e-08 -8.788999993e+01 -8.788999993e+01 +2.3947e-01 +3.6456e+00 +1.2496e+00
619 0 +4.960314470e-08 -8.788999995e+01 -8.788999995e+01 +2.3913e-01 +3.6456e+00 +1.2496e+00
636 0 +2.911704655e-08 -8.788999997e+01 -8.788999997e+01 +2.3912e-01 +3.6456e+00 +1.2496e+00
641 0 +2.418325096e-08 -8.788999998e+01 -8.788999998e+01 +2.3907e-01 +3.6456e+00 +1.2496e+00
648 0 +1.915671533e-08 -8.788999998e+01 -8.788999998e+01 +2.3907e-01 +3.6456e+00 +1.2496e+00
649 0 +1.230148428e-09 -8.789000000e+01 -8.789000000e+01 +2.3918e-01 +3.6456e+00 +1.2496e+00
920 0 +0.000000000e+00 -8.789000000e+01 -8.789000000e+01 +2.3920e-01 +3.6456e+00 +1.2496e+00
% f evaluations | g evaluations | best noise-free fitness - Fopt (3.201900000000e+02) + sum g_i+ | measured fitness | best measured fitness or single-digit g-values | x1 | x2...
1 0 +1.501440333e+07 +1.501472352e+07 +1.501472352e+07 -3.4005e+00 +3.2139e-02 -2.4620e+00
2 0 +4.497199241e+06 +4.497519431e+06 +4.497519431e+06 -2.5542e+00 +1.3534e+00 -7.2884e-01
4 0 +3.771447398e+06 +3.771767588e+06 +3.771767588e+06 +5.8543e-01 -3.1684e+00 -4.8471e-01
7 0 +1.817223546e+04 +1.849242546e+04 +1.849242546e+04 +1.0852e+00 -6.7361e-01 +1.5321e+00
16 0 +1.399888980e+04 +1.431907980e+04 +1.431907980e+04 -1.8442e-01 +9.5655e-01 +1.4621e+00
67 0 +1.322446135e+04 +1.354465135e+04 +1.354465135e+04 +3.4390e+00 -5.4905e+00 +1.4688e+00
87 0 +1.293613674e+04 +1.325632674e+04 +1.325632674e+04 -8.6006e-01 -1.7841e+00 +1.5078e+00
88 0 +1.128719162e+04 +1.160738162e+04 +1.160738162e+04 -1.4513e+00 +1.0194e+00 +1.4249e+00
91 0 +2.364906849e+03 +2.685096849e+03 +2.685096849e+03 +9.8662e-01 -1.2200e+00 +1.3752e+00
98 0 +2.262798696e+02 +5.464698696e+02 +5.464698696e+02 -1.0768e+00 -2.8301e+00 +1.4015e+00
134 0 +1.724962745e+02 +4.926862745e+02 +4.926862745e+02 +3.2779e-01 -2.4064e+00 +1.3903e+00
141 0 +1.293580936e+02 +4.495480936e+02 +4.495480936e+02 +2.1257e-01 -2.1560e+00 +1.3933e+00
144 0 +1.168540347e+02 +4.370440347e+02 +4.370440347e+02 +3.3179e-01 -2.0973e+00 +1.3960e+00
152 0 +1.121795875e+02 +4.323695875e+02 +4.323695875e+02 +2.1038e-01 -2.0350e+00 +1.4022e+00
155 0 +1.686335301e+01 +3.370533530e+02 +3.370533530e+02 +4.9001e-01 -2.2459e+00 +1.4048e+00
195 0 +6.730679159e+00 +3.269206792e+02 +3.269206792e+02 +5.0401e-01 -2.4187e+00 +1.4015e+00
206 0 +3.886794803e+00 +3.240767948e+02 +3.240767948e+02 +5.4468e-01 -2.4151e+00 +1.4030e+00
234 0 +1.783724344e+00 +3.219737243e+02 +3.219737243e+02 +4.1504e-01 -2.3725e+00 +1.4021e+00
253 0 +1.231160059e+00 +3.214211601e+02 +3.214211601e+02 +3.5276e-01 -2.3863e+00 +1.4029e+00
254 0 +1.228388057e+00 +3.214183881e+02 +3.214183881e+02 +4.0893e-01 -2.3810e+00 +1.4028e+00
263 0 +9.796075357e-01 +3.211696075e+02 +3.211696075e+02 +4.1714e-01 -2.3536e+00 +1.4027e+00
265 0 +5.812872898e-01 +3.207712873e+02 +3.207712873e+02 +3.4962e-01 -2.3564e+00 +1.4030e+00
288 0 +5.496706490e-01 +3.207396706e+02 +3.207396706e+02 +3.6253e-01 -2.3627e+00 +1.4031e+00
301 0 +5.418541829e-01 +3.207318542e+02 +3.207318542e+02 +3.5504e-01 -2.3585e+00 +1.4033e+00
352 0 +5.370082566e-01 +3.207270083e+02 +3.207270083e+02 +3.5584e-01 -2.3584e+00 +1.4032e+00
379 0 +5.209430501e-01 +3.207109431e+02 +3.207109431e+02 +3.3681e-01 -2.3620e+00 +1.4032e+00
397 0 +5.122924627e-01 +3.207022925e+02 +3.207022925e+02 +3.2078e-01 -2.3593e+00 +1.4032e+00
492 0 +5.007471732e-01 +3.206907472e+02 +3.206907472e+02 +2.7706e-01 -2.3623e+00 +1.4032e+00
514 0 +4.848379822e-01 +3.206748380e+02 +3.206748380e+02 +2.3521e-01 -2.3598e+00 +1.4032e+00
520 0 +4.705628869e-01 +3.206605629e+02 +3.206605629e+02 +1.9579e-01 -2.3613e+00 +1.4031e+00
525 0 +4.618295226e-01 +3.206518295e+02 +3.206518295e+02 +1.8951e-01 -2.3629e+00 +1.4031e+00
526 0 +4.481551822e-01 +3.206381552e+02 +3.206381552e+02 +1.6278e-01 -2.3621e+00 +1.4030e+00
527 0 +4.462422436e-01 +3.206362422e+02 +3.206362422e+02 +1.8212e-01 -2.3604e+00 +1.4032e+00
533 0 +4.112176924e-01 +3.206012177e+02 +3.206012177e+02 +1.5496e-01 -2.3616e+00 +1.4032e+00
536 0 +3.758889292e-01 +3.205658889e+02 +3.205658889e+02 +1.1938e-01 -2.3616e+00 +1.4030e+00
548 0 +3.235192548e-01 +3.205135193e+02 +3.205135193e+02 +9.9251e-02 -2.3601e+00 +1.4031e+00
557 0 +3.117765956e-01 +3.205017766e+02 +3.205017766e+02 +8.1886e-02 -2.3584e+00 +1.4030e+00
558 0 +2.624482354e-01 +3.204524482e+02 +3.204524482e+02 +6.8923e-02 -2.3611e+00 +1.4031e+00
560 0 +2.368421110e-01 +3.204268421e+02 +3.204268421e+02 +3.4692e-02 -2.3613e+00 +1.4030e+00
561 0 +2.140943442e-01 +3.204040943e+02 +3.204040943e+02 -1.6017e-02 -2.3601e+00 +1.4029e+00
563 0 +1.678129306e-01 +3.203578129e+02 +3.203578129e+02 -7.7724e-02 -2.3603e+00 +1.4030e+00
574 0 +1.635786597e-01 +3.203535787e+02 +3.203535787e+02 -4.8505e-02 -2.3623e+00 +1.4030e+00
589 0 +1.482597284e-01 +3.203382597e+02 +3.203382597e+02 -4.7724e-02 -2.3613e+00 +1.4031e+00
592 0 +1.336987974e-01 +3.203236988e+02 +3.203236988e+02 -1.5975e-01 -2.3590e+00 +1.4030e+00
593 0 +1.180353862e-01 +3.203080354e+02 +3.203080354e+02 -1.6027e-01 -2.3604e+00 +1.4030e+00
599 0 +9.835861715e-02 +3.202883586e+02 +3.202883586e+02 -2.7214e-01 -2.3591e+00 +1.4029e+00
603 0 +8.212845061e-02 +3.202721285e+02 +3.202721285e+02 -1.9991e-01 -2.3595e+00 +1.4030e+00
611 0 +4.042165871e-02 +3.202304217e+02 +3.202304217e+02 -4.0145e-01 -2.3581e+00 +1.4030e+00
629 0 +3.248239729e-02 +3.202224824e+02 +3.202224824e+02 -3.7148e-01 -2.3574e+00 +1.4031e+00
636 0 +1.500414190e-02 +3.202050041e+02 +3.202050041e+02 -3.7381e-01 -2.3612e+00 +1.4031e+00
642 0 +6.358582645e-03 +3.201963586e+02 +3.201963586e+02 -4.4385e-01 -2.3589e+00 +1.4032e+00
669 0 +3.827188075e-03 +3.201938272e+02 +3.201938272e+02 -3.9003e-01 -2.3621e+00 +1.4032e+00
670 0 +1.913543482e-03 +3.201919135e+02 +3.201919135e+02 -4.6293e-01 -2.3600e+00 +1.4032e+00
676 0 +1.602956579e-03 +3.201916030e+02 +3.201916030e+02 -4.6748e-01 -2.3608e+00 +1.4032e+00
696 0 +1.509551396e-03 +3.201915096e+02 +3.201915096e+02 -4.6825e-01 -2.3608e+00 +1.4032e+00
697 0 +5.219776404e-04 +3.201905220e+02 +3.201905220e+02 -4.3756e-01 -2.3605e+00 +1.4032e+00
704 0 +3.216757516e-04 +3.201903217e+02 +3.201903217e+02 -4.3315e-01 -2.3611e+00 +1.4032e+00
714 0 +1.082090716e-04 +3.201901082e+02 +3.201901082e+02 -4.3250e-01 -2.3611e+00 +1.4032e+00
739 0 +8.881840978e-05 +3.201900888e+02 +3.201900888e+02 -4.2802e-01 -2.3606e+00 +1.4032e+00
740 0 +6.979719024e-05 +3.201900698e+02 +3.201900698e+02 -4.2886e-01 -2.3607e+00 +1.4032e+00
742 0 +3.625539898e-05 +3.201900363e+02 +3.201900363e+02 -4.3657e-01 -2.3607e+00 +1.4032e+00
768 0 +2.835165304e-05 +3.201900284e+02 +3.201900284e+02 -4.2793e-01 -2.3607e+00 +1.4032e+00
770 0 +1.183846354e-05 +3.201900118e+02 +3.201900118e+02 -4.3037e-01 -2.3608e+00 +1.4032e+00
780 0 +6.859420864e-06 +3.201900069e+02 +3.201900069e+02 -4.3211e-01 -2.3609e+00 +1.4032e+00
785 0 +6.667044659e-07 +3.201900007e+02 +3.201900007e+02 -4.3266e-01 -2.3608e+00 +1.4032e+00
799 0 +4.305711059e-07 +3.201900004e+02 +3.201900004e+02 -4.3214e-01 -2.3608e+00 +1.4032e+00
812 0 +3.363575729e-07 +3.201900003e+02 +3.201900003e+02 -4.3239e-01 -2.3608e+00 +1.4032e+00
857 0 +2.902355050e-07 +3.201900003e+02 +3.201900003e+02 -4.3264e-01 -2.3608e+00 +1.4032e+00
862 0 +1.980083653e-07 +3.201900002e+02 +3.201900002e+02 -4.3257e-01 -2.3608e+00 +1.4032e+00
863 0 +6.655852758e-08 +3.201900001e+02 +3.201900001e+02 -4.3282e-01 -2.3608e+00 +1.4032e+00
875 0 +5.706493766e-08 +3.201900001e+02 +3.201900001e+02 -4.3277e-01 -2.3608e+00 +1.4032e+00
877 0 +2.429328561e-08 +3.201900000e+02 +3.201900000e+02 -4.3273e-01 -2.3608e+00 +1.4032e+00
929 0 +2.235594820e-08 +3.201900000e+02 +3.201900000e+02 -4.3288e-01 -2.3608e+00 +1.4032e+00
934 0 +2.064535920e-08 +3.201900000e+02 +3.201900000e+02 -4.3290e-01 -2.3608e+00 +1.4032e+00
939 0 +1.279994422e-08 +3.201900000e+02 +3.201900000e+02 -4.3288e-01 -2.3608e+00 +1.4032e+00
945 0 +1.069486188e-08 +3.201900000e+02 +3.201900000e+02 -4.3289e-01 -2.3608e+00 +1.4032e+00
950 0 +8.312213140e-09 +3.201900000e+02 +3.201900000e+02 -4.3284e-01 -2.3608e+00 +1.4032e+00
1236 0 +0.000000000e+00 +3.201900000e+02 +3.201900000e+02 -4.3280e-01 -2.3608e+00 +1.4032e+00
% f evaluations | g evaluations | best noise-free fitness - Fopt (-1.042400000000e+02) + sum g_i+ | measured fitness | best measured fitness or single-digit g-values | x1 | x2...
1 0 +8.407887261e+06 +8.407783021e+06 +8.407783021e+06 +6.2537e-01 +4.8537e+00 -1.6493e+00
3 0 +5.124386844e+06 +5.124282604e+06 +5.124282604e+06 -5.0132e+00 +1.3964e+00 -9.9729e-01
4 0 +1.522387148e+06 +1.522282908e+06 +1.522282908e+06 -3.5929e+00 +7.5676e-01 +2.4391e+00
6 0 +4.092551138e+05 +4.091508738e+05 +4.091508738e+05 +1.2305e+00 -6.1161e-01 +6.2361e-01
8 0 +2.355041384e+05 +2.353998984e+05 +2.353998984e+05 -1.5719e-01 -1.4952e+00 +8.3632e-01
13 0 +4.203815247e+04 +4.193391247e+04 +4.193391247e+04 +4.6037e-03 +2.3497e+00 +1.3447e+00
28 0 +4.335666911e+03 +4.231426911e+03 +4.231426911e+03 -1.9130e+00 -3.1961e+00 +1.3801e+00
81 0 +4.073098791e+03 +3.968858791e+03 +3.968858791e+03 -2.1412e-01 -1.9024e+00 +1.3120e+00
83 0 +2.584314268e+03 +2.480074268e+03 +2.480074268e+03 +1.1426e+00 -2.3032e+00 +1.3330e+00
94 0 +1.738153531e+03 +1.633913531e+03 +1.633913531e+03 +8.0731e-01 -2.9124e+00 +1.3384e+00
114 0 +1.298777416e+03 +1.194537416e+03 +1.194537416e+03 +6.8752e-01 -3.0248e+00 +1.2886e+00
116 0 +5.391663484e+02 +4.349263484e+02 +4.349263484e+02 +8.4385e-01 -3.1288e+00 +1.3108e+00
174 0 +5.220107920e+02 +4.177707920e+02 +4.177707920e+02 +6.7353e-01 -3.1555e+00 +1.3109e+00
189 0 +5.113615076e+02 +4.071215076e+02 +4.071215076e+02 +9.2012e-01 -3.1641e+00 +1.3137e+00
193 0 +4.500517335e+02 +3.458117335e+02 +3.458117335e+02 +1.1873e+00 -3.3055e+00 +1.3159e+00
198 0 +4.290836612e+02 +3.248436612e+02 +3.248436612e+02 +9.5863e-01 -3.3216e+00 +1.3157e+00
205 0 +2.613367452e+02 +1.570967452e+02 +1.570967452e+02 +1.0566e+00 -3.4165e+00 +1.3122e+00
207 0 +2.497563253e+02 +1.455163253e+02 +1.455163253e+02 +1.0899e+00 -3.4447e+00 +1.3198e+00
219 0 +1.311259133e+02 +2.688591328e+01 +2.688591328e+01 +1.3218e+00 -3.5564e+00 +1.3120e+00
234 0 +1.141770704e+02 +9.937070421e+00 +9.937070421e+00 +1.2129e+00 -3.6580e+00 +1.3066e+00
239 0 +1.071261339e+01 -9.352738661e+01 -9.352738661e+01 +1.1626e+00 -3.8303e+00 +1.3149e+00
253 0 +5.135839646e+00 -9.910416035e+01 -9.910416035e+01 +1.6594e+00 -3.9792e+00 +1.3136e+00
284 0 +2.938327764e+00 -1.013016722e+02 -1.013016722e+02 +1.6679e+00 -3.9484e+00 +1.3132e+00
296 0 +9.889586650e-01 -1.032510413e+02 -1.032510413e+02 +1.3811e+00 -3.9151e+00 +1.3137e+00
402 0 +9.431577204e-01 -1.032968423e+02 -1.032968423e+02 +1.3070e+00 -3.9051e+00 +1.3136e+00
404 0 +6.979731573e-01 -1.035420268e+02 -1.035420268e+02 +1.2770e+00 -3.9208e+00 +1.3134e+00
416 0 +6.727482087e-01 -1.035672518e+02 -1.035672518e+02 +1.1446e+00 -3.9081e+00 +1.3135e+00
423 0 +3.972957415e-01 -1.038427043e+02 -1.038427043e+02 +9.6252e-01 -3.9187e+00 +1.3135e+00
427 0 +3.687673292e-01 -1.038712327e+02 -1.038712327e+02 +7.8881e-01 -3.9067e+00 +1.3138e+00
438 0 +2.149757599e-01 -1.040250242e+02 -1.040250242e+02 +5.3758e-01 -3.9267e+00 +1.3132e+00
463 0 +1.151334725e-01 -1.041248665e+02 -1.041248665e+02 +7.1726e-01 -3.9202e+00 +1.3135e+00
472 0 +4.809283346e-02 -1.041919072e+02 -1.041919072e+02 +5.0143e-01 -3.9172e+00 +1.3134e+00
473 0 +1.241852254e-02 -1.042275815e+02 -1.042275815e+02 +4.3864e-01 -3.9187e+00 +1.3135e+00
528 0 +7.664804943e-03 -1.042323352e+02 -1.042323352e+02 +4.7157e-01 -3.9187e+00 +1.3136e+00
533 0 +5.273805068e-03 -1.042347262e+02 -1.042347262e+02 +4.5256e-01 -3.9189e+00 +1.3136e+00
535 0 +5.114741005e-04 -1.042394885e+02 -1.042394885e+02 +3.9232e-01 -3.9206e+00 +1.3136e+00
597 0 +4.187971557e-04 -1.042395812e+02 -1.042395812e+02 +3.8947e-01 -3.9206e+00 +1.3136e+00
602 0 +4.064693978e-04 -1.042395935e+02 -1.042395935e+02 +3.8683e-01 -3.9205e+00 +1.3136e+00
604 0 +1.725540413e-04 -1.042398274e+02 -1.042398274e+02 +3.9160e-01 -3.9196e+00 +1.3136e+00
624 0 +3.877911399e-05 -1.042399612e+02 -1.042399612e+02 +3.9919e-01 -3.9201e+00 +1.3136e+00
653 0 +3.338043379e-05 -1.042399666e+02 -1.042399666e+02 +3.9663e-01 -3.9200e+00 +1.3136e+00
655 0 +2.222777086e-05 -1.042399778e+02 -1.042399778e+02 +3.9375e-01 -3.9199e+00 +1.3136e+00
663 0 +1.262294867e-05 -1.042399874e+02 -1.042399874e+02 +3.9419e-01 -3.9199e+00 +1.3136e+00
676 0 +1.111501045e-05 -1.042399889e+02 -1.042399889e+02 +3.9274e-01 -3.9199e+00 +1.3136e+00
682 0 +5.431101485e-06 -1.042399946e+02 -1.042399946e+02 +3.9221e-01 -3.9200e+00 +1.3136e+00
686 0 +3.700894339e-06 -1.042399963e+02 -1.042399963e+02 +3.9293e-01 -3.9200e+00 +1.3136e+00
687 0 +2.756885365e-06 -1.042399972e+02 -1.042399972e+02 +3.9277e-01 -3.9200e+00 +1.3136e+00
688 0 +9.504052088e-07 -1.042399990e+02 -1.042399990e+02 +3.9348e-01 -3.9200e+00 +1.3136e+00
723 0 +2.645796258e-07 -1.042399997e+02 -1.042399997e+02 +3.9398e-01 -3.9200e+00 +1.3136e+00
742 0 +8.020791142e-08 -1.042399999e+02 -1.042399999e+02 +3.9422e-01 -3.9200e+00 +1.3136e+00
744 0 +2.075046268e-08 -1.042400000e+02 -1.042400000e+02 +3.9449e-01 -3.9200e+00 +1.3136e+00
799 0 +2.317463554e-09 -1.042400000e+02 -1.042400000e+02 +3.9439e-01 -3.9200e+00 +1.3136e+00
1045 0 +0.000000000e+00 -1.042400000e+02 -1.042400000e+02 +3.9440e-01 -3.9200e+00 +1.3136e+00
% f evaluations | g evaluations | best noise-free fitness - Fopt (-1.351600000000e+02) + sum g_i+ | measured fitness | best measured fitness or single-digit g-values | x1 | x2...
1 0 +1.365835473e+07 +1.365821957e+07 +1.365821957e+07 -1.3369e+00 +4.5629e-01 -3.2574e-01
2 0 +1.338051207e+07 +1.338037691e+07 +1.338037691e+07 -3.4942e+00 -1.8105e+00 -2.9246e-01
3 0 +3.204375497e+06 +3.204240337e+06 +3.204240337e+06 -1.0353e+00 +6.3277e-01 +1.6941e+00
4 0 +2.356484959e+06 +2.356349799e+06 +2.356349799e+06 +1.8127e+00 +8.3175e+00 +2.0117e+00
8 0 +6.180932471e+04 +6.167416471e+04 +6.167416471e+04 +6.2194e-01 +3.6140e+00 +3.3411e+00
20 0 +2.342596482e+04 +2.329080482e+04 +2.329080482e+04 +2.3278e+00 -4.1967e-01 +3.2589e+00
31 0 +1.891947696e+03 +1.756787696e+03 +1.756787696e+03 +7.4865e+00 -2.8755e+00 +3.3426e+00
73 0 +1.812689246e+03 +1.677529246e+03 +1.677529246e+03 +1.1798e+01 -4.9578e+00 +3.3429e+00
94 0 +3.680756628e+02 +2.329156628e+02 +2.329156628e+02 +8.0679e+00 -4.1493e+00 +3.3850e+00
138 0 +1.005719038e+02 -3.458809620e+01 -3.458809620e+01 +1.0071e+01 -4.0862e+00 +3.3674e+00
206 0 +9.346012482e+01 -4.169987518e+01 -4.169987518e+01 +9.9271e+00 -3.8122e+00 +3.3712e+00
207 0 +8.030508420e+01 -5.485491580e+01 -5.485491580e+01 +1.0240e+01 -3.9087e+00 +3.3705e+00
226 0 +7.357701670e+01 -6.158298330e+01 -6.158298330e+01 +1.0142e+01 -3.9448e+00 +3.3688e+00
262 0 +7.240637201e+01 -6.275362799e+01 -6.275362799e+01 +9.9509e+00 -3.8895e+00 +3.3682e+00
299 0 +7.004687071e+01 -6.511312929e+01 -6.511312929e+01 +9.6876e+00 -3.9282e+00 +3.3670e+00
308 0 +6.902036194e+01 -6.613963806e+01 -6.613963806e+01 +9.6624e+00 -3.9359e+00 +3.3682e+00
323 0 +6.642903134e+01 -6.873096866e+01 -6.873096866e+01 +9.2323e+00 -3.8955e+00 +3.3679e+00
347 0 +6.477830876e+01 -7.038169124e+01 -7.038169124e+01 +9.1506e+00 -3.9250e+00 +3.3678e+00
348 0 +6.272377740e+01 -7.243622260e+01 -7.243622260e+01 +8.8383e+00 -3.8964e+00 +3.3675e+00
367 0 +5.337880322e+01 -8.178119678e+01 -8.178119678e+01 +7.9153e+00 -3.8575e+00 +3.3668e+00
372 0 +5.158010353e+01 -8.357989647e+01 -8.357989647e+01 +7.0378e+00 -3.7992e+00 +3.3664e+00
373 0 +4.538317363e+01 -8.977682637e+01 -8.977682637e+01 +7.2076e+00 -3.9353e+00 +3.3650e+00
385 0 +4.421211300e+01 -9.094788700e+01 -9.094788700e+01 +6.9850e+00 -3.8786e+00 +3.3651e+00
391 0 +4.307798693e+01 -9.208201307e+01 -9.208201307e+01 +6.4374e+00 -3.8129e+00 +3.3663e+00
394 0 +3.183355062e+01 -1.033264494e+02 -1.033264494e+02 +6.7956e+00 -3.9317e+00 +3.3667e+00
400 0 +2.642322366e+01 -1.087367763e+02 -1.087367763e+02 +6.1875e+00 -3.9265e+00 +3.3664e+00
405 0 +2.173716457e+01 -1.134228354e+02 -1.134228354e+02 +5.8474e+00 -3.9419e+00 +3.3672e+00
422 0 +1.435515562e+01 -1.208048444e+02 -1.208048444e+02 +4.6077e+00 -3.9251e+00 +3.3660e+00
434 0 +5.583513722e+00 -1.295764863e+02 -1.295764863e+02 +3.0668e+00 -3.9125e+00 +3.3664e+00
454 0 +5.062954298e+00 -1.300970457e+02 -1.300970457e+02 +2.7273e+00 -3.9176e+00 +3.3663e+00
458 0 +4.358008352e+00 -1.308019916e+02 -1.308019916e+02 +1.5667e+00 -3.9009e+00 +3.3661e+00
464 0 +3.703251056e+00 -1.314567489e+02 -1.314567489e+02 +7.2028e-01 -3.9231e+00 +3.3661e+00
465 0 +2.170444715e+00 -1.329895553e+02 -1.329895553e+02 +1.1296e+00 -3.9678e+00 +3.3675e+00
466 0 +5.958003906e-01 -1.345641996e+02 -1.345641996e+02 +1.9693e+00 -3.9308e+00 +3.3683e+00
471 0 +5.398699766e-01 -1.346201300e+02 -1.346201300e+02 +7.2465e-01 -3.9269e+00 +3.3675e+00
485 0 +4.518040149e-01 -1.347081960e+02 -1.347081960e+02 +6.7967e-01 -3.9162e+00 +3.3679e+00
512 0 +3.140546225e-01 -1.348459454e+02 -1.348459454e+02 +6.9194e-01 -3.9260e+00 +3.3681e+00
519 0 +1.851022196e-01 -1.349748978e+02 -1.349748978e+02 +1.0194e+00 -3.9355e+00 +3.3677e+00
530 0 +1.609001279e-01 -1.349990999e+02 -1.349990999e+02 +1.0981e+00 -3.9169e+00 +3.3681e+00
547 0 +9.667692392e-02 -1.350633231e+02 -1.350633231e+02 +1.0541e+00 -3.9335e+00 +3.3681e+00
548 0 +3.031668601e-02 -1.351296833e+02 -1.351296833e+02 +1.4061e+00 -3.9290e+00 +3.3679e+00
572 0 +1.366135822e-02 -1.351463386e+02 -1.351463386e+02 +1.3486e+00 -3.9295e+00 +3.3681e+00
576 0 +5.164870606e-03 -1.351548351e+02 -1.351548351e+02 +1.2372e+00 -3.9293e+00 +3.3681e+00
590 0 +4.348599134e-03 -1.351556514e+02 -1.351556514e+02 +1.2121e+00 -3.9269e+00 +3.3680e+00
591 0 +3.987288055e-03 -1.351560127e+02 -1.351560127e+02 +1.3007e+00 -3.9265e+00 +3.3680e+00
603 0 +1.102948977e-03 -1.351588971e+02 -1.351588971e+02 +1.2944e+00 -3.9279e+00 +3.3680e+00
609 0 +3.645755366e-04 -1.351596354e+02 -1.351596354e+02 +1.2561e+00 -3.9281e+00 +3.3680e+00
638 0 +3.183571104e-04 -1.351596816e+02 -1.351596816e+02 +1.2679e+00 -3.9278e+00 +3.3680e+00
648 0 +2.872252709e-04 -1.351597128e+02 -1.351597128e+02 +1.2624e+00 -3.9275e+00 +3.3680e+00
656 0 +1.892755757e-04 -1.351598107e+02 -1.351598107e+02 +1.2612e+00 -3.9283e+00 +3.3680e+00
667 0 +1.459418464e-04 -1.351598541e+02 -1.351598541e+02 +1.2654e+00 -3.9281e+00 +3.3680e+00
685 0 +8.516892603e-05 -1.351599148e+02 -1.351599148e+02 +1.2565e+00 -3.9282e+00 +3.3680e+00
693 0 +5.061958055e-05 -1.351599494e+02 -1.351599494e+02 +1.2621e+00 -3.9281e+00 +3.3680e+00
711 0 +4.084513563e-05 -1.351599592e+02 -1.351599592e+02 +1.2649e+00 -3.9279e+00 +3.3680e+00
712 0 +1.528131074e-05 -1.351599847e+02 -1.351599847e+02 +1.2628e+00 -3.9279e+00 +3.3680e+00
729 0 +1.156305277e-05 -1.351599884e+02 -1.351599884e+02 +1.2629e+00 -3.9280e+00 +3.3680e+00
738 0 +4.815019707e-06 -1.351599952e+02 -1.351599952e+02 +1.2593e+00 -3.9279e+00 +3.3680e+00
759 0 +2.152863260e-06 -1.351599978e+02 -1.351599978e+02 +1.2592e+00 -3.9280e+00 +3.3680e+00
765 0 +2.060783629e-06 -1.351599979e+02 -1.351599979e+02 +1.2599e+00 -3.9280e+00 +3.3680e+00
771 0 +1.786044976e-06 -1.351599982e+02 -1.351599982e+02 +1.2608e+00 -3.9280e+00 +3.3680e+00
783 0 +6.042369307e-07 -1.351599994e+02 -1.351599994e+02 +1.2598e+00 -3.9280e+00 +3.3680e+00
785 0 +1.348936678e-07 -1.351599999e+02 -1.351599999e+02 +1.2597e+00 -3.9280e+00 +3.3680e+00
796 0 +9.648627497e-08 -1.351599999e+02 -1.351599999e+02 +1.2599e+00 -3.9280e+00 +3.3680e+00
800 0 +7.082991260e-08 -1.351599999e+02 -1.351599999e+02 +1.2601e+00 -3.9280e+00 +3.3680e+00
827 0 +5.021365723e-08 -1.351599999e+02 -1.351599999e+02 +1.2601e+00 -3.9280e+00 +3.3680e+00
830 0 +4.106055940e-08 -1.351600000e+02 -1.351600000e+02 +1.2600e+00 -3.9280e+00 +3.3680e+00
841 0 +2.975713187e-08 -1.351600000e+02 -1.351600000e+02 +1.2601e+00 -3.9280e+00 +3.3680e+00
848 0 +1.925084803e-08 -1.351600000e+02 -1.351600000e+02 +1.2601e+00 -3.9280e+00 +3.3680e+00
852 0 +1.665114269e-08 -1.351600000e+02 -1.351600000e+02 +1.2601e+00 -3.9280e+00 +3.3680e+00
858 0 +1.548107775e-08 -1.351600000e+02 -1.351600000e+02 +1.2600e+00 -3.9280e+00 +3.3680e+00
864 0 +1.111246206e-08 -1.351600000e+02 -1.351600000e+02 +1.2601e+00 -3.9280e+00 +3.3680e+00
866 0 +8.953065844e-09 -1.351600000e+02 -1.351600000e+02 +1.2599e+00 -3.9280e+00 +3.3680e+00
1132 0 +0.000000000e+00 -1.351600000e+02 -1.351600000e+02 +1.2600e+00 -3.9280e+00 +3.3680e+00
% f evaluations | g evaluations | best noise-free fitness - Fopt (-8.571000000000e+01) + sum g_i+ | measured fitness | best measured fitness or single-digit g-values | x1 | x2...
1 0 +3.944653489e+06 +3.944567779e+06 +3.944567779e+06 +1.0254e+00 -4.4535e+00 +1.0121e+00
2 0 +5.210010342e+04 +5.201439342e+04 +5.201439342e+04 +5.9486e-01 +3.0138e+00 -9.0866e-01
9 0 +4.159540769e+04 +4.150969769e+04 +4.150969769e+04 +2.4455e+00 +2.6070e+00 -1.0257e+00
35 0 +2.711414994e+04 +2.702843994e+04 +2.702843994e+04 -1.0238e-01 +1.1694e+00 -1.0626e+00
46 0 +1.719016040e+04 +1.710445040e+04 +1.710445040e+04 -1.0603e+00 +6.3768e-02 -1.0584e+00
50 0 +1.632306674e+04 +1.623735674e+04 +1.623735674e+04 -2.3636e+00 +4.1082e-01 -9.6634e-01
59 0 +6.260238462e+03 +6.174528462e+03 +6.174528462e+03 -1.8747e+00 -1.2471e+00 -9.9564e-01
129 0 +5.269134824e+03 +5.183424824e+03 +5.183424824e+03 -5.3491e+00 -1.5835e+00 -1.0196e+00
135 0 +4.741401915e+02 +3.884301915e+02 +3.884301915e+02 -5.8836e+00 -3.0604e+00 -9.9579e-01
156 0 +3.383289910e+02 +2.526189910e+02 +2.526189910e+02 -7.4722e+00 -3.2830e+00 -9.9645e-01
166 0 +2.304233745e+02 +1.447133745e+02 +1.447133745e+02 -7.7041e+00 -3.3334e+00 -9.8335e-01
181 0 +1.963849558e+02 +1.106749558e+02 +1.106749558e+02 -6.9961e+00 -3.3659e+00 -9.8974e-01
200 0 +1.930745732e+02 +1.073645732e+02 +1.073645732e+02 -7.5191e+00 -3.3969e+00 -9.8842e-01
204 0 +1.840564371e+02 +9.834643709e+01 +9.834643709e+01 -7.8668e+00 -3.7107e+00 -9.8477e-01
208 0 +1.756833388e+02 +8.997333885e+01 +8.997333885e+01 -8.0273e+00 -3.6565e+00 -9.8526e-01
214 0 +1.520809801e+02 +6.637098005e+01 +6.637098005e+01 -7.4772e+00 -3.5824e+00 -9.8582e-01
272 0 +1.511772809e+02 +6.546728093e+01 +6.546728093e+01 -7.4473e+00 -3.5721e+00 -9.8687e-01
274 0 +1.434101342e+02 +5.770013423e+01 +5.770013423e+01 -7.2005e+00 -3.5945e+00 -9.8555e-01
293 0 +1.334736539e+02 +4.776365392e+01 +4.776365392e+01 -6.8663e+00 -3.6167e+00 -9.8561e-01
305 0 +1.310819812e+02 +4.537198121e+01 +4.537198121e+01 -6.6616e+00 -3.6684e+00 -9.8635e-01
316 0 +1.081388037e+02 +2.242880368e+01 +2.242880368e+01 -6.1015e+00 -3.5908e+00 -9.8660e-01
329 0 +9.912521765e+01 +1.341521765e+01 +1.341521765e+01 -5.7138e+00 -3.6289e+00 -9.8658e-01
343 0 +7.308518342e+01 -1.262481658e+01 -1.262481658e+01 -4.5318e+00 -3.5110e+00 -9.8734e-01
346 0 +7.074540601e+01 -1.496459399e+01 -1.496459399e+01 -3.7119e+00 -3.6711e+00 -9.8973e-01
355 0 +6.546127011e+01 -2.024872989e+01 -2.024872989e+01 -3.8584e+00 -3.6743e+00 -9.8845e-01
359 0 +4.422868322e+01 -4.148131678e+01 -4.148131678e+01 -3.1232e+00 -3.5631e+00 -9.8595e-01
365 0 +3.602515239e+01 -4.968484761e+01 -4.968484761e+01 -1.4368e+00 -3.5483e+00 -9.8930e-01
377 0 +3.032337574e+01 -5.538662426e+01 -5.538662426e+01 -1.1578e+00 -3.5177e+00 -9.8788e-01
380 0 +2.806241855e+01 -5.764758145e+01 -5.764758145e+01 -9.1549e-01 -3.5074e+00 -9.8710e-01
383 0 +2.623369617e+01 -5.947630383e+01 -5.947630383e+01 -1.2204e-01 -3.5667e+00 -9.8948e-01
403 0 +2.004199454e+01 -6.566800546e+01 -6.566800546e+01 +1.6318e+00 -3.4623e+00 -9.8688e-01
406 0 +7.678852404e+00 -7.803114760e+01 -7.803114760e+01 +1.0251e+00 -3.5846e+00 -9.8627e-01
407 0 +7.575006447e+00 -7.813499355e+01 -7.813499355e+01 +1.7347e+00 -3.6359e+00 -9.8695e-01
408 0 +2.210693591e+00 -8.349930641e+01 -8.349930641e+01 +3.9913e+00 -3.6287e+00 -9.8626e-01
441 0 +1.418540070e+00 -8.429145993e+01 -8.429145993e+01 +4.2453e+00 -3.5612e+00 -9.8726e-01
446 0 +6.329503597e-01 -8.507704964e+01 -8.507704964e+01 +3.4211e+00 -3.5646e+00 -9.8657e-01
450 0 +4.111206262e-01 -8.529887937e+01 -8.529887937e+01 +4.1546e+00 -3.5971e+00 -9.8598e-01
458 0 +1.661999813e-01 -8.554380002e+01 -8.554380002e+01 +4.2692e+00 -3.5847e+00 -9.8624e-01
488 0 +1.253196300e-01 -8.558468037e+01 -8.558468037e+01 +4.1391e+00 -3.5928e+00 -9.8644e-01
489 0 +4.730221593e-02 -8.566269778e+01 -8.566269778e+01 +3.6882e+00 -3.5870e+00 -9.8647e-01
493 0 +3.234664949e-02 -8.567765335e+01 -8.567765335e+01 +3.8981e+00 -3.5878e+00 -9.8655e-01
502 0 +5.088320081e-03 -8.570491168e+01 -8.570491168e+01 +3.8527e+00 -3.5828e+00 -9.8640e-01
503 0 +4.432035855e-03 -8.570556796e+01 -8.570556796e+01 +3.9343e+00 -3.5853e+00 -9.8638e-01
537 0 +1.090903948e-03 -8.570890910e+01 -8.570890910e+01 +3.8741e+00 -3.5845e+00 -9.8637e-01
551 0 +4.840642534e-04 -8.570951594e+01 -8.570951594e+01 +3.8838e+00 -3.5842e+00 -9.8641e-01
564 0 +1.727138660e-04 -8.570982729e+01 -8.570982729e+01 +3.8859e+00 -3.5846e+00 -9.8641e-01
569 0 +3.158198523e-05 -8.570996842e+01 -8.570996842e+01 +3.8780e+00 -3.5847e+00 -9.8640e-01
596 0 +1.504768585e-05 -8.570998495e+01 -8.570998495e+01 +3.8806e+00 -3.5848e+00 -9.8640e-01
599 0 +1.187011114e-05 -8.570998813e+01 -8.570998813e+01 +3.8788e+00 -3.5848e+00 -9.8640e-01
617 0 +1.093666936e-05 -8.570998906e+01 -8.570998906e+01 +3.8784e+00 -3.5847e+00 -9.8640e-01
629 0 +7.742092080e-06 -8.570999226e+01 -8.570999226e+01 +3.8787e+00 -3.5848e+00 -9.8640e-01
631 0 +4.071257820e-06 -8.570999593e+01 -8.570999593e+01 +3.8770e+00 -3.5849e+00 -9.8640e-01
639 0 +4.386683514e-07 -8.570999956e+01 -8.570999956e+01 +3.8762e+00 -3.5848e+00 -9.8640e-01
664 0 +2.279118689e-07 -8.570999977e+01 -8.570999977e+01 +3.8766e+00 -3.5848e+00 -9.8640e-01
693 0 +4.491451477e-08 -8.570999996e+01 -8.570999996e+01 +3.8767e+00 -3.5848e+00 -9.8640e-01
701 0 +8.543466379e-09 -8.570999999e+01 -8.570999999e+01 +3.8767e+00 -3.5848e+00 -9.8640e-01
1004 0 +0.000000000e+00 -8.571000000e+01 -8.571000000e+01 +3.8768e+00 -3.5848e+00 -9.8640e-01
% f evaluations | g evaluations | best noise-free fitness - Fopt (-1.162500000000e+02) + sum g_i+ | measured fitness | best measured fitness or single-digit g-values | x1 | x2...
1 0 +3.171683569e+06 +3.171567319e+06 +3.171567319e+06 -2.6292e+00 -1.1212e+00 -2.3518e+00
2 0 +1.779077835e+04 +1.767452835e+04 +1.767452835e+04 -1.9170e+00 -2.3691e-01 -5.5919e-01
11 0 +7.039684935e+03 +6.923434935e+03 +6.923434935e+03 -3.1244e+00 -2.5496e-01 -6.1156e-01
14 0 +3.129414990e+03 +3.013164990e+03 +3.013164990e+03 -1.6826e+00 +2.0529e+00 -7.3315e-01
39 0 +1.609203764e+03 +1.492953764e+03 +1.492953764e+03 -7.0361e+00 +4.4931e-01 -7.1516e-01
73 0 +8.084934757e+01 -3.540065243e+01 -3.540065243e+01 -5.0665e+00 +1.1855e+00 -6.9269e-01
108 0 +4.280094846e+01 -7.344905154e+01 -7.344905154e+01 -4.6217e+00 +1.3183e+00 -6.7865e-01
111 0 +4.071337115e+01 -7.553662885e+01 -7.553662885e+01 -4.2455e+00 +1.1877e+00 -6.8916e-01
114 0 +3.399264508e+01 -8.225735492e+01 -8.225735492e+01 -5.0075e+00 +1.1341e+00 -6.8068e-01
119 0 +1.260295920e+01 -1.036470408e+02 -1.036470408e+02 -4.0753e+00 +1.2510e+00 -6.8647e-01
131 0 +7.979169228e+00 -1.082708308e+02 -1.082708308e+02 -4.1965e+00 +1.2571e+00 -6.8444e-01
260 0 +7.882001730e+00 -1.083679983e+02 -1.083679983e+02 -4.2585e+00 +1.2390e+00 -6.8407e-01
268 0 +7.217630425e+00 -1.090323696e+02 -1.090323696e+02 -4.0805e+00 +1.2488e+00 -6.8346e-01
282 0 +6.916837987e+00 -1.093331620e+02 -1.093331620e+02 -4.0844e+00 +1.2420e+00 -6.8416e-01
283 0 +6.521261437e+00 -1.097287386e+02 -1.097287386e+02 -3.9589e+00 +1.2490e+00 -6.8355e-01
291 0 +5.414557451e+00 -1.108354425e+02 -1.108354425e+02 -3.7532e+00 +1.2486e+00 -6.8396e-01
296 0 +4.811536893e+00 -1.114384631e+02 -1.114384631e+02 -3.5855e+00 +1.2434e+00 -6.8374e-01
306 0 +3.922130832e+00 -1.123278692e+02 -1.123278692e+02 -3.2868e+00 +1.2374e+00 -6.8375e-01
317 0 +2.598632770e+00 -1.136513672e+02 -1.136513672e+02 -2.7447e+00 +1.2284e+00 -6.8360e-01
328 0 +1.913060914e+00 -1.143369391e+02 -1.143369391e+02 -2.2633e+00 +1.2310e+00 -6.8507e-01
331 0 +9.131232663e-01 -1.153368767e+02 -1.153368767e+02 -1.9411e+00 +1.2335e+00 -6.8478e-01
354 0 +1.900040038e-01 -1.160599960e+02 -1.160599960e+02 -1.6944e+00 +1.2358e+00 -6.8379e-01
379 0 +2.207298846e-02 -1.162279270e+02 -1.162279270e+02 -1.4054e+00 +1.2375e+00 -6.8402e-01
424 0 +6.558956062e-03 -1.162434410e+02 -1.162434410e+02 -1.4158e+00 +1.2411e+00 -6.8393e-01
444 0 +3.028824333e-03 -1.162469712e+02 -1.162469712e+02 -1.4271e+00 +1.2416e+00 -6.8399e-01
454 0 +2.845914194e-03 -1.162471541e+02 -1.162471541e+02 -1.4139e+00 +1.2425e+00 -6.8401e-01
463 0 +2.348025334e-03 -1.162476520e+02 -1.162476520e+02 -1.3665e+00 +1.2417e+00 -6.8404e-01
466 0 +9.961238310e-04 -1.162490039e+02 -1.162490039e+02 -1.3760e+00 +1.2406e+00 -6.8401e-01
473 0 +5.687244620e-04 -1.162494313e+02 -1.162494313e+02 -1.3622e+00 +1.2414e+00 -6.8398e-01
496 0 +5.142356995e-04 -1.162494858e+02 -1.162494858e+02 -1.3941e+00 +1.2414e+00 -6.8400e-01
498 0 +1.570741739e-04 -1.162498429e+02 -1.162498429e+02 -1.3775e+00 +1.2414e+00 -6.8401e-01
509 0 +8.458210495e-05 -1.162499154e+02 -1.162499154e+02 -1.3773e+00 +1.2416e+00 -6.8401e-01
533 0 +4.088058812e-05 -1.162499591e+02 -1.162499591e+02 -1.3783e+00 +1.2416e+00 -6.8400e-01
535 0 +1.597366450e-05 -1.162499840e+02 -1.162499840e+02 -1.3736e+00 +1.2417e+00 -6.8400e-01
543 0 +9.816812735e-06 -1.162499902e+02 -1.162499902e+02 -1.3746e+00 +1.2416e+00 -6.8400e-01
565 0 +3.970258177e-06 -1.162499960e+02 -1.162499960e+02 -1.3726e+00 +1.2416e+00 -6.8400e-01
569 0 +1.913393106e-07 -1.162499998e+02 -1.162499998e+02 -1.3716e+00 +1.2416e+00 -6.8400e-01
664 0 +1.699475405e-07 -1.162499998e+02 -1.162499998e+02 -1.3723e+00 +1.2416e+00 -6.8400e-01
673 0 +1.547166448e-07 -1.162499998e+02 -1.162499998e+02 -1.3720e+00 +1.2416e+00 -6.8400e-01
675 0 +9.878262119e-08 -1.162499999e+02 -1.162499999e+02 -1.3722e+00 +1.2416e+00 -6.8400e-01
696 0 +9.369105669e-08 -1.162499999e+02 -1.162499999e+02 -1.3718e+00 +1.2416e+00 -6.8400e-01
698 0 +9.244986643e-08 -1.162499999e+02 -1.162499999e+02 -1.3719e+00 +1.2416e+00 -6.8400e-01
729 0 +1.297014762e-08 -1.162500000e+02 -1.162500000e+02 -1.3719e+00 +1.2416e+00 -6.8400e-01
753 0 +3.073466814e-09 -1.162500000e+02 -1.162500000e+02 -1.3720e+00 +1.2416e+00 -6.8400e-01
1063 0 +0.000000000e+00 -1.162500000e+02 -1.162500000e+02 -1.3720e+00 +1.2416e+00 -6.8400e-01
% f evaluations | g evaluations | best noise-free fitness - Fopt (2.528000000000e+01) + sum g_i+ | measured fitness | best measured fitness or single-digit g-values | x1 | x2...
1 0 +1.781662215e+06 +1.781687495e+06 +1.781687495e+06 -4.9874e+00 +3.8414e+00 -8.8918e-02
2 0 +1.103693326e+06 +1.103718606e+06 +1.103718606e+06 -4.3592e-01 -2.1158e+00 -2.3242e+00
4 0 +6.079596470e+05 +6.079849270e+05 +6.079849270e+05 +1.4078e+00 +7.3330e-01 -4.3672e-01
8 0 +2.964531522e+04 +2.967059522e+04 +2.967059522e+04 -8.2033e-01 +1.9551e+00 -1.4006e+00
13 0 +1.700275862e+04 +1.702803862e+04 +1.702803862e+04 +1.4996e+00 +1.8280e+00 -1.3191e+00
54 0 +1.518286529e+04 +1.520814529e+04 +1.520814529e+04 +2.1264e+00 +6.0454e-01 -1.2035e+00
88 0 +1.059065609e+04 +1.061593609e+04 +1.061593609e+04 +2.4609e+00 +1.1616e+00 -1.2942e+00
89 0 +5.674374394e+03 +5.699654394e+03 +5.699654394e+03 +7.5820e-01 +6.4589e-02 -1.2808e+00
93 0 +4.757249922e+03 +4.782529922e+03 +4.782529922e+03 +1.0648e+00 -7.8126e-01 -1.2408e+00
102 0 +4.275577691e+03 +4.300857691e+03 +4.300857691e+03 +1.5534e+00 -8.5694e-01 -1.3343e+00
106 0 +6.198252695e+02 +6.451052695e+02 +6.451052695e+02 +1.9892e+00 -1.3532e+00 -1.2819e+00
131 0 +1.754578642e+02 +2.007378642e+02 +2.007378642e+02 +2.9845e+00 -1.9078e+00 -1.2985e+00
142 0 +7.172251178e+01 +9.700251178e+01 +9.700251178e+01 +2.3283e+00 -2.4284e+00 -1.2886e+00
146 0 +3.296937330e+01 +5.824937330e+01 +5.824937330e+01 +2.8757e+00 -2.2738e+00 -1.2919e+00
197 0 +1.539884375e+01 +4.067884375e+01 +4.067884375e+01 +2.4145e+00 -2.1194e+00 -1.2894e+00
225 0 +9.084790015e+00 +3.436479001e+01 +3.436479001e+01 +1.8017e+00 -2.1930e+00 -1.2879e+00
293 0 +8.160766299e+00 +3.344076630e+01 +3.344076630e+01 +1.7708e+00 -2.1737e+00 -1.2891e+00
314 0 +8.041794987e+00 +3.332179499e+01 +3.332179499e+01 +1.6564e+00 -2.1609e+00 -1.2888e+00
316 0 +7.734779194e+00 +3.301477919e+01 +3.301477919e+01 +1.5164e+00 -2.1607e+00 -1.2892e+00
324 0 +5.237149727e+00 +3.051714973e+01 +3.051714973e+01 +1.1278e+00 -2.1840e+00 -1.2885e+00
336 0 +4.485316228e+00 +2.976531623e+01 +2.976531623e+01 +1.0096e+00 -2.1726e+00 -1.2891e+00
338 0 +3.053634909e+00 +2.833363491e+01 +2.833363491e+01 +7.8291e-01 -2.1777e+00 -1.2891e+00
343 0 +2.026293791e+00 +2.730629379e+01 +2.730629379e+01 +2.2381e-01 -2.1694e+00 -1.2889e+00
350 0 +1.534999996e+00 +2.681500000e+01 +2.681500000e+01 -7.2506e-02 -2.1579e+00 -1.2885e+00
360 0 +1.385106670e+00 +2.666510667e+01 +2.666510667e+01 -3.4287e-01 -2.2100e+00 -1.2888e+00
369 0 +1.157300191e+00 +2.643730019e+01 +2.643730019e+01 -2.4889e-01 -2.1993e+00 -1.2893e+00
373 0 +6.504780612e-01 +2.593047806e+01 +2.593047806e+01 -3.8842e-01 -2.1729e+00 -1.2891e+00
385 0 +5.582063767e-01 +2.583820638e+01 +2.583820638e+01 -1.2461e+00 -2.1966e+00 -1.2883e+00
392 0 +5.135152435e-01 +2.579351524e+01 +2.579351524e+01 -4.9943e-01 -2.1685e+00 -1.2890e+00
401 0 +3.221353311e-01 +2.560213533e+01 +2.560213533e+01 -5.1758e-01 -2.1801e+00 -1.2890e+00
406 0 +2.549172266e-01 +2.553491723e+01 +2.553491723e+01 -6.7946e-01 -2.1847e+00 -1.2885e+00
410 0 +1.165145369e-01 +2.539651454e+01 +2.539651454e+01 -7.6544e-01 -2.1744e+00 -1.2888e+00
418 0 +2.804629573e-02 +2.530804630e+01 +2.530804630e+01 -8.8736e-01 -2.1788e+00 -1.2888e+00
439 0 +1.612722951e-02 +2.529612723e+01 +2.529612723e+01 -9.8977e-01 -2.1795e+00 -1.2889e+00
450 0 +3.470873076e-03 +2.528347087e+01 +2.528347087e+01 -1.0860e+00 -2.1802e+00 -1.2888e+00
453 0 +2.296937720e-03 +2.528229694e+01 +2.528229694e+01 -1.0586e+00 -2.1796e+00 -1.2888e+00
487 0 +2.131568734e-03 +2.528213157e+01 +2.528213157e+01 -1.0608e+00 -2.1819e+00 -1.2888e+00
490 0 +5.786676582e-04 +2.528057867e+01 +2.528057867e+01 -1.0387e+00 -2.1812e+00 -1.2888e+00
500 0 +1.539720583e-04 +2.528015397e+01 +2.528015397e+01 -1.0459e+00 -2.1810e+00 -1.2888e+00
509 0 +1.265229924e-04 +2.528012652e+01 +2.528012652e+01 -1.0510e+00 -2.1807e+00 -1.2888e+00
533 0 +8.518791547e-05 +2.528008519e+01 +2.528008519e+01 -1.0527e+00 -2.1808e+00 -1.2888e+00
534 0 +1.014433204e-05 +2.528001014e+01 +2.528001014e+01 -1.0420e+00 -2.1809e+00 -1.2888e+00
581 0 +9.027291455e-06 +2.528000903e+01 +2.528000903e+01 -1.0430e+00 -2.1807e+00 -1.2888e+00
596 0 +8.583749828e-06 +2.528000858e+01 +2.528000858e+01 -1.0420e+00 -2.1809e+00 -1.2888e+00
597 0 +4.652235376e-06 +2.528000465e+01 +2.528000465e+01 -1.0435e+00 -2.1808e+00 -1.2888e+00
605 0 +1.129839283e-06 +2.528000113e+01 +2.528000113e+01 -1.0436e+00 -2.1808e+00 -1.2888e+00
623 0 +4.219971892e-07 +2.528000042e+01 +2.528000042e+01 -1.0426e+00 -2.1808e+00 -1.2888e+00
627 0 +3.279961618e-07 +2.528000033e+01 +2.528000033e+01 -1.0430e+00 -2.1808e+00 -1.2888e+00
639 0 +2.334189482e-07 +2.528000023e+01 +2.528000023e+01 -1.0430e+00 -2.1808e+00 -1.2888e+00
663 0 +9.834983317e-08 +2.528000010e+01 +2.528000010e+01 -1.0430e+00 -2.1808e+00 -1.2888e+00
667 0 +6.426279242e-08 +2.528000006e+01 +2.528000006e+01 -1.0432e+00 -2.1808e+00 -1.2888e+00
678 0 +2.359029949e-08 +2.528000002e+01 +2.528000002e+01 -1.0433e+00 -2.1808e+00 -1.2888e+00
705 0 +1.713412345e-08 +2.528000002e+01 +2.528000002e+01 -1.0433e+00 -2.1808e+00 -1.2888e+00
715 0 +1.325936694e-08 +2.528000001e+01 +2.528000001e+01 -1.0433e+00 -2.1808e+00 -1.2888e+00
730 0 +9.210371132e-09 +2.528000001e+01 +2.528000001e+01 -1.0432e+00 -2.1808e+00 -1.2888e+00
% f evaluations | g evaluations | best noise-free fitness - Fopt (-6.668000000000e+01) + sum g_i+ | measured fitness | best measured fitness or single-digit g-values | x1 | x2...
1 0 +5.790739202e+06 +5.790672522e+06 +5.790672522e+06 -2.9842e+00 +1.0137e-01 +2.0118e+00
4 0 +5.387482342e+06 +5.387415662e+06 +5.387415662e+06 -7.6028e-01 +2.8031e+00 -2.6452e+00
6 0 +2.134834110e+06 +2.134767430e+06 +2.134767430e+06 +3.4542e+00 +1.4522e+00 -1.5995e+00
8 0 +5.049854595e+05 +5.049187795e+05 +5.049187795e+05 +7.5722e-02 +1.9272e-01 -1.0343e+00
13 0 +8.742560202e+04 +8.735892202e+04 +8.735892202e+04 +5.1876e+00 +3.1904e+00 -5.2116e-01
19 0 +2.298679339e+04 +2.292011339e+04 +2.292011339e+04 +2.9677e+00 -1.7329e+00 -1.0745e-01
24 0 +6.387097595e+03 +6.320417595e+03 +6.320417595e+03 +3.9984e+00 -1.7297e+00 -1.8132e-01
60 0 +2.958544912e+03 +2.891864912e+03 +2.891864912e+03 +2.2615e+00 -1.0319e-01 -2.9374e-01
70 0 +1.038321896e+03 +9.716418958e+02 +9.716418958e+02 +9.9427e-01 -9.3140e-01 -2.9105e-01
81 0 +7.208774089e+02 +6.541974089e+02 +6.541974089e+02 +1.1021e+00 -6.8636e-01 -2.7749e-01
107 0 +3.340960898e+02 +2.674160898e+02 +2.674160898e+02 +2.4638e+00 -9.1752e-01 -2.5557e-01
126 0 +6.965451061e+01 +2.974510615e+00 +2.974510615e+00 +2.9749e+00 -1.2155e+00 -2.5974e-01
130 0 +4.323824707e+01 -2.344175293e+01 -2.344175293e+01 +3.1243e+00 -1.2846e+00 -2.6625e-01
142 0 +3.689366217e+01 -2.978633783e+01 -2.978633783e+01 +1.8834e+00 -1.3365e+00 -2.5896e-01
180 0 +2.009144176e+01 -4.658855824e+01 -4.658855824e+01 +2.4941e+00 -1.4776e+00 -2.6060e-01
196 0 +9.724993363e+00 -5.695500664e+01 -5.695500664e+01 +2.1931e+00 -1.4415e+00 -2.6251e-01
214 0 +8.640051942e+00 -5.803994806e+01 -5.803994806e+01 +1.9704e+00 -1.4395e+00 -2.6265e-01
237 0 +7.637621729e+00 -5.904237827e+01 -5.904237827e+01 +1.7627e+00 -1.4372e+00 -2.6345e-01
246 0 +7.475675110e+00 -5.920432489e+01 -5.920432489e+01 +1.6802e+00 -1.4246e+00 -2.6259e-01
252 0 +7.103180298e+00 -5.957681970e+01 -5.957681970e+01 +1.6553e+00 -1.4184e+00 -2.6293e-01
264 0 +6.418769032e+00 -6.026123097e+01 -6.026123097e+01 +1.2033e+00 -1.4193e+00 -2.6166e-01
268 0 +6.039748256e+00 -6.064025174e+01 -6.064025174e+01 +1.3821e+00 -1.4256e+00 -2.6252e-01
278 0 +4.212352583e+00 -6.246764742e+01 -6.246764742e+01 +1.1320e+00 -1.4328e+00 -2.6365e-01
281 0 +3.188922266e+00 -6.349107773e+01 -6.349107773e+01 +7.5416e-01 -1.4418e+00 -2.6404e-01
322 0 +2.395132259e+00 -6.428486774e+01 -6.428486774e+01 +6.3786e-01 -1.4096e+00 -2.6287e-01
333 0 +1.471716863e+00 -6.520828314e+01 -6.520828314e+01 +2.4433e-01 -1.4244e+00 -2.6345e-01
341 0 +1.073528061e+00 -6.560647194e+01 -6.560647194e+01 -5.1529e-01 -1.3972e+00 -2.6356e-01
363 0 +6.454086424e-02 -6.661545914e+01 -6.661545914e+01 -6.4821e-01 -1.4238e+00 -2.6334e-01
412 0 +3.717810582e-02 -6.664282189e+01 -6.664282189e+01 -8.2171e-01 -1.4186e+00 -2.6312e-01
414 0 +2.017489748e-02 -6.665982510e+01 -6.665982510e+01 -9.6613e-01 -1.4222e+00 -2.6312e-01
441 0 +3.652167566e-03 -6.667634783e+01 -6.667634783e+01 -8.6277e-01 -1.4259e+00 -2.6318e-01
461 0 +1.364389948e-03 -6.667863561e+01 -6.667863561e+01 -8.9258e-01 -1.4244e+00 -2.6320e-01
485 0 +4.480064354e-04 -6.667955199e+01 -6.667955199e+01 -8.6108e-01 -1.4234e+00 -2.6319e-01
537 0 +3.624262858e-05 -6.667996376e+01 -6.667996376e+01 -8.6590e-01 -1.4240e+00 -2.6320e-01
572 0 +2.400159971e-05 -6.667997600e+01 -6.667997600e+01 -8.5881e-01 -1.4239e+00 -2.6320e-01
592 0 +2.653093361e-06 -6.667999735e+01 -6.667999735e+01 -8.5997e-01 -1.4240e+00 -2.6320e-01
618 0 +6.954686569e-07 -6.667999930e+01 -6.667999930e+01 -8.6082e-01 -1.4240e+00 -2.6320e-01
630 0 +6.532302024e-07 -6.667999935e+01 -6.667999935e+01 -8.5921e-01 -1.4240e+00 -2.6320e-01
666 0 +1.963883420e-07 -6.667999980e+01 -6.667999980e+01 -8.5963e-01 -1.4240e+00 -2.6320e-01
677 0 +5.941268455e-08 -6.667999994e+01 -6.667999994e+01 -8.6008e-01 -1.4240e+00 -2.6320e-01
682 0 +6.445404210e-09 -6.667999999e+01 -6.667999999e+01 -8.5999e-01 -1.4240e+00 -2.6320e-01
% f evaluations | g evaluations | best noise-free fitness - Fopt (-3.294600000000e+02) + sum g_i+ | measured fitness | best measured fitness or single-digit g-values | x1 | x2...
1 0 +1.084383764e+07 +1.084350818e+07 +1.084350818e+07 +6.9544e-01 +1.8948e+00 -1.6311e-01
3 0 +1.459519221e+04 +1.426573221e+04 +1.426573221e+04 +3.6239e-01 -1.3339e+00 +3.2691e+00
14 0 +1.101431580e+04 +1.068485580e+04 +1.068485580e+04 -9.2409e-01 +3.2489e+00 +3.1294e+00
24 0 +1.891976247e+03 +1.562516247e+03 +1.562516247e+03 -3.2487e-01 -9.3242e-01 +3.1382e+00
33 0 +7.520189200e+02 +4.225589200e+02 +4.225589200e+02 -2.8062e-03 -7.4229e-01 +3.1544e+00
69 0 +6.130061054e+02 +2.835461054e+02 +2.835461054e+02 +1.5830e-01 -3.1158e-01 +3.1874e+00
73 0 +7.735235715e+01 -2.521076429e+02 -2.521076429e+02 -3.7231e-02 +1.6865e-01 +3.1747e+00
74 0 +2.199451720e+01 -3.074654828e+02 -3.074654828e+02 +5.6758e-02 +9.0736e-02 +3.1622e+00
172 0 +1.905925363e+01 -3.104007464e+02 -3.104007464e+02 +4.3180e-01 +1.6601e-02 +3.1630e+00
183 0 +4.726564460e+00 -3.247334355e+02 -3.247334355e+02 -1.1208e-01 +1.5515e-01 +3.1656e+00
186 0 +4.078961340e+00 -3.253810387e+02 -3.253810387e+02 +1.2397e-01 +9.4318e-02 +3.1682e+00
200 0 +1.767360613e+00 -3.276926394e+02 -3.276926394e+02 +1.9002e-01 +9.3385e-02 +3.1656e+00
209 0 +1.516070584e+00 -3.279439294e+02 -3.279439294e+02 +1.3529e-01 +1.1143e-01 +3.1659e+00
230 0 +6.762596950e-01 -3.287837403e+02 -3.287837403e+02 -6.1335e-02 +1.0292e-01 +3.1666e+00
254 0 +6.561398201e-01 -3.288038602e+02 -3.288038602e+02 -2.6938e-02 +9.9349e-02 +3.1667e+00
255 0 +5.541502460e-01 -3.289058498e+02 -3.289058498e+02 -1.1374e-01 +8.8466e-02 +3.1662e+00
294 0 +5.206797044e-01 -3.289393203e+02 -3.289393203e+02 -1.2712e-01 +9.1723e-02 +3.1663e+00
313 0 +5.018328438e-01 -3.289581672e+02 -3.289581672e+02 -1.2064e-01 +9.3068e-02 +3.1664e+00
317 0 +5.010201682e-01 -3.289589798e+02 -3.289589798e+02 -1.2473e-01 +9.3091e-02 +3.1664e+00
376 0 +4.803167996e-01 -3.289796832e+02 -3.289796832e+02 -2.2150e-01 +9.1627e-02 +3.1662e+00
380 0 +4.566608007e-01 -3.290033392e+02 -3.290033392e+02 -2.4009e-01 +8.9549e-02 +3.1663e+00
389 0 +4.183808275e-01 -3.290416192e+02 -3.290416192e+02 -2.9213e-01 +9.0681e-02 +3.1661e+00
390 0 +2.559841022e-01 -3.292040159e+02 -3.292040159e+02 -4.1399e-01 +8.6409e-02 +3.1662e+00
407 0 +2.473266130e-01 -3.292126734e+02 -3.292126734e+02 -4.5926e-01 +9.0831e-02 +3.1661e+00
417 0 +2.327330677e-01 -3.292272669e+02 -3.292272669e+02 -3.7185e-01 +9.2360e-02 +3.1663e+00
428 0 +2.087109745e-01 -3.292512890e+02 -3.292512890e+02 -4.0261e-01 +8.8792e-02 +3.1663e+00
433 0 +1.904557666e-01 -3.292695442e+02 -3.292695442e+02 -4.1592e-01 +8.8251e-02 +3.1664e+00
435 0 +1.695077951e-01 -3.292904922e+02 -3.292904922e+02 -4.7702e-01 +8.7018e-02 +3.1663e+00
449 0 +1.651882235e-01 -3.292948118e+02 -3.292948118e+02 -4.9953e-01 +8.7744e-02 +3.1663e+00
451 0 +1.140821837e-01 -3.293459178e+02 -3.293459178e+02 -5.9236e-01 +8.5314e-02 +3.1664e+00
460 0 +7.342629040e-02 -3.293865737e+02 -3.293865737e+02 -6.1118e-01 +8.9960e-02 +3.1663e+00
474 0 +6.445430346e-02 -3.293955457e+02 -3.293955457e+02 -7.3563e-01 +8.9966e-02 +3.1666e+00
481 0 +6.103726453e-02 -3.293989627e+02 -3.293989627e+02 -6.8295e-01 +8.9265e-02 +3.1663e+00
482 0 +4.280799515e-02 -3.294171920e+02 -3.294171920e+02 -7.3359e-01 +9.7768e-02 +3.1665e+00
484 0 +3.466276206e-02 -3.294253372e+02 -3.294253372e+02 -7.9942e-01 +8.7545e-02 +3.1664e+00
485 0 +8.541203799e-03 -3.294514588e+02 -3.294514588e+02 -8.3112e-01 +9.0200e-02 +3.1664e+00
502 0 +5.508247283e-03 -3.294544918e+02 -3.294544918e+02 -8.4244e-01 +9.3820e-02 +3.1663e+00
514 0 +4.369694539e-03 -3.294556303e+02 -3.294556303e+02 -8.9906e-01 +9.3988e-02 +3.1664e+00
526 0 +2.987976962e-03 -3.294570120e+02 -3.294570120e+02 -8.4556e-01 +9.3691e-02 +3.1664e+00
544 0 +1.719452007e-03 -3.294582805e+02 -3.294582805e+02 -8.4755e-01 +9.4094e-02 +3.1664e+00
550 0 +1.328060285e-03 -3.294586719e+02 -3.294586719e+02 -8.6219e-01 +9.3747e-02 +3.1664e+00
560 0 +5.068981604e-04 -3.294594931e+02 -3.294594931e+02 -8.6874e-01 +9.2802e-02 +3.1664e+00
580 0 +4.322777949e-04 -3.294595677e+02 -3.294595677e+02 -8.3626e-01 +9.2937e-02 +3.1664e+00
588 0 +2.915249688e-04 -3.294597085e+02 -3.294597085e+02 -8.2962e-01 +9.2866e-02 +3.1664e+00
589 0 +1.373165473e-04 -3.294598627e+02 -3.294598627e+02 -8.3606e-01 +9.2697e-02 +3.1664e+00
593 0 +1.175908777e-04 -3.294598824e+02 -3.294598824e+02 -8.3687e-01 +9.2822e-02 +3.1664e+00
601 0 +8.382703629e-05 -3.294599162e+02 -3.294599162e+02 -8.4089e-01 +9.2982e-02 +3.1664e+00
607 0 +6.569912512e-05 -3.294599343e+02 -3.294599343e+02 -8.5508e-01 +9.2825e-02 +3.1664e+00
614 0 +1.453090636e-05 -3.294599855e+02 -3.294599855e+02 -8.4556e-01 +9.2692e-02 +3.1664e+00
621 0 +3.387937340e-06 -3.294599966e+02 -3.294599966e+02 -8.4554e-01 +9.2776e-02 +3.1664e+00
663 0 +1.690292152e-06 -3.294599983e+02 -3.294599983e+02 -8.4718e-01 +9.2769e-02 +3.1664e+00
674 0 +1.125195183e-06 -3.294599989e+02 -3.294599989e+02 -8.4740e-01 +9.2793e-02 +3.1664e+00
707 0 +6.718524901e-07 -3.294599993e+02 -3.294599993e+02 -8.4643e-01 +9.2797e-02 +3.1664e+00
722 0 +2.773652454e-07 -3.294599997e+02 -3.294599997e+02 -8.4696e-01 +9.2814e-02 +3.1664e+00
731 0 +5.537953029e-08 -3.294599999e+02 -3.294599999e+02 -8.4735e-01 +9.2798e-02 +3.1664e+00
774 0 +2.225101525e-08 -3.294600000e+02 -3.294600000e+02 -8.4710e-01 +9.2799e-02 +3.1664e+00
778 0 +9.816176316e-09 -3.294600000e+02 -3.294600000e+02 -8.4721e-01 +9.2797e-02 +3.1664e+00
987 0 +0.000000000e+00 -3.294600000e+02 -3.294600000e+02 -8.4720e-01 +9.2800e-02 +3.1664e+00
% f evaluations | g evaluations | best noise-free fitness - Fopt (1.737000000000e+01) + sum g_i+ | measured fitness | best measured fitness or single-digit g-values | x1 | x2...
1 0 +3.143017306e+07 +3.143019043e+07 +3.143019043e+07 +2.8320e+00 +2.7150e+00 -2.7543e+00
2 0 +1.812940183e+07 +1.812941920e+07 +1.812941920e+07 +5.4249e+00 -1.6517e+00 -1.1088e+00
3 0 +1.665854251e+05 +1.666027951e+05 +1.666027951e+05 +3.5842e-02 -3.0077e+00 +3.5364e+00
11 0 +4.155714401e+04 +4.157451401e+04 +4.157451401e+04 -1.0441e+00 -2.9089e+00 +3.2751e+00
26 0 +2.707568425e+04 +2.709305425e+04 +2.709305425e+04 -1.6579e+00 -3.0337e+00 +3.1158e+00
56 0 +2.429982362e+04 +2.431719362e+04 +2.431719362e+04 -6.3600e-01 -2.4034e+00 +3.1925e+00
86 0 +2.019221535e+04 +2.020958535e+04 +2.020958535e+04 -7.3539e-01 -1.3680e+00 +3.0526e+00
88 0 +6.258897863e+03 +6.276267863e+03 +6.276267863e+03 -1.2500e+00 -2.4953e-01 +3.1248e+00
100 0 +3.676269552e+03 +3.693639552e+03 +3.693639552e+03 -2.0821e+00 +1.0523e+00 +3.1868e+00
135 0 +2.606485710e+03 +2.623855710e+03 +2.623855710e+03 -4.8159e+00 +3.3876e+00 +3.1123e+00
149 0 +1.124469766e+02 +1.298169766e+02 +1.298169766e+02 -4.1630e+00 +2.2512e+00 +3.1348e+00
165 0 +6.837590362e+01 +8.574590362e+01 +8.574590362e+01 -3.2503e+00 +2.2788e+00 +3.1382e+00
202 0 +6.617761497e+01 +8.354761497e+01 +8.354761497e+01 -3.2754e+00 +2.3342e+00 +3.1474e+00
215 0 +6.380173706e+01 +8.117173706e+01 +8.117173706e+01 -3.9334e+00 +2.3739e+00 +3.1423e+00
221 0 +5.880223172e+01 +7.617223172e+01 +7.617223172e+01 -3.7935e+00 +2.2645e+00 +3.1468e+00
233 0 +4.845765801e+01 +6.582765801e+01 +6.582765801e+01 -3.6853e+00 +2.3088e+00 +3.1435e+00
278 0 +4.786069440e+01 +6.523069440e+01 +6.523069440e+01 -3.7982e+00 +2.2576e+00 +3.1442e+00
314 0 +4.646343934e+01 +6.383343934e+01 +6.383343934e+01 -3.7696e+00 +2.2663e+00 +3.1435e+00
329 0 +4.570626639e+01 +6.307626639e+01 +6.307626639e+01 -3.7203e+00 +2.2640e+00 +3.1435e+00
338 0 +4.441783745e+01 +6.178783745e+01 +6.178783745e+01 -3.6173e+00 +2.2473e+00 +3.1428e+00
346 0 +4.307047636e+01 +6.044047636e+01 +6.044047636e+01 -3.5168e+00 +2.2717e+00 +3.1433e+00
351 0 +4.148817521e+01 +5.885817521e+01 +5.885817521e+01 -3.3184e+00 +2.2933e+00 +3.1430e+00
361 0 +3.511179718e+01 +5.248179718e+01 +5.248179718e+01 -2.8254e+00 +2.2661e+00 +3.1436e+00
388 0 +3.387266910e+01 +5.124266910e+01 +5.124266910e+01 -2.3180e+00 +2.3031e+00 +3.1443e+00
396 0 +3.192383128e+01 +4.929383128e+01 +4.929383128e+01 -2.3484e+00 +2.2204e+00 +3.1434e+00
397 0 +3.050211578e+01 +4.787211578e+01 +4.787211578e+01 -2.1646e+00 +2.2966e+00 +3.1438e+00
399 0 +2.992898617e+01 +4.729898617e+01 +4.729898617e+01 -2.1238e+00 +2.2721e+00 +3.1421e+00
403 0 +2.511156074e+01 +4.248156074e+01 +4.248156074e+01 -1.3794e-01 +2.3547e+00 +3.1443e+00
413 0 +8.924810924e+00 +2.629481092e+01 +2.629481092e+01 +9.6583e-01 +2.2444e+00 +3.1414e+00
423 0 +5.092022524e+00 +2.246202252e+01 +2.246202252e+01 +1.6807e+00 +2.2985e+00 +3.1433e+00
447 0 +1.412930871e+00 +1.878293087e+01 +1.878293087e+01 +3.2296e+00 +2.2478e+00 +3.1420e+00
477 0 +8.437835726e-01 +1.821378357e+01 +1.821378357e+01 +4.3832e+00 +2.2568e+00 +3.1431e+00
481 0 +2.146219605e-01 +1.758462196e+01 +1.758462196e+01 +3.5315e+00 +2.2709e+00 +3.1432e+00
498 0 +7.201137341e-02 +1.744201137e+01 +1.744201137e+01 +3.3629e+00 +2.2628e+00 +3.1430e+00
532 0 +3.407757417e-02 +1.740407757e+01 +1.740407757e+01 +3.3508e+00 +2.2520e+00 +3.1432e+00
539 0 +3.078908080e-02 +1.740078908e+01 +1.740078908e+01 +3.4546e+00 +2.2621e+00 +3.1432e+00
544 0 +5.406754266e-03 +1.737540675e+01 +1.737540675e+01 +3.4944e+00 +2.2579e+00 +3.1432e+00
576 0 +1.025135564e-03 +1.737102514e+01 +1.737102514e+01 +3.4136e+00 +2.2563e+00 +3.1432e+00
614 0 +6.784291246e-04 +1.737067843e+01 +1.737067843e+01 +3.4226e+00 +2.2569e+00 +3.1432e+00
618 0 +1.594398168e-04 +1.737015944e+01 +1.737015944e+01 +3.4359e+00 +2.2571e+00 +3.1432e+00
638 0 +5.939905142e-05 +1.737005940e+01 +1.737005940e+01 +3.4246e+00 +2.2569e+00 +3.1432e+00
652 0 +5.641194025e-05 +1.737005641e+01 +1.737005641e+01 +3.4255e+00 +2.2566e+00 +3.1432e+00
663 0 +1.276469472e-06 +1.737000128e+01 +1.737000128e+01 +3.4303e+00 +2.2568e+00 +3.1432e+00
714 0 +8.930122632e-07 +1.737000089e+01 +1.737000089e+01 +3.4289e+00 +2.2568e+00 +3.1432e+00
723 0 +7.309888161e-08 +1.737000007e+01 +1.737000007e+01 +3.4297e+00 +2.2568e+00 +3.1432e+00
807 0 +6.758803295e-08 +1.737000007e+01 +1.737000007e+01 +3.4298e+00 +2.2568e+00 +3.1432e+00
808 0 +4.179865698e-08 +1.737000004e+01 +1.737000004e+01 +3.4295e+00 +2.2568e+00 +3.1432e+00
811 0 +1.009403405e-08 +1.737000001e+01 +1.737000001e+01 +3.4297e+00 +2.2568e+00 +3.1432e+00
818 0 +9.626162978e-09 +1.737000001e+01 +1.737000001e+01 +3.4295e+00 +2.2568e+00 +3.1432e+00
1134 0 +0.000000000e+00 +1.737000000e+01 +1.737000000e+01 +3.4296e+00 +2.2568e+00 +3.1432e+00
% f evaluations | g evaluations | best noise-free fitness - Fopt (7.383000000000e+01) + sum g_i+ | measured fitness | best measured fitness or single-digit g-values | x1 | x2...
1 0 +1.257399645e+05 +1.258137945e+05 +1.258137945e+05 -6.4612e-01 +8.0698e-01 +4.7046e-01
8 0 +1.062290278e+05 +1.063028578e+05 +1.063028578e+05 -2.8678e+00 +2.6033e+00 +4.9847e-01
10 0 +2.439025132e+04 +2.446408132e+04 +2.446408132e+04 +1.3509e+00 +2.0674e+00 +9.7166e-01
53 0 +1.996686788e+04 +2.004069788e+04 +2.004069788e+04 -1.8272e+00 +3.5796e+00 +9.2075e-01
62 0 +9.928667904e+03 +1.000249790e+04 +1.000249790e+04 -2.7026e+00 +4.1419e+00 +8.3811e-01
107 0 +7.618450016e+03 +7.692280016e+03 +7.692280016e+03 -1.8062e+00 +3.6889e+00 +8.1360e-01
114 0 +4.889022677e+03 +4.962852677e+03 +4.962852677e+03 -1.6855e+00 +2.7354e+00 +7.6932e-01
121 0 +2.760384214e+03 +2.834214214e+03 +2.834214214e+03 +6.7221e-02 +1.4079e+00 +7.6556e-01
122 0 +2.562610833e+03 +2.636440833e+03 +2.636440833e+03 -1.0801e+00 +2.5392e+00 +7.9365e-01
128 0 +1.055993953e+03 +1.129823953e+03 +1.129823953e+03 +1.3911e+00 +5.6506e-01 +8.4304e-01
135 0 +8.063450749e+02 +8.801750749e+02 +8.801750749e+02 +1.8775e+00 +1.2565e+00 +8.4049e-01
141 0 +1.286328769e+02 +2.024628769e+02 +2.024628769e+02 +3.6813e+00 +9.2833e-01 +8.2581e-01
162 0 +4.943193930e+01 +1.232619393e+02 +1.232619393e+02 +4.0051e+00 +1.1837e+00 +8.1336e-01
186 0 +3.191945511e+01 +1.057494551e+02 +1.057494551e+02 +2.5831e+00 +1.1005e+00 +8.1155e-01
188 0 +1.115272270e+01 +8.498272270e+01 +8.498272270e+01 +3.1034e+00 +9.7493e-01 +8.1667e-01
238 0 +1.017797605e+01 +8.400797605e+01 +8.400797605e+01 +2.8934e+00 +9.7838e-01 +8.1385e-01
239 0 +9.801465116e+00 +8.363146512e+01 +8.363146512e+01 +3.0903e+00 +9.7196e-01 +8.1573e-01
243 0 +7.893113239e+00 +8.172311324e+01 +8.172311324e+01 +2.8688e+00 +9.9348e-01 +8.1568e-01
311 0 +7.695699743e+00 +8.152569974e+01 +8.152569974e+01 +2.9133e+00 +1.0099e+00 +8.1519e-01
317 0 +7.566555248e+00 +8.139655525e+01 +8.139655525e+01 +2.8608e+00 +1.0041e+00 +8.1547e-01
331 0 +7.306821666e+00 +8.113682167e+01 +8.113682167e+01 +2.7704e+00 +1.0128e+00 +8.1549e-01
338 0 +7.048265088e+00 +8.087826509e+01 +8.087826509e+01 +2.7199e+00 +1.0119e+00 +8.1501e-01
348 0 +6.765697079e+00 +8.059569708e+01 +8.059569708e+01 +2.4185e+00 +1.0433e+00 +8.1565e-01
354 0 +6.467134690e+00 +8.029713469e+01 +8.029713469e+01 +2.1702e+00 +1.0536e+00 +8.1499e-01
364 0 +5.761027123e+00 +7.959102712e+01 +7.959102712e+01 +2.1394e+00 +1.0505e+00 +8.1499e-01
367 0 +5.720657515e+00 +7.955065751e+01 +7.955065751e+01 +2.2935e+00 +1.0422e+00 +8.1489e-01
371 0 +5.563613136e+00 +7.939361314e+01 +7.939361314e+01 +2.2940e+00 +1.0411e+00 +8.1523e-01
374 0 +4.882118939e+00 +7.871211894e+01 +7.871211894e+01 +2.1477e+00 +1.0443e+00 +8.1505e-01
388 0 +4.624706370e+00 +7.845470637e+01 +7.845470637e+01 +1.9336e+00 +1.0430e+00 +8.1614e-01
393 0 +4.411805465e+00 +7.824180546e+01 +7.824180546e+01 +2.1508e+00 +1.0167e+00 +8.1606e-01
399 0 +4.000354995e+00 +7.783035500e+01 +7.783035500e+01 +1.6908e+00 +1.0473e+00 +8.1571e-01
402 0 +3.294888702e+00 +7.712488870e+01 +7.712488870e+01 +1.6025e+00 +1.0397e+00 +8.1576e-01
411 0 +2.809606596e+00 +7.663960660e+01 +7.663960660e+01 +1.2419e+00 +1.0356e+00 +8.1426e-01
417 0 +1.857843445e+00 +7.568784345e+01 +7.568784345e+01 +1.0797e+00 +1.0339e+00 +8.1463e-01
428 0 +1.367414913e+00 +7.519741491e+01 +7.519741491e+01 +4.7087e-01 +1.0390e+00 +8.1578e-01
435 0 +8.125732485e-01 +7.464257325e+01 +7.464257325e+01 +5.6912e-01 +1.0055e+00 +8.1433e-01
447 0 +7.049381024e-01 +7.453493810e+01 +7.453493810e+01 +9.7862e-01 +1.0129e+00 +8.1485e-01
448 0 +3.927998361e-01 +7.422279984e+01 +7.422279984e+01 +3.4389e-01 +1.0199e+00 +8.1481e-01
453 0 +3.331365262e-01 +7.416313653e+01 +7.416313653e+01 +1.3131e-02 +9.9231e-01 +8.1487e-01
464 0 +1.869809009e-01 +7.401698090e+01 +7.401698090e+01 +2.9712e-01 +1.0052e+00 +8.1481e-01
472 0 +9.693552069e-02 +7.392693552e+01 +7.392693552e+01 -8.2225e-02 +1.0033e+00 +8.1513e-01
490 0 +3.268196019e-02 +7.386268196e+01 +7.386268196e+01 +1.0142e-01 +1.0098e+00 +8.1518e-01
506 0 +2.197769179e-02 +7.385197769e+01 +7.385197769e+01 +2.1593e-01 +1.0079e+00 +8.1508e-01
514 0 +1.042485470e-02 +7.384042485e+01 +7.384042485e+01 +1.6723e-01 +1.0086e+00 +8.1517e-01
531 0 +7.890526753e-03 +7.383789053e+01 +7.383789053e+01 +1.4666e-01 +1.0038e+00 +8.1516e-01
542 0 +6.354606526e-03 +7.383635461e+01 +7.383635461e+01 +2.7038e-01 +1.0070e+00 +8.1523e-01
559 0 +5.078515323e-03 +7.383507852e+01 +7.383507852e+01 +2.7742e-01 +1.0065e+00 +8.1518e-01
561 0 +4.779676822e-03 +7.383477968e+01 +7.383477968e+01 +2.4701e-01 +1.0053e+00 +8.1514e-01
567 0 +2.500744429e-03 +7.383250074e+01 +7.383250074e+01 +2.1835e-01 +1.0072e+00 +8.1518e-01
591 0 +7.534772666e-04 +7.383075348e+01 +7.383075348e+01 +2.3551e-01 +1.0058e+00 +8.1521e-01
604 0 +5.571556797e-04 +7.383055716e+01 +7.383055716e+01 +2.2688e-01 +1.0058e+00 +8.1518e-01
605 0 +3.319810884e-04 +7.383033198e+01 +7.383033198e+01 +2.1100e-01 +1.0061e+00 +8.1519e-01
621 0 +1.367166633e-04 +7.383013672e+01 +7.383013672e+01 +2.0389e-01 +1.0055e+00 +8.1519e-01
628 0 +6.766714118e-05 +7.383006767e+01 +7.383006767e+01 +2.0264e-01 +1.0056e+00 +8.1520e-01
634 0 +5.652533480e-05 +7.383005653e+01 +7.383005653e+01 +2.1480e-01 +1.0054e+00 +8.1520e-01
650 0 +3.843799078e-05 +7.383003844e+01 +7.383003844e+01 +2.1468e-01 +1.0057e+00 +8.1520e-01
654 0 +2.519049208e-05 +7.383002519e+01 +7.383002519e+01 +2.1455e-01 +1.0057e+00 +8.1520e-01
664 0 +1.079203795e-05 +7.383001079e+01 +7.383001079e+01 +2.1148e-01 +1.0057e+00 +8.1520e-01
680 0 +7.616148707e-06 +7.383000762e+01 +7.383000762e+01 +2.0869e-01 +1.0056e+00 +8.1520e-01
689 0 +6.196954018e-06 +7.383000620e+01 +7.383000620e+01 +2.0932e-01 +1.0056e+00 +8.1520e-01
696 0 +5.764524317e-06 +7.383000576e+01 +7.383000576e+01 +2.1022e-01 +1.0056e+00 +8.1520e-01
708 0 +3.497000648e-06 +7.383000350e+01 +7.383000350e+01 +2.0928e-01 +1.0056e+00 +8.1520e-01
722 0 +1.662505056e-06 +7.383000166e+01 +7.383000166e+01 +2.1016e-01 +1.0056e+00 +8.1520e-01
727 0 +1.054939759e-06 +7.383000105e+01 +7.383000105e+01 +2.1065e-01 +1.0056e+00 +8.1520e-01
731 0 +3.818757932e-07 +7.383000038e+01 +7.383000038e+01 +2.1162e-01 +1.0056e+00 +8.1520e-01
753 0 +2.685050191e-07 +7.383000027e+01 +7.383000027e+01 +2.1127e-01 +1.0056e+00 +8.1520e-01
758 0 +8.010579222e-08 +7.383000008e+01 +7.383000008e+01 +2.1106e-01 +1.0056e+00 +8.1520e-01
786 0 +5.165414052e-08 +7.383000005e+01 +7.383000005e+01 +2.1141e-01 +1.0056e+00 +8.1520e-01
795 0 +3.505549273e-08 +7.383000004e+01 +7.383000004e+01 +2.1100e-01 +1.0056e+00 +8.1520e-01
799 0 +1.310903031e-08 +7.383000001e+01 +7.383000001e+01 +2.1122e-01 +1.0056e+00 +8.1520e-01
806 0 +7.977106975e-09 +7.383000001e+01 +7.383000001e+01 +2.1120e-01 +1.0056e+00 +8.1520e-01
1126 0 +0.000000000e+00 +7.383000000e+01 +7.383000000e+01 +2.1120e-01 +1.0056e+00 +8.1520e-01
% f evaluations | g evaluations | best noise-free fitness - Fopt (4.488700000000e+02) + sum g_i+ | measured fitness | best measured fitness or single-digit g-values | x1 | x2...
1 0 +4.843055980e+04 +4.887942980e+04 +4.887942980e+04 +5.8087e+00 -9.8241e-01 +2.5638e+00
4 0 +4.211595144e+04 +4.256482144e+04 +4.256482144e+04 +5.1716e-01 +8.3337e-01 +2.2294e+00
9 0 +1.802336577e+04 +1.847223577e+04 +1.847223577e+04 +1.1255e+00 +2.2943e+00 +2.5251e+00
15 0 +8.288411413e+02 +1.277711141e+03 +1.277711141e+03 -7.8045e-01 +3.4994e+00 +2.3773e+00
112 0 +6.133009602e+02 +1.062170960e+03 +1.062170960e+03 +8.9511e+00 +4.4525e+00 +2.4136e+00
201 0 +4.448698279e+02 +8.937398279e+02 +8.937398279e+02 +1.5639e+01 +4.2978e+00 +2.4030e+00
221 0 +3.059017842e+02 +7.547717842e+02 +7.547717842e+02 +1.2503e+01 +4.1029e+00 +2.4017e+00
248 0 +2.955600381e+02 +7.444300381e+02 +7.444300381e+02 +1.2512e+01 +4.0494e+00 +2.4050e+00
284 0 +2.765895560e+02 +7.254595560e+02 +7.254595560e+02 +1.2399e+01 +3.9561e+00 +2.4009e+00
298 0 +2.720538758e+02 +7.209238758e+02 +7.209238758e+02 +1.1991e+01 +3.9615e+00 +2.4028e+00
309 0 +2.628041146e+02 +7.116741146e+02 +7.116741146e+02 +1.1049e+01 +3.9787e+00 +2.4019e+00
318 0 +2.488793098e+02 +6.977493098e+02 +6.977493098e+02 +1.0546e+01 +3.9523e+00 +2.4027e+00
326 0 +2.297553571e+02 +6.786253571e+02 +6.786253571e+02 +9.9361e+00 +3.9455e+00 +2.4031e+00
329 0 +2.233398195e+02 +6.722098195e+02 +6.722098195e+02 +9.6920e+00 +3.9802e+00 +2.4028e+00
332 0 +2.148238788e+02 +6.636938788e+02 +6.636938788e+02 +9.5522e+00 +3.9507e+00 +2.4023e+00
335 0 +1.341333942e+02 +5.830033942e+02 +5.830033942e+02 +7.2433e+00 +4.0554e+00 +2.4008e+00
345 0 +4.640686372e+01 +4.952768637e+02 +4.952768637e+02 +2.3882e+00 +3.9999e+00 +2.4015e+00
362 0 +4.259697830e+01 +4.914669783e+02 +4.914669783e+02 -2.0027e-01 +3.9923e+00 +2.4073e+00
364 0 +1.613568692e+01 +4.650056869e+02 +4.650056869e+02 -6.0416e+00 +4.0117e+00 +2.4002e+00
366 0 +1.154543505e+01 +4.604154351e+02 +4.604154351e+02 -1.5949e+00 +4.0049e+00 +2.4029e+00
373 0 +3.682772612e+00 +4.525527726e+02 +4.525527726e+02 -5.3626e+00 +3.8998e+00 +2.4018e+00
393 0 +3.370976417e+00 +4.522409764e+02 +4.522409764e+02 -3.7392e+00 +3.8733e+00 +2.4031e+00
422 0 +3.100985015e+00 +4.519709850e+02 +4.519709850e+02 -2.5880e+00 +3.8946e+00 +2.4021e+00
427 0 +2.600813139e+00 +4.514708131e+02 +4.514708131e+02 -3.4048e+00 +3.9672e+00 +2.4014e+00
428 0 +2.222704938e+00 +4.510927049e+02 +4.510927049e+02 -4.5637e+00 +3.9448e+00 +2.4036e+00
429 0 +1.242485383e+00 +4.501124854e+02 +4.501124854e+02 -4.6056e+00 +3.9529e+00 +2.4024e+00
433 0 +7.605027601e-01 +4.496305028e+02 +4.496305028e+02 -3.0593e+00 +3.9269e+00 +2.4028e+00
434 0 +4.055809780e-01 +4.492755810e+02 +4.492755810e+02 -3.3256e+00 +3.9266e+00 +2.4022e+00
439 0 +8.574010932e-02 +4.489557401e+02 +4.489557401e+02 -4.0378e+00 +3.9191e+00 +2.4025e+00
482 0 +3.085597676e-02 +4.489008560e+02 +4.489008560e+02 -4.0395e+00 +3.9272e+00 +2.4024e+00
494 0 +1.669694342e-02 +4.488866969e+02 +4.488866969e+02 -3.7748e+00 +3.9246e+00 +2.4024e+00
516 0 +6.674472190e-03 +4.488766745e+02 +4.488766745e+02 -3.8773e+00 +3.9275e+00 +2.4023e+00
521 0 +1.274792596e-03 +4.488712748e+02 +4.488712748e+02 -3.8814e+00 +3.9262e+00 +2.4024e+00
532 0 +1.432385798e-04 +4.488701432e+02 +4.488701432e+02 -3.8936e+00 +3.9264e+00 +2.4024e+00
598 0 +6.427540188e-05 +4.488700643e+02 +4.488700643e+02 -3.8828e+00 +3.9261e+00 +2.4024e+00
601 0 +4.042797116e-05 +4.488700404e+02 +4.488700404e+02 -3.8789e+00 +3.9264e+00 +2.4024e+00
636 0 +9.036757945e-06 +4.488700090e+02 +4.488700090e+02 -3.8842e+00 +3.9265e+00 +2.4024e+00
660 0 +7.096636807e-06 +4.488700071e+02 +4.488700071e+02 -3.8841e+00 +3.9264e+00 +2.4024e+00
673 0 +3.440455373e-06 +4.488700034e+02 +4.488700034e+02 -3.8836e+00 +3.9264e+00 +2.4024e+00
699 0 +1.196815901e-06 +4.488700012e+02 +4.488700012e+02 -3.8829e+00 +3.9264e+00 +2.4024e+00
702 0 +4.579613915e-07 +4.488700005e+02 +4.488700005e+02 -3.8838e+00 +3.9264e+00 +2.4024e+00
710 0 +3.274483333e-07 +4.488700003e+02 +4.488700003e+02 -3.8834e+00 +3.9264e+00 +2.4024e+00
727 0 +1.410504638e-07 +4.488700001e+02 +4.488700001e+02 -3.8829e+00 +3.9264e+00 +2.4024e+00
745 0 +9.390868172e-08 +4.488700001e+02 +4.488700001e+02 -3.8835e+00 +3.9264e+00 +2.4024e+00
748 0 +2.424042123e-08 +4.488700000e+02 +4.488700000e+02 -3.8831e+00 +3.9264e+00 +2.4024e+00
759 0 +1.540962558e-08 +4.488700000e+02 +4.488700000e+02 -3.8831e+00 +3.9264e+00 +2.4024e+00
764 0 +4.036451173e-09 +4.488700000e+02 +4.488700000e+02 -3.8832e+00 +3.9264e+00 +2.4024e+00
983 0 +0.000000000e+00 +4.488700000e+02 +4.488700000e+02 -3.8832e+00 +3.9264e+00 +2.4024e+00
% f evaluations | g evaluations | best noise-free fitness - Fopt (-7.546600000000e+02) + sum g_i+ | measured fitness | best measured fitness or single-digit g-values | x1 | x2...
1 0 +1.029255841e+07 +1.029180375e+07 +1.029180375e+07 -3.6439e+00 -1.6912e+00 -1.0621e-02
2 0 +2.609679507e+04 +2.534213507e+04 +2.534213507e+04 -2.3296e-01 -1.7066e+00 -3.1614e+00
18 0 +8.124392859e+02 +5.777928587e+01 +5.777928587e+01 -1.6882e-01 +2.7772e-02 -3.2899e+00
125 0 +5.389213022e+02 -2.157386978e+02 -2.157386978e+02 +7.7268e-01 +1.0299e+00 -3.3282e+00
151 0 +1.939535830e+02 -5.607064170e+02 -5.607064170e+02 +1.9681e+00 +2.2058e-01 -3.3032e+00
175 0 +7.512505838e+01 -6.795349416e+02 -6.795349416e+02 +1.7579e+00 +5.2145e-01 -3.3214e+00
194 0 +7.045848045e+01 -6.842015196e+02 -6.842015196e+02 +1.8602e+00 +2.8068e-01 -3.3109e+00
198 0 +6.607937428e+01 -6.885806257e+02 -6.885806257e+02 +1.9673e+00 +4.5224e-01 -3.3203e+00
213 0 +1.652519468e+01 -7.381348053e+02 -7.381348053e+02 +1.9292e+00 +4.6552e-01 -3.3123e+00
222 0 +1.467515598e+01 -7.399848440e+02 -7.399848440e+02 +1.9391e+00 +5.2375e-01 -3.3136e+00
269 0 +1.301764129e+01 -7.416423587e+02 -7.416423587e+02 +1.7935e+00 +5.2886e-01 -3.3126e+00
289 0 +1.207616916e+01 -7.425838308e+02 -7.425838308e+02 +1.4881e+00 +4.8402e-01 -3.3119e+00
305 0 +1.066622349e+01 -7.439937765e+02 -7.439937765e+02 +1.4894e+00 +5.0495e-01 -3.3124e+00
339 0 +9.812678130e+00 -7.448473219e+02 -7.448473219e+02 +1.3806e+00 +5.1541e-01 -3.3129e+00
346 0 +9.707801686e+00 -7.449521983e+02 -7.449521983e+02 +1.3583e+00 +5.0633e-01 -3.3129e+00
355 0 +9.452833052e+00 -7.452071669e+02 -7.452071669e+02 +1.3082e+00 +5.0436e-01 -3.3128e+00
365 0 +9.312100174e+00 -7.453478998e+02 -7.453478998e+02 +1.1610e+00 +4.8760e-01 -3.3128e+00
372 0 +8.614764717e+00 -7.460452353e+02 -7.460452353e+02 +1.0184e+00 +5.0680e-01 -3.3122e+00
376 0 +8.239567312e+00 -7.464204327e+02 -7.464204327e+02 +9.8478e-01 +4.9922e-01 -3.3127e+00
379 0 +7.866358958e+00 -7.467936410e+02 -7.467936410e+02 +8.4566e-01 +5.0541e-01 -3.3132e+00
380 0 +7.669877774e+00 -7.469901222e+02 -7.469901222e+02 +5.8169e-01 +5.1093e-01 -3.3118e+00
393 0 +6.043933497e+00 -7.486160665e+02 -7.486160665e+02 +3.0595e-01 +4.8282e-01 -3.3123e+00
398 0 +5.113858862e+00 -7.495461411e+02 -7.495461411e+02 +2.6609e-01 +5.0984e-01 -3.3121e+00
400 0 +3.074154981e+00 -7.515858450e+02 -7.515858450e+02 -1.5978e-01 +5.2112e-01 -3.3136e+00
407 0 +2.632443432e+00 -7.520275566e+02 -7.520275566e+02 -6.7713e-01 +5.4558e-01 -3.3130e+00
411 0 +2.469456601e+00 -7.521905434e+02 -7.521905434e+02 -1.0046e+00 +4.7194e-01 -3.3126e+00
418 0 +5.460903740e-01 -7.541139096e+02 -7.541139096e+02 -1.1809e+00 +5.1953e-01 -3.3129e+00
481 0 +3.968498194e-01 -7.542631502e+02 -7.542631502e+02 -1.9396e+00 +5.3090e-01 -3.3131e+00
507 0 +3.577712752e-01 -7.543022287e+02 -7.543022287e+02 -1.5832e+00 +5.2981e-01 -3.3128e+00
516 0 +3.279420656e-01 -7.543320579e+02 -7.543320579e+02 -1.4211e+00 +5.2495e-01 -3.3128e+00
519 0 +2.263372701e-01 -7.544336627e+02 -7.544336627e+02 -1.8715e+00 +5.2067e-01 -3.3132e+00
528 0 +5.835504797e-02 -7.546016450e+02 -7.546016450e+02 -1.9299e+00 +5.1625e-01 -3.3130e+00
544 0 +3.218944037e-02 -7.546278106e+02 -7.546278106e+02 -1.9394e+00 +5.1082e-01 -3.3129e+00
552 0 +1.109702486e-02 -7.546489030e+02 -7.546489030e+02 -1.9327e+00 +5.1049e-01 -3.3128e+00
587 0 +2.833214115e-03 -7.546571668e+02 -7.546571668e+02 -1.8107e+00 +5.1349e-01 -3.3128e+00
616 0 +3.913792694e-04 -7.546596086e+02 -7.546596086e+02 -1.8371e+00 +5.1148e-01 -3.3128e+00
668 0 +8.287269986e-05 -7.546599171e+02 -7.546599171e+02 -1.8380e+00 +5.1177e-01 -3.3128e+00
691 0 +6.734106216e-05 -7.546599327e+02 -7.546599327e+02 -1.8312e+00 +5.1202e-01 -3.3128e+00
694 0 +5.657846748e-05 -7.546599434e+02 -7.546599434e+02 -1.8350e+00 +5.1187e-01 -3.3128e+00
696 0 +3.589058474e-05 -7.546599641e+02 -7.546599641e+02 -1.8409e+00 +5.1182e-01 -3.3128e+00
709 0 +1.854596189e-05 -7.546599815e+02 -7.546599815e+02 -1.8374e+00 +5.1193e-01 -3.3128e+00
717 0 +7.733618872e-06 -7.546599923e+02 -7.546599923e+02 -1.8371e+00 +5.1197e-01 -3.3128e+00
732 0 +5.138928259e-06 -7.546599949e+02 -7.546599949e+02 -1.8396e+00 +5.1197e-01 -3.3128e+00
734 0 +3.264082125e-07 -7.546599997e+02 -7.546599997e+02 -1.8393e+00 +5.1200e-01 -3.3128e+00
757 0 +5.262688774e-08 -7.546599999e+02 -7.546599999e+02 -1.8394e+00 +5.1200e-01 -3.3128e+00
822 0 +3.875766197e-08 -7.546600000e+02 -7.546600000e+02 -1.8392e+00 +5.1200e-01 -3.3128e+00
834 0 +7.536414159e-09 -7.546600000e+02 -7.546600000e+02 -1.8392e+00 +5.1200e-01 -3.3128e+00
1094 0 +0.000000000e+00 -7.546600000e+02 -7.546600000e+02 -1.8392e+00 +5.1200e-01 -3.3128e+00
