% f evaluations | g evaluations | best noise-free fitness - Fopt (-1.694000000000e+01) + sum g_i+ | measured fitness | best measured fitness or single-digit g-values | x1 | x2...
1 0 +1.274898090e+02 +1.105498090e+02 +1.105498090e+02 -2.0177e+00 +3.5107e-01
2 0 +9.084215282e+00 -7.855784718e+00 -7.855784718e+00 +4.6799e+00 +6.2113e-01
7 0 +7.902948167e+00 -9.037051833e+00 -9.037051833e+00 +4.1034e+00 -2.4043e+00
9 0 +7.604295217e-01 -1.617957048e+01 -1.617957048e+01 +3.5468e+00 +2.2395e+00
313 0 +6.713034089e-01 -1.626869659e+01 -1.626869659e+01 +3.8458e+00 +2.1495e+00
585 0 +6.513674442e-01 -1.628863256e+01 -1.628863256e+01 +3.6864e+00 +2.9653e+00
705 0 +4.140466018e-01 -1.652595340e+01 -1.652595340e+01 +3.6864e+00 +2.6023e+00
739 0 +2.468171192e-01 -1.669318288e+01 -1.669318288e+01 +3.5276e+00 +2.6121e+00
1023 0 +8.205751577e-02 -1.685794248e+01 -1.685794248e+01 +3.6338e+00 +2.5987e+00
1195 0 +7.480804792e-02 -1.686519195e+01 -1.686519195e+01 +3.6482e+00 +2.5095e+00
1635 0 +5.855325504e-02 -1.688144674e+01 -1.688144674e+01 +3.6507e+00 +2.5095e+00
2035 0 +4.524565139e-02 -1.689475435e+01 -1.689475435e+01 +3.6507e+00 +2.5285e+00
2169 0 +3.315249234e-02 -1.690684751e+01 -1.690684751e+01 +3.6627e+00 +2.5195e+00
2177 0 +3.086526499e-02 -1.690913474e+01 -1.690913474e+01 +3.6588e+00 +2.5313e+00
2245 0 +2.042670427e-02 -1.691957330e+01 -1.691957330e+01 +3.6530e+00 +2.5421e+00
2287 0 +3.067864556e-03 -1.693693214e+01 -1.693693214e+01 +3.6562e+00 +2.5468e+00
2767 0 +2.384659870e-03 -1.693761534e+01 -1.693761534e+01 +3.6562e+00 +2.5504e+00
3351 0 +1.793748132e-03 -1.693820625e+01 -1.693820625e+01 +3.6563e+00 +2.5485e+00
3391 0 +9.868284305e-04 -1.693901317e+01 -1.693901317e+01 +3.6563e+00 +2.5488e+00
3939 0 +4.001815795e-04 -1.693959982e+01 -1.693959982e+01 +3.6561e+00 +2.5493e+00
4059 0 +2.357142939e-04 -1.693976429e+01 -1.693976429e+01 +3.6561e+00 +2.5495e+00
4677 0 +1.237679770e-04 -1.693987623e+01 -1.693987623e+01 +3.6560e+00 +2.5496e+00
4909 0 +8.162269337e-05 -1.693991838e+01 -1.693991838e+01 +3.6560e+00 +2.5496e+00
5357 0 +2.934904540e-05 -1.693997065e+01 -1.693997065e+01 +3.6560e+00 +2.5496e+00
6137 0 +2.883910048e-05 -1.693997116e+01 -1.693997116e+01 +3.6560e+00 +2.5496e+00
6231 0 +1.595701502e-06 -1.693999840e+01 -1.693999840e+01 +3.6560e+00 +2.5496e+00
6627 0 +9.989928316e-07 -1.693999900e+01 -1.693999900e+01 +3.6560e+00 +2.5496e+00
7253 0 +7.026545887e-07 -1.693999930e+01 -1.693999930e+01 +3.6560e+00 +2.5496e+00
7307 0 +5.975021224e-07 -1.693999940e+01 -1.693999940e+01 +3.6560e+00 +2.5496e+00
7813 0 +5.447443741e-07 -1.693999946e+01 -1.693999946e+01 +3.6560e+00 +2.5496e+00
7987 0 +4.356067684e-07 -1.693999956e+01 -1.693999956e+01 +3.6560e+00 +2.5496e+00
8213 0 +3.944343305e-07 -1.693999961e+01 -1.693999961e+01 +3.6560e+00 +2.5496e+00
8267 0 +3.092915399e-07 -1.693999969e+01 -1.693999969e+01 +3.6560e+00 +2.5496e+00
8453 0 +2.644191746e-07 -1.693999974e+01 -1.693999974e+01 +3.6560e+00 +2.5496e+00
8477 0 +2.310678902e-07 -1.693999977e+01 -1.693999977e+01 +3.6560e+00 +2.5496e+00
8517 0 +1.496641460e-07 -1.693999985e+01 -1.693999985e+01 +3.6560e+00 +2.5496e+00
8595 0 +1.257137292e-07 -1.693999987e+01 -1.693999987e+01 +3.6560e+00 +2.5496e+00
8877 0 +1.195669981e-07 -1.693999988e+01 -1.693999988e+01 +3.6560e+00 +2.5496e+00
8903 0 +6.479744030e-08 -1.693999994e+01 -1.693999994e+01 +3.6560e+00 +2.5496e+00
9101 0 +7.836629123e-09 -1.693999999e+01 -1.693999999e+01 +3.6560e+00 +2.5496e+00
13867 0 +0.000000000e+00 -1.694000000e+01 -1.694000000e+01 +3.6560e+00 +2.5496e+00
% f evaluations | g evaluations | best noise-free fitness - Fopt (1.881000000000e+01) + sum g_i+ | measured fitness | best measured fitness or single-digit g-values | x1 | x2...
1 0 +8.269966889e+00 +2.707996689e+01 +2.707996689e+01 +2.0958e+00 +8.1740e-01
2 0 +7.964136830e+00 +2.677413683e+01 +2.677413683e+01 -2.2714e+00 +1.8437e+00
3 0 +3.163677101e+00 +2.197367710e+01 +2.197367710e+01 -3.0156e-01 +2.7807e+00
169 0 +2.423592100e+00 +2.123359210e+01 +2.123359210e+01 +9.2494e-01 +2.3881e+00
183 0 +5.785781014e-01 +1.938857810e+01 +1.938857810e+01 -5.4554e-01 +1.8437e+00
385 0 +1.618190275e-01 +1.897181903e+01 +1.897181903e+01 -3.0156e-01 +1.7513e+00
1581 0 +6.381106226e-02 +1.887381106e+01 +1.887381106e+01 -1.1155e-01 +1.7644e+00
1813 0 +3.428498611e-02 +1.884428499e+01 +1.884428499e+01 -1.5152e-01 +1.7736e+00
2053 0 +3.209699886e-02 +1.884209700e+01 +1.884209700e+01 -1.5152e-01 +1.7709e+00
2703 0 +2.544055133e-02 +1.883544055e+01 +1.883544055e+01 -1.7673e-01 +1.7761e+00
2709 0 +7.980415028e-03 +1.881798042e+01 +1.881798042e+01 -1.9727e-01 +1.7795e+00
2759 0 +7.855878239e-03 +1.881785588e+01 +1.881785588e+01 -1.8479e-01 +1.7819e+00
2833 0 +7.287187147e-03 +1.881728719e+01 +1.881728719e+01 -1.9115e-01 +1.7801e+00
3205 0 +6.191436429e-03 +1.881619144e+01 +1.881619144e+01 -1.8714e-01 +1.7800e+00
3227 0 +5.501464076e-03 +1.881550146e+01 +1.881550146e+01 -1.9070e-01 +1.7796e+00
3301 0 +4.056502631e-03 +1.881405650e+01 +1.881405650e+01 -1.8873e-01 +1.7810e+00
3313 0 +1.745648757e-03 +1.881174565e+01 +1.881174565e+01 -1.9115e-01 +1.7812e+00
3737 0 +1.174075899e-03 +1.881117408e+01 +1.881117408e+01 -1.9208e-01 +1.7810e+00
4153 0 +1.071884417e-03 +1.881107188e+01 +1.881107188e+01 -1.9115e-01 +1.7805e+00
4303 0 +9.972497895e-04 +1.881099725e+01 +1.881099725e+01 -1.9021e-01 +1.7807e+00
4707 0 +3.270419230e-04 +1.881032704e+01 +1.881032704e+01 -1.9138e-01 +1.7809e+00
4753 0 +2.569627305e-04 +1.881025696e+01 +1.881025696e+01 -1.9095e-01 +1.7808e+00
5347 0 +2.326791217e-04 +1.881023268e+01 +1.881023268e+01 -1.9122e-01 +1.7809e+00
5615 0 +6.809573187e-05 +1.881006810e+01 +1.881006810e+01 -1.9123e-01 +1.7808e+00
6015 0 +2.943761990e-05 +1.881002944e+01 +1.881002944e+01 -1.9123e-01 +1.7808e+00
7043 0 +1.331185707e-05 +1.881001331e+01 +1.881001331e+01 -1.9120e-01 +1.7808e+00
7163 0 +3.308770289e-06 +1.881000331e+01 +1.881000331e+01 -1.9120e-01 +1.7808e+00
7483 0 +1.788473966e-06 +1.881000179e+01 +1.881000179e+01 -1.9120e-01 +1.7808e+00
8343 0 +9.357941870e-07 +1.881000094e+01 +1.881000094e+01 -1.9120e-01 +1.7808e+00
8953 0 +7.883554147e-07 +1.881000079e+01 +1.881000079e+01 -1.9120e-01 +1.7808e+00
9071 0 +5.816549447e-07 +1.881000058e+01 +1.881000058e+01 -1.9120e-01 +1.7808e+00
9231 0 +5.592056596e-07 +1.881000056e+01 +1.881000056e+01 -1.9120e-01 +1.7808e+00
9317 0 +4.835105827e-07 +1.881000048e+01 +1.881000048e+01 -1.9120e-01 +1.7808e+00
9423 0 +4.477231776e-07 +1.881000045e+01 +1.881000045e+01 -1.9120e-01 +1.7808e+00
9459 0 +3.848585060e-07 +1.881000038e+01 +1.881000038e+01 -1.9120e-01 +1.7808e+00
9521 0 +3.007721006e-07 +1.881000030e+01 +1.881000030e+01 -1.9120e-01 +1.7808e+00
9529 0 +1.740259918e-07 +1.881000017e+01 +1.881000017e+01 -1.9120e-01 +1.7808e+00
9569 0 +1.338946589e-07 +1.881000013e+01 +1.881000013e+01 -1.9120e-01 +1.7808e+00
9723 0 +1.012482151e-07 +1.881000010e+01 +1.881000010e+01 -1.9120e-01 +1.7808e+00
9771 0 +9.304548598e-08 +1.881000009e+01 +1.881000009e+01 -1.9120e-01 +1.7808e+00
9779 0 +6.504810912e-08 +1.881000007e+01 +1.881000007e+01 -1.9120e-01 +1.7808e+00
9827 0 +3.570708529e-08 +1.881000004e+01 +1.881000004e+01 -1.9120e-01 +1.7808e+00
9881 0 +1.495053326e-08 +1.881000001e+01 +1.881000001e+01 -1.9120e-01 +1.7808e+00
9947 0 +1.309797781e-08 +1.881000001e+01 +1.881000001e+01 -1.9120e-01 +1.7808e+00
10013 0 +6.816875953e-09 +1.881000001e+01 +1.881000001e+01 -1.9120e-01 +1.7808e+00
13453 0 +0.000000000e+00 +1.881000000e+01 +1.881000000e+01 -1.9120e-01 +1.7808e+00
% f evaluations | g evaluations | best noise-free fitness - Fopt (2.731500000000e+02) + sum g_i+ | measured fitness | best measured fitness or single-digit g-values | x1 | x2...
1 0 +7.302393245e+01 +3.461739324e+02 +3.461739324e+02 +1.9571e+00 +1.7704e+00
3 0 +1.154159440e+00 +2.743041594e+02 +2.743041594e+02 -3.5180e+00 +4.1789e+00
8 0 +8.900660222e-01 +2.740400660e+02 +2.740400660e+02 -3.2423e+00 +3.9983e+00
145 0 +7.521732438e-01 +2.739021732e+02 +2.739021732e+02 -3.1819e+00 +4.1789e+00
513 0 +5.460412451e-01 +2.736960412e+02 +2.736960412e+02 -3.7444e+00 +3.4737e+00
687 0 +1.439085755e-01 +2.732939086e+02 +2.732939086e+02 -3.5862e+00 +3.8151e+00
1223 0 +9.519257378e-02 +2.732451926e+02 +2.732451926e+02 -3.5471e+00 +3.8166e+00
1307 0 +5.811398275e-02 +2.732081140e+02 +2.732081140e+02 -3.5756e+00 +3.8003e+00
2411 0 +4.344799158e-02 +2.731934480e+02 +2.731934480e+02 -3.5591e+00 +3.7968e+00
2507 0 +1.899542847e-02 +2.731689954e+02 +2.731689954e+02 -3.5756e+00 +3.7706e+00
2867 0 +7.592908983e-03 +2.731575929e+02 +2.731575929e+02 -3.5756e+00 +3.7621e+00
2889 0 +3.032770432e-03 +2.731530328e+02 +2.731530328e+02 -3.5792e+00 +3.7518e+00
3869 0 +1.601161308e-03 +2.731516012e+02 +2.731516012e+02 -3.5796e+00 +3.7525e+00
3989 0 +1.287429549e-03 +2.731512874e+02 +2.731512874e+02 -3.5796e+00 +3.7531e+00
4029 0 +1.215866199e-03 +2.731512159e+02 +2.731512159e+02 -3.5796e+00 +3.7532e+00
4315 0 +1.047190022e-03 +2.731510472e+02 +2.731510472e+02 -3.5795e+00 +3.7527e+00
4629 0 +9.849217690e-04 +2.731509849e+02 +2.731509849e+02 -3.5796e+00 +3.7534e+00
4777 0 +6.675358707e-04 +2.731506675e+02 +2.731506675e+02 -3.5791e+00 +3.7536e+00
5225 0 +2.788198237e-04 +2.731502788e+02 +2.731502788e+02 -3.5793e+00 +3.7534e+00
5737 0 +2.421161523e-04 +2.731502421e+02 +2.731502421e+02 -3.5793e+00 +3.7536e+00
5977 0 +2.332146237e-04 +2.731502332e+02 +2.731502332e+02 -3.5793e+00 +3.7535e+00
6407 0 +1.973273774e-04 +2.731501973e+02 +2.731501973e+02 -3.5792e+00 +3.7535e+00
6927 0 +1.250561730e-04 +2.731501251e+02 +2.731501251e+02 -3.5792e+00 +3.7535e+00
7061 0 +1.031077300e-04 +2.731501031e+02 +2.731501031e+02 -3.5792e+00 +3.7536e+00
7103 0 +3.559780333e-05 +2.731500356e+02 +2.731500356e+02 -3.5792e+00 +3.7536e+00
7803 0 +3.044414831e-05 +2.731500304e+02 +2.731500304e+02 -3.5792e+00 +3.7536e+00
7943 0 +2.962528526e-05 +2.731500296e+02 +2.731500296e+02 -3.5792e+00 +3.7536e+00
8385 0 +2.931686612e-05 +2.731500293e+02 +2.731500293e+02 -3.5792e+00 +3.7536e+00
8571 0 +1.931114940e-05 +2.731500193e+02 +2.731500193e+02 -3.5792e+00 +3.7536e+00
9067 0 +1.382041592e-05 +2.731500138e+02 +2.731500138e+02 -3.5792e+00 +3.7536e+00
9475 0 +6.427480400e-06 +2.731500064e+02 +2.731500064e+02 -3.5792e+00 +3.7536e+00
9521 0 +3.826909619e-06 +2.731500038e+02 +2.731500038e+02 -3.5792e+00 +3.7536e+00
9867 0 +1.594880814e-06 +2.731500016e+02 +2.731500016e+02 -3.5792e+00 +3.7536e+00
10075 0 +1.567755135e-06 +2.731500016e+02 +2.731500016e+02 -3.5792e+00 +3.7536e+00
10147 0 +1.542427810e-06 +2.731500015e+02 +2.731500015e+02 -3.5792e+00 +3.7536e+00
10171 0 +1.157447514e-06 +2.731500012e+02 +2.731500012e+02 -3.5792e+00 +3.7536e+00
10265 0 +6.229221867e-07 +2.731500006e+02 +2.731500006e+02 -3.5792e+00 +3.7536e+00
10357 0 +5.736588946e-07 +2.731500006e+02 +2.731500006e+02 -3.5792e+00 +3.7536e+00
10663 0 +5.098747238e-07 +2.731500005e+02 +2.731500005e+02 -3.5792e+00 +3.7536e+00
10785 0 +4.435528922e-07 +2.731500004e+02 +2.731500004e+02 -3.5792e+00 +3.7536e+00
10997 0 +4.034197332e-07 +2.731500004e+02 +2.731500004e+02 -3.5792e+00 +3.7536e+00
11093 0 +2.906040777e-07 +2.731500003e+02 +2.731500003e+02 -3.5792e+00 +3.7536e+00
11193 0 +2.169757636e-07 +2.731500002e+02 +2.731500002e+02 -3.5792e+00 +3.7536e+00
11467 0 +1.769757318e-07 +2.731500002e+02 +2.731500002e+02 -3.5792e+00 +3.7536e+00
11711 0 +1.706833359e-07 +2.731500002e+02 +2.731500002e+02 -3.5792e+00 +3.7536e+00
11725 0 +1.477673095e-07 +2.731500001e+02 +2.731500001e+02 -3.5792e+00 +3.7536e+00
11729 0 +4.565805511e-08 +2.731500000e+02 +2.731500000e+02 -3.5792e+00 +3.7536e+00
11855 0 +4.430285117e-08 +2.731500000e+02 +2.731500000e+02 -3.5792e+00 +3.7536e+00
11859 0 +2.525911214e-08 +2.731500000e+02 +2.731500000e+02 -3.5792e+00 +3.7536e+00
12281 0 +2.492521389e-08 +2.731500000e+02 +2.731500000e+02 -3.5792e+00 +3.7536e+00
12321 0 +1.162254648e-08 +2.731500000e+02 +2.731500000e+02 -3.5792e+00 +3.7536e+00
12625 0 +3.964998996e-09 +2.731500000e+02 +2.731500000e+02 -3.5792e+00 +3.7536e+00
17263 0 +0.000000000e+00 +2.731500000e+02 +2.731500000e+02 -3.5792e+00 +3.7536e+00
% f evaluations | g evaluations | best noise-free fitness - Fopt (3.718000000000e+01) + sum g_i+ | measured fitness | best measured fitness or single-digit g-values | x1 | x2...
1 0 +1.480066045e+01 +5.198066045e+01 +5.198066045e+01 -1.0490e+00 -2.5072e+00
8 0 +1.339027519e+01 +5.057027519e+01 +5.057027519e+01 +4.0769e+00 -4.3631e-01
10 0 +5.668218216e+00 +4.284821822e+01 +4.284821822e+01 -2.7209e+00 +3.1912e+00
12 0 +5.220956507e+00 +4.240095651e+01 +4.240095651e+01 -4.0951e+00 +3.4674e+00
311 0 +4.299855138e+00 +4.147985514e+01 +4.147985514e+01 -2.2395e+00 +2.7033e+00
349 0 +1.254231894e+00 +3.843423189e+01 +3.843423189e+01 -4.0966e+00 +2.2557e+00
705 0 +1.173655298e+00 +3.835365530e+01 +3.835365530e+01 -3.7077e+00 +2.1683e+00
749 0 +9.121038007e-01 +3.809210380e+01 +3.809210380e+01 -4.0966e+00 +2.2182e+00
765 0 +6.265804193e-01 +3.780658042e+01 +3.780658042e+01 -4.2808e+00 +2.1134e+00
991 0 +2.413654525e-01 +3.742136545e+01 +3.742136545e+01 -4.0541e+00 +2.0529e+00
1197 0 +2.176744644e-01 +3.739767446e+01 +3.739767446e+01 -3.8173e+00 +2.0473e+00
1277 0 +1.884141802e-01 +3.736841418e+01 +3.736841418e+01 -3.8173e+00 +2.0079e+00
1291 0 +9.200501556e-02 +3.727200502e+01 +3.727200502e+01 -3.8766e+00 +2.0570e+00
1613 0 +4.021232448e-02 +3.722021232e+01 +3.722021232e+01 -3.9089e+00 +2.0622e+00
1733 0 +3.287865415e-02 +3.721287865e+01 +3.721287865e+01 -3.9300e+00 +2.0622e+00
1859 0 +2.006460252e-02 +3.720006460e+01 +3.720006460e+01 -3.9031e+00 +2.0549e+00
2253 0 +7.701686049e-03 +3.718770169e+01 +3.718770169e+01 -3.9048e+00 +2.0622e+00
2869 0 +2.140366429e-03 +3.718214037e+01 +3.718214037e+01 -3.8995e+00 +2.0602e+00
3727 0 +3.914222632e-04 +3.718039142e+01 +3.718039142e+01 -3.8991e+00 +2.0600e+00
4277 0 +2.428192156e-04 +3.718024282e+01 +3.718024282e+01 -3.8992e+00 +2.0599e+00
4319 0 +2.296400456e-04 +3.718022964e+01 +3.718022964e+01 -3.8990e+00 +2.0600e+00
4599 0 +1.220660234e-04 +3.718012207e+01 +3.718012207e+01 -3.8993e+00 +2.0600e+00
5037 0 +2.976470572e-05 +3.718002976e+01 +3.718002976e+01 -3.8992e+00 +2.0600e+00
5891 0 +2.878170517e-05 +3.718002878e+01 +3.718002878e+01 -3.8992e+00 +2.0600e+00
6499 0 +7.290177031e-06 +3.718000729e+01 +3.718000729e+01 -3.8992e+00 +2.0600e+00
6737 0 +3.670844933e-06 +3.718000367e+01 +3.718000367e+01 -3.8992e+00 +2.0600e+00
7173 0 +2.604216277e-06 +3.718000260e+01 +3.718000260e+01 -3.8992e+00 +2.0600e+00
7215 0 +1.091903705e-06 +3.718000109e+01 +3.718000109e+01 -3.8992e+00 +2.0600e+00
7259 0 +6.461127739e-07 +3.718000065e+01 +3.718000065e+01 -3.8992e+00 +2.0600e+00
7659 0 +5.959162905e-07 +3.718000060e+01 +3.718000060e+01 -3.8992e+00 +2.0600e+00
8121 0 +5.241775014e-07 +3.718000052e+01 +3.718000052e+01 -3.8992e+00 +2.0600e+00
8501 0 +3.050683972e-07 +3.718000031e+01 +3.718000031e+01 -3.8992e+00 +2.0600e+00
8583 0 +2.622385509e-07 +3.718000026e+01 +3.718000026e+01 -3.8992e+00 +2.0600e+00
8695 0 +2.337966123e-07 +3.718000023e+01 +3.718000023e+01 -3.8992e+00 +2.0600e+00
8725 0 +2.253930163e-07 +3.718000023e+01 +3.718000023e+01 -3.8992e+00 +2.0600e+00
8837 0 +2.115138003e-07 +3.718000021e+01 +3.718000021e+01 -3.8992e+00 +2.0600e+00
8863 0 +1.270455243e-07 +3.718000013e+01 +3.718000013e+01 -3.8992e+00 +2.0600e+00
9021 0 +8.075080871e-08 +3.718000008e+01 +3.718000008e+01 -3.8992e+00 +2.0600e+00
9097 0 +5.539952497e-08 +3.718000006e+01 +3.718000006e+01 -3.8992e+00 +2.0600e+00
9225 0 +3.469129695e-08 +3.718000003e+01 +3.718000003e+01 -3.8992e+00 +2.0600e+00
9291 0 +2.452561887e-08 +3.718000002e+01 +3.718000002e+01 -3.8992e+00 +2.0600e+00
9427 0 +9.323983363e-09 +3.718000001e+01 +3.718000001e+01 -3.8992e+00 +2.0600e+00
12701 0 +0.000000000e+00 +3.718000000e+01 +3.718000000e+01 -3.8992e+00 +2.0600e+00
% f evaluations | g evaluations | best noise-free fitness - Fopt (-1.479000000000e+02) + sum g_i+ | measured fitness | best measured fitness or single-digit g-values | x1 | x2...
1 0 +2.612559738e+01 -1.217744026e+02 -1.217744026e+02 +3.3173e-01 +1.3675e+00
2 0 +9.926178659e+00 -1.379738213e+02 -1.379738213e+02 +4.3023e-01 -2.8995e+00
3 0 +2.625242505e+00 -1.452747575e+02 -1.452747575e+02 -3.1371e-01 -3.4445e-01
65 0 +2.479545931e+00 -1.454204541e+02 -1.454204541e+02 -3.1371e-01 -8.4479e-01
91 0 +1.078199144e+00 -1.468218009e+02 -1.468218009e+02 -2.3470e+00 +4.8694e-01
187 0 +7.427787877e-01 -1.471572212e+02 -1.471572212e+02 -2.0815e+00 +2.6618e-01
507 0 +7.115534492e-01 -1.471884466e+02 -1.471884466e+02 -1.9967e+00 +2.6618e-01
591 0 +6.654422418e-01 -1.472345578e+02 -1.472345578e+02 -1.7005e+00 +3.1544e-01
1053 0 +2.017189318e-01 -1.476982811e+02 -1.476982811e+02 -1.7622e+00 +1.6480e-01
1603 0 +5.813863227e-02 -1.478418614e+02 -1.478418614e+02 -1.6903e+00 +1.5427e-01
2029 0 +4.767148814e-02 -1.478523285e+02 -1.478523285e+02 -1.6827e+00 +1.3228e-01
2181 0 +2.033103663e-02 -1.478796690e+02 -1.478796690e+02 -1.6586e+00 +1.3251e-01
2465 0 +1.311996294e-02 -1.478868800e+02 -1.478868800e+02 -1.6739e+00 +1.3985e-01
2575 0 +4.193835323e-03 -1.478958062e+02 -1.478958062e+02 -1.6701e+00 +1.3390e-01
3055 0 +1.095568993e-03 -1.478989044e+02 -1.478989044e+02 -1.6701e+00 +1.3545e-01
4479 0 +5.080800377e-04 -1.478994919e+02 -1.478994919e+02 -1.6705e+00 +1.3542e-01
4679 0 +2.312827603e-04 -1.478997687e+02 -1.478997687e+02 -1.6705e+00 +1.3526e-01
5739 0 +1.778099770e-04 -1.478998222e+02 -1.478998222e+02 -1.6704e+00 +1.3523e-01
6751 0 +9.102721091e-05 -1.478999090e+02 -1.478999090e+02 -1.6704e+00 +1.3516e-01
7021 0 +3.028654626e-05 -1.478999697e+02 -1.478999697e+02 -1.6704e+00 +1.3520e-01
7503 0 +2.919581655e-05 -1.478999708e+02 -1.478999708e+02 -1.6704e+00 +1.3519e-01
7893 0 +7.068647705e-06 -1.478999929e+02 -1.478999929e+02 -1.6704e+00 +1.3520e-01
8661 0 +3.232179267e-06 -1.478999968e+02 -1.478999968e+02 -1.6704e+00 +1.3520e-01
9461 0 +2.839082981e-06 -1.478999972e+02 -1.478999972e+02 -1.6704e+00 +1.3520e-01
9579 0 +2.230449127e-06 -1.478999978e+02 -1.478999978e+02 -1.6704e+00 +1.3520e-01
9601 0 +1.569668058e-06 -1.478999984e+02 -1.478999984e+02 -1.6704e+00 +1.3520e-01
9633 0 +1.345161706e-06 -1.478999987e+02 -1.478999987e+02 -1.6704e+00 +1.3520e-01
9679 0 +7.850033228e-07 -1.478999992e+02 -1.478999992e+02 -1.6704e+00 +1.3520e-01
9911 0 +6.480159982e-07 -1.478999994e+02 -1.478999994e+02 -1.6704e+00 +1.3520e-01
10101 0 +5.641964265e-07 -1.478999994e+02 -1.478999994e+02 -1.6704e+00 +1.3520e-01
10261 0 +5.417954014e-07 -1.478999995e+02 -1.478999995e+02 -1.6704e+00 +1.3520e-01
10787 0 +4.724589644e-07 -1.478999995e+02 -1.478999995e+02 -1.6704e+00 +1.3520e-01
10929 0 +3.364031329e-07 -1.478999997e+02 -1.478999997e+02 -1.6704e+00 +1.3520e-01
10985 0 +2.342418952e-07 -1.478999998e+02 -1.478999998e+02 -1.6704e+00 +1.3520e-01
11267 0 +1.172764428e-07 -1.478999999e+02 -1.478999999e+02 -1.6704e+00 +1.3520e-01
11541 0 +7.952564829e-08 -1.478999999e+02 -1.478999999e+02 -1.6704e+00 +1.3520e-01
12215 0 +4.897472650e-08 -1.479000000e+02 -1.479000000e+02 -1.6704e+00 +1.3520e-01
12339 0 +3.582960062e-08 -1.479000000e+02 -1.479000000e+02 -1.6704e+00 +1.3520e-01
12409 0 +2.079627848e-08 -1.479000000e+02 -1.479000000e+02 -1.6704e+00 +1.3520e-01
12413 0 +1.803627470e-08 -1.479000000e+02 -1.479000000e+02 -1.6704e+00 +1.3520e-01
12547 0 +1.675147132e-08 -1.479000000e+02 -1.479000000e+02 -1.6704e+00 +1.3520e-01
12587 0 +1.078362288e-08 -1.479000000e+02 -1.479000000e+02 -1.6704e+00 +1.3520e-01
12815 0 +5.887329735e-09 -1.479000000e+02 -1.479000000e+02 -1.6704e+00 +1.3520e-01
17661 0 +0.000000000e+00 -1.479000000e+02 -1.479000000e+02 -1.6704e+00 +1.3520e-01
% f evaluations | g evaluations | best noise-free fitness - Fopt (1.699300000000e+02) + sum g_i+ | measured fitness | best measured fitness or single-digit g-values | x1 | x2...
1 0 +1.195458800e+01 +1.818845880e+02 +1.818845880e+02 +4.0683e+00 +9.2397e-01
2 0 +8.486221692e+00 +1.784162217e+02 +1.784162217e+02 +4.8871e+00 +4.7342e+00
6 0 +7.962917132e+00 +1.778929171e+02 +1.778929171e+02 -3.0004e+00 -2.5099e+00
10 0 +7.516755399e+00 +1.774467554e+02 +1.774467554e+02 -1.0061e+00 +1.3408e+00
33 0 +5.570711220e+00 +1.755007112e+02 +1.755007112e+02 -6.0598e-01 -1.8684e+00
49 0 +2.561941529e+00 +1.724919415e+02 +1.724919415e+02 +7.0509e-01 +7.3302e-01
261 0 +3.110937569e-01 +1.702410938e+02 +1.702410938e+02 -1.1027e+00 -2.3977e-01
453 0 +2.887867085e-01 +1.702187867e+02 +1.702187867e+02 -1.2008e+00 -1.8430e-01
777 0 +2.746850625e-01 +1.702046851e+02 +1.702046851e+02 -1.1166e+00 -1.7966e-01
1173 0 +1.885696946e-01 +1.701185697e+02 +1.701185697e+02 -1.1785e+00 -1.8430e-01
1377 0 +1.584548543e-01 +1.700884549e+02 +1.700884549e+02 -1.1847e+00 -1.7966e-01
2023 0 +1.407270250e-01 +1.700707270e+02 +1.700707270e+02 -1.0122e+00 -1.3565e-01
2143 0 +1.215870937e-01 +1.700515871e+02 +1.700515871e+02 -1.1204e+00 -1.3565e-01
2665 0 +3.888702240e-02 +1.699688870e+02 +1.699688870e+02 -1.0479e+00 -1.2553e-01
2717 0 +1.652301595e-02 +1.699465230e+02 +1.699465230e+02 -1.0271e+00 -1.0311e-01
3467 0 +7.639879249e-03 +1.699376399e+02 +1.699376399e+02 -1.0285e+00 -1.0999e-01
4525 0 +7.584122471e-03 +1.699375841e+02 +1.699375841e+02 -1.0211e+00 -1.0905e-01
4661 0 +6.493951530e-03 +1.699364940e+02 +1.699364940e+02 -1.0213e+00 -1.0471e-01
4793 0 +2.133633304e-03 +1.699321336e+02 +1.699321336e+02 -1.0211e+00 -1.0561e-01
5301 0 +1.291101489e-03 +1.699312911e+02 +1.699312911e+02 -1.0213e+00 -1.0591e-01
5781 0 +2.305940077e-04 +1.699302306e+02 +1.699302306e+02 -1.0217e+00 -1.0655e-01
7891 0 +7.536291420e-05 +1.699300754e+02 +1.699300754e+02 -1.0216e+00 -1.0640e-01
8339 0 +4.607650908e-05 +1.699300461e+02 +1.699300461e+02 -1.0216e+00 -1.0643e-01
8467 0 +3.436837522e-05 +1.699300344e+02 +1.699300344e+02 -1.0216e+00 -1.0639e-01
8899 0 +3.270187625e-05 +1.699300327e+02 +1.699300327e+02 -1.0216e+00 -1.0641e-01
9267 0 +3.183168241e-05 +1.699300318e+02 +1.699300318e+02 -1.0216e+00 -1.0639e-01
10007 0 +3.046308214e-05 +1.699300305e+02 +1.699300305e+02 -1.0216e+00 -1.0638e-01
10111 0 +2.956339088e-05 +1.699300296e+02 +1.699300296e+02 -1.0216e+00 -1.0639e-01
10399 0 +2.946740543e-05 +1.699300295e+02 +1.699300295e+02 -1.0216e+00 -1.0639e-01
10547 0 +2.879928510e-05 +1.699300288e+02 +1.699300288e+02 -1.0216e+00 -1.0639e-01
10905 0 +2.202856533e-05 +1.699300220e+02 +1.699300220e+02 -1.0216e+00 -1.0640e-01
10985 0 +4.871612305e-07 +1.699300005e+02 +1.699300005e+02 -1.0216e+00 -1.0640e-01
13167 0 +3.799160311e-07 +1.699300004e+02 +1.699300004e+02 -1.0216e+00 -1.0640e-01
13419 0 +3.683647378e-07 +1.699300004e+02 +1.699300004e+02 -1.0216e+00 -1.0640e-01
13607 0 +3.311623402e-07 +1.699300003e+02 +1.699300003e+02 -1.0216e+00 -1.0640e-01
13703 0 +3.210256239e-07 +1.699300003e+02 +1.699300003e+02 -1.0216e+00 -1.0640e-01
13771 0 +2.907094085e-07 +1.699300003e+02 +1.699300003e+02 -1.0216e+00 -1.0640e-01
14093 0 +2.558766710e-07 +1.699300003e+02 +1.699300003e+02 -1.0216e+00 -1.0640e-01
14357 0 +1.694111802e-07 +1.699300002e+02 +1.699300002e+02 -1.0216e+00 -1.0640e-01
14493 0 +1.052071639e-07 +1.699300001e+02 +1.699300001e+02 -1.0216e+00 -1.0640e-01
14693 0 +8.732487800e-08 +1.699300001e+02 +1.699300001e+02 -1.0216e+00 -1.0640e-01
14909 0 +5.726585073e-08 +1.699300001e+02 +1.699300001e+02 -1.0216e+00 -1.0640e-01
14985 0 +4.605365689e-08 +1.699300000e+02 +1.699300000e+02 -1.0216e+00 -1.0640e-01
15279 0 +3.435260965e-08 +1.699300000e+02 +1.699300000e+02 -1.0216e+00 -1.0640e-01
15353 0 +2.184404480e-08 +1.699300000e+02 +1.699300000e+02 -1.0216e+00 -1.0640e-01
15441 0 +7.552728221e-09 +1.699300000e+02 +1.699300000e+02 -1.0216e+00 -1.0640e-01
21163 0 +0.000000000e+00 +1.699300000e+02 +1.699300000e+02 -1.0216e+00 -1.0640e-01
% f evaluations | g evaluations | best noise-free fitness - Fopt (1.181700000000e+02) + sum g_i+ | measured fitness | best measured fitness or single-digit g-values | x1 | x2...
1 0 +1.880589137e+01 +1.369758914e+02 +1.369758914e+02 +1.9687e+00 -4.7426e+00
5 0 +1.435363165e+01 +1.325236317e+02 +1.325236317e+02 +2.1608e+00 +3.1787e+00
6 0 +1.031050693e+01 +1.284805069e+02 +1.284805069e+02 +2.4308e+00 +4.1860e+00
11 0 +5.271528413e+00 +1.234415284e+02 +1.234415284e+02 -2.2249e-01 +4.1120e-01
207 0 +4.053925334e+00 +1.222239253e+02 +1.222239253e+02 +3.0322e-01 -4.5643e+00
217 0 +3.556391101e+00 +1.217263911e+02 +1.217263911e+02 +1.0414e+00 +4.1120e-01
453 0 +1.456159466e+00 +1.196261595e+02 +1.196261595e+02 +9.0845e-01 -3.4663e+00
619 0 +1.435013097e+00 +1.196050131e+02 +1.196050131e+02 +1.1940e+00 -1.6761e+00
723 0 +7.169691989e-01 +1.188869692e+02 +1.188869692e+02 +9.6359e-01 -2.7214e+00
973 0 +5.783863903e-02 +1.182278386e+02 +1.182278386e+02 +9.0845e-01 -2.5273e+00
2213 0 +3.382036464e-02 +1.182038204e+02 +1.182038204e+02 +9.0845e-01 -2.4920e+00
2379 0 +5.568705879e-03 +1.181755687e+02 +1.181755687e+02 +9.0519e-01 -2.4508e+00
2719 0 +5.139269689e-03 +1.181751393e+02 +1.181751393e+02 +9.0506e-01 -2.4538e+00
2759 0 +3.136912068e-03 +1.181731369e+02 +1.181731369e+02 +9.0506e-01 -2.4512e+00
3655 0 +1.171672345e-03 +1.181711717e+02 +1.181711717e+02 +9.0414e-01 -2.4516e+00
3815 0 +9.872508663e-04 +1.181709873e+02 +1.181709873e+02 +9.0414e-01 -2.4497e+00
4821 0 +4.331600954e-04 +1.181704332e+02 +1.181704332e+02 +9.0408e-01 -2.4507e+00
4973 0 +3.852302197e-05 +1.181700385e+02 +1.181700385e+02 +9.0400e-01 -2.4504e+00
5453 0 +2.917140507e-05 +1.181700292e+02 +1.181700292e+02 +9.0400e-01 -2.4504e+00
6291 0 +1.275710297e-05 +1.181700128e+02 +1.181700128e+02 +9.0400e-01 -2.4504e+00
7641 0 +1.053856180e-05 +1.181700105e+02 +1.181700105e+02 +9.0400e-01 -2.4504e+00
7769 0 +2.113606371e-06 +1.181700021e+02 +1.181700021e+02 +9.0400e-01 -2.4504e+00
8655 0 +1.263360005e-06 +1.181700013e+02 +1.181700013e+02 +9.0400e-01 -2.4504e+00
8667 0 +1.006436804e-06 +1.181700010e+02 +1.181700010e+02 +9.0400e-01 -2.4504e+00
8823 0 +6.095890939e-07 +1.181700006e+02 +1.181700006e+02 +9.0400e-01 -2.4504e+00
8843 0 +4.394959632e-07 +1.181700004e+02 +1.181700004e+02 +9.0400e-01 -2.4504e+00
9029 0 +3.086761069e-07 +1.181700003e+02 +1.181700003e+02 +9.0400e-01 -2.4504e+00
9371 0 +2.901928866e-07 +1.181700003e+02 +1.181700003e+02 +9.0400e-01 -2.4504e+00
9473 0 +1.533787355e-07 +1.181700002e+02 +1.181700002e+02 +9.0400e-01 -2.4504e+00
9603 0 +7.074839914e-08 +1.181700001e+02 +1.181700001e+02 +9.0400e-01 -2.4504e+00
10031 0 +5.321997776e-08 +1.181700001e+02 +1.181700001e+02 +9.0400e-01 -2.4504e+00
10053 0 +1.723788046e-08 +1.181700000e+02 +1.181700000e+02 +9.0400e-01 -2.4504e+00
10147 0 +8.489351444e-09 +1.181700000e+02 +1.181700000e+02 +9.0400e-01 -2.4504e+00
13867 0 +0.000000000e+00 +1.181700000e+02 +1.181700000e+02 +9.0400e-01 -2.4504e+00
% f evaluations | g evaluations | best noise-free fitness - Fopt (-1.791300000000e+02) + sum g_i+ | measured fitness | best measured fitness or single-digit g-values | x1 | x2...
1 0 +1.708347664e+01 -1.620465234e+02 -1.620465234e+02 -2.6182e+00 -8.1436e-01
4 0 +7.909730484e-01 -1.783390270e+02 -1.783390270e+02 +1.3372e+00 -3.7451e+00
603 0 +7.445079770e-01 -1.783854920e+02 -1.783854920e+02 +1.0558e+00 -3.2171e+00
923 0 +5.922201262e-01 -1.785377799e+02 -1.785377799e+02 +1.0558e+00 -3.3243e+00
1587 0 +4.994500626e-01 -1.786305499e+02 -1.786305499e+02 +1.3485e+00 -3.5841e+00
1717 0 +4.579920402e-01 -1.786720080e+02 -1.786720080e+02 +1.2148e+00 -3.2212e+00
1891 0 +1.740312721e-01 -1.789559687e+02 -1.789559687e+02 +1.2901e+00 -3.4490e+00
1931 0 +1.515230400e-01 -1.789784770e+02 -1.789784770e+02 +1.3848e+00 -3.4469e+00
1975 0 +1.314253715e-01 -1.789985746e+02 -1.789985746e+02 +1.2966e+00 -3.4219e+00
2439 0 +7.194764486e-02 -1.790580524e+02 -1.790580524e+02 +1.3351e+00 -3.3929e+00
2847 0 +1.770499500e-02 -1.791122950e+02 -1.791122950e+02 +1.3343e+00 -3.4169e+00
3903 0 +1.036192878e-02 -1.791196381e+02 -1.791196381e+02 +1.3284e+00 -3.4166e+00
4095 0 +4.017873559e-03 -1.791259821e+02 -1.791259821e+02 +1.3287e+00 -3.4165e+00
4559 0 +3.524601616e-03 -1.791264754e+02 -1.791264754e+02 +1.3298e+00 -3.4169e+00
4675 0 +1.146960434e-03 -1.791288530e+02 -1.791288530e+02 +1.3274e+00 -3.4136e+00
5163 0 +9.990822797e-04 -1.791290009e+02 -1.791290009e+02 +1.3281e+00 -3.4147e+00
5761 0 +6.102522612e-04 -1.791293897e+02 -1.791293897e+02 +1.3278e+00 -3.4142e+00
5841 0 +3.899083880e-04 -1.791296101e+02 -1.791296101e+02 +1.3279e+00 -3.4142e+00
6027 0 +2.418560783e-04 -1.791297581e+02 -1.791297581e+02 +1.3281e+00 -3.4145e+00
6321 0 +2.330354503e-04 -1.791297670e+02 -1.791297670e+02 +1.3279e+00 -3.4142e+00
7079 0 +1.507406417e-04 -1.791298493e+02 -1.791298493e+02 +1.3280e+00 -3.4144e+00
7413 0 +6.832005229e-05 -1.791299317e+02 -1.791299317e+02 +1.3280e+00 -3.4144e+00
7457 0 +5.691614322e-05 -1.791299431e+02 -1.791299431e+02 +1.3280e+00 -3.4144e+00
8391 0 +2.979062174e-05 -1.791299702e+02 -1.791299702e+02 +1.3280e+00 -3.4144e+00
8505 0 +2.880183428e-05 -1.791299712e+02 -1.791299712e+02 +1.3280e+00 -3.4144e+00
9169 0 +2.441724942e-05 -1.791299756e+02 -1.791299756e+02 +1.3280e+00 -3.4144e+00
9369 0 +1.145247057e-05 -1.791299885e+02 -1.791299885e+02 +1.3280e+00 -3.4144e+00
10443 0 +7.778991034e-06 -1.791299922e+02 -1.791299922e+02 +1.3280e+00 -3.4144e+00
10685 0 +1.886313299e-06 -1.791299981e+02 -1.791299981e+02 +1.3280e+00 -3.4144e+00
11661 0 +1.356970500e-06 -1.791299986e+02 -1.791299986e+02 +1.3280e+00 -3.4144e+00
11775 0 +6.483650168e-07 -1.791299994e+02 -1.791299994e+02 +1.3280e+00 -3.4144e+00
12149 0 +5.805701448e-07 -1.791299994e+02 -1.791299994e+02 +1.3280e+00 -3.4144e+00
12337 0 +2.793289866e-07 -1.791299997e+02 -1.791299997e+02 +1.3280e+00 -3.4144e+00
12449 0 +2.253314335e-07 -1.791299998e+02 -1.791299998e+02 +1.3280e+00 -3.4144e+00
13643 0 +1.734127579e-07 -1.791299998e+02 -1.791299998e+02 +1.3280e+00 -3.4144e+00
13687 0 +1.585369489e-07 -1.791299998e+02 -1.791299998e+02 +1.3280e+00 -3.4144e+00
13729 0 +1.382407504e-07 -1.791299999e+02 -1.791299999e+02 +1.3280e+00 -3.4144e+00
13909 0 +9.621192021e-08 -1.791299999e+02 -1.791299999e+02 +1.3280e+00 -3.4144e+00
13921 0 +9.346226193e-08 -1.791299999e+02 -1.791299999e+02 +1.3280e+00 -3.4144e+00
13943 0 +6.920444662e-08 -1.791299999e+02 -1.791299999e+02 +1.3280e+00 -3.4144e+00
14053 0 +5.736021080e-08 -1.791299999e+02 -1.791299999e+02 +1.3280e+00 -3.4144e+00
14149 0 +1.391384785e-08 -1.791300000e+02 -1.791300000e+02 +1.3280e+00 -3.4144e+00
14343 0 +9.147271385e-09 -1.791300000e+02 -1.791300000e+02 +1.3280e+00 -3.4144e+00
20397 0 +0.000000000e+00 -1.791300000e+02 -1.791300000e+02 +1.3280e+00 -3.4144e+00
% f evaluations | g evaluations | best noise-free fitness - Fopt (-5.784000000000e+02) + sum g_i+ | measured fitness | best measured fitness or single-digit g-values | x1 | x2...
1 0 +4.623762636e+01 -5.321623736e+02 -5.321623736e+02 +3.2387e+00 -3.3425e+00
2 0 +2.457775876e+01 -5.538222412e+02 -5.538222412e+02 +5.5254e-01 -3.2616e+00
4 0 +2.314725589e+01 -5.552527441e+02 -5.552527441e+02 -2.6956e+00 -2.2722e+00
5 0 +8.437693488e+00 -5.699623065e+02 -5.699623065e+02 -2.1650e+00 +2.4090e+00
7 0 +8.290025059e+00 -5.701099749e+02 -5.701099749e+02 -3.8413e+00 +1.4940e+00
59 0 +8.107588537e+00 -5.702924115e+02 -5.702924115e+02 -9.6939e-01 +8.9823e-01
89 0 +6.081304657e+00 -5.723186953e+02 -5.723186953e+02 -4.5160e+00 +2.6986e+00
161 0 +3.018947166e+00 -5.753810528e+02 -5.753810528e+02 -3.2571e+00 +3.2145e+00
287 0 +2.083251207e+00 -5.763167488e+02 -5.763167488e+02 -5.0000e+00 +5.0000e+00
381 0 +1.851979377e+00 -5.765480206e+02 -5.765480206e+02 -3.2947e+00 +3.1585e+00
635 0 +8.078443535e-01 -5.775921556e+02 -5.775921556e+02 -3.4259e+00 +4.1844e+00
791 0 +6.861695391e-01 -5.777138305e+02 -5.777138305e+02 -3.6465e+00 +3.9290e+00
1031 0 +3.305753191e-02 -5.783669425e+02 -5.783669425e+02 -3.5373e+00 +3.9290e+00
2293 0 +1.688112418e-02 -5.783831189e+02 -5.783831189e+02 -3.5494e+00 +3.9294e+00
4081 0 +1.638681099e-02 -5.783836132e+02 -5.783836132e+02 -3.5555e+00 +3.9234e+00
4269 0 +1.536472888e-02 -5.783846353e+02 -5.783846353e+02 -3.5431e+00 +3.9220e+00
4297 0 +7.880516203e-03 -5.783921195e+02 -5.783921195e+02 -3.5479e+00 +3.9208e+00
4661 0 +4.610269876e-03 -5.783953897e+02 -5.783953897e+02 -3.5427e+00 +3.9179e+00
4743 0 +3.033990031e-03 -5.783969660e+02 -5.783969660e+02 -3.5459e+00 +3.9214e+00
4767 0 +1.387123854e-03 -5.783986129e+02 -5.783986129e+02 -3.5465e+00 +3.9206e+00
5551 0 +9.920643720e-04 -5.783990079e+02 -5.783990079e+02 -3.5448e+00 +3.9194e+00
5737 0 +7.580416502e-05 -5.783999242e+02 -5.783999242e+02 -3.5456e+00 +3.9200e+00
7715 0 +6.795989304e-05 -5.783999320e+02 -5.783999320e+02 -3.5456e+00 +3.9200e+00
7897 0 +5.887540920e-05 -5.783999411e+02 -5.783999411e+02 -3.5456e+00 +3.9200e+00
7917 0 +2.904139592e-06 -5.783999971e+02 -5.783999971e+02 -3.5456e+00 +3.9200e+00
10313 0 +1.375508987e-06 -5.783999986e+02 -5.783999986e+02 -3.5456e+00 +3.9200e+00
10405 0 +9.517152648e-07 -5.783999990e+02 -5.783999990e+02 -3.5456e+00 +3.9200e+00
10463 0 +8.958921853e-07 -5.783999991e+02 -5.783999991e+02 -3.5456e+00 +3.9200e+00
10791 0 +8.801082458e-07 -5.783999991e+02 -5.783999991e+02 -3.5456e+00 +3.9200e+00
10903 0 +5.240924565e-07 -5.783999995e+02 -5.783999995e+02 -3.5456e+00 +3.9200e+00
11415 0 +4.976368473e-07 -5.783999995e+02 -5.783999995e+02 -3.5456e+00 +3.9200e+00
11423 0 +4.112822580e-07 -5.783999996e+02 -5.783999996e+02 -3.5456e+00 +3.9200e+00
11733 0 +3.800469131e-07 -5.783999996e+02 -5.783999996e+02 -3.5456e+00 +3.9200e+00
11929 0 +3.420295798e-07 -5.783999997e+02 -5.783999997e+02 -3.5456e+00 +3.9200e+00
12283 0 +1.640536311e-07 -5.783999998e+02 -5.783999998e+02 -3.5456e+00 +3.9200e+00
12347 0 +5.561423677e-08 -5.783999999e+02 -5.783999999e+02 -3.5456e+00 +3.9200e+00
13367 0 +3.370121249e-08 -5.784000000e+02 -5.784000000e+02 -3.5456e+00 +3.9200e+00
13565 0 +5.553943083e-09 -5.784000000e+02 -5.784000000e+02 -3.5456e+00 +3.9200e+00
19755 0 +0.000000000e+00 -5.784000000e+02 -5.784000000e+02 -3.5456e+00 +3.9200e+00
% f evaluations | g evaluations | best noise-free fitness - Fopt (1.000000000000e+03) + sum g_i+ | measured fitness | best measured fitness or single-digit g-values | x1 | x2...
1 0 +1.238171709e+01 +1.012381717e+03 +1.012381717e+03 +2.2879e+00 -2.2008e+00
7 0 +1.504968626e+00 +1.001504969e+03 +1.001504969e+03 -1.5687e+00 -3.0021e+00
527 0 +1.061680481e+00 +1.001061680e+03 +1.001061680e+03 -2.1370e+00 -3.1234e+00
551 0 +3.632102661e-01 +1.000363210e+03 +1.000363210e+03 -3.1491e+00 -3.4634e+00
633 0 +1.816781380e-01 +1.000181678e+03 +1.000181678e+03 -2.8046e+00 -3.2519e+00
913 0 +9.797079003e-02 +1.000097971e+03 +1.000097971e+03 -2.8046e+00 -3.2477e+00
1895 0 +8.542042535e-02 +1.000085420e+03 +1.000085420e+03 -2.8671e+00 -3.2333e+00
2175 0 +7.426656672e-02 +1.000074267e+03 +1.000074267e+03 -2.8371e+00 -3.2333e+00
2281 0 +3.242622724e-02 +1.000032426e+03 +1.000032426e+03 -2.8448e+00 -3.2397e+00
2961 0 +8.180158922e-03 +1.000008180e+03 +1.000008180e+03 -2.8660e+00 -3.2397e+00
3371 0 +9.857872100e-04 +1.000000986e+03 +1.000000986e+03 -2.8731e+00 -3.2417e+00
4497 0 +3.380452935e-04 +1.000000338e+03 +1.000000338e+03 -2.8729e+00 -3.2416e+00
4657 0 +2.980644141e-04 +1.000000298e+03 +1.000000298e+03 -2.8726e+00 -3.2416e+00
4715 0 +2.476360615e-04 +1.000000248e+03 +1.000000248e+03 -2.8728e+00 -3.2415e+00
4877 0 +2.203919663e-04 +1.000000220e+03 +1.000000220e+03 -2.8729e+00 -3.2416e+00
5039 0 +1.844898749e-04 +1.000000184e+03 +1.000000184e+03 -2.8729e+00 -3.2416e+00
5389 0 +7.541786931e-05 +1.000000075e+03 +1.000000075e+03 -2.8728e+00 -3.2416e+00
5769 0 +5.567576420e-05 +1.000000056e+03 +1.000000056e+03 -2.8728e+00 -3.2416e+00
5789 0 +2.905053236e-05 +1.000000029e+03 +1.000000029e+03 -2.8728e+00 -3.2416e+00
6193 0 +2.880605643e-05 +1.000000029e+03 +1.000000029e+03 -2.8728e+00 -3.2416e+00
7205 0 +1.715486792e-05 +1.000000017e+03 +1.000000017e+03 -2.8728e+00 -3.2416e+00
7245 0 +4.763861625e-07 +1.000000000e+03 +1.000000000e+03 -2.8728e+00 -3.2416e+00
9145 0 +4.372770945e-07 +1.000000000e+03 +1.000000000e+03 -2.8728e+00 -3.2416e+00
9503 0 +3.099974037e-07 +1.000000000e+03 +1.000000000e+03 -2.8728e+00 -3.2416e+00
9705 0 +3.027466846e-07 +1.000000000e+03 +1.000000000e+03 -2.8728e+00 -3.2416e+00
9987 0 +2.662715133e-07 +1.000000000e+03 +1.000000000e+03 -2.8728e+00 -3.2416e+00
10191 0 +1.468706614e-07 +1.000000000e+03 +1.000000000e+03 -2.8728e+00 -3.2416e+00
10291 0 +1.294417871e-07 +1.000000000e+03 +1.000000000e+03 -2.8728e+00 -3.2416e+00
10319 0 +1.266902245e-07 +1.000000000e+03 +1.000000000e+03 -2.8728e+00 -3.2416e+00
10353 0 +1.107356411e-07 +1.000000000e+03 +1.000000000e+03 -2.8728e+00 -3.2416e+00
10459 0 +7.240066680e-08 +1.000000000e+03 +1.000000000e+03 -2.8728e+00 -3.2416e+00
10551 0 +5.241020062e-08 +1.000000000e+03 +1.000000000e+03 -2.8728e+00 -3.2416e+00
10637 0 +3.867819487e-08 +1.000000000e+03 +1.000000000e+03 -2.8728e+00 -3.2416e+00
10717 0 +2.705667157e-08 +1.000000000e+03 +1.000000000e+03 -2.8728e+00 -3.2416e+00
10907 0 +1.910370884e-08 +1.000000000e+03 +1.000000000e+03 -2.8728e+00 -3.2416e+00
11139 0 +1.486716883e-08 +1.000000000e+03 +1.000000000e+03 -2.8728e+00 -3.2416e+00
11391 0 +1.152909590e-08 +1.000000000e+03 +1.000000000e+03 -2.8728e+00 -3.2416e+00
11425 0 +3.017930794e-09 +1.000000000e+03 +1.000000000e+03 -2.8728e+00 -3.2416e+00
15433 0 +0.000000000e+00 +1.000000000e+03 +1.000000000e+03 -2.8728e+00 -3.2416e+00
% f evaluations | g evaluations | best noise-free fitness - Fopt (-3.427000000000e+01) + sum g_i+ | measured fitness | best measured fitness or single-digit g-values | x1 | x2...
1 0 +1.268715168e+01 -2.158284832e+01 -2.158284832e+01 +4.4677e+00 -2.8278e+00
4 0 +8.072808685e+00 -2.619719132e+01 -2.619719132e+01 +4.5318e+00 +2.9895e+00
8 0 +1.395493013e+00 -3.287450699e+01 -3.287450699e+01 +3.3872e+00 +8.0356e-01
211 0 +4.425919538e-01 -3.382740805e+01 -3.382740805e+01 +2.9338e+00 +2.4905e-01
667 0 +3.929197093e-01 -3.387708029e+01 -3.387708029e+01 +3.1716e+00 +5.1656e-01
1043 0 +2.628430132e-01 -3.400715699e+01 -3.400715699e+01 +3.4143e+00 +4.1248e-01
1183 0 +6.165616846e-02 -3.420834383e+01 -3.420834383e+01 +3.1425e+00 +4.0047e-01
1307 0 +5.779239008e-02 -3.421220761e+01 -3.421220761e+01 +3.1716e+00 +4.0448e-01
2629 0 +4.936717885e-02 -3.422063282e+01 -3.422063282e+01 +3.1058e+00 +3.7841e-01
2965 0 +2.378804207e-02 -3.424621196e+01 -3.424621196e+01 +3.1194e+00 +3.6919e-01
3337 0 +1.953978888e-02 -3.425046021e+01 -3.425046021e+01 +3.1282e+00 +3.7610e-01
3515 0 +1.241738026e-02 -3.425758262e+01 -3.425758262e+01 +3.1340e+00 +3.8028e-01
3537 0 +7.587822640e-03 -3.426241218e+01 -3.426241218e+01 +3.1207e+00 +3.7610e-01
5071 0 +7.584823605e-03 -3.426241518e+01 -3.426241518e+01 +3.1295e+00 +3.7584e-01
5191 0 +4.090788575e-03 -3.426590921e+01 -3.426590921e+01 +3.1295e+00 +3.7786e-01
5227 0 +3.203352016e-03 -3.426679665e+01 -3.426679665e+01 +3.1293e+00 +3.7896e-01
5601 0 +1.909624733e-03 -3.426809038e+01 -3.426809038e+01 +3.1277e+00 +3.7769e-01
6047 0 +1.028989691e-03 -3.426897101e+01 -3.426897101e+01 +3.1280e+00 +3.7762e-01
6433 0 +2.664946618e-04 -3.426973351e+01 -3.426973351e+01 +3.1272e+00 +3.7752e-01
6469 0 +2.508778063e-04 -3.426974912e+01 -3.426974912e+01 +3.1272e+00 +3.7767e-01
6957 0 +2.299977184e-04 -3.426977000e+01 -3.426977000e+01 +3.1272e+00 +3.7754e-01
7061 0 +5.420824284e-05 -3.426994579e+01 -3.426994579e+01 +3.1272e+00 +3.7758e-01
7749 0 +3.319395612e-05 -3.426996681e+01 -3.426996681e+01 +3.1272e+00 +3.7759e-01
8729 0 +2.953067769e-05 -3.426997047e+01 -3.426997047e+01 +3.1272e+00 +3.7759e-01
8853 0 +2.888176142e-05 -3.426997112e+01 -3.426997112e+01 +3.1272e+00 +3.7759e-01
9633 0 +2.343425761e-05 -3.426997657e+01 -3.426997657e+01 +3.1272e+00 +3.7760e-01
9889 0 +1.890699151e-05 -3.426998109e+01 -3.426998109e+01 +3.1272e+00 +3.7760e-01
9975 0 +3.282294450e-06 -3.426999672e+01 -3.426999672e+01 +3.1272e+00 +3.7760e-01
10295 0 +3.158069575e-06 -3.426999684e+01 -3.426999684e+01 +3.1272e+00 +3.7760e-01
10685 0 +2.097333351e-06 -3.426999790e+01 -3.426999790e+01 +3.1272e+00 +3.7760e-01
10701 0 +1.695095499e-06 -3.426999830e+01 -3.426999830e+01 +3.1272e+00 +3.7760e-01
11275 0 +1.261147553e-06 -3.426999874e+01 -3.426999874e+01 +3.1272e+00 +3.7760e-01
11511 0 +1.173323639e-06 -3.426999883e+01 -3.426999883e+01 +3.1272e+00 +3.7760e-01
11521 0 +9.191067463e-07 -3.426999908e+01 -3.426999908e+01 +3.1272e+00 +3.7760e-01
11605 0 +9.013878994e-07 -3.426999910e+01 -3.426999910e+01 +3.1272e+00 +3.7760e-01
11685 0 +6.169869451e-07 -3.426999938e+01 -3.426999938e+01 +3.1272e+00 +3.7760e-01
11923 0 +5.623476156e-07 -3.426999944e+01 -3.426999944e+01 +3.1272e+00 +3.7760e-01
11959 0 +4.929957029e-07 -3.426999951e+01 -3.426999951e+01 +3.1272e+00 +3.7760e-01
11981 0 +3.815565321e-07 -3.426999962e+01 -3.426999962e+01 +3.1272e+00 +3.7760e-01
12159 0 +1.230743294e-07 -3.426999988e+01 -3.426999988e+01 +3.1272e+00 +3.7760e-01
12883 0 +9.432465475e-08 -3.426999991e+01 -3.426999991e+01 +3.1272e+00 +3.7760e-01
12969 0 +7.026821436e-08 -3.426999993e+01 -3.426999993e+01 +3.1272e+00 +3.7760e-01
12971 0 +4.993766112e-08 -3.426999995e+01 -3.426999995e+01 +3.1272e+00 +3.7760e-01
13055 0 +1.238935710e-08 -3.426999999e+01 -3.426999999e+01 +3.1272e+00 +3.7760e-01
13415 0 +7.552380055e-09 -3.426999999e+01 -3.426999999e+01 +3.1272e+00 +3.7760e-01
19185 0 +0.000000000e+00 -3.427000000e+01 -3.427000000e+01 +3.1272e+00 +3.7760e-01
% f evaluations | g evaluations | best noise-free fitness - Fopt (1.000000000000e+03) + sum g_i+ | measured fitness | best measured fitness or single-digit g-values | x1 | x2...
1 0 +9.090909958e+00 +1.009090910e+03 +1.009090910e+03 -3.7764e+00 -8.6134e-01
3 0 +3.151838908e+00 +1.003151839e+03 +1.003151839e+03 -4.2641e-02 +2.5161e+00
8 0 +2.164700616e+00 +1.002164701e+03 +1.002164701e+03 -1.9256e+00 +3.9256e-02
161 0 +2.046149226e+00 +1.002046149e+03 +1.002046149e+03 -1.6900e+00 +8.3742e-01
315 0 +1.559256024e+00 +1.001559256e+03 +1.001559256e+03 -1.9256e+00 +1.5521e+00
469 0 +1.119820642e+00 +1.001119821e+03 +1.001119821e+03 -1.5458e+00 +1.1218e+00
503 0 +1.055521680e+00 +1.001055522e+03 +1.001055522e+03 -1.3783e+00 +2.2600e+00
669 0 +3.673444665e-01 +1.000367344e+03 +1.000367344e+03 -1.4857e+00 +1.1218e+00
879 0 +1.751740811e-01 +1.000175174e+03 +1.000175174e+03 -1.5190e+00 +1.4045e+00
1759 0 +6.447542772e-02 +1.000064475e+03 +1.000064475e+03 -1.5317e+00 +1.4045e+00
2053 0 +3.223035413e-02 +1.000032230e+03 +1.000032230e+03 -1.5182e+00 +1.4212e+00
2897 0 +7.692765746e-03 +1.000007693e+03 +1.000007693e+03 -1.5011e+00 +1.4551e+00
4003 0 +6.132245015e-03 +1.000006132e+03 +1.000006132e+03 -1.5032e+00 +1.4501e+00
4107 0 +3.160304470e-03 +1.000003160e+03 +1.000003160e+03 -1.5039e+00 +1.4501e+00
4125 0 +3.085653569e-03 +1.000003086e+03 +1.000003086e+03 -1.5047e+00 +1.4486e+00
4597 0 +2.162188004e-03 +1.000002162e+03 +1.000002162e+03 -1.5046e+00 +1.4472e+00
4767 0 +4.214308849e-04 +1.000000421e+03 +1.000000421e+03 -1.5040e+00 +1.4481e+00
5167 0 +3.046857332e-04 +1.000000305e+03 +1.000000305e+03 -1.5039e+00 +1.4481e+00
5851 0 +2.361137230e-04 +1.000000236e+03 +1.000000236e+03 -1.5040e+00 +1.4481e+00
6211 0 +2.014494291e-04 +1.000000201e+03 +1.000000201e+03 -1.5040e+00 +1.4481e+00
6335 0 +8.775033632e-05 +1.000000088e+03 +1.000000088e+03 -1.5040e+00 +1.4480e+00
6655 0 +4.976292496e-05 +1.000000050e+03 +1.000000050e+03 -1.5040e+00 +1.4480e+00
6861 0 +3.210722014e-05 +1.000000032e+03 +1.000000032e+03 -1.5040e+00 +1.4480e+00
6893 0 +3.053146384e-05 +1.000000031e+03 +1.000000031e+03 -1.5040e+00 +1.4480e+00
7013 0 +2.901313223e-05 +1.000000029e+03 +1.000000029e+03 -1.5040e+00 +1.4480e+00
7213 0 +2.877768350e-05 +1.000000029e+03 +1.000000029e+03 -1.5040e+00 +1.4480e+00
7545 0 +1.872665609e-05 +1.000000019e+03 +1.000000019e+03 -1.5040e+00 +1.4480e+00
7923 0 +1.022076935e-05 +1.000000010e+03 +1.000000010e+03 -1.5040e+00 +1.4480e+00
8109 0 +3.334890607e-06 +1.000000003e+03 +1.000000003e+03 -1.5040e+00 +1.4480e+00
8501 0 +1.248724288e-06 +1.000000001e+03 +1.000000001e+03 -1.5040e+00 +1.4480e+00
9607 0 +9.037552218e-07 +1.000000001e+03 +1.000000001e+03 -1.5040e+00 +1.4480e+00
9793 0 +7.565230362e-07 +1.000000001e+03 +1.000000001e+03 -1.5040e+00 +1.4480e+00
9969 0 +5.877607236e-07 +1.000000001e+03 +1.000000001e+03 -1.5040e+00 +1.4480e+00
10061 0 +5.571996553e-07 +1.000000001e+03 +1.000000001e+03 -1.5040e+00 +1.4480e+00
10145 0 +4.924744417e-07 +1.000000000e+03 +1.000000000e+03 -1.5040e+00 +1.4480e+00
10339 0 +3.726712521e-07 +1.000000000e+03 +1.000000000e+03 -1.5040e+00 +1.4480e+00
10371 0 +2.990831263e-07 +1.000000000e+03 +1.000000000e+03 -1.5040e+00 +1.4480e+00
10539 0 +2.840222351e-07 +1.000000000e+03 +1.000000000e+03 -1.5040e+00 +1.4480e+00
10579 0 +1.239695848e-07 +1.000000000e+03 +1.000000000e+03 -1.5040e+00 +1.4480e+00
11061 0 +9.857637906e-08 +1.000000000e+03 +1.000000000e+03 -1.5040e+00 +1.4480e+00
11103 0 +9.661164313e-08 +1.000000000e+03 +1.000000000e+03 -1.5040e+00 +1.4480e+00
11155 0 +4.998582881e-08 +1.000000000e+03 +1.000000000e+03 -1.5040e+00 +1.4480e+00
11211 0 +2.002855126e-08 +1.000000000e+03 +1.000000000e+03 -1.5040e+00 +1.4480e+00
11229 0 +1.297166818e-08 +1.000000000e+03 +1.000000000e+03 -1.5040e+00 +1.4480e+00
11509 0 +1.020202944e-08 +1.000000000e+03 +1.000000000e+03 -1.5040e+00 +1.4480e+00
11549 0 +6.851337275e-09 +1.000000000e+03 +1.000000000e+03 -1.5040e+00 +1.4480e+00
15895 0 +0.000000000e+00 +1.000000000e+03 +1.000000000e+03 -1.5040e+00 +1.4480e+00
% f evaluations | g evaluations | best noise-free fitness - Fopt (-1.700300000000e+02) + sum g_i+ | measured fitness | best measured fitness or single-digit g-values | x1 | x2...
1 0 +1.405764794e+01 -1.559723521e+02 -1.559723521e+02 +4.7144e+00 -1.9529e+00
6 0 +1.405126542e+01 -1.559787346e+02 -1.559787346e+02 +3.8553e+00 +1.1133e+00
8 0 +7.799186510e+00 -1.622308135e+02 -1.622308135e+02 -2.4968e+00 +2.7529e+00
10 0 +4.106383551e+00 -1.659236164e+02 -1.659236164e+02 +1.1601e-01 -5.9127e-02
89 0 +2.762475526e+00 -1.672675245e+02 -1.672675245e+02 +3.2786e-01 -8.9731e-01
165 0 +1.856701603e+00 -1.681732984e+02 -1.681732984e+02 -1.2508e-01 -3.5234e+00
245 0 +1.741800539e+00 -1.682881995e+02 -1.682881995e+02 +4.1532e-01 -3.5234e+00
357 0 +1.095348051e+00 -1.689346519e+02 -1.689346519e+02 +3.1111e-01 -2.4691e+00
433 0 +5.811826021e-01 -1.694488174e+02 -1.694488174e+02 +2.6232e-01 -3.3159e+00
865 0 +4.373965755e-01 -1.695926034e+02 -1.695926034e+02 +4.0425e-01 -2.7274e+00
867 0 +1.610790901e-01 -1.698689209e+02 -1.698689209e+02 +3.9586e-01 -3.2081e+00
1297 0 +1.018476674e-01 -1.699281523e+02 -1.699281523e+02 +4.3308e-01 -3.0487e+00
1391 0 +9.932101332e-02 -1.699306790e+02 -1.699306790e+02 +3.8831e-01 -3.1029e+00
1697 0 +9.714283112e-02 -1.699328572e+02 -1.699328572e+02 +4.3308e-01 -3.0461e+00
1945 0 +9.546690170e-02 -1.699345331e+02 -1.699345331e+02 +4.1184e-01 -2.9698e+00
2045 0 +9.250744875e-02 -1.699374926e+02 -1.699374926e+02 +3.9593e-01 -2.9938e+00
2101 0 +8.418595841e-02 -1.699458140e+02 -1.699458140e+02 +4.1115e-01 -3.0858e+00
2105 0 +6.518231496e-02 -1.699648177e+02 -1.699648177e+02 +4.1184e-01 -2.9993e+00
2145 0 +1.776190913e-02 -1.700122381e+02 -1.700122381e+02 +4.1184e-01 -3.0089e+00
2625 0 +7.571345838e-03 -1.700224287e+02 -1.700224287e+02 +4.1184e-01 -3.0160e+00
2721 0 +3.092313378e-03 -1.700269077e+02 -1.700269077e+02 +4.0986e-01 -3.0212e+00
3351 0 +3.525796854e-04 -1.700296474e+02 -1.700296474e+02 +4.1041e-01 -3.0193e+00
4003 0 +2.449954586e-04 -1.700297550e+02 -1.700297550e+02 +4.1040e-01 -3.0194e+00
4255 0 +2.297797788e-04 -1.700297702e+02 -1.700297702e+02 +4.1048e-01 -3.0194e+00
4501 0 +3.500641142e-05 -1.700299650e+02 -1.700299650e+02 +4.1040e-01 -3.0192e+00
4701 0 +1.124178149e-05 -1.700299888e+02 -1.700299888e+02 +4.1040e-01 -3.0192e+00
5661 0 +4.570849853e-06 -1.700299954e+02 -1.700299954e+02 +4.1040e-01 -3.0192e+00
8045 0 +1.339646246e-06 -1.700299987e+02 -1.700299987e+02 +4.1040e-01 -3.0192e+00
8285 0 +8.906916662e-07 -1.700299991e+02 -1.700299991e+02 +4.1040e-01 -3.0192e+00
8905 0 +6.475772807e-07 -1.700299994e+02 -1.700299994e+02 +4.1040e-01 -3.0192e+00
9021 0 +6.100242729e-07 -1.700299994e+02 -1.700299994e+02 +4.1040e-01 -3.0192e+00
9061 0 +4.712500754e-07 -1.700299995e+02 -1.700299995e+02 +4.1040e-01 -3.0192e+00
9163 0 +3.973231344e-07 -1.700299996e+02 -1.700299996e+02 +4.1040e-01 -3.0192e+00
9607 0 +3.501330070e-07 -1.700299996e+02 -1.700299996e+02 +4.1040e-01 -3.0192e+00
9629 0 +2.785907611e-07 -1.700299997e+02 -1.700299997e+02 +4.1040e-01 -3.0192e+00
9695 0 +2.437605815e-07 -1.700299998e+02 -1.700299998e+02 +4.1040e-01 -3.0192e+00
9933 0 +1.367249638e-07 -1.700299999e+02 -1.700299999e+02 +4.1040e-01 -3.0192e+00
10259 0 +5.828567851e-08 -1.700299999e+02 -1.700299999e+02 +4.1040e-01 -3.0192e+00
10559 0 +4.090631478e-08 -1.700300000e+02 -1.700300000e+02 +4.1040e-01 -3.0192e+00
10693 0 +3.807861049e-08 -1.700300000e+02 -1.700300000e+02 +4.1040e-01 -3.0192e+00
10707 0 +3.207921395e-08 -1.700300000e+02 -1.700300000e+02 +4.1040e-01 -3.0192e+00
10773 0 +1.337195954e-08 -1.700300000e+02 -1.700300000e+02 +4.1040e-01 -3.0192e+00
10939 0 +6.317804946e-09 -1.700300000e+02 -1.700300000e+02 +4.1040e-01 -3.0192e+00
15719 0 +0.000000000e+00 -1.700300000e+02 -1.700300000e+02 +4.1040e-01 -3.0192e+00
% f evaluations | g evaluations | best noise-free fitness - Fopt (2.567000000000e+01) + sum g_i+ | measured fitness | best measured fitness or single-digit g-values | x1 | x2...
1 0 +6.307334397e+00 +3.197733440e+01 +3.197733440e+01 +2.4785e+00 -2.5695e+00
7 0 +2.834465178e+00 +2.850446518e+01 +2.850446518e+01 +7.6165e-01 -9.6383e-03
63 0 +1.853099531e+00 +2.752309953e+01 +2.752309953e+01 +1.5417e+00 -2.0964e+00
139 0 +1.630799694e+00 +2.730079969e+01 +2.730079969e+01 +1.1775e+00 -1.1648e+00
153 0 +1.197409099e+00 +2.686740910e+01 +2.686740910e+01 +7.6165e-01 -2.4741e+00
473 0 +1.146633345e+00 +2.681663335e+01 +2.681663335e+01 +1.0837e+00 -2.4741e+00
493 0 +4.816747590e-01 +2.615167476e+01 +2.615167476e+01 +9.3506e-01 -2.6613e+00
623 0 +2.442436914e-01 +2.591424369e+01 +2.591424369e+01 +8.3144e-01 -2.0964e+00
1187 0 +2.251499486e-01 +2.589514995e+01 +2.589514995e+01 +9.2121e-01 -2.3739e+00
1247 0 +1.995010639e-01 +2.586950106e+01 +2.586950106e+01 +8.7345e-01 -2.2746e+00
1287 0 +1.675478656e-01 +2.583754787e+01 +2.583754787e+01 +8.7345e-01 -2.4866e+00
1449 0 +5.761703781e-02 +2.572761704e+01 +2.572761704e+01 +8.3760e-01 -2.3482e+00
1845 0 +4.580340331e-02 +2.571580340e+01 +2.571580340e+01 +8.5219e-01 -2.2929e+00
2027 0 +4.248551981e-02 +2.571248552e+01 +2.571248552e+01 +8.5224e-01 -2.2761e+00
2113 0 +2.010885594e-02 +2.569010886e+01 +2.569010886e+01 +8.5038e-01 -2.3097e+00
2369 0 +1.828450539e-02 +2.568828451e+01 +2.568828451e+01 +8.5126e-01 -2.3097e+00
2387 0 +1.531097955e-02 +2.568531098e+01 +2.568531098e+01 +8.5224e-01 -2.3103e+00
2645 0 +3.059752676e-03 +2.567305975e+01 +2.567305975e+01 +8.5219e-01 -2.3043e+00
3405 0 +1.964736729e-03 +2.567196474e+01 +2.567196474e+01 +8.5121e-01 -2.3043e+00
3443 0 +1.189605877e-03 +2.567118961e+01 +2.567118961e+01 +8.5144e-01 -2.3042e+00
3755 0 +1.000179364e-03 +2.567100018e+01 +2.567100018e+01 +8.5151e-01 -2.3046e+00
3875 0 +2.484807672e-04 +2.567024848e+01 +2.567024848e+01 +8.5126e-01 -2.3046e+00
4615 0 +9.608239282e-05 +2.567009608e+01 +2.567009608e+01 +8.5121e-01 -2.3048e+00
5359 0 +3.593464245e-05 +2.567003593e+01 +2.567003593e+01 +8.5120e-01 -2.3048e+00
5919 0 +3.303601386e-05 +2.567003304e+01 +2.567003304e+01 +8.5120e-01 -2.3048e+00
6065 0 +2.880682957e-05 +2.567002881e+01 +2.567002881e+01 +8.5120e-01 -2.3048e+00
6857 0 +1.341039150e-05 +2.567001341e+01 +2.567001341e+01 +8.5120e-01 -2.3048e+00
6897 0 +8.645615420e-06 +2.567000865e+01 +2.567000865e+01 +8.5120e-01 -2.3048e+00
7241 0 +8.253573242e-06 +2.567000825e+01 +2.567000825e+01 +8.5120e-01 -2.3048e+00
7331 0 +4.394067147e-06 +2.567000439e+01 +2.567000439e+01 +8.5120e-01 -2.3048e+00
7365 0 +4.714503703e-07 +2.567000047e+01 +2.567000047e+01 +8.5120e-01 -2.3048e+00
8085 0 +4.541697187e-07 +2.567000045e+01 +2.567000045e+01 +8.5120e-01 -2.3048e+00
8703 0 +3.308175387e-07 +2.567000033e+01 +2.567000033e+01 +8.5120e-01 -2.3048e+00
8719 0 +1.076746230e-07 +2.567000011e+01 +2.567000011e+01 +8.5120e-01 -2.3048e+00
8917 0 +8.443481647e-08 +2.567000008e+01 +2.567000008e+01 +8.5120e-01 -2.3048e+00
9079 0 +1.302149855e-08 +2.567000001e+01 +2.567000001e+01 +8.5120e-01 -2.3048e+00
9235 0 +1.416974982e-09 +2.567000000e+01 +2.567000000e+01 +8.5120e-01 -2.3048e+00
12883 0 +0.000000000e+00 +2.567000000e+01 +2.567000000e+01 +8.5120e-01 -2.3048e+00
% f evaluations | g evaluations | best noise-free fitness - Fopt (2.081800000000e+02) + sum g_i+ | measured fitness | best measured fitness or single-digit g-values | x1 | x2...
1 0 +2.327230769e+01 +2.314523077e+02 +2.314523077e+02 +4.5335e+00 +1.4821e+00
2 0 +5.493875575e+00 +2.136738756e+02 +2.136738756e+02 +1.2941e+00 -5.0407e-01
17 0 +3.818775173e+00 +2.119987752e+02 +2.119987752e+02 -3.7088e+00 -2.2092e+00
20 0 +2.616959069e+00 +2.107969591e+02 +2.107969591e+02 -2.0601e+00 -2.0450e+00
101 0 +1.877191005e+00 +2.100571910e+02 +2.100571910e+02 -3.4015e+00 -1.8482e+00
175 0 +7.426109873e-01 +2.089226110e+02 +2.089226110e+02 -2.0301e+00 -1.2408e+00
911 0 +4.226610319e-01 +2.086026610e+02 +2.086026610e+02 -2.5077e+00 -1.2815e+00
951 0 +3.932654047e-01 +2.085732654e+02 +2.085732654e+02 -2.6926e+00 -1.2815e+00
1001 0 +9.981581113e-02 +2.082798158e+02 +2.082798158e+02 -2.3827e+00 -1.4655e+00
1159 0 +6.327439983e-02 +2.082432744e+02 +2.082432744e+02 -2.4061e+00 -1.4112e+00
1161 0 +1.651233058e-02 +2.081965123e+02 +2.081965123e+02 -2.3827e+00 -1.4371e+00
1961 0 +8.247896872e-03 +2.081882479e+02 +2.081882479e+02 -2.3827e+00 -1.4377e+00
2431 0 +6.703351171e-03 +2.081867034e+02 +2.081867034e+02 -2.3863e+00 -1.4340e+00
2589 0 +4.489869497e-03 +2.081844899e+02 +2.081844899e+02 -2.3798e+00 -1.4355e+00
3025 0 +3.024327263e-03 +2.081830243e+02 +2.081830243e+02 -2.3857e+00 -1.4356e+00
3701 0 +1.349637491e-03 +2.081813496e+02 +2.081813496e+02 -2.3827e+00 -1.4354e+00
3909 0 +6.233826785e-04 +2.081806234e+02 +2.081806234e+02 -2.3835e+00 -1.4352e+00
4393 0 +4.117713443e-04 +2.081804118e+02 +2.081804118e+02 -2.3832e+00 -1.4351e+00
4473 0 +3.362077283e-05 +2.081800336e+02 +2.081800336e+02 -2.3832e+00 -1.4352e+00
5913 0 +2.929333181e-05 +2.081800293e+02 +2.081800293e+02 -2.3832e+00 -1.4352e+00
6039 0 +2.881023141e-05 +2.081800288e+02 +2.081800288e+02 -2.3832e+00 -1.4352e+00
6257 0 +7.592406035e-06 +2.081800076e+02 +2.081800076e+02 -2.3832e+00 -1.4352e+00
6793 0 +7.423162117e-06 +2.081800074e+02 +2.081800074e+02 -2.3832e+00 -1.4352e+00
7477 0 +5.712760810e-06 +2.081800057e+02 +2.081800057e+02 -2.3832e+00 -1.4352e+00
7571 0 +3.011922928e-06 +2.081800030e+02 +2.081800030e+02 -2.3832e+00 -1.4352e+00
7711 0 +5.531417742e-07 +2.081800006e+02 +2.081800006e+02 -2.3832e+00 -1.4352e+00
7831 0 +4.300836736e-07 +2.081800004e+02 +2.081800004e+02 -2.3832e+00 -1.4352e+00
8329 0 +2.463243334e-07 +2.081800002e+02 +2.081800002e+02 -2.3832e+00 -1.4352e+00
8785 0 +2.268344872e-07 +2.081800002e+02 +2.081800002e+02 -2.3832e+00 -1.4352e+00
8803 0 +1.374194198e-07 +2.081800001e+02 +2.081800001e+02 -2.3832e+00 -1.4352e+00
8883 0 +1.091535466e-07 +2.081800001e+02 +2.081800001e+02 -2.3832e+00 -1.4352e+00
8947 0 +8.874459922e-08 +2.081800001e+02 +2.081800001e+02 -2.3832e+00 -1.4352e+00
9027 0 +5.253053814e-08 +2.081800001e+02 +2.081800001e+02 -2.3832e+00 -1.4352e+00
9107 0 +4.660370223e-08 +2.081800000e+02 +2.081800000e+02 -2.3832e+00 -1.4352e+00
9185 0 +3.963711492e-08 +2.081800000e+02 +2.081800000e+02 -2.3832e+00 -1.4352e+00
9225 0 +2.431247026e-08 +2.081800000e+02 +2.081800000e+02 -2.3832e+00 -1.4352e+00
9299 0 +1.978509090e-08 +2.081800000e+02 +2.081800000e+02 -2.3832e+00 -1.4352e+00
9339 0 +3.000934612e-09 +2.081800000e+02 +2.081800000e+02 -2.3832e+00 -1.4352e+00
12615 0 +0.000000000e+00 +2.081800000e+02 +2.081800000e+02 -2.3832e+00 -1.4352e+00
