% f evaluations | g evaluations | best noise-free fitness - Fopt (-1.694000000000e+01) + sum g_i+ | measured fitness | best measured fitness or single-digit g-values | x1 | x2...
1 0 +4.702297306e+01 +3.008297306e+01 +3.008297306e+01 +4.8186e-01 -4.4362e+00 +3.5101e+00
4 0 +3.498500238e+01 +1.804500238e+01 +1.804500238e+01 -3.5939e+00 -4.6584e+00 -7.7762e-01
5 0 +3.017829829e+01 +1.323829829e+01 +1.323829829e+01 -1.2938e+00 +8.3288e-01 -2.2756e+00
7 0 +2.374760590e+01 +6.807605896e+00 +6.807605896e+00 +3.4759e+00 -1.6542e+00 -1.3534e-01
10 0 +1.204231729e+01 -4.897682708e+00 -4.897682708e+00 +4.0703e+00 -6.6204e-01 -4.7933e+00
23 0 +5.801517474e+00 -1.113848253e+01 -1.113848253e+01 +1.3534e+00 +1.4627e+00 -5.5897e-01
101 0 +1.690223484e+00 -1.524977652e+01 -1.524977652e+01 +3.0032e+00 +2.6972e+00 -2.0516e+00
871 0 +1.595356565e+00 -1.534464343e+01 -1.534464343e+01 +2.6449e+00 +1.6258e+00 -1.2426e+00
889 0 +8.840113613e-01 -1.605598864e+01 -1.605598864e+01 +3.2037e+00 +2.3157e+00 -1.1533e+00
915 0 +8.636723076e-01 -1.607632769e+01 -1.607632769e+01 +3.0092e+00 +2.0172e+00 -8.8777e-01
1155 0 +5.682681906e-01 -1.637173181e+01 -1.637173181e+01 +3.0092e+00 +1.9864e+00 -8.8777e-01
1467 0 +4.006835088e-01 -1.653931649e+01 -1.653931649e+01 +3.7206e+00 +2.6568e+00 -1.4595e+00
1569 0 +3.854594069e-01 -1.655454059e+01 -1.655454059e+01 +3.6970e+00 +2.3157e+00 -1.3507e+00
2091 0 +2.227210606e-01 -1.671727894e+01 -1.671727894e+01 +3.5083e+00 +2.4974e+00 -1.5130e+00
2569 0 +1.492120802e-01 -1.679078792e+01 -1.679078792e+01 +3.4765e+00 +2.3819e+00 -1.3507e+00
2693 0 +1.264998565e-01 -1.681350014e+01 -1.681350014e+01 +3.6120e+00 +2.5298e+00 -1.5542e+00
2719 0 +4.007800836e-02 -1.689992199e+01 -1.689992199e+01 +3.6651e+00 +2.5713e+00 -1.5271e+00
3599 0 +3.419571794e-02 -1.690580428e+01 -1.690580428e+01 +3.6651e+00 +2.5430e+00 -1.5271e+00
4079 0 +1.293879940e-02 -1.692706120e+01 -1.692706120e+01 +3.6569e+00 +2.5518e+00 -1.5271e+00
5039 0 +5.843873236e-03 -1.693415613e+01 -1.693415613e+01 +3.6569e+00 +2.5506e+00 -1.5271e+00
6427 0 +5.167451487e-03 -1.693483255e+01 -1.693483255e+01 +3.6526e+00 +2.5474e+00 -1.5296e+00
6605 0 +3.133452266e-03 -1.693686655e+01 -1.693686655e+01 +3.6570e+00 +2.5503e+00 -1.5289e+00
7435 0 +2.465858559e-03 -1.693753414e+01 -1.693753414e+01 +3.6540e+00 +2.5480e+00 -1.5275e+00
8205 0 +1.714782313e-03 -1.693828522e+01 -1.693828522e+01 +3.6570e+00 +2.5503e+00 -1.5300e+00
9247 0 +8.001996731e-04 -1.693919980e+01 -1.693919980e+01 +3.6558e+00 +2.5495e+00 -1.5299e+00
10001 0 +6.670286554e-04 -1.693933297e+01 -1.693933297e+01 +3.6561e+00 +2.5496e+00 -1.5295e+00
10041 0 +2.747273900e-04 -1.693972527e+01 -1.693972527e+01 +3.6561e+00 +2.5497e+00 -1.5297e+00
11865 0 +2.475562785e-04 -1.693975244e+01 -1.693975244e+01 +3.6561e+00 +2.5497e+00 -1.5296e+00
11967 0 +2.419995746e-04 -1.693975800e+01 -1.693975800e+01 +3.6558e+00 +2.5495e+00 -1.5295e+00
12521 0 +1.490874089e-04 -1.693985091e+01 -1.693985091e+01 +3.6561e+00 +2.5497e+00 -1.5296e+00
13707 0 +1.412172389e-04 -1.693985878e+01 -1.693985878e+01 +3.6560e+00 +2.5496e+00 -1.5295e+00
13985 0 +1.091046629e-04 -1.693989090e+01 -1.693989090e+01 +3.6561e+00 +2.5496e+00 -1.5296e+00
14275 0 +6.761722796e-05 -1.693993238e+01 -1.693993238e+01 +3.6560e+00 +2.5496e+00 -1.5296e+00
14525 0 +3.415975698e-05 -1.693996584e+01 -1.693996584e+01 +3.6560e+00 +2.5496e+00 -1.5296e+00
15005 0 +3.378329012e-05 -1.693996622e+01 -1.693996622e+01 +3.6560e+00 +2.5496e+00 -1.5296e+00
15285 0 +3.283557979e-05 -1.693996716e+01 -1.693996716e+01 +3.6560e+00 +2.5496e+00 -1.5296e+00
15395 0 +2.908261575e-05 -1.693997092e+01 -1.693997092e+01 +3.6560e+00 +2.5496e+00 -1.5296e+00
16071 0 +1.575922236e-05 -1.693998424e+01 -1.693998424e+01 +3.6560e+00 +2.5496e+00 -1.5296e+00
16951 0 +1.495233041e-05 -1.693998505e+01 -1.693998505e+01 +3.6560e+00 +2.5496e+00 -1.5296e+00
17005 0 +1.389113678e-05 -1.693998611e+01 -1.693998611e+01 +3.6560e+00 +2.5496e+00 -1.5296e+00
17163 0 +1.178730362e-05 -1.693998821e+01 -1.693998821e+01 +3.6560e+00 +2.5496e+00 -1.5296e+00
17273 0 +3.147502859e-06 -1.693999685e+01 -1.693999685e+01 +3.6560e+00 +2.5496e+00 -1.5296e+00
18271 0 +2.143543412e-06 -1.693999786e+01 -1.693999786e+01 +3.6560e+00 +2.5496e+00 -1.5296e+00
19143 0 +2.024427491e-06 -1.693999798e+01 -1.693999798e+01 +3.6560e+00 +2.5496e+00 -1.5296e+00
19231 0 +8.720015536e-07 -1.693999913e+01 -1.693999913e+01 +3.6560e+00 +2.5496e+00 -1.5296e+00
20163 0 +7.670706026e-07 -1.693999923e+01 -1.693999923e+01 +3.6560e+00 +2.5496e+00 -1.5296e+00
21563 0 +6.869051852e-07 -1.693999931e+01 -1.693999931e+01 +3.6560e+00 +2.5496e+00 -1.5296e+00
21755 0 +6.445449507e-07 -1.693999936e+01 -1.693999936e+01 +3.6560e+00 +2.5496e+00 -1.5296e+00
21883 0 +6.047943018e-07 -1.693999940e+01 -1.693999940e+01 +3.6560e+00 +2.5496e+00 -1.5296e+00
22327 0 +4.890487304e-07 -1.693999951e+01 -1.693999951e+01 +3.6560e+00 +2.5496e+00 -1.5296e+00
22631 0 +4.443152406e-07 -1.693999956e+01 -1.693999956e+01 +3.6560e+00 +2.5496e+00 -1.5296e+00
22807 0 +1.711932427e-07 -1.693999983e+01 -1.693999983e+01 +3.6560e+00 +2.5496e+00 -1.5296e+00
23979 0 +6.296376398e-08 -1.693999994e+01 -1.693999994e+01 +3.6560e+00 +2.5496e+00 -1.5296e+00
24299 0 +4.754311789e-08 -1.693999995e+01 -1.693999995e+01 +3.6560e+00 +2.5496e+00 -1.5296e+00
24999 0 +4.037147150e-08 -1.693999996e+01 -1.693999996e+01 +3.6560e+00 +2.5496e+00 -1.5296e+00
25167 0 +7.845347483e-09 -1.693999999e+01 -1.693999999e+01 +3.6560e+00 +2.5496e+00 -1.5296e+00
% f evaluations | g evaluations | best noise-free fitness - Fopt (1.881000000000e+01) + sum g_i+ | measured fitness | best measured fitness or single-digit g-values | x1 | x2...
1 0 +2.396679544e+01 +4.277679544e+01 +4.277679544e+01 -3.2217e+00 -4.7658e+00 +7.0161e-01
2 0 +1.597787721e+01 +3.478787721e+01 +3.478787721e+01 -4.0199e+00 +9.7972e-01 -4.9666e+00
3 0 +8.714535149e+00 +2.752453515e+01 +2.752453515e+01 +6.3630e-01 -4.3716e-01 -3.0040e+00
4 0 +6.340185701e+00 +2.515018570e+01 +2.515018570e+01 -3.5435e+00 +1.6295e+00 -1.4513e+00
18 0 +5.059309644e+00 +2.386930964e+01 +2.386930964e+01 +3.7607e+00 +2.6140e+00 -3.1256e+00
111 0 +4.433024992e+00 +2.324302499e+01 +2.324302499e+01 +2.2161e-01 +3.6396e+00 -1.7121e+00
231 0 +1.576823254e+00 +2.038682325e+01 +2.038682325e+01 +2.2161e-01 +2.5031e+00 -1.7121e+00
577 0 +1.199134356e+00 +2.000913436e+01 +2.000913436e+01 -6.6188e-01 +1.8202e+00 -9.8958e-01
725 0 +9.186113352e-01 +1.972861134e+01 +1.972861134e+01 -1.9904e-01 +1.9367e+00 -5.6237e-01
909 0 +2.156840008e-01 +1.902568400e+01 +1.902568400e+01 -2.4310e-01 +1.7637e+00 -7.3535e-01
2149 0 +1.247182440e-01 +1.893471824e+01 +1.893471824e+01 -2.4310e-01 +1.7637e+00 -7.9884e-01
2429 0 +1.099837792e-01 +1.891998378e+01 +1.891998378e+01 -2.4310e-01 +1.7483e+00 -7.9884e-01
3453 0 +8.175613815e-02 +1.889175614e+01 +1.889175614e+01 -2.7128e-01 +1.7510e+00 -7.2839e-01
3679 0 +7.530122873e-02 +1.888530123e+01 +1.888530123e+01 -2.1898e-01 +1.7440e+00 -7.7460e-01
3795 0 +4.856541207e-02 +1.885856541e+01 +1.885856541e+01 -1.8809e-01 +1.7592e+00 -8.0751e-01
4469 0 +4.742451922e-02 +1.885742452e+01 +1.885742452e+01 -2.0222e-01 +1.7907e+00 -8.2373e-01
4635 0 +3.567628653e-02 +1.884567629e+01 +1.884567629e+01 -1.9486e-01 +1.7945e+00 -8.2883e-01
4911 0 +2.957413923e-02 +1.883957414e+01 +1.883957414e+01 -2.0010e-01 +1.7899e+00 -8.2399e-01
5717 0 +2.851045301e-02 +1.883851045e+01 +1.883851045e+01 -1.9975e-01 +1.7804e+00 -8.1941e-01
5827 0 +2.685334641e-02 +1.883685335e+01 +1.883685335e+01 -1.8823e-01 +1.7908e+00 -8.1201e-01
6063 0 +2.473952040e-02 +1.883473952e+01 +1.883473952e+01 -1.6892e-01 +1.7910e+00 -8.4066e-01
6067 0 +2.400651063e-02 +1.883400651e+01 +1.883400651e+01 -1.8666e-01 +1.7908e+00 -8.1201e-01
6149 0 +2.146106025e-02 +1.883146106e+01 +1.883146106e+01 -1.8590e-01 +1.7841e+00 -8.2194e-01
6227 0 +1.775156909e-02 +1.882775157e+01 +1.882775157e+01 -1.8666e-01 +1.7845e+00 -8.1201e-01
6597 0 +7.294341651e-03 +1.881729434e+01 +1.881729434e+01 -1.9421e-01 +1.7804e+00 -8.1941e-01
8757 0 +4.633002012e-03 +1.881463300e+01 +1.881463300e+01 -1.9421e-01 +1.7785e+00 -8.2053e-01
9147 0 +4.543308620e-03 +1.881454331e+01 +1.881454331e+01 -1.9706e-01 +1.7776e+00 -8.1775e-01
9317 0 +4.384906951e-03 +1.881438491e+01 +1.881438491e+01 -1.9414e-01 +1.7785e+00 -8.2053e-01
9657 0 +3.518748124e-03 +1.881351875e+01 +1.881351875e+01 -1.8590e-01 +1.7846e+00 -8.2552e-01
10147 0 +2.652497818e-03 +1.881265250e+01 +1.881265250e+01 -1.9297e-01 +1.7793e+00 -8.2105e-01
10851 0 +2.443703963e-03 +1.881244370e+01 +1.881244370e+01 -1.9106e-01 +1.7816e+00 -8.2289e-01
11091 0 +2.292136274e-03 +1.881229214e+01 +1.881229214e+01 -1.9104e-01 +1.7816e+00 -8.2289e-01
11251 0 +1.513091601e-03 +1.881151309e+01 +1.881151309e+01 -1.9104e-01 +1.7808e+00 -8.2289e-01
11549 0 +1.056278875e-03 +1.881105628e+01 +1.881105628e+01 -1.9148e-01 +1.7801e+00 -8.2234e-01
11971 0 +5.951962095e-04 +1.881059520e+01 +1.881059520e+01 -1.9104e-01 +1.7808e+00 -8.2215e-01
12971 0 +5.519854426e-04 +1.881055199e+01 +1.881055199e+01 -1.9104e-01 +1.7806e+00 -8.2215e-01
13571 0 +3.105159901e-04 +1.881031052e+01 +1.881031052e+01 -1.9104e-01 +1.7808e+00 -8.2252e-01
14653 0 +3.011933637e-04 +1.881030119e+01 +1.881030119e+01 -1.9095e-01 +1.7808e+00 -8.2248e-01
15375 0 +2.478649097e-04 +1.881024786e+01 +1.881024786e+01 -1.9134e-01 +1.7808e+00 -8.2222e-01
15731 0 +2.035726486e-04 +1.881020357e+01 +1.881020357e+01 -1.9104e-01 +1.7809e+00 -8.2252e-01
15893 0 +1.322626937e-04 +1.881013226e+01 +1.881013226e+01 -1.9107e-01 +1.7809e+00 -8.2248e-01
16211 0 +1.164093984e-04 +1.881011641e+01 +1.881011641e+01 -1.9101e-01 +1.7809e+00 -8.2252e-01
16539 0 +2.993510951e-05 +1.881002994e+01 +1.881002994e+01 -1.9122e-01 +1.7808e+00 -8.2238e-01
20557 0 +2.925554817e-05 +1.881002926e+01 +1.881002926e+01 -1.9122e-01 +1.7808e+00 -8.2240e-01
21005 0 +1.864246287e-05 +1.881001864e+01 +1.881001864e+01 -1.9120e-01 +1.7808e+00 -8.2240e-01
21285 0 +1.839208198e-05 +1.881001839e+01 +1.881001839e+01 -1.9120e-01 +1.7808e+00 -8.2240e-01
21463 0 +1.150171532e-05 +1.881001150e+01 +1.881001150e+01 -1.9121e-01 +1.7808e+00 -8.2241e-01
21723 0 +1.129790724e-05 +1.881001130e+01 +1.881001130e+01 -1.9120e-01 +1.7808e+00 -8.2241e-01
21727 0 +9.782925304e-06 +1.881000978e+01 +1.881000978e+01 -1.9120e-01 +1.7808e+00 -8.2240e-01
22293 0 +3.104339154e-06 +1.881000310e+01 +1.881000310e+01 -1.9120e-01 +1.7808e+00 -8.2240e-01
22773 0 +2.819923775e-06 +1.881000282e+01 +1.881000282e+01 -1.9120e-01 +1.7808e+00 -8.2240e-01
23303 0 +1.606738930e-06 +1.881000161e+01 +1.881000161e+01 -1.9120e-01 +1.7808e+00 -8.2240e-01
23863 0 +1.283494470e-06 +1.881000128e+01 +1.881000128e+01 -1.9120e-01 +1.7808e+00 -8.2240e-01
24223 0 +6.023026700e-07 +1.881000060e+01 +1.881000060e+01 -1.9120e-01 +1.7808e+00 -8.2240e-01
26055 0 +5.174338824e-07 +1.881000052e+01 +1.881000052e+01 -1.9120e-01 +1.7808e+00 -8.2240e-01
26397 0 +5.013691080e-07 +1.881000050e+01 +1.881000050e+01 -1.9120e-01 +1.7808e+00 -8.2240e-01
26529 0 +4.376975937e-07 +1.881000044e+01 +1.881000044e+01 -1.9120e-01 +1.7808e+00 -8.2240e-01
26609 0 +3.558148016e-07 +1.881000036e+01 +1.881000036e+01 -1.9120e-01 +1.7808e+00 -8.2240e-01
27509 0 +3.047797819e-07 +1.881000030e+01 +1.881000030e+01 -1.9120e-01 +1.7808e+00 -8.2240e-01
27557 0 +2.811705855e-07 +1.881000028e+01 +1.881000028e+01 -1.9120e-01 +1.7808e+00 -8.2240e-01
28071 0 +2.450714369e-07 +1.881000025e+01 +1.881000025e+01 -1.9120e-01 +1.7808e+00 -8.2240e-01
28397 0 +1.626897976e-07 +1.881000016e+01 +1.881000016e+01 -1.9120e-01 +1.7808e+00 -8.2240e-01
29113 0 +9.599338924e-08 +1.881000010e+01 +1.881000010e+01 -1.9120e-01 +1.7808e+00 -8.2240e-01
29127 0 +9.355988695e-08 +1.881000009e+01 +1.881000009e+01 -1.9120e-01 +1.7808e+00 -8.2240e-01
29487 0 +8.612252245e-08 +1.881000009e+01 +1.881000009e+01 -1.9120e-01 +1.7808e+00 -8.2240e-01
29497 0 +5.469411946e-08 +1.881000005e+01 +1.881000005e+01 -1.9120e-01 +1.7808e+00 -8.2240e-01
30973 0 +4.927461816e-08 +1.881000005e+01 +1.881000005e+01 -1.9120e-01 +1.7808e+00 -8.2240e-01
31293 0 +3.920487401e-08 +1.881000004e+01 +1.881000004e+01 -1.9120e-01 +1.7808e+00 -8.2240e-01
31567 0 +1.809248218e-08 +1.881000002e+01 +1.881000002e+01 -1.9120e-01 +1.7808e+00 -8.2240e-01
32109 0 +1.703507735e-08 +1.881000002e+01 +1.881000002e+01 -1.9120e-01 +1.7808e+00 -8.2240e-01
32307 0 +1.371270386e-08 +1.881000001e+01 +1.881000001e+01 -1.9120e-01 +1.7808e+00 -8.2240e-01
32439 0 +1.143757089e-08 +1.881000001e+01 +1.881000001e+01 -1.9120e-01 +1.7808e+00 -8.2240e-01
32797 0 +7.178574180e-09 +1.881000001e+01 +1.881000001e+01 -1.9120e-01 +1.7808e+00 -8.2240e-01
% f evaluations | g evaluations | best noise-free fitness - Fopt (2.731500000000e+02) + sum g_i+ | measured fitness | best measured fitness or single-digit g-values | x1 | x2...
1 0 +1.014001270e+02 +3.745501270e+02 +3.745501270e+02 +1.8531e+00 +1.1464e+00 -1.7802e+00
2 0 +6.358857027e+01 +3.367385703e+02 +3.367385703e+02 +2.3692e+00 +6.1675e-02 -1.1489e+00
4 0 +5.088371703e+01 +3.240337170e+02 +3.240337170e+02 -1.9815e+00 -2.2653e+00 +3.5373e+00
5 0 +1.849619255e+01 +2.916461926e+02 +2.916461926e+02 -2.3953e+00 -5.7812e-01 +1.0455e+00
9 0 +1.263312063e+01 +2.857831206e+02 +2.857831206e+02 -9.6951e-01 +4.6393e+00 -1.5083e+00
14 0 +9.930843939e+00 +2.830808439e+02 +2.830808439e+02 -1.0951e+00 +3.8278e+00 +3.9172e-01
39 0 +6.650150060e+00 +2.798001501e+02 +2.798001501e+02 -5.0000e+00 -6.7588e-01 -4.7816e-01
87 0 +3.726014465e+00 +2.768760145e+02 +2.768760145e+02 -2.3419e+00 +3.8278e+00 +3.9172e-01
195 0 +3.068328116e+00 +2.762183281e+02 +2.762183281e+02 -4.9249e+00 +3.4981e+00 -8.6807e-01
359 0 +2.206295671e+00 +2.753562957e+02 +2.753562957e+02 -4.4275e+00 +2.2986e+00 -4.7816e-01
545 0 +1.034451779e+00 +2.741844518e+02 +2.741844518e+02 -3.3144e+00 +3.6242e+00 -1.0842e+00
807 0 +9.996075859e-01 +2.741496076e+02 +2.741496076e+02 -3.5234e+00 +4.5075e+00 -4.0529e-01
877 0 +8.959907953e-01 +2.740459908e+02 +2.740459908e+02 -2.9893e+00 +4.2740e+00 -8.6429e-01
1137 0 +4.247178228e-01 +2.735747178e+02 +2.735747178e+02 -3.9300e+00 +3.0555e+00 -4.8388e-01
1447 0 +2.849333724e-01 +2.734349334e+02 +2.734349334e+02 -3.5138e+00 +3.9692e+00 -4.0529e-01
1839 0 +1.277322372e-01 +2.732777322e+02 +2.732777322e+02 -3.6517e+00 +3.6275e+00 -4.7219e-01
2433 0 +9.691294956e-02 +2.732469129e+02 +2.732469129e+02 -3.5417e+00 +3.7387e+00 -4.8734e-01
2567 0 +9.397399116e-02 +2.732439740e+02 +2.732439740e+02 -3.5728e+00 +3.7099e+00 -4.8794e-01
2735 0 +9.210593556e-02 +2.732421059e+02 +2.732421059e+02 -3.5819e+00 +3.7679e+00 -4.8642e-01
2777 0 +6.592709113e-02 +2.732159271e+02 +2.732159271e+02 -3.5978e+00 +3.7128e+00 -4.8698e-01
2925 0 +6.315629597e-02 +2.732131563e+02 +2.732131563e+02 -3.5818e+00 +3.7745e+00 -4.4684e-01
3033 0 +4.143933983e-02 +2.731914393e+02 +2.731914393e+02 -3.5828e+00 +3.7387e+00 -4.8734e-01
3113 0 +3.478117854e-02 +2.731847812e+02 +2.731847812e+02 -3.5835e+00 +3.7387e+00 -5.0007e-01
3315 0 +1.898955426e-02 +2.731689896e+02 +2.731689896e+02 -3.5621e+00 +3.7821e+00 -4.7555e-01
3747 0 +6.150549759e-03 +2.731561505e+02 +2.731561505e+02 -3.5765e+00 +3.7579e+00 -4.7795e-01
4427 0 +5.498765550e-03 +2.731554988e+02 +2.731554988e+02 -3.5765e+00 +3.7519e+00 -4.7902e-01
4867 0 +4.915689085e-03 +2.731549157e+02 +2.731549157e+02 -3.5765e+00 +3.7554e+00 -4.7902e-01
5527 0 +3.819633299e-03 +2.731538196e+02 +2.731538196e+02 -3.5790e+00 +3.7533e+00 -4.8001e-01
6019 0 +3.208814011e-03 +2.731532088e+02 +2.731532088e+02 -3.5782e+00 +3.7527e+00 -4.7984e-01
6937 0 +3.096158911e-03 +2.731530962e+02 +2.731530962e+02 -3.5799e+00 +3.7533e+00 -4.7690e-01
7063 0 +1.466777573e-03 +2.731514668e+02 +2.731514668e+02 -3.5787e+00 +3.7546e+00 -4.7858e-01
7287 0 +1.206851942e-03 +2.731512069e+02 +2.731512069e+02 -3.5795e+00 +3.7533e+00 -4.7802e-01
7351 0 +1.181683653e-03 +2.731511817e+02 +2.731511817e+02 -3.5799e+00 +3.7533e+00 -4.7815e-01
7561 0 +2.919169613e-04 +2.731502919e+02 +2.731502919e+02 -3.5791e+00 +3.7535e+00 -4.7852e-01
7841 0 +2.385033914e-04 +2.731502385e+02 +2.731502385e+02 -3.5791e+00 +3.7536e+00 -4.7852e-01
8377 0 +1.680144859e-04 +2.731501680e+02 +2.731501680e+02 -3.5791e+00 +3.7536e+00 -4.7836e-01
9495 0 +1.158435551e-04 +2.731501158e+02 +2.731501158e+02 -3.5791e+00 +3.7538e+00 -4.7837e-01
9613 0 +1.104288459e-04 +2.731501104e+02 +2.731501104e+02 -3.5792e+00 +3.7537e+00 -4.7841e-01
9847 0 +5.648665393e-05 +2.731500565e+02 +2.731500565e+02 -3.5792e+00 +3.7536e+00 -4.7842e-01
11017 0 +4.793467247e-05 +2.731500479e+02 +2.731500479e+02 -3.5792e+00 +3.7536e+00 -4.7840e-01
11181 0 +3.220941835e-05 +2.731500322e+02 +2.731500322e+02 -3.5792e+00 +3.7536e+00 -4.7841e-01
11623 0 +3.113789711e-05 +2.731500311e+02 +2.731500311e+02 -3.5792e+00 +3.7536e+00 -4.7840e-01
11763 0 +2.880181535e-05 +2.731500288e+02 +2.731500288e+02 -3.5792e+00 +3.7536e+00 -4.7839e-01
12181 0 +1.564729752e-05 +2.731500156e+02 +2.731500156e+02 -3.5792e+00 +3.7536e+00 -4.7840e-01
12259 0 +1.114900641e-05 +2.731500111e+02 +2.731500111e+02 -3.5792e+00 +3.7536e+00 -4.7840e-01
13541 0 +8.439017847e-06 +2.731500084e+02 +2.731500084e+02 -3.5792e+00 +3.7536e+00 -4.7840e-01
13727 0 +8.011045963e-06 +2.731500080e+02 +2.731500080e+02 -3.5792e+00 +3.7536e+00 -4.7840e-01
13739 0 +7.355979392e-06 +2.731500074e+02 +2.731500074e+02 -3.5792e+00 +3.7536e+00 -4.7840e-01
13767 0 +5.840088988e-06 +2.731500058e+02 +2.731500058e+02 -3.5792e+00 +3.7536e+00 -4.7840e-01
15551 0 +2.705208942e-06 +2.731500027e+02 +2.731500027e+02 -3.5792e+00 +3.7536e+00 -4.7840e-01
15751 0 +1.699593611e-06 +2.731500017e+02 +2.731500017e+02 -3.5792e+00 +3.7536e+00 -4.7840e-01
15831 0 +1.101543603e-06 +2.731500011e+02 +2.731500011e+02 -3.5792e+00 +3.7536e+00 -4.7840e-01
16911 0 +9.369802569e-07 +2.731500009e+02 +2.731500009e+02 -3.5792e+00 +3.7536e+00 -4.7840e-01
17027 0 +8.911386544e-07 +2.731500009e+02 +2.731500009e+02 -3.5792e+00 +3.7536e+00 -4.7840e-01
17107 0 +8.498157626e-07 +2.731500008e+02 +2.731500008e+02 -3.5792e+00 +3.7536e+00 -4.7840e-01
17431 0 +7.886335425e-07 +2.731500008e+02 +2.731500008e+02 -3.5792e+00 +3.7536e+00 -4.7840e-01
17627 0 +5.985520488e-07 +2.731500006e+02 +2.731500006e+02 -3.5792e+00 +3.7536e+00 -4.7840e-01
18065 0 +5.640797553e-07 +2.731500006e+02 +2.731500006e+02 -3.5792e+00 +3.7536e+00 -4.7840e-01
18103 0 +4.286183071e-07 +2.731500004e+02 +2.731500004e+02 -3.5792e+00 +3.7536e+00 -4.7840e-01
18217 0 +4.113246632e-07 +2.731500004e+02 +2.731500004e+02 -3.5792e+00 +3.7536e+00 -4.7840e-01
18361 0 +3.703780749e-07 +2.731500004e+02 +2.731500004e+02 -3.5792e+00 +3.7536e+00 -4.7840e-01
18521 0 +3.580934163e-07 +2.731500004e+02 +2.731500004e+02 -3.5792e+00 +3.7536e+00 -4.7840e-01
18537 0 +2.510900003e-07 +2.731500003e+02 +2.731500003e+02 -3.5792e+00 +3.7536e+00 -4.7840e-01
18543 0 +2.021578780e-07 +2.731500002e+02 +2.731500002e+02 -3.5792e+00 +3.7536e+00 -4.7840e-01
19197 0 +1.975046189e-07 +2.731500002e+02 +2.731500002e+02 -3.5792e+00 +3.7536e+00 -4.7840e-01
19205 0 +1.771891789e-07 +2.731500002e+02 +2.731500002e+02 -3.5792e+00 +3.7536e+00 -4.7840e-01
19357 0 +1.559549219e-07 +2.731500002e+02 +2.731500002e+02 -3.5792e+00 +3.7536e+00 -4.7840e-01
19465 0 +1.443013957e-07 +2.731500001e+02 +2.731500001e+02 -3.5792e+00 +3.7536e+00 -4.7840e-01
19687 0 +1.400064775e-08 +2.731500000e+02 +2.731500000e+02 -3.5792e+00 +3.7536e+00 -4.7840e-01
20047 0 +3.940726856e-09 +2.731500000e+02 +2.731500000e+02 -3.5792e+00 +3.7536e+00 -4.7840e-01
26907 0 +0.000000000e+00 +2.731500000e+02 +2.731500000e+02 -3.5792e+00 +3.7536e+00 -4.7840e-01
% f evaluations | g evaluations | best noise-free fitness - Fopt (3.718000000000e+01) + sum g_i+ | measured fitness | best measured fitness or single-digit g-values | x1 | x2...
1 0 +5.627629525e+00 +4.280762952e+01 +4.280762952e+01 -3.4508e+00 +1.2492e+00 +3.1996e+00
21 0 +5.162831387e+00 +4.234283139e+01 +4.234283139e+01 -3.5220e+00 -5.7734e-01 +3.1996e+00
243 0 +1.191686595e+00 +3.837168660e+01 +3.837168660e+01 -4.4141e+00 +1.8226e+00 +1.9029e+00
723 0 +6.521309834e-01 +3.783213098e+01 +3.783213098e+01 -4.4141e+00 +1.8226e+00 +2.0371e+00
1079 0 +5.599960101e-01 +3.773999601e+01 +3.773999601e+01 -4.2059e+00 +1.9104e+00 +2.0519e+00
1235 0 +4.984898016e-01 +3.767848980e+01 +3.767848980e+01 -3.6068e+00 +2.1874e+00 +2.0631e+00
1319 0 +4.599870074e-01 +3.763998701e+01 +3.763998701e+01 -4.2059e+00 +1.8796e+00 +2.0519e+00
1459 0 +3.285045467e-01 +3.750850455e+01 +3.750850455e+01 -3.9129e+00 +1.9308e+00 +2.0073e+00
1619 0 +2.050263800e-01 +3.738502638e+01 +3.738502638e+01 -3.9129e+00 +2.2036e+00 +2.0073e+00
1963 0 +1.197498158e-01 +3.729974982e+01 +3.729974982e+01 -3.9481e+00 +2.1139e+00 +2.0371e+00
2453 0 +9.170673663e-02 +3.727170674e+01 +3.727170674e+01 -3.9119e+00 +2.0304e+00 +2.0485e+00
2549 0 +8.128230279e-02 +3.726128230e+01 +3.726128230e+01 -3.8423e+00 +2.0666e+00 +2.0638e+00
2573 0 +2.056715404e-02 +3.720056715e+01 +3.720056715e+01 -3.8978e+00 +2.0638e+00 +2.0485e+00
3253 0 +1.771476388e-02 +3.719771476e+01 +3.719771476e+01 -3.8978e+00 +2.0638e+00 +2.0372e+00
3277 0 +9.319659842e-03 +3.718931966e+01 +3.718931966e+01 -3.8984e+00 +2.0654e+00 +2.0364e+00
3697 0 +8.568304419e-03 +3.718856830e+01 +3.718856830e+01 -3.9012e+00 +2.0618e+00 +2.0434e+00
3837 0 +8.222775621e-03 +3.718822278e+01 +3.718822278e+01 -3.8984e+00 +2.0582e+00 +2.0364e+00
3853 0 +7.802073848e-03 +3.718780207e+01 +3.718780207e+01 -3.8978e+00 +2.0618e+00 +2.0372e+00
4011 0 +6.346523970e-03 +3.718634652e+01 +3.718634652e+01 -3.9030e+00 +2.0618e+00 +2.0392e+00
4117 0 +3.899504133e-03 +3.718389950e+01 +3.718389950e+01 -3.8984e+00 +2.0591e+00 +2.0406e+00
4841 0 +3.141723972e-03 +3.718314172e+01 +3.718314172e+01 -3.8973e+00 +2.0618e+00 +2.0408e+00
5037 0 +6.014670657e-04 +3.718060147e+01 +3.718060147e+01 -3.8992e+00 +2.0604e+00 +2.0400e+00
6299 0 +3.012564716e-04 +3.718030126e+01 +3.718030126e+01 -3.8989e+00 +2.0600e+00 +2.0400e+00
6597 0 +2.946320355e-04 +3.718029463e+01 +3.718029463e+01 -3.8992e+00 +2.0601e+00 +2.0400e+00
6613 0 +2.348299435e-04 +3.718023483e+01 +3.718023483e+01 -3.8994e+00 +2.0600e+00 +2.0399e+00
6981 0 +2.316086680e-04 +3.718023161e+01 +3.718023161e+01 -3.8994e+00 +2.0599e+00 +2.0400e+00
7221 0 +2.119442576e-04 +3.718021194e+01 +3.718021194e+01 -3.8992e+00 +2.0600e+00 +2.0400e+00
7237 0 +1.865098925e-04 +3.718018651e+01 +3.718018651e+01 -3.8992e+00 +2.0601e+00 +2.0399e+00
7369 0 +1.283734531e-04 +3.718012837e+01 +3.718012837e+01 -3.8992e+00 +2.0600e+00 +2.0400e+00
7539 0 +4.200824122e-05 +3.718004201e+01 +3.718004201e+01 -3.8992e+00 +2.0600e+00 +2.0400e+00
7659 0 +4.162035734e-05 +3.718004162e+01 +3.718004162e+01 -3.8992e+00 +2.0600e+00 +2.0400e+00
7751 0 +3.290214604e-05 +3.718003290e+01 +3.718003290e+01 -3.8992e+00 +2.0600e+00 +2.0400e+00
7951 0 +2.370215549e-05 +3.718002370e+01 +3.718002370e+01 -3.8992e+00 +2.0600e+00 +2.0400e+00
8511 0 +2.088039670e-05 +3.718002088e+01 +3.718002088e+01 -3.8992e+00 +2.0600e+00 +2.0400e+00
8749 0 +1.070175239e-05 +3.718001070e+01 +3.718001070e+01 -3.8992e+00 +2.0600e+00 +2.0400e+00
9451 0 +9.395930618e-06 +3.718000940e+01 +3.718000940e+01 -3.8992e+00 +2.0600e+00 +2.0400e+00
9675 0 +9.307209694e-06 +3.718000931e+01 +3.718000931e+01 -3.8992e+00 +2.0600e+00 +2.0400e+00
10555 0 +5.798433499e-06 +3.718000580e+01 +3.718000580e+01 -3.8992e+00 +2.0600e+00 +2.0400e+00
10603 0 +5.293092372e-06 +3.718000529e+01 +3.718000529e+01 -3.8992e+00 +2.0600e+00 +2.0400e+00
10723 0 +1.022447130e-06 +3.718000102e+01 +3.718000102e+01 -3.8992e+00 +2.0600e+00 +2.0400e+00
10923 0 +9.580161731e-07 +3.718000096e+01 +3.718000096e+01 -3.8992e+00 +2.0600e+00 +2.0400e+00
11123 0 +6.185149957e-07 +3.718000062e+01 +3.718000062e+01 -3.8992e+00 +2.0600e+00 +2.0400e+00
11603 0 +6.097675893e-07 +3.718000061e+01 +3.718000061e+01 -3.8992e+00 +2.0600e+00 +2.0400e+00
12281 0 +5.203558828e-07 +3.718000052e+01 +3.718000052e+01 -3.8992e+00 +2.0600e+00 +2.0400e+00
12469 0 +4.507379785e-07 +3.718000045e+01 +3.718000045e+01 -3.8992e+00 +2.0600e+00 +2.0400e+00
12671 0 +3.769180239e-07 +3.718000038e+01 +3.718000038e+01 -3.8992e+00 +2.0600e+00 +2.0400e+00
12799 0 +3.306764782e-07 +3.718000033e+01 +3.718000033e+01 -3.8992e+00 +2.0600e+00 +2.0400e+00
12889 0 +2.988469987e-07 +3.718000030e+01 +3.718000030e+01 -3.8992e+00 +2.0600e+00 +2.0400e+00
12907 0 +2.542826891e-07 +3.718000025e+01 +3.718000025e+01 -3.8992e+00 +2.0600e+00 +2.0400e+00
12929 0 +1.548088022e-07 +3.718000015e+01 +3.718000015e+01 -3.8992e+00 +2.0600e+00 +2.0400e+00
13185 0 +7.592300477e-08 +3.718000008e+01 +3.718000008e+01 -3.8992e+00 +2.0600e+00 +2.0400e+00
13425 0 +6.049943835e-08 +3.718000006e+01 +3.718000006e+01 -3.8992e+00 +2.0600e+00 +2.0400e+00
13565 0 +5.848295359e-08 +3.718000006e+01 +3.718000006e+01 -3.8992e+00 +2.0600e+00 +2.0400e+00
13627 0 +5.100346812e-08 +3.718000005e+01 +3.718000005e+01 -3.8992e+00 +2.0600e+00 +2.0400e+00
13815 0 +2.953772338e-08 +3.718000003e+01 +3.718000003e+01 -3.8992e+00 +2.0600e+00 +2.0400e+00
14131 0 +1.972029651e-08 +3.718000002e+01 +3.718000002e+01 -3.8992e+00 +2.0600e+00 +2.0400e+00
14241 0 +1.153980378e-08 +3.718000001e+01 +3.718000001e+01 -3.8992e+00 +2.0600e+00 +2.0400e+00
14259 0 +8.417565311e-09 +3.718000001e+01 +3.718000001e+01 -3.8992e+00 +2.0600e+00 +2.0400e+00
19563 0 +0.000000000e+00 +3.718000000e+01 +3.718000000e+01 -3.8992e+00 +2.0600e+00 +2.0400e+00
% f evaluations | g evaluations | best noise-free fitness - Fopt (-1.479000000000e+02) + sum g_i+ | measured fitness | best measured fitness or single-digit g-values | x1 | x2...
1 0 +7.084153720e+00 -1.408158463e+02 -1.408158463e+02 -1.7363e+00 -1.0053e+00 -1.8331e+00
3 0 +3.936894888e+00 -1.439631051e+02 -1.439631051e+02 -1.3279e+00 -1.4944e+00 +1.5357e+00
11 0 +9.673498045e-01 -1.469326502e+02 -1.469326502e+02 -1.6956e+00 +7.5252e-03 +1.5094e+00
439 0 +6.137595146e-01 -1.472862405e+02 -1.472862405e+02 -1.5679e+00 +3.8760e-01 +1.6990e+00
879 0 +5.133287637e-01 -1.473866712e+02 -1.473866712e+02 -1.5831e+00 +3.8760e-01 +1.4555e+00
961 0 +3.643473557e-01 -1.475356526e+02 -1.475356526e+02 -1.6614e+00 +7.5252e-03 +1.2218e+00
1215 0 +3.503246115e-01 -1.475496754e+02 -1.475496754e+02 -1.5947e+00 -6.2619e-02 +8.4774e-01
1397 0 +3.352107434e-01 -1.475647893e+02 -1.475647893e+02 -1.6602e+00 +2.3576e-01 +1.1866e+00
1471 0 +3.261094275e-01 -1.475738906e+02 -1.475738906e+02 -1.5483e+00 +3.2054e-01 +1.3776e+00
1497 0 +2.639131200e-01 -1.476360869e+02 -1.476360869e+02 -1.8025e+00 +2.4909e-01 +1.1116e+00
1501 0 +1.964788301e-01 -1.477035212e+02 -1.477035212e+02 -1.6230e+00 +6.7483e-02 +1.1564e+00
1557 0 +1.799110358e-01 -1.477200890e+02 -1.477200890e+02 -1.6639e+00 +1.4047e-01 +1.1866e+00
1601 0 +1.258611751e-01 -1.477741388e+02 -1.477741388e+02 -1.6614e+00 +2.2871e-01 +1.2218e+00
2103 0 +1.221892485e-01 -1.477778108e+02 -1.477778108e+02 -1.6614e+00 +1.2157e-01 +1.1573e+00
2267 0 +8.787330474e-02 -1.478121267e+02 -1.478121267e+02 -1.6754e+00 +1.4472e-01 +1.2091e+00
2587 0 +8.046329368e-02 -1.478195367e+02 -1.478195367e+02 -1.6603e+00 +1.4472e-01 +1.2091e+00
2623 0 +6.508189302e-02 -1.478349181e+02 -1.478349181e+02 -1.6614e+00 +1.5509e-01 +1.2007e+00
2729 0 +6.449799598e-02 -1.478355020e+02 -1.478355020e+02 -1.6593e+00 +1.6381e-01 +1.1182e+00
3077 0 +4.019083415e-02 -1.478598092e+02 -1.478598092e+02 -1.6639e+00 +1.2423e-01 +1.1364e+00
3157 0 +2.569709123e-02 -1.478743029e+02 -1.478743029e+02 -1.6639e+00 +1.4734e-01 +1.1364e+00
3573 0 +2.287597901e-02 -1.478771240e+02 -1.478771240e+02 -1.6658e+00 +1.4059e-01 +1.1514e+00
3893 0 +2.117326388e-02 -1.478788267e+02 -1.478788267e+02 -1.6658e+00 +1.4243e-01 +1.1465e+00
4213 0 +1.924331953e-02 -1.478807567e+02 -1.478807567e+02 -1.6658e+00 +1.2937e-01 +1.1465e+00
4297 0 +1.874333124e-02 -1.478812567e+02 -1.478812567e+02 -1.6624e+00 +1.3877e-01 +1.1352e+00
4597 0 +1.576135964e-02 -1.478842386e+02 -1.478842386e+02 -1.6730e+00 +1.2812e-01 +1.1364e+00
4635 0 +8.384001979e-03 -1.478916160e+02 -1.478916160e+02 -1.6745e+00 +1.3450e-01 +1.1358e+00
4657 0 +5.800600410e-03 -1.478941994e+02 -1.478941994e+02 -1.6716e+00 +1.3900e-01 +1.1444e+00
4997 0 +4.186211122e-03 -1.478958138e+02 -1.478958138e+02 -1.6710e+00 +1.3676e-01 +1.1350e+00
5037 0 +3.379672816e-03 -1.478966203e+02 -1.478966203e+02 -1.6710e+00 +1.3434e-01 +1.1350e+00
5647 0 +1.690708639e-03 -1.478983093e+02 -1.478983093e+02 -1.6704e+00 +1.3438e-01 +1.1373e+00
6247 0 +1.378931026e-03 -1.478986211e+02 -1.478986211e+02 -1.6701e+00 +1.3438e-01 +1.1373e+00
6397 0 +1.144686268e-03 -1.478988553e+02 -1.478988553e+02 -1.6710e+00 +1.3549e-01 +1.1371e+00
6557 0 +1.086886681e-03 -1.478989131e+02 -1.478989131e+02 -1.6710e+00 +1.3549e-01 +1.1371e+00
7003 0 +9.771288056e-04 -1.478990229e+02 -1.478990229e+02 -1.6704e+00 +1.3554e-01 +1.1370e+00
7437 0 +8.366538276e-04 -1.478991633e+02 -1.478991633e+02 -1.6703e+00 +1.3549e-01 +1.1371e+00
7689 0 +2.215551294e-04 -1.478997784e+02 -1.478997784e+02 -1.6704e+00 +1.3521e-01 +1.1367e+00
9059 0 +1.120197686e-04 -1.478998880e+02 -1.478998880e+02 -1.6704e+00 +1.3526e-01 +1.1368e+00
9319 0 +3.333767918e-05 -1.478999667e+02 -1.478999667e+02 -1.6704e+00 +1.3519e-01 +1.1368e+00
10439 0 +3.008681745e-05 -1.478999699e+02 -1.478999699e+02 -1.6704e+00 +1.3519e-01 +1.1368e+00
10919 0 +2.941875476e-05 -1.478999706e+02 -1.478999706e+02 -1.6704e+00 +1.3520e-01 +1.1368e+00
11073 0 +1.817867621e-05 -1.478999818e+02 -1.478999818e+02 -1.6704e+00 +1.3520e-01 +1.1368e+00
11193 0 +1.568644882e-05 -1.478999843e+02 -1.478999843e+02 -1.6704e+00 +1.3520e-01 +1.1368e+00
11597 0 +1.496606802e-05 -1.478999850e+02 -1.478999850e+02 -1.6704e+00 +1.3520e-01 +1.1368e+00
11677 0 +8.192568657e-06 -1.478999918e+02 -1.478999918e+02 -1.6704e+00 +1.3520e-01 +1.1368e+00
12411 0 +3.494230214e-06 -1.478999965e+02 -1.478999965e+02 -1.6704e+00 +1.3520e-01 +1.1368e+00
12571 0 +1.310453939e-06 -1.478999987e+02 -1.478999987e+02 -1.6704e+00 +1.3520e-01 +1.1368e+00
12691 0 +8.532314837e-07 -1.478999991e+02 -1.478999991e+02 -1.6704e+00 +1.3520e-01 +1.1368e+00
14233 0 +7.012684762e-07 -1.478999993e+02 -1.478999993e+02 -1.6704e+00 +1.3520e-01 +1.1368e+00
14349 0 +4.460612502e-07 -1.478999996e+02 -1.478999996e+02 -1.6704e+00 +1.3520e-01 +1.1368e+00
14489 0 +4.182616635e-07 -1.478999996e+02 -1.478999996e+02 -1.6704e+00 +1.3520e-01 +1.1368e+00
14609 0 +2.914056836e-07 -1.478999997e+02 -1.478999997e+02 -1.6704e+00 +1.3520e-01 +1.1368e+00
14987 0 +2.413296727e-07 -1.478999998e+02 -1.478999998e+02 -1.6704e+00 +1.3520e-01 +1.1368e+00
15309 0 +1.730581971e-07 -1.478999998e+02 -1.478999998e+02 -1.6704e+00 +1.3520e-01 +1.1368e+00
15595 0 +1.577966771e-07 -1.478999998e+02 -1.478999998e+02 -1.6704e+00 +1.3520e-01 +1.1368e+00
15691 0 +1.278881996e-07 -1.478999999e+02 -1.478999999e+02 -1.6704e+00 +1.3520e-01 +1.1368e+00
15715 0 +1.161443492e-07 -1.478999999e+02 -1.478999999e+02 -1.6704e+00 +1.3520e-01 +1.1368e+00
15731 0 +9.659527223e-08 -1.478999999e+02 -1.478999999e+02 -1.6704e+00 +1.3520e-01 +1.1368e+00
15855 0 +8.311494071e-08 -1.478999999e+02 -1.478999999e+02 -1.6704e+00 +1.3520e-01 +1.1368e+00
15857 0 +8.039023669e-08 -1.478999999e+02 -1.478999999e+02 -1.6704e+00 +1.3520e-01 +1.1368e+00
16017 0 +3.737301313e-08 -1.479000000e+02 -1.479000000e+02 -1.6704e+00 +1.3520e-01 +1.1368e+00
16215 0 +3.499206969e-08 -1.479000000e+02 -1.479000000e+02 -1.6704e+00 +1.3520e-01 +1.1368e+00
16389 0 +9.054872407e-09 -1.479000000e+02 -1.479000000e+02 -1.6704e+00 +1.3520e-01 +1.1368e+00
23379 0 +0.000000000e+00 -1.479000000e+02 -1.479000000e+02 -1.6704e+00 +1.3520e-01 +1.1368e+00
% f evaluations | g evaluations | best noise-free fitness - Fopt (1.699300000000e+02) + sum g_i+ | measured fitness | best measured fitness or single-digit g-values | x1 | x2...
1 0 +2.125435672e+01 +1.911843567e+02 +1.911843567e+02 +3.4136e+00 -1.1717e+00 +4.6877e+00
2 0 +1.044979225e+01 +1.803797922e+02 +1.803797922e+02 +3.7952e-01 +4.5015e-01 -4.8439e+00
7 0 +1.442306785e+00 +1.713723068e+02 +1.713723068e+02 -1.4040e+00 -3.6861e-01 -2.2960e+00
517 0 +1.020660031e+00 +1.709506600e+02 +1.709506600e+02 -6.8944e-01 +1.1737e-02 -6.1073e-01
789 0 +8.158721735e-01 +1.707458722e+02 +1.707458722e+02 -8.4730e-01 -4.9078e-01 -1.8675e+00
893 0 +7.941162351e-01 +1.707241162e+02 +1.707241162e+02 -7.7729e-01 -4.2509e-01 -1.7613e+00
969 0 +6.346270537e-01 +1.705646271e+02 +1.705646271e+02 -7.0220e-01 +1.9119e-01 -6.1073e-01
1033 0 +4.229380159e-01 +1.703529380e+02 +1.703529380e+02 -1.2616e+00 -3.1502e-01 -2.2960e+00
1233 0 +3.340657160e-01 +1.702640657e+02 +1.702640657e+02 -1.2616e+00 -1.5813e-01 -2.2960e+00
1249 0 +2.300690937e-01 +1.701600691e+02 +1.701600691e+02 -1.0765e+00 -7.2301e-02 -1.9188e+00
1403 0 +1.197296707e-01 +1.700497297e+02 +1.700497297e+02 -1.0826e+00 -1.4923e-01 -2.0606e+00
1681 0 +1.122913793e-01 +1.700422914e+02 +1.700422914e+02 -1.0829e+00 -1.0422e-01 -2.0532e+00
2347 0 +1.003010656e-01 +1.700303011e+02 +1.700303011e+02 -1.0170e+00 -9.9062e-02 -1.8653e+00
2369 0 +9.520761403e-02 +1.700252076e+02 +1.700252076e+02 -1.0342e+00 -1.0455e-01 -1.9188e+00
2463 0 +6.384576752e-02 +1.699938458e+02 +1.699938458e+02 -1.0245e+00 -1.0673e-01 -1.9251e+00
2475 0 +5.401790918e-02 +1.699840179e+02 +1.699840179e+02 -1.0457e+00 -1.1249e-01 -1.9911e+00
2659 0 +5.135864381e-02 +1.699813586e+02 +1.699813586e+02 -1.0497e+00 -1.2006e-01 -1.9457e+00
2755 0 +2.567985784e-02 +1.699556799e+02 +1.699556799e+02 -1.0377e+00 -1.0630e-01 -1.9911e+00
3027 0 +1.843561179e-02 +1.699484356e+02 +1.699484356e+02 -1.0337e+00 -1.1382e-01 -1.9938e+00
3293 0 +1.442979069e-02 +1.699444298e+02 +1.699444298e+02 -1.0139e+00 -9.9698e-02 -1.9293e+00
3623 0 +1.049971650e-02 +1.699404997e+02 +1.699404997e+02 -1.0181e+00 -1.0673e-01 -1.9587e+00
4183 0 +9.292035951e-03 +1.699392920e+02 +1.699392920e+02 -1.0181e+00 -1.0673e-01 -1.9579e+00
5643 0 +3.714502074e-03 +1.699337145e+02 +1.699337145e+02 -1.0218e+00 -1.0705e-01 -1.9579e+00
6177 0 +3.486151167e-03 +1.699334862e+02 +1.699334862e+02 -1.0222e+00 -1.0555e-01 -1.9569e+00
7057 0 +2.281499386e-03 +1.699322815e+02 +1.699322815e+02 -1.0213e+00 -1.0555e-01 -1.9569e+00
7803 0 +1.545702420e-03 +1.699315457e+02 +1.699315457e+02 -1.0217e+00 -1.0663e-01 -1.9586e+00
7999 0 +6.408727919e-04 +1.699306409e+02 +1.699306409e+02 -1.0218e+00 -1.0634e-01 -1.9592e+00
8745 0 +4.154493911e-04 +1.699304154e+02 +1.699304154e+02 -1.0215e+00 -1.0648e-01 -1.9592e+00
9345 0 +1.294012789e-04 +1.699301294e+02 +1.699301294e+02 -1.0216e+00 -1.0643e-01 -1.9592e+00
9679 0 +1.048150964e-04 +1.699301048e+02 +1.699301048e+02 -1.0216e+00 -1.0637e-01 -1.9592e+00
10079 0 +3.245536297e-05 +1.699300325e+02 +1.699300325e+02 -1.0216e+00 -1.0638e-01 -1.9592e+00
10939 0 +3.211909097e-05 +1.699300321e+02 +1.699300321e+02 -1.0216e+00 -1.0641e-01 -1.9592e+00
11139 0 +2.391767447e-05 +1.699300239e+02 +1.699300239e+02 -1.0216e+00 -1.0639e-01 -1.9592e+00
11877 0 +1.320764665e-05 +1.699300132e+02 +1.699300132e+02 -1.0216e+00 -1.0640e-01 -1.9592e+00
12475 0 +6.775649950e-06 +1.699300068e+02 +1.699300068e+02 -1.0216e+00 -1.0640e-01 -1.9592e+00
13233 0 +5.641728137e-06 +1.699300056e+02 +1.699300056e+02 -1.0216e+00 -1.0640e-01 -1.9592e+00
13595 0 +1.989204662e-06 +1.699300020e+02 +1.699300020e+02 -1.0216e+00 -1.0640e-01 -1.9592e+00
13915 0 +1.943875105e-06 +1.699300019e+02 +1.699300019e+02 -1.0216e+00 -1.0640e-01 -1.9592e+00
13995 0 +1.845234038e-06 +1.699300018e+02 +1.699300018e+02 -1.0216e+00 -1.0640e-01 -1.9592e+00
14739 0 +6.363512739e-07 +1.699300006e+02 +1.699300006e+02 -1.0216e+00 -1.0640e-01 -1.9592e+00
15525 0 +6.028979840e-07 +1.699300006e+02 +1.699300006e+02 -1.0216e+00 -1.0640e-01 -1.9592e+00
15651 0 +5.865989010e-07 +1.699300006e+02 +1.699300006e+02 -1.0216e+00 -1.0640e-01 -1.9592e+00
15725 0 +3.957109413e-07 +1.699300004e+02 +1.699300004e+02 -1.0216e+00 -1.0640e-01 -1.9592e+00
15937 0 +3.697177817e-07 +1.699300004e+02 +1.699300004e+02 -1.0216e+00 -1.0640e-01 -1.9592e+00
16121 0 +3.396548323e-07 +1.699300003e+02 +1.699300003e+02 -1.0216e+00 -1.0640e-01 -1.9592e+00
16177 0 +2.487360007e-07 +1.699300002e+02 +1.699300002e+02 -1.0216e+00 -1.0640e-01 -1.9592e+00
16373 0 +2.208249725e-07 +1.699300002e+02 +1.699300002e+02 -1.0216e+00 -1.0640e-01 -1.9592e+00
16673 0 +2.166954687e-07 +1.699300002e+02 +1.699300002e+02 -1.0216e+00 -1.0640e-01 -1.9592e+00
16861 0 +1.954296920e-07 +1.699300002e+02 +1.699300002e+02 -1.0216e+00 -1.0640e-01 -1.9592e+00
16881 0 +1.692134788e-07 +1.699300002e+02 +1.699300002e+02 -1.0216e+00 -1.0640e-01 -1.9592e+00
16961 0 +7.991260986e-08 +1.699300001e+02 +1.699300001e+02 -1.0216e+00 -1.0640e-01 -1.9592e+00
17103 0 +6.716607004e-08 +1.699300001e+02 +1.699300001e+02 -1.0216e+00 -1.0640e-01 -1.9592e+00
17491 0 +5.621996024e-08 +1.699300001e+02 +1.699300001e+02 -1.0216e+00 -1.0640e-01 -1.9592e+00
17717 0 +5.398058534e-08 +1.699300001e+02 +1.699300001e+02 -1.0216e+00 -1.0640e-01 -1.9592e+00
17803 0 +4.023962674e-08 +1.699300000e+02 +1.699300000e+02 -1.0216e+00 -1.0640e-01 -1.9592e+00
17915 0 +3.916790092e-08 +1.699300000e+02 +1.699300000e+02 -1.0216e+00 -1.0640e-01 -1.9592e+00
17949 0 +2.914816832e-08 +1.699300000e+02 +1.699300000e+02 -1.0216e+00 -1.0640e-01 -1.9592e+00
18003 0 +2.334587634e-08 +1.699300000e+02 +1.699300000e+02 -1.0216e+00 -1.0640e-01 -1.9592e+00
18083 0 +1.361220825e-08 +1.699300000e+02 +1.699300000e+02 -1.0216e+00 -1.0640e-01 -1.9592e+00
18181 0 +3.837499207e-09 +1.699300000e+02 +1.699300000e+02 -1.0216e+00 -1.0640e-01 -1.9592e+00
24967 0 +0.000000000e+00 +1.699300000e+02 +1.699300000e+02 -1.0216e+00 -1.0640e-01 -1.9592e+00
% f evaluations | g evaluations | best noise-free fitness - Fopt (1.181700000000e+02) + sum g_i+ | measured fitness | best measured fitness or single-digit g-values | x1 | x2...
1 0 +2.228431258e+01 +1.404543126e+02 +1.404543126e+02 +3.3902e+00 +3.9757e+00 -3.9674e+00
2 0 +1.139694590e+01 +1.295669459e+02 +1.295669459e+02 +1.1604e+00 +1.8387e+00 -5.6052e-01
10 0 +7.743932059e+00 +1.259139321e+02 +1.259139321e+02 +1.0483e+00 -3.7321e+00 -1.0816e+00
39 0 +2.335257895e+00 +1.205052579e+02 +1.205052579e+02 +1.0483e+00 -3.7321e+00 -2.4075e+00
199 0 +1.933178872e+00 +1.201031789e+02 +1.201031789e+02 +1.0483e+00 -3.1561e+00 -2.4075e+00
399 0 +1.888288619e+00 +1.200582886e+02 +1.200582886e+02 +1.0483e+00 -2.9617e+00 -2.4075e+00
575 0 +1.206161597e+00 +1.193761616e+02 +1.193761616e+02 +6.4992e-01 -2.5597e+00 -2.8672e+00
735 0 +9.043248738e-01 +1.190743249e+02 +1.190743249e+02 +7.6364e-01 -2.2817e+00 -2.6757e+00
815 0 +3.009567941e-01 +1.184709568e+02 +1.184709568e+02 +9.1767e-01 -2.2817e+00 -2.6757e+00
1495 0 +1.806325412e-01 +1.183506325e+02 +1.183506325e+02 +9.1767e-01 -2.4019e+00 -2.6757e+00
1735 0 +1.253258594e-01 +1.182953259e+02 +1.182953259e+02 +9.1767e-01 -2.4019e+00 -2.7045e+00
1741 0 +1.082026062e-01 +1.182782026e+02 +1.182782026e+02 +9.1669e-01 -2.4768e+00 -2.6855e+00
2097 0 +1.035466104e-01 +1.182735466e+02 +1.182735466e+02 +9.0231e-01 -2.4211e+00 -2.6783e+00
2529 0 +9.746544964e-02 +1.182674654e+02 +1.182674654e+02 +8.8614e-01 -2.5159e+00 -2.7786e+00
2797 0 +7.736764530e-02 +1.182473676e+02 +1.182473676e+02 +8.7090e-01 -2.4106e+00 -2.7547e+00
3317 0 +5.498870619e-02 +1.182249887e+02 +1.182249887e+02 +8.7090e-01 -2.4246e+00 -2.7547e+00
3715 0 +4.727519975e-02 +1.182172752e+02 +1.182172752e+02 +9.2613e-01 -2.4726e+00 -2.7135e+00
4113 0 +3.777546974e-02 +1.182077755e+02 +1.182077755e+02 +8.9898e-01 -2.4376e+00 -2.7081e+00
4481 0 +6.618655514e-03 +1.181766187e+02 +1.181766187e+02 +9.1089e-01 -2.4536e+00 -2.7220e+00
7567 0 +5.297214557e-03 +1.181752972e+02 +1.181752972e+02 +8.9978e-01 -2.4459e+00 -2.7276e+00
8321 0 +5.206455076e-03 +1.181752065e+02 +1.181752065e+02 +9.1089e-01 -2.4549e+00 -2.7216e+00
8747 0 +3.147910158e-03 +1.181731479e+02 +1.181731479e+02 +9.0166e-01 -2.4483e+00 -2.7250e+00
8943 0 +2.748877303e-03 +1.181727489e+02 +1.181727489e+02 +9.1054e-01 -2.4554e+00 -2.7200e+00
9349 0 +1.173877432e-03 +1.181711739e+02 +1.181711739e+02 +9.0349e-01 -2.4505e+00 -2.7239e+00
9509 0 +1.050169532e-03 +1.181710502e+02 +1.181710502e+02 +9.0349e-01 -2.4506e+00 -2.7239e+00
9813 0 +6.337732252e-04 +1.181706338e+02 +1.181706338e+02 +9.0474e-01 -2.4510e+00 -2.7235e+00
11259 0 +3.178346561e-04 +1.181703178e+02 +1.181703178e+02 +9.0384e-01 -2.4503e+00 -2.7241e+00
11661 0 +2.311588514e-04 +1.181702312e+02 +1.181702312e+02 +9.0408e-01 -2.4504e+00 -2.7241e+00
12269 0 +2.173984975e-04 +1.181702174e+02 +1.181702174e+02 +9.0425e-01 -2.4506e+00 -2.7239e+00
12763 0 +1.694274231e-04 +1.181701694e+02 +1.181701694e+02 +9.0399e-01 -2.4504e+00 -2.7240e+00
13061 0 +1.545770335e-04 +1.181701546e+02 +1.181701546e+02 +9.0400e-01 -2.4504e+00 -2.7240e+00
13185 0 +1.171267519e-04 +1.181701171e+02 +1.181701171e+02 +9.0400e-01 -2.4505e+00 -2.7240e+00
15087 0 +1.060426438e-04 +1.181701060e+02 +1.181701060e+02 +9.0405e-01 -2.4504e+00 -2.7240e+00
15287 0 +7.897340961e-05 +1.181700790e+02 +1.181700790e+02 +9.0395e-01 -2.4504e+00 -2.7240e+00
15291 0 +4.318756824e-05 +1.181700432e+02 +1.181700432e+02 +9.0402e-01 -2.4504e+00 -2.7240e+00
15585 0 +2.864428703e-05 +1.181700286e+02 +1.181700286e+02 +9.0400e-01 -2.4504e+00 -2.7240e+00
18065 0 +2.748342318e-05 +1.181700275e+02 +1.181700275e+02 +9.0400e-01 -2.4504e+00 -2.7240e+00
18083 0 +2.412282294e-05 +1.181700241e+02 +1.181700241e+02 +9.0400e-01 -2.4504e+00 -2.7240e+00
18361 0 +1.964459395e-05 +1.181700196e+02 +1.181700196e+02 +9.0400e-01 -2.4504e+00 -2.7240e+00
18645 0 +1.878611144e-05 +1.181700188e+02 +1.181700188e+02 +9.0398e-01 -2.4504e+00 -2.7240e+00
18697 0 +1.424537827e-05 +1.181700142e+02 +1.181700142e+02 +9.0398e-01 -2.4504e+00 -2.7240e+00
18763 0 +1.374363262e-05 +1.181700137e+02 +1.181700137e+02 +9.0400e-01 -2.4504e+00 -2.7240e+00
18809 0 +1.217682822e-05 +1.181700122e+02 +1.181700122e+02 +9.0400e-01 -2.4504e+00 -2.7240e+00
18963 0 +1.151443956e-05 +1.181700115e+02 +1.181700115e+02 +9.0400e-01 -2.4504e+00 -2.7240e+00
19223 0 +7.012976283e-06 +1.181700070e+02 +1.181700070e+02 +9.0400e-01 -2.4504e+00 -2.7240e+00
19705 0 +4.699255456e-06 +1.181700047e+02 +1.181700047e+02 +9.0400e-01 -2.4504e+00 -2.7240e+00
19905 0 +1.618904065e-06 +1.181700016e+02 +1.181700016e+02 +9.0400e-01 -2.4504e+00 -2.7240e+00
20509 0 +1.394779687e-06 +1.181700014e+02 +1.181700014e+02 +9.0400e-01 -2.4504e+00 -2.7240e+00
20943 0 +1.092172624e-06 +1.181700011e+02 +1.181700011e+02 +9.0400e-01 -2.4504e+00 -2.7240e+00
21727 0 +7.968926354e-07 +1.181700008e+02 +1.181700008e+02 +9.0400e-01 -2.4504e+00 -2.7240e+00
22655 0 +7.069253343e-07 +1.181700007e+02 +1.181700007e+02 +9.0400e-01 -2.4504e+00 -2.7240e+00
22779 0 +6.226686224e-07 +1.181700006e+02 +1.181700006e+02 +9.0400e-01 -2.4504e+00 -2.7240e+00
23063 0 +6.051584052e-07 +1.181700006e+02 +1.181700006e+02 +9.0400e-01 -2.4504e+00 -2.7240e+00
23083 0 +5.898551763e-07 +1.181700006e+02 +1.181700006e+02 +9.0400e-01 -2.4504e+00 -2.7240e+00
23123 0 +5.173343425e-07 +1.181700005e+02 +1.181700005e+02 +9.0400e-01 -2.4504e+00 -2.7240e+00
23241 0 +4.771420521e-07 +1.181700005e+02 +1.181700005e+02 +9.0400e-01 -2.4504e+00 -2.7240e+00
23979 0 +4.278158627e-07 +1.181700004e+02 +1.181700004e+02 +9.0400e-01 -2.4504e+00 -2.7240e+00
24139 0 +4.002941694e-07 +1.181700004e+02 +1.181700004e+02 +9.0400e-01 -2.4504e+00 -2.7240e+00
24199 0 +3.922653491e-07 +1.181700004e+02 +1.181700004e+02 +9.0400e-01 -2.4504e+00 -2.7240e+00
24209 0 +3.570690978e-07 +1.181700004e+02 +1.181700004e+02 +9.0400e-01 -2.4504e+00 -2.7240e+00
24259 0 +3.130311796e-07 +1.181700003e+02 +1.181700003e+02 +9.0400e-01 -2.4504e+00 -2.7240e+00
24305 0 +1.820486943e-07 +1.181700002e+02 +1.181700002e+02 +9.0400e-01 -2.4504e+00 -2.7240e+00
25059 0 +1.781912999e-07 +1.181700002e+02 +1.181700002e+02 +9.0400e-01 -2.4504e+00 -2.7240e+00
25179 0 +1.614840102e-07 +1.181700002e+02 +1.181700002e+02 +9.0400e-01 -2.4504e+00 -2.7240e+00
25395 0 +1.400290586e-07 +1.181700001e+02 +1.181700001e+02 +9.0400e-01 -2.4504e+00 -2.7240e+00
25653 0 +1.305047448e-07 +1.181700001e+02 +1.181700001e+02 +9.0400e-01 -2.4504e+00 -2.7240e+00
26181 0 +1.231591824e-07 +1.181700001e+02 +1.181700001e+02 +9.0400e-01 -2.4504e+00 -2.7240e+00
26531 0 +9.429282954e-08 +1.181700001e+02 +1.181700001e+02 +9.0400e-01 -2.4504e+00 -2.7240e+00
26579 0 +3.100014112e-08 +1.181700000e+02 +1.181700000e+02 +9.0400e-01 -2.4504e+00 -2.7240e+00
27379 0 +3.069666832e-08 +1.181700000e+02 +1.181700000e+02 +9.0400e-01 -2.4504e+00 -2.7240e+00
27887 0 +2.005069177e-08 +1.181700000e+02 +1.181700000e+02 +9.0400e-01 -2.4504e+00 -2.7240e+00
28147 0 +9.223484199e-09 +1.181700000e+02 +1.181700000e+02 +9.0400e-01 -2.4504e+00 -2.7240e+00
39141 0 +0.000000000e+00 +1.181700000e+02 +1.181700000e+02 +9.0400e-01 -2.4504e+00 -2.7240e+00
% f evaluations | g evaluations | best noise-free fitness - Fopt (-1.791300000000e+02) + sum g_i+ | measured fitness | best measured fitness or single-digit g-values | x1 | x2...
1 0 +1.234960143e+01 -1.667803986e+02 -1.667803986e+02 +4.9263e+00 -2.7890e+00 +2.4641e+00
6 0 +1.044667951e+01 -1.686833205e+02 -1.686833205e+02 +8.1207e-02 +2.5478e+00 +2.1649e+00
8 0 +7.734577837e+00 -1.713954222e+02 -1.713954222e+02 +1.0409e+00 -3.0909e+00 -1.8793e+00
20 0 +5.759361833e+00 -1.733706382e+02 -1.733706382e+02 +2.7613e+00 -2.3227e+00 +8.5620e-01
59 0 +2.408455728e+00 -1.767215443e+02 -1.767215443e+02 +2.2115e+00 -3.6091e+00 +8.5620e-01
95 0 +2.287810983e+00 -1.768421890e+02 -1.768421890e+02 +1.8622e+00 -2.1305e+00 +6.2821e-01
509 0 +1.889545415e+00 -1.772404546e+02 -1.772404546e+02 +1.5253e+00 -3.0781e+00 -3.6742e-01
595 0 +1.239594225e+00 -1.778904058e+02 -1.778904058e+02 +1.0409e+00 -3.0909e+00 +7.6931e-01
729 0 +7.770374423e-01 -1.783529626e+02 -1.783529626e+02 +9.8103e-01 -3.3255e+00 +9.1926e-01
779 0 +6.308602699e-01 -1.784991397e+02 -1.784991397e+02 +1.7531e+00 -3.8987e+00 +7.8642e-01
889 0 +1.623469785e-01 -1.789676530e+02 -1.789676530e+02 +1.3854e+00 -3.3255e+00 +9.1926e-01
1833 0 +1.284365422e-01 -1.790015635e+02 -1.790015635e+02 +1.3415e+00 -3.3701e+00 +8.6418e-01
1937 0 +1.057937146e-01 -1.790242063e+02 -1.790242063e+02 +1.3862e+00 -3.4516e+00 +8.5363e-01
1953 0 +5.904713478e-02 -1.790709529e+02 -1.790709529e+02 +1.3415e+00 -3.3701e+00 +9.0059e-01
2301 0 +4.274145001e-02 -1.790872585e+02 -1.790872585e+02 +1.3326e+00 -3.4349e+00 +8.5900e-01
2397 0 +3.603593092e-02 -1.790939641e+02 -1.790939641e+02 +1.3209e+00 -3.3820e+00 +8.7727e-01
2937 0 +3.087387691e-02 -1.790991261e+02 -1.790991261e+02 +1.3301e+00 -3.4482e+00 +8.8464e-01
3037 0 +2.641714136e-02 -1.791035829e+02 -1.791035829e+02 +1.3209e+00 -3.3954e+00 +8.7727e-01
3055 0 +1.641251787e-02 -1.791135875e+02 -1.791135875e+02 +1.3204e+00 -3.3831e+00 +8.8683e-01
3499 0 +1.511665961e-02 -1.791148833e+02 -1.791148833e+02 +1.3336e+00 -3.4286e+00 +8.8513e-01
3789 0 +1.442231735e-02 -1.791155777e+02 -1.791155777e+02 +1.3285e+00 -3.4177e+00 +8.7487e-01
3821 0 +1.383639620e-02 -1.791161636e+02 -1.791161636e+02 +1.3351e+00 -3.4480e+00 +8.7954e-01
3869 0 +9.985835402e-03 -1.791200142e+02 -1.791200142e+02 +1.3285e+00 -3.4177e+00 +8.8497e-01
4031 0 +3.691583332e-03 -1.791263084e+02 -1.791263084e+02 +1.3295e+00 -3.4130e+00 +8.8710e-01
4151 0 +3.346031280e-03 -1.791266540e+02 -1.791266540e+02 +1.3261e+00 -3.4130e+00 +8.8710e-01
4829 0 +3.198685276e-03 -1.791268013e+02 -1.791268013e+02 +1.3295e+00 -3.4137e+00 +8.8676e-01
4991 0 +3.132810181e-03 -1.791268672e+02 -1.791268672e+02 +1.3261e+00 -3.4130e+00 +8.8676e-01
5349 0 +2.907634717e-03 -1.791270924e+02 -1.791270924e+02 +1.3274e+00 -3.4137e+00 +8.8679e-01
5653 0 +2.136020865e-03 -1.791278640e+02 -1.791278640e+02 +1.3287e+00 -3.4175e+00 +8.8639e-01
5889 0 +1.308505304e-03 -1.791286915e+02 -1.791286915e+02 +1.3280e+00 -3.4141e+00 +8.8677e-01
6001 0 +1.268912164e-03 -1.791287311e+02 -1.791287311e+02 +1.3275e+00 -3.4140e+00 +8.8692e-01
6041 0 +1.157012851e-03 -1.791288430e+02 -1.791288430e+02 +1.3275e+00 -3.4143e+00 +8.8726e-01
6209 0 +1.052762892e-03 -1.791289472e+02 -1.791289472e+02 +1.3280e+00 -3.4154e+00 +8.8677e-01
6495 0 +1.043260513e-03 -1.791289567e+02 -1.791289567e+02 +1.3276e+00 -3.4150e+00 +8.8718e-01
6553 0 +9.966675943e-04 -1.791290033e+02 -1.791290033e+02 +1.3285e+00 -3.4150e+00 +8.8740e-01
6641 0 +9.012883048e-04 -1.791290987e+02 -1.791290987e+02 +1.3282e+00 -3.4143e+00 +8.8726e-01
6703 0 +5.314303547e-04 -1.791294686e+02 -1.791294686e+02 +1.3282e+00 -3.4147e+00 +8.8720e-01
7091 0 +2.706144455e-04 -1.791297294e+02 -1.791297294e+02 +1.3281e+00 -3.4144e+00 +8.8718e-01
7181 0 +2.649251148e-04 -1.791297351e+02 -1.791297351e+02 +1.3281e+00 -3.4145e+00 +8.8723e-01
7423 0 +2.325769871e-04 -1.791297674e+02 -1.791297674e+02 +1.3281e+00 -3.4143e+00 +8.8720e-01
8009 0 +1.705413437e-04 -1.791298295e+02 -1.791298295e+02 +1.3280e+00 -3.4144e+00 +8.8715e-01
8169 0 +1.655802187e-04 -1.791298344e+02 -1.791298344e+02 +1.3280e+00 -3.4144e+00 +8.8715e-01
8183 0 +1.176708668e-04 -1.791298823e+02 -1.791298823e+02 +1.3279e+00 -3.4142e+00 +8.8720e-01
8489 0 +3.616052049e-05 -1.791299638e+02 -1.791299638e+02 +1.3280e+00 -3.4144e+00 +8.8720e-01
8813 0 +3.424912342e-05 -1.791299658e+02 -1.791299658e+02 +1.3280e+00 -3.4144e+00 +8.8719e-01
8965 0 +3.220645092e-05 -1.791299678e+02 -1.791299678e+02 +1.3280e+00 -3.4144e+00 +8.8719e-01
9353 0 +3.039786102e-05 -1.791299696e+02 -1.791299696e+02 +1.3280e+00 -3.4144e+00 +8.8719e-01
9405 0 +2.790867271e-05 -1.791299721e+02 -1.791299721e+02 +1.3280e+00 -3.4144e+00 +8.8720e-01
9565 0 +2.425151624e-05 -1.791299757e+02 -1.791299757e+02 +1.3280e+00 -3.4144e+00 +8.8721e-01
9649 0 +3.664752597e-06 -1.791299963e+02 -1.791299963e+02 +1.3280e+00 -3.4144e+00 +8.8720e-01
10507 0 +1.602564566e-06 -1.791299984e+02 -1.791299984e+02 +1.3280e+00 -3.4144e+00 +8.8720e-01
10841 0 +1.209105335e-06 -1.791299988e+02 -1.791299988e+02 +1.3280e+00 -3.4144e+00 +8.8720e-01
11343 0 +1.140153557e-06 -1.791299989e+02 -1.791299989e+02 +1.3280e+00 -3.4144e+00 +8.8720e-01
11361 0 +9.811738551e-07 -1.791299990e+02 -1.791299990e+02 +1.3280e+00 -3.4144e+00 +8.8720e-01
12193 0 +6.104729664e-07 -1.791299994e+02 -1.791299994e+02 +1.3280e+00 -3.4144e+00 +8.8720e-01
12781 0 +5.809539232e-07 -1.791299994e+02 -1.791299994e+02 +1.3280e+00 -3.4144e+00 +8.8720e-01
12947 0 +5.401057024e-07 -1.791299995e+02 -1.791299995e+02 +1.3280e+00 -3.4144e+00 +8.8720e-01
13099 0 +4.416621380e-07 -1.791299996e+02 -1.791299996e+02 +1.3280e+00 -3.4144e+00 +8.8720e-01
13143 0 +2.971357844e-07 -1.791299997e+02 -1.791299997e+02 +1.3280e+00 -3.4144e+00 +8.8720e-01
13451 0 +2.062490978e-07 -1.791299998e+02 -1.791299998e+02 +1.3280e+00 -3.4144e+00 +8.8720e-01
13601 0 +1.564015975e-07 -1.791299998e+02 -1.791299998e+02 +1.3280e+00 -3.4144e+00 +8.8720e-01
13647 0 +3.593240194e-08 -1.791300000e+02 -1.791300000e+02 +1.3280e+00 -3.4144e+00 +8.8720e-01
14103 0 +3.287885875e-08 -1.791300000e+02 -1.791300000e+02 +1.3280e+00 -3.4144e+00 +8.8720e-01
14287 0 +1.321379273e-08 -1.791300000e+02 -1.791300000e+02 +1.3280e+00 -3.4144e+00 +8.8720e-01
14639 0 +1.207217792e-08 -1.791300000e+02 -1.791300000e+02 +1.3280e+00 -3.4144e+00 +8.8720e-01
14673 0 +1.047507681e-08 -1.791300000e+02 -1.791300000e+02 +1.3280e+00 -3.4144e+00 +8.8720e-01
14679 0 +7.839133787e-09 -1.791300000e+02 -1.791300000e+02 +1.3280e+00 -3.4144e+00 +8.8720e-01
19585 0 +0.000000000e+00 -1.791300000e+02 -1.791300000e+02 +1.3280e+00 -3.4144e+00 +8.8720e-01
% f evaluations | g evaluations | best noise-free fitness - Fopt (-5.784000000000e+02) + sum g_i+ | measured fitness | best measured fitness or single-digit g-values | x1 | x2...
1 0 +4.506914030e+01 -5.333308597e+02 -5.333308597e+02 +1.8165e+00 -2.1286e+00 +4.9259e+00
2 0 +1.161373874e+01 -5.667862613e+02 -5.667862613e+02 -1.8272e+00 +4.3163e+00 -1.7716e+00
14 0 +9.362773307e+00 -5.690372267e+02 -5.690372267e+02 -3.2377e-01 -1.4329e-01 -1.1112e+00
19 0 +6.586520306e+00 -5.718134797e+02 -5.718134797e+02 -2.5437e+00 +2.3175e+00 -3.3941e+00
79 0 +5.072750024e+00 -5.733272500e+02 -5.733272500e+02 -4.2499e+00 +5.0000e+00 -3.8325e+00
109 0 +4.980293738e+00 -5.734197063e+02 -5.734197063e+02 -5.0000e+00 +5.0000e+00 -3.8484e+00
189 0 +3.591088531e+00 -5.748089115e+02 -5.748089115e+02 -4.9487e+00 +5.0000e+00 -3.8484e+00
565 0 +3.473207052e+00 -5.749267929e+02 -5.749267929e+02 -4.1559e+00 +4.7431e+00 -2.3322e+00
581 0 +2.727204433e+00 -5.756727956e+02 -5.756727956e+02 -4.2500e+00 +4.7832e+00 -3.2647e+00
615 0 +2.227487991e+00 -5.761725120e+02 -5.761725120e+02 -5.0000e+00 +5.0000e+00 -2.0737e+00
747 0 +1.420102440e+00 -5.769798976e+02 -5.769798976e+02 -3.4764e+00 +4.3032e+00 -3.1669e+00
919 0 +5.850243613e-01 -5.778149756e+02 -5.778149756e+02 -3.6025e+00 +3.7069e+00 -3.0202e+00
1275 0 +2.151252860e-01 -5.781848747e+02 -5.781848747e+02 -3.4676e+00 +3.7115e+00 -2.7208e+00
2029 0 +1.478010167e-01 -5.782521990e+02 -5.782521990e+02 -3.6644e+00 +4.2484e+00 -2.6060e+00
2651 0 +8.465317073e-02 -5.783153468e+02 -5.783153468e+02 -3.5066e+00 +3.8106e+00 -2.6783e+00
3631 0 +8.147758596e-02 -5.783185224e+02 -5.783185224e+02 -3.5180e+00 +3.8609e+00 -2.6556e+00
3841 0 +7.776615995e-02 -5.783222338e+02 -5.783222338e+02 -3.5490e+00 +3.8984e+00 -2.6411e+00
3891 0 +7.494582805e-02 -5.783250542e+02 -5.783250542e+02 -3.5066e+00 +3.8106e+00 -2.6730e+00
3931 0 +6.312625473e-02 -5.783368737e+02 -5.783368737e+02 -3.5080e+00 +3.8106e+00 -2.6730e+00
4169 0 +5.145451225e-02 -5.783485455e+02 -5.783485455e+02 -3.5170e+00 +3.8942e+00 -2.6398e+00
4951 0 +4.770240390e-02 -5.783522976e+02 -5.783522976e+02 -3.5112e+00 +3.8609e+00 -2.6706e+00
5081 0 +4.317541038e-02 -5.783568246e+02 -5.783568246e+02 -3.5472e+00 +3.9116e+00 -2.6315e+00
5181 0 +4.001085036e-02 -5.783599891e+02 -5.783599891e+02 -3.5424e+00 +3.8788e+00 -2.6610e+00
5317 0 +3.701627636e-02 -5.783629837e+02 -5.783629837e+02 -3.5423e+00 +3.8813e+00 -2.6591e+00
5415 0 +3.374238663e-02 -5.783662576e+02 -5.783662576e+02 -3.5224e+00 +3.8521e+00 -2.6588e+00
5867 0 +2.172735111e-02 -5.783782726e+02 -5.783782726e+02 -3.5570e+00 +3.9257e+00 -2.6406e+00
5987 0 +7.769156474e-03 -5.783922308e+02 -5.783922308e+02 -3.5501e+00 +3.9257e+00 -2.6446e+00
7901 0 +5.462046515e-03 -5.783945380e+02 -5.783945380e+02 -3.5424e+00 +3.9122e+00 -2.6448e+00
8445 0 +2.582491285e-03 -5.783974175e+02 -5.783974175e+02 -3.5450e+00 +3.9203e+00 -2.6433e+00
9285 0 +2.087420542e-03 -5.783979126e+02 -5.783979126e+02 -3.5450e+00 +3.9203e+00 -2.6442e+00
9631 0 +1.925330982e-03 -5.783980747e+02 -5.783980747e+02 -3.5452e+00 +3.9207e+00 -2.6443e+00
10311 0 +1.104333382e-03 -5.783988957e+02 -5.783988957e+02 -3.5457e+00 +3.9207e+00 -2.6443e+00
10573 0 +1.078110268e-03 -5.783989219e+02 -5.783989219e+02 -3.5451e+00 +3.9187e+00 -2.6443e+00
10691 0 +1.025415150e-03 -5.783989746e+02 -5.783989746e+02 -3.5452e+00 +3.9203e+00 -2.6441e+00
10891 0 +6.713433054e-04 -5.783993287e+02 -5.783993287e+02 -3.5456e+00 +3.9203e+00 -2.6441e+00
11745 0 +5.820311782e-04 -5.783994180e+02 -5.783994180e+02 -3.5460e+00 +3.9207e+00 -2.6439e+00
11841 0 +2.901944496e-04 -5.783997098e+02 -5.783997098e+02 -3.5456e+00 +3.9199e+00 -2.6441e+00
12477 0 +1.072733542e-04 -5.783998927e+02 -5.783998927e+02 -3.5456e+00 +3.9200e+00 -2.6439e+00
12537 0 +8.412148111e-05 -5.783999159e+02 -5.783999159e+02 -3.5456e+00 +3.9199e+00 -2.6440e+00
14123 0 +8.077066752e-05 -5.783999192e+02 -5.783999192e+02 -3.5456e+00 +3.9200e+00 -2.6440e+00
14323 0 +5.890059128e-05 -5.783999411e+02 -5.783999411e+02 -3.5456e+00 +3.9200e+00 -2.6440e+00
14563 0 +3.296417458e-05 -5.783999670e+02 -5.783999670e+02 -3.5456e+00 +3.9200e+00 -2.6440e+00
15043 0 +3.081753584e-05 -5.783999692e+02 -5.783999692e+02 -3.5456e+00 +3.9200e+00 -2.6440e+00
15135 0 +2.892589430e-05 -5.783999711e+02 -5.783999711e+02 -3.5456e+00 +3.9200e+00 -2.6440e+00
16417 0 +2.881800503e-05 -5.783999712e+02 -5.783999712e+02 -3.5456e+00 +3.9200e+00 -2.6440e+00
16431 0 +2.637785303e-05 -5.783999736e+02 -5.783999736e+02 -3.5456e+00 +3.9200e+00 -2.6440e+00
16735 0 +1.926628511e-05 -5.783999807e+02 -5.783999807e+02 -3.5456e+00 +3.9200e+00 -2.6440e+00
16895 0 +1.489294471e-05 -5.783999851e+02 -5.783999851e+02 -3.5456e+00 +3.9200e+00 -2.6440e+00
17721 0 +1.443602389e-05 -5.783999856e+02 -5.783999856e+02 -3.5456e+00 +3.9200e+00 -2.6440e+00
18141 0 +1.177693343e-05 -5.783999882e+02 -5.783999882e+02 -3.5456e+00 +3.9200e+00 -2.6440e+00
18459 0 +1.171830161e-05 -5.783999883e+02 -5.783999883e+02 -3.5456e+00 +3.9200e+00 -2.6440e+00
18653 0 +7.165520515e-06 -5.783999928e+02 -5.783999928e+02 -3.5456e+00 +3.9200e+00 -2.6440e+00
18711 0 +7.063786143e-06 -5.783999929e+02 -5.783999929e+02 -3.5456e+00 +3.9200e+00 -2.6440e+00
18733 0 +3.225887326e-06 -5.783999968e+02 -5.783999968e+02 -3.5456e+00 +3.9200e+00 -2.6440e+00
18847 0 +2.643941684e-06 -5.783999974e+02 -5.783999974e+02 -3.5456e+00 +3.9200e+00 -2.6440e+00
18869 0 +1.747853617e-06 -5.783999983e+02 -5.783999983e+02 -3.5456e+00 +3.9200e+00 -2.6440e+00
19081 0 +1.248835588e-06 -5.783999988e+02 -5.783999988e+02 -3.5456e+00 +3.9200e+00 -2.6440e+00
19179 0 +7.591789881e-07 -5.783999992e+02 -5.783999992e+02 -3.5456e+00 +3.9200e+00 -2.6440e+00
19519 0 +5.566778327e-07 -5.783999994e+02 -5.783999994e+02 -3.5456e+00 +3.9200e+00 -2.6440e+00
20099 0 +4.919063485e-07 -5.783999995e+02 -5.783999995e+02 -3.5456e+00 +3.9200e+00 -2.6440e+00
20121 0 +4.606554285e-07 -5.783999995e+02 -5.783999995e+02 -3.5456e+00 +3.9200e+00 -2.6440e+00
20281 0 +3.832732318e-07 -5.783999996e+02 -5.783999996e+02 -3.5456e+00 +3.9200e+00 -2.6440e+00
20533 0 +2.719609711e-07 -5.783999997e+02 -5.783999997e+02 -3.5456e+00 +3.9200e+00 -2.6440e+00
20847 0 +2.327684570e-07 -5.783999998e+02 -5.783999998e+02 -3.5456e+00 +3.9200e+00 -2.6440e+00
20877 0 +2.244337338e-07 -5.783999998e+02 -5.783999998e+02 -3.5456e+00 +3.9200e+00 -2.6440e+00
21177 0 +1.948407089e-07 -5.783999998e+02 -5.783999998e+02 -3.5456e+00 +3.9200e+00 -2.6440e+00
21229 0 +1.542699692e-07 -5.783999998e+02 -5.783999998e+02 -3.5456e+00 +3.9200e+00 -2.6440e+00
21233 0 +7.786957212e-08 -5.783999999e+02 -5.783999999e+02 -3.5456e+00 +3.9200e+00 -2.6440e+00
21959 0 +7.089897736e-08 -5.783999999e+02 -5.783999999e+02 -3.5456e+00 +3.9200e+00 -2.6440e+00
22241 0 +5.684796633e-08 -5.783999999e+02 -5.783999999e+02 -3.5456e+00 +3.9200e+00 -2.6440e+00
22473 0 +5.009076176e-08 -5.783999999e+02 -5.783999999e+02 -3.5456e+00 +3.9200e+00 -2.6440e+00
22513 0 +4.087007710e-08 -5.784000000e+02 -5.784000000e+02 -3.5456e+00 +3.9200e+00 -2.6440e+00
22783 0 +1.725254606e-08 -5.784000000e+02 -5.784000000e+02 -3.5456e+00 +3.9200e+00 -2.6440e+00
22983 0 +1.242574399e-08 -5.784000000e+02 -5.784000000e+02 -3.5456e+00 +3.9200e+00 -2.6440e+00
23071 0 +9.992845662e-09 -5.784000000e+02 -5.784000000e+02 -3.5456e+00 +3.9200e+00 -2.6440e+00
28293 0 +0.000000000e+00 -5.784000000e+02 -5.784000000e+02 -3.5456e+00 +3.9200e+00 -2.6440e+00
% f evaluations | g evaluations | best noise-free fitness - Fopt (1.000000000000e+03) + sum g_i+ | measured fitness | best measured fitness or single-digit g-values | x1 | x2...
1 0 +3.281490570e+00 +1.003281491e+03 +1.003281491e+03 -3.6296e+00 -2.2787e+00 -4.8979e-01
11 0 +2.668340127e+00 +1.002668340e+03 +1.002668340e+03 -3.4471e+00 -4.1244e+00 -4.7837e-01
273 0 +2.164447172e+00 +1.002164447e+03 +1.002164447e+03 -4.8127e+00 -4.2686e+00 +3.5467e-01
551 0 +2.018775452e+00 +1.002018775e+03 +1.002018775e+03 -3.8423e+00 -2.7960e+00 -1.5040e+00
591 0 +1.283786008e+00 +1.001283786e+03 +1.001283786e+03 -2.1578e+00 -2.7960e+00 -1.5040e+00
791 0 +9.527749709e-01 +1.000952775e+03 +1.000952775e+03 -2.1578e+00 -2.7960e+00 -1.3849e+00
1163 0 +7.749086804e-01 +1.000774909e+03 +1.000774909e+03 -2.8351e+00 -3.0071e+00 -8.6977e-01
1375 0 +4.332082068e-01 +1.000433208e+03 +1.000433208e+03 -2.6576e+00 -3.3361e+00 -6.1102e-01
1821 0 +2.244772402e-01 +1.000224477e+03 +1.000224477e+03 -2.9625e+00 -3.3012e+00 -7.8167e-01
2061 0 +2.027220641e-01 +1.000202722e+03 +1.000202722e+03 -2.8559e+00 -3.3012e+00 -7.8167e-01
3017 0 +1.865358387e-01 +1.000186536e+03 +1.000186536e+03 -2.8235e+00 -3.2670e+00 -7.4313e-01
3023 0 +6.121126838e-02 +1.000061211e+03 +1.000061211e+03 -2.8994e+00 -3.2361e+00 -8.4945e-01
4113 0 +4.171789992e-02 +1.000041718e+03 +1.000041718e+03 -2.8759e+00 -3.2427e+00 -8.6384e-01
4157 0 +4.116977927e-02 +1.000041170e+03 +1.000041170e+03 -2.8693e+00 -3.2466e+00 -8.5715e-01
4435 0 +1.481926523e-02 +1.000014819e+03 +1.000014819e+03 -2.8687e+00 -3.2477e+00 -8.3792e-01
5017 0 +1.317876202e-02 +1.000013179e+03 +1.000013179e+03 -2.8769e+00 -3.2438e+00 -8.5070e-01
5201 0 +1.265611151e-02 +1.000012656e+03 +1.000012656e+03 -2.8741e+00 -3.2403e+00 -8.5162e-01
5537 0 +9.015093951e-03 +1.000009015e+03 +1.000009015e+03 -2.8769e+00 -3.2438e+00 -8.4000e-01
5721 0 +5.685840689e-03 +1.000005686e+03 +1.000005686e+03 -2.8728e+00 -3.2403e+00 -8.4561e-01
6397 0 +4.092136664e-03 +1.000004092e+03 +1.000004092e+03 -2.8791e+00 -3.2441e+00 -8.4148e-01
6963 0 +3.617901378e-03 +1.000003618e+03 +1.000003618e+03 -2.8726e+00 -3.2414e+00 -8.4650e-01
7201 0 +2.414366199e-03 +1.000002414e+03 +1.000002414e+03 -2.8728e+00 -3.2418e+00 -8.4459e-01
7419 0 +1.994828211e-03 +1.000001995e+03 +1.000001995e+03 -2.8751e+00 -3.2421e+00 -8.4415e-01
7601 0 +1.659998345e-03 +1.000001660e+03 +1.000001660e+03 -2.8740e+00 -3.2418e+00 -8.4517e-01
7669 0 +6.255220623e-04 +1.000000626e+03 +1.000000626e+03 -2.8719e+00 -3.2412e+00 -8.4622e-01
8873 0 +3.056955672e-04 +1.000000306e+03 +1.000000306e+03 -2.8727e+00 -3.2415e+00 -8.4572e-01
8943 0 +2.485173608e-04 +1.000000249e+03 +1.000000249e+03 -2.8727e+00 -3.2414e+00 -8.4566e-01
10603 0 +2.310130207e-04 +1.000000231e+03 +1.000000231e+03 -2.8729e+00 -3.2415e+00 -8.4550e-01
11199 0 +1.101559066e-04 +1.000000110e+03 +1.000000110e+03 -2.8728e+00 -3.2416e+00 -8.4563e-01
11379 0 +1.073776201e-04 +1.000000107e+03 +1.000000107e+03 -2.8726e+00 -3.2415e+00 -8.4572e-01
11671 0 +7.282404169e-05 +1.000000073e+03 +1.000000073e+03 -2.8728e+00 -3.2416e+00 -8.4561e-01
11831 0 +3.361688096e-05 +1.000000034e+03 +1.000000034e+03 -2.8728e+00 -3.2416e+00 -8.4561e-01
12373 0 +3.036844191e-05 +1.000000030e+03 +1.000000030e+03 -2.8728e+00 -3.2416e+00 -8.4561e-01
12399 0 +3.008709291e-05 +1.000000030e+03 +1.000000030e+03 -2.8728e+00 -3.2416e+00 -8.4559e-01
12671 0 +2.910623050e-05 +1.000000029e+03 +1.000000029e+03 -2.8728e+00 -3.2416e+00 -8.4561e-01
13453 0 +2.879066687e-05 +1.000000029e+03 +1.000000029e+03 -2.8728e+00 -3.2416e+00 -8.4561e-01
13927 0 +1.751585819e-05 +1.000000018e+03 +1.000000018e+03 -2.8728e+00 -3.2416e+00 -8.4561e-01
14289 0 +1.896439699e-06 +1.000000002e+03 +1.000000002e+03 -2.8728e+00 -3.2416e+00 -8.4560e-01
17249 0 +1.815158726e-06 +1.000000002e+03 +1.000000002e+03 -2.8728e+00 -3.2416e+00 -8.4560e-01
18011 0 +6.718580607e-07 +1.000000001e+03 +1.000000001e+03 -2.8728e+00 -3.2416e+00 -8.4560e-01
19633 0 +5.600973054e-07 +1.000000001e+03 +1.000000001e+03 -2.8728e+00 -3.2416e+00 -8.4560e-01
19807 0 +4.775978368e-07 +1.000000000e+03 +1.000000000e+03 -2.8728e+00 -3.2416e+00 -8.4560e-01
20411 0 +3.187482207e-07 +1.000000000e+03 +1.000000000e+03 -2.8728e+00 -3.2416e+00 -8.4560e-01
21533 0 +2.518548854e-07 +1.000000000e+03 +1.000000000e+03 -2.8728e+00 -3.2416e+00 -8.4560e-01
22293 0 +2.393795739e-07 +1.000000000e+03 +1.000000000e+03 -2.8728e+00 -3.2416e+00 -8.4560e-01
22331 0 +1.303893669e-07 +1.000000000e+03 +1.000000000e+03 -2.8728e+00 -3.2416e+00 -8.4560e-01
22817 0 +1.268724645e-07 +1.000000000e+03 +1.000000000e+03 -2.8728e+00 -3.2416e+00 -8.4560e-01
23045 0 +9.112170574e-08 +1.000000000e+03 +1.000000000e+03 -2.8728e+00 -3.2416e+00 -8.4560e-01
23165 0 +5.342315035e-08 +1.000000000e+03 +1.000000000e+03 -2.8728e+00 -3.2416e+00 -8.4560e-01
24497 0 +4.878984328e-08 +1.000000000e+03 +1.000000000e+03 -2.8728e+00 -3.2416e+00 -8.4560e-01
24691 0 +2.230808605e-08 +1.000000000e+03 +1.000000000e+03 -2.8728e+00 -3.2416e+00 -8.4560e-01
24897 0 +1.572050223e-08 +1.000000000e+03 +1.000000000e+03 -2.8728e+00 -3.2416e+00 -8.4560e-01
25211 0 +1.254193194e-08 +1.000000000e+03 +1.000000000e+03 -2.8728e+00 -3.2416e+00 -8.4560e-01
26405 0 +1.105763658e-08 +1.000000000e+03 +1.000000000e+03 -2.8728e+00 -3.2416e+00 -8.4560e-01
26509 0 +8.731944945e-09 +1.000000000e+03 +1.000000000e+03 -2.8728e+00 -3.2416e+00 -8.4560e-01
37313 0 +0.000000000e+00 +1.000000000e+03 +1.000000000e+03 -2.8728e+00 -3.2416e+00 -8.4560e-01
% f evaluations | g evaluations | best noise-free fitness - Fopt (-3.427000000000e+01) + sum g_i+ | measured fitness | best measured fitness or single-digit g-values | x1 | x2...
1 0 +4.091483858e+01 +6.644838579e+00 +6.644838579e+00 -2.9341e+00 +4.5021e+00 -2.6313e+00
2 0 +8.308966073e+00 -2.596103393e+01 -2.596103393e+01 +4.3094e+00 -1.1431e+00 -2.8491e+00
20 0 +2.430641296e+00 -3.183935870e+01 -3.183935870e+01 +3.1351e+00 +1.1791e+00 +1.8271e+00
127 0 +1.819189153e+00 -3.245081085e+01 -3.245081085e+01 +2.6860e+00 +3.5006e-01 +2.3489e-02
215 0 +3.251703957e-01 -3.394482960e+01 -3.394482960e+01 +2.8874e+00 +4.1992e-01 +1.5252e+00
289 0 +2.411108151e-01 -3.402888918e+01 -3.402888918e+01 +2.9965e+00 +2.9107e-01 +6.3638e-01
1699 0 +1.475861776e-01 -3.412241382e+01 -3.412241382e+01 +3.1351e+00 +4.3145e-01 +8.2687e-01
1787 0 +1.098014395e-01 -3.416019856e+01 -3.416019856e+01 +3.1961e+00 +3.4856e-01 +4.9619e-01
1893 0 +8.208109826e-02 -3.418791890e+01 -3.418791890e+01 +3.1602e+00 +3.7189e-01 +6.7343e-01
2443 0 +6.512985476e-02 -3.420487015e+01 -3.420487015e+01 +3.0928e+00 +3.4798e-01 +7.5010e-01
2719 0 +6.218071620e-02 -3.420781928e+01 -3.420781928e+01 +3.1263e+00 +3.8142e-01 +7.4342e-01
2899 0 +6.034823706e-02 -3.420965176e+01 -3.420965176e+01 +3.1045e+00 +3.7382e-01 +7.5130e-01
3025 0 +4.610648479e-02 -3.422389352e+01 -3.422389352e+01 +3.1071e+00 +3.6734e-01 +7.3047e-01
3195 0 +4.567803495e-02 -3.422432197e+01 -3.422432197e+01 +3.1220e+00 +3.8555e-01 +7.5356e-01
3509 0 +4.396461294e-02 -3.422603539e+01 -3.422603539e+01 +3.1276e+00 +3.8527e-01 +7.3301e-01
3521 0 +2.594200696e-02 -3.424405799e+01 -3.424405799e+01 +3.1134e+00 +3.8077e-01 +7.5123e-01
3549 0 +1.799126272e-02 -3.425200874e+01 -3.425200874e+01 +3.1253e+00 +3.8527e-01 +7.3301e-01
3613 0 +1.663056881e-02 -3.425336943e+01 -3.425336943e+01 +3.1237e+00 +3.7681e-01 +7.1494e-01
3729 0 +1.006576863e-02 -3.425993423e+01 -3.425993423e+01 +3.1222e+00 +3.7398e-01 +7.2021e-01
3813 0 +6.912603423e-03 -3.426308740e+01 -3.426308740e+01 +3.1296e+00 +3.7681e-01 +7.1494e-01
4953 0 +6.534918065e-03 -3.426346508e+01 -3.426346508e+01 +3.1239e+00 +3.8003e-01 +7.2413e-01
5099 0 +6.365353959e-03 -3.426363465e+01 -3.426363465e+01 +3.1215e+00 +3.7850e-01 +7.3623e-01
5197 0 +4.910916761e-03 -3.426508908e+01 -3.426508908e+01 +3.1264e+00 +3.7881e-01 +7.2020e-01
5227 0 +3.937076222e-03 -3.426606292e+01 -3.426606292e+01 +3.1272e+00 +3.7883e-01 +7.1537e-01
5317 0 +2.861446116e-03 -3.426713855e+01 -3.426713855e+01 +3.1264e+00 +3.7853e-01 +7.2020e-01
5477 0 +1.743013276e-03 -3.426825699e+01 -3.426825699e+01 +3.1264e+00 +3.7776e-01 +7.2020e-01
6887 0 +1.348810200e-03 -3.426865119e+01 -3.426865119e+01 +3.1264e+00 +3.7789e-01 +7.2048e-01
7483 0 +1.296225141e-03 -3.426870377e+01 -3.426870377e+01 +3.1272e+00 +3.7799e-01 +7.1869e-01
7485 0 +1.230974404e-03 -3.426876903e+01 -3.426876903e+01 +3.1270e+00 +3.7804e-01 +7.1872e-01
7509 0 +1.093529948e-03 -3.426890647e+01 -3.426890647e+01 +3.1270e+00 +3.7821e-01 +7.1800e-01
7717 0 +1.070769446e-03 -3.426892923e+01 -3.426892923e+01 +3.1272e+00 +3.7776e-01 +7.1873e-01
7733 0 +1.015157776e-03 -3.426898484e+01 -3.426898484e+01 +3.1270e+00 +3.7817e-01 +7.1820e-01
7739 0 +6.617791519e-04 -3.426933822e+01 -3.426933822e+01 +3.1269e+00 +3.7765e-01 +7.1860e-01
8141 0 +3.960990831e-04 -3.426960390e+01 -3.426960390e+01 +3.1271e+00 +3.7769e-01 +7.1787e-01
8423 0 +3.659891676e-04 -3.426963401e+01 -3.426963401e+01 +3.1272e+00 +3.7773e-01 +7.1749e-01
8467 0 +2.473642090e-04 -3.426975264e+01 -3.426975264e+01 +3.1272e+00 +3.7751e-01 +7.1767e-01
8779 0 +1.392199015e-04 -3.426986078e+01 -3.426986078e+01 +3.1272e+00 +3.7761e-01 +7.1766e-01
10061 0 +6.068163875e-05 -3.426993932e+01 -3.426993932e+01 +3.1272e+00 +3.7762e-01 +7.1760e-01
10341 0 +5.260230198e-05 -3.426994740e+01 -3.426994740e+01 +3.1272e+00 +3.7758e-01 +7.1760e-01
10393 0 +4.117658364e-05 -3.426995882e+01 -3.426995882e+01 +3.1272e+00 +3.7759e-01 +7.1761e-01
10433 0 +2.880190084e-05 -3.426997120e+01 -3.426997120e+01 +3.1272e+00 +3.7761e-01 +7.1761e-01
10901 0 +2.686474347e-05 -3.426997314e+01 -3.426997314e+01 +3.1272e+00 +3.7759e-01 +7.1760e-01
11763 0 +2.403180790e-05 -3.426997597e+01 -3.426997597e+01 +3.1272e+00 +3.7759e-01 +7.1760e-01
12341 0 +2.687385432e-06 -3.426999731e+01 -3.426999731e+01 +3.1272e+00 +3.7760e-01 +7.1760e-01
13603 0 +1.771628980e-06 -3.426999823e+01 -3.426999823e+01 +3.1272e+00 +3.7760e-01 +7.1760e-01
14029 0 +9.236013554e-07 -3.426999908e+01 -3.426999908e+01 +3.1272e+00 +3.7760e-01 +7.1760e-01
14417 0 +6.758003934e-07 -3.426999932e+01 -3.426999932e+01 +3.1272e+00 +3.7760e-01 +7.1760e-01
14671 0 +5.105851173e-07 -3.426999949e+01 -3.426999949e+01 +3.1272e+00 +3.7760e-01 +7.1760e-01
14899 0 +4.302585310e-07 -3.426999957e+01 -3.426999957e+01 +3.1272e+00 +3.7760e-01 +7.1760e-01
15001 0 +2.877899306e-07 -3.426999971e+01 -3.426999971e+01 +3.1272e+00 +3.7760e-01 +7.1760e-01
15189 0 +2.775408134e-07 -3.426999972e+01 -3.426999972e+01 +3.1272e+00 +3.7760e-01 +7.1760e-01
15261 0 +1.093208652e-07 -3.426999989e+01 -3.426999989e+01 +3.1272e+00 +3.7760e-01 +7.1760e-01
15721 0 +9.834372605e-08 -3.426999990e+01 -3.426999990e+01 +3.1272e+00 +3.7760e-01 +7.1760e-01
16301 0 +6.688740939e-08 -3.426999993e+01 -3.426999993e+01 +3.1272e+00 +3.7760e-01 +7.1760e-01
16315 0 +5.382358381e-08 -3.426999995e+01 -3.426999995e+01 +3.1272e+00 +3.7760e-01 +7.1760e-01
16621 0 +4.981153978e-08 -3.426999995e+01 -3.426999995e+01 +3.1272e+00 +3.7760e-01 +7.1760e-01
17047 0 +4.488759942e-08 -3.426999996e+01 -3.426999996e+01 +3.1272e+00 +3.7760e-01 +7.1760e-01
17107 0 +2.577622382e-08 -3.426999997e+01 -3.426999997e+01 +3.1272e+00 +3.7760e-01 +7.1760e-01
17195 0 +1.804893657e-08 -3.426999998e+01 -3.426999998e+01 +3.1272e+00 +3.7760e-01 +7.1760e-01
17599 0 +1.297384955e-08 -3.426999999e+01 -3.426999999e+01 +3.1272e+00 +3.7760e-01 +7.1760e-01
17799 0 +8.525184114e-09 -3.426999999e+01 -3.426999999e+01 +3.1272e+00 +3.7760e-01 +7.1760e-01
25647 0 +0.000000000e+00 -3.427000000e+01 -3.427000000e+01 +3.1272e+00 +3.7760e-01 +7.1760e-01
% f evaluations | g evaluations | best noise-free fitness - Fopt (1.000000000000e+03) + sum g_i+ | measured fitness | best measured fitness or single-digit g-values | x1 | x2...
1 0 +1.470033406e+01 +1.014700334e+03 +1.014700334e+03 -3.6977e+00 +2.4175e+00 -3.5056e+00
8 0 +1.143710596e+01 +1.011437106e+03 +1.011437106e+03 +1.8451e+00 +1.2475e+00 -3.1156e+00
16 0 +8.315000174e+00 +1.008315000e+03 +1.008315000e+03 -1.9350e+00 -2.4344e+00 +1.5564e+00
31 0 +7.757234603e+00 +1.007757235e+03 +1.007757235e+03 -4.7447e+00 +8.6334e-01 +3.3747e+00
95 0 +3.121008489e+00 +1.003121008e+03 +1.003121008e+03 -1.2751e+00 +2.1250e+00 +1.7365e-01
315 0 +2.108662548e+00 +1.002108663e+03 +1.002108663e+03 -1.5411e+00 +1.2475e+00 +1.3244e+00
611 0 +7.642767932e-01 +1.000764277e+03 +1.000764277e+03 -1.9350e+00 +1.1403e+00 +1.5564e+00
943 0 +7.357542407e-01 +1.000735754e+03 +1.000735754e+03 -1.3576e+00 +1.5385e+00 +1.6007e+00
1023 0 +3.851429478e-01 +1.000385143e+03 +1.000385143e+03 -1.6961e+00 +1.5385e+00 +1.6007e+00
1063 0 +2.277481989e-01 +1.000227748e+03 +1.000227748e+03 -1.3948e+00 +1.5385e+00 +1.6007e+00
1303 0 +2.181197810e-01 +1.000218120e+03 +1.000218120e+03 -1.3948e+00 +1.5039e+00 +1.6007e+00
1463 0 +1.874997244e-01 +1.000187500e+03 +1.000187500e+03 -1.3948e+00 +1.5295e+00 +1.6007e+00
1895 0 +6.777511961e-02 +1.000067775e+03 +1.000067775e+03 -1.5254e+00 +1.4620e+00 +1.5853e+00
2607 0 +6.482246865e-02 +1.000064822e+03 +1.000064822e+03 -1.4655e+00 +1.4309e+00 +1.5610e+00
3443 0 +4.493813974e-02 +1.000044938e+03 +1.000044938e+03 -1.5028e+00 +1.4232e+00 +1.6121e+00
3573 0 +3.698258405e-02 +1.000036983e+03 +1.000036983e+03 -1.5148e+00 +1.4173e+00 +1.6115e+00
3773 0 +2.587577564e-02 +1.000025876e+03 +1.000025876e+03 -1.5148e+00 +1.4173e+00 +1.6092e+00
4509 0 +2.543199438e-02 +1.000025432e+03 +1.000025432e+03 -1.5173e+00 +1.4567e+00 +1.6098e+00
4529 0 +2.356244674e-02 +1.000023562e+03 +1.000023562e+03 -1.5134e+00 +1.4169e+00 +1.6104e+00
5211 0 +2.093881994e-02 +1.000020939e+03 +1.000020939e+03 -1.5126e+00 +1.4513e+00 +1.6044e+00
5321 0 +1.805270537e-02 +1.000018053e+03 +1.000018053e+03 -1.5014e+00 +1.4646e+00 +1.5923e+00
5591 0 +1.765485828e-02 +1.000017655e+03 +1.000017655e+03 -1.4994e+00 +1.4442e+00 +1.6039e+00
5647 0 +1.665126996e-02 +1.000016651e+03 +1.000016651e+03 -1.5104e+00 +1.4504e+00 +1.5873e+00
5687 0 +1.481854232e-02 +1.000014819e+03 +1.000014819e+03 -1.5104e+00 +1.4504e+00 +1.5936e+00
5721 0 +1.168043132e-02 +1.000011680e+03 +1.000011680e+03 -1.5014e+00 +1.4558e+00 +1.5920e+00
5789 0 +7.942647862e-03 +1.000007943e+03 +1.000007943e+03 -1.5015e+00 +1.4461e+00 +1.5972e+00
6919 0 +7.604503507e-03 +1.000007605e+03 +1.000007605e+03 -1.4989e+00 +1.4526e+00 +1.5920e+00
7101 0 +7.473067345e-03 +1.000007473e+03 +1.000007473e+03 -1.5066e+00 +1.4482e+00 +1.5951e+00
7271 0 +3.529676396e-03 +1.000003530e+03 +1.000003530e+03 -1.5051e+00 +1.4496e+00 +1.5955e+00
7599 0 +3.060037605e-03 +1.000003060e+03 +1.000003060e+03 -1.5026e+00 +1.4503e+00 +1.5930e+00
7759 0 +2.442799239e-03 +1.000002443e+03 +1.000002443e+03 -1.5032e+00 +1.4503e+00 +1.5930e+00
8073 0 +2.350653852e-03 +1.000002351e+03 +1.000002351e+03 -1.5027e+00 +1.4510e+00 +1.5928e+00
8267 0 +1.995523136e-03 +1.000001996e+03 +1.000001996e+03 -1.5033e+00 +1.4490e+00 +1.5936e+00
8289 0 +1.604285154e-03 +1.000001604e+03 +1.000001604e+03 -1.5046e+00 +1.4470e+00 +1.5943e+00
8923 0 +1.364700183e-03 +1.000001365e+03 +1.000001365e+03 -1.5040e+00 +1.4469e+00 +1.5940e+00
9107 0 +1.079450890e-03 +1.000001079e+03 +1.000001079e+03 -1.5036e+00 +1.4481e+00 +1.5940e+00
9171 0 +9.990216397e-04 +1.000000999e+03 +1.000000999e+03 -1.5036e+00 +1.4482e+00 +1.5933e+00
9627 0 +9.362417628e-04 +1.000000936e+03 +1.000000936e+03 -1.5041e+00 +1.4481e+00 +1.5940e+00
9873 0 +9.097802847e-04 +1.000000910e+03 +1.000000910e+03 -1.5038e+00 +1.4478e+00 +1.5936e+00
10023 0 +6.985221418e-04 +1.000000699e+03 +1.000000699e+03 -1.5039e+00 +1.4483e+00 +1.5934e+00
10113 0 +3.637319187e-04 +1.000000364e+03 +1.000000364e+03 -1.5042e+00 +1.4478e+00 +1.5936e+00
10273 0 +3.168518901e-04 +1.000000317e+03 +1.000000317e+03 -1.5042e+00 +1.4479e+00 +1.5936e+00
11843 0 +2.865427375e-04 +1.000000287e+03 +1.000000287e+03 -1.5041e+00 +1.4478e+00 +1.5936e+00
12165 0 +2.171302780e-04 +1.000000217e+03 +1.000000217e+03 -1.5041e+00 +1.4478e+00 +1.5937e+00
12799 0 +1.302862356e-04 +1.000000130e+03 +1.000000130e+03 -1.5039e+00 +1.4482e+00 +1.5935e+00
13135 0 +9.195703308e-05 +1.000000092e+03 +1.000000092e+03 -1.5040e+00 +1.4481e+00 +1.5936e+00
13763 0 +6.819643295e-05 +1.000000068e+03 +1.000000068e+03 -1.5040e+00 +1.4480e+00 +1.5936e+00
14123 0 +6.292423939e-05 +1.000000063e+03 +1.000000063e+03 -1.5040e+00 +1.4480e+00 +1.5936e+00
14163 0 +3.250927705e-05 +1.000000033e+03 +1.000000033e+03 -1.5040e+00 +1.4480e+00 +1.5936e+00
14403 0 +2.944488801e-05 +1.000000029e+03 +1.000000029e+03 -1.5040e+00 +1.4480e+00 +1.5936e+00
16841 0 +3.206740303e-06 +1.000000003e+03 +1.000000003e+03 -1.5040e+00 +1.4480e+00 +1.5936e+00
18661 0 +1.745053851e-06 +1.000000002e+03 +1.000000002e+03 -1.5040e+00 +1.4480e+00 +1.5936e+00
19541 0 +1.042212375e-06 +1.000000001e+03 +1.000000001e+03 -1.5040e+00 +1.4480e+00 +1.5936e+00
20715 0 +5.811308483e-07 +1.000000001e+03 +1.000000001e+03 -1.5040e+00 +1.4480e+00 +1.5936e+00
21475 0 +5.700667316e-07 +1.000000001e+03 +1.000000001e+03 -1.5040e+00 +1.4480e+00 +1.5936e+00
22195 0 +4.688571380e-07 +1.000000000e+03 +1.000000000e+03 -1.5040e+00 +1.4480e+00 +1.5936e+00
22947 0 +4.220502205e-07 +1.000000000e+03 +1.000000000e+03 -1.5040e+00 +1.4480e+00 +1.5936e+00
23103 0 +2.555644869e-07 +1.000000000e+03 +1.000000000e+03 -1.5040e+00 +1.4480e+00 +1.5936e+00
23933 0 +2.496673233e-07 +1.000000000e+03 +1.000000000e+03 -1.5040e+00 +1.4480e+00 +1.5936e+00
24063 0 +2.245063797e-07 +1.000000000e+03 +1.000000000e+03 -1.5040e+00 +1.4480e+00 +1.5936e+00
24177 0 +2.039129186e-07 +1.000000000e+03 +1.000000000e+03 -1.5040e+00 +1.4480e+00 +1.5936e+00
24663 0 +1.443750079e-07 +1.000000000e+03 +1.000000000e+03 -1.5040e+00 +1.4480e+00 +1.5936e+00
24971 0 +1.408149046e-07 +1.000000000e+03 +1.000000000e+03 -1.5040e+00 +1.4480e+00 +1.5936e+00
25263 0 +1.013739848e-07 +1.000000000e+03 +1.000000000e+03 -1.5040e+00 +1.4480e+00 +1.5936e+00
25401 0 +8.603956303e-08 +1.000000000e+03 +1.000000000e+03 -1.5040e+00 +1.4480e+00 +1.5936e+00
25855 0 +6.522839158e-08 +1.000000000e+03 +1.000000000e+03 -1.5040e+00 +1.4480e+00 +1.5936e+00
25975 0 +4.751848337e-08 +1.000000000e+03 +1.000000000e+03 -1.5040e+00 +1.4480e+00 +1.5936e+00
26375 0 +3.887510047e-08 +1.000000000e+03 +1.000000000e+03 -1.5040e+00 +1.4480e+00 +1.5936e+00
26575 0 +1.389832960e-08 +1.000000000e+03 +1.000000000e+03 -1.5040e+00 +1.4480e+00 +1.5936e+00
27053 0 +1.056139354e-08 +1.000000000e+03 +1.000000000e+03 -1.5040e+00 +1.4480e+00 +1.5936e+00
28285 0 +6.340314940e-09 +1.000000000e+03 +1.000000000e+03 -1.5040e+00 +1.4480e+00 +1.5936e+00
35005 0 +0.000000000e+00 +1.000000000e+03 +1.000000000e+03 -1.5040e+00 +1.4480e+00 +1.5936e+00
% f evaluations | g evaluations | best noise-free fitness - Fopt (-1.700300000000e+02) + sum g_i+ | measured fitness | best measured fitness or single-digit g-values | x1 | x2...
1 0 +2.244206606e+01 -1.475879339e+02 -1.475879339e+02 -4.4934e+00 -6.7169e-01 -3.6576e-01
2 0 +1.856341892e+01 -1.514665811e+02 -1.514665811e+02 -3.5616e+00 +1.1148e+00 -6.4092e-01
4 0 +1.636636981e+01 -1.536636302e+02 -1.536636302e+02 +4.0760e+00 -4.7211e+00 +2.4307e+00
5 0 +6.636789197e+00 -1.633932108e+02 -1.633932108e+02 +3.2940e+00 -2.2830e+00 -3.0182e+00
14 0 +6.317395067e+00 -1.637126049e+02 -1.637126049e+02 -1.7790e-01 -4.3862e+00 +5.3241e-01
77 0 +5.685966164e+00 -1.643440338e+02 -1.643440338e+02 +2.9104e+00 -3.5941e+00 -2.0536e+00
87 0 +5.596439576e+00 -1.644335604e+02 -1.644335604e+02 -1.7790e-01 -2.5085e+00 -3.0990e+00
135 0 +1.704853340e+00 -1.683251467e+02 -1.683251467e+02 +7.2673e-01 -1.6452e+00 -1.0839e+00
159 0 +1.669099951e+00 -1.683609000e+02 -1.683609000e+02 +4.3320e-01 -2.1477e+00 -2.2780e+00
207 0 +1.545680808e+00 -1.684843192e+02 -1.684843192e+02 +1.1112e+00 -2.5085e+00 -1.8297e+00
295 0 +1.500610288e+00 -1.685293897e+02 -1.685293897e+02 +7.2673e-01 -2.3484e+00 -1.0839e+00
399 0 +1.478549846e+00 -1.685514502e+02 -1.685514502e+02 +4.3320e-01 -4.8002e+00 -1.6852e+00
439 0 +1.090636328e+00 -1.689393637e+02 -1.689393637e+02 +2.4815e-01 -4.8002e+00 -1.6852e+00
537 0 +9.458626865e-01 -1.690841373e+02 -1.690841373e+02 +6.2000e-02 -2.7170e+00 -1.3419e+00
557 0 +6.037817623e-01 -1.694262182e+02 -1.694262182e+02 +1.8499e-01 -3.0000e+00 -1.3580e+00
727 0 +3.301403567e-01 -1.696998596e+02 -1.696998596e+02 +2.5423e-01 -3.0260e+00 -1.6487e+00
743 0 +2.545969442e-01 -1.697754031e+02 -1.697754031e+02 +4.2462e-01 -3.2224e+00 -1.6827e+00
1305 0 +2.483949644e-01 -1.697816050e+02 -1.697816050e+02 +3.2918e-01 -2.7449e+00 -1.5104e+00
1425 0 +1.650464739e-01 -1.698649535e+02 -1.698649535e+02 +3.2918e-01 -3.0287e+00 -1.5104e+00
1477 0 +1.582941852e-01 -1.698717058e+02 -1.698717058e+02 +4.0947e-01 -3.2479e+00 -1.5846e+00
1717 0 +1.317267858e-01 -1.698982732e+02 -1.698982732e+02 +4.0947e-01 -3.2547e+00 -1.5846e+00
1915 0 +1.100431036e-01 -1.699199569e+02 -1.699199569e+02 +4.2300e-01 -2.8837e+00 -1.5590e+00
2003 0 +4.532175332e-02 -1.699846782e+02 -1.699846782e+02 +4.0052e-01 -3.0028e+00 -1.5402e+00
2193 0 +3.355848377e-02 -1.699964415e+02 -1.699964415e+02 +4.0102e-01 -3.0206e+00 -1.5573e+00
2387 0 +2.974780165e-02 -1.700002522e+02 -1.700002522e+02 +4.1834e-01 -3.0339e+00 -1.5410e+00
2697 0 +2.220910475e-02 -1.700077909e+02 -1.700077909e+02 +4.0889e-01 -3.0345e+00 -1.5472e+00
2747 0 +1.533690212e-02 -1.700146631e+02 -1.700146631e+02 +4.0644e-01 -3.0339e+00 -1.5410e+00
3295 0 +1.373609570e-02 -1.700162639e+02 -1.700162639e+02 +4.1362e-01 -3.0154e+00 -1.5402e+00
3687 0 +7.878451191e-03 -1.700221215e+02 -1.700221215e+02 +4.0706e-01 -3.0224e+00 -1.5386e+00
3815 0 +7.678998189e-03 -1.700223210e+02 -1.700223210e+02 +4.1362e-01 -3.0154e+00 -1.5420e+00
4127 0 +5.940746320e-03 -1.700240593e+02 -1.700240593e+02 +4.1126e-01 -3.0224e+00 -1.5386e+00
4669 0 +2.484187082e-03 -1.700275158e+02 -1.700275158e+02 +4.1052e-01 -3.0165e+00 -1.5394e+00
4949 0 +1.567915838e-03 -1.700284321e+02 -1.700284321e+02 +4.1052e-01 -3.0163e+00 -1.5394e+00
5765 0 +1.086545189e-03 -1.700289135e+02 -1.700289135e+02 +4.0994e-01 -3.0196e+00 -1.5397e+00
6015 0 +1.034459587e-03 -1.700289655e+02 -1.700289655e+02 +4.1034e-01 -3.0184e+00 -1.5395e+00
6333 0 +8.233498574e-04 -1.700291767e+02 -1.700291767e+02 +4.1031e-01 -3.0199e+00 -1.5400e+00
6535 0 +6.820621538e-04 -1.700293179e+02 -1.700293179e+02 +4.1034e-01 -3.0184e+00 -1.5399e+00
6691 0 +6.680967747e-04 -1.700293319e+02 -1.700293319e+02 +4.1035e-01 -3.0201e+00 -1.5400e+00
6705 0 +4.268067688e-04 -1.700295732e+02 -1.700295732e+02 +4.1040e-01 -3.0183e+00 -1.5398e+00
6773 0 +3.320523243e-04 -1.700296679e+02 -1.700296679e+02 +4.1031e-01 -3.0192e+00 -1.5400e+00
6781 0 +3.078508526e-04 -1.700296921e+02 -1.700296921e+02 +4.1039e-01 -3.0192e+00 -1.5399e+00
6891 0 +2.829809792e-04 -1.700297170e+02 -1.700297170e+02 +4.1035e-01 -3.0194e+00 -1.5401e+00
7021 0 +1.603455867e-04 -1.700298397e+02 -1.700298397e+02 +4.1044e-01 -3.0192e+00 -1.5399e+00
7471 0 +1.468918120e-04 -1.700298531e+02 -1.700298531e+02 +4.1043e-01 -3.0194e+00 -1.5401e+00
7639 0 +1.223075246e-04 -1.700298777e+02 -1.700298777e+02 +4.1040e-01 -3.0194e+00 -1.5400e+00
7709 0 +1.080004963e-04 -1.700298920e+02 -1.700298920e+02 +4.1043e-01 -3.0192e+00 -1.5399e+00
7947 0 +1.053772446e-04 -1.700298946e+02 -1.700298946e+02 +4.1037e-01 -3.0192e+00 -1.5400e+00
8013 0 +4.636104356e-05 -1.700299536e+02 -1.700299536e+02 +4.1039e-01 -3.0192e+00 -1.5400e+00
8083 0 +3.021949391e-05 -1.700299698e+02 -1.700299698e+02 +4.1039e-01 -3.0192e+00 -1.5400e+00
8579 0 +2.957865527e-05 -1.700299704e+02 -1.700299704e+02 +4.1039e-01 -3.0192e+00 -1.5400e+00
8763 0 +2.918496324e-05 -1.700299708e+02 -1.700299708e+02 +4.1039e-01 -3.0192e+00 -1.5400e+00
8885 0 +2.883631072e-05 -1.700299712e+02 -1.700299712e+02 +4.1039e-01 -3.0192e+00 -1.5400e+00
9101 0 +2.445511004e-05 -1.700299755e+02 -1.700299755e+02 +4.1040e-01 -3.0192e+00 -1.5400e+00
9255 0 +2.042725643e-05 -1.700299796e+02 -1.700299796e+02 +4.1040e-01 -3.0192e+00 -1.5400e+00
9401 0 +9.989646486e-06 -1.700299900e+02 -1.700299900e+02 +4.1040e-01 -3.0192e+00 -1.5400e+00
10129 0 +6.552562752e-06 -1.700299934e+02 -1.700299934e+02 +4.1040e-01 -3.0192e+00 -1.5400e+00
10577 0 +6.281400118e-06 -1.700299937e+02 -1.700299937e+02 +4.1040e-01 -3.0192e+00 -1.5400e+00
10649 0 +4.363693705e-06 -1.700299956e+02 -1.700299956e+02 +4.1040e-01 -3.0192e+00 -1.5400e+00
10651 0 +3.562188340e-06 -1.700299964e+02 -1.700299964e+02 +4.1040e-01 -3.0192e+00 -1.5400e+00
10689 0 +3.204922848e-06 -1.700299968e+02 -1.700299968e+02 +4.1040e-01 -3.0192e+00 -1.5400e+00
10991 0 +1.310083121e-06 -1.700299987e+02 -1.700299987e+02 +4.1040e-01 -3.0192e+00 -1.5400e+00
11087 0 +7.205680390e-07 -1.700299993e+02 -1.700299993e+02 +4.1040e-01 -3.0192e+00 -1.5400e+00
11301 0 +6.654346976e-07 -1.700299993e+02 -1.700299993e+02 +4.1040e-01 -3.0192e+00 -1.5400e+00
11363 0 +6.404270891e-07 -1.700299994e+02 -1.700299994e+02 +4.1040e-01 -3.0192e+00 -1.5400e+00
11389 0 +4.097595934e-07 -1.700299996e+02 -1.700299996e+02 +4.1040e-01 -3.0192e+00 -1.5400e+00
11709 0 +3.425004138e-07 -1.700299997e+02 -1.700299997e+02 +4.1040e-01 -3.0192e+00 -1.5400e+00
11771 0 +2.159694930e-07 -1.700299998e+02 -1.700299998e+02 +4.1040e-01 -3.0192e+00 -1.5400e+00
11933 0 +1.432164822e-07 -1.700299999e+02 -1.700299999e+02 +4.1040e-01 -3.0192e+00 -1.5400e+00
11961 0 +1.204578837e-07 -1.700299999e+02 -1.700299999e+02 +4.1040e-01 -3.0192e+00 -1.5400e+00
12357 0 +9.590928585e-08 -1.700299999e+02 -1.700299999e+02 +4.1040e-01 -3.0192e+00 -1.5400e+00
12557 0 +4.548661536e-08 -1.700300000e+02 -1.700300000e+02 +4.1040e-01 -3.0192e+00 -1.5400e+00
12717 0 +2.842025992e-08 -1.700300000e+02 -1.700300000e+02 +4.1040e-01 -3.0192e+00 -1.5400e+00
12923 0 +2.390891041e-08 -1.700300000e+02 -1.700300000e+02 +4.1040e-01 -3.0192e+00 -1.5400e+00
12939 0 +1.366788638e-08 -1.700300000e+02 -1.700300000e+02 +4.1040e-01 -3.0192e+00 -1.5400e+00
13277 0 +1.132607963e-08 -1.700300000e+02 -1.700300000e+02 +4.1040e-01 -3.0192e+00 -1.5400e+00
13477 0 +1.006529260e-08 -1.700300000e+02 -1.700300000e+02 +4.1040e-01 -3.0192e+00 -1.5400e+00
13563 0 +8.821444908e-09 -1.700300000e+02 -1.700300000e+02 +4.1040e-01 -3.0192e+00 -1.5400e+00
17801 0 +0.000000000e+00 -1.700300000e+02 -1.700300000e+02 +4.1040e-01 -3.0192e+00 -1.5400e+00
% f evaluations | g evaluations | best noise-free fitness - Fopt (2.567000000000e+01) + sum g_i+ | measured fitness | best measured fitness or single-digit g-values | x1 | x2...
1 0 +3.389281840e+01 +5.956281840e+01 +5.956281840e+01 -2.1834e+00 +3.8824e+00 +4.0428e+00
2 0 +1.987528424e+01 +4.554528424e+01 +4.554528424e+01 +1.3896e+00 +1.5162e+00 +3.4795e+00
3 0 +1.327352077e+01 +3.894352077e+01 +3.894352077e+01 +4.9558e+00 -1.9036e+00 +3.7103e+00
4 0 +8.182585130e+00 +3.385258513e+01 +3.385258513e+01 -2.3675e-01 -3.4558e+00 +9.8659e-01
5 0 +7.650335305e+00 +3.332033531e+01 +3.332033531e+01 -3.9855e-01 -8.1671e-01 +1.4519e+00
9 0 +6.980617334e+00 +3.265061733e+01 +3.265061733e+01 +1.2796e-01 -8.7852e-01 -8.8074e-01
15 0 +6.096898318e+00 +3.176689832e+01 +3.176689832e+01 -2.4711e-01 -3.4700e+00 -3.2326e-01
51 0 +2.188401585e+00 +2.785840158e+01 +2.785840158e+01 -2.1193e-02 -1.8258e+00 +1.6089e+00
217 0 +2.048677153e+00 +2.771867715e+01 +2.771867715e+01 +1.3075e+00 -1.7256e+00 +2.8295e-01
477 0 +1.457897998e+00 +2.712789800e+01 +2.712789800e+01 +1.2796e-01 -3.2315e+00 +2.8159e+00
885 0 +6.840727003e-01 +2.635407270e+01 +2.635407270e+01 +1.0121e+00 -2.0427e+00 +7.3073e-01
1109 0 +4.792220751e-01 +2.614922208e+01 +2.614922208e+01 +1.0195e+00 -2.4113e+00 +1.2541e+00
1639 0 +3.784143968e-01 +2.604841440e+01 +2.604841440e+01 +8.4537e-01 -2.1510e+00 +1.1524e+00
1931 0 +3.558350043e-01 +2.602583500e+01 +2.602583500e+01 +8.3661e-01 -2.5166e+00 +1.6847e+00
2017 0 +2.592038137e-01 +2.592920381e+01 +2.592920381e+01 +8.1717e-01 -2.4350e+00 +1.2929e+00
2403 0 +2.538640893e-01 +2.592386409e+01 +2.592386409e+01 +9.4187e-01 -2.4361e+00 +1.4114e+00
2513 0 +2.103052876e-01 +2.588030529e+01 +2.588030529e+01 +8.2924e-01 -2.4375e+00 +1.5860e+00
2591 0 +1.668694124e-01 +2.583686941e+01 +2.583686941e+01 +8.9731e-01 -2.3094e+00 +1.3558e+00
2741 0 +9.120244392e-02 +2.576120244e+01 +2.576120244e+01 +8.3155e-01 -2.3079e+00 +1.4279e+00
3085 0 +8.219882700e-02 +2.575219883e+01 +2.575219883e+01 +8.1475e-01 -2.3394e+00 +1.4031e+00
3697 0 +6.284385155e-02 +2.573284385e+01 +2.573284385e+01 +8.6315e-01 -2.3249e+00 +1.4183e+00
4057 0 +5.061881829e-02 +2.572061882e+01 +2.572061882e+01 +8.6315e-01 -2.3249e+00 +1.4103e+00
4137 0 +3.645010813e-02 +2.570645011e+01 +2.570645011e+01 +8.6094e-01 -2.3249e+00 +1.4103e+00
5259 0 +3.476049282e-02 +2.570476049e+01 +2.570476049e+01 +8.5807e-01 -2.3248e+00 +1.4030e+00
5289 0 +3.344859003e-02 +2.570344859e+01 +2.570344859e+01 +8.3889e-01 -2.3114e+00 +1.4051e+00
5349 0 +3.275086193e-02 +2.570275086e+01 +2.570275086e+01 +8.5570e-01 -2.3151e+00 +1.3998e+00
5485 0 +1.966798975e-02 +2.568966799e+01 +2.568966799e+01 +8.5367e-01 -2.3153e+00 +1.4031e+00
6525 0 +1.236736862e-02 +2.568236737e+01 +2.568236737e+01 +8.5367e-01 -2.3023e+00 +1.4031e+00
6605 0 +8.239352331e-03 +2.567823935e+01 +2.567823935e+01 +8.5367e-01 -2.3091e+00 +1.4031e+00
7239 0 +7.503484920e-03 +2.567750348e+01 +2.567750348e+01 +8.5178e-01 -2.3015e+00 +1.4026e+00
7909 0 +4.306080697e-03 +2.567430608e+01 +2.567430608e+01 +8.5162e-01 -2.3026e+00 +1.3998e+00
8639 0 +1.142001854e-03 +2.567114200e+01 +2.567114200e+01 +8.5178e-01 -2.3043e+00 +1.4026e+00
10961 0 +1.052416431e-03 +2.567105242e+01 +2.567105242e+01 +8.5119e-01 -2.3047e+00 +1.4035e+00
11049 0 +7.128430663e-04 +2.567071284e+01 +2.567071284e+01 +8.5089e-01 -2.3051e+00 +1.4033e+00
11293 0 +2.827112857e-04 +2.567028271e+01 +2.567028271e+01 +8.5116e-01 -2.3046e+00 +1.4032e+00
12287 0 +2.300646698e-04 +2.567023006e+01 +2.567023006e+01 +8.5127e-01 -2.3049e+00 +1.4033e+00
13173 0 +2.138878407e-04 +2.567021389e+01 +2.567021389e+01 +8.5122e-01 -2.3046e+00 +1.4030e+00
13471 0 +1.728170686e-04 +2.567017282e+01 +2.567017282e+01 +8.5120e-01 -2.3048e+00 +1.4032e+00
13483 0 +3.324745117e-05 +2.567003325e+01 +2.567003325e+01 +8.5119e-01 -2.3048e+00 +1.4032e+00
14435 0 +3.305214310e-05 +2.567003305e+01 +2.567003305e+01 +8.5121e-01 -2.3048e+00 +1.4032e+00
14683 0 +2.968381809e-05 +2.567002968e+01 +2.567002968e+01 +8.5119e-01 -2.3048e+00 +1.4032e+00
15239 0 +1.484098615e-05 +2.567001484e+01 +2.567001484e+01 +8.5120e-01 -2.3048e+00 +1.4032e+00
16441 0 +1.407186864e-05 +2.567001407e+01 +2.567001407e+01 +8.5120e-01 -2.3048e+00 +1.4032e+00
16801 0 +1.271646099e-05 +2.567001272e+01 +2.567001272e+01 +8.5120e-01 -2.3048e+00 +1.4032e+00
16949 0 +4.595052655e-06 +2.567000460e+01 +2.567000460e+01 +8.5120e-01 -2.3048e+00 +1.4032e+00
17389 0 +2.543329192e-06 +2.567000254e+01 +2.567000254e+01 +8.5120e-01 -2.3048e+00 +1.4032e+00
18351 0 +1.231981297e-06 +2.567000123e+01 +2.567000123e+01 +8.5120e-01 -2.3048e+00 +1.4032e+00
19311 0 +6.475311203e-07 +2.567000065e+01 +2.567000065e+01 +8.5120e-01 -2.3048e+00 +1.4032e+00
19511 0 +5.206601585e-07 +2.567000052e+01 +2.567000052e+01 +8.5120e-01 -2.3048e+00 +1.4032e+00
20311 0 +5.128258955e-07 +2.567000051e+01 +2.567000051e+01 +8.5120e-01 -2.3048e+00 +1.4032e+00
22035 0 +4.418688384e-07 +2.567000044e+01 +2.567000044e+01 +8.5120e-01 -2.3048e+00 +1.4032e+00
22115 0 +3.819848615e-07 +2.567000038e+01 +2.567000038e+01 +8.5120e-01 -2.3048e+00 +1.4032e+00
22351 0 +1.967035033e-07 +2.567000020e+01 +2.567000020e+01 +8.5120e-01 -2.3048e+00 +1.4032e+00
22503 0 +1.722433964e-07 +2.567000017e+01 +2.567000017e+01 +8.5120e-01 -2.3048e+00 +1.4032e+00
23343 0 +1.525640627e-07 +2.567000015e+01 +2.567000015e+01 +8.5120e-01 -2.3048e+00 +1.4032e+00
23843 0 +1.227477675e-07 +2.567000012e+01 +2.567000012e+01 +8.5120e-01 -2.3048e+00 +1.4032e+00
23889 0 +9.563908421e-08 +2.567000010e+01 +2.567000010e+01 +8.5120e-01 -2.3048e+00 +1.4032e+00
24019 0 +7.913915212e-08 +2.567000008e+01 +2.567000008e+01 +8.5120e-01 -2.3048e+00 +1.4032e+00
24045 0 +4.945171739e-08 +2.567000005e+01 +2.567000005e+01 +8.5120e-01 -2.3048e+00 +1.4032e+00
24329 0 +1.245532033e-08 +2.567000001e+01 +2.567000001e+01 +8.5120e-01 -2.3048e+00 +1.4032e+00
24769 0 +1.116329429e-08 +2.567000001e+01 +2.567000001e+01 +8.5120e-01 -2.3048e+00 +1.4032e+00
25213 0 +4.882942051e-09 +2.567000000e+01 +2.567000000e+01 +8.5120e-01 -2.3048e+00 +1.4032e+00
36785 0 +0.000000000e+00 +2.567000000e+01 +2.567000000e+01 +8.5120e-01 -2.3048e+00 +1.4032e+00
% f evaluations | g evaluations | best noise-free fitness - Fopt (2.081800000000e+02) + sum g_i+ | measured fitness | best measured fitness or single-digit g-values | x1 | x2...
1 0 +5.109581141e+01 +2.592758114e+02 +2.592758114e+02 +4.7406e+00 -1.4386e+00 -1.1813e+00
2 0 +2.766093150e+01 +2.358409315e+02 +2.358409315e+02 +3.8266e+00 -1.1693e-01 -4.9122e+00
3 0 +1.631723134e+01 +2.244972313e+02 +2.244972313e+02 -4.1731e+00 +3.4533e+00 -1.4904e+00
6 0 +7.861277838e+00 +2.160412778e+02 +2.160412778e+02 -2.9384e+00 -6.3325e-01 -2.5611e+00
15 0 +7.429618409e+00 +2.156096184e+02 +2.156096184e+02 -1.0565e+00 -1.1504e-01 +6.4162e-01
35 0 +6.672076710e+00 +2.148520767e+02 +2.148520767e+02 -3.4940e-01 -2.6294e+00 +1.0985e+00
49 0 +3.152136142e+00 +2.113321361e+02 +2.113321361e+02 -3.9477e+00 -1.5397e+00 +6.4162e-01
173 0 +2.849446731e+00 +2.110294467e+02 +2.110294467e+02 -5.0000e+00 -6.1058e-01 -3.4568e-01
435 0 +1.540690045e+00 +2.097206900e+02 +2.097206900e+02 -3.2868e+00 -1.0145e+00 -1.7942e-01
807 0 +1.392143313e+00 +2.095721433e+02 +2.095721433e+02 -2.7943e+00 -1.8517e+00 +2.0318e-01
1103 0 +1.160592255e+00 +2.093405923e+02 +2.093405923e+02 -2.6496e+00 -9.8657e-01 +4.6490e-01
1247 0 +6.346442186e-01 +2.088146442e+02 +2.088146442e+02 -2.6698e+00 -1.5618e+00 +2.0318e-01
1505 0 +5.987592009e-01 +2.087787592e+02 +2.087787592e+02 -2.4168e+00 -1.7168e+00 -9.2401e-02
1845 0 +4.760505141e-01 +2.086560505e+02 +2.086560505e+02 -2.5769e+00 -1.5004e+00 +5.0728e-03
2115 0 +1.868750543e-01 +2.083668751e+02 +2.083668751e+02 -2.6760e+00 -1.3886e+00 -2.5399e-02
2383 0 +1.591128524e-01 +2.083391129e+02 +2.083391129e+02 -2.4762e+00 -1.4445e+00 +6.5067e-02
2565 0 +1.314314601e-01 +2.083114315e+02 +2.083114315e+02 -2.4383e+00 -1.4676e+00 +1.6861e-01
2581 0 +8.100724117e-02 +2.082610072e+02 +2.082610072e+02 -2.3053e+00 -1.4891e+00 +1.0985e-01
2749 0 +7.192924616e-02 +2.082519292e+02 +2.082519292e+02 -2.3347e+00 -1.4716e+00 +1.3269e-01
2867 0 +6.111921541e-02 +2.082411192e+02 +2.082411192e+02 -2.3164e+00 -1.4544e+00 +1.1477e-01
3015 0 +5.173036644e-02 +2.082317304e+02 +2.082317304e+02 -2.3985e+00 -1.4275e+00 +1.3486e-01
3337 0 +4.288490822e-02 +2.082228849e+02 +2.082228849e+02 -2.3190e+00 -1.4493e+00 +1.2285e-01
3579 0 +3.329786703e-02 +2.082132979e+02 +2.082132979e+02 -2.3960e+00 -1.4508e+00 +1.0597e-01
3715 0 +1.531542421e-02 +2.081953154e+02 +2.081953154e+02 -2.3842e+00 -1.4347e+00 +1.1267e-01
4749 0 +1.134069084e-02 +2.081913407e+02 +2.081913407e+02 -2.3679e+00 -1.4394e+00 +1.1798e-01
5595 0 +1.052422195e-02 +2.081905242e+02 +2.081905242e+02 -2.3842e+00 -1.4347e+00 +1.1869e-01
5621 0 +1.029063042e-02 +2.081902906e+02 +2.081902906e+02 -2.3874e+00 -1.4331e+00 +1.1656e-01
5635 0 +6.933236373e-03 +2.081869332e+02 +2.081869332e+02 -2.3807e+00 -1.4347e+00 +1.1869e-01
5831 0 +6.721627418e-03 +2.081867216e+02 +2.081867216e+02 -2.3818e+00 -1.4362e+00 +1.1751e-01
5871 0 +5.367798003e-03 +2.081853678e+02 +2.081853678e+02 -2.3758e+00 -1.4362e+00 +1.1751e-01
5883 0 +5.242893455e-03 +2.081852429e+02 +2.081852429e+02 -2.3822e+00 -1.4327e+00 +1.1585e-01
5915 0 +4.282662945e-03 +2.081842827e+02 +2.081842827e+02 -2.3807e+00 -1.4347e+00 +1.1738e-01
5977 0 +3.284316067e-03 +2.081832843e+02 +2.081832843e+02 -2.3808e+00 -1.4353e+00 +1.1839e-01
6319 0 +2.128838386e-03 +2.081821288e+02 +2.081821288e+02 -2.3801e+00 -1.4365e+00 +1.1702e-01
6547 0 +1.389116535e-03 +2.081813891e+02 +2.081813891e+02 -2.3839e+00 -1.4349e+00 +1.1655e-01
6607 0 +1.353011837e-03 +2.081813530e+02 +2.081813530e+02 -2.3833e+00 -1.4353e+00 +1.1649e-01
6925 0 +1.275035892e-03 +2.081812750e+02 +2.081812750e+02 -2.3823e+00 -1.4354e+00 +1.1655e-01
6927 0 +3.272566977e-04 +2.081803273e+02 +2.081803273e+02 -2.3833e+00 -1.4353e+00 +1.1686e-01
8809 0 +2.616348670e-04 +2.081802616e+02 +2.081802616e+02 -2.3833e+00 -1.4353e+00 +1.1677e-01
9015 0 +1.075047301e-04 +2.081801075e+02 +2.081801075e+02 -2.3832e+00 -1.4352e+00 +1.1681e-01
9655 0 +8.334006955e-05 +2.081800833e+02 +2.081800833e+02 -2.3832e+00 -1.4352e+00 +1.1681e-01
10453 0 +4.940148042e-05 +2.081800494e+02 +2.081800494e+02 -2.3832e+00 -1.4352e+00 +1.1680e-01
10583 0 +2.878027180e-05 +2.081800288e+02 +2.081800288e+02 -2.3832e+00 -1.4352e+00 +1.1679e-01
11045 0 +2.158817517e-05 +2.081800216e+02 +2.081800216e+02 -2.3832e+00 -1.4352e+00 +1.1680e-01
11565 0 +1.569309828e-05 +2.081800157e+02 +2.081800157e+02 -2.3832e+00 -1.4352e+00 +1.1680e-01
11725 0 +1.541773105e-05 +2.081800154e+02 +2.081800154e+02 -2.3832e+00 -1.4352e+00 +1.1680e-01
12779 0 +1.096680873e-05 +2.081800110e+02 +2.081800110e+02 -2.3832e+00 -1.4352e+00 +1.1681e-01
12845 0 +5.136648923e-06 +2.081800051e+02 +2.081800051e+02 -2.3832e+00 -1.4352e+00 +1.1680e-01
13639 0 +3.406719003e-06 +2.081800034e+02 +2.081800034e+02 -2.3832e+00 -1.4352e+00 +1.1680e-01
13719 0 +2.249032889e-06 +2.081800022e+02 +2.081800022e+02 -2.3832e+00 -1.4352e+00 +1.1680e-01
13879 0 +8.056741194e-07 +2.081800008e+02 +2.081800008e+02 -2.3832e+00 -1.4352e+00 +1.1680e-01
15119 0 +7.839402372e-07 +2.081800008e+02 +2.081800008e+02 -2.3832e+00 -1.4352e+00 +1.1680e-01
15279 0 +7.698184561e-07 +2.081800008e+02 +2.081800008e+02 -2.3832e+00 -1.4352e+00 +1.1680e-01
15871 0 +5.623670916e-07 +2.081800006e+02 +2.081800006e+02 -2.3832e+00 -1.4352e+00 +1.1680e-01
16111 0 +5.323007315e-07 +2.081800005e+02 +2.081800005e+02 -2.3832e+00 -1.4352e+00 +1.1680e-01
16429 0 +5.050829373e-07 +2.081800005e+02 +2.081800005e+02 -2.3832e+00 -1.4352e+00 +1.1680e-01
16431 0 +4.871159547e-07 +2.081800005e+02 +2.081800005e+02 -2.3832e+00 -1.4352e+00 +1.1680e-01
16467 0 +3.996542262e-07 +2.081800004e+02 +2.081800004e+02 -2.3832e+00 -1.4352e+00 +1.1680e-01
16649 0 +3.662716779e-07 +2.081800004e+02 +2.081800004e+02 -2.3832e+00 -1.4352e+00 +1.1680e-01
16849 0 +3.433385416e-07 +2.081800003e+02 +2.081800003e+02 -2.3832e+00 -1.4352e+00 +1.1680e-01
16953 0 +3.187243749e-07 +2.081800003e+02 +2.081800003e+02 -2.3832e+00 -1.4352e+00 +1.1680e-01
17021 0 +3.073355970e-07 +2.081800003e+02 +2.081800003e+02 -2.3832e+00 -1.4352e+00 +1.1680e-01
17201 0 +2.022717354e-07 +2.081800002e+02 +2.081800002e+02 -2.3832e+00 -1.4352e+00 +1.1680e-01
17243 0 +1.066303241e-07 +2.081800001e+02 +2.081800001e+02 -2.3832e+00 -1.4352e+00 +1.1680e-01
17401 0 +7.713023820e-08 +2.081800001e+02 +2.081800001e+02 -2.3832e+00 -1.4352e+00 +1.1680e-01
18503 0 +5.010136306e-08 +2.081800001e+02 +2.081800001e+02 -2.3832e+00 -1.4352e+00 +1.1680e-01
18655 0 +3.894172096e-08 +2.081800000e+02 +2.081800000e+02 -2.3832e+00 -1.4352e+00 +1.1680e-01
18943 0 +3.016208439e-08 +2.081800000e+02 +2.081800000e+02 -2.3832e+00 -1.4352e+00 +1.1680e-01
19019 0 +2.666763521e-08 +2.081800000e+02 +2.081800000e+02 -2.3832e+00 -1.4352e+00 +1.1680e-01
19125 0 +2.144116706e-08 +2.081800000e+02 +2.081800000e+02 -2.3832e+00 -1.4352e+00 +1.1680e-01
19245 0 +1.932727400e-08 +2.081800000e+02 +2.081800000e+02 -2.3832e+00 -1.4352e+00 +1.1680e-01
19285 0 +1.704259489e-08 +2.081800000e+02 +2.081800000e+02 -2.3832e+00 -1.4352e+00 +1.1680e-01
19305 0 +1.422469609e-08 +2.081800000e+02 +2.081800000e+02 -2.3832e+00 -1.4352e+00 +1.1680e-01
19307 0 +1.339574851e-08 +2.081800000e+02 +2.081800000e+02 -2.3832e+00 -1.4352e+00 +1.1680e-01
19319 0 +1.108668357e-08 +2.081800000e+02 +2.081800000e+02 -2.3832e+00 -1.4352e+00 +1.1680e-01
19359 0 +9.923468269e-09 +2.081800000e+02 +2.081800000e+02 -2.3832e+00 -1.4352e+00 +1.1680e-01
25303 0 +0.000000000e+00 +2.081800000e+02 +2.081800000e+02 -2.3832e+00 -1.4352e+00 +1.1680e-01
