% f evaluations | g evaluations | best noise-free fitness - Fopt (-4.620900000000e+02) + sum g_i+ | measured fitness | best measured fitness or single-digit g-values | x1 | x2...
1 0 +2.876613500e+02 -1.744286500e+02 -1.744286500e+02 +4.1121e+00 +3.5567e+00 -2.2649e+00
2 0 +4.065913545e+01 -4.214308646e+02 -4.214308646e+02 -4.4071e-01 +8.2319e-01 +1.7781e+00
7 0 +3.222589652e+01 -4.298641035e+02 -4.298641035e+02 -1.2695e+00 +1.6324e+00 +7.7439e-01
67 0 +2.994923257e+01 -4.321407674e+02 -4.321407674e+02 -2.3890e+00 -6.1607e-01 +2.5203e+00
120 0 +2.673569654e+01 -4.353543035e+02 -4.353543035e+02 -4.2712e+00 +3.9175e+00 +2.9597e+00
125 0 +1.162869242e+01 -4.504613076e+02 -4.504613076e+02 -2.2084e+00 +3.3492e+00 +1.5092e+00
2525 0 +1.052960870e+01 -4.515603913e+02 -4.515603913e+02 -3.3812e+00 +2.8725e+00 +2.9420e+00
3920 0 +1.024248948e+01 -4.518475105e+02 -4.518475105e+02 -3.1798e+00 +2.2734e+00 +2.2453e+00
4952 0 +7.019038306e+00 -4.550709617e+02 -4.550709617e+02 -2.4490e+00 +2.3141e+00 +2.2673e+00
5889 0 +5.501717680e+00 -4.565882823e+02 -4.565882823e+02 -3.2373e+00 +1.7017e+00 +2.2186e+00
11517 0 +5.160668190e+00 -4.569293318e+02 -4.569293318e+02 -2.4280e+00 +2.3561e+00 +1.8837e+00
23575 0 +1.957390724e+00 -4.601326093e+02 -4.601326093e+02 -2.2839e+00 +1.7319e+00 +2.2096e+00
% f evaluations | g evaluations | best noise-free fitness - Fopt (7.766000000000e+01) + sum g_i+ | measured fitness | best measured fitness or single-digit g-values | x1 | x2...
1 0 +2.183981423e+02 +2.960581423e+02 +2.960581423e+02 -5.0625e-01 +5.4133e-01 +1.6528e+00
2 0 +7.714859366e+01 +1.548085937e+02 +1.548085937e+02 -2.7346e+00 -2.1359e+00 +1.5670e-01
3 0 +3.463717381e+01 +1.122971738e+02 +1.122971738e+02 +5.1363e+00 -9.0669e-01 -1.7250e-01
51 0 +3.301717501e+01 +1.106771750e+02 +1.106771750e+02 +5.1991e-01 -1.8995e+00 -2.1550e+00
53 0 +2.667288305e+01 +1.043328831e+02 +1.043328831e+02 +5.0022e+00 -8.6378e-01 -5.4821e-01
54 0 +2.585188893e+01 +1.035118889e+02 +1.035118889e+02 +2.1421e+00 -6.6489e-01 -9.2150e-01
63 0 +8.875206509e+00 +8.653520651e+01 +8.653520651e+01 +2.2849e+00 +1.7274e-01 -1.2852e+00
74 0 +6.862782220e+00 +8.452278222e+01 +8.452278222e+01 +2.2806e+00 -1.3753e+00 -9.3936e-01
110 0 +6.026049778e+00 +8.368604978e+01 +8.368604978e+01 +2.4897e+00 -8.8606e-01 -8.5184e-01
141 0 +3.335746319e+00 +8.099574632e+01 +8.099574632e+01 +2.4391e+00 -8.4541e-01 -8.5855e-01
156 0 +1.626890117e+00 +7.928689012e+01 +7.928689012e+01 +2.3718e+00 -8.8308e-01 -9.0387e-01
180 0 +1.554556666e+00 +7.921455667e+01 +7.921455667e+01 +2.3995e+00 -8.2287e-01 -9.1887e-01
192 0 +1.272855378e+00 +7.893285538e+01 +7.893285538e+01 +2.3718e+00 -8.6981e-01 -9.1581e-01
216 0 +1.028850698e+00 +7.868885070e+01 +7.868885070e+01 +2.4105e+00 -8.5297e-01 -9.1147e-01
289 0 +1.007054725e+00 +7.866705472e+01 +7.866705472e+01 +2.3996e+00 -8.5853e-01 -9.1482e-01
312 0 +9.975544830e-01 +7.865755448e+01 +7.865755448e+01 +2.3987e+00 -8.5799e-01 -9.1171e-01
% f evaluations | g evaluations | best noise-free fitness - Fopt (1.156800000000e+02) + sum g_i+ | measured fitness | best measured fitness or single-digit g-values | x1 | x2...
1 0 +1.173943824e+02 +2.330743824e+02 +2.330743824e+02 -1.2457e+00 +2.4108e+00 -1.4290e+00
2 0 +1.642519734e+01 +1.321051973e+02 +1.321051973e+02 -3.0037e+00 -1.6809e+00 +6.5109e-01
60 0 +1.189763404e+01 +1.275776340e+02 +1.275776340e+02 -1.9441e+00 -9.3160e-01 +5.9025e-01
96 0 +1.070478635e+01 +1.263847863e+02 +1.263847863e+02 -3.1220e+00 -1.0774e+00 +8.7818e-01
135 0 +6.490263949e+00 +1.221702639e+02 +1.221702639e+02 -3.1160e+00 -1.0211e+00 +5.5517e-01
157 0 +4.364264338e+00 +1.200442643e+02 +1.200442643e+02 -3.1181e+00 -9.3879e-01 +6.1083e-01
166 0 +3.473937142e+00 +1.191539371e+02 +1.191539371e+02 -3.1151e+00 -9.6676e-01 +6.0384e-01
262 0 +2.394195548e+00 +1.180741955e+02 +1.180741955e+02 -3.1970e+00 -4.4620e-01 +2.4641e-01
286 0 +2.236787110e+00 +1.179167871e+02 +1.179167871e+02 -3.1955e+00 -4.3987e-01 +2.4920e-01
302 0 +2.072813709e+00 +1.177528137e+02 +1.177528137e+02 -3.1828e+00 -4.2933e-01 +2.4623e-01
319 0 +2.031505509e+00 +1.177115055e+02 +1.177115055e+02 -3.1764e+00 -4.4017e-01 +2.4492e-01
369 0 +1.993034741e+00 +1.176730347e+02 +1.176730347e+02 -3.1725e+00 -4.3590e-01 +2.4457e-01
4093 0 +1.660786923e+00 +1.173407869e+02 +1.173407869e+02 -2.2228e+00 -9.6278e-01 +6.0755e-01
4099 0 +1.569143223e+00 +1.172491432e+02 +1.172491432e+02 -2.1833e+00 -9.5123e-01 +6.1616e-01
4108 0 +1.535189724e+00 +1.172151897e+02 +1.172151897e+02 -2.2216e+00 -9.8460e-01 +6.2065e-01
4134 0 +1.399374847e+00 +1.170793748e+02 +1.170793748e+02 -2.1878e+00 -9.6059e-01 +6.1798e-01
4139 0 +1.265714956e+00 +1.169457150e+02 +1.169457150e+02 -2.1929e+00 -9.8725e-01 +5.8704e-01
4152 0 +1.230906962e+00 +1.169109070e+02 +1.169109070e+02 -2.1860e+00 -9.9186e-01 +5.8825e-01
4157 0 +1.120616472e+00 +1.168006165e+02 +1.168006165e+02 -2.1725e+00 -9.8594e-01 +5.9182e-01
4161 0 +1.005136342e+00 +1.166851363e+02 +1.166851363e+02 -2.1729e+00 -9.8074e-01 +6.0460e-01
4202 0 +9.999793890e-01 +1.166799794e+02 +1.166799794e+02 -2.1762e+00 -9.8356e-01 +6.0316e-01
36814 0 +7.695943208e-01 +1.164495943e+02 +1.164495943e+02 -2.1105e+00 -9.8471e-01 +2.4401e-01
36822 0 +4.418993606e-01 +1.161218994e+02 +1.161218994e+02 -2.1512e+00 -9.9000e-01 +2.5712e-01
36854 0 +1.913384726e-01 +1.158713385e+02 +1.158713385e+02 -2.1719e+00 -9.6837e-01 +2.5108e-01
36857 0 +1.486857808e-01 +1.158286858e+02 +1.158286858e+02 -2.1710e+00 -9.9336e-01 +2.3823e-01
36870 0 +1.374085334e-01 +1.158174085e+02 +1.158174085e+02 -2.1928e+00 -9.7113e-01 +2.4237e-01
36873 0 +9.696305838e-02 +1.157769631e+02 +1.157769631e+02 -2.1637e+00 -9.7726e-01 +2.4090e-01
36874 0 +5.331495848e-02 +1.157333150e+02 +1.157333150e+02 -2.1710e+00 -9.7510e-01 +2.4608e-01
36879 0 +4.279403781e-02 +1.157227940e+02 +1.157227940e+02 -2.1751e+00 -9.9131e-01 +2.4304e-01
36890 0 +2.648457197e-02 +1.157064846e+02 +1.157064846e+02 -2.1757e+00 -9.8907e-01 +2.4354e-01
36896 0 +2.154255246e-02 +1.157015426e+02 +1.157015426e+02 -2.1795e+00 -9.8807e-01 +2.4640e-01
36899 0 +1.027609181e-03 +1.156810276e+02 +1.156810276e+02 -2.1778e+00 -9.8344e-01 +2.4553e-01
36934 0 +2.358274053e-04 +1.156802358e+02 +1.156802358e+02 -2.1783e+00 -9.8260e-01 +2.4472e-01
36952 0 +8.472513214e-05 +1.156800847e+02 +1.156800847e+02 -2.1782e+00 -9.8352e-01 +2.4473e-01
36987 0 +8.128164363e-05 +1.156800813e+02 +1.156800813e+02 -2.1783e+00 -9.8336e-01 +2.4462e-01
36992 0 +6.185346398e-05 +1.156800619e+02 +1.156800619e+02 -2.1782e+00 -9.8346e-01 +2.4489e-01
37004 0 +1.466916864e-05 +1.156800147e+02 +1.156800147e+02 -2.1782e+00 -9.8326e-01 +2.4484e-01
37011 0 +7.983264581e-06 +1.156800080e+02 +1.156800080e+02 -2.1786e+00 -9.8325e-01 +2.4480e-01
37047 0 +7.680372619e-06 +1.156800077e+02 +1.156800077e+02 -2.1783e+00 -9.8324e-01 +2.4485e-01
37048 0 +5.641991251e-06 +1.156800056e+02 +1.156800056e+02 -2.1783e+00 -9.8324e-01 +2.4483e-01
37054 0 +6.217453148e-07 +1.156800006e+02 +1.156800006e+02 -2.1784e+00 -9.8320e-01 +2.4481e-01
37075 0 +4.552896371e-07 +1.156800005e+02 +1.156800005e+02 -2.1784e+00 -9.8322e-01 +2.4479e-01
37098 0 +3.928135754e-07 +1.156800004e+02 +1.156800004e+02 -2.1784e+00 -9.8322e-01 +2.4480e-01
37100 0 +4.589082891e-08 +1.156800000e+02 +1.156800000e+02 -2.1784e+00 -9.8320e-01 +2.4480e-01
37126 0 +2.775760777e-08 +1.156800000e+02 +1.156800000e+02 -2.1784e+00 -9.8320e-01 +2.4480e-01
37134 0 +1.591804732e-08 +1.156800000e+02 +1.156800000e+02 -2.1784e+00 -9.8320e-01 +2.4480e-01
37154 0 +1.421933860e-08 +1.156800000e+02 +1.156800000e+02 -2.1784e+00 -9.8320e-01 +2.4480e-01
37162 0 +1.705387831e-09 +1.156800000e+02 +1.156800000e+02 -2.1784e+00 -9.8320e-01 +2.4480e-01
37418 0 +0.000000000e+00 +1.156800000e+02 +1.156800000e+02 -2.1784e+00 -9.8320e-01 +2.4480e-01
% f evaluations | g evaluations | best noise-free fitness - Fopt (-3.710000000000e+00) + sum g_i+ | measured fitness | best measured fitness or single-digit g-values | x1 | x2...
1 0 +4.187950202e+01 +3.816950202e+01 +3.816950202e+01 +2.2482e+00 -2.3655e-01 +6.0593e-01
11 0 +3.525998818e+01 +3.154998818e+01 +3.154998818e+01 +1.3191e+00 -1.3625e+00 +1.1470e+00
15 0 +3.047433246e+01 +2.676433246e+01 +2.676433246e+01 +2.3205e+00 -2.4870e-01 +1.4584e+00
19 0 +1.962822049e+01 +1.591822049e+01 +1.591822049e+01 +4.2630e+00 -2.8398e+00 +1.5225e+00
47 0 +1.668816616e+01 +1.297816616e+01 +1.297816616e+01 +6.0800e+00 -2.2812e+00 +1.0524e+00
65 0 +1.035061320e+01 +6.640613204e+00 +6.640613204e+00 +3.1283e+00 -1.5952e+00 +1.8080e+00
85 0 +9.004809169e+00 +5.294809169e+00 +5.294809169e+00 +5.0298e+00 -2.2841e+00 +1.8072e+00
103 0 +6.606709826e+00 +2.896709826e+00 +2.896709826e+00 +4.0329e+00 -2.3492e+00 +1.7851e+00
323 0 +3.664445096e+00 -4.555490373e-02 -4.555490373e-02 +3.0504e+00 -2.9408e+00 +1.8077e+00
1661 0 +1.678119880e+00 -2.031880120e+00 -2.031880120e+00 +3.1226e+00 -2.8591e+00 +1.7694e+00
13131 0 +5.910523610e-01 -3.118947639e+00 -3.118947639e+00 +3.1635e+00 -2.3124e+00 +1.7859e+00
36544 0 +4.842890408e-01 -3.225710959e+00 -3.225710959e+00 +3.1453e+00 -2.3158e+00 +1.7771e+00
68496 0 +4.630311087e-01 -3.246968891e+00 -3.246968891e+00 +3.1165e+00 -2.3198e+00 +1.7762e+00
% f evaluations | g evaluations | best noise-free fitness - Fopt (1.321800000000e+02) + sum g_i+ | measured fitness | best measured fitness or single-digit g-values | x1 | x2...
1 0 +2.637751929e+02 +3.959551929e+02 +3.959551929e+02 -3.0997e+00 -1.7287e+00 -8.7019e-01
2 0 +8.006700187e+01 +2.122470019e+02 +2.122470019e+02 -1.0796e+00 -5.9274e-01 +2.1047e+00
12 0 +5.116220322e+01 +1.833422032e+02 +1.833422032e+02 +8.9429e-02 -7.9442e-01 +3.2517e+00
28 0 +3.388258458e+01 +1.660625846e+02 +1.660625846e+02 -6.9035e-01 +1.9192e+00 +3.0826e+00
31 0 +1.643449476e+01 +1.486144948e+02 +1.486144948e+02 -1.6178e+00 +1.4965e+00 +3.8752e+00
57 0 +1.267107886e+01 +1.448510789e+02 +1.448510789e+02 -1.8378e+00 +1.5220e+00 +4.1276e+00
209 0 +1.170924281e+01 +1.438892428e+02 +1.438892428e+02 -1.8378e+00 +1.5415e+00 +3.1231e+00
215 0 +9.857520513e+00 +1.420375205e+02 +1.420375205e+02 -1.7001e+00 +1.5378e+00 +3.1711e+00
220 0 +7.429463495e+00 +1.396094635e+02 +1.396094635e+02 -1.7992e+00 +1.4285e+00 +3.1503e+00
222 0 +6.441275648e+00 +1.386212756e+02 +1.386212756e+02 -1.7435e+00 +1.4456e+00 +3.1409e+00
234 0 +5.660873881e+00 +1.378408739e+02 +1.378408739e+02 -1.7767e+00 +1.5153e+00 +3.1567e+00
242 0 +5.552224791e+00 +1.377322248e+02 +1.377322248e+02 -1.7426e+00 +1.4703e+00 +3.1417e+00
260 0 +5.471667507e+00 +1.376516675e+02 +1.376516675e+02 -1.7674e+00 +1.5116e+00 +3.1514e+00
264 0 +5.358320750e+00 +1.375383208e+02 +1.375383208e+02 -1.7740e+00 +1.5027e+00 +3.1456e+00
267 0 +5.234991180e+00 +1.374149912e+02 +1.374149912e+02 -1.7749e+00 +1.4765e+00 +3.1438e+00
280 0 +4.994150895e+00 +1.371741509e+02 +1.371741509e+02 -1.7582e+00 +1.4812e+00 +3.1503e+00
1079 0 +3.177781505e+00 +1.353577815e+02 +1.353577815e+02 -3.7349e+00 +1.4851e+00 +3.8754e+00
1243 0 +1.076739201e+00 +1.332567392e+02 +1.332567392e+02 -3.7533e+00 +1.4790e+00 +3.8323e+00
1303 0 +1.060246283e+00 +1.332402463e+02 +1.332402463e+02 -3.7751e+00 +1.4737e+00 +3.8205e+00
1334 0 +1.016932662e+00 +1.331969327e+02 +1.331969327e+02 -3.7609e+00 +1.4813e+00 +3.8286e+00
1339 0 +9.959565282e-01 +1.331759565e+02 +1.331759565e+02 -3.7643e+00 +1.4837e+00 +3.8226e+00
14795 0 +5.350565810e-01 +1.327150566e+02 +1.327150566e+02 -3.7407e+00 +1.5006e+00 +3.4738e+00
49142 0 +3.525596559e-01 +1.325325597e+02 +1.325325597e+02 -3.7538e+00 +1.5025e+00 +3.4697e+00
49148 0 +7.839241298e-02 +1.322583924e+02 +1.322583924e+02 -3.7604e+00 +1.4719e+00 +3.4645e+00
49186 0 +1.672550013e-02 +1.321967255e+02 +1.321967255e+02 -3.7553e+00 +1.4812e+00 +3.4619e+00
49190 0 +1.374203649e-02 +1.321937420e+02 +1.321937420e+02 -3.7623e+00 +1.4864e+00 +3.4627e+00
49209 0 +6.644367997e-03 +1.321866444e+02 +1.321866444e+02 -3.7690e+00 +1.4814e+00 +3.4612e+00
49232 0 +2.009731570e-03 +1.321820097e+02 +1.321820097e+02 -3.7657e+00 +1.4833e+00 +3.4609e+00
49233 0 +8.074128669e-04 +1.321808074e+02 +1.321808074e+02 -3.7645e+00 +1.4816e+00 +3.4612e+00
49266 0 +2.973228389e-04 +1.321802973e+02 +1.321802973e+02 -3.7644e+00 +1.4828e+00 +3.4613e+00
49283 0 +1.925507031e-04 +1.321801926e+02 +1.321801926e+02 -3.7637e+00 +1.4827e+00 +3.4619e+00
49289 0 +7.832564205e-05 +1.321800783e+02 +1.321800783e+02 -3.7637e+00 +1.4827e+00 +3.4616e+00
49306 0 +7.708127657e-05 +1.321800771e+02 +1.321800771e+02 -3.7634e+00 +1.4825e+00 +3.4617e+00
49308 0 +1.561029393e-05 +1.321800156e+02 +1.321800156e+02 -3.7639e+00 +1.4825e+00 +3.4616e+00
49309 0 +9.870284089e-06 +1.321800099e+02 +1.321800099e+02 -3.7641e+00 +1.4823e+00 +3.4617e+00
49361 0 +4.526313347e-06 +1.321800045e+02 +1.321800045e+02 -3.7641e+00 +1.4825e+00 +3.4616e+00
49387 0 +3.064043995e-06 +1.321800031e+02 +1.321800031e+02 -3.7639e+00 +1.4824e+00 +3.4616e+00
49394 0 +2.152189410e-06 +1.321800022e+02 +1.321800022e+02 -3.7640e+00 +1.4824e+00 +3.4616e+00
49399 0 +1.928760412e-06 +1.321800019e+02 +1.321800019e+02 -3.7641e+00 +1.4824e+00 +3.4616e+00
49404 0 +1.622876255e-06 +1.321800016e+02 +1.321800016e+02 -3.7640e+00 +1.4824e+00 +3.4616e+00
49422 0 +1.884863821e-07 +1.321800002e+02 +1.321800002e+02 -3.7640e+00 +1.4824e+00 +3.4616e+00
49444 0 +1.285804387e-07 +1.321800001e+02 +1.321800001e+02 -3.7640e+00 +1.4824e+00 +3.4616e+00
49446 0 +2.506035912e-08 +1.321800000e+02 +1.321800000e+02 -3.7640e+00 +1.4824e+00 +3.4616e+00
49464 0 +1.951858053e-08 +1.321800000e+02 +1.321800000e+02 -3.7640e+00 +1.4824e+00 +3.4616e+00
49473 0 +1.707985575e-08 +1.321800000e+02 +1.321800000e+02 -3.7640e+00 +1.4824e+00 +3.4616e+00
49492 0 +8.094787063e-09 +1.321800000e+02 +1.321800000e+02 -3.7640e+00 +1.4824e+00 +3.4616e+00
49742 0 +0.000000000e+00 +1.321800000e+02 +1.321800000e+02 -3.7640e+00 +1.4824e+00 +3.4616e+00
% f evaluations | g evaluations | best noise-free fitness - Fopt (1.104800000000e+02) + sum g_i+ | measured fitness | best measured fitness or single-digit g-values | x1 | x2...
1 0 +2.425297496e+02 +3.530097496e+02 +3.530097496e+02 -3.3544e+00 -2.4906e+00 +8.3925e-01
2 0 +5.998512385e+01 +1.704651239e+02 +1.704651239e+02 +3.1737e+00 -1.4773e-01 -9.0301e-01
7 0 +4.810872292e+01 +1.585887229e+02 +1.585887229e+02 +9.6711e-01 +8.0523e-02 -1.5482e+00
29 0 +4.547834412e+01 +1.559583441e+02 +1.559583441e+02 +7.4283e+00 -1.3475e+00 -2.9144e+00
64 0 +2.408016496e+01 +1.345601650e+02 +1.345601650e+02 +4.5780e+00 -1.3229e+00 -1.2826e+00
93 0 +2.285846044e+01 +1.333384604e+02 +1.333384604e+02 +2.3789e+00 -2.3410e-01 -1.8076e+00
97 0 +2.152989220e+01 +1.320098922e+02 +1.320098922e+02 +2.5067e+00 +2.1901e-01 -2.1397e+00
105 0 +1.047705158e+01 +1.209570516e+02 +1.209570516e+02 +1.7058e+00 -8.5933e-01 -1.9458e+00
137 0 +7.401425180e+00 +1.178814252e+02 +1.178814252e+02 +5.4096e-01 -7.6856e-01 -1.9026e+00
301 0 +6.723062299e+00 +1.172030623e+02 +1.172030623e+02 -3.9907e-01 -9.2604e-01 -2.2523e+00
333 0 +3.764821367e+00 +1.142448214e+02 +1.142448214e+02 +5.8191e-01 -8.4949e-01 -2.2693e+00
371 0 +2.118972231e+00 +1.125989722e+02 +1.125989722e+02 +5.2209e-01 -8.2191e-01 -2.2511e+00
373 0 +1.469398498e+00 +1.119493985e+02 +1.119493985e+02 +4.7227e-01 -8.4041e-01 -2.2607e+00
376 0 +1.206242313e+00 +1.116862423e+02 +1.116862423e+02 +5.1078e-01 -8.7485e-01 -2.2631e+00
410 0 +1.056391670e+00 +1.115363917e+02 +1.115363917e+02 +4.9074e-01 -8.6358e-01 -2.2649e+00
436 0 +1.008236002e+00 +1.114882360e+02 +1.114882360e+02 +4.9876e-01 -8.6235e-01 -2.2632e+00
501 0 +9.983797236e-01 +1.114783797e+02 +1.114783797e+02 +4.9971e-01 -8.6119e-01 -2.2614e+00
42796 0 +6.850939019e-01 +1.111650939e+02 +1.111650939e+02 +1.4616e+00 -8.3516e-01 -2.2559e+00
42808 0 +5.706452811e-01 +1.110506453e+02 +1.110506453e+02 +1.5051e+00 -8.2716e-01 -2.2582e+00
42809 0 +2.327534904e-01 +1.107127535e+02 +1.107127535e+02 +1.5024e+00 -8.7699e-01 -2.2556e+00
42817 0 +6.024450983e-02 +1.105402445e+02 +1.105402445e+02 +1.5063e+00 -8.6527e-01 -2.2580e+00
42835 0 +4.289646881e-02 +1.105228965e+02 +1.105228965e+02 +1.5047e+00 -8.5797e-01 -2.2577e+00
42836 0 +2.146182112e-02 +1.105014618e+02 +1.105014618e+02 +1.4876e+00 -8.5887e-01 -2.2581e+00
42853 0 +1.816791691e-02 +1.104981679e+02 +1.104981679e+02 +1.4836e+00 -8.6028e-01 -2.2612e+00
42864 0 +6.894867555e-04 +1.104806895e+02 +1.104806895e+02 +1.4921e+00 -8.6141e-01 -2.2607e+00
42902 0 +4.802794980e-04 +1.104804803e+02 +1.104804803e+02 +1.4921e+00 -8.6090e-01 -2.2606e+00
42913 0 +3.998053789e-04 +1.104803998e+02 +1.104803998e+02 +1.4933e+00 -8.6048e-01 -2.2604e+00
42922 0 +3.853211499e-04 +1.104803853e+02 +1.104803853e+02 +1.4930e+00 -8.6009e-01 -2.2609e+00
42929 0 +3.316607254e-04 +1.104803317e+02 +1.104803317e+02 +1.4941e+00 -8.6074e-01 -2.2604e+00
42933 0 +1.919308865e-04 +1.104801919e+02 +1.104801919e+02 +1.4937e+00 -8.6049e-01 -2.2605e+00
42935 0 +1.223218270e-04 +1.104801223e+02 +1.104801223e+02 +1.4936e+00 -8.6053e-01 -2.2606e+00
42943 0 +1.174493393e-04 +1.104801174e+02 +1.104801174e+02 +1.4932e+00 -8.6087e-01 -2.2610e+00
42947 0 +1.098218537e-04 +1.104801098e+02 +1.104801098e+02 +1.4934e+00 -8.6096e-01 -2.2606e+00
42950 0 +4.495926869e-05 +1.104800450e+02 +1.104800450e+02 +1.4934e+00 -8.6055e-01 -2.2607e+00
42953 0 +1.575528073e-05 +1.104800158e+02 +1.104800158e+02 +1.4935e+00 -8.6068e-01 -2.2608e+00
42958 0 +1.319818287e-05 +1.104800132e+02 +1.104800132e+02 +1.4938e+00 -8.6077e-01 -2.2608e+00
42987 0 +9.100066706e-06 +1.104800091e+02 +1.104800091e+02 +1.4937e+00 -8.6074e-01 -2.2607e+00
42998 0 +2.814727992e-06 +1.104800028e+02 +1.104800028e+02 +1.4937e+00 -8.6077e-01 -2.2608e+00
43016 0 +5.509844243e-07 +1.104800006e+02 +1.104800006e+02 +1.4936e+00 -8.6083e-01 -2.2608e+00
43065 0 +3.663397052e-07 +1.104800004e+02 +1.104800004e+02 +1.4936e+00 -8.6081e-01 -2.2608e+00
43072 0 +2.392274183e-07 +1.104800002e+02 +1.104800002e+02 +1.4936e+00 -8.6081e-01 -2.2608e+00
43076 0 +2.322084214e-07 +1.104800002e+02 +1.104800002e+02 +1.4936e+00 -8.6081e-01 -2.2608e+00
43080 0 +2.268824062e-08 +1.104800000e+02 +1.104800000e+02 +1.4936e+00 -8.6079e-01 -2.2608e+00
43109 0 +7.650641010e-09 +1.104800000e+02 +1.104800000e+02 +1.4936e+00 -8.6080e-01 -2.2608e+00
43418 0 +0.000000000e+00 +1.104800000e+02 +1.104800000e+02 +1.4936e+00 -8.6080e-01 -2.2608e+00
% f evaluations | g evaluations | best noise-free fitness - Fopt (-1.509000000000e+01) + sum g_i+ | measured fitness | best measured fitness or single-digit g-values | x1 | x2...
1 0 +1.820136237e+02 +1.669236237e+02 +1.669236237e+02 -5.6800e-01 -2.8296e+00 -4.1277e+00
4 0 +7.828079828e+01 +6.319079828e+01 +6.319079828e+01 -3.9495e+00 -4.4291e+00 +5.0233e-01
5 0 +4.022261039e+01 +2.513261039e+01 +2.513261039e+01 +1.2763e+00 -1.7068e+00 -1.1980e+00
14 0 +3.357432718e+01 +1.848432718e+01 +1.848432718e+01 +1.4194e+00 +1.6895e-01 -8.2852e-01
39 0 +2.213911953e+01 +7.049119527e+00 +7.049119527e+00 -1.4382e+00 -1.6493e+00 -1.1070e+00
42 0 +8.215038982e+00 -6.874961018e+00 -6.874961018e+00 +3.8293e-01 -2.4627e+00 -8.1129e-01
89 0 +5.183527932e+00 -9.906472068e+00 -9.906472068e+00 +4.1067e-01 -2.3940e+00 +2.8697e-01
673 0 +4.921971342e+00 -1.016802866e+01 -1.016802866e+01 +1.4110e+00 -2.4379e+00 +2.2425e-01
1383 0 +4.330060149e+00 -1.075993985e+01 -1.075993985e+01 -6.6575e-01 -1.8076e+00 -1.1059e-01
2339 0 +3.723009353e+00 -1.136699065e+01 -1.136699065e+01 +3.0192e-01 -2.3488e+00 +2.0446e-01
8178 0 +3.527074593e+00 -1.156292541e+01 -1.156292541e+01 -5.9407e-01 -1.8172e+00 +2.0911e-01
16356 0 +3.404932396e+00 -1.168506760e+01 -1.168506760e+01 -6.1459e-01 -1.8368e+00 -1.4647e-01
21432 0 +2.876097549e+00 -1.221390245e+01 -1.221390245e+01 -5.6911e-01 -1.8116e+00 -1.2037e-01
29987 0 +2.760841909e+00 -1.232915809e+01 -1.232915809e+01 +4.4321e-01 -2.3487e+00 +2.2382e-01
47853 0 +1.957971520e+00 -1.313202848e+01 -1.313202848e+01 +3.6241e-01 -1.7959e+00 -1.6262e-01
50615 0 +1.178978973e+00 -1.391102103e+01 -1.391102103e+01 +4.0665e-01 -2.3484e+00 -1.3716e-01
% f evaluations | g evaluations | best noise-free fitness - Fopt (-1.583000000000e+02) + sum g_i+ | measured fitness | best measured fitness or single-digit g-values | x1 | x2...
1 0 +8.071388442e+02 +6.488388442e+02 +6.488388442e+02 +1.3694e+00 +3.4144e+00 +2.1590e+00
2 0 +8.347968622e+01 -7.482031378e+01 -7.482031378e+01 -1.0243e+00 +5.0855e-01 -6.3711e-01
11 0 +8.218739174e+01 -7.611260826e+01 -7.611260826e+01 -4.6416e+00 +1.8428e+00 -1.9209e+00
18 0 +6.527863128e+01 -9.302136872e+01 -9.302136872e+01 +7.4132e-01 +5.6044e+00 -8.5105e-01
31 0 +5.216450517e+01 -1.061354948e+02 -1.061354948e+02 +3.8891e+00 +6.5443e-01 -2.9024e+00
113 0 +4.280821333e+01 -1.154917867e+02 -1.154917867e+02 -4.3308e-01 +4.0412e+00 -1.3341e+00
156 0 +3.569644777e+01 -1.226035522e+02 -1.226035522e+02 +4.8023e+00 +2.3194e+00 -1.9854e+00
476 0 +3.115380709e+01 -1.271461929e+02 -1.271461929e+02 +2.1305e+00 +3.8109e+00 -3.1114e+00
480 0 +2.714690672e+01 -1.311530933e+02 -1.311530933e+02 -2.0035e-02 +1.1210e+00 -2.0293e+00
602 0 +2.252410665e+01 -1.357758934e+02 -1.357758934e+02 +1.3150e+00 +2.8864e+00 -2.7148e+00
755 0 +8.784668458e+00 -1.495153315e+02 -1.495153315e+02 +3.1985e-02 +3.5965e+00 -2.7536e+00
5146 0 +5.966999694e+00 -1.523330003e+02 -1.523330003e+02 +1.8818e+00 +2.9040e+00 -2.1198e+00
5291 0 +5.867198187e+00 -1.524328018e+02 -1.524328018e+02 +2.0138e+00 +3.5480e+00 -1.8152e+00
20018 0 +4.980968749e+00 -1.533190313e+02 -1.533190313e+02 +9.2852e-01 +3.0184e+00 -2.3997e+00
31354 0 +3.626388394e+00 -1.546736116e+02 -1.546736116e+02 +1.8333e+00 +2.8923e+00 -2.4039e+00
% f evaluations | g evaluations | best noise-free fitness - Fopt (-4.071000000000e+01) + sum g_i+ | measured fitness | best measured fitness or single-digit g-values | x1 | x2...
1 0 +1.742745223e+02 +1.335645223e+02 +1.335645223e+02 +2.0223e+00 -1.2477e+00 +3.2104e-01
3 0 +1.519006135e+02 +1.111906135e+02 +1.111906135e+02 -5.1575e-01 -6.0556e-01 +7.1618e-01
9 0 +1.500160853e+02 +1.093060853e+02 +1.093060853e+02 -1.0884e-01 -1.5787e+00 +1.3631e+00
11 0 +1.098022025e+02 +6.909220250e+01 +6.909220250e+01 +5.8311e-02 -4.9465e-01 +1.6536e+00
17 0 +9.782940214e+01 +5.711940214e+01 +5.711940214e+01 -1.0510e+00 -1.4849e+00 +2.6070e+00
21 0 +6.825455620e+01 +2.754455620e+01 +2.754455620e+01 +6.2135e-01 +1.5251e+00 +2.1983e+00
24 0 +4.053446847e+01 -1.755315254e-01 -1.755315254e-01 +1.1779e+00 +1.3833e+00 +4.3392e+00
41 0 +3.010210784e+01 -1.060789216e+01 -1.060789216e+01 -2.3915e-02 +7.8958e-01 +3.2833e+00
88 0 +2.535124685e+01 -1.535875315e+01 -1.535875315e+01 +3.0026e+00 +2.2723e+00 +3.2977e+00
159 0 +1.901092802e+01 -2.169907198e+01 -2.169907198e+01 +1.0595e+00 +2.2676e+00 +3.2943e+00
186 0 +1.085096008e+01 -2.985903992e+01 -2.985903992e+01 +1.9714e+00 +4.3042e+00 +3.6184e+00
1388 0 +6.317748149e+00 -3.439225185e+01 -3.439225185e+01 +3.0443e+00 +2.6620e+00 +3.9339e+00
15077 0 +5.189847893e+00 -3.552015211e+01 -3.552015211e+01 +1.0933e+00 +3.1933e+00 +2.8976e+00
15732 0 +4.161823714e+00 -3.654817629e+01 -3.654817629e+01 +1.0203e+00 +2.7089e+00 +3.6137e+00
48111 0 +2.839426300e+00 -3.787057370e+01 -3.787057370e+01 +7.6020e-02 +3.7621e+00 +3.5708e+00
71473 0 +2.747482648e+00 -3.796251735e+01 -3.796251735e+01 +2.6888e-02 +3.2211e+00 +3.6125e+00
% f evaluations | g evaluations | best noise-free fitness - Fopt (8.139000000000e+01) + sum g_i+ | measured fitness | best measured fitness or single-digit g-values | x1 | x2...
1 0 +1.472911946e+02 +2.286811946e+02 +2.286811946e+02 -8.8689e-01 -2.6259e+00 -1.6643e+00
4 0 +5.050644533e+01 +1.318964453e+02 +1.318964453e+02 -3.6383e-02 +1.6047e+00 -4.2156e+00
5 0 +4.852266800e+01 +1.299126680e+02 +1.299126680e+02 +1.6835e+00 +5.0604e-01 -3.3892e+00
15 0 +4.120671501e+01 +1.225967150e+02 +1.225967150e+02 +1.5679e+00 +2.2279e+00 -2.4415e+00
38 0 +3.858344411e+01 +1.199734441e+02 +1.199734441e+02 +1.5150e+00 +4.0301e+00 -2.8082e+00
43 0 +3.454553244e+01 +1.159355324e+02 +1.159355324e+02 +2.0073e+00 +2.5301e+00 -3.3084e+00
46 0 +1.898437864e+01 +1.003743786e+02 +1.003743786e+02 +1.7975e+00 +4.2251e+00 -2.9663e+00
53 0 +1.160549823e+01 +9.299549823e+01 +9.299549823e+01 +7.6063e-01 +1.8532e+00 -2.9976e+00
56 0 +8.816934131e+00 +9.020693413e+01 +9.020693413e+01 +8.7964e-01 +4.0670e+00 -3.3010e+00
125 0 +6.993982879e+00 +8.838398288e+01 +8.838398288e+01 +1.8742e+00 +3.3810e+00 -2.3569e+00
207 0 +4.115431125e+00 +8.550543113e+01 +8.550543113e+01 +1.8278e+00 +3.3853e+00 -2.6377e+00
283 0 +2.959341234e+00 +8.434934123e+01 +8.434934123e+01 +1.8701e+00 +3.3893e+00 -2.6340e+00
298 0 +2.292891041e+00 +8.368289104e+01 +8.368289104e+01 +1.8876e+00 +3.4267e+00 -2.6469e+00
306 0 +2.287289088e+00 +8.367728909e+01 +8.367728909e+01 +1.8778e+00 +3.4436e+00 -2.6387e+00
324 0 +2.187220741e+00 +8.357722074e+01 +8.357722074e+01 +1.8763e+00 +3.4282e+00 -2.6309e+00
336 0 +2.015059381e+00 +8.340505938e+01 +8.340505938e+01 +1.8659e+00 +3.4187e+00 -2.6447e+00
384 0 +1.994679198e+00 +8.338467920e+01 +8.338467920e+01 +1.8670e+00 +3.4254e+00 -2.6433e+00
5147 0 +1.888282108e+00 +8.327828211e+01 +8.327828211e+01 +8.4924e-01 +3.3988e+00 -2.9761e+00
18572 0 +4.048591372e-01 +8.179485914e+01 +8.179485914e+01 +8.4440e-01 +3.4119e+00 -2.9969e+00
18628 0 +8.652097690e-02 +8.147652098e+01 +8.147652098e+01 +8.7231e-01 +3.4220e+00 -3.0138e+00
18650 0 +5.622503185e-02 +8.144622503e+01 +8.144622503e+01 +8.7881e-01 +3.4238e+00 -3.0112e+00
18654 0 +8.097015860e-03 +8.139809702e+01 +8.139809702e+01 +8.6630e-01 +3.4252e+00 -3.0089e+00
18711 0 +5.404316293e-03 +8.139540432e+01 +8.139540432e+01 +8.7302e-01 +3.4225e+00 -3.0068e+00
18719 0 +2.949585229e-03 +8.139294959e+01 +8.139294959e+01 +8.6643e-01 +3.4254e+00 -3.0077e+00
18784 0 +2.091726987e-03 +8.139209173e+01 +8.139209173e+01 +8.7034e-01 +3.4237e+00 -3.0080e+00
18791 0 +1.016397444e-03 +8.139101640e+01 +8.139101640e+01 +8.6950e-01 +3.4241e+00 -3.0078e+00
18812 0 +5.258246685e-04 +8.139052582e+01 +8.139052582e+01 +8.7073e-01 +3.4243e+00 -3.0074e+00
18815 0 +3.587676430e-05 +8.139003588e+01 +8.139003588e+01 +8.6961e-01 +3.4246e+00 -3.0072e+00
18828 0 +1.821600030e-05 +8.139001822e+01 +8.139001822e+01 +8.6984e-01 +3.4248e+00 -3.0071e+00
18856 0 +1.606764043e-05 +8.139001607e+01 +8.139001607e+01 +8.6959e-01 +3.4249e+00 -3.0073e+00
18883 0 +1.433439978e-05 +8.139001433e+01 +8.139001433e+01 +8.6948e-01 +3.4248e+00 -3.0073e+00
18894 0 +1.222415462e-05 +8.139001222e+01 +8.139001222e+01 +8.6950e-01 +3.4248e+00 -3.0073e+00
18899 0 +1.095829185e-05 +8.139001096e+01 +8.139001096e+01 +8.6974e-01 +3.4247e+00 -3.0072e+00
18904 0 +8.299884144e-06 +8.139000830e+01 +8.139000830e+01 +8.6960e-01 +3.4248e+00 -3.0073e+00
18908 0 +7.650921631e-06 +8.139000765e+01 +8.139000765e+01 +8.6961e-01 +3.4248e+00 -3.0073e+00
18915 0 +5.217932880e-06 +8.139000522e+01 +8.139000522e+01 +8.6964e-01 +3.4248e+00 -3.0072e+00
18916 0 +9.027470327e-07 +8.139000090e+01 +8.139000090e+01 +8.6961e-01 +3.4248e+00 -3.0072e+00
18932 0 +2.122973939e-07 +8.139000021e+01 +8.139000021e+01 +8.6958e-01 +3.4248e+00 -3.0072e+00
18959 0 +1.745160176e-07 +8.139000017e+01 +8.139000017e+01 +8.6961e-01 +3.4248e+00 -3.0072e+00
19012 0 +1.543469352e-07 +8.139000015e+01 +8.139000015e+01 +8.6958e-01 +3.4248e+00 -3.0072e+00
19020 0 +5.849132378e-08 +8.139000006e+01 +8.139000006e+01 +8.6961e-01 +3.4248e+00 -3.0072e+00
19031 0 +4.794307529e-08 +8.139000005e+01 +8.139000005e+01 +8.6961e-01 +3.4248e+00 -3.0072e+00
19036 0 +6.222876436e-09 +8.139000001e+01 +8.139000001e+01 +8.6960e-01 +3.4248e+00 -3.0072e+00
19289 0 +0.000000000e+00 +8.139000000e+01 +8.139000000e+01 +8.6960e-01 +3.4248e+00 -3.0072e+00
% f evaluations | g evaluations | best noise-free fitness - Fopt (4.144000000000e+01) + sum g_i+ | measured fitness | best measured fitness or single-digit g-values | x1 | x2...
1 0 +1.256270329e+02 +1.670670329e+02 +1.670670329e+02 +7.1796e-01 +6.7011e-01 +3.9551e-01
2 0 +8.118563062e+01 +1.226256306e+02 +1.226256306e+02 +2.8034e+00 -9.3048e-01 +3.0296e-01
7 0 +6.864728769e+01 +1.100872877e+02 +1.100872877e+02 +1.6720e-01 +3.3332e-01 +1.3529e+00
12 0 +2.323695153e+01 +6.467695153e+01 +6.467695153e+01 +1.6579e+00 -2.6577e+00 +1.8776e+00
30 0 +2.249179949e+01 +6.393179949e+01 +6.393179949e+01 +1.4003e+00 -3.1463e+00 +3.0795e+00
31 0 +1.893716517e+01 +6.037716517e+01 +6.037716517e+01 +2.1071e+00 -2.5533e+00 +3.2572e+00
90 0 +1.050569097e+01 +5.194569097e+01 +5.194569097e+01 +2.1959e+00 -2.7004e+00 +2.5374e+00
103 0 +4.497978784e+00 +4.593797878e+01 +4.593797878e+01 +1.2646e+00 -2.6047e+00 +2.4928e+00
281 0 +4.312257239e+00 +4.575225724e+01 +4.575225724e+01 +2.6115e-01 -3.2281e+00 +2.5749e+00
296 0 +2.253305713e+00 +4.369330571e+01 +4.369330571e+01 +2.7665e-01 -3.1947e+00 +2.5487e+00
334 0 +2.110848349e+00 +4.355084835e+01 +4.355084835e+01 +3.0732e-01 -3.1867e+00 +2.5416e+00
348 0 +2.017258972e+00 +4.345725897e+01 +4.345725897e+01 +2.9594e-01 -3.1881e+00 +2.5401e+00
429 0 +1.993058252e+00 +4.343305825e+01 +4.343305825e+01 +2.9552e-01 -3.1956e+00 +2.5397e+00
11352 0 +1.512547817e+00 +4.295254782e+01 +4.295254782e+01 +3.1581e-01 -2.5901e+00 +2.5515e+00
11394 0 +1.241800423e+00 +4.268180042e+01 +4.268180042e+01 +3.0469e-01 -2.6175e+00 +2.5366e+00
11395 0 +1.187761795e+00 +4.262776180e+01 +4.262776180e+01 +2.9853e-01 -2.6060e+00 +2.5295e+00
11402 0 +1.064138991e+00 +4.250413899e+01 +4.250413899e+01 +3.0548e-01 -2.6036e+00 +2.5378e+00
11444 0 +1.001321189e+00 +4.244132119e+01 +4.244132119e+01 +2.9655e-01 -2.5998e+00 +2.5400e+00
11466 0 +9.987514297e-01 +4.243875143e+01 +4.243875143e+01 +2.9451e-01 -2.5998e+00 +2.5381e+00
18074 0 +8.347444700e-01 +4.227474447e+01 +4.227474447e+01 +1.2728e+00 -2.6343e+00 +2.5379e+00
18080 0 +5.449610480e-01 +4.198496105e+01 +4.198496105e+01 +1.3170e+00 -2.5929e+00 +2.5537e+00
18090 0 +5.185074996e-01 +4.195850750e+01 +4.195850750e+01 +1.2506e+00 -2.5848e+00 +2.5434e+00
18104 0 +4.897513897e-01 +4.192975139e+01 +4.192975139e+01 +1.3044e+00 -2.5784e+00 +2.5485e+00
18116 0 +1.482707999e-01 +4.158827080e+01 +4.158827080e+01 +1.2872e+00 -2.5851e+00 +2.5421e+00
18123 0 +1.280295538e-01 +4.156802955e+01 +4.156802955e+01 +1.3095e+00 -2.5913e+00 +2.5385e+00
18157 0 +1.198074920e-01 +4.155980749e+01 +4.155980749e+01 +1.2847e+00 -2.5880e+00 +2.5426e+00
18158 0 +1.085254527e-01 +4.154852545e+01 +4.154852545e+01 +1.2907e+00 -2.5877e+00 +2.5413e+00
18164 0 +8.504353391e-02 +4.152504353e+01 +4.152504353e+01 +1.2921e+00 -2.5930e+00 +2.5446e+00
18167 0 +4.802040387e-02 +4.148802040e+01 +4.148802040e+01 +1.2924e+00 -2.5931e+00 +2.5416e+00
18169 0 +3.290437314e-02 +4.147290437e+01 +4.147290437e+01 +1.2955e+00 -2.5941e+00 +2.5402e+00
18176 0 +2.049964175e-02 +4.146049964e+01 +4.146049964e+01 +1.2935e+00 -2.5959e+00 +2.5402e+00
18177 0 +1.325474470e-02 +4.145325474e+01 +4.145325474e+01 +1.2902e+00 -2.5999e+00 +2.5421e+00
18185 0 +1.199774902e-02 +4.145199775e+01 +4.145199775e+01 +1.2886e+00 -2.5967e+00 +2.5391e+00
18191 0 +7.880320031e-03 +4.144788032e+01 +4.144788032e+01 +1.2832e+00 -2.6012e+00 +2.5395e+00
18192 0 +6.167789373e-03 +4.144616779e+01 +4.144616779e+01 +1.2891e+00 -2.5976e+00 +2.5400e+00
18196 0 +5.122827113e-03 +4.144512283e+01 +4.144512283e+01 +1.2916e+00 -2.5984e+00 +2.5396e+00
18205 0 +3.280443525e-03 +4.144328044e+01 +4.144328044e+01 +1.2900e+00 -2.6030e+00 +2.5396e+00
18211 0 +3.198107383e-03 +4.144319811e+01 +4.144319811e+01 +1.2899e+00 -2.5987e+00 +2.5390e+00
18219 0 +2.800771295e-03 +4.144280077e+01 +4.144280077e+01 +1.2929e+00 -2.5998e+00 +2.5396e+00
18226 0 +3.230736074e-04 +4.144032307e+01 +4.144032307e+01 +1.2906e+00 -2.6008e+00 +2.5394e+00
18234 0 +4.404405411e-05 +4.144004404e+01 +4.144004404e+01 +1.2893e+00 -2.6009e+00 +2.5393e+00
18280 0 +1.500558513e-05 +4.144001501e+01 +4.144001501e+01 +1.2898e+00 -2.6008e+00 +2.5392e+00
18294 0 +1.140509514e-05 +4.144001141e+01 +4.144001141e+01 +1.2897e+00 -2.6008e+00 +2.5391e+00
18318 0 +9.793027374e-06 +4.144000979e+01 +4.144000979e+01 +1.2896e+00 -2.6009e+00 +2.5392e+00
18320 0 +4.957027699e-06 +4.144000496e+01 +4.144000496e+01 +1.2895e+00 -2.6007e+00 +2.5392e+00
18334 0 +2.325443084e-06 +4.144000233e+01 +4.144000233e+01 +1.2895e+00 -2.6008e+00 +2.5392e+00
18335 0 +6.009704876e-07 +4.144000060e+01 +4.144000060e+01 +1.2897e+00 -2.6008e+00 +2.5392e+00
18380 0 +4.864389993e-07 +4.144000049e+01 +4.144000049e+01 +1.2896e+00 -2.6008e+00 +2.5392e+00
18387 0 +2.843312643e-07 +4.144000028e+01 +4.144000028e+01 +1.2896e+00 -2.6008e+00 +2.5392e+00
18391 0 +2.098848029e-07 +4.144000021e+01 +4.144000021e+01 +1.2896e+00 -2.6008e+00 +2.5392e+00
18423 0 +1.360668236e-07 +4.144000014e+01 +4.144000014e+01 +1.2896e+00 -2.6008e+00 +2.5392e+00
18424 0 +2.069049998e-08 +4.144000002e+01 +4.144000002e+01 +1.2896e+00 -2.6008e+00 +2.5392e+00
18451 0 +1.483803658e-08 +4.144000001e+01 +4.144000001e+01 +1.2896e+00 -2.6008e+00 +2.5392e+00
18452 0 +4.733252013e-09 +4.144000000e+01 +4.144000000e+01 +1.2896e+00 -2.6008e+00 +2.5392e+00
18820 0 +0.000000000e+00 +4.144000000e+01 +4.144000000e+01 +1.2896e+00 -2.6008e+00 +2.5392e+00
% f evaluations | g evaluations | best noise-free fitness - Fopt (-2.709000000000e+01) + sum g_i+ | measured fitness | best measured fitness or single-digit g-values | x1 | x2...
1 0 +1.451747406e+02 +1.180847406e+02 +1.180847406e+02 -4.3582e-01 -2.4754e+00 -2.3725e+00
2 0 +5.929471120e+01 +3.220471120e+01 +3.220471120e+01 -1.4991e+00 -1.1989e+00 +1.8822e+00
13 0 +5.515756820e+01 +2.806756820e+01 +2.806756820e+01 +2.4255e+00 -1.6354e+00 -3.4223e-01
14 0 +2.375565465e+01 -3.334345355e+00 -3.334345355e+00 +1.0299e+00 -1.0545e+00 +1.4555e+00
99 0 +2.043869744e+01 -6.651302560e+00 -6.651302560e+00 +3.2496e+00 -4.1378e+00 +7.4418e-01
137 0 +1.916669944e+01 -7.923300564e+00 -7.923300564e+00 +1.0553e+00 -1.8614e+00 +4.2611e-01
143 0 +1.841181477e+01 -8.678185228e+00 -8.678185228e+00 -7.8337e-01 -1.5680e+00 +1.8767e+00
163 0 +1.575232005e+01 -1.133767995e+01 -1.133767995e+01 +1.2928e+00 -2.1217e+00 +2.0740e+00
291 0 +1.094842606e+01 -1.614157394e+01 -1.614157394e+01 +1.3786e+00 -2.1189e+00 +1.4435e+00
721 0 +9.379321559e+00 -1.771067844e+01 -1.771067844e+01 +1.1125e+00 -3.7105e+00 +7.4144e-01
1674 0 +8.596409134e+00 -1.849359087e+01 -1.849359087e+01 +2.1085e+00 -3.2531e+00 +7.4729e-01
1968 0 +6.562313243e+00 -2.052768676e+01 -2.052768676e+01 +1.7334e-01 -2.6779e+00 +1.1389e+00
4469 0 +4.626341319e+00 -2.246365868e+01 -2.246365868e+01 +2.2081e+00 -3.1954e+00 +1.4844e+00
7164 0 +4.229448979e+00 -2.286055102e+01 -2.286055102e+01 +2.1974e+00 -2.0769e+00 +1.4883e+00
8763 0 +2.534821383e+00 -2.455517862e+01 -2.455517862e+01 +1.1124e+00 -2.1040e+00 +1.0804e+00
67860 0 +1.460604804e+00 -2.562939520e+01 -2.562939520e+01 +1.1479e+00 -2.6311e+00 +1.1160e+00
% f evaluations | g evaluations | best noise-free fitness - Fopt (5.175000000000e+01) + sum g_i+ | measured fitness | best measured fitness or single-digit g-values | x1 | x2...
1 0 +1.417818203e+02 +1.935318203e+02 +1.935318203e+02 +5.4782e-01 -3.8459e+00 +7.8087e-01
2 0 +5.864267031e+01 +1.103926703e+02 +1.103926703e+02 +2.8566e+00 -1.6796e+00 +1.8671e+00
7 0 +4.670427947e+01 +9.845427947e+01 +9.845427947e+01 -7.8304e-02 -2.5412e+00 +2.9512e+00
18 0 +3.751350843e+01 +8.926350843e+01 +8.926350843e+01 +2.1797e+00 +8.1247e-02 +3.1571e+00
40 0 +2.941492214e+01 +8.116492214e+01 +8.116492214e+01 +3.1004e+00 -5.5177e-01 +3.7830e+00
53 0 +1.994485780e+01 +7.169485780e+01 +7.169485780e+01 +3.1816e+00 -1.1246e+00 +3.3443e+00
81 0 +1.816382777e+01 +6.991382777e+01 +6.991382777e+01 +2.2489e+00 +3.8870e-01 +2.7475e+00
100 0 +1.241569201e+01 +6.416569201e+01 +6.416569201e+01 +2.0182e+00 +1.0147e+00 +2.6888e+00
125 0 +9.059620798e+00 +6.080962080e+01 +6.080962080e+01 +2.1496e+00 +5.4165e-01 +3.0123e+00
255 0 +5.357900395e+00 +5.710790040e+01 +5.710790040e+01 +1.1194e+00 -2.4137e-01 +3.0272e+00
284 0 +4.823642710e+00 +5.657364271e+01 +5.657364271e+01 +8.6951e-02 -5.1255e-02 +3.3811e+00
315 0 +2.085417749e+00 +5.383541775e+01 +5.383541775e+01 +1.4436e-01 -1.3840e-01 +3.3777e+00
616 0 +2.037165208e+00 +5.378716521e+01 +5.378716521e+01 +1.1908e-01 -1.4535e-01 +3.3679e+00
666 0 +1.992808880e+00 +5.374280888e+01 +5.374280888e+01 +1.2191e-01 -1.4844e-01 +3.3774e+00
3968 0 +1.474675121e+00 +5.322467512e+01 +5.322467512e+01 +7.8680e-02 +4.1742e-01 +3.0300e+00
3989 0 +1.442745619e+00 +5.319274562e+01 +5.319274562e+01 +1.3012e-01 +4.0620e-01 +3.0252e+00
4000 0 +1.024838887e+00 +5.277483889e+01 +5.277483889e+01 +5.6017e-02 +4.3953e-01 +3.0262e+00
4006 0 +4.547968321e-01 +5.220479683e+01 +5.220479683e+01 +1.1938e-01 +4.3387e-01 +3.0287e+00
4013 0 +1.613495759e-01 +5.191134958e+01 +5.191134958e+01 +1.4762e-01 +4.4688e-01 +3.0205e+00
4043 0 +1.091981100e-01 +5.185919811e+01 +5.185919811e+01 +1.4716e-01 +4.4823e-01 +3.0166e+00
4054 0 +9.077282249e-02 +5.184077282e+01 +5.184077282e+01 +1.2936e-01 +4.5708e-01 +3.0202e+00
4061 0 +8.354246500e-02 +5.183354246e+01 +5.183354246e+01 +1.3199e-01 +4.4116e-01 +3.0199e+00
4074 0 +1.011167386e-02 +5.176011167e+01 +5.176011167e+01 +1.2206e-01 +4.4571e-01 +3.0141e+00
4109 0 +4.537790418e-03 +5.175453779e+01 +5.175453779e+01 +1.2250e-01 +4.4775e-01 +3.0165e+00
4157 0 +7.925654257e-04 +5.175079257e+01 +5.175079257e+01 +1.2429e-01 +4.4810e-01 +3.0157e+00
4165 0 +1.116033623e-04 +5.175011160e+01 +5.175011160e+01 +1.2485e-01 +4.4922e-01 +3.0152e+00
4205 0 +7.591915712e-05 +5.175007592e+01 +5.175007592e+01 +1.2462e-01 +4.4848e-01 +3.0151e+00
4222 0 +7.069766685e-05 +5.175007070e+01 +5.175007070e+01 +1.2482e-01 +4.4851e-01 +3.0151e+00
4227 0 +4.916214676e-05 +5.175004916e+01 +5.175004916e+01 +1.2438e-01 +4.4890e-01 +3.0152e+00
4233 0 +1.312416474e-05 +5.175001312e+01 +5.175001312e+01 +1.2485e-01 +4.4875e-01 +3.0151e+00
4239 0 +8.393358833e-06 +5.175000839e+01 +5.175000839e+01 +1.2461e-01 +4.4884e-01 +3.0152e+00
4264 0 +6.776965080e-06 +5.175000678e+01 +5.175000678e+01 +1.2476e-01 +4.4879e-01 +3.0153e+00
4269 0 +3.612504436e-06 +5.175000361e+01 +5.175000361e+01 +1.2483e-01 +4.4885e-01 +3.0152e+00
4273 0 +8.106373812e-07 +5.175000081e+01 +5.175000081e+01 +1.2484e-01 +4.4883e-01 +3.0152e+00
4308 0 +5.764954096e-07 +5.175000058e+01 +5.175000058e+01 +1.2479e-01 +4.4883e-01 +3.0152e+00
4317 0 +7.627956933e-08 +5.175000008e+01 +5.175000008e+01 +1.2479e-01 +4.4881e-01 +3.0152e+00
4326 0 +2.957741430e-08 +5.175000003e+01 +5.175000003e+01 +1.2481e-01 +4.4880e-01 +3.0152e+00
4337 0 +1.075162004e-08 +5.175000001e+01 +5.175000001e+01 +1.2480e-01 +4.4880e-01 +3.0152e+00
4365 0 +9.788145405e-09 +5.175000001e+01 +5.175000001e+01 +1.2479e-01 +4.4880e-01 +3.0152e+00
4630 0 +0.000000000e+00 +5.175000000e+01 +5.175000000e+01 +1.2480e-01 +4.4880e-01 +3.0152e+00
% f evaluations | g evaluations | best noise-free fitness - Fopt (-5.541400000000e+02) + sum g_i+ | measured fitness | best measured fitness or single-digit g-values | x1 | x2...
1 0 +2.871991948e+02 -2.669408052e+02 -2.669408052e+02 +3.3472e-01 +2.2247e-01 -2.7385e+00
2 0 +1.335421222e+02 -4.205978778e+02 -4.205978778e+02 -2.7297e+00 -7.9417e-01 +3.5088e-01
5 0 +5.655716643e+01 -4.975828336e+02 -4.975828336e+02 -3.0862e+00 +8.1646e-01 +2.8687e+00
50 0 +5.172053158e+01 -5.024194684e+02 -5.024194684e+02 -4.6006e-02 +2.0155e+00 +3.4941e+00
72 0 +4.803244253e+01 -5.061075575e+02 -5.061075575e+02 -1.3897e+00 +1.0236e+00 +1.1970e+00
82 0 +4.763947442e+01 -5.065005256e+02 -5.065005256e+02 +7.0680e-01 +3.3924e+00 +3.0376e+00
88 0 +4.087530082e+01 -5.132646992e+02 -5.132646992e+02 +2.3004e+00 +3.8249e+00 +2.0044e+00
105 0 +3.431487341e+01 -5.198251266e+02 -5.198251266e+02 +1.5158e+00 +2.5200e+00 +3.0879e+00
120 0 +2.890146757e+01 -5.252385324e+02 -5.252385324e+02 -1.1989e+00 +2.2586e+00 +1.7870e+00
126 0 +2.348353142e+01 -5.306564686e+02 -5.306564686e+02 +1.5886e+00 +3.1159e+00 +1.4449e+00
269 0 +1.703810749e+01 -5.371018925e+02 -5.371018925e+02 -5.7361e-02 +2.5973e+00 +2.2266e+00
272 0 +1.477640060e+01 -5.393635994e+02 -5.393635994e+02 +7.6917e-01 +1.6657e+00 +2.1414e+00
520 0 +1.213254606e+01 -5.420074539e+02 -5.420074539e+02 +7.9576e-01 +2.5215e+00 +2.5455e+00
1648 0 +1.169547393e+01 -5.424445261e+02 -5.424445261e+02 -1.7993e-02 +2.7290e+00 +1.7884e+00
3242 0 +9.762817750e+00 -5.443771822e+02 -5.443771822e+02 +7.8650e-02 +2.6838e+00 +2.1684e+00
6576 0 +6.601002829e+00 -5.475389972e+02 -5.475389972e+02 +8.6688e-01 +3.2486e+00 +2.0770e+00
11728 0 +1.060145676e+00 -5.530798543e+02 -5.530798543e+02 +1.8725e+00 +3.2383e+00 +2.4975e+00
% f evaluations | g evaluations | best noise-free fitness - Fopt (1.774000000000e+01) + sum g_i+ | measured fitness | best measured fitness or single-digit g-values | x1 | x2...
1 0 +4.501664221e+02 +4.679064221e+02 +4.679064221e+02 +8.0127e-01 -2.0382e+00 +1.5529e+00
2 0 +1.896593795e+02 +2.073993795e+02 +2.073993795e+02 -4.2104e+00 +1.2923e+00 +5.1603e-01
4 0 +1.190534341e+02 +1.367934341e+02 +1.367934341e+02 +1.3592e+00 -3.4322e+00 -3.0561e+00
7 0 +5.980441256e+01 +7.754441256e+01 +7.754441256e+01 +3.1908e-01 +4.8619e-03 -9.4009e-01
9 0 +5.599087502e+01 +7.373087502e+01 +7.373087502e+01 -4.7918e-02 +1.5055e+00 -1.9681e+00
11 0 +3.265717428e+01 +5.039717428e+01 +5.039717428e+01 +6.6371e-01 +7.9074e-01 -2.8710e+00
32 0 +2.941108197e+01 +4.715108197e+01 +4.715108197e+01 +4.5332e+00 +2.4076e+00 -1.5203e+00
69 0 +1.285101708e+01 +3.059101708e+01 +3.059101708e+01 +2.3664e+00 +1.7687e+00 -1.6784e+00
80 0 +9.347037756e+00 +2.708703776e+01 +2.708703776e+01 +3.2372e+00 +1.3003e+00 -1.8229e+00
87 0 +3.367257310e+00 +2.110725731e+01 +2.110725731e+01 +2.1702e+00 +2.3294e+00 -1.7467e+00
256 0 +3.188501423e+00 +2.092850142e+01 +2.092850142e+01 +3.2405e+00 +1.7586e+00 -1.7719e+00
257 0 +3.077439696e+00 +2.081743970e+01 +2.081743970e+01 +3.2457e+00 +1.7738e+00 -1.7686e+00
270 0 +3.008070045e+00 +2.074807004e+01 +2.074807004e+01 +3.2517e+00 +1.7642e+00 -1.7714e+00
1334 0 +2.309333208e+00 +2.004933321e+01 +2.004933321e+01 +1.2383e+00 +2.3591e+00 -1.7794e+00
1339 0 +2.166727949e+00 +1.990672795e+01 +1.990672795e+01 +1.2786e+00 +2.3600e+00 -1.7573e+00
1349 0 +2.009657655e+00 +1.974965765e+01 +1.974965765e+01 +1.2576e+00 +2.3670e+00 -1.7682e+00
1458 0 +1.994332200e+00 +1.973433220e+01 +1.973433220e+01 +1.2637e+00 +2.3657e+00 -1.7681e+00
2330 0 +1.373864907e+00 +1.911386491e+01 +1.911386491e+01 +2.2188e+00 +1.7724e+00 -2.1299e+00
2341 0 +1.277217179e+00 +1.901721718e+01 +1.901721718e+01 +2.2256e+00 +1.7569e+00 -2.1287e+00
2346 0 +1.061019053e+00 +1.880101905e+01 +1.880101905e+01 +2.2514e+00 +1.7807e+00 -2.1287e+00
2363 0 +1.013691218e+00 +1.875369122e+01 +1.875369122e+01 +2.2539e+00 +1.7716e+00 -2.1315e+00
2429 0 +9.963794393e-01 +1.873637944e+01 +1.873637944e+01 +2.2572e+00 +1.7682e+00 -2.1292e+00
4109 0 +9.461208491e-01 +1.868612085e+01 +1.868612085e+01 +2.2602e+00 +2.3900e+00 -2.1451e+00
4152 0 +7.076176714e-01 +1.844761767e+01 +1.844761767e+01 +2.2483e+00 +2.3484e+00 -2.1104e+00
4156 0 +4.343391223e-01 +1.817433912e+01 +1.817433912e+01 +2.2685e+00 +2.3731e+00 -2.1429e+00
4159 0 +3.342938381e-01 +1.807429384e+01 +1.807429384e+01 +2.2716e+00 +2.3446e+00 -2.1225e+00
4164 0 +2.010654691e-01 +1.794106547e+01 +1.794106547e+01 +2.2808e+00 +2.3763e+00 -2.1279e+00
4166 0 +1.277656546e-01 +1.786776565e+01 +1.786776565e+01 +2.2733e+00 +2.3620e+00 -2.1366e+00
4186 0 +1.035537623e-01 +1.784355376e+01 +1.784355376e+01 +2.2798e+00 +2.3599e+00 -2.1323e+00
4192 0 +5.734212002e-02 +1.779734212e+01 +1.779734212e+01 +2.2608e+00 +2.3583e+00 -2.1337e+00
4198 0 +3.671595347e-02 +1.777671595e+01 +1.777671595e+01 +2.2566e+00 +2.3655e+00 -2.1333e+00
4204 0 +1.709997387e-02 +1.775709997e+01 +1.775709997e+01 +2.2636e+00 +2.3602e+00 -2.1315e+00
4211 0 +5.054396824e-03 +1.774505440e+01 +1.774505440e+01 +2.2615e+00 +2.3656e+00 -2.1297e+00
4224 0 +1.938364893e-03 +1.774193836e+01 +1.774193836e+01 +2.2580e+00 +2.3647e+00 -2.1300e+00
4236 0 +1.537263849e-03 +1.774153726e+01 +1.774153726e+01 +2.2584e+00 +2.3620e+00 -2.1301e+00
4261 0 +8.587783906e-04 +1.774085878e+01 +1.774085878e+01 +2.2603e+00 +2.3634e+00 -2.1290e+00
4268 0 +2.874670741e-04 +1.774028747e+01 +1.774028747e+01 +2.2588e+00 +2.3635e+00 -2.1293e+00
4297 0 +1.992926914e-04 +1.774019929e+01 +1.774019929e+01 +2.2597e+00 +2.3629e+00 -2.1294e+00
4308 0 +1.305266090e-04 +1.774013053e+01 +1.774013053e+01 +2.2586e+00 +2.3632e+00 -2.1298e+00
4322 0 +7.406448185e-05 +1.774007406e+01 +1.774007406e+01 +2.2591e+00 +2.3632e+00 -2.1294e+00
4330 0 +1.571134626e-05 +1.774001571e+01 +1.774001571e+01 +2.2589e+00 +2.3631e+00 -2.1296e+00
4346 0 +1.233045269e-05 +1.774001233e+01 +1.774001233e+01 +2.2594e+00 +2.3632e+00 -2.1296e+00
4349 0 +3.762520592e-06 +1.774000376e+01 +1.774000376e+01 +2.2592e+00 +2.3632e+00 -2.1296e+00
4352 0 +2.694071849e-06 +1.774000269e+01 +1.774000269e+01 +2.2593e+00 +2.3632e+00 -2.1296e+00
4367 0 +1.406636887e-06 +1.774000141e+01 +1.774000141e+01 +2.2592e+00 +2.3632e+00 -2.1296e+00
4373 0 +6.500312999e-07 +1.774000065e+01 +1.774000065e+01 +2.2592e+00 +2.3632e+00 -2.1296e+00
4417 0 +3.105367661e-07 +1.774000031e+01 +1.774000031e+01 +2.2592e+00 +2.3632e+00 -2.1296e+00
4423 0 +1.327170800e-07 +1.774000013e+01 +1.774000013e+01 +2.2592e+00 +2.3632e+00 -2.1296e+00
4429 0 +4.434518175e-08 +1.774000004e+01 +1.774000004e+01 +2.2592e+00 +2.3632e+00 -2.1296e+00
4444 0 +1.674433037e-08 +1.774000002e+01 +1.774000002e+01 +2.2592e+00 +2.3632e+00 -2.1296e+00
4459 0 +1.605410560e-08 +1.774000002e+01 +1.774000002e+01 +2.2592e+00 +2.3632e+00 -2.1296e+00
4463 0 +1.565066654e-08 +1.774000002e+01 +1.774000002e+01 +2.2592e+00 +2.3632e+00 -2.1296e+00
4466 0 +9.664034906e-09 +1.774000001e+01 +1.774000001e+01 +2.2592e+00 +2.3632e+00 -2.1296e+00
4724 0 +0.000000000e+00 +1.774000000e+01 +1.774000000e+01 +2.2592e+00 +2.3632e+00 -2.1296e+00
