% f evaluations | g evaluations | best noise-free fitness - Fopt (-4.620900000000e+02) + sum g_i+ | measured fitness | best measured fitness or single-digit g-values | x1 | x2...
1 0 +4.542755591e+02 -7.814440917e+00 -7.814440917e+00 -1.2070e+00 +3.8958e+00 +2.7920e+00
2 0 +4.594448179e+01 -4.161455182e+02 -4.161455182e+02 -2.2209e-02 +1.7948e+00 +1.3406e+00
13 0 +3.863545665e+01 -4.234545434e+02 -4.234545434e+02 +1.5812e+00 -8.7576e-04 +1.8437e+00
14 0 +3.760922089e+01 -4.244807791e+02 -4.244807791e+02 -6.0422e-01 +5.3242e-01 +1.9256e+00
16 0 +2.889906316e+01 -4.331909368e+02 -4.331909368e+02 -2.9040e-01 +1.7777e+00 +2.2006e+00
26 0 +2.796104762e+01 -4.341289524e+02 -4.341289524e+02 +4.7267e-01 +2.0645e+00 +1.5427e+00
39 0 +2.256290241e+01 -4.395270976e+02 -4.395270976e+02 +1.9726e-01 +7.3091e-01 +1.4913e+00
89 0 +2.158923495e+01 -4.405007650e+02 -4.405007650e+02 -5.2237e-01 +1.7152e+00 +1.5040e+00
134 0 +1.652379266e+01 -4.455662073e+02 -4.455662073e+02 -6.2369e-01 +1.6537e+00 +1.5312e+00
% f evaluations | g evaluations | best noise-free fitness - Fopt (7.766000000000e+01) + sum g_i+ | measured fitness | best measured fitness or single-digit g-values | x1 | x2...
1 0 +6.540243523e+01 +1.430624352e+02 +1.430624352e+02 +1.4729e+00 -5.1676e-01 -4.3460e-01
2 0 +6.199680782e+01 +1.396568078e+02 +1.396568078e+02 +4.5212e-01 +2.1481e+00 +1.1103e+00
8 0 +4.384230364e+01 +1.215023036e+02 +1.215023036e+02 +1.5976e-01 +7.5619e-01 +1.1892e+00
30 0 +2.892279451e+01 +1.065827945e+02 +1.065827945e+02 +4.4185e-01 -2.4169e-01 +4.8739e-01
33 0 +2.034711275e+01 +9.800711275e+01 +9.800711275e+01 +6.2931e-01 +9.4700e-01 +5.7497e-01
45 0 +1.267084522e+01 +9.033084522e+01 +9.033084522e+01 +4.4497e-01 +2.2370e-01 +9.9888e-01
116 0 +1.048330003e+01 +8.814330003e+01 +8.814330003e+01 +5.6434e-01 -8.8392e-01 +5.6481e-01
202 0 +1.018711130e+01 +8.784711130e+01 +8.784711130e+01 -6.4649e-01 -8.6037e-01 +9.5319e-01
302 0 +9.980668040e+00 +8.764066804e+01 +8.764066804e+01 -6.5334e-01 -8.6345e-01 +9.6156e-01
% f evaluations | g evaluations | best noise-free fitness - Fopt (1.156800000000e+02) + sum g_i+ | measured fitness | best measured fitness or single-digit g-values | x1 | x2...
1 0 +2.135742884e+03 +2.251422884e+03 +2.251422884e+03 -1.1777e+00 -3.6905e-01 +1.7690e+00
2 0 +4.801153338e+01 +1.636915334e+02 +1.636915334e+02 +2.3901e+00 +1.3361e+00 -4.5334e-01
8 0 +4.649600087e+01 +1.621760009e+02 +1.621760009e+02 +7.8080e-01 -1.1048e+00 -9.3250e-01
16 0 +4.105705664e+01 +1.567370566e+02 +1.567370566e+02 +2.5299e+00 -4.1367e-01 -4.0332e-01
23 0 +3.711220655e+01 +1.527922065e+02 +1.527922065e+02 +5.4739e-01 -6.2592e-01 +1.7735e-01
26 0 +1.584096611e+01 +1.315209661e+02 +1.315209661e+02 +2.0829e+00 -9.6824e-01 +2.8063e-02
93 0 +6.074316555e+00 +1.217543166e+02 +1.217543166e+02 +1.2363e+00 -4.1284e-01 -6.4642e-02
253 0 +5.646557003e+00 +1.213265570e+02 +1.213265570e+02 +1.1664e+00 -1.5255e+00 -9.1324e-02
% f evaluations | g evaluations | best noise-free fitness - Fopt (-3.710000000000e+00) + sum g_i+ | measured fitness | best measured fitness or single-digit g-values | x1 | x2...
1 0 +1.332052419e+02 +1.294952419e+02 +1.294952419e+02 +2.3800e+00 -2.0625e+00 -1.4072e+00
4 0 +1.266506491e+02 +1.229406491e+02 +1.229406491e+02 -1.1384e+00 +1.6464e+00 -4.7028e-01
5 0 +1.119508410e+02 +1.082408410e+02 +1.082408410e+02 +6.8850e-02 +2.7508e+00 +1.2735e+00
9 0 +8.217964741e+01 +7.846964741e+01 +7.846964741e+01 -5.6127e-01 +5.8903e-01 +3.2481e-01
11 0 +4.674812695e+01 +4.303812695e+01 +4.303812695e+01 +4.9169e-01 -1.5996e+00 +8.3003e-01
26 0 +3.844527978e+01 +3.473527978e+01 +3.473527978e+01 +2.6507e+00 -2.6875e+00 +1.5212e+00
46 0 +1.340618127e+01 +9.696181271e+00 +9.696181271e+00 +1.1936e+00 -4.9934e-01 +1.7695e+00
91 0 +1.199576255e+01 +8.285762553e+00 +8.285762553e+00 +1.3126e+00 -3.3651e+00 +1.7539e+00
166 0 +9.692204437e+00 +5.982204437e+00 +5.982204437e+00 +1.1646e+00 -3.3798e+00 +1.7539e+00
225 0 +8.452195896e+00 +4.742195896e+00 +4.742195896e+00 +1.2223e+00 -3.3850e+00 +1.7754e+00
234 0 +8.169323912e+00 +4.459323912e+00 +4.459323912e+00 +1.1811e+00 -3.3891e+00 +1.7798e+00
283 0 +8.082096643e+00 +4.372096643e+00 +4.372096643e+00 +1.1627e+00 -3.3853e+00 +1.7782e+00
% f evaluations | g evaluations | best noise-free fitness - Fopt (1.321800000000e+02) + sum g_i+ | measured fitness | best measured fitness or single-digit g-values | x1 | x2...
1 0 +3.921608416e+02 +5.243408416e+02 +5.243408416e+02 +4.5560e-01 +9.8262e-01 -2.9485e+00
2 0 +1.416497942e+02 +2.738297942e+02 +2.738297942e+02 +1.1333e+00 -2.0611e+00 +8.8160e-01
4 0 +5.308012832e+01 +1.852601283e+02 +1.852601283e+02 +1.1518e+00 +4.3862e-01 +2.9497e+00
39 0 +3.738308644e+01 +1.695630864e+02 +1.695630864e+02 +1.1032e+00 +9.8683e-01 +3.3853e+00
58 0 +2.242323262e+01 +1.546032326e+02 +1.546032326e+02 +5.7885e-01 +3.8068e-01 +3.1934e+00
93 0 +1.556188775e+01 +1.477418878e+02 +1.477418878e+02 +7.9629e-01 +1.4766e+00 +3.4101e+00
169 0 +1.082406962e+01 +1.430040696e+02 +1.430040696e+02 +1.8888e+00 +1.4579e+00 +3.5188e+00
256 0 +7.492767291e+00 +1.396727673e+02 +1.396727673e+02 +1.7226e+00 +1.4287e+00 +3.1547e+00
258 0 +7.265404072e+00 +1.394454041e+02 +1.394454041e+02 +1.6779e+00 +1.5117e+00 +3.1554e+00
282 0 +6.034521218e+00 +1.382145212e+02 +1.382145212e+02 +1.7482e+00 +1.5187e+00 +3.1490e+00
312 0 +5.919091941e+00 +1.380990919e+02 +1.380990919e+02 +1.7223e+00 +1.4975e+00 +3.1468e+00
319 0 +5.692969634e+00 +1.378729696e+02 +1.378729696e+02 +1.7304e+00 +1.4814e+00 +3.1582e+00
324 0 +5.300064049e+00 +1.374800640e+02 +1.374800640e+02 +1.7719e+00 +1.4652e+00 +3.1506e+00
331 0 +5.124489727e+00 +1.373044897e+02 +1.373044897e+02 +1.7866e+00 +1.4698e+00 +3.1529e+00
339 0 +4.986438483e+00 +1.371664385e+02 +1.371664385e+02 +1.7991e+00 +1.4846e+00 +3.1517e+00
% f evaluations | g evaluations | best noise-free fitness - Fopt (1.104800000000e+02) + sum g_i+ | measured fitness | best measured fitness or single-digit g-values | x1 | x2...
1 0 +5.861500716e+02 +6.966300716e+02 +6.966300716e+02 +3.5672e+00 +1.1366e+00 -9.9512e-01
2 0 +8.692759879e+01 +1.974075988e+02 +1.974075988e+02 -8.0477e-01 +6.2923e-01 +6.8801e-01
3 0 +5.156444866e+01 +1.620444487e+02 +1.620444487e+02 +1.0825e+00 -1.1573e+00 +1.8743e+00
6 0 +3.599880779e+01 +1.464788078e+02 +1.464788078e+02 -1.5356e+00 -1.9157e-01 +2.2720e+00
8 0 +2.972900432e+01 +1.402090043e+02 +1.402090043e+02 +3.9882e-01 -3.6166e-01 +1.7693e+00
87 0 +2.594171253e+01 +1.364217125e+02 +1.364217125e+02 +3.7167e-01 -1.2932e+00 +1.6561e+00
88 0 +6.445185149e+00 +1.169251851e+02 +1.169251851e+02 +1.3645e+00 -3.0309e-01 +1.9438e+00
324 0 +5.864078529e+00 +1.163440785e+02 +1.163440785e+02 +1.4376e+00 -1.4279e+00 +1.5796e+00
341 0 +5.493853264e+00 +1.159738533e+02 +1.159738533e+02 +1.4541e+00 -1.4376e+00 +1.5673e+00
359 0 +5.211340654e+00 +1.156913407e+02 +1.156913407e+02 +1.4698e+00 -1.4722e+00 +1.5797e+00
384 0 +5.117802272e+00 +1.155978023e+02 +1.155978023e+02 +1.4724e+00 -1.4612e+00 +1.5794e+00
410 0 +4.986656704e+00 +1.154666567e+02 +1.154666567e+02 +1.4863e+00 -1.4580e+00 +1.5748e+00
% f evaluations | g evaluations | best noise-free fitness - Fopt (-1.509000000000e+01) + sum g_i+ | measured fitness | best measured fitness or single-digit g-values | x1 | x2...
1 0 +6.936705484e+01 +5.427705484e+01 +5.427705484e+01 +1.2163e-01 +8.2420e-01 -1.2605e+00
6 0 +5.099577646e+01 +3.590577646e+01 +3.590577646e+01 +6.4736e-01 -2.3358e+00 +2.5013e-01
16 0 +2.154879149e+01 +6.458791494e+00 +6.458791494e+00 +3.4641e-01 -2.2607e+00 -4.2057e-01
32 0 +1.506279932e+01 -2.720068369e-02 -2.720068369e-02 -7.1309e-01 -1.7084e+00 -4.9814e-01
112 0 +1.469414104e+01 -3.958589560e-01 -3.958589560e-01 +5.8150e-01 -6.7840e-01 -5.5577e-01
146 0 +1.257816758e+01 -2.511832422e+00 -2.511832422e+00 +3.2244e-01 -1.7005e+00 -6.0938e-01
157 0 +7.871333405e+00 -7.218666595e+00 -7.218666595e+00 +3.3542e-01 -2.3686e+00 -5.9049e-01
257 0 +6.269899512e+00 -8.820100488e+00 -8.820100488e+00 -6.0502e-01 -2.3456e+00 -5.6151e-01
357 0 +6.055574775e+00 -9.034425225e+00 -9.034425225e+00 -6.1609e-01 -2.3660e+00 -5.5694e-01
370 0 +6.003750062e+00 -9.086249938e+00 -9.086249938e+00 -6.0818e-01 -2.3771e+00 -5.5513e-01
% f evaluations | g evaluations | best noise-free fitness - Fopt (-1.583000000000e+02) + sum g_i+ | measured fitness | best measured fitness or single-digit g-values | x1 | x2...
1 0 +2.575131384e+02 +9.921313845e+01 +9.921313845e+01 +1.5188e+00 +1.4568e-01 -1.8479e+00
2 0 +1.662093126e+02 +7.909312582e+00 +7.909312582e+00 +1.5202e+00 -2.4933e+00 +1.1059e+00
4 0 +7.630305634e+01 -8.199694366e+01 -8.199694366e+01 +2.2078e+00 +8.4928e-01 +1.1965e+00
10 0 +4.899963537e+01 -1.093003646e+02 -1.093003646e+02 -1.2394e-01 +1.1715e+00 +1.5703e+00
19 0 +3.406417650e+01 -1.242358235e+02 -1.242358235e+02 +1.0421e+00 +1.0862e+00 +1.7446e+00
68 0 +2.997480424e+01 -1.283251958e+02 -1.283251958e+02 +1.7386e-01 +1.3034e+00 +1.7602e+00
% f evaluations | g evaluations | best noise-free fitness - Fopt (-4.071000000000e+01) + sum g_i+ | measured fitness | best measured fitness or single-digit g-values | x1 | x2...
1 0 +3.487814225e+02 +3.080714225e+02 +3.080714225e+02 +2.5887e+00 -6.0580e-01 +1.2102e+00
3 0 +1.321341798e+02 +9.142417976e+01 +9.142417976e+01 +5.4702e-01 +9.9962e-02 +1.5135e+00
6 0 +6.375844993e+01 +2.304844993e+01 +2.304844993e+01 +1.4634e+00 +4.0102e-01 +3.6790e+00
36 0 +3.734855151e+01 -3.361448494e+00 -3.361448494e+00 +1.3415e+00 +1.4602e+00 +2.8871e+00
39 0 +3.391710699e+01 -6.792893006e+00 -6.792893006e+00 -4.1992e-01 +2.1158e+00 +2.9585e+00
40 0 +1.180474514e+01 -2.890525486e+01 -2.890525486e+01 +3.0348e-02 +2.1732e+00 +3.5253e+00
153 0 +7.586270939e+00 -3.312372906e+01 -3.312372906e+01 +1.7296e-01 +3.7689e+00 +3.2781e+00
200 0 +2.012997377e+00 -3.869700262e+01 -3.869700262e+01 +1.0052e+00 +3.2759e+00 +3.5807e+00
387 0 +7.128377821e-01 -3.999716222e+01 -3.999716222e+01 +1.0551e+00 +3.2476e+00 +3.5678e+00
428 0 +1.938375939e-01 -4.051616241e+01 -4.051616241e+01 +1.0233e+00 +3.2288e+00 +3.5832e+00
479 0 +1.380565859e-01 -4.057194341e+01 -4.057194341e+01 +1.0290e+00 +3.2263e+00 +3.5807e+00
486 0 +7.124022463e-02 -4.063875978e+01 -4.063875978e+01 +1.0492e+00 +3.2198e+00 +3.5805e+00
571 0 +5.932741121e-02 -4.065067259e+01 -4.065067259e+01 +1.0517e+00 +3.2270e+00 +3.5783e+00
574 0 +2.560697351e-02 -4.068439303e+01 -4.068439303e+01 +1.0523e+00 +3.2236e+00 +3.5820e+00
597 0 +1.520641121e-02 -4.069479359e+01 -4.069479359e+01 +1.0472e+00 +3.2312e+00 +3.5814e+00
632 0 +1.088068104e-02 -4.069911932e+01 -4.069911932e+01 +1.0474e+00 +3.2317e+00 +3.5831e+00
637 0 +4.582056670e-03 -4.070541794e+01 -4.070541794e+01 +1.0523e+00 +3.2293e+00 +3.5817e+00
644 0 +1.775656786e-03 -4.070822434e+01 -4.070822434e+01 +1.0515e+00 +3.2294e+00 +3.5825e+00
661 0 +1.689740739e-03 -4.070831026e+01 -4.070831026e+01 +1.0518e+00 +3.2286e+00 +3.5828e+00
666 0 +1.444813382e-03 -4.070855519e+01 -4.070855519e+01 +1.0516e+00 +3.2303e+00 +3.5828e+00
682 0 +3.961269606e-04 -4.070960387e+01 -4.070960387e+01 +1.0528e+00 +3.2302e+00 +3.5831e+00
708 0 +2.163552710e-04 -4.070978364e+01 -4.070978364e+01 +1.0527e+00 +3.2294e+00 +3.5830e+00
728 0 +1.900891934e-04 -4.070980991e+01 -4.070980991e+01 +1.0535e+00 +3.2293e+00 +3.5829e+00
757 0 +6.998862607e-05 -4.070993001e+01 -4.070993001e+01 +1.0535e+00 +3.2294e+00 +3.5830e+00
766 0 +2.656757926e-05 -4.070997343e+01 -4.070997343e+01 +1.0535e+00 +3.2298e+00 +3.5831e+00
785 0 +2.123888640e-05 -4.070997876e+01 -4.070997876e+01 +1.0533e+00 +3.2296e+00 +3.5831e+00
789 0 +1.674063304e-05 -4.070998326e+01 -4.070998326e+01 +1.0533e+00 +3.2295e+00 +3.5832e+00
801 0 +1.471379193e-05 -4.070998529e+01 -4.070998529e+01 +1.0535e+00 +3.2297e+00 +3.5831e+00
818 0 +1.016740649e-05 -4.070998983e+01 -4.070998983e+01 +1.0535e+00 +3.2296e+00 +3.5831e+00
826 0 +8.714647421e-06 -4.070999129e+01 -4.070999129e+01 +1.0535e+00 +3.2296e+00 +3.5831e+00
832 0 +8.706517335e-06 -4.070999129e+01 -4.070999129e+01 +1.0534e+00 +3.2296e+00 +3.5832e+00
838 0 +6.623992142e-06 -4.070999338e+01 -4.070999338e+01 +1.0536e+00 +3.2297e+00 +3.5832e+00
843 0 +2.685005896e-06 -4.070999731e+01 -4.070999731e+01 +1.0535e+00 +3.2296e+00 +3.5832e+00
848 0 +1.551635776e-06 -4.070999845e+01 -4.070999845e+01 +1.0536e+00 +3.2296e+00 +3.5832e+00
855 0 +4.528262778e-07 -4.070999955e+01 -4.070999955e+01 +1.0536e+00 +3.2296e+00 +3.5832e+00
904 0 +2.352591935e-07 -4.070999976e+01 -4.070999976e+01 +1.0536e+00 +3.2296e+00 +3.5832e+00
920 0 +2.183774654e-07 -4.070999978e+01 -4.070999978e+01 +1.0536e+00 +3.2296e+00 +3.5832e+00
924 0 +2.085698583e-07 -4.070999979e+01 -4.070999979e+01 +1.0536e+00 +3.2296e+00 +3.5832e+00
927 0 +1.666457266e-07 -4.070999983e+01 -4.070999983e+01 +1.0536e+00 +3.2296e+00 +3.5832e+00
928 0 +9.214193852e-08 -4.070999991e+01 -4.070999991e+01 +1.0536e+00 +3.2296e+00 +3.5832e+00
945 0 +2.384502551e-08 -4.070999998e+01 -4.070999998e+01 +1.0536e+00 +3.2296e+00 +3.5832e+00
954 0 +2.306335034e-08 -4.070999998e+01 -4.070999998e+01 +1.0536e+00 +3.2296e+00 +3.5832e+00
959 0 +1.835471153e-08 -4.070999998e+01 -4.070999998e+01 +1.0536e+00 +3.2296e+00 +3.5832e+00
963 0 +1.696862029e-08 -4.070999998e+01 -4.070999998e+01 +1.0536e+00 +3.2296e+00 +3.5832e+00
967 0 +3.643997104e-09 -4.071000000e+01 -4.071000000e+01 +1.0536e+00 +3.2296e+00 +3.5832e+00
% f evaluations | g evaluations | best noise-free fitness - Fopt (8.139000000000e+01) + sum g_i+ | measured fitness | best measured fitness or single-digit g-values | x1 | x2...
1 0 +1.944248875e+03 +2.025638875e+03 +2.025638875e+03 +2.0764e-01 +3.3444e-01 +4.2635e+00
3 0 +6.692132285e+02 +7.506032285e+02 +7.506032285e+02 +2.9982e+00 +2.6162e+00 -8.9308e-01
4 0 +1.323150849e+02 +2.137050849e+02 +2.137050849e+02 +5.4001e-01 +4.9317e-01 +1.8265e-01
7 0 +7.493155595e+01 +1.563215560e+02 +1.563215560e+02 +7.5623e-01 -1.0669e+00 +2.7601e+00
15 0 +5.426430469e+01 +1.356543047e+02 +1.356543047e+02 -1.9023e+00 +1.2871e+00 +2.0282e+00
27 0 +4.153544996e+01 +1.229254500e+02 +1.229254500e+02 -3.1154e+00 +1.9266e+00 +2.7982e+00
56 0 +2.993234218e+01 +1.113223422e+02 +1.113223422e+02 -1.9440e+00 +2.3864e+00 +2.2974e+00
60 0 +2.920468660e+01 +1.105946866e+02 +1.105946866e+02 -1.1704e+00 +3.1067e+00 +2.6550e+00
65 0 +1.459842220e+01 +9.598842220e+01 +9.598842220e+01 -1.0776e+00 +2.3752e+00 +3.0678e+00
% f evaluations | g evaluations | best noise-free fitness - Fopt (4.144000000000e+01) + sum g_i+ | measured fitness | best measured fitness or single-digit g-values | x1 | x2...
1 0 +9.376597654e+01 +1.352059765e+02 +1.352059765e+02 +1.2805e+00 -1.3796e-01 +2.2243e-01
2 0 +8.229957464e+01 +1.237395746e+02 +1.237395746e+02 -4.3984e-01 +9.7448e-01 +1.6911e+00
4 0 +5.954887493e+01 +1.009888749e+02 +1.009888749e+02 -2.8189e+00 -2.1180e+00 +1.2698e+00
29 0 +3.134257989e+01 +7.278257989e+01 +7.278257989e+01 +3.4213e-01 -1.5278e+00 +1.0862e+00
39 0 +1.940414885e+01 +6.084414885e+01 +6.084414885e+01 -5.9180e-01 -2.5351e+00 +1.6120e+00
56 0 +7.275061160e+00 +4.871506116e+01 +4.871506116e+01 +2.8893e-01 -3.1327e+00 +1.8414e+00
% f evaluations | g evaluations | best noise-free fitness - Fopt (-2.709000000000e+01) + sum g_i+ | measured fitness | best measured fitness or single-digit g-values | x1 | x2...
1 0 +2.667409730e+02 +2.396509730e+02 +2.396509730e+02 +7.1371e-01 +4.8777e-01 +1.5522e+00
5 0 +9.281521301e+01 +6.572521301e+01 +6.572521301e+01 -1.6504e+00 -1.6176e+00 -1.5518e+00
15 0 +8.237527691e+01 +5.528527691e+01 +5.528527691e+01 -3.5612e+00 +1.3877e-01 +6.3786e-01
20 0 +6.697959004e+01 +3.988959004e+01 +3.988959004e+01 -2.0497e+00 -2.0947e+00 -1.1199e+00
24 0 +4.701023364e+01 +1.992023364e+01 +1.992023364e+01 -1.8127e+00 -1.0057e+00 +3.1496e-01
30 0 +3.340822001e+01 +6.318220007e+00 +6.318220007e+00 -2.3498e-01 -7.9894e-01 +7.8028e-01
76 0 +1.537957963e+01 -1.171042037e+01 -1.171042037e+01 +2.3712e-01 -2.0127e+00 +4.3656e-01
173 0 +1.396699871e+01 -1.312300129e+01 -1.312300129e+01 -9.0008e-01 -2.6622e+00 +7.2462e-01
235 0 +1.031691929e+01 -1.677308071e+01 -1.677308071e+01 -7.5836e-01 -2.6032e+00 +8.2606e-01
258 0 +9.783361311e+00 -1.730663869e+01 -1.730663869e+01 -8.0979e-01 -3.1160e+00 +7.8955e-01
269 0 +8.687509745e+00 -1.840249026e+01 -1.840249026e+01 -6.7057e-01 -3.2868e+00 +7.9430e-01
286 0 +8.116229549e+00 -1.897377045e+01 -1.897377045e+01 -8.1170e-01 -3.3038e+00 +7.8544e-01
289 0 +7.517090578e+00 -1.957290942e+01 -1.957290942e+01 -7.4027e-01 -3.2900e+00 +7.7157e-01
296 0 +6.410280903e+00 -2.067971910e+01 -2.067971910e+01 -7.9484e-01 -3.2553e+00 +7.8809e-01
310 0 +6.282472652e+00 -2.080752735e+01 -2.080752735e+01 -8.1744e-01 -3.2128e+00 +7.8444e-01
320 0 +6.024876954e+00 -2.106512305e+01 -2.106512305e+01 -7.6937e-01 -3.2188e+00 +7.8265e-01
% f evaluations | g evaluations | best noise-free fitness - Fopt (5.175000000000e+01) + sum g_i+ | measured fitness | best measured fitness or single-digit g-values | x1 | x2...
1 0 +2.766388019e+02 +3.283888019e+02 +3.283888019e+02 +4.2682e-01 -6.5874e-01 -2.2224e+00
5 0 +2.744169941e+02 +3.261669941e+02 +3.261669941e+02 -7.3340e-01 +1.9172e+00 -1.8852e+00
8 0 +1.779694154e+02 +2.297194154e+02 +2.297194154e+02 -1.6178e-01 +2.0803e+00 -7.3756e-01
14 0 +1.205814010e+02 +1.723314010e+02 +1.723314010e+02 +1.6588e-01 +1.8236e+00 +5.7451e-01
15 0 +7.267013068e+01 +1.244201307e+02 +1.244201307e+02 -1.8863e+00 +3.6436e+00 +1.8099e+00
16 0 +5.139451720e+01 +1.031445172e+02 +1.031445172e+02 +7.8848e-03 +2.2829e+00 +1.7289e+00
36 0 +3.747541349e+01 +8.922541349e+01 +8.922541349e+01 -3.0540e+00 +1.3973e+00 +2.3074e+00
38 0 +3.425757370e+01 +8.600757370e+01 +8.600757370e+01 +2.5037e-01 +2.0663e+00 +2.7111e+00
51 0 +2.924007931e+01 +8.099007931e+01 +8.099007931e+01 +4.9634e-02 -9.3359e-01 +2.9439e+00
57 0 +1.358729355e+01 +6.533729355e+01 +6.533729355e+01 -1.0164e+00 +9.5351e-01 +2.6798e+00
363 0 +1.150286673e+01 +6.325286673e+01 +6.325286673e+01 -1.7443e+00 +4.9139e-01 +3.0731e+00
369 0 +9.106155820e+00 +6.085615582e+01 +6.085615582e+01 -1.9006e+00 +4.2272e-01 +3.0852e+00
385 0 +5.478361145e+00 +5.722836115e+01 +5.722836115e+01 -1.9174e+00 +4.8493e-01 +3.0090e+00
410 0 +4.799149770e+00 +5.654914977e+01 +5.654914977e+01 -1.8150e+00 +4.4583e-01 +2.9951e+00
422 0 +4.121457823e+00 +5.587145782e+01 +5.587145782e+01 -1.8289e+00 +4.4660e-01 +3.0062e+00
449 0 +4.043311150e+00 +5.579331115e+01 +5.579331115e+01 -1.8253e+00 +4.4361e-01 +3.0110e+00
576 0 +3.980345545e+00 +5.573034554e+01 +5.573034554e+01 -1.8311e+00 +4.4789e-01 +3.0151e+00
% f evaluations | g evaluations | best noise-free fitness - Fopt (-5.541400000000e+02) + sum g_i+ | measured fitness | best measured fitness or single-digit g-values | x1 | x2...
1 0 +1.308595421e+02 -4.232804579e+02 -4.232804579e+02 -1.5240e+00 -4.4409e-01 +8.1129e-01
6 0 +1.103698613e+02 -4.437701387e+02 -4.437701387e+02 -6.4843e-01 +1.0386e-01 +3.1984e-01
9 0 +7.709050719e+01 -4.770494928e+02 -4.770494928e+02 -1.0357e+00 -4.3329e-01 +2.1610e+00
13 0 +4.308177056e+01 -5.110582294e+02 -5.110582294e+02 +8.3306e-01 +8.4341e-01 +9.9076e-01
38 0 +2.624825453e+01 -5.278917455e+02 -5.278917455e+02 +7.6953e-02 +2.5491e+00 +9.6291e-01
70 0 +2.497277339e+01 -5.291672266e+02 -5.291672266e+02 -1.3091e+00 +3.1121e+00 +1.4619e+00
81 0 +2.351899883e+01 -5.306210012e+02 -5.306210012e+02 +1.8757e+00 +2.5865e+00 +1.2454e+00
96 0 +1.871193253e+01 -5.354280675e+02 -5.354280675e+02 -2.5175e-01 +2.2247e+00 +1.8239e+00
109 0 +1.606478193e+01 -5.380752181e+02 -5.380752181e+02 +1.9942e+00 +2.6473e+00 +2.0676e+00
117 0 +1.530642484e+01 -5.388335752e+02 -5.388335752e+02 -2.5958e-01 +2.5412e+00 +1.8590e+00
160 0 +1.355306570e+01 -5.405869343e+02 -5.405869343e+02 +9.0975e-01 +3.1176e+00 +2.0766e+00
161 0 +1.310214702e+01 -5.410378530e+02 -5.410378530e+02 +1.1734e-01 +3.2338e+00 +2.0759e+00
164 0 +8.679252621e+00 -5.454607474e+02 -5.454607474e+02 -1.9589e-01 +3.7310e+00 +2.1137e+00
194 0 +5.294900894e+00 -5.488450991e+02 -5.488450991e+02 -1.0270e-01 +3.2465e+00 +1.8162e+00
287 0 +5.161797310e+00 -5.489782027e+02 -5.489782027e+02 -5.3253e-02 +3.2214e+00 +1.8278e+00
290 0 +5.097479852e+00 -5.490425201e+02 -5.490425201e+02 -8.8078e-02 +3.2154e+00 +1.8213e+00
331 0 +5.004783586e+00 -5.491352164e+02 -5.491352164e+02 -8.5409e-02 +3.2234e+00 +1.8238e+00
% f evaluations | g evaluations | best noise-free fitness - Fopt (1.774000000000e+01) + sum g_i+ | measured fitness | best measured fitness or single-digit g-values | x1 | x2...
1 0 +2.073359034e+02 +2.250759034e+02 +2.250759034e+02 -5.4801e-01 +1.1507e+00 -1.9264e+00
3 0 +1.061086329e+02 +1.238486329e+02 +1.238486329e+02 -4.2908e+00 -1.4435e+00 +1.1646e+00
11 0 +8.992007456e+01 +1.076600746e+02 +1.076600746e+02 +2.5748e+00 -1.7064e+00 +1.7697e+00
14 0 +5.221843880e+01 +6.995843880e+01 +6.995843880e+01 -1.7740e+00 +4.1728e-01 +2.0913e+00
19 0 +4.988101042e+01 +6.762101042e+01 +6.762101042e+01 +1.9320e+00 +1.9321e+00 +1.2818e+00
35 0 +4.280644437e+01 +6.054644437e+01 +6.054644437e+01 +1.9068e+00 +1.8869e+00 +1.3278e+00
48 0 +3.840288928e+01 +5.614288928e+01 +5.614288928e+01 +1.5868e-01 +1.4993e+00 +1.1483e+00
51 0 +2.847583293e+01 +4.621583293e+01 +4.621583293e+01 +1.1249e+00 +1.7970e+00 +1.3371e+00
62 0 +1.280428789e+01 +3.054428789e+01 +3.054428789e+01 +1.4947e-01 +2.8729e+00 +1.4611e+00
178 0 +1.112134407e+01 +2.886134407e+01 +2.886134407e+01 +2.1748e+00 +2.4132e+00 +1.8790e+00
183 0 +3.097727160e+00 +2.083772716e+01 +2.083772716e+01 +2.2028e+00 +1.7561e+00 +2.1596e+00
