% f evaluations | g evaluations | best noise-free fitness - Fopt (-2.098800000000e+02) + sum g_i+ | measured fitness | best measured fitness or single-digit g-values | x1 | x2...
1 0 +4.546169318e+05 +4.544070518e+05 +4.544070518e+05 -1.8906e-02 -2.8864e-01
2 0 +3.763381817e+04 +3.742393817e+04 +3.742393817e+04 +7.3382e-02 +2.6025e-01
21 0 +2.297951124e+01 -1.869004888e+02 -1.869004888e+02 -1.3356e-02 +4.4380e-01
% f evaluations | g evaluations | best noise-free fitness - Fopt (-9.209000000000e+01) + sum g_i+ | measured fitness | best measured fitness or single-digit g-values | x1 | x2...
1 0 +5.255362528e+06 +5.255270438e+06 +5.255270438e+06 -1.4699e-01 +2.6883e-01
21 0 +4.888331238e+06 +4.888239148e+06 +4.888239148e+06 -9.1688e-02 +3.6836e-01
23 0 +4.571653502e+06 +4.571561412e+06 +4.571561412e+06 -2.7594e-01 +4.6213e-01
34 0 +4.521872180e+06 +4.521780090e+06 +4.521780090e+06 -7.3651e-01 +4.7759e-01
35 0 +3.728366954e+06 +3.728274864e+06 +3.728274864e+06 -3.9964e-02 +7.4919e-01
56 0 +3.242742709e+06 +3.242650619e+06 +3.242650619e+06 +1.1017e-01 +9.2657e-01
74 0 +3.075614012e+06 +3.075521922e+06 +3.075521922e+06 +1.4501e-01 +9.8574e-01
80 0 +1.049746158e+06 +1.049654068e+06 +1.049654068e+06 -6.7102e-02 +1.6044e+00
82 0 +5.297236741e+05 +5.296315841e+05 +5.296315841e+05 -3.3615e-01 +1.8330e+00
97 0 +4.551546828e+05 +4.550625928e+05 +4.550625928e+05 +9.7992e-02 +1.8846e+00
105 0 +2.056883184e+05 +2.055962284e+05 +2.055962284e+05 -3.1498e-01 +2.1763e+00
107 0 +6.000930298e+04 +5.991721298e+04 +5.991721298e+04 -6.9626e-01 +2.3760e+00
155 0 +5.870190050e+04 +5.860981050e+04 +5.860981050e+04 -6.9953e-01 +2.8641e+00
173 0 +5.870282954e+02 +4.949382954e+02 +4.949382954e+02 -8.8930e-03 +2.6447e+00
271 0 +2.038003967e+02 +1.117103967e+02 +1.117103967e+02 +4.8728e-01 +2.6076e+00
362 0 +1.213476772e+02 +2.925767717e+01 +2.925767717e+01 +9.0387e-01 +2.6326e+00
455 0 +1.470745609e+00 -9.061925439e+01 -9.061925439e+01 +4.4807e-01 +2.6204e+00
462 0 +1.086049399e-01 -9.198139506e+01 -9.198139506e+01 +5.1689e-01 +2.6213e+00
% f evaluations | g evaluations | best noise-free fitness - Fopt (-8.789000000000e+01) + sum g_i+ | measured fitness | best measured fitness or single-digit g-values | x1 | x2...
1 0 +1.401450044e+07 +1.401441255e+07 +1.401441255e+07 -1.3588e-02 -9.5385e-02
3 0 +1.139691923e+07 +1.139683134e+07 +1.139683134e+07 -2.1369e-01 +2.4128e-01
31 0 +1.067890237e+07 +1.067881448e+07 +1.067881448e+07 -4.9838e-03 +3.3823e-01
33 0 +7.799569564e+06 +7.799481674e+06 +7.799481674e+06 -5.1953e-02 +7.7101e-01
55 0 +6.782666974e+06 +6.782579084e+06 +6.782579084e+06 +1.9987e-01 +9.5421e-01
81 0 +6.741097553e+06 +6.741009663e+06 +6.741009663e+06 -1.6335e-01 +9.6225e-01
82 0 +5.133897134e+06 +5.133809244e+06 +5.133809244e+06 -6.1508e-01 +1.3248e+00
103 0 +4.738753179e+06 +4.738665289e+06 +4.738665289e+06 +6.6087e-01 +1.4357e+00
117 0 +4.381785305e+06 +4.381697415e+06 +4.381697415e+06 -5.0333e-01 +1.5462e+00
128 0 +1.740702667e+06 +1.740614777e+06 +1.740614777e+06 -1.4536e-01 +2.4193e+00
133 0 +3.815131654e+05 +3.814252754e+05 +3.814252754e+05 +2.7330e-01 +2.9722e+00
139 0 +2.550712234e+05 +2.549833334e+05 +2.549833334e+05 +2.1577e-01 +3.1306e+00
159 0 +4.663019710e+03 +4.575129710e+03 +4.575129710e+03 +2.5387e+00 +3.7200e+00
176 0 +9.894734963e+02 +9.015834963e+02 +9.015834963e+02 +1.8126e+00 +3.6798e+00
338 0 +9.348731695e+02 +8.469831695e+02 +8.469831695e+02 +1.3109e+00 +3.6779e+00
362 0 +9.205893028e+02 +8.326993028e+02 +8.326993028e+02 +1.9048e+00 +3.6160e+00
370 0 +2.921786714e+02 +2.042886714e+02 +2.042886714e+02 +2.0038e+00 +3.6289e+00
371 0 +9.957380085e+01 +1.168380085e+01 +1.168380085e+01 +1.7418e+00 +3.6554e+00
417 0 +2.309083196e+01 -6.479916804e+01 -6.479916804e+01 +1.6504e+00 +3.6414e+00
% f evaluations | g evaluations | best noise-free fitness - Fopt (3.201900000000e+02) + sum g_i+ | measured fitness | best measured fitness or single-digit g-values | x1 | x2...
1 0 +3.488743913e+06 +3.489064103e+06 +3.489064103e+06 -1.7180e-01 -4.3482e-01
31 0 +3.269969779e+06 +3.270289969e+06 +3.270289969e+06 +7.9629e-03 -4.7275e-01
34 0 +2.148797499e+06 +2.149117689e+06 +2.149117689e+06 +1.6243e-01 -7.9238e-01
36 0 +1.938624556e+06 +1.938944746e+06 +1.938944746e+06 -1.1429e-01 -1.0560e+00
54 0 +1.674762872e+06 +1.675083062e+06 +1.675083062e+06 -1.1872e-01 -1.1850e+00
55 0 +1.273801580e+06 +1.274121770e+06 +1.274121770e+06 -2.7366e-01 -1.2922e+00
67 0 +8.875494275e+05 +8.878696175e+05 +8.878696175e+05 -2.1333e-01 -1.3923e+00
79 0 +5.051692349e+05 +5.054894249e+05 +5.054894249e+05 +2.2746e-01 -1.6211e+00
84 0 +1.898909108e+04 +1.930928108e+04 +1.930928108e+04 -1.6251e-01 -2.2168e+00
123 0 +1.253452364e+04 +1.285471364e+04 +1.285471364e+04 -2.4319e-01 -2.2563e+00
125 0 +6.127129175e+03 +6.447319175e+03 +6.447319175e+03 +9.3780e-02 -2.2795e+00
127 0 +8.888449846e+01 +4.090744985e+02 +4.090744985e+02 -5.8808e-01 -2.3708e+00
201 0 +4.540007080e+01 +3.655900708e+02 +3.655900708e+02 -1.2815e-01 -2.3539e+00
271 0 +5.602356736e+00 +3.257923567e+02 +3.257923567e+02 -6.3569e-02 -2.3587e+00
431 0 +9.943915256e-02 +3.202894392e+02 +3.202894392e+02 -5.1217e-01 -2.3605e+00
660 0 +2.498664017e-02 +3.202149866e+02 +3.202149866e+02 -5.3638e-01 -2.3607e+00
965 0 +2.052735159e-02 +3.202105274e+02 +3.202105274e+02 -5.6851e-01 -2.3608e+00
1349 0 +2.005721525e-02 +3.202100572e+02 +3.202100572e+02 -5.6722e-01 -2.3608e+00
1424 0 +1.657243703e-02 +3.202065724e+02 +3.202065724e+02 -5.5707e-01 -2.3608e+00
1449 0 +1.551838448e-02 +3.202055184e+02 +3.202055184e+02 -5.5392e-01 -2.3608e+00
1496 0 +1.495698041e-02 +3.202049570e+02 +3.202049570e+02 -5.5219e-01 -2.3608e+00
1545 0 +1.469130458e-02 +3.202046913e+02 +3.202046913e+02 -5.5034e-01 -2.3608e+00
1583 0 +1.441086272e-02 +3.202044109e+02 +3.202044109e+02 -5.5036e-01 -2.3608e+00
1879 0 +1.408162649e-02 +3.202040816e+02 +3.202040816e+02 -5.4961e-01 -2.3608e+00
1908 0 +1.375529073e-02 +3.202037553e+02 +3.202037553e+02 -5.4835e-01 -2.3608e+00
1954 0 +1.339264128e-02 +3.202033926e+02 +3.202033926e+02 -5.4727e-01 -2.3608e+00
1976 0 +1.288450568e-02 +3.202028845e+02 +3.202028845e+02 -5.4574e-01 -2.3608e+00
1999 0 +1.244188601e-02 +3.202024419e+02 +3.202024419e+02 -5.4401e-01 -2.3608e+00
2017 0 +1.204518345e-02 +3.202020452e+02 +3.202020452e+02 -5.4225e-01 -2.3608e+00
2028 0 +1.113711430e-02 +3.202011371e+02 +3.202011371e+02 -5.3992e-01 -2.3608e+00
2031 0 +1.091679768e-02 +3.202009168e+02 +3.202009168e+02 -5.3815e-01 -2.3608e+00
2047 0 +8.868151560e-03 +3.201988682e+02 +3.201988682e+02 -5.3147e-01 -2.3608e+00
2100 0 +7.105795877e-03 +3.201971058e+02 +3.201971058e+02 -5.2344e-01 -2.3608e+00
2111 0 +5.856006532e-03 +3.201958560e+02 +3.201958560e+02 -5.1650e-01 -2.3608e+00
2312 0 +5.168610604e-03 +3.201951686e+02 +3.201951686e+02 -5.1197e-01 -2.3608e+00
2336 0 +5.128372007e-03 +3.201951284e+02 +3.201951284e+02 -5.0872e-01 -2.3608e+00
2339 0 +4.814398217e-03 +3.201948144e+02 +3.201948144e+02 -5.0818e-01 -2.3608e+00
2360 0 +4.118738340e-03 +3.201941187e+02 +3.201941187e+02 -4.9911e-01 -2.3608e+00
2371 0 +3.354275040e-03 +3.201933543e+02 +3.201933543e+02 -4.9284e-01 -2.3608e+00
2410 0 +2.780979859e-03 +3.201927810e+02 +3.201927810e+02 -4.8481e-01 -2.3608e+00
2434 0 +1.960099570e-03 +3.201919601e+02 +3.201919601e+02 -4.6547e-01 -2.3608e+00
2437 0 +1.015214323e-03 +3.201910152e+02 +3.201910152e+02 -4.5624e-01 -2.3608e+00
2456 0 +4.088819555e-04 +3.201904089e+02 +3.201904089e+02 -4.1502e-01 -2.3608e+00
2476 0 +8.648190715e-05 +3.201900865e+02 +3.201900865e+02 -4.3970e-01 -2.3608e+00
2504 0 +6.777269562e-05 +3.201900678e+02 +3.201900678e+02 -4.2511e-01 -2.3608e+00
2535 0 +4.232651975e-05 +3.201900423e+02 +3.201900423e+02 -4.3662e-01 -2.3608e+00
2559 0 +7.782281045e-06 +3.201900078e+02 +3.201900078e+02 -4.3467e-01 -2.3608e+00
2598 0 +1.457762551e-06 +3.201900015e+02 +3.201900015e+02 -4.3398e-01 -2.3608e+00
2647 0 +3.910770374e-08 +3.201900000e+02 +3.201900000e+02 -4.3268e-01 -2.3608e+00
2863 0 +3.516532843e-08 +3.201900000e+02 +3.201900000e+02 -4.3263e-01 -2.3608e+00
2867 0 +1.556787765e-08 +3.201900000e+02 +3.201900000e+02 -4.3271e-01 -2.3608e+00
2871 0 +1.004610795e-08 +3.201900000e+02 +3.201900000e+02 -4.3271e-01 -2.3608e+00
2889 0 +2.411582045e-09 +3.201900000e+02 +3.201900000e+02 -4.3279e-01 -2.3608e+00
3508 0 +0.000000000e+00 +3.201900000e+02 +3.201900000e+02 -4.3280e-01 -2.3608e+00
% f evaluations | g evaluations | best noise-free fitness - Fopt (-1.042400000000e+02) + sum g_i+ | measured fitness | best measured fitness or single-digit g-values | x1 | x2...
1 0 +1.412984643e+07 +1.412974219e+07 +1.412974219e+07 -3.2444e-02 -1.2419e-01
4 0 +1.370076600e+07 +1.370066176e+07 +1.370066176e+07 +4.9390e-02 -1.7332e-01
19 0 +1.328063389e+07 +1.328052965e+07 +1.328052965e+07 +4.9390e-02 -2.2212e-01
21 0 +1.308139834e+07 +1.308129410e+07 +1.308129410e+07 +4.2094e-01 -2.4556e-01
31 0 +1.084601285e+07 +1.084590861e+07 +1.084590861e+07 +1.0087e-01 -5.3337e-01
49 0 +1.071127632e+07 +1.071117208e+07 +1.071117208e+07 +1.3788e-01 -5.5307e-01
55 0 +9.455276890e+06 +9.455172650e+06 +9.455172650e+06 +7.3028e-01 -7.6234e-01
82 0 +8.883439777e+06 +8.883335537e+06 +8.883335537e+06 +5.3170e-01 -8.8178e-01
104 0 +6.666253618e+06 +6.666149378e+06 +6.666149378e+06 +7.1246e-01 -1.4830e+00
124 0 +5.311961935e+06 +5.311857695e+06 +5.311857695e+06 +8.5026e-01 -1.7197e+00
129 0 +1.884300303e+06 +1.884196063e+06 +1.884196063e+06 +1.4166e+00 -2.6553e+00
141 0 +1.543344416e+06 +1.543240176e+06 +1.543240176e+06 +1.5839e+00 -2.7830e+00
151 0 +8.674293094e+05 +8.673250694e+05 +8.673250694e+05 +1.1963e+00 -2.9575e+00
153 0 +6.821711528e+05 +6.820669128e+05 +6.820669128e+05 +1.1227e+00 -3.0243e+00
156 0 +6.249868713e+05 +6.248826313e+05 +6.248826313e+05 +2.9984e+00 -3.0527e+00
177 0 +1.800511719e+04 +1.790087719e+04 +1.790087719e+04 +2.7386e-01 -3.7798e+00
203 0 +5.757359721e+02 +4.714959721e+02 +4.714959721e+02 +7.4498e-01 -3.8971e+00
263 0 +2.660298889e+02 +1.617898889e+02 +1.617898889e+02 +8.2769e-01 -3.9031e+00
320 0 +1.126270071e+02 +8.387007089e+00 +8.387007089e+00 +1.2210e+00 -3.9094e+00
507 0 +2.891502927e+01 -7.532497073e+01 -7.532497073e+01 +2.2396e+00 -3.9247e+00
% f evaluations | g evaluations | best noise-free fitness - Fopt (-1.351600000000e+02) + sum g_i+ | measured fitness | best measured fitness or single-digit g-values | x1 | x2...
1 0 +2.038263481e+07 +2.038249965e+07 +2.038249965e+07 +1.3048e-01 +5.9133e-01
2 0 +1.451938339e+07 +1.451924823e+07 +1.451924823e+07 +6.8909e-02 -8.8024e-02
3 0 +1.252896555e+07 +1.252883039e+07 +1.252883039e+07 +3.5667e-01 -3.1986e-01
5 0 +1.189550500e+07 +1.189536984e+07 +1.189536984e+07 +2.2281e-01 -3.9901e-01
15 0 +1.153801101e+07 +1.153787585e+07 +1.153787585e+07 +6.8909e-02 -4.4563e-01
31 0 +8.399084764e+06 +8.398949604e+06 +8.398949604e+06 +7.7438e-03 -1.0105e+00
55 0 +7.895727644e+06 +7.895592484e+06 +7.895592484e+06 +9.9751e-02 -1.1574e+00
103 0 +7.706143288e+06 +7.706008128e+06 +7.706008128e+06 +1.3726e+00 -1.2158e+00
104 0 +4.846226900e+06 +4.846091740e+06 +4.846091740e+06 +1.3228e+00 -1.7966e+00
128 0 +4.476763985e+06 +4.476628825e+06 +4.476628825e+06 +1.2100e+00 -1.8504e+00
129 0 +2.135317057e+06 +2.135181897e+06 +2.135181897e+06 +2.1727e+00 -2.3690e+00
130 0 +1.936346810e+06 +1.936211650e+06 +1.936211650e+06 +1.7257e+00 -2.6252e+00
154 0 +6.326719155e+05 +6.325367555e+05 +6.325367555e+05 +2.3923e+00 -3.0565e+00
155 0 +3.697138096e+05 +3.695786496e+05 +3.695786496e+05 +1.8677e+00 -4.5896e+00
163 0 +3.220347271e+04 +3.206831271e+04 +3.206831271e+04 +2.9932e+00 -4.0988e+00
207 0 +1.525157741e+04 +1.511641741e+04 +1.511641741e+04 +4.1415e+00 -3.8028e+00
219 0 +1.247919106e+04 +1.234403106e+04 +1.234403106e+04 +1.9465e+00 -4.0397e+00
224 0 +1.155398234e+04 +1.141882234e+04 +1.141882234e+04 +2.1033e+00 -4.0366e+00
228 0 +5.133264943e+02 +3.781664943e+02 +3.781664943e+02 +3.5020e+00 -3.9060e+00
347 0 +1.033863120e+02 -3.177368800e+01 -3.177368800e+01 +4.5238e+00 -3.9382e+00
% f evaluations | g evaluations | best noise-free fitness - Fopt (-8.571000000000e+01) + sum g_i+ | measured fitness | best measured fitness or single-digit g-values | x1 | x2...
1 0 +1.341110132e+07 +1.341101561e+07 +1.341101561e+07 -3.6532e-02 +1.2832e-01
2 0 +1.204183872e+07 +1.204175301e+07 +1.204175301e+07 -2.4459e-01 -3.7168e-02
6 0 +1.192657073e+07 +1.192648502e+07 +1.192648502e+07 +2.5949e-01 -5.1831e-02
17 0 +1.143206270e+07 +1.143197699e+07 +1.143197699e+07 +1.0028e-01 -1.1658e-01
31 0 +1.040541211e+07 +1.040532640e+07 +1.040532640e+07 +2.0882e-01 -2.6417e-01
33 0 +1.020012282e+07 +1.020003711e+07 +1.020003711e+07 -2.0449e-02 -2.9666e-01
56 0 +9.728684826e+06 +9.728599116e+06 +9.728599116e+06 +4.6030e-01 -3.7658e-01
57 0 +9.219118141e+06 +9.219032431e+06 +9.219032431e+06 +1.9009e-01 -4.7395e-01
80 0 +8.579066763e+06 +8.578981053e+06 +8.578981053e+06 +1.0599e-01 -6.2000e-01
89 0 +7.940186137e+06 +7.940100427e+06 +7.940100427e+06 +2.1917e-01 -8.0055e-01
104 0 +7.629119725e+06 +7.629034015e+06 +7.629034015e+06 +1.9968e-01 -8.9621e-01
107 0 +6.316650396e+06 +6.316564686e+06 +6.316564686e+06 +7.2631e-01 -1.2177e+00
113 0 +5.183660301e+06 +5.183574591e+06 +5.183574591e+06 +1.7384e-01 -1.4037e+00
123 0 +3.495465575e+06 +3.495379865e+06 +3.495379865e+06 +1.7098e-01 -1.6577e+00
129 0 +1.765387319e+06 +1.765301609e+06 +1.765301609e+06 +3.4830e-02 -2.3770e+00
155 0 +5.145703079e+04 +5.137132079e+04 +5.137132079e+04 -8.3348e-01 -3.3578e+00
178 0 +1.466079850e+04 +1.457508850e+04 +1.457508850e+04 +1.5292e-01 -3.4646e+00
189 0 +9.538820792e+03 +9.453110792e+03 +9.453110792e+03 -5.2418e-01 -3.4921e+00
202 0 +1.365935466e+03 +1.280225466e+03 +1.280225466e+03 -8.4814e-01 -3.5457e+00
295 0 +8.254155056e+02 +7.397055056e+02 +7.397055056e+02 -1.1784e+00 -3.6127e+00
307 0 +1.305905580e+02 +4.488055800e+01 +4.488055800e+01 -1.2233e+00 -3.5955e+00
347 0 +2.070753088e+01 -6.500246912e+01 -6.500246912e+01 -6.9979e-01 -3.5850e+00
% f evaluations | g evaluations | best noise-free fitness - Fopt (-1.162500000000e+02) + sum g_i+ | measured fitness | best measured fitness or single-digit g-values | x1 | x2...
1 0 +1.538188636e+06 +1.538072386e+06 +1.538072386e+06 -9.8352e-02 +7.3266e-02
4 0 +1.214111095e+06 +1.213994845e+06 +1.213994845e+06 +1.9003e-01 +1.7058e-01
32 0 +1.126144705e+06 +1.126028455e+06 +1.126028455e+06 -5.2977e-02 +1.9884e-01
55 0 +7.494258216e+05 +7.493095716e+05 +7.493095716e+05 -6.0942e-01 +3.3917e-01
65 0 +6.061154514e+05 +6.059992014e+05 +6.059992014e+05 -4.5239e-01 +4.0858e-01
79 0 +3.933796462e+05 +3.932633962e+05 +3.932633962e+05 +3.5196e-02 +5.5676e-01
83 0 +8.122820059e+04 +8.111195059e+04 +8.111195059e+04 -1.0070e+00 +9.5785e-01
111 0 +5.897887502e+03 +5.781637502e+03 +5.781637502e+03 +4.2144e-02 +1.1575e+00
150 0 +6.110365320e+02 +4.947865320e+02 +4.947865320e+02 -8.4537e-01 +1.2168e+00
180 0 +6.440002899e+01 -5.184997101e+01 -5.184997101e+01 -4.1300e-01 +1.2329e+00
397 0 +5.019447129e+01 -6.605552871e+01 -6.605552871e+01 +1.7908e-01 +1.2342e+00
% f evaluations | g evaluations | best noise-free fitness - Fopt (2.528000000000e+01) + sum g_i+ | measured fitness | best measured fitness or single-digit g-values | x1 | x2...
1 0 +6.489819415e+06 +6.489844695e+06 +6.489844695e+06 -1.1137e-01 +2.1979e-01
3 0 +5.199997217e+06 +5.200022497e+06 +5.200022497e+06 -5.1264e-02 +2.7235e-03
5 0 +4.445234721e+06 +4.445260001e+06 +4.445260001e+06 -2.2658e-01 -1.0776e-01
31 0 +3.101456870e+06 +3.101482150e+06 +3.101482150e+06 -4.6552e-01 -3.2406e-01
34 0 +2.677640183e+06 +2.677665463e+06 +2.677665463e+06 -1.3670e-01 -4.1603e-01
58 0 +2.568522411e+06 +2.568547691e+06 +2.568547691e+06 -3.0647e-01 -4.4473e-01
67 0 +2.447198130e+06 +2.447223410e+06 +2.447223410e+06 +1.5566e-02 -4.8085e-01
89 0 +2.327193287e+06 +2.327218567e+06 +2.327218567e+06 -1.7335e-01 -5.2325e-01
105 0 +2.148889966e+06 +2.148915246e+06 +2.148915246e+06 -5.7788e-01 -6.1232e-01
106 0 +2.019103943e+06 +2.019129223e+06 +2.019129223e+06 -8.5561e-02 -7.5787e-01
113 0 +1.889634229e+06 +1.889659509e+06 +1.889659509e+06 +1.4895e-01 -9.1280e-01
117 0 +1.378890324e+06 +1.378915604e+06 +1.378915604e+06 -2.7257e-01 -1.0864e+00
128 0 +5.117284105e+05 +5.117536905e+05 +5.117536905e+05 +2.4900e-01 -1.4233e+00
133 0 +4.206860537e+05 +4.207113337e+05 +4.207113337e+05 +2.4426e-01 -1.5842e+00
155 0 +9.125772553e+04 +9.128300553e+04 +9.128300553e+04 +5.9169e-01 -1.8869e+00
176 0 +1.055033744e+03 +1.080313744e+03 +1.080313744e+03 +1.2369e+00 -2.2120e+00
204 0 +2.225737559e+02 +2.478537559e+02 +2.478537559e+02 +5.9952e-01 -2.1659e+00
340 0 +1.966684153e+01 +4.494684153e+01 +4.494684153e+01 +7.9598e-01 -2.1769e+00
372 0 +5.463488260e+00 +3.074348826e+01 +3.074348826e+01 +8.2563e-01 -2.1792e+00
417 0 +3.392818661e+00 +2.867281866e+01 +2.867281866e+01 +8.4185e-01 -2.1804e+00
649 0 +2.678209925e+00 +2.795820993e+01 +2.795820993e+01 +7.1849e-01 -2.1809e+00
1267 0 +2.620925944e+00 +2.790092594e+01 +2.790092594e+01 +7.0682e-01 -2.1808e+00
1423 0 +2.535832552e+00 +2.781583255e+01 +2.781583255e+01 +6.8222e-01 -2.1807e+00
1499 0 +2.475643800e+00 +2.775564380e+01 +2.775564380e+01 +6.6054e-01 -2.1807e+00
1505 0 +2.444604132e+00 +2.772460413e+01 +2.772460413e+01 +6.3127e-01 -2.1811e+00
1547 0 +2.347592462e+00 +2.762759246e+01 +2.762759246e+01 +6.0162e-01 -2.1806e+00
1607 0 +2.311686880e+00 +2.759168688e+01 +2.759168688e+01 +6.0676e-01 -2.1809e+00
1617 0 +2.285392685e+00 +2.756539269e+01 +2.756539269e+01 +5.9691e-01 -2.1808e+00
1644 0 +2.149365038e+00 +2.742936504e+01 +2.742936504e+01 +5.2497e-01 -2.1808e+00
1773 0 +2.055277113e+00 +2.733527711e+01 +2.733527711e+01 +4.3707e-01 -2.1808e+00
1811 0 +2.007478610e+00 +2.728747861e+01 +2.728747861e+01 +3.0269e-01 -2.1810e+00
1863 0 +1.983279089e+00 +2.726327909e+01 +2.726327909e+01 +2.5702e-01 -2.1806e+00
1879 0 +1.944969882e+00 +2.722496988e+01 +2.722496988e+01 +2.3161e-01 -2.1806e+00
1904 0 +1.836681361e+00 +2.711668136e+01 +2.711668136e+01 +1.7751e-01 -2.1810e+00
1906 0 +1.812443778e+00 +2.709244378e+01 +2.709244378e+01 +1.6477e-01 -2.1806e+00
1928 0 +1.597939706e+00 +2.687793971e+01 +2.687793971e+01 +8.8469e-02 -2.1811e+00
1952 0 +1.458031168e+00 +2.673803117e+01 +2.673803117e+01 +5.8586e-02 -2.1806e+00
1955 0 +1.027034717e+00 +2.630703472e+01 +2.630703472e+01 -1.8064e-01 -2.1814e+00
1963 0 +7.895853421e-01 +2.606958534e+01 +2.606958534e+01 -1.3996e-01 -2.1805e+00
2018 0 +7.639705260e-01 +2.604397053e+01 +2.604397053e+01 -5.0009e-01 -2.1815e+00
2024 0 +5.176337471e-01 +2.579763375e+01 +2.579763375e+01 -3.8913e-01 -2.1810e+00
2025 0 +3.580915944e-01 +2.563809159e+01 +2.563809159e+01 -5.4665e-01 -2.1811e+00
2048 0 +2.762351486e-02 +2.530762351e+01 +2.530762351e+01 -1.1996e+00 -2.1808e+00
2127 0 +5.842277341e-03 +2.528584228e+01 +2.528584228e+01 -1.0254e+00 -2.1809e+00
2162 0 +8.317856979e-04 +2.528083179e+01 +2.528083179e+01 -1.0712e+00 -2.1808e+00
2275 0 +5.421406656e-04 +2.528054214e+01 +2.528054214e+01 -1.0276e+00 -2.1808e+00
2286 0 +3.866129125e-04 +2.528038661e+01 +2.528038661e+01 -1.0343e+00 -2.1808e+00
2312 0 +3.275067584e-04 +2.528032751e+01 +2.528032751e+01 -1.0305e+00 -2.1808e+00
2314 0 +9.723622284e-05 +2.528009724e+01 +2.528009724e+01 -1.0528e+00 -2.1808e+00
2407 0 +5.331789255e-05 +2.528005332e+01 +2.528005332e+01 -1.0390e+00 -2.1808e+00
2409 0 +1.629485336e-06 +2.528000163e+01 +2.528000163e+01 -1.0421e+00 -2.1808e+00
2589 0 +1.935809735e-08 +2.528000002e+01 +2.528000002e+01 -1.0431e+00 -2.1808e+00
2829 0 +3.510809421e-09 +2.528000000e+01 +2.528000000e+01 -1.0432e+00 -2.1808e+00
3507 0 +0.000000000e+00 +2.528000000e+01 +2.528000000e+01 -1.0432e+00 -2.1808e+00
% f evaluations | g evaluations | best noise-free fitness - Fopt (-6.668000000000e+01) + sum g_i+ | measured fitness | best measured fitness or single-digit g-values | x1 | x2...
1 0 +1.827805015e+06 +1.827738335e+06 +1.827738335e+06 +1.9886e-03 -1.8954e-01
31 0 +8.355453185e+05 +8.354786385e+05 +8.354786385e+05 +3.0719e-01 -4.7144e-01
59 0 +5.789608064e+05 +5.788941264e+05 +5.788941264e+05 +4.7371e-01 -5.8618e-01
71 0 +4.917968137e+05 +4.917301337e+05 +4.917301337e+05 +1.8804e-01 -7.3387e-01
78 0 +3.638644009e+05 +3.637977209e+05 +3.637977209e+05 +1.8559e-01 -8.6281e-01
82 0 +1.383489272e+05 +1.382822472e+05 +1.382822472e+05 +2.8010e-01 -1.0352e+00
104 0 +2.635984038e+04 +2.629316038e+04 +2.629316038e+04 +1.1873e-01 -1.5768e+00
106 0 +9.171266028e+02 +8.504466028e+02 +8.504466028e+02 +5.7070e-01 -1.3927e+00
145 0 +1.839174970e+02 +1.172374970e+02 +1.172374970e+02 +5.0089e-01 -1.4373e+00
157 0 +7.551978779e+01 +8.839787795e+00 +8.839787795e+00 +1.1541e+00 -1.4331e+00
204 0 +3.939799226e+00 -6.274020077e+01 -6.274020077e+01 +5.2307e-01 -1.4225e+00
% f evaluations | g evaluations | best noise-free fitness - Fopt (-3.294600000000e+02) + sum g_i+ | measured fitness | best measured fitness or single-digit g-values | x1 | x2...
1 0 +1.288200058e+05 +1.284905458e+05 +1.284905458e+05 +3.0895e-01 -2.5583e-01
2 0 +9.086333211e+01 -2.385966679e+02 -2.385966679e+02 -4.0809e-01 +8.2726e-02
61 0 +3.673154225e+01 -2.927284577e+02 -2.927284577e+02 -3.0254e-01 +9.9161e-02
94 0 +2.190902572e+01 -3.075509743e+02 -3.075509743e+02 -7.0836e-02 +8.8591e-02
% f evaluations | g evaluations | best noise-free fitness - Fopt (1.737000000000e+01) + sum g_i+ | measured fitness | best measured fitness or single-digit g-values | x1 | x2...
1 0 +4.479802659e+06 +4.479820029e+06 +4.479820029e+06 -1.9194e-01 +1.2602e-01
5 0 +4.047419290e+06 +4.047436660e+06 +4.047436660e+06 -7.8634e-02 +2.7009e-01
15 0 +3.921362319e+06 +3.921379689e+06 +3.921379689e+06 +3.7761e-01 +3.1463e-01
31 0 +3.668189161e+06 +3.668206531e+06 +3.668206531e+06 -1.2482e-01 +4.0641e-01
32 0 +3.502080483e+06 +3.502097853e+06 +3.502097853e+06 -2.1943e-01 +4.6741e-01
41 0 +3.253974680e+06 +3.253992050e+06 +3.253992050e+06 +1.8158e-02 +5.5774e-01
60 0 +2.326329518e+06 +2.326346888e+06 +2.326346888e+06 -3.0857e-01 +8.6202e-01
82 0 +2.269216450e+06 +2.269233820e+06 +2.269233820e+06 -1.1936e-01 +8.7891e-01
83 0 +1.185171407e+06 +1.185188777e+06 +1.185188777e+06 +2.4560e-03 +1.1950e+00
103 0 +7.245715984e+05 +7.245889684e+05 +7.245889684e+05 -1.2696e-01 +1.3655e+00
106 0 +5.280157690e+05 +5.280331390e+05 +5.280331390e+05 +7.3020e-02 +1.4693e+00
127 0 +1.754835162e+04 +1.756572162e+04 +1.756572162e+04 -2.0797e-01 +2.1297e+00
193 0 +1.165380806e+04 +1.167117806e+04 +1.167117806e+04 +7.1392e-01 +2.1479e+00
220 0 +3.884227100e+03 +3.901597100e+03 +3.901597100e+03 +7.2125e-01 +2.1893e+00
269 0 +9.266754479e+01 +1.100375448e+02 +1.100375448e+02 +6.3952e-01 +2.2470e+00
438 0 +6.466176627e+01 +8.203176627e+01 +8.203176627e+01 +9.7649e-01 +2.2644e+00
442 0 +3.407923096e+01 +5.144923096e+01 +5.144923096e+01 +1.0397e+00 +2.2518e+00
465 0 +2.803314027e+01 +4.540314027e+01 +4.540314027e+01 +1.0941e+00 +2.2612e+00
565 0 +6.876861892e+00 +2.424686189e+01 +2.424686189e+01 +1.1040e+00 +2.2582e+00
755 0 +5.275911526e+00 +2.264591153e+01 +2.264591153e+01 +1.1446e+00 +2.2563e+00
759 0 +4.998675265e+00 +2.236867526e+01 +2.236867526e+01 +1.1488e+00 +2.2569e+00
1760 0 +4.885139097e+00 +2.225513910e+01 +2.225513910e+01 +1.1796e+00 +2.2569e+00
1879 0 +4.770307166e+00 +2.214030717e+01 +2.214030717e+01 +1.2106e+00 +2.2568e+00
1927 0 +4.618481194e+00 +2.198848119e+01 +2.198848119e+01 +1.2583e+00 +2.2567e+00
1956 0 +4.540749063e+00 +2.191074906e+01 +2.191074906e+01 +1.2823e+00 +2.2569e+00
2049 0 +4.368876830e+00 +2.173887683e+01 +2.173887683e+01 +1.3344e+00 +2.2568e+00
2123 0 +4.295137562e+00 +2.166513756e+01 +2.166513756e+01 +1.3780e+00 +2.2571e+00
2129 0 +4.111551206e+00 +2.148155121e+01 +2.148155121e+01 +1.4214e+00 +2.2568e+00
2147 0 +4.049606837e+00 +2.141960684e+01 +2.141960684e+01 +1.4504e+00 +2.2566e+00
2191 0 +3.976195201e+00 +2.134619520e+01 +2.134619520e+01 +1.5761e+00 +2.2563e+00
2192 0 +3.587085154e+00 +2.095708515e+01 +2.095708515e+01 +1.6209e+00 +2.2566e+00
2196 0 +3.533387365e+00 +2.090338736e+01 +2.090338736e+01 +1.6288e+00 +2.2568e+00
2264 0 +3.213790198e+00 +2.058379020e+01 +2.058379020e+01 +1.7451e+00 +2.2568e+00
2313 0 +3.050107945e+00 +2.042010795e+01 +2.042010795e+01 +1.8039e+00 +2.2567e+00
2323 0 +2.929444497e+00 +2.029944450e+01 +2.029944450e+01 +1.8561e+00 +2.2566e+00
2327 0 +2.845018455e+00 +2.021501845e+01 +2.021501845e+01 +1.9099e+00 +2.2571e+00
2361 0 +2.688369400e+00 +2.005836940e+01 +2.005836940e+01 +1.9233e+00 +2.2568e+00
2364 0 +2.593720147e+00 +1.996372015e+01 +1.996372015e+01 +1.9860e+00 +2.2565e+00
2402 0 +2.470402687e+00 +1.984040269e+01 +1.984040269e+01 +2.0052e+00 +2.2570e+00
2409 0 +2.111232583e+00 +1.948123258e+01 +1.948123258e+01 +2.1006e+00 +2.2567e+00
2417 0 +1.715792860e+00 +1.908579286e+01 +1.908579286e+01 +2.2132e+00 +2.2567e+00
2436 0 +1.491786850e+00 +1.886178685e+01 +1.886178685e+01 +2.2762e+00 +2.2567e+00
2474 0 +1.393285353e+00 +1.876328535e+01 +1.876328535e+01 +2.3533e+00 +2.2572e+00
2485 0 +7.440682980e-01 +1.811406830e+01 +1.811406830e+01 +2.9046e+00 +2.2575e+00
2507 0 +1.953463380e-01 +1.756534634e+01 +1.756534634e+01 +3.0930e+00 +2.2571e+00
2531 0 +3.971800785e-02 +1.740971801e+01 +1.740971801e+01 +3.2731e+00 +2.2569e+00
2596 0 +3.379199243e-02 +1.740379199e+01 +1.740379199e+01 +3.3679e+00 +2.2566e+00
2613 0 +9.838346116e-04 +1.737098383e+01 +1.737098383e+01 +3.4001e+00 +2.2568e+00
2805 0 +1.942861717e-04 +1.737019429e+01 +1.737019429e+01 +3.4166e+00 +2.2568e+00
2818 0 +7.106711665e-05 +1.737007107e+01 +1.737007107e+01 +3.4358e+00 +2.2568e+00
2842 0 +8.267350591e-06 +1.737000827e+01 +1.737000827e+01 +3.4308e+00 +2.2568e+00
2929 0 +6.403287440e-06 +1.737000640e+01 +1.737000640e+01 +3.4281e+00 +2.2568e+00
2949 0 +3.369269013e-06 +1.737000337e+01 +1.737000337e+01 +3.4299e+00 +2.2568e+00
2961 0 +6.445921557e-07 +1.737000064e+01 +1.737000064e+01 +3.4293e+00 +2.2568e+00
3031 0 +4.955171207e-08 +1.737000005e+01 +1.737000005e+01 +3.4296e+00 +2.2568e+00
3228 0 +4.281096722e-08 +1.737000004e+01 +1.737000004e+01 +3.4295e+00 +2.2568e+00
3250 0 +3.456946729e-09 +1.737000000e+01 +1.737000000e+01 +3.4296e+00 +2.2568e+00
3959 0 +0.000000000e+00 +1.737000000e+01 +1.737000000e+01 +3.4296e+00 +2.2568e+00
% f evaluations | g evaluations | best noise-free fitness - Fopt (7.383000000000e+01) + sum g_i+ | measured fitness | best measured fitness or single-digit g-values | x1 | x2...
1 0 +7.721460867e+05 +7.722199167e+05 +7.722199167e+05 -3.6809e-02 +9.3333e-02
5 0 +3.292642262e+05 +3.293380562e+05 +3.293380562e+05 +5.0787e-02 +3.8925e-01
17 0 +2.936121732e+05 +2.936860032e+05 +2.936860032e+05 +2.5903e-01 +4.3552e-01
31 0 +7.901207471e+04 +7.908590471e+04 +7.908590471e+04 +4.0731e-01 +7.2539e-01
34 0 +6.548645042e+04 +6.556028042e+04 +6.556028042e+04 +3.1250e-02 +7.4905e-01
59 0 +2.473802101e+04 +2.481185101e+04 +2.481185101e+04 +1.4024e-01 +1.1662e+00
65 0 +2.193099010e+01 +9.576099010e+01 +9.576099010e+01 +6.8353e-02 +1.0099e+00
273 0 +6.828950315e+00 +8.065895031e+01 +8.065895031e+01 +1.7806e-01 +1.0084e+00
277 0 +5.307581964e+00 +7.913758196e+01 +7.913758196e+01 +2.0635e-01 +1.0077e+00
327 0 +2.538922371e+00 +7.636892237e+01 +7.636892237e+01 +1.7550e-01 +1.0040e+00
395 0 +1.123020066e-03 +7.383112302e+01 +7.383112302e+01 +1.9045e-01 +1.0056e+00
633 0 +6.446535769e-04 +7.383064465e+01 +7.383064465e+01 +2.0646e-01 +1.0056e+00
745 0 +2.437088711e-04 +7.383024371e+01 +7.383024371e+01 +2.0773e-01 +1.0056e+00
804 0 +1.922988445e-04 +7.383019230e+01 +7.383019230e+01 +2.0895e-01 +1.0056e+00
874 0 +1.452433868e-04 +7.383014524e+01 +7.383014524e+01 +2.1045e-01 +1.0056e+00
981 0 +7.809521804e-05 +7.383007810e+01 +7.383007810e+01 +2.1095e-01 +1.0056e+00
1064 0 +1.461003333e-05 +7.383001461e+01 +7.383001461e+01 +2.1116e-01 +1.0056e+00
1137 0 +5.263166912e-06 +7.383000526e+01 +7.383000526e+01 +2.1173e-01 +1.0056e+00
1177 0 +8.353923135e-07 +7.383000084e+01 +7.383000084e+01 +2.1178e-01 +1.0056e+00
1257 0 +1.598599084e-07 +7.383000016e+01 +7.383000016e+01 +2.1155e-01 +1.0056e+00
1280 0 +1.391338316e-07 +7.383000014e+01 +7.383000014e+01 +2.1156e-01 +1.0056e+00
2003 0 +1.378535472e-07 +7.383000014e+01 +7.383000014e+01 +2.1156e-01 +1.0056e+00
2100 0 +1.347569167e-07 +7.383000013e+01 +7.383000013e+01 +2.1155e-01 +1.0056e+00
2145 0 +1.308637394e-07 +7.383000013e+01 +7.383000013e+01 +2.1155e-01 +1.0056e+00
2167 0 +1.285095834e-07 +7.383000013e+01 +7.383000013e+01 +2.1154e-01 +1.0056e+00
2193 0 +1.230929314e-07 +7.383000012e+01 +7.383000012e+01 +2.1154e-01 +1.0056e+00
2210 0 +1.225873376e-07 +7.383000012e+01 +7.383000012e+01 +2.1154e-01 +1.0056e+00
2217 0 +1.144145187e-07 +7.383000011e+01 +7.383000011e+01 +2.1153e-01 +1.0056e+00
2237 0 +1.110852423e-07 +7.383000011e+01 +7.383000011e+01 +2.1153e-01 +1.0056e+00
2268 0 +1.056009324e-07 +7.383000011e+01 +7.383000011e+01 +2.1152e-01 +1.0056e+00
2287 0 +1.034769923e-07 +7.383000010e+01 +7.383000010e+01 +2.1152e-01 +1.0056e+00
2289 0 +9.884558949e-08 +7.383000010e+01 +7.383000010e+01 +2.1151e-01 +1.0056e+00
2290 0 +9.485272301e-08 +7.383000009e+01 +7.383000009e+01 +2.1151e-01 +1.0056e+00
2312 0 +8.547959851e-08 +7.383000009e+01 +7.383000009e+01 +2.1149e-01 +1.0056e+00
2335 0 +7.322701379e-08 +7.383000007e+01 +7.383000007e+01 +2.1148e-01 +1.0056e+00
2336 0 +6.737978708e-08 +7.383000007e+01 +7.383000007e+01 +2.1148e-01 +1.0056e+00
2345 0 +6.104357908e-08 +7.383000006e+01 +7.383000006e+01 +2.1146e-01 +1.0056e+00
2351 0 +5.602527153e-08 +7.383000006e+01 +7.383000006e+01 +2.1145e-01 +1.0056e+00
2386 0 +4.891515459e-08 +7.383000005e+01 +7.383000005e+01 +2.1142e-01 +1.0056e+00
2411 0 +2.727421133e-08 +7.383000003e+01 +7.383000003e+01 +2.1136e-01 +1.0056e+00
2458 0 +2.114283859e-08 +7.383000002e+01 +7.383000002e+01 +2.1127e-01 +1.0056e+00
2480 0 +3.993747555e-09 +7.383000000e+01 +7.383000000e+01 +2.1123e-01 +1.0056e+00
3055 0 +0.000000000e+00 +7.383000000e+01 +7.383000000e+01 +2.1120e-01 +1.0056e+00
% f evaluations | g evaluations | best noise-free fitness - Fopt (4.488700000000e+02) + sum g_i+ | measured fitness | best measured fitness or single-digit g-values | x1 | x2...
1 0 +1.478897491e+07 +1.478942378e+07 +1.478942378e+07 +7.2921e-02 +8.8537e-02
3 0 +1.435253663e+07 +1.435298550e+07 +1.435298550e+07 +6.7158e-02 +1.4305e-01
15 0 +1.357699042e+07 +1.357743929e+07 +1.357743929e+07 -2.1443e-01 +2.4049e-01
34 0 +1.286231770e+07 +1.286276657e+07 +1.286276657e+07 +5.9734e-04 +3.3125e-01
55 0 +1.192225645e+07 +1.192270532e+07 +1.192270532e+07 +2.7715e-01 +4.5275e-01
67 0 +1.124533340e+07 +1.124578227e+07 +1.124578227e+07 -3.8936e-02 +5.4232e-01
82 0 +8.664948654e+06 +8.665397524e+06 +8.665397524e+06 -2.6629e-01 +9.1156e-01
103 0 +4.887590098e+06 +4.888038968e+06 +4.888038968e+06 -7.7280e-01 +1.6734e+00
130 0 +3.744578928e+06 +3.745027798e+06 +3.745027798e+06 -7.1443e-01 +2.0481e+00
175 0 +4.326196700e+05 +4.330685400e+05 +4.330685400e+05 -6.1642e-01 +3.2072e+00
176 0 +4.394178369e+02 +8.882878369e+02 +8.882878369e+02 -8.2369e-01 +3.9472e+00
296 0 +7.025025232e+01 +5.191202523e+02 +5.191202523e+02 -1.9345e+00 +3.9176e+00
514 0 +6.580092751e+01 +5.146709275e+02 +5.146709275e+02 -2.1160e+00 +3.9178e+00
535 0 +9.081756033e+00 +4.579517560e+02 +4.579517560e+02 -2.0629e+00 +3.9238e+00
681 0 +2.653495448e+00 +4.515234954e+02 +4.515234954e+02 -2.1245e+00 +3.9264e+00
920 0 +2.532465199e+00 +4.514024652e+02 +4.514024652e+02 -2.1589e+00 +3.9263e+00
1571 0 +2.511276768e+00 +4.513812768e+02 +4.513812768e+02 -2.1636e+00 +3.9264e+00
1785 0 +2.446148636e+00 +4.513161486e+02 +4.513161486e+02 -2.2026e+00 +3.9261e+00
1799 0 +2.389774694e+00 +4.512597747e+02 +4.512597747e+02 -2.2068e+00 +3.9263e+00
1906 0 +2.334454194e+00 +4.512044542e+02 +4.512044542e+02 -2.2233e+00 +3.9264e+00
1967 0 +2.280684700e+00 +4.511506847e+02 +4.511506847e+02 -2.2451e+00 +3.9264e+00
2002 0 +2.224088524e+00 +4.510940885e+02 +4.510940885e+02 -2.2727e+00 +3.9264e+00
2023 0 +2.165297874e+00 +4.510352979e+02 +4.510352979e+02 -2.3485e+00 +3.9261e+00
2047 0 +2.132940956e+00 +4.510029410e+02 +4.510029410e+02 -2.3260e+00 +3.9264e+00
2095 0 +2.049198207e+00 +4.509191982e+02 +4.509191982e+02 -2.4164e+00 +3.9263e+00
2123 0 +2.025789251e+00 +4.508957893e+02 +4.508957893e+02 -2.4819e+00 +3.9263e+00
2148 0 +1.990286162e+00 +4.508602862e+02 +4.508602862e+02 -2.5502e+00 +3.9262e+00
2170 0 +1.893289623e+00 +4.507632896e+02 +4.507632896e+02 -2.6393e+00 +3.9266e+00
2194 0 +1.847850525e+00 +4.507178505e+02 +4.507178505e+02 -2.6585e+00 +3.9262e+00
2212 0 +1.655308260e+00 +4.505253083e+02 +4.505253083e+02 -2.7496e+00 +3.9261e+00
2216 0 +1.060361135e+00 +4.499303611e+02 +4.499303611e+02 -2.8800e+00 +3.9266e+00
2239 0 +8.928538555e-01 +4.497628539e+02 +4.497628539e+02 -3.0372e+00 +3.9259e+00
2240 0 +8.484554202e-01 +4.497184554e+02 +4.497184554e+02 -2.9273e+00 +3.9264e+00
2263 0 +7.350807075e-01 +4.496050807e+02 +4.496050807e+02 -3.0051e+00 +3.9261e+00
2265 0 +6.824947822e-01 +4.495524948e+02 +4.495524948e+02 -2.9880e+00 +3.9264e+00
2273 0 +5.356312792e-01 +4.494056313e+02 +4.494056313e+02 -3.0880e+00 +3.9264e+00
2288 0 +3.257154513e-01 +4.491957155e+02 +4.491957155e+02 -3.4228e+00 +3.9267e+00
2334 0 +1.940671799e-01 +4.490640672e+02 +4.490640672e+02 -3.4300e+00 +3.9263e+00
2340 0 +1.678975620e-01 +4.490378976e+02 +4.490378976e+02 -3.4901e+00 +3.9262e+00
2385 0 +1.030258522e-01 +4.489730259e+02 +4.489730259e+02 -3.5850e+00 +3.9265e+00
2389 0 +6.651310159e-02 +4.489365131e+02 +4.489365131e+02 -3.7173e+00 +3.9266e+00
2431 0 +6.479919865e-02 +4.489347992e+02 +4.489347992e+02 -3.7242e+00 +3.9262e+00
2483 0 +5.774007529e-02 +4.489277401e+02 +4.489277401e+02 -3.7659e+00 +3.9266e+00
2506 0 +4.632119018e-02 +4.489163212e+02 +4.489163212e+02 -3.6788e+00 +3.9265e+00
2507 0 +6.889677302e-03 +4.488768897e+02 +4.488768897e+02 -3.8100e+00 +3.9264e+00
2547 0 +5.678881955e-03 +4.488756789e+02 +4.488756789e+02 -3.9654e+00 +3.9264e+00
2583 0 +4.452553328e-03 +4.488744526e+02 +4.488744526e+02 -3.8198e+00 +3.9264e+00
2625 0 +6.538535570e-04 +4.488706539e+02 +4.488706539e+02 -3.8728e+00 +3.9264e+00
2627 0 +1.281085704e-04 +4.488701281e+02 +4.488701281e+02 -3.8940e+00 +3.9264e+00
2724 0 +6.892619160e-05 +4.488700689e+02 +4.488700689e+02 -3.8906e+00 +3.9264e+00
2743 0 +1.430621364e-05 +4.488700143e+02 +4.488700143e+02 -3.8841e+00 +3.9264e+00
2817 0 +1.985215022e-06 +4.488700020e+02 +4.488700020e+02 -3.8836e+00 +3.9264e+00
2937 0 +8.424507314e-08 +4.488700001e+02 +4.488700001e+02 -3.8832e+00 +3.9264e+00
2980 0 +6.090385796e-08 +4.488700001e+02 +4.488700001e+02 -3.8831e+00 +3.9264e+00
3031 0 +4.046063395e-08 +4.488700000e+02 +4.488700000e+02 -3.8833e+00 +3.9264e+00
3059 0 +1.324218601e-08 +4.488700000e+02 +4.488700000e+02 -3.8833e+00 +3.9264e+00
3069 0 +9.633197351e-09 +4.488700000e+02 +4.488700000e+02 -3.8831e+00 +3.9264e+00
3571 0 +0.000000000e+00 +4.488700000e+02 +4.488700000e+02 -3.8832e+00 +3.9264e+00
% f evaluations | g evaluations | best noise-free fitness - Fopt (-7.546600000000e+02) + sum g_i+ | measured fitness | best measured fitness or single-digit g-values | x1 | x2...
1 0 +3.464380964e+05 +3.456834364e+05 +3.456834364e+05 +1.3487e-01 -1.2446e-01
2 0 +2.224311603e+05 +2.216765003e+05 +2.216765003e+05 -2.8561e-01 +4.3799e-02
3 0 +1.422357576e+05 +1.414810976e+05 +1.414810976e+05 -1.1711e-02 +1.4682e-01
6 0 +1.217782165e+05 +1.210235565e+05 +1.210235565e+05 +5.4327e-02 +1.7220e-01
31 0 +3.511770929e+04 +3.436304929e+04 +3.436304929e+04 -1.2160e-01 +3.3209e-01
36 0 +3.391791631e+04 +3.316325631e+04 +3.316325631e+04 -4.5720e-02 +3.3586e-01
43 0 +3.266219328e+04 +3.190753328e+04 +3.190753328e+04 -2.3610e-02 +3.3980e-01
49 0 +3.201720699e+04 +3.126254699e+04 +3.126254699e+04 -1.2831e-01 +3.4182e-01
55 0 +3.639642285e+03 +2.884982285e+03 +2.884982285e+03 -1.2493e-01 +5.7225e-01
56 0 +9.126058493e+02 +1.579458493e+02 +1.579458493e+02 -3.3940e-01 +5.4306e-01
79 0 +2.609671698e+01 -7.285632830e+02 -7.285632830e+02 +1.5139e-01 +5.0771e-01
