% f evaluations | g evaluations | best noise-free fitness - Fopt (6.870000000000e+00) + sum g_i+ | measured fitness | best measured fitness or single-digit g-values | x1 | x2...
1 0 +1.039617166e+01 +1.726617166e+01 +1.726617166e+01 +2.4748e+00 -1.2206e+00
24 0 +4.029138909e+00 +1.089913891e+01 +1.089913891e+01 -1.7383e+00 -1.3664e+00
427 0 +3.160549339e+00 +1.003054934e+01 +1.003054934e+01 -1.8250e+00 -5.0586e+00
816 0 +2.831474561e+00 +9.701474561e+00 +9.701474561e+00 -1.9262e+00 -4.3062e+00
1241 0 +2.496468192e+00 +9.366468192e+00 +9.366468192e+00 -1.8756e+00 -5.1603e+00
1520 0 +2.425240824e+00 +9.295240824e+00 +9.295240824e+00 -1.8512e+00 -5.1748e+00
1531 0 +1.795880514e+00 +8.665880514e+00 +8.665880514e+00 -1.8591e+00 -5.1695e+00
1538 0 +1.695074380e+00 +8.565074380e+00 +8.565074380e+00 -1.8630e+00 -5.1667e+00
1543 0 +1.352520462e+00 +8.222520462e+00 +8.222520462e+00 -1.8699e+00 -5.1623e+00
1544 0 +8.357385150e-01 +7.705738515e+00 +7.705738515e+00 -1.8793e+00 -5.1562e+00
1557 0 +3.679408907e-01 +7.237940891e+00 +7.237940891e+00 -1.8814e+00 -5.1545e+00
1582 0 +3.256370713e-01 +7.195637071e+00 +7.195637071e+00 -1.8811e+00 -5.1547e+00
1586 0 +2.789442282e-01 +7.148944228e+00 +7.148944228e+00 -1.8821e+00 -5.1539e+00
1587 0 +1.045880817e-01 +6.974588082e+00 +6.974588082e+00 -1.8811e+00 -5.1545e+00
1640 0 +7.043631947e-02 +6.940436319e+00 +6.940436319e+00 -1.8812e+00 -5.1544e+00
1661 0 +6.575863666e-02 +6.935758637e+00 +6.935758637e+00 -1.8816e+00 -5.1541e+00
1669 0 +5.110389335e-02 +6.921103893e+00 +6.921103893e+00 -1.8816e+00 -5.1541e+00
1671 0 +3.723765800e-02 +6.907237658e+00 +6.907237658e+00 -1.8815e+00 -5.1542e+00
1682 0 +2.723636048e-02 +6.897236360e+00 +6.897236360e+00 -1.8815e+00 -5.1542e+00
1693 0 +2.432306943e-02 +6.894323069e+00 +6.894323069e+00 -1.8815e+00 -5.1542e+00
1757 0 +2.385670645e-02 +6.893856706e+00 +6.893856706e+00 -1.8815e+00 -5.1542e+00
% f evaluations | g evaluations | best noise-free fitness - Fopt (1.000000000000e-02) + sum g_i+ | measured fitness | best measured fitness or single-digit g-values | x1 | x2...
1 0 +5.200637748e+01 +5.201637748e+01 +5.201637748e+01 +1.4415e+00 -1.7157e+00
2 0 +1.887529600e+01 +1.888529600e+01 +1.888529600e+01 -6.0357e-01 -1.5107e+00
5 0 +5.234298053e+00 +5.244298053e+00 +5.244298053e+00 -2.8509e+00 -3.1001e+00
67 0 +4.733060432e+00 +4.743060432e+00 +4.743060432e+00 -1.4580e+00 -3.6690e-01
90 0 +3.278716483e+00 +3.288716483e+00 +3.288716483e+00 +2.9281e+00 +1.9030e-01
228 0 +1.725589228e+00 +1.735589228e+00 +1.735589228e+00 -3.9775e+00 +3.3130e+00
% f evaluations | g evaluations | best noise-free fitness - Fopt (-1.306100000000e+02) + sum g_i+ | measured fitness | best measured fitness or single-digit g-values | x1 | x2...
1 0 +1.143824010e+01 -1.191717599e+02 -1.191717599e+02 -2.0189e+00 +2.9293e+00
11 0 +5.871181566e+00 -1.247388184e+02 -1.247388184e+02 +1.1967e+00 +3.3236e+00
71 0 +5.331723621e+00 -1.252782764e+02 -1.252782764e+02 +1.2900e+00 +1.8571e+00
135 0 +3.836979825e+00 -1.267730202e+02 -1.267730202e+02 -7.4677e-01 +2.5655e+00
269 0 +1.906558236e+00 -1.287034418e+02 -1.287034418e+02 -3.4702e-01 +1.6938e+00
384 0 +1.646522153e+00 -1.289634778e+02 -1.289634778e+02 -9.7769e-02 +1.0186e+00
445 0 +1.401918069e+00 -1.292080819e+02 -1.292080819e+02 -2.7818e-02 +9.2711e-01
451 0 +1.226629451e+00 -1.293833705e+02 -1.293833705e+02 +2.6524e-01 +5.2864e-01
519 0 +1.024291260e+00 -1.295857087e+02 -1.295857087e+02 -2.9301e-02 +9.2757e-01
526 0 +9.321264458e-01 -1.296778736e+02 -1.296778736e+02 -2.9149e-02 +9.2725e-01
566 0 +8.538969034e-01 -1.297561031e+02 -1.297561031e+02 +1.9226e-01 +6.2587e-01
593 0 +3.970684827e-01 -1.302129315e+02 -1.302129315e+02 +1.9298e-01 +6.2576e-01
621 0 +3.012827426e-01 -1.303087173e+02 -1.303087173e+02 +1.9320e-01 +6.2483e-01
666 0 +2.124616875e-01 -1.303975383e+02 -1.303975383e+02 +1.9376e-01 +6.2404e-01
678 0 +2.072528534e-01 -1.304027471e+02 -1.304027471e+02 +1.9374e-01 +6.2402e-01
688 0 +1.285270467e-01 -1.304814730e+02 -1.304814730e+02 +1.9363e-01 +6.2420e-01
702 0 +1.110807690e-01 -1.304989192e+02 -1.304989192e+02 +1.9349e-01 +6.2445e-01
709 0 +8.826757826e-02 -1.305217324e+02 -1.305217324e+02 +1.9359e-01 +6.2436e-01
712 0 +8.673149464e-02 -1.305232685e+02 -1.305232685e+02 +1.9360e-01 +6.2441e-01
732 0 +6.958632673e-02 -1.305404137e+02 -1.305404137e+02 +1.9357e-01 +6.2441e-01
743 0 +4.601002540e-02 -1.305639900e+02 -1.305639900e+02 +1.9354e-01 +6.2446e-01
757 0 +3.700895733e-02 -1.305729910e+02 -1.305729910e+02 +1.9353e-01 +6.2448e-01
770 0 +2.808993893e-02 -1.305819101e+02 -1.305819101e+02 +1.9352e-01 +6.2453e-01
784 0 +1.554291711e-02 -1.305944571e+02 -1.305944571e+02 +1.9351e-01 +6.2458e-01
795 0 +5.976457190e-03 -1.306040235e+02 -1.306040235e+02 +1.9350e-01 +6.2462e-01
841 0 +4.705552566e-03 -1.306052944e+02 -1.306052944e+02 +1.9351e-01 +6.2461e-01
847 0 +3.630545569e-03 -1.306063695e+02 -1.306063695e+02 +1.9351e-01 +6.2461e-01
856 0 +3.369429690e-03 -1.306066306e+02 -1.306066306e+02 +1.9351e-01 +6.2461e-01
857 0 +2.511851279e-03 -1.306074881e+02 -1.306074881e+02 +1.9350e-01 +6.2461e-01
865 0 +2.342944708e-03 -1.306076571e+02 -1.306076571e+02 +1.9350e-01 +6.2461e-01
869 0 +2.284865378e-03 -1.306077151e+02 -1.306077151e+02 +1.9350e-01 +6.2462e-01
871 0 +1.656150924e-03 -1.306083438e+02 -1.306083438e+02 +1.9350e-01 +6.2461e-01
879 0 +1.611660368e-03 -1.306083883e+02 -1.306083883e+02 +1.9350e-01 +6.2461e-01
883 0 +1.473016312e-03 -1.306085270e+02 -1.306085270e+02 +1.9350e-01 +6.2461e-01
884 0 +4.894382906e-04 -1.306095106e+02 -1.306095106e+02 +1.9350e-01 +6.2461e-01
896 0 +1.886440133e-04 -1.306098114e+02 -1.306098114e+02 +1.9350e-01 +6.2461e-01
912 0 +1.691384435e-04 -1.306098309e+02 -1.306098309e+02 +1.9350e-01 +6.2461e-01
920 0 +1.142257215e-04 -1.306098858e+02 -1.306098858e+02 +1.9350e-01 +6.2461e-01
940 0 +1.104595457e-04 -1.306098895e+02 -1.306098895e+02 +1.9350e-01 +6.2461e-01
941 0 +8.593991453e-05 -1.306099141e+02 -1.306099141e+02 +1.9350e-01 +6.2461e-01
947 0 +5.827771892e-05 -1.306099417e+02 -1.306099417e+02 +1.9350e-01 +6.2461e-01
953 0 +2.445303812e-05 -1.306099755e+02 -1.306099755e+02 +1.9350e-01 +6.2461e-01
982 0 +1.756465241e-05 -1.306099824e+02 -1.306099824e+02 +1.9350e-01 +6.2461e-01
985 0 +1.713721429e-05 -1.306099829e+02 -1.306099829e+02 +1.9350e-01 +6.2461e-01
988 0 +1.127848952e-05 -1.306099887e+02 -1.306099887e+02 +1.9350e-01 +6.2461e-01
990 0 +1.070017422e-05 -1.306099893e+02 -1.306099893e+02 +1.9350e-01 +6.2461e-01
997 0 +9.348425522e-06 -1.306099907e+02 -1.306099907e+02 +1.9350e-01 +6.2461e-01
1005 0 +9.263424545e-06 -1.306099907e+02 -1.306099907e+02 +1.9350e-01 +6.2461e-01
1011 0 +8.985107399e-06 -1.306099910e+02 -1.306099910e+02 +1.9350e-01 +6.2461e-01
1013 0 +4.164642775e-06 -1.306099958e+02 -1.306099958e+02 +1.9350e-01 +6.2461e-01
1022 0 +2.904758588e-06 -1.306099971e+02 -1.306099971e+02 +1.9350e-01 +6.2461e-01
1026 0 +1.620101699e-06 -1.306099984e+02 -1.306099984e+02 +1.9350e-01 +6.2461e-01
1043 0 +1.466236569e-06 -1.306099985e+02 -1.306099985e+02 +1.9350e-01 +6.2461e-01
1050 0 +9.463677202e-07 -1.306099991e+02 -1.306099991e+02 +1.9350e-01 +6.2461e-01
1056 0 +5.047630793e-07 -1.306099995e+02 -1.306099995e+02 +1.9350e-01 +6.2461e-01
1058 0 +3.826528712e-07 -1.306099996e+02 -1.306099996e+02 +1.9350e-01 +6.2461e-01
1075 0 +2.991249630e-07 -1.306099997e+02 -1.306099997e+02 +1.9350e-01 +6.2461e-01
1082 0 +2.609752983e-07 -1.306099997e+02 -1.306099997e+02 +1.9350e-01 +6.2461e-01
1108 0 +2.355999129e-07 -1.306099998e+02 -1.306099998e+02 +1.9350e-01 +6.2461e-01
1109 0 +5.959734040e-08 -1.306099999e+02 -1.306099999e+02 +1.9350e-01 +6.2461e-01
1126 0 +5.027001748e-08 -1.306099999e+02 -1.306099999e+02 +1.9350e-01 +6.2461e-01
1149 0 +3.608079169e-08 -1.306100000e+02 -1.306100000e+02 +1.9350e-01 +6.2461e-01
1152 0 +3.213250466e-08 -1.306100000e+02 -1.306100000e+02 +1.9350e-01 +6.2461e-01
1153 0 +2.600998528e-08 -1.306100000e+02 -1.306100000e+02 +1.9350e-01 +6.2461e-01
1158 0 +2.179879743e-08 -1.306100000e+02 -1.306100000e+02 +1.9350e-01 +6.2461e-01
1165 0 +1.971983465e-09 -1.306100000e+02 -1.306100000e+02 +1.9350e-01 +6.2461e-01
% f evaluations | g evaluations | best noise-free fitness - Fopt (-2.231200000000e+02) + sum g_i+ | measured fitness | best measured fitness or single-digit g-values | x1 | x2...
1 0 +1.597518664e+01 -2.071448134e+02 -2.071448134e+02 +1.9976e+00 -6.2480e-01
2 0 +1.036540263e+01 -2.127545974e+02 -2.127545974e+02 +4.1573e+00 +3.5702e+00
16 0 +4.985900662e+00 -2.181340993e+02 -2.181340993e+02 +4.2510e-01 -1.0441e+00
96 0 +4.202857443e+00 -2.189171426e+02 -2.189171426e+02 +5.3605e-01 -6.8750e-01
224 0 +4.057397138e+00 -2.190626029e+02 -2.190626029e+02 +5.7034e-01 -8.4743e-01
289 0 +3.461880936e+00 -2.196581191e+02 -2.196581191e+02 +6.8518e-01 -1.4406e+00
404 0 +1.058188834e+00 -2.220618112e+02 -2.220618112e+02 +3.7801e-01 +2.4087e-01
% f evaluations | g evaluations | best noise-free fitness - Fopt (-4.443000000000e+01) + sum g_i+ | measured fitness | best measured fitness or single-digit g-values | x1 | x2...
1 0 +4.911816990e+01 +4.688169904e+00 +4.688169904e+00 -5.4854e-01 -1.1364e+00
3 0 +3.908166277e+01 -5.348337226e+00 -5.348337226e+00 +2.7013e+00 +2.7681e+00
4 0 +3.213919544e+01 -1.229080456e+01 -1.229080456e+01 -1.6249e+00 -6.5468e-01
6 0 +2.523192174e+01 -1.919807826e+01 -1.919807826e+01 -2.8154e-01 -9.7761e-01
9 0 +1.520364122e+01 -2.922635878e+01 -2.922635878e+01 -1.2273e+00 -1.2696e+00
14 0 +5.891703086e+00 -3.853829691e+01 -3.853829691e+01 +1.8127e+00 -4.8537e-01
46 0 +3.953205560e+00 -4.047679444e+01 -4.047679444e+01 +6.9773e-01 -1.7017e+00
123 0 +2.801059723e+00 -4.162894028e+01 -4.162894028e+01 +1.9825e+00 -3.3651e+00
277 0 +5.805338499e-01 -4.384946615e+01 -4.384946615e+01 +2.3246e+00 -4.7307e+00
498 0 +4.889173303e-01 -4.394108267e+01 -4.394108267e+01 +2.2607e+00 -4.7639e+00
559 0 +4.091846376e-01 -4.402081536e+01 -4.402081536e+01 +2.2584e+00 -4.7614e+00
560 0 +2.587882403e-01 -4.417121176e+01 -4.417121176e+01 +2.2577e+00 -4.7604e+00
574 0 +1.425609931e-01 -4.428743901e+01 -4.428743901e+01 +2.2585e+00 -4.7614e+00
595 0 +1.034417766e-01 -4.432655822e+01 -4.432655822e+01 +2.2592e+00 -4.7620e+00
596 0 +6.766507793e-02 -4.436233492e+01 -4.436233492e+01 +2.2588e+00 -4.7617e+00
621 0 +5.005837509e-02 -4.437994162e+01 -4.437994162e+01 +2.2587e+00 -4.7616e+00
638 0 +3.484896060e-02 -4.439515104e+01 -4.439515104e+01 +2.2588e+00 -4.7617e+00
640 0 +2.598941632e-02 -4.440401058e+01 -4.440401058e+01 +2.2588e+00 -4.7617e+00
651 0 +2.159975250e-02 -4.440840025e+01 -4.440840025e+01 +2.2588e+00 -4.7616e+00
657 0 +9.905262901e-03 -4.442009474e+01 -4.442009474e+01 +2.2588e+00 -4.7617e+00
678 0 +6.133983355e-03 -4.442386602e+01 -4.442386602e+01 +2.2588e+00 -4.7617e+00
688 0 +2.307175085e-03 -4.442769282e+01 -4.442769282e+01 +2.2588e+00 -4.7617e+00
748 0 +2.119519781e-03 -4.442788048e+01 -4.442788048e+01 +2.2588e+00 -4.7617e+00
763 0 +8.472443284e-04 -4.442915276e+01 -4.442915276e+01 +2.2588e+00 -4.7617e+00
777 0 +1.461890846e-04 -4.442985381e+01 -4.442985381e+01 +2.2588e+00 -4.7617e+00
821 0 +7.723205961e-05 -4.442992277e+01 -4.442992277e+01 +2.2588e+00 -4.7617e+00
827 0 +6.658764327e-05 -4.442993341e+01 -4.442993341e+01 +2.2588e+00 -4.7617e+00
832 0 +1.375594677e-05 -4.442998624e+01 -4.442998624e+01 +2.2588e+00 -4.7617e+00
861 0 +9.797939953e-06 -4.442999020e+01 -4.442999020e+01 +2.2588e+00 -4.7617e+00
881 0 +7.180409305e-06 -4.442999282e+01 -4.442999282e+01 +2.2588e+00 -4.7617e+00
895 0 +3.539266601e-06 -4.442999646e+01 -4.442999646e+01 +2.2588e+00 -4.7617e+00
927 0 +3.124682223e-06 -4.442999688e+01 -4.442999688e+01 +2.2588e+00 -4.7617e+00
931 0 +2.343698149e-06 -4.442999766e+01 -4.442999766e+01 +2.2588e+00 -4.7617e+00
940 0 +1.952938156e-06 -4.442999805e+01 -4.442999805e+01 +2.2588e+00 -4.7617e+00
942 0 +1.400005317e-06 -4.442999860e+01 -4.442999860e+01 +2.2588e+00 -4.7617e+00
946 0 +1.110461270e-06 -4.442999889e+01 -4.442999889e+01 +2.2588e+00 -4.7617e+00
949 0 +8.232711721e-07 -4.442999918e+01 -4.442999918e+01 +2.2588e+00 -4.7617e+00
955 0 +3.098054719e-07 -4.442999969e+01 -4.442999969e+01 +2.2588e+00 -4.7617e+00
967 0 +2.124016802e-07 -4.442999979e+01 -4.442999979e+01 +2.2588e+00 -4.7617e+00
986 0 +1.026697305e-07 -4.442999990e+01 -4.442999990e+01 +2.2588e+00 -4.7617e+00
1005 0 +7.253652967e-08 -4.442999993e+01 -4.442999993e+01 +2.2588e+00 -4.7617e+00
1017 0 +6.134788322e-08 -4.442999994e+01 -4.442999994e+01 +2.2588e+00 -4.7617e+00
1031 0 +4.774296514e-08 -4.442999995e+01 -4.442999995e+01 +2.2588e+00 -4.7617e+00
1034 0 +3.820742478e-08 -4.442999996e+01 -4.442999996e+01 +2.2588e+00 -4.7617e+00
1043 0 +1.849009834e-08 -4.442999998e+01 -4.442999998e+01 +2.2588e+00 -4.7617e+00
1046 0 +1.434819552e-08 -4.442999999e+01 -4.442999999e+01 +2.2588e+00 -4.7617e+00
1066 0 +5.805837588e-09 -4.442999999e+01 -4.442999999e+01 +2.2588e+00 -4.7617e+00
% f evaluations | g evaluations | best noise-free fitness - Fopt (-2.618400000000e+02) + sum g_i+ | measured fitness | best measured fitness or single-digit g-values | x1 | x2...
1 0 +6.198736250e+01 -1.998526375e+02 -1.998526375e+02 +6.7597e-01 -7.6383e-01
3 0 +5.462131718e+01 -2.072186828e+02 -2.072186828e+02 -1.6799e+00 +1.3573e+00
4 0 +1.631174643e+01 -2.455282536e+02 -2.455282536e+02 +4.8591e-01 -7.9435e-02
19 0 +1.449922220e+01 -2.473407778e+02 -2.473407778e+02 -2.4165e+00 -2.8269e+00
28 0 +6.792271886e+00 -2.550477281e+02 -2.550477281e+02 -1.9184e+00 -2.6469e+00
98 0 +6.221768878e+00 -2.556182311e+02 -2.556182311e+02 -1.3931e+00 -2.8351e+00
143 0 +4.142958745e+00 -2.576970413e+02 -2.576970413e+02 -1.3284e+00 -1.6602e+00
182 0 +3.381522064e+00 -2.584584779e+02 -2.584584779e+02 -1.5558e+00 -2.0577e+00
309 0 +2.477789849e+00 -2.593622102e+02 -2.593622102e+02 -1.5520e+00 -2.0800e+00
321 0 +1.522007827e+00 -2.603179922e+02 -2.603179922e+02 -1.5529e+00 -2.0685e+00
326 0 +1.303493134e+00 -2.605365069e+02 -2.605365069e+02 -1.5531e+00 -2.0608e+00
344 0 +1.254836550e+00 -2.605851634e+02 -2.605851634e+02 -1.5537e+00 -2.0684e+00
366 0 +1.010751136e+00 -2.608292489e+02 -2.608292489e+02 -1.5530e+00 -2.0740e+00
446 0 +9.504638487e-01 -2.608895362e+02 -2.608895362e+02 -1.5529e+00 -2.0737e+00
457 0 +5.642000984e-01 -2.612757999e+02 -2.612757999e+02 -1.5537e+00 -2.0655e+00
469 0 +1.046370915e-01 -2.617353629e+02 -2.617353629e+02 -1.5539e+00 -2.0606e+00
502 0 +9.185599004e-02 -2.617481440e+02 -2.617481440e+02 -1.5538e+00 -2.0613e+00
530 0 +5.416377726e-02 -2.617858362e+02 -2.617858362e+02 -1.5538e+00 -2.0618e+00
541 0 +4.744607607e-02 -2.617925539e+02 -2.617925539e+02 -1.5538e+00 -2.0614e+00
566 0 +3.791831161e-02 -2.618020817e+02 -2.618020817e+02 -1.5538e+00 -2.0616e+00
571 0 +2.309012107e-02 -2.618169099e+02 -2.618169099e+02 -1.5538e+00 -2.0616e+00
577 0 +7.841439727e-03 -2.618321586e+02 -2.618321586e+02 -1.5538e+00 -2.0615e+00
578 0 +3.881085370e-03 -2.618361189e+02 -2.618361189e+02 -1.5538e+00 -2.0615e+00
625 0 +1.213695772e-03 -2.618387863e+02 -2.618387863e+02 -1.5538e+00 -2.0615e+00
652 0 +1.094787435e-04 -2.618398905e+02 -2.618398905e+02 -1.5538e+00 -2.0615e+00
676 0 +1.966563661e-05 -2.618399803e+02 -2.618399803e+02 -1.5538e+00 -2.0615e+00
757 0 +1.670166023e-05 -2.618399833e+02 -2.618399833e+02 -1.5538e+00 -2.0615e+00
769 0 +1.156167019e-05 -2.618399884e+02 -2.618399884e+02 -1.5538e+00 -2.0615e+00
786 0 +8.887226613e-06 -2.618399911e+02 -2.618399911e+02 -1.5538e+00 -2.0615e+00
791 0 +7.362655651e-06 -2.618399926e+02 -2.618399926e+02 -1.5538e+00 -2.0615e+00
818 0 +5.525030701e-06 -2.618399945e+02 -2.618399945e+02 -1.5538e+00 -2.0615e+00
821 0 +4.898254190e-06 -2.618399951e+02 -2.618399951e+02 -1.5538e+00 -2.0615e+00
823 0 +2.555730759e-06 -2.618399974e+02 -2.618399974e+02 -1.5538e+00 -2.0615e+00
847 0 +8.781250926e-07 -2.618399991e+02 -2.618399991e+02 -1.5538e+00 -2.0615e+00
861 0 +3.007598934e-07 -2.618399997e+02 -2.618399997e+02 -1.5538e+00 -2.0615e+00
875 0 +1.805416332e-07 -2.618399998e+02 -2.618399998e+02 -1.5538e+00 -2.0615e+00
906 0 +8.241727301e-09 -2.618400000e+02 -2.618400000e+02 -1.5538e+00 -2.0615e+00
% f evaluations | g evaluations | best noise-free fitness - Fopt (-1.707000000000e+02) + sum g_i+ | measured fitness | best measured fitness or single-digit g-values | x1 | x2...
1 0 +5.175945904e+00 -1.655240541e+02 -1.655240541e+02 -1.2701e-01 +4.8245e+00
87 0 +1.135276275e+00 -1.695647237e+02 -1.695647237e+02 -3.5376e+00 +4.6964e+00
% f evaluations | g evaluations | best noise-free fitness - Fopt (1.970000000000e+00) + sum g_i+ | measured fitness | best measured fitness or single-digit g-values | x1 | x2...
1 0 +2.172980124e+01 +2.369980124e+01 +2.369980124e+01 -8.1213e-01 -2.0812e+00
2 0 +1.586260214e+01 +1.783260214e+01 +1.783260214e+01 +1.3916e+00 +9.6237e-01
14 0 +1.582392121e+01 +1.779392121e+01 +1.779392121e+01 -6.4200e+00 +4.2379e+00
19 0 +3.692389116e+00 +5.662389116e+00 +5.662389116e+00 -1.5457e+00 +4.0647e+00
49 0 +1.135835294e+00 +3.105835294e+00 +3.105835294e+00 +3.5431e+00 +5.1041e+00
440 0 +9.269751332e-01 +2.896975133e+00 +2.896975133e+00 +1.4627e+00 +1.5911e+00
457 0 +3.093515435e-01 +2.279351544e+00 +2.279351544e+00 +1.4639e+00 +1.5899e+00
478 0 +2.489648442e-01 +2.218964844e+00 +2.218964844e+00 +1.4634e+00 +1.5906e+00
482 0 +1.412110342e-01 +2.111211034e+00 +2.111211034e+00 +1.4639e+00 +1.5895e+00
494 0 +9.661096434e-02 +2.066610964e+00 +2.066610964e+00 +1.4638e+00 +1.5896e+00
516 0 +7.759794867e-02 +2.047597949e+00 +2.047597949e+00 +1.4637e+00 +1.5896e+00
562 0 +6.722918441e-02 +2.037229184e+00 +2.037229184e+00 +1.4636e+00 +1.5900e+00
570 0 +4.433438169e-02 +2.014334382e+00 +2.014334382e+00 +1.4637e+00 +1.5899e+00
572 0 +3.541662433e-02 +2.005416624e+00 +2.005416624e+00 +1.4637e+00 +1.5897e+00
587 0 +3.091384341e-02 +2.000913843e+00 +2.000913843e+00 +1.4637e+00 +1.5898e+00
591 0 +2.729662079e-02 +1.997296621e+00 +1.997296621e+00 +1.4637e+00 +1.5899e+00
599 0 +2.688907247e-02 +1.996889072e+00 +1.996889072e+00 +1.4637e+00 +1.5898e+00
607 0 +2.472729095e-02 +1.994727291e+00 +1.994727291e+00 +1.4637e+00 +1.5898e+00
609 0 +1.603972421e-02 +1.986039724e+00 +1.986039724e+00 +1.4637e+00 +1.5898e+00
618 0 +4.579471258e-03 +1.974579471e+00 +1.974579471e+00 +1.4637e+00 +1.5898e+00
656 0 +3.952886586e-03 +1.973952887e+00 +1.973952887e+00 +1.4637e+00 +1.5898e+00
660 0 +3.472146232e-03 +1.973472146e+00 +1.973472146e+00 +1.4637e+00 +1.5898e+00
666 0 +2.365412703e-03 +1.972365413e+00 +1.972365413e+00 +1.4637e+00 +1.5898e+00
672 0 +1.661696428e-03 +1.971661696e+00 +1.971661696e+00 +1.4637e+00 +1.5898e+00
683 0 +1.072399673e-03 +1.971072400e+00 +1.971072400e+00 +1.4637e+00 +1.5898e+00
686 0 +7.816084075e-04 +1.970781608e+00 +1.970781608e+00 +1.4637e+00 +1.5898e+00
692 0 +7.301834073e-04 +1.970730183e+00 +1.970730183e+00 +1.4637e+00 +1.5898e+00
694 0 +5.827362460e-04 +1.970582736e+00 +1.970582736e+00 +1.4637e+00 +1.5898e+00
700 0 +2.440550437e-04 +1.970244055e+00 +1.970244055e+00 +1.4637e+00 +1.5898e+00
705 0 +1.353951937e-04 +1.970135395e+00 +1.970135395e+00 +1.4637e+00 +1.5898e+00
721 0 +1.053631152e-04 +1.970105363e+00 +1.970105363e+00 +1.4637e+00 +1.5898e+00
755 0 +2.367147147e-05 +1.970023671e+00 +1.970023671e+00 +1.4637e+00 +1.5898e+00
785 0 +1.983913192e-05 +1.970019839e+00 +1.970019839e+00 +1.4637e+00 +1.5898e+00
786 0 +1.700305363e-05 +1.970017003e+00 +1.970017003e+00 +1.4637e+00 +1.5898e+00
796 0 +9.298255338e-06 +1.970009298e+00 +1.970009298e+00 +1.4637e+00 +1.5898e+00
809 0 +5.050673149e-06 +1.970005051e+00 +1.970005051e+00 +1.4637e+00 +1.5898e+00
842 0 +4.821080103e-06 +1.970004821e+00 +1.970004821e+00 +1.4637e+00 +1.5898e+00
848 0 +3.027483494e-06 +1.970003027e+00 +1.970003027e+00 +1.4637e+00 +1.5898e+00
868 0 +2.405659963e-06 +1.970002406e+00 +1.970002406e+00 +1.4637e+00 +1.5898e+00
870 0 +1.761572382e-06 +1.970001762e+00 +1.970001762e+00 +1.4637e+00 +1.5898e+00
875 0 +1.367941876e-06 +1.970001368e+00 +1.970001368e+00 +1.4637e+00 +1.5898e+00
880 0 +3.966018352e-07 +1.970000397e+00 +1.970000397e+00 +1.4637e+00 +1.5898e+00
899 0 +3.630870615e-07 +1.970000363e+00 +1.970000363e+00 +1.4637e+00 +1.5898e+00
904 0 +3.425692330e-07 +1.970000343e+00 +1.970000343e+00 +1.4637e+00 +1.5898e+00
907 0 +2.277740652e-07 +1.970000228e+00 +1.970000228e+00 +1.4637e+00 +1.5898e+00
922 0 +1.650440418e-07 +1.970000165e+00 +1.970000165e+00 +1.4637e+00 +1.5898e+00
925 0 +1.213782974e-07 +1.970000121e+00 +1.970000121e+00 +1.4637e+00 +1.5898e+00
935 0 +7.432363835e-08 +1.970000074e+00 +1.970000074e+00 +1.4637e+00 +1.5898e+00
962 0 +4.547987253e-08 +1.970000045e+00 +1.970000045e+00 +1.4637e+00 +1.5898e+00
966 0 +2.211673400e-08 +1.970000022e+00 +1.970000022e+00 +1.4637e+00 +1.5898e+00
974 0 +1.329292676e-08 +1.970000013e+00 +1.970000013e+00 +1.4637e+00 +1.5898e+00
991 0 +1.148795947e-08 +1.970000011e+00 +1.970000011e+00 +1.4637e+00 +1.5898e+00
1005 0 +8.296171972e-09 +1.970000008e+00 +1.970000008e+00 +1.4637e+00 +1.5898e+00
% f evaluations | g evaluations | best noise-free fitness - Fopt (3.808900000000e+02) + sum g_i+ | measured fitness | best measured fitness or single-digit g-values | x1 | x2...
1 0 +7.970936462e+00 +3.888609365e+02 +3.888609365e+02 +1.9035e+00 -1.6598e+00
11 0 +5.596113958e+00 +3.864861140e+02 +3.864861140e+02 +2.0562e+00 +3.0904e-01
52 0 +4.678566357e+00 +3.855685664e+02 +3.855685664e+02 -1.6344e+00 +3.3838e-01
102 0 +2.803180888e+00 +3.836931809e+02 +3.836931809e+02 -3.0142e+00 +3.8528e-01
286 0 +2.508497398e+00 +3.833984974e+02 +3.833984974e+02 +1.9200e+00 +1.2909e+00
306 0 +2.094825530e+00 +3.829848255e+02 +3.829848255e+02 +2.8870e+00 +1.2947e+00
512 0 +1.523974283e+00 +3.824139743e+02 +3.824139743e+02 +2.3050e+00 +1.2441e+00
517 0 +1.390034104e+00 +3.822800341e+02 +3.822800341e+02 +2.3302e+00 +1.2415e+00
572 0 +1.206032834e+00 +3.820960328e+02 +3.820960328e+02 +2.3251e+00 +1.2418e+00
582 0 +4.208164518e-01 +3.813108165e+02 +3.813108165e+02 +2.3205e+00 +1.2425e+00
588 0 +7.941096794e-02 +3.809694110e+02 +3.809694110e+02 +2.3165e+00 +1.2430e+00
662 0 +5.845918382e-03 +3.808958459e+02 +3.808958459e+02 +2.3171e+00 +1.2429e+00
711 0 +4.219627309e-03 +3.808942196e+02 +3.808942196e+02 +2.3171e+00 +1.2429e+00
742 0 +2.689298579e-03 +3.808926893e+02 +3.808926893e+02 +2.3171e+00 +1.2429e+00
769 0 +1.535582334e-03 +3.808915356e+02 +3.808915356e+02 +2.3171e+00 +1.2429e+00
803 0 +9.297652055e-04 +3.808909298e+02 +3.808909298e+02 +2.3171e+00 +1.2429e+00
833 0 +7.768900613e-04 +3.808907769e+02 +3.808907769e+02 +2.3171e+00 +1.2429e+00
835 0 +6.894296378e-04 +3.808906894e+02 +3.808906894e+02 +2.3171e+00 +1.2429e+00
843 0 +3.730890923e-04 +3.808903731e+02 +3.808903731e+02 +2.3171e+00 +1.2429e+00
864 0 +1.378741071e-04 +3.808901379e+02 +3.808901379e+02 +2.3171e+00 +1.2429e+00
875 0 +1.298068248e-04 +3.808901298e+02 +3.808901298e+02 +2.3171e+00 +1.2429e+00
880 0 +4.978492456e-05 +3.808900498e+02 +3.808900498e+02 +2.3171e+00 +1.2429e+00
901 0 +4.813327791e-05 +3.808900481e+02 +3.808900481e+02 +2.3171e+00 +1.2429e+00
917 0 +6.474408622e-06 +3.808900065e+02 +3.808900065e+02 +2.3171e+00 +1.2429e+00
951 0 +4.317357366e-06 +3.808900043e+02 +3.808900043e+02 +2.3171e+00 +1.2429e+00
955 0 +2.713762228e-06 +3.808900027e+02 +3.808900027e+02 +2.3171e+00 +1.2429e+00
957 0 +1.225601920e-06 +3.808900012e+02 +3.808900012e+02 +2.3171e+00 +1.2429e+00
1012 0 +7.072118819e-07 +3.808900007e+02 +3.808900007e+02 +2.3171e+00 +1.2429e+00
1020 0 +5.716410669e-07 +3.808900006e+02 +3.808900006e+02 +2.3171e+00 +1.2429e+00
1028 0 +5.575526529e-07 +3.808900006e+02 +3.808900006e+02 +2.3171e+00 +1.2429e+00
1029 0 +2.439250579e-07 +3.808900002e+02 +3.808900002e+02 +2.3171e+00 +1.2429e+00
1044 0 +1.171935651e-07 +3.808900001e+02 +3.808900001e+02 +2.3171e+00 +1.2429e+00
1052 0 +7.720785788e-08 +3.808900001e+02 +3.808900001e+02 +2.3171e+00 +1.2429e+00
1059 0 +5.616368526e-08 +3.808900001e+02 +3.808900001e+02 +2.3171e+00 +1.2429e+00
1064 0 +1.922802539e-08 +3.808900000e+02 +3.808900000e+02 +2.3171e+00 +1.2429e+00
1091 0 +6.162110822e-09 +3.808900000e+02 +3.808900000e+02 +2.3171e+00 +1.2429e+00
% f evaluations | g evaluations | best noise-free fitness - Fopt (3.790000000000e+01) + sum g_i+ | measured fitness | best measured fitness or single-digit g-values | x1 | x2...
1 0 +5.336887986e+01 +9.126887986e+01 +9.126887986e+01 +2.7369e+00 +2.2954e-01
2 0 +4.019314661e+01 +7.809314661e+01 +7.809314661e+01 -1.9660e+00 -3.1764e+00
3 0 +2.576140897e+01 +6.366140897e+01 +6.366140897e+01 -1.6764e+00 +1.4867e+00
4 0 +1.595909889e+01 +5.385909889e+01 +5.385909889e+01 -7.6844e-01 -3.8630e-01
7 0 +5.266856658e+00 +4.316685666e+01 +4.316685666e+01 -3.9213e-01 +1.4989e+00
21 0 +5.065405506e+00 +4.296540551e+01 +4.296540551e+01 -1.6333e+00 +1.1728e+00
50 0 +4.832067571e+00 +4.273206757e+01 +4.273206757e+01 -9.8033e-01 +3.2784e+00
56 0 +2.320609013e+00 +4.022060901e+01 +4.022060901e+01 -9.6828e-01 +2.3372e+00
87 0 +1.200357928e+00 +3.910035793e+01 +3.910035793e+01 -8.5285e-01 +3.7145e+00
% f evaluations | g evaluations | best noise-free fitness - Fopt (3.759800000000e+02) + sum g_i+ | measured fitness | best measured fitness or single-digit g-values | x1 | x2...
1 0 +2.118703661e+01 +3.971670366e+02 +3.971670366e+02 +5.0998e+00 -2.4071e-01
5 0 +5.356466406e+00 +3.813364664e+02 +3.813364664e+02 -1.8163e+00 +3.5826e+00
16 0 +7.005583517e-01 +3.766805584e+02 +3.766805584e+02 -4.4238e-01 +1.7718e+00
395 0 +3.070798655e-01 +3.762870799e+02 +3.762870799e+02 -4.5704e+00 +2.3519e+00
613 0 +9.800265581e-02 +3.760780027e+02 +3.760780027e+02 -4.6519e+00 +2.2611e+00
641 0 +8.534533583e-02 +3.760653453e+02 +3.760653453e+02 -4.6520e+00 +2.2611e+00
663 0 +6.694880156e-02 +3.760469488e+02 +3.760469488e+02 -4.6527e+00 +2.2608e+00
688 0 +6.217643150e-02 +3.760421764e+02 +3.760421764e+02 -4.6526e+00 +2.2609e+00
692 0 +3.950769152e-02 +3.760195077e+02 +3.760195077e+02 -4.6524e+00 +2.2609e+00
716 0 +2.448916046e-02 +3.760044892e+02 +3.760044892e+02 -4.6522e+00 +2.2610e+00
725 0 +6.482338756e-03 +3.759864823e+02 +3.759864823e+02 -4.6523e+00 +2.2609e+00
760 0 +5.973989404e-03 +3.759859740e+02 +3.759859740e+02 -4.6523e+00 +2.2609e+00
801 0 +2.564285449e-03 +3.759825643e+02 +3.759825643e+02 -4.6523e+00 +2.2610e+00
804 0 +2.024270036e-03 +3.759820243e+02 +3.759820243e+02 -4.6523e+00 +2.2610e+00
807 0 +1.174305335e-03 +3.759811743e+02 +3.759811743e+02 -4.6523e+00 +2.2610e+00
834 0 +8.084717617e-04 +3.759808085e+02 +3.759808085e+02 -4.6523e+00 +2.2610e+00
862 0 +5.332515449e-04 +3.759805333e+02 +3.759805333e+02 -4.6523e+00 +2.2610e+00
868 0 +8.739323846e-05 +3.759800874e+02 +3.759800874e+02 -4.6523e+00 +2.2610e+00
906 0 +2.976545289e-05 +3.759800298e+02 +3.759800298e+02 -4.6523e+00 +2.2610e+00
936 0 +1.983273796e-05 +3.759800198e+02 +3.759800198e+02 -4.6523e+00 +2.2610e+00
940 0 +1.136513742e-05 +3.759800114e+02 +3.759800114e+02 -4.6523e+00 +2.2610e+00
965 0 +1.311528194e-06 +3.759800013e+02 +3.759800013e+02 -4.6523e+00 +2.2610e+00
1007 0 +9.450361631e-07 +3.759800009e+02 +3.759800009e+02 -4.6523e+00 +2.2610e+00
1031 0 +3.841316243e-07 +3.759800004e+02 +3.759800004e+02 -4.6523e+00 +2.2610e+00
1058 0 +1.687858457e-07 +3.759800002e+02 +3.759800002e+02 -4.6523e+00 +2.2610e+00
1077 0 +1.294249046e-07 +3.759800001e+02 +3.759800001e+02 -4.6523e+00 +2.2610e+00
1092 0 +9.311855820e-08 +3.759800001e+02 +3.759800001e+02 -4.6523e+00 +2.2610e+00
1097 0 +6.411778486e-08 +3.759800001e+02 +3.759800001e+02 -4.6523e+00 +2.2610e+00
1102 0 +5.299233408e-08 +3.759800001e+02 +3.759800001e+02 -4.6523e+00 +2.2610e+00
1114 0 +3.793525138e-08 +3.759800000e+02 +3.759800000e+02 -4.6523e+00 +2.2610e+00
1145 0 +3.685028105e-08 +3.759800000e+02 +3.759800000e+02 -4.6523e+00 +2.2610e+00
1153 0 +2.475923111e-08 +3.759800000e+02 +3.759800000e+02 -4.6523e+00 +2.2610e+00
1154 0 +1.380635695e-08 +3.759800000e+02 +3.759800000e+02 -4.6523e+00 +2.2610e+00
1173 0 +1.124487881e-08 +3.759800000e+02 +3.759800000e+02 -4.6523e+00 +2.2610e+00
1177 0 +4.552020982e-09 +3.759800000e+02 +3.759800000e+02 -4.6523e+00 +2.2610e+00
% f evaluations | g evaluations | best noise-free fitness - Fopt (-2.460000000000e+00) + sum g_i+ | measured fitness | best measured fitness or single-digit g-values | x1 | x2...
1 0 +1.421174701e+01 +1.175174701e+01 +1.175174701e+01 +1.9182e+00 +1.9406e+00
15 0 +6.440394708e+00 +3.980394708e+00 +3.980394708e+00 -2.4119e+00 -1.6065e+00
20 0 +2.873810903e+00 +4.138109026e-01 +4.138109026e-01 -4.8912e-01 +3.8000e+00
193 0 +1.590869214e+00 -8.691307862e-01 -8.691307862e-01 -1.2271e+00 +1.6914e+00
481 0 +1.418728657e+00 -1.041271343e+00 -1.041271343e+00 -2.4277e-01 +2.0218e+00
489 0 +1.370156295e+00 -1.089843705e+00 -1.089843705e+00 -2.4218e-01 +2.0218e+00
493 0 +1.068822793e+00 -1.391177207e+00 -1.391177207e+00 -2.4536e-01 +2.0193e+00
500 0 +8.579145774e-01 -1.602085423e+00 -1.602085423e+00 -2.4761e-01 +2.0174e+00
513 0 +8.406734074e-01 -1.619326593e+00 -1.619326593e+00 -2.4561e-01 +2.0208e+00
515 0 +6.131446262e-01 -1.846855374e+00 -1.846855374e+00 -2.4631e-01 +2.0192e+00
517 0 +5.717554491e-01 -1.888244551e+00 -1.888244551e+00 -2.4659e-01 +2.0193e+00
519 0 +5.333789698e-01 -1.926621030e+00 -1.926621030e+00 -2.4672e-01 +2.0191e+00
524 0 +3.273185286e-01 -2.132681471e+00 -2.132681471e+00 -2.4735e-01 +2.0187e+00
528 0 +2.153846741e-01 -2.244615326e+00 -2.244615326e+00 -2.4765e-01 +2.0181e+00
555 0 +1.988310706e-01 -2.261168929e+00 -2.261168929e+00 -2.4786e-01 +2.0178e+00
561 0 +1.732567975e-01 -2.286743203e+00 -2.286743203e+00 -2.4793e-01 +2.0178e+00
562 0 +1.288610912e-01 -2.331138909e+00 -2.331138909e+00 -2.4794e-01 +2.0179e+00
566 0 +9.045309124e-02 -2.369546909e+00 -2.369546909e+00 -2.4829e-01 +2.0175e+00
572 0 +3.958252980e-02 -2.420417470e+00 -2.420417470e+00 -2.4824e-01 +2.0176e+00
577 0 +3.612728354e-02 -2.423872716e+00 -2.423872716e+00 -2.4817e-01 +2.0177e+00
598 0 +2.608258132e-02 -2.433917419e+00 -2.433917419e+00 -2.4824e-01 +2.0176e+00
602 0 +1.774003880e-03 -2.458225996e+00 -2.458225996e+00 -2.4825e-01 +2.0176e+00
675 0 +1.612103388e-03 -2.458387897e+00 -2.458387897e+00 -2.4824e-01 +2.0176e+00
686 0 +2.289144432e-04 -2.459771086e+00 -2.459771086e+00 -2.4824e-01 +2.0176e+00
695 0 +2.011878528e-04 -2.459798812e+00 -2.459798812e+00 -2.4824e-01 +2.0176e+00
705 0 +1.847191759e-04 -2.459815281e+00 -2.459815281e+00 -2.4824e-01 +2.0176e+00
707 0 +1.734648791e-04 -2.459826535e+00 -2.459826535e+00 -2.4824e-01 +2.0176e+00
733 0 +1.048172234e-04 -2.459895183e+00 -2.459895183e+00 -2.4824e-01 +2.0176e+00
751 0 +3.165851823e-05 -2.459968341e+00 -2.459968341e+00 -2.4824e-01 +2.0176e+00
755 0 +7.173432579e-06 -2.459992827e+00 -2.459992827e+00 -2.4824e-01 +2.0176e+00
794 0 +3.547942926e-06 -2.459996452e+00 -2.459996452e+00 -2.4824e-01 +2.0176e+00
817 0 +3.290570577e-06 -2.459996709e+00 -2.459996709e+00 -2.4824e-01 +2.0176e+00
823 0 +1.221515773e-06 -2.459998778e+00 -2.459998778e+00 -2.4824e-01 +2.0176e+00
852 0 +1.046832185e-06 -2.459998953e+00 -2.459998953e+00 -2.4824e-01 +2.0176e+00
854 0 +8.971465992e-07 -2.459999103e+00 -2.459999103e+00 -2.4824e-01 +2.0176e+00
865 0 +7.769837862e-07 -2.459999223e+00 -2.459999223e+00 -2.4824e-01 +2.0176e+00
867 0 +5.870716802e-07 -2.459999413e+00 -2.459999413e+00 -2.4824e-01 +2.0176e+00
875 0 +4.905633655e-07 -2.459999509e+00 -2.459999509e+00 -2.4824e-01 +2.0176e+00
877 0 +3.781628037e-07 -2.459999622e+00 -2.459999622e+00 -2.4824e-01 +2.0176e+00
878 0 +3.257078127e-07 -2.459999674e+00 -2.459999674e+00 -2.4824e-01 +2.0176e+00
883 0 +2.088101478e-07 -2.459999791e+00 -2.459999791e+00 -2.4824e-01 +2.0176e+00
891 0 +1.823425926e-07 -2.459999818e+00 -2.459999818e+00 -2.4824e-01 +2.0176e+00
892 0 +1.263288145e-07 -2.459999874e+00 -2.459999874e+00 -2.4824e-01 +2.0176e+00
899 0 +1.183660485e-07 -2.459999882e+00 -2.459999882e+00 -2.4824e-01 +2.0176e+00
900 0 +1.149544393e-07 -2.459999885e+00 -2.459999885e+00 -2.4824e-01 +2.0176e+00
905 0 +1.140512209e-07 -2.459999886e+00 -2.459999886e+00 -2.4824e-01 +2.0176e+00
909 0 +9.820977320e-08 -2.459999902e+00 -2.459999902e+00 -2.4824e-01 +2.0176e+00
910 0 +5.346490806e-08 -2.459999947e+00 -2.459999947e+00 -2.4824e-01 +2.0176e+00
920 0 +4.520646790e-08 -2.459999955e+00 -2.459999955e+00 -2.4824e-01 +2.0176e+00
937 0 +3.493274825e-08 -2.459999965e+00 -2.459999965e+00 -2.4824e-01 +2.0176e+00
942 0 +1.563542673e-08 -2.459999984e+00 -2.459999984e+00 -2.4824e-01 +2.0176e+00
947 0 +4.953455424e-09 -2.459999995e+00 -2.459999995e+00 -2.4824e-01 +2.0176e+00
% f evaluations | g evaluations | best noise-free fitness - Fopt (1.000000000000e+03) + sum g_i+ | measured fitness | best measured fitness or single-digit g-values | x1 | x2...
1 0 +3.693634891e+00 +1.003693635e+03 +1.003693635e+03 -7.2925e-01 +5.3661e-01
163 0 +1.333551479e+00 +1.001333551e+03 +1.001333551e+03 +3.3131e+00 -4.6146e+00
% f evaluations | g evaluations | best noise-free fitness - Fopt (-2.845100000000e+02) + sum g_i+ | measured fitness | best measured fitness or single-digit g-values | x1 | x2...
1 0 +4.837155004e+01 -2.361384500e+02 -2.361384500e+02 -1.9953e+00 -3.6802e-01
3 0 +1.297291972e+01 -2.715370803e+02 -2.715370803e+02 -2.0300e+00 -2.2476e+00
7 0 +1.208455852e+01 -2.724254415e+02 -2.724254415e+02 +1.9154e+00 -2.6886e+00
24 0 +7.051523551e+00 -2.774584764e+02 -2.774584764e+02 -2.2287e-01 +1.6815e+00
51 0 +6.530220146e+00 -2.779797799e+02 -2.779797799e+02 +1.1634e+00 -1.8653e+00
73 0 +5.735515567e+00 -2.787744844e+02 -2.787744844e+02 +1.8723e+00 -2.2370e+00
100 0 +1.333373689e+00 -2.831766263e+02 -2.831766263e+02 +3.1105e-01 -1.0270e+00
461 0 +9.092632388e-01 -2.836007368e+02 -2.836007368e+02 +7.9195e-01 -1.1669e+00
490 0 +4.374074704e-01 -2.840725925e+02 -2.840725925e+02 +7.8299e-01 -1.1658e+00
493 0 +3.299370503e-01 -2.841800629e+02 -2.841800629e+02 +7.8823e-01 -1.1665e+00
500 0 +2.450880761e-01 -2.842649119e+02 -2.842649119e+02 +7.8514e-01 -1.1661e+00
529 0 +1.697276944e-01 -2.843402723e+02 -2.843402723e+02 +7.8733e-01 -1.1664e+00
531 0 +1.108250543e-01 -2.843991749e+02 -2.843991749e+02 +7.8709e-01 -1.1664e+00
532 0 +8.052328909e-02 -2.844294767e+02 -2.844294767e+02 +7.8723e-01 -1.1664e+00
558 0 +7.179863940e-02 -2.844382014e+02 -2.844382014e+02 +7.8701e-01 -1.1664e+00
560 0 +5.146750003e-02 -2.844585325e+02 -2.844585325e+02 +7.8692e-01 -1.1664e+00
564 0 +3.080012324e-02 -2.844791999e+02 -2.844791999e+02 +7.8685e-01 -1.1664e+00
610 0 +2.184402879e-02 -2.844881560e+02 -2.844881560e+02 +7.8665e-01 -1.1663e+00
614 0 +6.608918059e-03 -2.845033911e+02 -2.845033911e+02 +7.8673e-01 -1.1663e+00
646 0 +5.941155222e-03 -2.845040588e+02 -2.845040588e+02 +7.8676e-01 -1.1664e+00
657 0 +5.237513999e-03 -2.845047625e+02 -2.845047625e+02 +7.8676e-01 -1.1664e+00
671 0 +4.822042657e-03 -2.845051780e+02 -2.845051780e+02 +7.8677e-01 -1.1664e+00
672 0 +1.896116357e-03 -2.845081039e+02 -2.845081039e+02 +7.8677e-01 -1.1664e+00
679 0 +1.486296991e-03 -2.845085137e+02 -2.845085137e+02 +7.8676e-01 -1.1664e+00
681 0 +3.909472616e-04 -2.845096091e+02 -2.845096091e+02 +7.8676e-01 -1.1664e+00
739 0 +3.749787637e-04 -2.845096250e+02 -2.845096250e+02 +7.8676e-01 -1.1664e+00
745 0 +1.200590610e-04 -2.845098799e+02 -2.845098799e+02 +7.8676e-01 -1.1664e+00
762 0 +1.188260882e-05 -2.845099881e+02 -2.845099881e+02 +7.8676e-01 -1.1664e+00
815 0 +9.245634089e-06 -2.845099908e+02 -2.845099908e+02 +7.8676e-01 -1.1664e+00
834 0 +2.093098885e-06 -2.845099979e+02 -2.845099979e+02 +7.8676e-01 -1.1664e+00
840 0 +1.669457447e-06 -2.845099983e+02 -2.845099983e+02 +7.8676e-01 -1.1664e+00
859 0 +1.368705739e-06 -2.845099986e+02 -2.845099986e+02 +7.8676e-01 -1.1664e+00
870 0 +3.281206205e-07 -2.845099997e+02 -2.845099997e+02 +7.8676e-01 -1.1664e+00
902 0 +2.407718398e-07 -2.845099998e+02 -2.845099998e+02 +7.8676e-01 -1.1664e+00
914 0 +4.554732413e-08 -2.845100000e+02 -2.845100000e+02 +7.8676e-01 -1.1664e+00
953 0 +2.617389327e-08 -2.845100000e+02 -2.845100000e+02 +7.8676e-01 -1.1664e+00
970 0 +1.270035455e-08 -2.845100000e+02 -2.845100000e+02 +7.8676e-01 -1.1664e+00
997 0 +1.006895900e-08 -2.845100000e+02 -2.845100000e+02 +7.8676e-01 -1.1664e+00
1002 0 +9.147299807e-09 -2.845100000e+02 -2.845100000e+02 +7.8676e-01 -1.1664e+00
% f evaluations | g evaluations | best noise-free fitness - Fopt (-1.946000000000e+01) + sum g_i+ | measured fitness | best measured fitness or single-digit g-values | x1 | x2...
1 0 +3.278399288e+01 +1.332399288e+01 +1.332399288e+01 -9.5422e-01 +6.1264e-01
6 0 +1.587075073e+01 -3.589249266e+00 -3.589249266e+00 +4.7390e+00 +5.1307e+00
16 0 +9.464032145e+00 -9.995967855e+00 -9.995967855e+00 +1.8952e+00 +1.4350e+00
36 0 +5.794842072e+00 -1.366515793e+01 -1.366515793e+01 +2.4341e+00 +1.6223e-01
67 0 +5.485716868e+00 -1.397428313e+01 -1.397428313e+01 +1.5051e+00 -7.0806e-01
98 0 +2.882797058e+00 -1.657720294e+01 -1.657720294e+01 +3.8357e-01 +1.1923e-01
251 0 +1.796127318e+00 -1.766387268e+01 -1.766387268e+01 +2.4260e+00 -1.4521e+00
445 0 +1.541545710e+00 -1.791845429e+01 -1.791845429e+01 +4.4476e+00 -1.8254e-01
