% f evaluations | g evaluations | best noise-free fitness - Fopt (-4.620900000000e+02) + sum g_i+ | measured fitness | best measured fitness or single-digit g-values | x1 | x2...
1 0 +1.072620391e+02 -3.548279609e+02 -3.548279609e+02 -2.3128e+00 +1.4907e+00 -1.7309e+00 +2.1998e-01 +4.7056e-02
39 0 +6.455981600e+01 -3.975301840e+02 -3.975301840e+02 -1.7426e+00 +3.2421e+00 +2.6500e+00 +1.3249e+00 +1.6360e+00
159 0 +6.190716726e+01 -4.001828327e+02 -4.001828327e+02 -1.6600e+00 +3.2421e+00 +2.6500e+00 +1.3249e+00 +1.6360e+00
227 0 +5.904862918e+01 -4.030413708e+02 -4.030413708e+02 -3.2698e+00 +3.0711e+00 +8.7930e-01 -1.3789e+00 +1.6378e+00
279 0 +4.683854782e+01 -4.152514522e+02 -4.152514522e+02 -1.6600e+00 +3.5158e+00 +1.4006e+00 +2.9398e-01 +1.6360e+00
347 0 +4.354450890e+01 -4.185454911e+02 -4.185454911e+02 -3.2698e+00 +3.0711e+00 +7.0265e-01 -1.3789e+00 +1.6378e+00
435 0 +4.195436178e+01 -4.201356382e+02 -4.201356382e+02 -2.5324e+00 +3.6496e+00 +2.6331e+00 +1.5879e+00 +1.6050e+00
479 0 +3.489098900e+01 -4.271990110e+02 -4.271990110e+02 -2.5118e+00 +3.5158e+00 +3.8544e+00 +2.9398e-01 +1.6360e+00
599 0 +3.408220293e+01 -4.280077971e+02 -4.280077971e+02 -2.5989e+00 +3.5158e+00 +2.0966e+00 +2.9398e-01 +1.6360e+00
621 0 +3.344890772e+01 -4.286410923e+02 -4.286410923e+02 -2.3128e+00 +5.0000e+00 +6.9870e-01 +2.1998e-01 +2.3018e+00
667 0 +3.029508352e+01 -4.317949165e+02 -4.317949165e+02 -3.2698e+00 +3.0711e+00 +7.0265e-01 -4.1722e-01 +1.6378e+00
703 0 +2.924765272e+01 -4.328423473e+02 -4.328423473e+02 -3.2146e+00 +4.4335e+00 +1.6871e+00 +2.4473e-01 +2.3453e+00
729 0 +2.545717298e+01 -4.366328270e+02 -4.366328270e+02 -3.4857e+00 +1.5735e+00 +1.6728e+00 +1.9887e-01 +1.9704e+00
787 0 +2.486066004e+01 -4.372293400e+02 -4.372293400e+02 -3.2698e+00 +3.2868e+00 +1.5952e+00 +2.9886e-01 +1.6378e+00
809 0 +2.062956144e+01 -4.414604386e+02 -4.414604386e+02 -4.2868e+00 +1.5735e+00 +1.6728e+00 +1.9887e-01 +1.9704e+00
845 0 +2.003481593e+01 -4.420551841e+02 -4.420551841e+02 -3.2778e+00 +3.0532e+00 +2.9265e+00 +1.2295e+00 +2.0170e+00
925 0 +1.886324232e+01 -4.432267577e+02 -4.432267577e+02 -3.2778e+00 +3.0532e+00 +2.9265e+00 +3.5859e-01 +2.0170e+00
965 0 +1.622953744e+01 -4.458604626e+02 -4.458604626e+02 -3.4285e+00 +3.0532e+00 +1.1586e+00 +3.5859e-01 +2.0170e+00
1113 0 +1.342684136e+01 -4.486631586e+02 -4.486631586e+02 -4.0492e+00 +1.5213e+00 +2.1711e+00 +3.3895e-01 +2.3001e+00
1207 0 +1.290901959e+01 -4.491809804e+02 -4.491809804e+02 -3.3223e+00 +2.2612e+00 +2.1542e+00 +3.9144e-01 +2.2634e+00
1247 0 +1.167664606e+01 -4.504133539e+02 -4.504133539e+02 -3.3223e+00 +2.2612e+00 +2.1542e+00 +6.4868e-01 +2.2634e+00
1393 0 +8.231120718e+00 -4.538588793e+02 -4.538588793e+02 -2.3449e+00 +3.6110e+00 +2.1711e+00 +3.3895e-01 +2.3001e+00
1661 0 +5.120991602e+00 -4.569690084e+02 -4.569690084e+02 -3.3119e+00 +3.0228e+00 +1.6082e+00 +3.2553e-01 +2.3018e+00
1741 0 +4.107897117e+00 -4.579821029e+02 -4.579821029e+02 -3.3119e+00 +2.3083e+00 +2.7397e+00 +3.2553e-01 +2.3018e+00
2113 0 +2.983507302e+00 -4.591064927e+02 -4.591064927e+02 -2.3449e+00 +2.2683e+00 +2.1711e+00 +3.3895e-01 +2.3001e+00
2873 0 +2.795107378e+00 -4.592948926e+02 -4.592948926e+02 -2.3449e+00 +2.2683e+00 +1.6343e+00 +3.3895e-01 +2.3001e+00
2965 0 +1.554618528e+00 -4.605353815e+02 -4.605353815e+02 -2.3880e+00 +2.3226e+00 +2.2074e+00 +7.4089e-01 +2.2803e+00
3301 0 +1.459196930e+00 -4.606308031e+02 -4.606308031e+02 -3.3119e+00 +2.2965e+00 +2.2264e+00 +7.3812e-01 +2.3018e+00
3803 0 +7.671645495e-01 -4.613228355e+02 -4.613228355e+02 -2.3583e+00 +2.2783e+00 +2.2405e+00 +7.1956e-01 +2.3028e+00
% f evaluations | g evaluations | best noise-free fitness - Fopt (7.766000000000e+01) + sum g_i+ | measured fitness | best measured fitness or single-digit g-values | x1 | x2...
1 0 +4.616205302e+02 +5.392805302e+02 +5.392805302e+02 +6.8348e-01 -3.9385e-01 -2.5943e+00 -3.6950e+00 +1.8548e-01
3 0 +3.917805497e+02 +4.694405497e+02 +4.694405497e+02 -3.7172e+00 -1.9576e+00 -2.8369e+00 +4.5985e+00 +9.6596e-01
4 0 +1.347813262e+02 +2.124413262e+02 +2.124413262e+02 -2.9603e+00 -3.5581e+00 -2.8636e+00 +2.5789e+00 -3.7688e+00
8 0 +7.740785090e+01 +1.550678509e+02 +1.550678509e+02 +3.5880e+00 -1.1323e+00 -1.4070e+00 +3.8220e+00 -3.8434e+00
159 0 +4.736254775e+01 +1.250225478e+02 +1.250225478e+02 +2.4890e+00 -1.4874e+00 +4.2565e-01 +2.6323e+00 -3.1197e+00
275 0 +4.080087290e+01 +1.184608729e+02 +1.184608729e+02 +1.3743e+00 -1.7808e+00 -1.2324e+00 +4.0920e+00 -3.0636e+00
279 0 +4.049028783e+01 +1.181502878e+02 +1.181502878e+02 +2.4890e+00 -9.3733e-01 +4.2565e-01 +2.6323e+00 -3.1197e+00
335 0 +3.878523778e+01 +1.164452378e+02 +1.164452378e+02 +4.0112e+00 +7.9498e-01 -2.3289e-01 +4.2112e+00 -2.4647e+00
347 0 +3.626210184e+01 +1.139221018e+02 +1.139221018e+02 +5.4736e-01 -8.2206e-02 +8.0624e-01 +3.3490e+00 -2.1650e+00
395 0 +3.432142635e+01 +1.119814263e+02 +1.119814263e+02 +1.3743e+00 -1.7808e+00 -1.2324e+00 +4.0920e+00 -2.4047e+00
435 0 +3.343673496e+01 +1.110967350e+02 +1.110967350e+02 +1.3743e+00 -1.7808e+00 -1.2324e+00 +4.0920e+00 -2.7376e+00
543 0 +3.195829260e+01 +1.096182926e+02 +1.096182926e+02 +2.4734e+00 +1.7019e+00 -1.8958e+00 +2.1706e+00 -2.7776e+00
551 0 +2.727221246e+01 +1.049322125e+02 +1.049322125e+02 +3.7013e+00 -4.5684e-02 -1.1745e+00 +2.9171e+00 -2.4727e+00
655 0 +1.906575404e+01 +9.672575404e+01 +9.672575404e+01 +2.2846e+00 +7.9498e-01 -2.3289e-01 +4.2112e+00 -2.4647e+00
707 0 +1.523627251e+01 +9.289627251e+01 +9.289627251e+01 +5.4736e-01 -8.2206e-02 -1.9513e+00 +3.3490e+00 -2.1650e+00
1003 0 +1.470862967e+01 +9.236862967e+01 +9.236862967e+01 +2.4579e+00 +4.5836e-01 -7.3492e-01 +3.2920e+00 -2.5259e+00
1111 0 +7.642841699e+00 +8.530284170e+01 +8.530284170e+01 +1.5015e+00 -4.5684e-02 -1.8634e+00 +2.9171e+00 -2.4727e+00
1751 0 +6.452255129e+00 +8.411225513e+01 +8.411225513e+01 +2.4401e+00 -4.5684e-02 -7.5886e-01 +2.9171e+00 -2.1051e+00
2005 0 +5.418950106e+00 +8.307895011e+01 +8.307895011e+01 +2.4593e+00 -8.8354e-01 -1.2122e+00 +2.9236e+00 -2.1297e+00
2483 0 +3.720555414e+00 +8.138055541e+01 +8.138055541e+01 +2.4677e+00 -5.1838e-02 -7.3492e-01 +3.3128e+00 -2.4455e+00
2573 0 +3.163810411e+00 +8.082381041e+01 +8.082381041e+01 +3.3806e+00 -5.1484e-02 -1.2829e+00 +3.3525e+00 -2.4628e+00
2991 0 +1.547562436e+00 +7.920756244e+01 +7.920756244e+01 +2.4174e+00 -4.5684e-02 -1.2889e+00 +3.3132e+00 -2.4559e+00
3551 0 +1.257995334e+00 +7.891799533e+01 +7.891799533e+01 +2.4174e+00 -4.5684e-02 -1.2805e+00 +3.3298e+00 -2.4600e+00
3661 0 +5.002407022e-01 +7.816024070e+01 +7.816024070e+01 +2.4137e+00 -8.5402e-01 -1.2457e+00 +3.3262e+00 -2.4622e+00
% f evaluations | g evaluations | best noise-free fitness - Fopt (1.156800000000e+02) + sum g_i+ | measured fitness | best measured fitness or single-digit g-values | x1 | x2...
1 0 +1.399612669e+03 +1.515292669e+03 +1.515292669e+03 +3.4171e+00 -4.7993e+00 +3.4250e+00 +3.8815e-01 +1.6601e+00
2 0 +1.525727120e+02 +2.682527120e+02 +2.682527120e+02 +6.3179e-01 +4.3606e+00 +2.0133e+00 +1.6917e+00 -3.6544e+00
4 0 +8.879811903e+01 +2.044781190e+02 +2.044781190e+02 -3.7280e+00 +2.0037e+00 +3.8552e-01 +4.7867e+00 -4.3777e+00
83 0 +8.289761516e+01 +1.985776152e+02 +1.985776152e+02 +6.1278e-01 +5.9671e-02 +9.6328e-01 +1.8790e+00 -2.4473e+00
99 0 +5.981387611e+01 +1.754938761e+02 +1.754938761e+02 -1.3393e+00 -2.3756e+00 +1.3671e+00 +2.2030e+00 -5.0000e+00
219 0 +5.083558090e+01 +1.665155809e+02 +1.665155809e+02 -1.3393e+00 -2.3756e+00 +8.4432e-01 +2.2030e+00 -5.0000e+00
323 0 +4.870158932e+01 +1.643815893e+02 +1.643815893e+02 +1.6600e+00 -8.9892e-01 +2.9700e-01 +3.8396e+00 -4.2938e+00
333 0 +4.131034816e+01 +1.569903482e+02 +1.569903482e+02 +6.6871e-01 -3.7543e-01 +3.8396e-01 +4.1751e+00 -3.6433e+00
349 0 +3.881754764e+01 +1.544975476e+02 +1.544975476e+02 -1.8528e-01 -2.2643e+00 -3.5078e-01 +3.6913e+00 -4.2742e+00
429 0 +3.535265923e+01 +1.510326592e+02 +1.510326592e+02 -3.0853e+00 -2.2643e+00 -3.5078e-01 +4.2695e+00 -4.2742e+00
683 0 +1.831815925e+01 +1.339981592e+02 +1.339981592e+02 -2.2927e+00 -8.9892e-01 +2.9700e-01 +2.2568e+00 -4.2938e+00
925 0 +1.727137238e+01 +1.329513724e+02 +1.329513724e+02 -1.1613e+00 -2.2408e+00 -2.7051e-01 +2.6449e+00 -3.2754e+00
1233 0 +1.587126083e+01 +1.315512608e+02 +1.315512608e+02 -2.3453e+00 -1.8058e+00 -2.5754e-01 +2.1962e+00 -3.2114e+00
1395 0 +1.196202454e+01 +1.276420245e+02 +1.276420245e+02 -2.3473e+00 -9.7491e-01 -2.8795e-01 +3.5181e+00 -3.6237e+00
1523 0 +1.134168717e+01 +1.270216872e+02 +1.270216872e+02 -2.2927e+00 -8.9892e-01 +2.9700e-01 +3.1227e+00 -4.2938e+00
1563 0 +1.071976971e+01 +1.263997697e+02 +1.263997697e+02 -2.2927e+00 -8.9892e-01 -3.3009e-01 +3.1227e+00 -4.2938e+00
1587 0 +6.112804713e+00 +1.217928047e+02 +1.217928047e+02 -1.1822e+00 -3.3038e-01 -3.6880e-01 +3.1275e+00 -3.5906e+00
1827 0 +5.278505136e+00 +1.209585051e+02 +1.209585051e+02 -1.1822e+00 -2.3939e-01 -3.6880e-01 +3.1275e+00 -3.5906e+00
1947 0 +5.189976306e+00 +1.208699763e+02 +1.208699763e+02 -1.1822e+00 -2.3939e-01 -3.4641e-01 +3.1275e+00 -3.5906e+00
2305 0 +4.244248741e+00 +1.199242487e+02 +1.199242487e+02 -2.2003e+00 -1.0655e+00 +2.1155e-01 +2.6951e+00 -3.6171e+00
2933 0 +1.713143630e+00 +1.173931436e+02 +1.173931436e+02 -2.1945e+00 -1.0160e+00 +2.2946e-01 +3.0990e+00 -3.6275e+00
3783 0 +1.330904794e+00 +1.170109048e+02 +1.170109048e+02 -2.1522e+00 -9.6715e-01 +2.4329e-01 +3.1040e+00 -3.5821e+00
3983 0 +6.124102849e-01 +1.162924103e+02 +1.162924103e+02 -2.1522e+00 -9.6715e-01 +2.4329e-01 +3.1040e+00 -3.5952e+00
% f evaluations | g evaluations | best noise-free fitness - Fopt (-3.710000000000e+00) + sum g_i+ | measured fitness | best measured fitness or single-digit g-values | x1 | x2...
1 0 +4.471531645e+02 +4.434431645e+02 +4.434431645e+02 +6.0905e-01 +4.0304e+00 -3.3151e-01 -3.0170e+00 +3.0333e+00
2 0 +4.153053538e+02 +4.115953538e+02 +4.115953538e+02 +3.2750e+00 -4.8815e+00 -4.5055e+00 -2.4739e+00 +1.8594e+00
3 0 +1.559749819e+02 +1.522649819e+02 +1.522649819e+02 +3.3318e+00 -8.1306e-01 +4.6838e+00 +1.2776e+00 +5.8343e-01
10 0 +1.532380312e+02 +1.495280312e+02 +1.495280312e+02 -2.7638e+00 -4.7444e+00 -2.2766e+00 +3.7921e+00 +3.6227e+00
19 0 +7.465035030e+01 +7.094035030e+01 +7.094035030e+01 +3.7080e+00 -2.6143e+00 +2.8360e+00 +2.8013e+00 +2.2429e+00
55 0 +6.438073222e+01 +6.067073222e+01 +6.067073222e+01 +5.0000e+00 -4.5244e+00 +3.0207e+00 +3.3375e+00 +3.7751e+00
135 0 +6.042694679e+01 +5.671694679e+01 +5.671694679e+01 +9.4698e-01 -2.9481e+00 +3.0207e+00 +3.3375e+00 +3.7751e+00
215 0 +5.424226735e+01 +5.053226735e+01 +5.053226735e+01 +9.4698e-01 -2.3603e+00 +3.0207e+00 +3.3375e+00 +3.7751e+00
251 0 +4.420354665e+01 +4.049354665e+01 +4.049354665e+01 +5.0000e+00 -2.4196e-01 +1.8745e+00 +3.3100e+00 +3.1175e+00
269 0 +4.016954460e+01 +3.645954460e+01 +3.645954460e+01 +3.2009e+00 -9.2544e-01 +1.6508e+00 +2.7488e+00 +2.1542e+00
375 0 +3.277370326e+01 +2.906370326e+01 +2.906370326e+01 +9.4698e-01 -2.3603e+00 +1.0707e+00 +5.0000e+00 +3.7751e+00
425 0 +2.734954157e+01 +2.363954157e+01 +2.363954157e+01 +1.9297e-02 -9.1795e-01 +2.4639e+00 +3.0211e+00 +3.1619e+00
545 0 +2.524332322e+01 +2.153332322e+01 +2.153332322e+01 +1.9297e-02 -9.1795e-01 +2.4175e+00 +3.0211e+00 +3.1619e+00
597 0 +1.608264000e+01 +1.237264000e+01 +1.237264000e+01 +3.1730e+00 -9.1037e-01 +2.8577e+00 +3.0573e+00 +3.1383e+00
757 0 +1.368489623e+01 +9.974896229e+00 +9.974896229e+00 +3.1730e+00 -1.4060e+00 +2.8577e+00 +3.0573e+00 +3.1383e+00
855 0 +1.219754354e+01 +8.487543545e+00 +8.487543545e+00 +4.1566e+00 -2.3603e+00 +2.2735e+00 +3.4802e+00 +3.5301e+00
1097 0 +1.091007458e+01 +7.200074585e+00 +7.200074585e+00 +4.1290e+00 -1.5927e+00 +1.2690e+00 +3.9644e+00 +3.1924e+00
1463 0 +9.203388195e+00 +5.493388195e+00 +5.493388195e+00 +4.0567e+00 -2.3051e+00 +2.3252e+00 +3.9004e+00 +3.8090e+00
1497 0 +8.971771027e+00 +5.261771027e+00 +5.261771027e+00 +4.1070e+00 -1.5927e+00 +1.2690e+00 +3.4964e+00 +3.1924e+00
1663 0 +6.771356300e+00 +3.061356300e+00 +3.061356300e+00 +3.1867e+00 -2.3051e+00 +2.3252e+00 +3.9004e+00 +3.8090e+00
2343 0 +6.700568003e+00 +2.990568003e+00 +2.990568003e+00 +3.1867e+00 -2.3051e+00 +2.3252e+00 +3.9157e+00 +3.8090e+00
2605 0 +5.882396050e+00 +2.172396050e+00 +2.172396050e+00 +3.0786e+00 -1.6052e+00 +2.2971e+00 +3.8993e+00 +3.1395e+00
2655 0 +4.674039704e+00 +9.640397039e-01 +9.640397039e-01 +3.0849e+00 -2.3603e+00 +1.8188e+00 +3.4802e+00 +3.5243e+00
2765 0 +3.915890412e+00 +2.058904120e-01 +2.058904120e-01 +3.0786e+00 -1.6052e+00 +1.1861e+00 +3.8993e+00 +3.1395e+00
2823 0 +3.281251825e+00 -4.287481753e-01 -4.287481753e-01 +3.1867e+00 -2.3051e+00 +2.3252e+00 +3.9157e+00 +3.5408e+00
2983 0 +3.227191670e+00 -4.828083305e-01 -4.828083305e-01 +3.1867e+00 -2.3051e+00 +1.1829e+00 +3.9157e+00 +3.5408e+00
3175 0 +3.036687310e+00 -6.733126899e-01 -6.733126899e-01 +3.1081e+00 -1.5195e+00 +1.7532e+00 +3.9104e+00 +3.5081e+00
3455 0 +2.815307279e+00 -8.946927214e-01 -8.946927214e-01 +3.1081e+00 -1.5195e+00 +1.7532e+00 +3.9104e+00 +3.1748e+00
3473 0 +2.386051276e+00 -1.323948724e+00 -1.323948724e+00 +3.1954e+00 -2.2572e+00 +1.8165e+00 +3.9214e+00 +3.1687e+00
3579 0 +2.046133696e+00 -1.663866304e+00 -1.663866304e+00 +3.0937e+00 -2.2707e+00 +1.8171e+00 +4.3822e+00 +3.1616e+00
3675 0 +1.627478614e+00 -2.082521386e+00 -2.082521386e+00 +3.0938e+00 -2.3020e+00 +1.8089e+00 +3.9090e+00 +3.5239e+00
3699 0 +1.063933817e+00 -2.646066183e+00 -2.646066183e+00 +3.0937e+00 -2.2707e+00 +1.8171e+00 +3.9159e+00 +3.1616e+00
% f evaluations | g evaluations | best noise-free fitness - Fopt (1.321800000000e+02) + sum g_i+ | measured fitness | best measured fitness or single-digit g-values | x1 | x2...
1 0 +3.688210854e+02 +5.010010854e+02 +5.010010854e+02 +1.1780e+00 -2.4800e+00 -3.9065e+00 +1.1659e+00 -2.9973e+00
2 0 +1.398976963e+02 +2.720776963e+02 +2.720776963e+02 -3.7239e-01 -6.6823e-01 +1.5783e+00 -1.3510e+00 -8.0536e-01
6 0 +8.273121486e+01 +2.149112149e+02 +2.149112149e+02 -4.1665e+00 -1.0163e+00 +7.1945e-01 -2.4357e+00 -1.7668e+00
205 0 +5.052361612e+01 +1.827036161e+02 +1.827036161e+02 -4.8278e+00 -6.2255e-01 +2.9214e+00 -7.5475e-02 -2.1801e+00
393 0 +4.660166016e+01 +1.787816602e+02 +1.787816602e+02 -1.6737e+00 +2.4752e+00 +1.1207e+00 -2.0177e+00 -2.7747e+00
433 0 +3.757992486e+01 +1.697599249e+02 +1.697599249e+02 -1.6737e+00 +2.4752e+00 +2.4381e+00 -2.0177e+00 -2.7747e+00
485 0 +3.013117484e+01 +1.623111748e+02 +1.623111748e+02 -4.8278e+00 -6.2255e-01 +2.9214e+00 -1.5808e+00 -2.1801e+00
493 0 +2.228091798e+01 +1.544609180e+02 +1.544609180e+02 -3.5800e+00 +2.1119e+00 +2.3525e+00 -2.3525e+00 -1.7698e+00
859 0 +2.162249915e+01 +1.538024991e+02 +1.538024991e+02 -4.5326e+00 +1.4439e+00 +2.9205e+00 -1.9996e+00 -2.4396e+00
1031 0 +6.429386998e+00 +1.386093870e+02 +1.386093870e+02 -2.7283e+00 +1.4499e+00 +2.8951e+00 -2.3641e+00 -2.8182e+00
1519 0 +5.344479830e+00 +1.375244798e+02 +1.375244798e+02 -3.8231e+00 +1.5126e+00 +2.8951e+00 -2.3640e+00 -2.8225e+00
2169 0 +4.729662913e+00 +1.369096629e+02 +1.369096629e+02 -2.7712e+00 +1.4617e+00 +2.8818e+00 -2.3543e+00 -2.1473e+00
2761 0 +4.555556874e+00 +1.367355569e+02 +1.367355569e+02 -3.7917e+00 +6.8696e-01 +3.4372e+00 -2.3686e+00 -2.1678e+00
2779 0 +2.884965194e+00 +1.350649652e+02 +1.350649652e+02 -4.8039e+00 +1.4793e+00 +3.4331e+00 -1.9868e+00 -2.4838e+00
2997 0 +2.473932651e+00 +1.346539327e+02 +1.346539327e+02 -3.7875e+00 +1.4345e+00 +3.4266e+00 -1.9660e+00 -2.4715e+00
3003 0 +2.430327450e+00 +1.346103274e+02 +1.346103274e+02 -3.7444e+00 +1.4644e+00 +3.4417e+00 -2.3714e+00 -2.5148e+00
3043 0 +1.657841893e+00 +1.338378419e+02 +1.338378419e+02 -3.7444e+00 +1.4644e+00 +3.4417e+00 -1.9795e+00 -2.5148e+00
3443 0 +1.218756715e+00 +1.333987567e+02 +1.333987567e+02 -3.7131e+00 +1.4644e+00 +3.4417e+00 -1.9795e+00 -2.4891e+00
3673 0 +1.178914895e+00 +1.333589149e+02 +1.333589149e+02 -3.7152e+00 +1.4703e+00 +3.4376e+00 -1.9746e+00 -2.4832e+00
3837 0 +7.492071965e-01 +1.329292072e+02 +1.329292072e+02 -3.7875e+00 +1.4746e+00 +3.4322e+00 -1.9660e+00 -2.4856e+00
3915 0 +6.631263386e-01 +1.328431263e+02 +1.328431263e+02 -3.7291e+00 +1.4881e+00 +3.4351e+00 -1.9657e+00 -2.4895e+00
3957 0 +4.809268996e-01 +1.326609269e+02 +1.326609269e+02 -3.7875e+00 +1.4797e+00 +3.4392e+00 -1.9660e+00 -2.4856e+00
3965 0 +4.586650663e-01 +1.326386651e+02 +1.326386651e+02 -3.7538e+00 +1.4782e+00 +3.4365e+00 -1.9602e+00 -2.4889e+00
4005 0 +3.384109773e-01 +1.325184110e+02 +1.325184110e+02 -3.7538e+00 +1.4782e+00 +3.4407e+00 -1.9602e+00 -2.4889e+00
% f evaluations | g evaluations | best noise-free fitness - Fopt (1.104800000000e+02) + sum g_i+ | measured fitness | best measured fitness or single-digit g-values | x1 | x2...
1 0 +4.089746022e+02 +5.194546022e+02 +5.194546022e+02 +2.4441e+00 -1.4749e+00 -4.9692e+00 +5.5933e-01 -2.2484e+00
4 0 +1.330733574e+02 +2.435533574e+02 +2.435533574e+02 -8.1074e-01 -4.9939e+00 -3.2333e-01 +2.6138e+00 +3.8199e+00
7 0 +5.706855915e+01 +1.675485591e+02 +1.675485591e+02 +4.8050e+00 +4.8163e-01 -4.4695e+00 +3.2255e+00 +4.6180e+00
313 0 +5.025272168e+01 +1.607327217e+02 +1.607327217e+02 +4.8050e+00 +4.8163e-01 -3.7413e+00 +3.2255e+00 +4.6180e+00
399 0 +3.437631145e+01 +1.448563115e+02 +1.448563115e+02 +1.9956e+00 -1.2770e-01 -2.3481e+00 +3.7195e+00 +4.2655e+00
527 0 +1.456649405e+01 +1.250464940e+02 +1.250464940e+02 +2.4571e+00 +4.6900e-02 -2.8776e+00 +2.7772e+00 +3.0300e+00
927 0 +9.720575354e+00 +1.202005754e+02 +1.202005754e+02 +2.4571e+00 -7.6868e-01 -2.8776e+00 +2.7772e+00 +3.6223e+00
1207 0 +9.023362022e+00 +1.195033620e+02 +1.195033620e+02 +2.4571e+00 -7.6868e-01 -2.8776e+00 +2.7772e+00 +3.6266e+00
1773 0 +5.147769033e+00 +1.156277690e+02 +1.156277690e+02 +1.5075e+00 -3.9234e-02 -2.2513e+00 +2.7913e+00 +4.2815e+00
1893 0 +2.333973454e+00 +1.128139735e+02 +1.128139735e+02 +1.5075e+00 -9.2124e-01 -2.2513e+00 +2.7913e+00 +3.6867e+00
3213 0 +1.490972675e+00 +1.119709727e+02 +1.119709727e+02 +1.5075e+00 -8.8278e-01 -2.2513e+00 +2.7913e+00 +4.0418e+00
3853 0 +3.607488339e-01 +1.108407488e+02 +1.108407488e+02 +1.5075e+00 -8.8278e-01 -2.2513e+00 +2.7913e+00 +3.6682e+00
% f evaluations | g evaluations | best noise-free fitness - Fopt (-1.509000000000e+01) + sum g_i+ | measured fitness | best measured fitness or single-digit g-values | x1 | x2...
1 0 +7.994755562e+02 +7.843855562e+02 +7.843855562e+02 +3.9658e+00 -3.6874e-01 +2.7034e+00 +2.4545e+00 +2.1905e+00
2 0 +3.009047013e+02 +2.858147013e+02 +2.858147013e+02 +4.6113e+00 -4.3989e+00 +2.0500e+00 -9.7344e-01 -2.1472e-01
3 0 +8.668377556e+01 +7.159377556e+01 +7.159377556e+01 -4.5276e+00 -2.3809e+00 -1.2714e-01 -2.0374e+00 +3.4620e+00
25 0 +7.448695780e+01 +5.939695780e+01 +5.939695780e+01 -8.3790e-01 -2.3809e+00 -1.2714e-01 -2.0374e+00 +3.4620e+00
53 0 +5.666863365e+01 +4.157863365e+01 +4.157863365e+01 -2.7413e+00 -4.4796e-01 -1.6614e+00 -3.1889e+00 +3.8889e+00
273 0 +4.655847225e+01 +3.146847225e+01 +3.146847225e+01 +4.3303e-01 -8.7470e-02 -7.4846e-01 -5.0000e+00 +2.5466e+00
395 0 +2.235866664e+01 +7.268666641e+00 +7.268666641e+00 +4.7121e-01 -2.6695e-01 -1.7123e+00 -3.7862e+00 +4.0530e+00
835 0 +1.786893948e+01 +2.778939478e+00 +2.778939478e+00 +4.7121e-01 -2.6695e-01 -1.7123e+00 -3.7862e+00 +3.7353e+00
1055 0 +1.355910031e+01 -1.530899693e+00 -1.530899693e+00 +1.3589e+00 -1.2068e+00 -7.1117e-01 -3.3478e+00 +3.7382e+00
1275 0 +1.166269369e+01 -3.427306315e+00 -3.427306315e+00 -6.1118e-01 -2.6695e-01 -8.1245e-01 -3.7862e+00 +3.7353e+00
1481 0 +1.070348356e+01 -4.386516440e+00 -4.386516440e+00 -6.7035e-01 -1.7641e+00 -6.9651e-01 -3.7604e+00 +3.0624e+00
1593 0 +8.702196612e+00 -6.387803388e+00 -6.387803388e+00 +4.2239e-01 -3.1075e+00 -8.0372e-02 -3.7706e+00 +3.6876e+00
1985 0 +4.877331995e+00 -1.021266800e+01 -1.021266800e+01 +1.3859e+00 -1.7675e+00 -7.5735e-01 -3.8089e+00 +3.0283e+00
2423 0 +4.733601187e+00 -1.035639881e+01 -1.035639881e+01 +4.3301e-01 -1.0635e+00 -1.4240e-01 -3.7941e+00 +3.6665e+00
2527 0 +2.602781038e+00 -1.248721896e+01 -1.248721896e+01 +4.0447e-01 -2.5788e+00 -9.7115e-02 -3.4042e+00 +3.3401e+00
2807 0 +2.269807500e+00 -1.282019250e+01 -1.282019250e+01 +4.0940e-01 -2.5788e+00 -1.4539e-01 -3.7833e+00 +3.3401e+00
3783 0 +1.482581865e+00 -1.360741813e+01 -1.360741813e+01 +4.3301e-01 -1.7815e+00 -1.3169e-01 -3.7941e+00 +3.3362e+00
3825 0 +1.372814998e+00 -1.371718500e+01 -1.371718500e+01 +4.0299e-01 -1.7675e+00 -1.1582e-01 -3.4094e+00 +3.3324e+00
3863 0 +1.067806234e+00 -1.402219377e+01 -1.402219377e+01 +3.8449e-01 -1.7815e+00 -9.7518e-02 -3.3953e+00 +3.3362e+00
3943 0 +4.705182931e-01 -1.461948171e+01 -1.461948171e+01 +3.8449e-01 -1.7815e+00 -1.2474e-01 -3.3953e+00 +3.3362e+00
% f evaluations | g evaluations | best noise-free fitness - Fopt (-1.583000000000e+02) + sum g_i+ | measured fitness | best measured fitness or single-digit g-values | x1 | x2...
1 0 +1.556174288e+03 +1.397874288e+03 +1.397874288e+03 +2.7587e+00 +4.1793e+00 -2.4777e+00 +3.6296e+00 -4.0298e+00
2 0 +1.239873219e+02 -3.431267812e+01 -3.431267812e+01 +3.0897e+00 -3.3123e+00 -3.0395e+00 -4.0648e+00 +1.7781e+00
7 0 +9.581422282e+01 -6.248577718e+01 -6.248577718e+01 +3.5255e+00 -2.6708e-01 -9.1411e-01 -3.7316e+00 +1.6259e+00
73 0 +7.672761663e+01 -8.157238337e+01 -8.157238337e+01 +3.5255e+00 -2.6708e-01 -2.9436e+00 -3.7316e+00 +1.6259e+00
113 0 +6.363840273e+01 -9.466159727e+01 -9.466159727e+01 +5.0000e+00 -2.6708e-01 -2.9436e+00 -3.7316e+00 +1.6259e+00
153 0 +5.913848606e+01 -9.916151394e+01 -9.916151394e+01 +5.0000e+00 +4.5752e+00 -2.9436e+00 -3.7316e+00 +1.6259e+00
253 0 +5.471832193e+01 -1.035816781e+02 -1.035816781e+02 +1.1014e+00 +1.1687e+00 -2.4351e+00 -4.4720e+00 +1.6162e+00
289 0 +5.005921359e+01 -1.082407864e+02 -1.082407864e+02 +2.0566e+00 +2.2125e+00 -1.3967e+00 -5.0000e+00 +2.6096e+00
385 0 +4.385610396e+01 -1.144438960e+02 -1.144438960e+02 +5.0000e+00 +2.9059e+00 -1.7593e+00 -3.1762e+00 +2.9450e+00
479 0 +3.350031803e+01 -1.247996820e+02 -1.247996820e+02 -1.6596e-01 +3.8707e-01 -1.3923e+00 -3.2493e+00 +2.5242e+00
481 0 +3.167678776e+01 -1.266232122e+02 -1.266232122e+02 +1.0344e+00 +4.1083e+00 -2.3320e+00 -1.9506e+00 +3.3277e+00
711 0 +2.046400080e+01 -1.378359992e+02 -1.378359992e+02 +4.9392e+00 +5.0000e+00 -2.9554e+00 -2.3800e+00 +2.4910e+00
759 0 +1.558634593e+01 -1.427136541e+02 -1.427136541e+02 -1.6596e-01 +2.7069e+00 -1.3923e+00 -3.2493e+00 +2.5242e+00
1059 0 +1.237631183e+01 -1.459236882e+02 -1.459236882e+02 +1.9118e+00 +4.1083e+00 -2.4682e+00 -2.9521e+00 +2.5366e+00
1139 0 +1.213690199e+01 -1.461630980e+02 -1.461630980e+02 +1.9118e+00 +4.1083e+00 -2.4682e+00 -2.9521e+00 +2.5302e+00
1337 0 +1.114744541e+01 -1.471525546e+02 -1.471525546e+02 +2.9439e+00 +5.0000e+00 -2.4826e+00 -2.9348e+00 +2.5041e+00
1345 0 +1.012013408e+01 -1.481798659e+02 -1.481798659e+02 +2.8926e+00 +4.9173e+00 -3.0156e+00 -3.3266e+00 +2.5129e+00
1585 0 +8.741525026e+00 -1.495584750e+02 -1.495584750e+02 +2.8926e+00 +4.2458e+00 -1.9037e+00 -3.3266e+00 +2.5129e+00
1735 0 +7.911961503e+00 -1.503880385e+02 -1.503880385e+02 +1.8805e+00 +4.2351e+00 -2.9064e+00 -3.2800e+00 +2.5133e+00
2049 0 +4.448363215e+00 -1.538516368e+02 -1.538516368e+02 +1.9224e+00 +4.3888e+00 -2.4224e+00 -2.9324e+00 +2.5157e+00
2213 0 +3.495151289e+00 -1.548048487e+02 -1.548048487e+02 +1.9958e+00 +4.2979e+00 -2.4194e+00 -3.2927e+00 +2.5334e+00
2477 0 +3.195731746e+00 -1.551042683e+02 -1.551042683e+02 +1.8971e+00 +4.2351e+00 -2.4181e+00 -2.9043e+00 +2.5074e+00
2917 0 +2.929730420e+00 -1.553702696e+02 -1.553702696e+02 +1.8971e+00 +4.2746e+00 -2.4181e+00 -2.9043e+00 +2.5074e+00
3087 0 +2.818797299e+00 -1.554812027e+02 -1.554812027e+02 +1.9118e+00 +3.5536e+00 -1.8808e+00 -3.2802e+00 +2.5342e+00
3231 0 +2.693823025e+00 -1.556061770e+02 -1.556061770e+02 +1.8601e+00 +4.3072e+00 -2.4203e+00 -2.8911e+00 +2.5345e+00
3271 0 +1.898345800e+00 -1.564016542e+02 -1.564016542e+02 +1.9157e+00 +4.3072e+00 -2.4203e+00 -2.8911e+00 +2.5345e+00
3397 0 +1.126815523e+00 -1.571731845e+02 -1.571731845e+02 +1.9458e+00 +3.5414e+00 -2.4181e+00 -2.9043e+00 +2.5074e+00
3597 0 +8.952886433e-01 -1.574047114e+02 -1.574047114e+02 +1.9458e+00 +3.5414e+00 -2.4181e+00 -2.9043e+00 +2.5133e+00
3649 0 +6.517567483e-02 -1.582348243e+02 -1.582348243e+02 +1.9224e+00 +3.5205e+00 -2.4224e+00 -2.8802e+00 +2.5161e+00
3809 0 +5.066510809e-02 -1.582493349e+02 -1.582493349e+02 +1.9283e+00 +3.5205e+00 -2.4224e+00 -2.8802e+00 +2.5161e+00
3959 0 +3.200636283e-02 -1.582679936e+02 -1.582679936e+02 +1.9367e+00 +3.5254e+00 -2.4284e+00 -2.8803e+00 +2.5208e+00
% f evaluations | g evaluations | best noise-free fitness - Fopt (-4.071000000000e+01) + sum g_i+ | measured fitness | best measured fitness or single-digit g-values | x1 | x2...
1 0 +1.489671614e+02 +1.082571614e+02 +1.082571614e+02 -1.4184e-01 -4.1537e+00 +1.1838e+00 -2.6420e+00 -2.7052e+00
5 0 +9.955175052e+01 +5.884175052e+01 +5.884175052e+01 +2.6841e+00 +4.2398e+00 +1.1441e+00 -1.8665e+00 -4.1836e+00
18 0 +4.950416176e+01 +8.794161755e+00 +8.794161755e+00 +2.6385e+00 +1.7993e+00 +4.2934e+00 -2.5978e+00 -2.7975e+00
201 0 +4.004493020e+01 -6.650698018e-01 -6.650698018e-01 -3.1306e+00 +3.7882e+00 +4.1284e+00 -3.4324e+00 -3.4473e+00
345 0 +3.521656559e+01 -5.493434410e+00 -5.493434410e+00 -8.7202e-02 +4.9549e+00 +2.4803e+00 -2.9554e+00 -2.8309e+00
521 0 +2.442320056e+01 -1.628679944e+01 -1.628679944e+01 +6.3717e-02 +5.0000e+00 +4.1284e+00 -3.4324e+00 -3.4473e+00
571 0 +2.043135423e+01 -2.027864577e+01 -2.027864577e+01 +1.1113e+00 +3.8966e+00 +3.6600e+00 -3.0615e+00 -1.7552e+00
773 0 +1.969988105e+01 -2.101011895e+01 -2.101011895e+01 -9.5902e-01 +4.1120e+00 +2.8687e+00 -2.9348e+00 -2.3179e+00
841 0 +1.566008632e+01 -2.504991368e+01 -2.504991368e+01 +6.3717e-02 +3.3906e+00 +4.1284e+00 -3.4324e+00 -3.4473e+00
961 0 +1.232632656e+01 -2.838367344e+01 -2.838367344e+01 +6.3717e-02 +3.3906e+00 +4.1284e+00 -3.4324e+00 -2.7173e+00
1303 0 +1.223724403e+01 -2.847275597e+01 -2.847275597e+01 +8.6376e-01 +3.1199e+00 +2.9858e+00 -3.0018e+00 -2.7581e+00
1321 0 +4.162462794e+00 -3.654753721e+01 -3.654753721e+01 +6.3717e-02 +4.0645e+00 +4.1284e+00 -2.9853e+00 -2.7173e+00
1955 0 +3.527708274e+00 -3.718229173e+01 -3.718229173e+01 +1.0652e+00 +3.9660e+00 +3.5700e+00 -2.9952e+00 -2.7709e+00
2435 0 +1.996393500e+00 -3.871360650e+01 -3.871360650e+01 +1.0652e+00 +3.2046e+00 +3.5700e+00 -2.9863e+00 -2.7709e+00
2947 0 +1.729134554e+00 -3.898086545e+01 -3.898086545e+01 +1.0482e+00 +3.2190e+00 +3.6306e+00 -3.0057e+00 -2.7417e+00
3063 0 +9.441753095e-01 -3.976582469e+01 -3.976582469e+01 +1.0370e+00 +3.2255e+00 +3.5624e+00 -3.0007e+00 -2.7581e+00
3349 0 +4.898284438e-01 -4.022017156e+01 -4.022017156e+01 +1.0472e+00 +3.2220e+00 +3.5766e+00 -3.0048e+00 -2.7314e+00
3389 0 +4.847976802e-01 -4.022520232e+01 -4.022520232e+01 +1.0501e+00 +3.2220e+00 +3.5766e+00 -3.0048e+00 -2.7314e+00
3485 0 +4.143517762e-01 -4.029564822e+01 -4.029564822e+01 +1.0651e+00 +3.2518e+00 +3.5996e+00 -2.9919e+00 -2.7483e+00
3525 0 +3.442653339e-01 -4.036573467e+01 -4.036573467e+01 +1.0651e+00 +3.2518e+00 +3.5752e+00 -2.9837e+00 -2.7483e+00
3635 0 +2.373053922e-01 -4.047269461e+01 -4.047269461e+01 +1.0539e+00 +3.2163e+00 +3.5700e+00 -2.9957e+00 -2.7459e+00
3719 0 +1.950180671e-01 -4.051498193e+01 -4.051498193e+01 +1.0477e+00 +3.2303e+00 +3.5677e+00 -2.9952e+00 -2.7418e+00
3797 0 +3.438163306e-02 -4.067561837e+01 -4.067561837e+01 +1.0586e+00 +3.2272e+00 +3.5770e+00 -2.9886e+00 -2.7418e+00
% f evaluations | g evaluations | best noise-free fitness - Fopt (8.139000000000e+01) + sum g_i+ | measured fitness | best measured fitness or single-digit g-values | x1 | x2...
1 0 +7.414233926e+02 +8.228133926e+02 +8.228133926e+02 +2.4081e+00 +4.9835e+00 -7.4929e-01 +1.1320e+00 +4.9904e+00
3 0 +2.720554277e+02 +3.534454277e+02 +3.534454277e+02 +2.4469e+00 -4.5283e+00 -1.9298e+00 -4.1101e+00 +1.2823e+00
4 0 +1.459468488e+02 +2.273368488e+02 +2.273368488e+02 -1.9908e+00 -7.6023e-01 +2.3934e-01 -2.1729e-01 +1.6465e-01
9 0 +9.735254199e+01 +1.787425420e+02 +1.787425420e+02 +4.9694e+00 +2.2589e+00 -2.3075e+00 +1.6098e+00 -5.3434e-01
95 0 +7.604149422e+01 +1.574314942e+02 +1.574314942e+02 +5.4564e-01 +4.9593e+00 -3.0711e+00 +2.1120e-01 -1.0498e+00
135 0 +5.446746851e+01 +1.358574685e+02 +1.358574685e+02 -1.1222e+00 +4.9593e+00 -3.0711e+00 +2.1120e-01 +2.3853e+00
163 0 +4.289565112e+01 +1.242856511e+02 +1.242856511e+02 +7.4342e-01 +4.1956e+00 -1.2880e+00 +3.0136e-01 -8.6618e-01
417 0 +2.696267732e+01 +1.083526773e+02 +1.083526773e+02 -2.3830e-01 +4.8931e+00 -1.2493e+00 +1.1872e+00 +6.2102e-01
497 0 +2.662725610e+01 +1.080172561e+02 +1.080172561e+02 -2.3830e-01 +4.9826e+00 -1.2493e+00 +1.1872e+00 +6.2102e-01
617 0 +2.602410661e+01 +1.074141066e+02 +1.074141066e+02 +2.8240e+00 +4.9826e+00 -1.2493e+00 +1.1872e+00 +6.2102e-01
627 0 +2.532749265e+01 +1.067174926e+02 +1.067174926e+02 -1.2818e+00 +5.0000e+00 -2.9142e+00 -6.5910e-02 +2.6602e-01
781 0 +2.099991072e+01 +1.023899107e+02 +1.023899107e+02 +9.5405e-01 +4.8840e+00 -2.5450e+00 -5.9128e-02 +3.1196e-01
865 0 +1.185690543e+01 +9.324690543e+01 +9.324690543e+01 +8.0924e-01 +5.0000e+00 -4.1293e+00 +2.9567e-01 +3.0118e-01
1425 0 +8.231303944e+00 +8.962130394e+01 +8.962130394e+01 +8.0924e-01 +4.9937e+00 -2.9345e+00 +2.9567e-01 +3.0118e-01
1505 0 +6.053029516e+00 +8.744302952e+01 +8.744302952e+01 +8.0924e-01 +4.1514e+00 -2.9345e+00 +2.9330e-01 +3.0118e-01
2345 0 +5.151202254e+00 +8.654120225e+01 +8.654120225e+01 +8.0924e-01 +4.1514e+00 -2.9345e+00 +2.9330e-01 +6.0774e-01
2371 0 +4.511274726e+00 +8.590127473e+01 +8.590127473e+01 +8.6237e-01 +4.1376e+00 -2.4506e+00 -9.7910e-02 +6.0664e-01
2385 0 +3.845047517e+00 +8.523504752e+01 +8.523504752e+01 +8.0924e-01 +4.1917e+00 -2.9823e+00 +2.9330e-01 +3.0079e-01
2793 0 +3.747887545e+00 +8.513788754e+01 +8.513788754e+01 +9.1940e-01 +4.1347e+00 -3.0122e+00 -1.0489e-01 +6.3260e-01
2825 0 +3.261407844e+00 +8.465140784e+01 +8.465140784e+01 +8.0924e-01 +4.1917e+00 -2.9823e+00 +2.9330e-01 +6.4170e-01
2901 0 +3.027877484e+00 +8.441787748e+01 +8.441787748e+01 +1.8641e+00 +4.1570e+00 -3.0253e+00 +2.9721e-01 +6.2640e-01
2981 0 +2.768474593e+00 +8.415847459e+01 +8.415847459e+01 +8.7307e-01 +4.0966e+00 -3.0253e+00 +2.9721e-01 +6.3497e-01
2999 0 +1.305747269e+00 +8.269574727e+01 +8.269574727e+01 +8.6203e-01 +4.2661e+00 -3.0186e+00 +2.8623e-01 +6.1920e-01
3593 0 +1.204068614e+00 +8.259406861e+01 +8.259406861e+01 +8.7982e-01 +4.2358e+00 -3.0122e+00 +3.0852e-01 +6.2123e-01
3713 0 +1.194846361e+00 +8.258484636e+01 +8.258484636e+01 +8.7415e-01 +4.2358e+00 -3.0122e+00 +3.0852e-01 +6.2272e-01
3725 0 +1.109230850e+00 +8.249923085e+01 +8.249923085e+01 +8.6802e-01 +4.2713e+00 -3.0032e+00 +3.0390e-01 +6.2298e-01
3883 0 +1.093242724e+00 +8.248324272e+01 +8.248324272e+01 +8.6624e-01 +4.2735e+00 -3.0056e+00 +2.9772e-01 +6.2106e-01
3963 0 +1.008580273e+00 +8.239858027e+01 +8.239858027e+01 +8.6624e-01 +4.2505e+00 -3.0056e+00 +2.9772e-01 +6.2106e-01
% f evaluations | g evaluations | best noise-free fitness - Fopt (4.144000000000e+01) + sum g_i+ | measured fitness | best measured fitness or single-digit g-values | x1 | x2...
1 0 +7.333020283e+03 +7.374460283e+03 +7.374460283e+03 -1.0125e+00 +4.7365e+00 -2.5938e+00 -1.0804e+00 +4.5334e+00
2 0 +5.470705328e+03 +5.512145328e+03 +5.512145328e+03 +2.9286e+00 +1.0047e+00 -2.5129e+00 +4.0874e+00 +3.6560e+00
3 0 +5.471381743e+02 +5.885781743e+02 +5.885781743e+02 -2.9740e+00 +1.6990e+00 +3.1017e+00 +3.8030e+00 -4.5713e+00
7 0 +4.324911373e+02 +4.739311373e+02 +4.739311373e+02 -1.6503e+00 +2.1873e+00 +1.3925e+00 -4.8991e-01 +1.6587e-01
15 0 +1.449626989e+02 +1.864026989e+02 +1.864026989e+02 +2.0502e+00 +2.6577e-01 -2.6049e-01 -3.7551e+00 -4.4616e+00
19 0 +1.028728827e+02 +1.443128827e+02 +1.443128827e+02 +2.6759e+00 -1.0099e+00 +4.6890e+00 +3.3045e-01 -3.8846e+00
81 0 +5.580794307e+01 +9.724794307e+01 +9.724794307e+01 -6.6235e-01 -8.8872e-01 +3.4435e+00 -1.1944e+00 -2.7986e+00
281 0 +4.139061084e+01 +8.283061084e+01 +8.283061084e+01 -6.6235e-01 -1.2228e+00 +3.4435e+00 -8.8504e-01 -4.3542e+00
507 0 +1.785361663e+01 +5.929361663e+01 +5.929361663e+01 +3.3970e+00 -2.6407e+00 +2.6006e+00 -2.2588e+00 -3.3769e+00
947 0 +1.621189401e+01 +5.765189401e+01 +5.765189401e+01 +3.3970e+00 -2.6407e+00 +2.6006e+00 -9.2466e-01 -3.3769e+00
1067 0 +1.413079141e+01 +5.557079141e+01 +5.557079141e+01 +3.3970e+00 -2.6407e+00 +2.6006e+00 -1.3362e+00 -3.3769e+00
1365 0 +1.266026394e+01 +5.410026394e+01 +5.410026394e+01 +1.2318e+00 -2.6970e+00 +1.9124e+00 -4.2381e-01 -3.0902e+00
1377 0 +1.140101043e+01 +5.284101043e+01 +5.284101043e+01 +1.1943e+00 -2.6169e+00 +1.8471e+00 -1.8195e+00 -2.9998e+00
1471 0 +1.027040037e+01 +5.171040037e+01 +5.171040037e+01 +1.3301e+00 -1.8237e+00 +2.5967e+00 -8.7728e-01 -3.3419e+00
1495 0 +9.923491053e+00 +5.136349105e+01 +5.136349105e+01 +1.4189e+00 -2.6717e+00 +2.5415e+00 -1.7886e+00 -4.0834e+00
1535 0 +8.006392659e+00 +4.944639266e+01 +4.944639266e+01 +2.2770e+00 -2.6717e+00 +2.5415e+00 -1.7886e+00 -4.0834e+00
1587 0 +5.664922013e+00 +4.710492201e+01 +4.710492201e+01 +1.2087e+00 -2.6407e+00 +2.6006e+00 -1.3362e+00 -3.3769e+00
1733 0 +2.859727658e+00 +4.429972766e+01 +4.429972766e+01 +1.3233e+00 -2.5687e+00 +2.5446e+00 -1.7880e+00 -3.0458e+00
3151 0 +2.773591769e+00 +4.421359177e+01 +4.421359177e+01 +1.3126e+00 -2.6547e+00 +2.5796e+00 -1.3864e+00 -3.3966e+00
3165 0 +2.730870454e+00 +4.417087045e+01 +4.417087045e+01 +1.2318e+00 -2.5901e+00 +2.5443e+00 -1.3464e+00 -3.3684e+00
3187 0 +1.578018298e+00 +4.301801830e+01 +4.301801830e+01 +1.2570e+00 -2.6407e+00 +2.5417e+00 -1.3362e+00 -3.4032e+00
3639 0 +1.537576321e+00 +4.297757632e+01 +4.297757632e+01 +1.3206e+00 -2.6217e+00 +2.5402e+00 -1.3475e+00 -3.0509e+00
3653 0 +1.438667690e+00 +4.287866769e+01 +4.287866769e+01 +1.3233e+00 -2.6137e+00 +2.5446e+00 -8.8382e-01 -3.4074e+00
3759 0 +1.385973797e+00 +4.282597380e+01 +4.282597380e+01 +1.3206e+00 -2.6005e+00 +2.5402e+00 -1.3475e+00 -3.0509e+00
3799 0 +1.270125222e+00 +4.271012522e+01 +4.271012522e+01 +1.3084e+00 -2.6005e+00 +2.5402e+00 -1.3475e+00 -3.0509e+00
3839 0 +3.915531938e-01 +4.183155319e+01 +4.183155319e+01 +1.2982e+00 -2.6005e+00 +2.5266e+00 -1.3475e+00 -3.4131e+00
% f evaluations | g evaluations | best noise-free fitness - Fopt (-2.709000000000e+01) + sum g_i+ | measured fitness | best measured fitness or single-digit g-values | x1 | x2...
1 0 +6.115177813e+02 +5.844277813e+02 +5.844277813e+02 +3.2691e+00 +1.9942e+00 -4.4752e+00 -3.3501e+00 -2.2318e+00
3 0 +3.206230447e+02 +2.935330447e+02 +2.935330447e+02 +8.2161e-01 +2.1422e+00 -1.9377e+00 +3.4008e+00 -5.6146e-01
4 0 +1.184787758e+02 +9.138877580e+01 +9.138877580e+01 -3.9917e+00 -3.4892e-01 +3.1613e+00 +3.0002e+00 +3.1231e+00
16 0 +1.133397990e+02 +8.624979897e+01 +8.624979897e+01 -1.3459e+00 -5.0199e-01 -2.2788e+00 +3.5342e+00 +3.5420e+00
17 0 +7.884341733e+01 +5.175341733e+01 +5.175341733e+01 +2.1102e-01 -1.5113e+00 -5.9869e-01 +3.1567e+00 +2.3833e+00
55 0 +6.008230125e+01 +3.299230125e+01 +3.299230125e+01 -1.1566e+00 -5.0000e+00 -6.1364e-01 +9.6079e-01 +3.4091e+00
59 0 +5.138440692e+01 +2.429440692e+01 +2.429440692e+01 -2.0248e+00 +1.1333e-01 +2.8392e+00 +1.7201e+00 +3.6299e+00
99 0 +4.868937165e+01 +2.159937165e+01 +2.159937165e+01 -1.6708e+00 +1.1333e-01 +2.8392e+00 +1.3340e+00 +3.6824e+00
215 0 +4.542338412e+01 +1.833338412e+01 +1.833338412e+01 +2.2229e+00 -5.0000e+00 -6.1364e-01 +9.6079e-01 +3.4091e+00
255 0 +4.288598057e+01 +1.579598057e+01 +1.579598057e+01 +2.2229e+00 -5.0000e+00 -6.1364e-01 +9.6079e-01 +3.9957e+00
339 0 +3.500201643e+01 +7.912016432e+00 +7.912016432e+00 -5.8370e-01 +1.1333e-01 +6.2207e-01 +1.3340e+00 +3.6824e+00
513 0 +2.282444940e+01 -4.265550601e+00 -4.265550601e+00 +3.2584e+00 -1.9183e+00 +3.8417e-01 +2.7297e+00 +2.9816e+00
619 0 +1.988344552e+01 -7.206554485e+00 -7.206554485e+00 -5.8370e-01 -1.9549e+00 +6.2207e-01 +1.3340e+00 +3.6824e+00
677 0 +1.020648606e+01 -1.688351394e+01 -1.688351394e+01 +1.8746e-01 -1.2104e+00 +1.6244e+00 +1.4097e+00 +2.9973e+00
1589 0 +9.505618274e+00 -1.758438173e+01 -1.758438173e+01 +1.2067e+00 -1.2104e+00 +4.9153e-01 +2.2523e+00 +2.9973e+00
1687 0 +7.698724547e+00 -1.939127545e+01 -1.939127545e+01 +2.2947e-01 -3.4833e+00 +1.6086e+00 +1.8050e+00 +3.0042e+00
1727 0 +6.746673323e+00 -2.034332668e+01 -2.034332668e+01 +2.2947e-01 -1.8160e+00 +1.6086e+00 +1.8050e+00 +3.0042e+00
2127 0 +6.308953222e+00 -2.078104678e+01 -2.078104678e+01 +2.2947e-01 -1.8160e+00 +1.6135e+00 +1.8050e+00 +3.0042e+00
2415 0 +5.446797108e+00 -2.164320289e+01 -2.164320289e+01 +2.2229e+00 -2.6125e+00 +1.0806e+00 +1.3478e+00 +3.3220e+00
2895 0 +3.813297161e+00 -2.327670284e+01 -2.327670284e+01 +2.2229e+00 -2.6125e+00 +1.0806e+00 +1.4080e+00 +3.3220e+00
3361 0 +3.562908030e+00 -2.352709197e+01 -2.352709197e+01 +1.6213e-01 -1.8559e+00 +1.0596e+00 +1.7887e+00 +3.3389e+00
3621 0 +2.940045107e+00 -2.414995489e+01 -2.414995489e+01 +1.1843e+00 -2.5588e+00 +1.6300e+00 +1.7965e+00 +3.3424e+00
4015 0 +2.502184920e+00 -2.458781508e+01 -2.458781508e+01 +1.0991e+00 -2.6125e+00 +1.0806e+00 +1.4080e+00 +3.3220e+00
% f evaluations | g evaluations | best noise-free fitness - Fopt (5.175000000000e+01) + sum g_i+ | measured fitness | best measured fitness or single-digit g-values | x1 | x2...
1 0 +2.168758111e+02 +2.686258111e+02 +2.686258111e+02 +4.2779e+00 -1.0980e+00 +2.5486e+00 +3.9044e+00 +2.1045e+00
2 0 +2.110894356e+02 +2.628394356e+02 +2.628394356e+02 +4.9121e+00 +1.1916e+00 +9.2071e-01 +4.3991e+00 -2.9333e-01
3 0 +1.256446603e+02 +1.773946603e+02 +1.773946603e+02 +4.2680e-01 +2.4702e-01 +5.8504e-01 +3.0171e+00 -5.2108e-01
5 0 +9.552831692e+01 +1.472783169e+02 +1.472783169e+02 -4.6711e+00 -2.5438e+00 +3.5738e+00 -1.7383e+00 +1.3314e-01
69 0 +6.316033522e+01 +1.149103352e+02 +1.149103352e+02 -1.5120e+00 -2.5438e+00 +3.5738e+00 -2.0372e-01 +1.3314e-01
121 0 +6.215999382e+01 +1.139099938e+02 +1.139099938e+02 -9.6223e-01 -2.0323e-01 +2.2752e+00 -6.2764e-01 -6.2525e-02
185 0 +5.859840117e+01 +1.103484012e+02 +1.103484012e+02 +4.2680e-01 +2.4702e-01 +2.7048e+00 +3.2534e-01 -3.0225e-01
293 0 +1.315331263e+01 +6.490331263e+01 +6.490331263e+01 +1.0259e-01 -4.4745e-01 +3.5469e+00 +9.0176e-01 +4.5684e-01
1257 0 +1.255759803e+01 +6.430759803e+01 +6.430759803e+01 -7.4429e-01 +1.3140e+00 +2.4971e+00 +8.5802e-01 -2.4019e-01
1523 0 +9.388688609e+00 +6.113868861e+01 +6.113868861e+01 -1.8356e+00 -3.6532e-01 +3.0236e+00 +8.9964e-01 +5.7640e-02
1719 0 +7.109109846e+00 +5.885910985e+01 +5.885910985e+01 +1.0624e+00 -4.1333e-01 +3.0151e+00 +8.6111e-01 +7.0570e-02
2003 0 +6.416368725e+00 +5.816636872e+01 +5.816636872e+01 -8.6559e-01 -3.6532e-01 +3.0236e+00 +8.9964e-01 +5.7640e-02
2183 0 +4.373634334e+00 +5.612363433e+01 +5.612363433e+01 +1.3502e-01 +5.2046e-01 +2.4788e+00 +4.1661e-01 +5.9270e-02
3111 0 +2.932115430e+00 +5.468211543e+01 +5.468211543e+01 +1.3507e-01 +4.3521e-01 +3.5790e+00 +8.2615e-01 +9.2725e-02
3497 0 +2.184390001e+00 +5.393439000e+01 +5.393439000e+01 +1.5846e-01 -3.4755e-01 +3.0160e+00 +8.5802e-01 +5.9790e-02
3617 0 +2.080786130e+00 +5.383078613e+01 +5.383078613e+01 +1.0358e-01 -3.4755e-01 +3.0160e+00 +8.5802e-01 +5.9790e-02
% f evaluations | g evaluations | best noise-free fitness - Fopt (-5.541400000000e+02) + sum g_i+ | measured fitness | best measured fitness or single-digit g-values | x1 | x2...
1 0 +2.175139779e+02 -3.366260221e+02 -3.366260221e+02 -3.8545e+00 +3.7146e+00 -4.4575e+00 +1.1632e+00 +3.6121e-01
2 0 +1.189992788e+02 -4.351407212e+02 -4.351407212e+02 -5.7795e-01 +4.0996e+00 +1.7653e+00 +1.3584e+00 +2.2918e+00
13 0 +8.863020904e+01 -4.655097910e+02 -4.655097910e+02 -3.1691e+00 +4.4224e+00 +2.2522e+00 +1.1596e-01 +1.5383e-01
85 0 +7.779305959e+01 -4.763469404e+02 -4.763469404e+02 +4.0314e+00 +4.4224e+00 +2.2522e+00 +1.1596e-01 +1.5383e-01
133 0 +6.898778711e+01 -4.851522129e+02 -4.851522129e+02 +9.5084e-01 +1.8229e+00 -5.6793e-01 +1.3825e+00 +7.8067e-01
137 0 +5.888011392e+01 -4.952598861e+02 -4.952598861e+02 +1.6410e+00 +2.1890e+00 -2.0740e-01 +1.3154e+00 +9.0015e-01
177 0 +5.445545863e+01 -4.996845414e+02 -4.996845414e+02 +1.6410e+00 +5.0000e+00 -2.0740e-01 +1.3154e+00 +9.0015e-01
297 0 +4.260281648e+01 -5.115371835e+02 -5.115371835e+02 -4.1212e-01 +5.0000e+00 +2.1286e+00 +1.3154e+00 +9.0015e-01
341 0 +4.099350326e+01 -5.131464967e+02 -5.131464967e+02 -4.6397e-02 +2.7954e+00 +2.2509e+00 +1.3198e+00 +7.1612e-01
347 0 +3.549610011e+01 -5.186438999e+02 -5.186438999e+02 -2.8154e-01 +2.2538e+00 +2.1413e+00 +3.1181e+00 +2.3855e-01
397 0 +2.450861909e+01 -5.296313809e+02 -5.296313809e+02 +8.6879e-01 +4.0503e+00 +5.5690e-01 +1.4265e+00 +3.3839e-01
615 0 +2.229195056e+01 -5.318480494e+02 -5.318480494e+02 +8.6879e-01 +2.7694e+00 +2.6811e+00 +2.2117e+00 +3.2261e-01
643 0 +2.163503286e+01 -5.325049671e+02 -5.325049671e+02 +8.8456e-01 +3.8936e+00 +2.1029e+00 +2.2136e+00 +4.3277e-01
735 0 +1.862194743e+01 -5.355180526e+02 -5.355180526e+02 +8.6879e-01 +2.9931e+00 +2.6811e+00 +2.2117e+00 +3.2261e-01
883 0 +1.755127061e+01 -5.365887294e+02 -5.365887294e+02 +8.4491e-01 +2.5025e+00 +2.1029e+00 +2.5970e+00 +6.1339e-01
1075 0 +1.623287389e+01 -5.379071261e+02 -5.379071261e+02 +2.8447e+00 +2.3479e+00 +1.5857e+00 +1.3843e+00 -3.7703e-01
1097 0 +1.496654734e+01 -5.391734527e+02 -5.391734527e+02 -2.7299e-01 +3.2431e+00 +2.1286e+00 +1.8277e+00 +9.9221e-01
1597 0 +1.273231662e+01 -5.414076834e+02 -5.414076834e+02 +8.6879e-01 +3.2174e+00 +1.0653e+00 +1.3725e+00 +3.3839e-01
1635 0 +1.051086780e+01 -5.436291322e+02 -5.436291322e+02 +8.4686e-01 +3.2189e+00 +1.5857e+00 +1.3843e+00 +7.0224e-01
1817 0 +8.450024866e+00 -5.456899751e+02 -5.456899751e+02 +8.9897e-01 +3.2431e+00 +2.1286e+00 +1.8277e+00 +9.9221e-01
1991 0 +7.248391063e+00 -5.468916089e+02 -5.468916089e+02 +8.8999e-01 +2.4711e+00 +2.0815e+00 +2.2787e+00 +6.2164e-01
2219 0 +6.345755352e+00 -5.477942446e+02 -5.477942446e+02 +8.5128e-01 +4.0475e+00 +2.1290e+00 +2.6830e+00 +6.8201e-01
2311 0 +5.750830599e+00 -5.483891694e+02 -5.483891694e+02 +8.8999e-01 +2.4711e+00 +2.1176e+00 +2.2787e+00 +6.2164e-01
2795 0 +4.959203066e+00 -5.491807969e+02 -5.491807969e+02 +8.8257e-01 +3.2092e+00 +1.5857e+00 +2.2457e+00 +2.6159e-01
3141 0 +4.226767171e+00 -5.499132328e+02 -5.499132328e+02 +8.5911e-01 +3.9827e+00 +2.1069e+00 +2.2355e+00 +6.4902e-01
3261 0 +3.286415321e+00 -5.508535847e+02 -5.508535847e+02 +8.5911e-01 +3.9827e+00 +2.1069e+00 +2.2355e+00 +2.8757e-01
3913 0 +2.851221309e+00 -5.512887787e+02 -5.512887787e+02 +8.4591e-01 +3.1620e+00 +2.1282e+00 +2.2437e+00 +2.8623e-01
% f evaluations | g evaluations | best noise-free fitness - Fopt (1.774000000000e+01) + sum g_i+ | measured fitness | best measured fitness or single-digit g-values | x1 | x2...
1 0 +1.301851030e+02 +1.479251030e+02 +1.479251030e+02 -6.5416e-01 +4.6886e+00 -2.7151e+00 -1.0913e+00 +1.1598e+00
12 0 +9.835344676e+01 +1.160934468e+02 +1.160934468e+02 +2.4103e+00 -1.4856e-01 -3.2545e+00 +4.0834e+00 +2.3774e+00
13 0 +9.767742897e+01 +1.154174290e+02 +1.154174290e+02 -3.1429e+00 +4.7699e+00 -3.2410e+00 +3.1523e+00 +2.5336e+00
43 0 +8.854110417e+01 +1.062811042e+02 +1.062811042e+02 +2.4103e+00 -1.4856e-01 -1.0699e+00 +3.5821e+00 +2.3774e+00
119 0 +7.826886286e+01 +9.600886286e+01 +9.600886286e+01 +2.6240e+00 +2.9119e+00 -4.2414e+00 +2.5904e+00 -1.5532e-01
143 0 +5.892191615e+01 +7.666191615e+01 +7.666191615e+01 -1.5090e+00 +1.5996e+00 -9.6957e-01 +1.0371e+00 +7.3609e-01
197 0 +5.785839522e+01 +7.559839522e+01 +7.559839522e+01 +2.6577e-01 +1.6175e+00 -4.2291e+00 +2.0051e+00 +3.7252e-01
223 0 +4.185717740e+01 +5.959717740e+01 +5.959717740e+01 +1.2708e+00 +1.5996e+00 -5.0000e+00 +1.0371e+00 +7.3609e-01
277 0 +3.643666193e+01 +5.417666193e+01 +5.417666193e+01 +2.6577e-01 +1.6175e+00 -1.5276e+00 +2.0051e+00 +3.7252e-01
429 0 +2.827732507e+01 +4.601732507e+01 +4.601732507e+01 +3.2437e+00 +1.3715e+00 -3.1951e+00 +3.1831e+00 +1.0522e+00
579 0 +2.699242009e+01 +4.473242009e+01 +4.473242009e+01 -1.7278e+00 +2.3156e+00 -3.2108e+00 +2.3186e+00 +7.2944e-01
591 0 +2.468253684e+01 +4.242253684e+01 +4.242253684e+01 +2.0957e+00 +1.5996e+00 -2.6853e+00 +2.2287e+00 +6.1032e-01
609 0 +2.338592419e+01 +4.112592419e+01 +4.112592419e+01 +4.1891e+00 +2.4419e+00 -3.6249e+00 +2.3193e+00 +1.3590e+00
631 0 +1.514150630e+01 +3.288150630e+01 +3.288150630e+01 +2.0957e+00 +3.1353e+00 -2.6853e+00 +2.2287e+00 +1.0893e+00
943 0 +1.491188560e+01 +3.265188560e+01 +3.265188560e+01 +1.2708e+00 +3.8370e+00 -2.6091e+00 +2.2707e+00 +3.0926e-01
949 0 +1.428663429e+01 +3.202663429e+01 +3.202663429e+01 +3.2437e+00 +3.0775e+00 -3.1951e+00 +3.1831e+00 +1.0522e+00
1191 0 +1.064188941e+01 +2.838188941e+01 +2.838188941e+01 +2.0957e+00 +3.1353e+00 -2.6808e+00 +2.2287e+00 +6.8547e-01
1465 0 +7.522062252e+00 +2.526206225e+01 +2.526206225e+01 +2.9256e-01 +3.1971e+00 -2.7686e+00 +2.2263e+00 +9.9915e-01
1797 0 +6.409941486e+00 +2.414994149e+01 +2.414994149e+01 +2.2238e+00 +1.6175e+00 -2.7258e+00 +2.2568e+00 +6.7789e-01
1857 0 +6.104232159e+00 +2.384423216e+01 +2.384423216e+01 +1.2627e+00 +2.2983e+00 -2.6657e+00 +2.2416e+00 +9.8372e-01
1877 0 +4.982727933e+00 +2.272272793e+01 +2.272272793e+01 +2.2238e+00 +2.3128e+00 -2.7258e+00 +2.2568e+00 +6.7789e-01
1917 0 +4.233390998e+00 +2.197339100e+01 +2.197339100e+01 +2.2238e+00 +2.3128e+00 -2.7258e+00 +2.2568e+00 +7.2321e-01
1945 0 +3.591094817e+00 +2.133109482e+01 +2.133109482e+01 +1.2516e+00 +2.3574e+00 -2.7686e+00 +2.2263e+00 +9.9915e-01
2297 0 +3.138267040e+00 +2.087826704e+01 +2.087826704e+01 +1.2627e+00 +2.2983e+00 -2.1400e+00 +2.2416e+00 +1.0354e+00
2683 0 +2.042470302e+00 +1.978247030e+01 +1.978247030e+01 +2.2500e+00 +2.3378e+00 -2.1703e+00 +2.2388e+00 +1.0330e+00
3109 0 +1.524440767e+00 +1.926444077e+01 +1.926444077e+01 +2.2279e+00 +2.3484e+00 -2.6996e+00 +2.2475e+00 +1.0185e+00
3119 0 +1.471326424e+00 +1.921132642e+01 +1.921132642e+01 +2.2878e+00 +2.3711e+00 -2.7175e+00 +2.2426e+00 +1.0253e+00
3423 0 +1.366040169e+00 +1.910604017e+01 +1.910604017e+01 +2.2493e+00 +2.3530e+00 -2.7222e+00 +2.2545e+00 +1.0265e+00
3569 0 +1.285009071e+00 +1.902500907e+01 +1.902500907e+01 +2.2345e+00 +2.3262e+00 -2.1382e+00 +2.2627e+00 +1.0290e+00
3695 0 +1.179970699e+00 +1.891997070e+01 +1.891997070e+01 +2.2597e+00 +2.3686e+00 -2.7071e+00 +2.2565e+00 +1.0141e+00
3737 0 +9.532439170e-01 +1.869324392e+01 +1.869324392e+01 +2.2109e+00 +2.3873e+00 -2.1400e+00 +2.2527e+00 +1.0230e+00
3777 0 +4.489339416e-01 +1.818893394e+01 +1.818893394e+01 +2.2903e+00 +2.3728e+00 -2.1400e+00 +2.2527e+00 +1.0230e+00
3857 0 +3.819405368e-01 +1.812194054e+01 +1.812194054e+01 +2.2685e+00 +2.3741e+00 -2.1447e+00 +2.2527e+00 +1.0230e+00
3897 0 +2.690239140e-01 +1.800902391e+01 +1.800902391e+01 +2.2685e+00 +2.3741e+00 -2.1447e+00 +2.2488e+00 +1.0200e+00
3977 0 +2.569106038e-01 +1.799691060e+01 +1.799691060e+01 +2.2542e+00 +2.3741e+00 -2.1447e+00 +2.2488e+00 +1.0200e+00
