% f evaluations | g evaluations | best noise-free fitness - Fopt (-5.465000000000e+02) + sum g_i+ | measured fitness | best measured fitness or single-digit g-values | x1 | x2...
1 0 +2.876190445e+04 +2.821540445e+04 +2.821540445e+04 -2.5710e+00 +7.1387e-01 -3.9148e-01 +2.2127e+00 +4.7612e+00
4 0 +1.016875285e+04 +9.622252848e+03 +9.622252848e+03 -5.8642e-01 -2.4265e+00 -2.1394e-01 -4.0883e+00 +2.7678e+00
5 0 +9.683641218e+03 +9.137141218e+03 +9.137141218e+03 -8.5903e-01 +1.5431e+00 -1.2498e+00 -3.8078e+00 -1.1509e+00
12 0 +5.560953940e+03 +5.014453940e+03 +5.014453940e+03 +4.1630e+00 +1.8739e+00 +3.3794e-01 -5.7757e-01 -2.4160e-02
14 0 +4.076893435e+03 +3.530393435e+03 +3.530393435e+03 -4.8815e-01 -4.9912e-01 +2.9335e+00 -3.4100e+00 +5.2541e-01
16 0 +2.596852167e+03 +2.050352167e+03 +2.050352167e+03 -6.7732e-01 -2.9000e+00 +9.6937e-01 -1.3388e+00 +2.2159e+00
80 0 +2.064175508e+03 +1.517675508e+03 +1.517675508e+03 -3.2892e-01 -3.1743e-01 +6.2804e-02 -1.0448e-01 +5.7228e-01
82 0 +8.122435071e+02 +2.657435071e+02 +2.657435071e+02 -3.8701e-02 -1.9606e-01 +2.6306e-03 -3.0598e-01 +7.5638e-01
83 0 +5.691659610e+02 +2.266596099e+01 +2.266596099e+01 -1.4185e-01 -5.6681e-01 -3.1372e-02 -6.0853e-01 +6.7316e-01
110 0 +5.123568736e+00 -5.413764313e+02 -5.413764313e+02 +1.3327e-01 -2.1705e-01 +3.7007e-01 -5.8392e-01 +1.0938e+00
128 0 +4.762964716e+00 -5.417370353e+02 -5.417370353e+02 -2.4925e+00 +4.4443e-03 +2.7715e+00 -1.6567e+00 +1.7754e+00
808 0 +4.540316339e+00 -5.419596837e+02 -5.419596837e+02 +2.1945e-01 -1.0212e-01 +6.7437e-02 -7.5489e-01 +1.0766e+00
2645 0 +3.707670604e+00 -5.427923294e+02 -5.427923294e+02 -2.3476e+00 +2.2805e+00 +3.8251e-01 -1.6912e+00 +1.0264e+00
12030 0 +2.496310026e+00 -5.440036900e+02 -5.440036900e+02 +1.1100e-01 +1.8210e+00 -4.0557e-01 -2.6903e+00 +5.1272e-01
77130 0 +8.329872563e-01 -5.456670127e+02 -5.456670127e+02 -2.0655e+00 -7.0705e-01 +2.7395e+00 -1.9772e+00 +2.0937e+00
% f evaluations | g evaluations | best noise-free fitness - Fopt (1.000000000000e+03) + sum g_i+ | measured fitness | best measured fitness or single-digit g-values | x1 | x2...
1 0 +2.458760035e+04 +2.558760035e+04 +2.558760035e+04 +7.7537e-01 +7.9625e-01 +1.9593e+00 +5.5450e-01 -4.7466e+00
3 0 +1.132010540e+04 +1.232010540e+04 +1.232010540e+04 +3.8522e+00 -1.0124e+00 +8.7902e-01 -4.8447e+00 -1.8555e+00
6 0 +8.386552397e+03 +9.386552397e+03 +9.386552397e+03 +4.4605e+00 -4.5765e-01 -3.4754e+00 -6.4828e-02 -3.9764e+00
7 0 +4.499068829e+03 +5.499068829e+03 +5.499068829e+03 +3.3243e+00 +1.7941e+00 -3.2683e+00 -3.1443e+00 -1.4698e-01
27 0 +4.366046292e+03 +5.366046292e+03 +5.366046292e+03 -3.1871e-03 +2.2735e-01 +9.9018e-02 -3.9535e-01 -6.0761e-02
51 0 +4.101978674e+03 +5.101978674e+03 +5.101978674e+03 +7.7013e-02 -1.7807e-01 +1.2915e-01 -1.0569e-01 -2.5607e-01
77 0 +1.387706995e+03 +2.387706995e+03 +2.387706995e+03 +1.8854e-01 +1.5182e-01 +8.2521e-02 -5.7386e-01 -4.5343e-01
112 0 +1.190469345e+03 +2.190469345e+03 +2.190469345e+03 +1.0857e-01 +4.8399e-02 -4.5165e-01 -8.8890e-01 -4.0765e-01
133 0 +2.956138079e+02 +1.295613808e+03 +1.295613808e+03 +1.3176e-01 -1.5184e-01 -4.3598e-01 -7.8885e-01 -7.0846e-01
134 0 +1.311608245e+01 +1.013116082e+03 +1.013116082e+03 -1.0246e-01 -3.4563e-01 -1.2875e+00 -1.0113e+00 -8.7409e-01
161 0 +4.171987401e+00 +1.004171987e+03 +1.004171987e+03 -2.1428e-01 +3.3881e-01 -1.1186e+00 -1.8339e+00 -9.4693e-01
166 0 +4.108332855e+00 +1.004108333e+03 +1.004108333e+03 +8.4232e-02 -7.7782e-01 -3.0914e-01 -9.9343e-01 -9.9180e-01
193 0 +4.038809331e+00 +1.004038809e+03 +1.004038809e+03 -5.4634e-01 -2.4123e-01 -3.7070e-01 -1.6007e+00 -1.1239e+00
217 0 +3.166217767e+00 +1.003166218e+03 +1.003166218e+03 -3.3515e-01 -1.2373e-01 -6.0953e-01 -1.0629e+00 -1.1109e+00
248 0 +2.822705643e+00 +1.002822706e+03 +1.002822706e+03 -1.7413e-01 -1.5731e-01 -1.3672e+00 -1.5545e+00 -2.2775e+00
388 0 +2.554256850e+00 +1.002554257e+03 +1.002554257e+03 -1.2001e+00 -5.3930e-01 -1.1485e+00 -8.7022e-01 -2.4092e+00
638 0 +2.475174569e+00 +1.002475175e+03 +1.002475175e+03 -9.3152e-01 +7.6539e-01 -4.8111e-01 -1.0150e+00 -2.0207e+00
722 0 +2.229436822e+00 +1.002229437e+03 +1.002229437e+03 -8.2058e-01 +4.2068e-01 -4.8011e-01 -1.3765e+00 -2.2883e+00
1116 0 +2.104710017e+00 +1.002104710e+03 +1.002104710e+03 -1.1019e+00 +3.4032e-01 -4.5297e-01 -1.3550e+00 -2.3137e+00
1200 0 +2.060575385e+00 +1.002060575e+03 +1.002060575e+03 -1.0972e+00 +3.5394e-01 -4.5563e-01 -1.3467e+00 -2.2942e+00
1204 0 +1.963883902e+00 +1.001963884e+03 +1.001963884e+03 -1.0499e+00 +3.5283e-01 -5.2872e-01 -1.3206e+00 -2.2849e+00
1281 0 +1.904169765e+00 +1.001904170e+03 +1.001904170e+03 -1.0519e+00 +3.0787e-01 -5.2744e-01 -1.3722e+00 -2.2855e+00
1535 0 +1.859133567e+00 +1.001859134e+03 +1.001859134e+03 -1.0231e+00 +3.1877e-01 -5.1622e-01 -1.3503e+00 -2.2973e+00
6548 0 +1.638938095e+00 +1.001638938e+03 +1.001638938e+03 -9.1447e-01 -3.0320e-01 -6.0568e-01 -2.0100e+00 -2.1494e+00
7221 0 +1.620688728e+00 +1.001620689e+03 +1.001620689e+03 -1.0151e+00 -3.3798e-01 -6.8489e-01 -1.7096e+00 -2.2071e+00
11867 0 +1.570745411e+00 +1.001570745e+03 +1.001570745e+03 +1.5341e+00 +3.2250e-01 -1.0276e+00 -8.5662e-01 -1.2627e+00
12034 0 +1.542574306e+00 +1.001542574e+03 +1.001542574e+03 +1.5190e+00 +2.9003e-01 -1.0251e+00 -8.4501e-01 -1.2772e+00
26677 0 +1.471489852e+00 +1.001471490e+03 +1.001471490e+03 +6.8027e-01 +7.5736e-01 -4.0520e-01 -2.5394e+00 -2.0073e+00
26908 0 +1.437163125e+00 +1.001437163e+03 +1.001437163e+03 +6.0437e-01 +7.5741e-01 -4.1648e-01 -2.5260e+00 -1.9970e+00
31469 0 +9.802982490e-01 +1.000980298e+03 +1.000980298e+03 -1.0142e+00 -3.1440e-01 -7.0543e-01 -2.4798e+00 -2.0123e+00
31832 0 +9.686793749e-01 +1.000968679e+03 +1.000968679e+03 -1.0695e+00 -3.5958e-01 -6.7980e-01 -2.4816e+00 -2.0193e+00
31886 0 +9.487246649e-01 +1.000948725e+03 +1.000948725e+03 -9.9679e-01 -3.0836e-01 -6.8465e-01 -2.4705e+00 -2.0262e+00
31946 0 +9.320174971e-01 +1.000932017e+03 +1.000932017e+03 -9.9299e-01 -3.1443e-01 -6.5741e-01 -2.4717e+00 -2.0162e+00
32252 0 +9.116215903e-01 +1.000911622e+03 +1.000911622e+03 -1.0279e+00 -3.2823e-01 -6.7851e-01 -2.4588e+00 -2.0142e+00
% f evaluations | g evaluations | best noise-free fitness - Fopt (2.083800000000e+02) + sum g_i+ | measured fitness | best measured fitness or single-digit g-values | x1 | x2...
1 0 +7.312522433e+04 +7.333360433e+04 +7.333360433e+04 +1.4279e+00 -3.8010e+00 +1.4266e-01 -2.0597e+00 -1.7647e+00
3 0 +1.411035615e+03 +1.619415615e+03 +1.619415615e+03 +1.0288e-01 -1.6955e+00 +2.0614e-01 +1.0218e+00 +4.8754e-01
108 0 +8.791772982e+02 +1.087557298e+03 +1.087557298e+03 +4.8782e-01 +7.3919e-01 -4.6373e-01 +1.0856e+00 +4.7195e-01
110 0 +2.543137126e+01 +2.338113713e+02 +2.338113713e+02 -3.8211e-02 +6.3980e-01 -6.2881e-02 +7.9389e-01 +9.0239e-01
139 0 +9.830360285e+00 +2.182103603e+02 +2.182103603e+02 +2.1601e-01 +7.1800e-01 -2.0943e-01 +1.5548e+00 +1.2325e+00
162 0 +3.856956199e+00 +2.122369562e+02 +2.122369562e+02 +1.9914e-01 +1.2667e+00 -2.5356e-01 +1.5040e+00 +1.6249e+00
193 0 +3.588920759e+00 +2.119689208e+02 +2.119689208e+02 +1.2145e-01 +1.0514e+00 +3.2115e-01 +1.7384e+00 +2.0912e+00
219 0 +3.514503903e+00 +2.118945039e+02 +2.118945039e+02 +3.2987e-01 +1.2299e+00 +3.6913e-01 +2.4719e+00 +1.5739e+00
278 0 +3.139338225e+00 +2.115193382e+02 +2.115193382e+02 -1.9370e-01 +1.2450e+00 +2.4377e-01 +1.5926e+00 +1.8889e+00
387 0 +2.685801652e+00 +2.110658017e+02 +2.110658017e+02 -7.8195e-01 -2.3880e-01 +6.0558e-01 +1.4464e+00 +1.1037e+00
1119 0 +2.237098232e+00 +2.106170982e+02 +2.106170982e+02 +1.7231e+00 +1.5027e+00 +2.2959e+00 +5.4512e-01 +2.1342e+00
1511 0 +2.121889116e+00 +2.105018891e+02 +2.105018891e+02 +1.6698e+00 +9.3634e-01 +2.3776e+00 +5.1683e-01 +1.9524e+00
1564 0 +2.030221968e+00 +2.104102220e+02 +2.104102220e+02 +1.6474e+00 +1.0028e+00 +2.3789e+00 +5.2351e-01 +1.9638e+00
1589 0 +1.859908772e+00 +2.102399088e+02 +2.102399088e+02 +1.5466e+00 +9.4182e-01 +2.4324e+00 +5.1016e-01 +1.9472e+00
1703 0 +1.819319660e+00 +2.101993197e+02 +2.101993197e+02 +1.5524e+00 +9.4647e-01 +2.4139e+00 +5.0468e-01 +1.9468e+00
2121 0 +1.777202654e+00 +2.101572027e+02 +2.101572027e+02 +1.5147e+00 +9.6472e-01 +2.3915e+00 +5.0723e-01 +1.9404e+00
10721 0 +1.640842514e+00 +2.100208425e+02 +2.100208425e+02 -1.0208e+00 -3.1550e-01 +2.7140e+00 +4.1448e-01 +1.9590e+00
11646 0 +1.619944492e+00 +2.099999445e+02 +2.099999445e+02 -1.0216e+00 -3.3779e-01 +2.7137e+00 +4.2298e-01 +1.9627e+00
22539 0 +1.584073208e+00 +2.099640732e+02 +2.099640732e+02 -2.1495e+00 +7.6303e-01 +9.3215e-01 +2.4000e+00 +8.8310e-01
22904 0 +1.542428436e+00 +2.099224284e+02 +2.099224284e+02 -2.1107e+00 +7.7756e-01 +8.9670e-01 +2.4053e+00 +8.8759e-01
27018 0 +1.481483106e+00 +2.098614831e+02 +2.098614831e+02 +6.4249e-01 +1.6930e-01 +5.2890e-01 +9.5860e-01 +2.3965e+00
27237 0 +1.466849899e+00 +2.098468499e+02 +2.098468499e+02 +6.6199e-01 +2.0907e-02 +5.6954e-01 +9.5770e-01 +2.4164e+00
27295 0 +1.360071790e+00 +2.097400718e+02 +2.097400718e+02 +6.0271e-01 +6.6673e-02 +5.8318e-01 +9.5939e-01 +2.4140e+00
27463 0 +1.314486002e+00 +2.096944860e+02 +2.096944860e+02 +6.0045e-01 +7.7462e-02 +5.6866e-01 +9.6235e-01 +2.3948e+00
36141 0 +1.224610746e+00 +2.096046107e+02 +2.096046107e+02 +1.4758e+00 +2.1391e-01 +5.6895e-01 +9.4327e-01 +2.4306e+00
36285 0 +1.139953336e+00 +2.095199533e+02 +2.095199533e+02 +1.4560e+00 +3.6911e-01 +5.0017e-01 +1.0030e+00 +2.3752e+00
36368 0 +1.114443066e+00 +2.094944431e+02 +2.094944431e+02 +1.4345e+00 +3.2563e-01 +4.9215e-01 +1.0100e+00 +2.3713e+00
36397 0 +1.020066312e+00 +2.094000663e+02 +2.094000663e+02 +1.5199e+00 +3.3820e-01 +5.2392e-01 +9.9610e-01 +2.3936e+00
36427 0 +9.840631439e-01 +2.093640631e+02 +2.093640631e+02 +1.5051e+00 +2.8143e-01 +5.2437e-01 +9.9568e-01 +2.3907e+00
36596 0 +9.742382503e-01 +2.093542383e+02 +2.093542383e+02 +1.5572e+00 +3.1530e-01 +5.2080e-01 +9.7330e-01 +2.3948e+00
36729 0 +9.534257638e-01 +2.093334258e+02 +2.093334258e+02 +1.5266e+00 +3.1043e-01 +5.1403e-01 +9.7460e-01 +2.3846e+00
52325 0 +6.882400021e-01 +2.090682400e+02 +2.090682400e+02 -2.0203e+00 -5.2980e-01 +7.3059e-01 +2.4278e+00 +2.0492e+00
52328 0 +5.470149129e-01 +2.089270149e+02 +2.089270149e+02 -2.1259e+00 -6.1055e-01 +7.2829e-01 +2.4622e+00 +1.9944e+00
52522 0 +5.320739090e-01 +2.089120739e+02 +2.089120739e+02 -2.1404e+00 -6.2886e-01 +7.3751e-01 +2.4290e+00 +2.0366e+00
52553 0 +5.180223295e-01 +2.088980223e+02 +2.088980223e+02 -2.1100e+00 -6.4849e-01 +7.7799e-01 +2.4417e+00 +2.0151e+00
52605 0 +4.976777205e-01 +2.088776777e+02 +2.088776777e+02 -2.1296e+00 -6.0713e-01 +7.4276e-01 +2.4494e+00 +2.0065e+00
52633 0 +4.810909767e-01 +2.088610910e+02 +2.088610910e+02 -2.1168e+00 -6.0112e-01 +7.3951e-01 +2.4518e+00 +2.0205e+00
52717 0 +4.775774002e-01 +2.088575774e+02 +2.088575774e+02 -2.1076e+00 -6.1837e-01 +7.5619e-01 +2.4384e+00 +2.0238e+00
% f evaluations | g evaluations | best noise-free fitness - Fopt (-1.449600000000e+02) + sum g_i+ | measured fitness | best measured fitness or single-digit g-values | x1 | x2...
1 0 +3.345204534e+04 +3.330708534e+04 +3.330708534e+04 +2.2220e-01 +3.6131e+00 +2.3366e+00 +1.2274e+00 -2.2584e+00
2 0 +1.606707101e+04 +1.592211101e+04 +1.592211101e+04 -9.5791e-01 +9.6892e-01 -2.9865e+00 -1.3416e+00 +1.1647e+00
4 0 +1.109582622e+04 +1.095086622e+04 +1.095086622e+04 +2.6077e+00 +4.0039e+00 -2.2317e+00 -2.7696e+00 -4.8879e-01
7 0 +7.521266740e+03 +7.376306740e+03 +7.376306740e+03 +3.1157e+00 +4.1859e-01 +2.2507e+00 -3.3785e+00 -1.3934e+00
22 0 +5.292407630e+03 +5.147447630e+03 +5.147447630e+03 -5.7603e-02 -1.2080e-01 +2.6531e-01 +2.4705e-02 -2.0351e-01
49 0 +3.839367454e+03 +3.694407454e+03 +3.694407454e+03 -1.3082e-01 -3.1649e-01 +3.9645e-01 -2.6551e-01 -2.3469e-01
55 0 +3.557170789e+03 +3.412210789e+03 +3.412210789e+03 -6.9020e-02 +2.4451e-01 -4.7397e-02 -2.0538e-02 -3.6672e-01
77 0 +2.632262756e+03 +2.487302756e+03 +2.487302756e+03 -3.2220e-01 +4.5017e-02 +1.3817e-01 -3.4391e-01 -3.3752e-01
80 0 +2.498564493e+03 +2.353604493e+03 +2.353604493e+03 -1.6166e-01 +2.6526e-02 +2.4545e-01 -1.0995e-01 -5.4218e-01
108 0 +9.692877919e+02 +8.243277919e+02 +8.243277919e+02 -3.0533e-01 -2.8103e-02 -1.5513e-02 -2.0640e-01 -7.8913e-01
137 0 +3.687355228e+02 +2.237755228e+02 +2.237755228e+02 -2.1007e-01 -1.9055e-02 +7.7391e-02 -4.4521e-01 -8.4373e-01
165 0 +2.088376204e+02 +6.387762045e+01 +6.387762045e+01 -4.7669e-01 +4.6398e-01 -4.0862e-01 -2.8693e-01 -1.1750e+00
168 0 +1.430143331e+02 -1.945666944e+00 -1.945666944e+00 -3.0213e-01 -7.2062e-02 +2.0729e-01 -5.6079e-01 -1.2371e+00
302 0 +4.200368135e+00 -1.407596319e+02 -1.407596319e+02 -6.5904e-01 +1.9404e-01 -5.8469e-01 -1.7822e+00 -8.4346e-01
918 0 +4.001573056e+00 -1.409584269e+02 -1.409584269e+02 +7.5257e-01 -8.1029e-02 -2.9484e-01 -6.2499e-01 -1.0443e+00
2485 0 +3.223293627e+00 -1.417367064e+02 -1.417367064e+02 -7.8248e-01 +3.5538e-01 -1.0343e+00 -7.6937e-01 -1.3325e+00
8815 0 +2.912946349e+00 -1.420470537e+02 -1.420470537e+02 +9.5481e-02 +6.3356e-02 -5.1625e-01 -1.0603e+00 -9.3103e-01
44357 0 +2.543197831e+00 -1.424168022e+02 -1.424168022e+02 +1.3986e+00 -1.9687e+00 -1.4977e+00 -2.2249e+00 -1.5298e+00
% f evaluations | g evaluations | best noise-free fitness - Fopt (-6.300000000000e+00) + sum g_i+ | measured fitness | best measured fitness or single-digit g-values | x1 | x2...
1 0 +7.778720499e+04 +7.778090499e+04 +7.778090499e+04 +7.5696e-01 +1.0242e+00 +2.5678e+00 -4.0625e+00 -1.4899e+00
2 0 +6.342680533e+04 +6.342050533e+04 +6.342050533e+04 +3.3489e+00 -3.0310e+00 -1.8976e+00 +2.1963e+00 +3.3275e+00
3 0 +1.747982140e+04 +1.747352140e+04 +1.747352140e+04 +1.7720e+00 +2.4179e+00 -5.4758e-02 +8.7838e-02 -4.6903e+00
4 0 +1.021667113e+03 +1.015367113e+03 +1.015367113e+03 -1.6272e+00 +1.1437e+00 -1.3734e+00 +2.7978e+00 -1.6981e-01
137 0 +8.591724743e+02 +8.528724743e+02 +8.528724743e+02 +2.4076e-01 +3.1401e-01 -9.0214e-02 +7.8104e-02 -1.0177e+00
163 0 +1.315414685e+02 +1.252414685e+02 +1.252414685e+02 -5.4342e-02 +3.7209e-01 -2.8510e-01 +3.8113e-01 -1.2663e+00
189 0 +9.817365730e+01 +9.187365730e+01 +9.187365730e+01 -3.8530e-01 +1.6260e-01 +3.0685e-02 +5.0888e-01 -1.5502e+00
217 0 +1.088705881e+01 +4.587058813e+00 +4.587058813e+00 -2.9084e-01 +3.5026e-01 -3.0723e-01 +5.5880e-01 -1.3846e+00
219 0 +3.347558739e+00 -2.952441261e+00 -2.952441261e+00 -4.1596e-02 +3.2445e-01 -6.5958e-01 +9.6286e-01 -1.6534e+00
1792 0 +2.948607647e+00 -3.351392353e+00 -3.351392353e+00 +2.8318e-01 -5.4387e-01 -3.3768e-01 +1.3598e+00 -1.1655e+00
9854 0 +2.707330585e+00 -3.592669415e+00 -3.592669415e+00 -1.4208e-01 -9.7555e-02 -2.6488e-02 +1.1753e+00 -1.2118e+00
14140 0 +2.453869521e+00 -3.846130479e+00 -3.846130479e+00 -6.8469e-01 +2.2382e-02 -5.4575e-01 +1.5632e+00 -1.0959e+00
32237 0 +2.029248841e+00 -4.270751159e+00 -4.270751159e+00 -1.4800e+00 -2.7455e+00 -1.9369e+00 +9.6280e-01 -1.2522e+00
% f evaluations | g evaluations | best noise-free fitness - Fopt (9.479000000000e+01) + sum g_i+ | measured fitness | best measured fitness or single-digit g-values | x1 | x2...
1 0 +4.622179296e+04 +4.631658296e+04 +4.631658296e+04 -1.0446e-01 +1.1048e+00 +4.3366e+00 -1.0382e+00 -4.5898e+00
4 0 +4.421189805e+03 +4.515979805e+03 +4.515979805e+03 +1.7405e+00 -1.5462e+00 +2.2073e+00 -1.9978e+00 -2.3404e+00
8 0 +3.425828723e+03 +3.520618723e+03 +3.520618723e+03 -2.7553e+00 -4.9581e+00 +2.4912e+00 -3.1741e+00 -1.7123e+00
50 0 +1.978265171e+03 +2.073055171e+03 +2.073055171e+03 -8.7234e-02 +7.9172e-02 -3.2254e-01 -1.8988e-01 -4.9891e-01
80 0 +2.611337990e+01 +1.209033799e+02 +1.209033799e+02 -5.4640e-02 -1.0416e-01 -3.3786e-01 -5.0533e-01 -1.0331e+00
112 0 +4.330103141e+00 +9.912010314e+01 +9.912010314e+01 -3.8914e-03 -7.8347e-02 -7.1302e-01 -7.2331e-01 -9.8690e-01
133 0 +3.477697374e+00 +9.826769737e+01 +9.826769737e+01 -8.9919e-02 +9.9967e-02 -1.4383e+00 -7.5674e-01 -1.0506e+00
196 0 +3.184882448e+00 +9.797488245e+01 +9.797488245e+01 -1.5196e+00 -1.2114e+00 -8.3511e-01 -1.4389e+00 -1.9090e+00
330 0 +3.089586462e+00 +9.787958646e+01 +9.787958646e+01 -7.2424e-01 +6.3227e-01 -6.7858e-01 -2.3761e+00 -1.0909e+00
335 0 +1.942868319e+00 +9.673286832e+01 +9.673286832e+01 +7.1903e-02 -2.7062e+00 -4.2798e-01 -2.5852e+00 -1.9475e+00
1064 0 +1.854991520e+00 +9.664499152e+01 +9.664499152e+01 -5.8873e-01 -6.0348e-02 -1.6162e+00 -2.2090e+00 -9.5660e-01
1174 0 +1.804029591e+00 +9.659402959e+01 +9.659402959e+01 -6.3552e-01 -6.0459e-02 -1.6402e+00 -2.2183e+00 -9.2803e-01
1652 0 +1.777718888e+00 +9.656771889e+01 +9.656771889e+01 -6.2750e-01 -7.0237e-02 -1.6170e+00 -2.2251e+00 -9.3012e-01
5178 0 +1.728030936e+00 +9.651803094e+01 +9.651803094e+01 +1.0152e+00 +2.2672e-01 -6.3651e-01 -9.2816e-01 -2.4603e+00
5509 0 +1.678876421e+00 +9.646887642e+01 +9.646887642e+01 +1.0002e+00 +2.7178e-01 -7.9339e-01 -9.0968e-01 -2.4196e+00
5540 0 +1.439220729e+00 +9.622922073e+01 +9.622922073e+01 +1.0197e+00 +2.9746e-01 -6.8915e-01 -9.7188e-01 -2.3455e+00
5567 0 +1.305543852e+00 +9.609554385e+01 +9.609554385e+01 +1.1344e+00 +3.8516e-01 -7.1392e-01 -9.3756e-01 -2.4019e+00
5764 0 +1.253396196e+00 +9.604339620e+01 +9.604339620e+01 +9.8556e-01 +3.2561e-01 -7.1322e-01 -8.9531e-01 -2.4099e+00
5791 0 +1.202455349e+00 +9.599245535e+01 +9.599245535e+01 +1.0166e+00 +3.4506e-01 -7.1413e-01 -9.2496e-01 -2.3839e+00
5848 0 +1.197874180e+00 +9.598787418e+01 +9.598787418e+01 +9.8228e-01 +3.2585e-01 -6.9683e-01 -9.1981e-01 -2.3867e+00
5904 0 +1.173015320e+00 +9.596301532e+01 +9.596301532e+01 +1.0382e+00 +3.7538e-01 -6.8264e-01 -9.3016e-01 -2.3981e+00
6349 0 +1.145643192e+00 +9.593564319e+01 +9.593564319e+01 +1.0225e+00 +3.3680e-01 -6.7792e-01 -9.3806e-01 -2.3975e+00
56613 0 +1.094588148e+00 +9.588458815e+01 +9.588458815e+01 -1.6158e+00 -3.8901e-01 -2.5639e+00 -4.8502e-01 -2.4707e+00
56638 0 +9.625718378e-01 +9.575257184e+01 +9.575257184e+01 -1.6030e+00 -3.2455e-01 -2.5098e+00 -4.6175e-01 -2.5479e+00
56722 0 +7.994428502e-01 +9.558944285e+01 +9.558944285e+01 -1.5124e+00 -2.5438e-01 -2.5541e+00 -4.9242e-01 -2.4956e+00
56890 0 +7.603850496e-01 +9.555038505e+01 +9.555038505e+01 -1.5523e+00 -3.2174e-01 -2.5550e+00 -4.6663e-01 -2.5314e+00
56924 0 +7.433088513e-01 +9.553330885e+01 +9.553330885e+01 -1.5213e+00 -2.9423e-01 -2.5691e+00 -4.5833e-01 -2.5325e+00
56974 0 +7.270153139e-01 +9.551701531e+01 +9.551701531e+01 -1.4917e+00 -2.8628e-01 -2.5758e+00 -4.5454e-01 -2.5161e+00
57173 0 +7.145621788e-01 +9.550456218e+01 +9.550456218e+01 -1.5124e+00 -3.0594e-01 -2.5574e+00 -4.6287e-01 -2.5116e+00
% f evaluations | g evaluations | best noise-free fitness - Fopt (2.636400000000e+02) + sum g_i+ | measured fitness | best measured fitness or single-digit g-values | x1 | x2...
1 0 +4.011319440e+04 +4.037683440e+04 +4.037683440e+04 +4.1024e+00 +3.6180e+00 +2.1208e+00 +4.0776e+00 +2.1531e+00
2 0 +5.901105345e+03 +6.164745345e+03 +6.164745345e+03 -3.8854e-01 -5.9562e-01 -2.0546e+00 +2.6623e+00 +1.5563e-02
5 0 +1.373369797e+03 +1.637009797e+03 +1.637009797e+03 -1.6146e+00 +2.1944e+00 +3.8387e+00 +2.2908e+00 -6.0651e-01
14 0 +7.114204729e+02 +9.750604729e+02 +9.750604729e+02 -1.7363e+00 -2.8714e+00 +6.2402e-02 +2.0083e+00 -2.6430e+00
162 0 +3.084421251e+02 +5.720821251e+02 +5.720821251e+02 -5.1480e-01 -6.5665e-01 +3.6690e-01 +9.4700e-01 -6.6252e-01
165 0 +5.242210991e+01 +3.160621099e+02 +3.160621099e+02 -1.0800e+00 -3.8061e-01 +4.5110e-01 +5.3294e-01 -9.3336e-01
167 0 +4.693653559e+00 +2.683336536e+02 +2.683336536e+02 -1.0382e+00 -7.5329e-01 +2.4867e-01 +1.3317e+00 -9.3367e-01
192 0 +4.093415925e+00 +2.677334159e+02 +2.677334159e+02 -1.6743e+00 -1.0746e-01 +4.5630e-01 +6.3485e-01 -1.2714e+00
217 0 +3.409792859e+00 +2.670497929e+02 +2.670497929e+02 -1.3086e+00 -1.2988e+00 +2.1666e-01 +1.6071e+00 -1.0680e+00
251 0 +3.237323757e+00 +2.668773238e+02 +2.668773238e+02 -9.9057e-01 -1.1130e+00 +4.4827e-01 +1.0714e+00 -1.1401e+00
279 0 +2.981976607e+00 +2.666219766e+02 +2.666219766e+02 -9.9155e-01 -2.1573e+00 +1.0455e+00 +1.9560e+00 -6.8665e-01
385 0 +2.884861692e+00 +2.665248617e+02 +2.665248617e+02 -1.1760e+00 +2.7070e-01 +6.1040e-01 +9.6870e-01 -1.3852e+00
556 0 +2.822823850e+00 +2.664628239e+02 +2.664628239e+02 -2.8764e-01 +3.3368e-01 +6.3706e-01 +1.2744e+00 -1.2009e+00
615 0 +2.804668617e+00 +2.664446686e+02 +2.664446686e+02 -3.3850e-01 +8.9474e-02 +4.9094e-01 +1.5489e+00 -1.1052e+00
616 0 +2.714631370e+00 +2.663546314e+02 +2.663546314e+02 -3.0614e-01 +3.3309e-01 +6.0763e-01 +1.3065e+00 -1.1741e+00
669 0 +2.449120376e+00 +2.660891204e+02 +2.660891204e+02 -5.1738e-01 +2.1107e-01 +7.0817e-01 +1.2972e+00 -1.1384e+00
810 0 +2.321079761e+00 +2.659610798e+02 +2.659610798e+02 -3.2289e-01 +1.7198e-01 +6.6755e-01 +1.6105e+00 -1.0949e+00
1001 0 +2.266410554e+00 +2.659064106e+02 +2.659064106e+02 -3.1466e-01 +1.5226e-01 +6.0658e-01 +1.7215e+00 -1.0248e+00
1174 0 +2.236245549e+00 +2.658762455e+02 +2.658762455e+02 -3.3060e-01 +1.7532e-01 +6.7285e-01 +1.6817e+00 -1.0541e+00
1229 0 +2.183037243e+00 +2.658230372e+02 +2.658230372e+02 -3.7446e-01 +1.6793e-01 +6.4481e-01 +1.7142e+00 -1.0433e+00
1590 0 +2.137187225e+00 +2.657771872e+02 +2.657771872e+02 -3.2411e-01 +1.5815e-01 +6.2450e-01 +1.7266e+00 -1.0545e+00
5845 0 +2.076105154e+00 +2.657161052e+02 +2.657161052e+02 +1.5832e+00 -2.2246e-01 +6.3719e-01 +1.3551e+00 -1.1385e+00
5902 0 +1.899272178e+00 +2.655392722e+02 +2.655392722e+02 +1.5779e+00 -2.2885e-01 +5.8337e-01 +1.3209e+00 -1.1924e+00
5932 0 +1.824085349e+00 +2.654640853e+02 +2.654640853e+02 +1.5440e+00 -3.3728e-01 +5.7354e-01 +1.3726e+00 -1.1711e+00
5934 0 +1.762186045e+00 +2.654021860e+02 +2.654021860e+02 +1.5390e+00 -2.2436e-01 +5.8801e-01 +1.3539e+00 -1.1597e+00
5960 0 +1.668938225e+00 +2.653089382e+02 +2.653089382e+02 +1.5482e+00 -3.2596e-01 +5.4567e-01 +1.3822e+00 -1.1452e+00
5987 0 +1.623957869e+00 +2.652639579e+02 +2.652639579e+02 +1.4846e+00 -2.8389e-01 +5.4175e-01 +1.3618e+00 -1.1694e+00
6016 0 +1.582358284e+00 +2.652223583e+02 +2.652223583e+02 +1.5047e+00 -3.3310e-01 +5.2249e-01 +1.3550e+00 -1.1590e+00
6237 0 +1.544148355e+00 +2.651841484e+02 +2.651841484e+02 +1.5124e+00 -2.9604e-01 +5.2262e-01 +1.3415e+00 -1.1492e+00
11700 0 +1.500886784e+00 +2.651408868e+02 +2.651408868e+02 -2.1394e+00 -7.1808e-01 +2.4872e+00 +1.9457e+00 -1.8238e+00
11754 0 +1.260811639e+00 +2.649008116e+02 +2.649008116e+02 -2.1467e+00 -7.6890e-01 +2.4354e+00 +2.0503e+00 -1.7979e+00
11837 0 +1.232688298e+00 +2.648726883e+02 +2.648726883e+02 -2.0785e+00 -7.9387e-01 +2.4479e+00 +2.0467e+00 -1.7600e+00
11868 0 +1.187332012e+00 +2.648273320e+02 +2.648273320e+02 -2.0626e+00 -8.0686e-01 +2.4200e+00 +2.0124e+00 -1.7861e+00
11949 0 +1.163523433e+00 +2.648035234e+02 +2.648035234e+02 -2.0935e+00 -7.9553e-01 +2.4357e+00 +2.0307e+00 -1.7732e+00
12117 0 +1.148049706e+00 +2.647880497e+02 +2.647880497e+02 -2.0943e+00 -7.8146e-01 +2.4360e+00 +2.0253e+00 -1.7791e+00
37237 0 +1.057135573e+00 +2.646971356e+02 +2.646971356e+02 +1.5027e+00 -3.5887e-01 +5.4738e-01 +2.5243e+00 -1.9580e+00
37319 0 +1.041730022e+00 +2.646817300e+02 +2.646817300e+02 +1.6197e+00 -3.8923e-01 +4.9263e-01 +2.4575e+00 -2.0201e+00
37347 0 +8.141013965e-01 +2.644541014e+02 +2.644541014e+02 +1.5895e+00 -3.2512e-01 +4.8322e-01 +2.5121e+00 -2.0125e+00
37464 0 +8.039814271e-01 +2.644439814e+02 +2.644439814e+02 +1.5919e+00 -3.2598e-01 +5.0365e-01 +2.5021e+00 -2.0209e+00
37485 0 +7.722809835e-01 +2.644122810e+02 +2.644122810e+02 +1.5583e+00 -3.3977e-01 +5.3815e-01 +2.4974e+00 -2.0045e+00
37542 0 +7.562059765e-01 +2.643962060e+02 +2.643962060e+02 +1.5501e+00 -3.2279e-01 +5.1467e-01 +2.5001e+00 -2.0220e+00
37576 0 +7.392335215e-01 +2.643792335e+02 +2.643792335e+02 +1.5224e+00 -3.0588e-01 +5.1694e-01 +2.5069e+00 -1.9885e+00
37826 0 +7.191930788e-01 +2.643591931e+02 +2.643591931e+02 +1.5257e+00 -3.1438e-01 +5.1974e-01 +2.5061e+00 -2.0084e+00
% f evaluations | g evaluations | best noise-free fitness - Fopt (-7.366000000000e+01) + sum g_i+ | measured fitness | best measured fitness or single-digit g-values | x1 | x2...
1 0 +4.474055809e+04 +4.466689809e+04 +4.466689809e+04 +3.7888e+00 +8.8929e-01 +4.0268e+00 -2.3008e+00 -2.6256e+00
2 0 +6.594919572e+03 +6.521259572e+03 +6.521259572e+03 -4.3650e+00 -9.8732e-01 +3.7152e+00 -2.3729e+00 +3.0392e+00
24 0 +6.339259949e+03 +6.265599949e+03 +6.265599949e+03 -2.3107e-02 +1.0406e-01 +9.3277e-02 +1.1744e-01 +9.0948e-02
27 0 +4.626677756e+03 +4.553017756e+03 +4.553017756e+03 +2.7532e-01 -5.6747e-01 -6.1697e-02 -3.0250e-01 +6.7717e-02
49 0 +4.084742752e+03 +4.011082752e+03 +4.011082752e+03 +2.5219e-01 -1.1225e-01 +5.2590e-02 -4.7046e-03 +2.9824e-01
50 0 +2.245661328e+03 +2.172001328e+03 +2.172001328e+03 +9.3510e-04 -1.8618e-01 +9.7327e-02 +3.6895e-02 +6.5142e-01
77 0 +1.959583673e+03 +1.885923673e+03 +1.885923673e+03 +6.0399e-02 -3.6621e-01 -9.3133e-02 -1.8161e-01 +5.5505e-01
81 0 +1.103294776e+03 +1.029634776e+03 +1.029634776e+03 -9.4691e-02 -3.4917e-01 -5.6469e-02 -5.9487e-01 +5.0786e-01
83 0 +3.588821505e+02 +2.852221505e+02 +2.852221505e+02 -5.0577e-02 -5.6700e-01 +1.8846e-01 -4.8889e-01 +7.7810e-01
84 0 +6.284230902e+01 -1.081769098e+01 -1.081769098e+01 -2.0756e-01 -4.5145e-01 +2.6739e-01 -4.6026e-01 +1.2653e+00
194 0 +3.694580423e+01 -3.671419577e+01 -3.671419577e+01 -1.0472e+00 -4.2028e-02 -1.3014e-01 -6.9563e-01 +1.7104e+00
492 0 +3.746238320e+00 -6.991376168e+01 -6.991376168e+01 +1.1494e+00 -2.8246e+00 +2.0813e+00 -1.7518e+00 +1.4426e+00
1204 0 +3.059494322e+00 -7.060050568e+01 -7.060050568e+01 -4.0316e-01 +5.5574e-02 +6.3775e-01 -8.7891e-01 +9.9677e-01
1341 0 +2.704765130e+00 -7.095523487e+01 -7.095523487e+01 +1.5267e+00 -1.3235e-01 +9.1296e-01 -2.4168e+00 +8.1357e-01
8287 0 +2.675538273e+00 -7.098446173e+01 -7.098446173e+01 -2.3300e-01 +2.0088e-01 +1.5000e+00 -7.4275e-01 +1.2489e+00
14609 0 +2.149336899e+00 -7.151066310e+01 -7.151066310e+01 +6.3482e-01 +1.9528e-02 +6.2905e-01 -1.0385e+00 +1.2440e+00
27937 0 +1.872344308e+00 -7.178765569e+01 -7.178765569e+01 +5.0012e-01 -9.4041e-02 +5.9076e-01 -9.1047e-01 +1.2471e+00
% f evaluations | g evaluations | best noise-free fitness - Fopt (-6.786600000000e+02) + sum g_i+ | measured fitness | best measured fitness or single-digit g-values | x1 | x2...
1 0 +8.767781086e+04 +8.699915086e+04 +8.699915086e+04 +1.2499e+00 -2.7048e+00 +3.6210e+00 -4.1809e+00 -1.2753e+00
4 0 +2.826785195e+04 +2.758919195e+04 +2.758919195e+04 -3.7829e+00 +7.8577e-01 +3.9367e+00 -3.2381e+00 +7.5415e-01
5 0 +1.369736195e+04 +1.301870195e+04 +1.301870195e+04 +4.8088e+00 +1.3250e+00 +4.3750e+00 -1.5751e+00 +5.5206e-01
16 0 +5.783270412e+03 +5.104610412e+03 +5.104610412e+03 +4.8411e+00 +1.9377e+00 -1.6901e+00 +2.6241e-01 +1.5066e+00
26 0 +4.507093973e+03 +3.828433973e+03 +3.828433973e+03 -7.5319e-02 -4.3865e-03 +3.9980e-01 +6.8585e-02 +1.7157e-01
28 0 +3.362944123e+03 +2.684284123e+03 +2.684284123e+03 -2.6704e-01 +2.3128e-01 +1.7324e-01 -1.0189e-01 +4.7542e-01
51 0 +2.427708638e+03 +1.749048638e+03 +1.749048638e+03 -3.4716e-01 +7.1848e-01 +3.7107e-01 -1.4357e-01 +6.6423e-01
54 0 +1.531655236e+03 +8.529952358e+02 +8.529952358e+02 -1.2672e-01 +4.7906e-02 +7.2740e-01 +2.3340e-02 +6.6909e-01
77 0 +1.043748743e+03 +3.650887433e+02 +3.650887433e+02 -4.7663e-02 -3.8283e-01 +1.0461e+00 +1.1356e-01 +6.9479e-01
78 0 +1.160417672e+02 -5.626182328e+02 -5.626182328e+02 +1.0484e-01 +2.7681e-01 +6.9437e-01 +8.2746e-01 +8.0059e-01
83 0 +1.022281666e+02 -5.764318334e+02 -5.764318334e+02 -3.4189e-01 -1.0671e-01 +1.0432e+00 +2.2567e-01 +1.0738e+00
303 0 +2.219952164e+01 -6.564604784e+02 -6.564604784e+02 -9.0420e-02 -1.9251e-01 +2.1034e-01 +6.5640e-01 +9.4163e-01
1118 0 +4.213205496e+00 -6.744467945e+02 -6.744467945e+02 -4.0898e-02 -1.1115e-01 +1.7142e-01 +1.0253e+00 +9.0030e-01
4425 0 +2.910527840e+00 -6.757494722e+02 -6.757494722e+02 -5.7906e-01 +2.9734e-01 +2.6883e+00 +2.0179e+00 +9.9348e-01
50635 0 +1.805406239e+00 -6.768545938e+02 -6.768545938e+02 +1.2970e+00 +2.9521e+00 -1.2550e-01 +1.1099e+00 +1.9617e+00
% f evaluations | g evaluations | best noise-free fitness - Fopt (-1.195300000000e+02) + sum g_i+ | measured fitness | best measured fitness or single-digit g-values | x1 | x2...
1 0 +6.761558068e+04 +6.749605068e+04 +6.749605068e+04 -9.5416e-01 +4.8108e+00 -6.5637e-01 -4.5162e+00 -2.2758e+00
2 0 +4.010455936e+04 +3.998502936e+04 +3.998502936e+04 +4.1083e+00 -3.7458e+00 +2.8352e+00 -2.2408e+00 -6.7192e-01
3 0 +3.417439997e+04 +3.405486997e+04 +3.405486997e+04 -4.7751e+00 +3.3292e+00 -3.8904e-01 -3.0950e+00 -1.9559e+00
5 0 +2.419812552e+04 +2.407859552e+04 +2.407859552e+04 -6.0327e-01 +1.9092e+00 +3.2432e+00 +8.2921e-01 +1.1150e-01
6 0 +2.389709994e+04 +2.377756994e+04 +2.377756994e+04 -3.8992e+00 -6.8414e-01 -9.3757e-01 +4.6334e+00 -3.4330e+00
7 0 +3.728767923e+03 +3.609237923e+03 +3.609237923e+03 +1.1161e+00 -4.1290e+00 +2.0656e+00 +1.7535e+00 -2.9615e+00
11 0 +2.572421366e+03 +2.452891366e+03 +2.452891366e+03 +1.8298e-01 -1.6509e+00 +8.3265e-01 +4.0164e+00 -2.2967e-01
16 0 +1.999253054e+03 +1.879723054e+03 +1.879723054e+03 -4.6660e+00 +5.3122e-01 -2.4264e+00 -1.4641e-01 -2.6846e+00
82 0 +1.539980309e+03 +1.420450309e+03 +1.420450309e+03 +1.5590e-01 -5.3070e-01 +6.8585e-01 +5.6882e-01 -5.5956e-01
105 0 +3.503859398e+02 +2.308559398e+02 +2.308559398e+02 +9.6473e-02 -1.7524e-02 +2.8829e-01 +4.8550e-01 -9.4961e-01
111 0 +2.995613023e+02 +1.800313023e+02 +1.800313023e+02 +5.9774e-01 -6.4723e-01 +3.4820e-01 +4.5637e-01 -1.0460e+00
133 0 +2.502871581e+02 +1.307571581e+02 +1.307571581e+02 +4.3751e-01 -4.8235e-01 +3.7271e-01 +5.3553e-01 -1.1181e+00
136 0 +1.504567340e+02 +3.092673403e+01 +3.092673403e+01 +3.9696e-03 -7.2056e-01 +4.7754e-01 +8.8337e-01 -1.0944e+00
139 0 +1.067649204e+02 -1.276507956e+01 -1.276507956e+01 +2.9757e-01 -4.5011e-01 -3.5708e-01 +3.8585e-01 -1.0982e+00
276 0 +6.991859812e+00 -1.125381402e+02 -1.125381402e+02 -6.0743e-01 -1.7025e-01 -2.0011e-01 +9.4349e-01 -9.1668e-01
280 0 +4.628665302e+00 -1.149013347e+02 -1.149013347e+02 -6.4882e-01 -3.5421e-01 -7.9960e-02 +1.1067e+00 -1.0951e+00
1342 0 +3.935152880e+00 -1.155948471e+02 -1.155948471e+02 -7.6428e-02 +8.6988e-02 -4.0639e-02 +1.0985e+00 -1.0440e+00
1563 0 +3.603407758e+00 -1.159265922e+02 -1.159265922e+02 -3.7307e-01 -5.3415e-02 -2.4734e-02 +6.8469e-01 -1.0411e+00
2350 0 +3.395982778e+00 -1.161340172e+02 -1.161340172e+02 +1.3595e-01 -3.7794e-01 -4.1901e-01 +9.0167e-01 -1.2603e+00
2598 0 +3.310116564e+00 -1.162198834e+02 -1.162198834e+02 -1.8231e-01 +4.5487e-01 -6.7432e-01 +9.2304e-01 -1.2060e+00
5767 0 +2.717127865e+00 -1.168128721e+02 -1.168128721e+02 +3.1113e-02 +1.8570e-01 -1.5376e+00 +7.4394e-01 -1.3250e+00
12903 0 +2.552993890e+00 -1.169770061e+02 -1.169770061e+02 -3.7971e-01 +2.3022e-01 -1.3282e-01 +1.0009e+00 -1.2176e+00
35781 0 +2.188736030e+00 -1.173412640e+02 -1.173412640e+02 -3.5444e-01 -4.8459e-01 -4.6690e-01 +9.6383e-01 -1.2825e+00
36872 0 +2.084113409e+00 -1.174458866e+02 -1.174458866e+02 -3.8115e-01 +3.8307e-02 -6.4722e-01 +9.6956e-01 -1.2442e+00
% f evaluations | g evaluations | best noise-free fitness - Fopt (-1.493100000000e+02) + sum g_i+ | measured fitness | best measured fitness or single-digit g-values | x1 | x2...
1 0 +9.967309033e+04 +9.952378033e+04 +9.952378033e+04 +4.2598e+00 +9.8330e-01 +2.8411e+00 +2.7022e+00 -1.5824e+00
2 0 +1.059918552e+04 +1.044987552e+04 +1.044987552e+04 -1.0136e+00 -4.0130e+00 +8.4238e-01 -1.6485e+00 -7.6342e-01
8 0 +2.245140729e+03 +2.095830729e+03 +2.095830729e+03 +1.3928e+00 -2.8436e+00 -2.8604e+00 -2.9230e+00 +9.4084e-01
16 0 +1.090873920e+03 +9.415639198e+02 +9.415639198e+02 -2.6343e+00 +2.7128e+00 -2.2575e+00 -9.2072e-01 +1.5643e+00
108 0 +2.417264321e+02 +9.241643205e+01 +9.241643205e+01 -6.9152e-01 -4.7002e-01 -2.8451e-01 -4.7376e-01 +8.3776e-01
134 0 +1.151360715e+02 -3.417392852e+01 -3.417392852e+01 -8.0981e-01 -6.5558e-01 -1.1314e-01 -4.6797e-01 +9.7376e-01
136 0 +5.344543491e+01 -9.586456509e+01 -9.586456509e+01 -9.9465e-01 -5.5780e-01 -2.8931e-01 -9.6032e-01 +8.2211e-01
138 0 +5.684645667e+00 -1.436253543e+02 -1.436253543e+02 -8.2880e-01 -8.0679e-01 -1.4669e-01 -8.5656e-01 +1.0024e+00
2097 0 +4.608499353e+00 -1.447015006e+02 -1.447015006e+02 +7.9814e-01 -1.0250e+00 -1.8792e-01 -7.9131e-01 +1.3061e+00
2318 0 +3.497838965e+00 -1.458121610e+02 -1.458121610e+02 +3.7871e-01 -1.2588e-01 -7.7615e-02 -6.8653e-01 +1.2677e+00
2460 0 +3.259112431e+00 -1.460508876e+02 -1.460508876e+02 -1.8482e-01 +5.0196e-02 -5.4011e-01 -8.5736e-01 +1.6924e+00
5291 0 +2.601064162e+00 -1.467089358e+02 -1.467089358e+02 -4.3253e-01 +9.0143e-02 -5.2207e-01 -9.1882e-01 +1.3049e+00
15876 0 +2.536490896e+00 -1.467735091e+02 -1.467735091e+02 +5.5590e-01 -2.1197e-03 -6.3960e-01 -5.3930e-01 +1.0584e+00
40553 0 +2.413863772e+00 -1.468961362e+02 -1.468961362e+02 +8.3354e-01 -1.9691e+00 -2.2095e+00 -2.0480e+00 +1.5801e+00
% f evaluations | g evaluations | best noise-free fitness - Fopt (-2.813900000000e+02) + sum g_i+ | measured fitness | best measured fitness or single-digit g-values | x1 | x2...
1 0 +1.187904590e+05 +1.185090690e+05 +1.185090690e+05 +4.7781e+00 +3.6850e+00 +1.4244e+00 +1.0163e+00 -4.2641e+00
2 0 +3.603503559e+04 +3.575364559e+04 +3.575364559e+04 +3.8953e+00 -3.0872e+00 +4.5429e+00 -4.6666e-01 +2.7449e-01
3 0 +1.058258092e+03 +7.768680923e+02 +7.768680923e+02 -8.8115e-01 -4.1079e+00 +1.0740e+00 +2.9101e+00 +2.3416e+00
83 0 +1.574015332e+02 -1.239884668e+02 -1.239884668e+02 -1.4146e+00 +2.2911e-01 -5.0027e-01 +3.0375e-01 +1.1739e+00
89 0 +4.428230824e+00 -2.769617692e+02 -2.769617692e+02 +3.9901e-01 -1.1041e+00 +4.1118e-02 +2.1695e+00 +1.5101e+00
471 0 +3.723042359e+00 -2.776669576e+02 -2.776669576e+02 +1.8870e-01 -8.2427e-01 -3.6940e-01 +6.1815e-01 +1.0601e+00
4305 0 +3.465229604e+00 -2.779247704e+02 -2.779247704e+02 +4.6943e-02 +3.3152e-01 -7.0610e-01 +7.9861e-01 +1.2592e+00
6045 0 +2.657862411e+00 -2.787321376e+02 -2.787321376e+02 -1.6340e-01 -8.1816e-03 -4.5109e-01 +1.0660e+00 +1.2060e+00
30500 0 +2.194312403e+00 -2.791956876e+02 -2.791956876e+02 -1.2430e+00 -8.8232e-01 -1.8728e+00 +2.2208e+00 +2.0672e+00
43460 0 +1.971087025e+00 -2.794189130e+02 -2.794189130e+02 +1.0673e+00 -2.2335e+00 -2.0169e+00 +7.6261e-01 +2.4291e+00
% f evaluations | g evaluations | best noise-free fitness - Fopt (-2.724800000000e+02) + sum g_i+ | measured fitness | best measured fitness or single-digit g-values | x1 | x2...
1 0 +8.710443762e+04 +8.683195762e+04 +8.683195762e+04 +1.5364e+00 -3.1365e+00 -4.2940e+00 +9.2880e-01 +2.4926e+00
3 0 +3.372402717e+04 +3.345154717e+04 +3.345154717e+04 +4.1823e+00 +4.0784e-01 +4.0473e+00 +3.1348e+00 -4.5401e+00
5 0 +8.689608602e+03 +8.417128602e+03 +8.417128602e+03 -5.9486e-01 +2.5527e-01 +4.5063e+00 -1.8996e+00 -3.4240e+00
13 0 +1.096257092e+03 +8.237770917e+02 +8.237770917e+02 -3.8230e+00 +2.2571e+00 +2.7911e+00 -9.6601e-02 -1.4682e+00
84 0 +7.940940622e+02 +5.216140622e+02 +5.216140622e+02 -5.8825e-01 -5.3714e-01 +5.8676e-01 +3.4320e-01 -6.7083e-01
107 0 +6.209837886e+01 -2.103816211e+02 -2.103816211e+02 -6.3362e-01 -7.8449e-01 +7.8817e-01 +4.3641e-01 -9.5117e-01
357 0 +9.038785503e+00 -2.634412145e+02 -2.634412145e+02 +3.0183e-01 +7.6347e-01 -9.4508e-02 +7.8503e-01 -9.4266e-01
359 0 +4.155937548e+00 -2.683240625e+02 -2.683240625e+02 -1.7229e-01 -2.5428e-01 +1.3949e-01 +1.1321e+00 -9.8718e-01
360 0 +3.906934793e+00 -2.685730652e+02 -2.685730652e+02 +2.8148e-01 +1.0951e-01 +6.5445e-01 +6.1081e-01 -1.0394e+00
2016 0 +3.553392278e+00 -2.689266077e+02 -2.689266077e+02 -1.8155e-02 -2.4805e-01 +9.5724e-02 +6.4399e-01 -1.3057e+00
8566 0 +3.479043306e+00 -2.690009567e+02 -2.690009567e+02 -3.0790e-01 -7.2557e-01 +7.5489e-01 +9.8547e-01 -9.3840e-01
8976 0 +2.585470337e+00 -2.698945297e+02 -2.698945297e+02 +1.3608e+00 +1.0002e+00 +2.3580e+00 +5.6557e-01 -1.2437e+00
85873 0 +2.242978423e+00 -2.702370216e+02 -2.702370216e+02 -9.5284e-01 -1.7425e-01 +6.3334e-01 +5.4320e-01 -1.3857e+00
95252 0 +1.939131746e+00 -2.705408683e+02 -2.705408683e+02 -5.4160e-01 -1.8975e-01 +6.0641e-01 +2.5315e+00 -8.5625e-01
% f evaluations | g evaluations | best noise-free fitness - Fopt (-4.172000000000e+01) + sum g_i+ | measured fitness | best measured fitness or single-digit g-values | x1 | x2...
1 0 +3.803983190e+04 +3.799811190e+04 +3.799811190e+04 -3.8356e+00 -1.4248e+00 +5.9732e-01 +3.3474e+00 +1.0990e+00
3 0 +1.070575781e+02 +6.533757813e+01 +6.533757813e+01 +9.8832e-01 +1.2636e+00 +1.8046e+00 -4.7778e-01 +2.7744e+00
106 0 +5.140741213e+00 -3.657925879e+01 -3.657925879e+01 +6.6865e-01 +3.2853e-01 +2.5563e-01 -9.5419e-01 +1.0694e+00
420 0 +3.792937794e+00 -3.792706221e+01 -3.792706221e+01 +6.4878e-02 -8.0648e-02 +1.8405e-02 -1.0505e+00 +1.0923e+00
1679 0 +3.477855469e+00 -3.824214453e+01 -3.824214453e+01 -1.5045e-01 +8.9428e-02 +6.2639e-01 -1.0244e+00 +1.0615e+00
2292 0 +3.043312225e+00 -3.867668777e+01 -3.867668777e+01 +5.2046e-01 -4.3270e-01 +4.1898e-01 -9.5547e-01 +1.8389e+00
3527 0 +2.958393038e+00 -3.876160696e+01 -3.876160696e+01 +1.7768e-01 -4.3666e-01 +9.4037e-01 -8.7629e-01 +1.3128e+00
4395 0 +2.777610374e+00 -3.894238963e+01 -3.894238963e+01 +2.2507e-01 +8.5181e-02 +1.0064e-01 -1.4223e+00 +1.1483e+00
27575 0 +2.712449964e+00 -3.900755004e+01 -3.900755004e+01 -6.6846e-01 -5.4687e-02 +9.7121e-01 -4.6648e-01 +1.3735e+00
32448 0 +2.645219979e+00 -3.907478002e+01 -3.907478002e+01 -6.1901e-01 -1.0529e-01 +1.3056e+00 -1.5600e+00 +1.0956e+00
% f evaluations | g evaluations | best noise-free fitness - Fopt (4.390000000000e+00) + sum g_i+ | measured fitness | best measured fitness or single-digit g-values | x1 | x2...
1 0 +1.646258135e+04 +1.646697135e+04 +1.646697135e+04 +1.3464e+00 -6.1161e-01 +3.7613e+00 +2.5883e+00 -4.0150e+00
13 0 +4.631862135e+03 +4.636252135e+03 +4.636252135e+03 +1.6738e-01 +9.4319e-01 +3.9370e+00 +2.8238e+00 -2.2288e+00
21 0 +4.183468834e+03 +4.187858834e+03 +4.187858834e+03 +5.8696e-02 +1.4958e-01 -1.1846e-01 +3.8037e-01 -9.2252e-02
25 0 +2.563489248e+03 +2.567879248e+03 +2.567879248e+03 +1.4356e-01 -2.6015e-01 -7.1759e-02 +4.7797e-01 -2.8035e-01
49 0 +1.661957378e+03 +1.666347378e+03 +1.666347378e+03 -2.6034e-01 -2.8289e-01 -2.4891e-01 +4.8900e-01 -4.7400e-01
51 0 +1.588983271e+03 +1.593373271e+03 +1.593373271e+03 +3.8312e-02 -1.5669e-01 -1.8532e-01 +6.2625e-01 -4.1156e-01
79 0 +1.156068124e+03 +1.160458124e+03 +1.160458124e+03 +4.9420e-02 -2.5772e-01 -4.0491e-01 +4.5257e-01 -6.8692e-01
80 0 +1.046249578e+03 +1.050639578e+03 +1.050639578e+03 +3.9700e-02 -6.2724e-01 -4.2414e-01 +6.1937e-01 -6.7371e-01
82 0 +9.588583483e+02 +9.632483483e+02 +9.632483483e+02 +4.5074e-01 -3.0013e-01 -8.7401e-02 +9.1615e-01 -4.7077e-01
106 0 +1.203119801e+02 +1.247019801e+02 +1.247019801e+02 +4.5764e-01 -5.3759e-01 -1.2799e-01 +1.1700e+00 -8.8545e-01
139 0 +5.177843998e+00 +9.567843998e+00 +9.567843998e+00 +1.1237e+00 -4.8627e-01 +2.7347e-01 +1.2668e+00 -9.5988e-01
167 0 +4.492579961e+00 +8.882579961e+00 +8.882579961e+00 +5.2734e-01 -4.1878e-01 +2.1314e-01 +1.6105e+00 -7.6148e-01
168 0 +3.332299792e+00 +7.722299792e+00 +7.722299792e+00 +8.0704e-01 -1.0346e+00 +8.8286e-01 +1.3556e+00 -8.6377e-01
280 0 +3.138823184e+00 +7.528823184e+00 +7.528823184e+00 +2.4862e+00 -8.0315e-01 +7.4335e-01 +2.0246e+00 -1.5437e+00
363 0 +1.661545928e+00 +6.051545928e+00 +6.051545928e+00 +2.1907e+00 -7.1632e-01 +1.2693e+00 +2.4248e+00 -2.0248e+00
895 0 +1.555280396e+00 +5.945280396e+00 +5.945280396e+00 +1.9924e+00 -5.5907e-01 +1.7456e+00 +2.2037e+00 -1.7240e+00
1058 0 +1.462752071e+00 +5.852752071e+00 +5.852752071e+00 +2.0480e+00 -5.8144e-01 +1.7417e+00 +2.2017e+00 -1.7300e+00
1172 0 +1.432132426e+00 +5.822132426e+00 +5.822132426e+00 +2.0530e+00 -5.7499e-01 +1.7765e+00 +2.1908e+00 -1.7276e+00
1200 0 +1.398188190e+00 +5.788188190e+00 +5.788188190e+00 +2.0982e+00 -5.9713e-01 +1.7611e+00 +2.1858e+00 -1.7397e+00
26430 0 +1.282251046e+00 +5.672251046e+00 +5.672251046e+00 +2.1203e+00 -6.2028e-01 +7.3229e-01 +9.6124e-01 -2.0276e+00
26537 0 +1.231952138e+00 +5.621952138e+00 +5.621952138e+00 +2.0423e+00 -6.1847e-01 +7.6646e-01 +9.3640e-01 -2.0525e+00
26569 0 +1.193123170e+00 +5.583123170e+00 +5.583123170e+00 +2.1398e+00 -6.2123e-01 +7.4562e-01 +9.3324e-01 -2.0393e+00
26733 0 +1.173405706e+00 +5.563405706e+00 +5.563405706e+00 +2.1018e+00 -6.3737e-01 +7.3698e-01 +9.2066e-01 -2.0586e+00
27098 0 +1.146914370e+00 +5.536914370e+00 +5.536914370e+00 +2.1127e+00 -6.0740e-01 +7.4296e-01 +9.1898e-01 -2.0593e+00
36841 0 +1.108803783e+00 +5.498803783e+00 +5.498803783e+00 -1.5669e+00 +2.8611e-01 +5.1215e-01 +2.5414e+00 -8.6997e-01
37265 0 +1.018880672e+00 +5.408880672e+00 +5.408880672e+00 -1.5030e+00 +2.8437e-01 +5.6516e-01 +2.4791e+00 -8.5577e-01
37348 0 +9.760267834e-01 +5.366026783e+00 +5.366026783e+00 -1.5346e+00 +2.9047e-01 +5.4638e-01 +2.4859e+00 -8.6941e-01
37626 0 +9.539101483e-01 +5.343910148e+00 +5.343910148e+00 -1.5116e+00 +2.9332e-01 +5.2810e-01 +2.5053e+00 -8.5507e-01
69574 0 +7.786457662e-01 +5.168645766e+00 +5.168645766e+00 -1.5711e+00 +3.1274e-01 +5.1065e-01 +2.5157e+00 -1.9870e+00
69716 0 +7.408394889e-01 +5.130839489e+00 +5.130839489e+00 -1.5575e+00 +3.0934e-01 +5.2433e-01 +2.4945e+00 -1.9989e+00
69998 0 +7.179150144e-01 +5.107915014e+00 +5.107915014e+00 -1.5226e+00 +2.8877e-01 +5.1950e-01 +2.5090e+00 -2.0029e+00
