% f evaluations | g evaluations | best noise-free fitness - Fopt (9.294000000000e+01) + sum g_i+ | measured fitness | best measured fitness or single-digit g-values | x1 | x2...
1 0 +6.686346185e+01 +1.598034619e+02 +1.598034619e+02 -1.7618e+00 -1.5110e+00 +9.5935e-01 -3.2023e-02 +1.3284e+00
6 0 +3.524807940e+01 +1.281880794e+02 +1.281880794e+02 -1.2878e+00 +3.1365e+00 -2.0064e+00 -1.1419e+00 -2.1639e+00
19 0 +1.030665446e+01 +1.032466545e+02 +1.032466545e+02 -5.2075e-01 +1.9294e+00 -9.9722e-01 -5.9322e-01 -7.5148e-01
27 0 +8.639403484e+00 +1.015794035e+02 +1.015794035e+02 -4.2539e-01 +3.2161e-01 -5.3529e-01 -3.3136e-01 -7.7557e-01
80 0 +7.927699100e+00 +1.008676991e+02 +1.008676991e+02 -1.3699e+00 +1.6691e+00 -1.5615e+00 -7.1453e-01 +1.7508e-01
94 0 +6.736021361e+00 +9.967602136e+01 +9.967602136e+01 -5.2769e-01 +1.2032e+00 -1.5308e-01 -9.2108e-02 -3.4336e-01
95 0 +5.569215456e+00 +9.850921546e+01 +9.850921546e+01 -1.4472e-01 -5.2418e-01 -5.3620e-01 +7.2330e-02 +2.6519e-01
101 0 +4.291435783e+00 +9.723143578e+01 +9.723143578e+01 -4.6354e-01 +1.1055e+00 -5.8839e-02 +7.6388e-01 +4.9530e-01
119 0 +3.727816975e+00 +9.666781698e+01 +9.666781698e+01 -1.3449e-01 +4.5925e-01 +9.1393e-03 +7.9953e-01 +6.0599e-01
125 0 +2.455955215e+00 +9.539595521e+01 +9.539595521e+01 -6.1073e-02 +1.0276e+00 -5.5954e-02 +2.0246e+00 +1.2180e+00
158 0 +1.833652432e+00 +9.477365243e+01 +9.477365243e+01 -1.4522e-01 +1.0378e+00 -6.3685e-01 +1.0729e+00 +7.2036e-01
% f evaluations | g evaluations | best noise-free fitness - Fopt (3.535000000000e+01) + sum g_i+ | measured fitness | best measured fitness or single-digit g-values | x1 | x2...
1 0 +4.971757825e+02 +5.325257825e+02 +5.325257825e+02 -7.4414e-01 -1.3846e+00 -4.6788e-01 +1.4905e+00 -2.5698e+00
4 0 +4.420217466e+02 +4.773717466e+02 +4.773717466e+02 +5.1339e-01 -1.8535e+00 +1.0940e-01 +1.1786e+00 -9.1160e-01
5 0 +1.557344478e+02 +1.910844478e+02 +1.910844478e+02 +4.0146e-01 +1.3092e+00 +2.1420e+00 +1.0514e-01 -8.7481e-01
7 0 +4.990681215e+01 +8.525681215e+01 +8.525681215e+01 +2.8777e+00 +1.4778e+00 +1.9505e+00 +6.5735e-01 -1.9572e+00
9 0 +3.550412355e+01 +7.085412355e+01 +7.085412355e+01 +3.9878e+00 -2.6651e+00 +3.8390e+00 -1.3653e+00 -2.4314e+00
28 0 +1.397191499e+01 +4.932191499e+01 +4.932191499e+01 +4.7175e+00 -1.7631e+00 +4.6203e+00 +1.8057e+00 +2.2100e-01
42 0 +1.122911451e+01 +4.657911451e+01 +4.657911451e+01 +3.5414e+00 +1.3316e-01 +3.9383e+00 +2.1663e+00 -3.5228e-01
55 0 +6.381319423e+00 +4.173131942e+01 +4.173131942e+01 +3.3983e+00 -1.1791e+00 +4.4487e+00 +1.8650e+00 -7.4142e-01
89 0 +5.245646013e+00 +4.059564601e+01 +4.059564601e+01 +3.0811e+00 -2.5573e+00 +5.2891e+00 +1.6247e-01 -1.7345e+00
101 0 +1.994029478e+00 +3.734402948e+01 +3.734402948e+01 +2.8601e+00 -1.3181e+00 +4.8362e+00 +9.5412e-01 -1.5266e+00
121 0 +1.345175879e+00 +3.669517588e+01 +3.669517588e+01 +3.3418e+00 -1.1829e+00 +5.0701e+00 +7.3936e-01 -1.3421e+00
149 0 +1.163295146e+00 +3.651329515e+01 +3.651329515e+01 +3.3755e+00 -1.0999e+00 +5.0239e+00 +8.4478e-01 -1.1067e+00
202 0 +1.073280414e+00 +3.642328041e+01 +3.642328041e+01 +2.5548e+00 -4.7916e-01 +4.9771e+00 +9.9541e-01 -1.3527e+00
211 0 +9.012343482e-01 +3.625123435e+01 +3.625123435e+01 +2.6866e+00 -2.7910e-01 +4.5056e+00 +8.8018e-01 -1.5271e+00
220 0 +8.469658574e-01 +3.619696586e+01 +3.619696586e+01 +2.7062e+00 -5.0868e-01 +4.6759e+00 +8.5857e-01 -1.6243e+00
224 0 +7.916048815e-01 +3.614160488e+01 +3.614160488e+01 +2.7886e+00 -3.8385e-01 +4.8264e+00 +1.1946e+00 -1.2517e+00
244 0 +7.330392125e-01 +3.608303921e+01 +3.608303921e+01 +2.8551e+00 -2.5079e-01 +4.7313e+00 +1.1678e+00 -1.2497e+00
267 0 +5.978462897e-01 +3.594784629e+01 +3.594784629e+01 +2.9212e+00 -3.0276e-01 +4.6801e+00 +1.1843e+00 -1.2894e+00
285 0 +5.872881498e-01 +3.593728815e+01 +3.593728815e+01 +2.9213e+00 -4.5643e-01 +4.7799e+00 +1.1224e+00 -1.2172e+00
373 0 +5.556383236e-01 +3.590563832e+01 +3.590563832e+01 +2.9142e+00 -4.4354e-01 +4.7606e+00 +1.1351e+00 -1.2183e+00
% f evaluations | g evaluations | best noise-free fitness - Fopt (3.820000000000e+00) + sum g_i+ | measured fitness | best measured fitness or single-digit g-values | x1 | x2...
1 0 +2.290204136e+02 +2.328404136e+02 +2.328404136e+02 +2.0586e+00 +3.9974e+00 +2.4643e+00 +4.4595e+00 +2.7043e+00
2 0 +2.091571951e+02 +2.129771951e+02 +2.129771951e+02 -3.0442e-01 +1.4879e+00 +5.0243e-01 -6.2074e-02 -3.8618e+00
9 0 +1.845469902e+02 +1.883669902e+02 +1.883669902e+02 -1.3164e+00 +1.7592e+00 +2.4686e+00 +5.8377e-01 -3.3843e+00
14 0 +7.428992981e+01 +7.810992981e+01 +7.810992981e+01 +1.8695e+00 +6.0027e-02 +2.8925e+00 +5.2365e-03 +8.2234e-01
18 0 +5.860150598e+01 +6.242150598e+01 +6.242150598e+01 +1.5019e+00 -3.7011e-01 +5.1538e+00 +8.2060e-01 +6.0358e-01
19 0 +5.005694496e+01 +5.387694496e+01 +5.387694496e+01 +1.0146e+00 +9.1951e-01 +3.4385e+00 +1.3640e+00 -3.3734e-01
20 0 +2.254065511e+01 +2.636065511e+01 +2.636065511e+01 +2.3384e+00 +1.7119e+00 +2.5719e+00 +6.1929e-01 -3.4259e-01
25 0 +1.051080966e+01 +1.433080966e+01 +1.433080966e+01 +2.8490e+00 +1.0969e+00 +2.4222e+00 +1.0053e+00 -1.0106e-01
41 0 +9.999559287e+00 +1.381955929e+01 +1.381955929e+01 +2.6501e+00 +5.9827e-01 +2.5745e+00 -2.7686e-01 -3.1594e-02
51 0 +5.378652198e+00 +9.198652198e+00 +9.198652198e+00 +3.1658e+00 -5.7185e-01 +4.0373e+00 -2.5524e-01 +7.5127e-01
110 0 +4.727781412e+00 +8.547781412e+00 +8.547781412e+00 +3.7036e+00 -2.1719e-01 +3.2955e+00 +1.7110e-01 +1.3173e+00
115 0 +4.267440161e+00 +8.087440161e+00 +8.087440161e+00 +3.8501e+00 -8.2191e-01 +4.1633e+00 -1.1321e-01 +1.7594e+00
116 0 +3.832967650e+00 +7.652967650e+00 +7.652967650e+00 +3.8285e+00 -5.9647e-01 +3.5066e+00 +2.0250e-01 +1.1282e+00
121 0 +3.620090427e+00 +7.440090427e+00 +7.440090427e+00 +3.6896e+00 -5.3304e-01 +3.7167e+00 +1.3843e-01 +1.5201e+00
141 0 +2.907855878e+00 +6.727855878e+00 +6.727855878e+00 +3.8923e+00 -7.3903e-01 +3.8975e+00 -4.9247e-01 +1.4753e+00
434 0 +2.357758002e+00 +6.177758002e+00 +6.177758002e+00 +3.9325e+00 +3.9402e-01 +2.8107e+00 -7.1263e-01 +1.0914e+00
473 0 +1.862109216e+00 +5.682109216e+00 +5.682109216e+00 +3.7944e+00 +6.9625e-02 +3.0623e+00 -1.8488e+00 +1.6240e+00
483 0 +1.664739021e+00 +5.484739021e+00 +5.484739021e+00 +4.2940e+00 -2.3040e-01 +3.0093e+00 -2.3232e+00 +1.8918e+00
496 0 +1.536994101e+00 +5.356994101e+00 +5.356994101e+00 +3.8783e+00 +2.1826e-02 +3.1464e+00 -1.2340e+00 +1.3993e+00
514 0 +1.421272411e+00 +5.241272411e+00 +5.241272411e+00 +3.7424e+00 +3.6960e-01 +2.9304e+00 -2.0032e+00 +1.3671e+00
516 0 +5.506313348e-01 +4.370631335e+00 +4.370631335e+00 +3.9503e+00 +7.5052e-01 +2.4768e+00 -1.6431e+00 +1.3330e+00
568 0 +4.117307336e-01 +4.231730734e+00 +4.231730734e+00 +3.8946e+00 +5.8192e-01 +2.4454e+00 -1.5750e+00 +9.2506e-01
610 0 +3.863024366e-01 +4.206302437e+00 +4.206302437e+00 +3.9519e+00 +5.7376e-01 +2.4875e+00 -1.7561e+00 +9.7219e-01
613 0 +3.799317070e-01 +4.199931707e+00 +4.199931707e+00 +3.9700e+00 +8.0315e-01 +2.3242e+00 -2.0667e+00 +9.9327e-01
% f evaluations | g evaluations | best noise-free fitness - Fopt (2.175000000000e+01) + sum g_i+ | measured fitness | best measured fitness or single-digit g-values | x1 | x2...
1 0 +6.316599459e+02 +6.534099459e+02 +6.534099459e+02 -2.5489e+00 +6.8594e-01 -3.5679e-01 -3.7577e+00 +1.7538e-01
2 0 +2.522392497e+02 +2.739892497e+02 +2.739892497e+02 +2.2775e-01 -3.2076e-01 +9.7384e-01 +1.6782e-01 +2.2789e+00
3 0 +1.604080894e+02 +1.821580894e+02 +1.821580894e+02 +3.4764e+00 +1.3128e+00 +1.7003e+00 -6.3613e-01 -5.9585e-02
7 0 +7.300836548e+01 +9.475836548e+01 +9.475836548e+01 -1.1764e-01 +9.1787e-01 +2.1196e-01 +1.4363e+00 -2.5303e+00
34 0 +7.224106567e+01 +9.399106567e+01 +9.399106567e+01 +2.6475e+00 +1.6446e+00 +1.6402e+00 +3.3999e+00 -2.6994e+00
42 0 +5.450678888e+01 +7.625678888e+01 +7.625678888e+01 +1.8321e+00 +1.4888e+00 +1.9899e+00 +3.9094e+00 -3.5846e+00
57 0 +2.130774533e+01 +4.305774533e+01 +4.305774533e+01 +6.3076e-01 +7.9765e-01 +1.2450e+00 +3.6020e+00 -2.9225e+00
78 0 +1.856391364e+01 +4.031391364e+01 +4.031391364e+01 +5.3113e-01 +7.0609e-01 +9.5900e-01 +3.6389e+00 -3.2523e+00
91 0 +1.622189889e+01 +3.797189889e+01 +3.797189889e+01 +8.8333e-02 +7.1253e-01 +9.4926e-01 +4.2371e+00 -3.3848e+00
101 0 +1.613190032e+01 +3.788190032e+01 +3.788190032e+01 -4.2330e-01 +2.2044e+00 +1.5133e+00 +4.8121e+00 -5.0479e+00
124 0 +1.445090029e+01 +3.620090029e+01 +3.620090029e+01 +4.3941e-01 +2.4425e+00 +1.4316e+00 +4.4571e+00 -4.9475e+00
128 0 +1.086966112e+01 +3.261966112e+01 +3.261966112e+01 +1.1872e+00 +2.7441e+00 +9.5527e-01 +3.6029e+00 -4.3159e+00
130 0 +7.316198933e+00 +2.906619893e+01 +2.906619893e+01 +9.8494e-01 +1.7697e+00 +8.0093e-01 +3.7044e+00 -3.7539e+00
142 0 +5.829905397e+00 +2.757990540e+01 +2.757990540e+01 +1.6603e+00 +2.1663e+00 +4.3135e-01 +3.3868e+00 -3.6036e+00
148 0 +5.504773007e+00 +2.725477301e+01 +2.725477301e+01 +1.2720e+00 +1.6394e+00 +5.9531e-01 +4.7198e+00 -3.3650e+00
149 0 +5.358411010e+00 +2.710841101e+01 +2.710841101e+01 +2.3924e+00 +1.4716e+00 +3.7416e-01 +3.2431e+00 -2.2560e+00
154 0 +5.043240022e+00 +2.679324002e+01 +2.679324002e+01 +1.9703e+00 +9.4661e-01 +2.6100e-01 +4.5066e+00 -3.0816e+00
161 0 +3.871488808e+00 +2.562148881e+01 +2.562148881e+01 +2.2523e+00 +1.6733e+00 -3.1594e-01 +3.9365e+00 -3.3165e+00
163 0 +1.884058225e+00 +2.363405822e+01 +2.363405822e+01 +2.5413e+00 +1.0022e+00 -2.9506e-01 +3.3964e+00 -2.1138e+00
172 0 +1.457476349e+00 +2.320747635e+01 +2.320747635e+01 +2.4076e+00 +1.3591e+00 -3.7966e-01 +3.4258e+00 -2.7440e+00
179 0 +9.600778025e-01 +2.271007780e+01 +2.271007780e+01 +2.3678e+00 +7.6327e-01 -2.0484e-01 +3.9948e+00 -2.0080e+00
235 0 +8.703362173e-01 +2.262033622e+01 +2.262033622e+01 +2.3486e+00 +7.8997e-01 -4.3611e-01 +4.3213e+00 -2.3128e+00
280 0 +2.311358716e-01 +2.198113587e+01 +2.198113587e+01 +3.5818e+00 +8.4074e-01 -9.2319e-01 +3.4021e+00 -1.7608e+00
299 0 +8.827308508e-02 +2.183827309e+01 +2.183827309e+01 +3.6247e+00 +7.5052e-01 -1.0958e+00 +3.2359e+00 -1.6024e+00
374 0 +7.876683098e-02 +2.182876683e+01 +2.182876683e+01 +3.9868e+00 +8.9551e-01 -1.2593e+00 +2.8691e+00 -1.6009e+00
395 0 +2.567108011e-02 +2.177567108e+01 +2.177567108e+01 +3.7956e+00 +9.3743e-01 -1.1860e+00 +3.0367e+00 -1.6887e+00
445 0 +2.364981263e-02 +2.177364981e+01 +2.177364981e+01 +3.5911e+00 +9.3478e-01 -1.0009e+00 +3.1804e+00 -1.8055e+00
452 0 +1.614764265e-02 +2.176614764e+01 +2.176614764e+01 +3.7494e+00 +9.7350e-01 -1.1078e+00 +3.0192e+00 -1.7393e+00
456 0 +1.309866675e-02 +2.176309867e+01 +2.176309867e+01 +3.6896e+00 +8.9350e-01 -1.0699e+00 +3.1384e+00 -1.6755e+00
482 0 +1.684723721e-07 +2.175000017e+01 +2.175000017e+01 +3.7541e+00 +9.0730e-01 -1.1026e+00 +3.1045e+00 -1.6735e+00
533 0 +7.644203848e-08 +2.175000008e+01 +2.175000008e+01 +3.7530e+00 +8.9651e-01 -1.0907e+00 +3.1085e+00 -1.6751e+00
549 0 +2.986940117e-08 +2.175000003e+01 +2.175000003e+01 +3.7872e+00 +8.9782e-01 -1.1174e+00 +3.0908e+00 -1.6532e+00
570 0 +1.165423669e-08 +2.175000001e+01 +2.175000001e+01 +3.7460e+00 +8.7994e-01 -1.1147e+00 +3.1090e+00 -1.6969e+00
582 0 +2.602195792e-09 +2.175000000e+01 +2.175000000e+01 +3.7795e+00 +8.9127e-01 -1.1337e+00 +3.0705e+00 -1.6764e+00
% f evaluations | g evaluations | best noise-free fitness - Fopt (6.479000000000e+01) + sum g_i+ | measured fitness | best measured fitness or single-digit g-values | x1 | x2...
1 0 +1.431976033e+02 +2.079876033e+02 +2.079876033e+02 +6.5790e-01 +2.6101e-01 +1.8498e+00 +2.6189e+00 +2.5652e+00
14 0 +9.216173093e+00 +7.400617309e+01 +7.400617309e+01 +1.3147e+00 -7.1650e-01 -1.1175e+00 +8.9948e-01 +1.0022e+00
113 0 +8.105629387e+00 +7.289562939e+01 +7.289562939e+01 +1.7967e+00 -7.5229e-01 -1.3959e+00 +1.3204e+00 +2.0040e+00
126 0 +7.161092335e+00 +7.195109234e+01 +7.195109234e+01 -1.2648e+00 -1.9391e+00 -1.0890e+00 +1.0035e+00 +2.9975e-01
131 0 +3.606762264e+00 +6.839676226e+01 +6.839676226e+01 -4.2799e-01 -1.2735e+00 -7.1693e-01 +1.6568e+00 -4.8776e-01
161 0 +2.117168732e+00 +6.690716873e+01 +6.690716873e+01 -8.6158e-01 -1.7069e+00 -5.5981e-01 +8.5218e-01 +7.6096e-02
193 0 +1.439556118e+00 +6.622955612e+01 +6.622955612e+01 -1.5471e+00 -1.9887e+00 -1.5705e-01 +1.2223e+00 -5.8286e-01
195 0 +1.281425560e+00 +6.607142556e+01 +6.607142556e+01 +3.0694e-02 -1.1952e+00 -6.7081e-01 +1.3477e+00 +4.2799e-01
207 0 +4.673545541e-01 +6.525735455e+01 +6.525735455e+01 -5.4201e-01 -1.8214e+00 -7.4576e-01 +1.1658e+00 +5.2986e-01
269 0 +4.564420699e-01 +6.524644207e+01 +6.524644207e+01 -5.7042e-01 -1.5215e+00 -4.6092e-01 +1.6749e+00 -9.3346e-03
273 0 +4.014725930e-01 +6.519147259e+01 +6.519147259e+01 -6.4983e-01 -1.4419e+00 -3.4573e-01 +1.6927e+00 -3.7140e-02
302 0 +2.686380870e-01 +6.505863809e+01 +6.505863809e+01 -6.9530e-01 -1.5188e+00 -4.5928e-01 +1.5240e+00 -3.4123e-02
351 0 +2.265153272e-01 +6.501651533e+01 +6.501651533e+01 -5.7263e-01 -1.4644e+00 -4.8940e-01 +1.6260e+00 -9.1449e-03
% f evaluations | g evaluations | best noise-free fitness - Fopt (-4.947000000000e+01) + sum g_i+ | measured fitness | best measured fitness or single-digit g-values | x1 | x2...
1 0 +3.275381883e+02 +2.780681883e+02 +2.780681883e+02 +2.7699e-02 +2.1726e-01 -2.2978e-01 +1.0600e+00 +1.4519e-02
8 0 +8.573682372e+01 +3.626682372e+01 +3.626682372e+01 +3.9380e-01 +1.2691e+00 +1.6158e+00 +6.2553e-01 +2.1220e+00
11 0 +1.629056046e+01 -3.317943954e+01 -3.317943954e+01 +1.2985e-01 +2.6513e+00 +2.8255e-01 +1.3297e+00 +1.8284e+00
99 0 +1.394335380e+01 -3.552664620e+01 -3.552664620e+01 +2.4208e+00 +4.5599e+00 -1.1981e+00 +2.3558e+00 -3.1401e+00
124 0 +9.399146822e+00 -4.007085318e+01 -4.007085318e+01 +7.1018e-01 +3.3781e+00 +5.0760e+00 -2.2875e-01 -3.5542e+00
452 0 +8.591264836e+00 -4.087873516e+01 -4.087873516e+01 +1.5285e-01 +3.1225e+00 +2.9744e+00 +6.4192e-01 +5.5509e-01
% f evaluations | g evaluations | best noise-free fitness - Fopt (-4.225000000000e+01) + sum g_i+ | measured fitness | best measured fitness or single-digit g-values | x1 | x2...
1 0 +1.028357175e+02 +6.058571754e+01 +6.058571754e+01 -1.4687e-01 -7.3846e-03 +2.1403e+00 -4.9630e-01 +1.9909e+00
3 0 +7.235349480e+01 +3.010349480e+01 +3.010349480e+01 +8.3658e-01 -2.0214e+00 +1.5456e+00 -1.4461e+00 -7.2090e-01
11 0 +4.152785613e+01 -7.221438746e-01 -7.221438746e-01 -8.0280e-01 +2.5066e+00 +2.9584e+00 -1.5514e+00 +1.1073e+00
17 0 +1.885194670e+01 -2.339805330e+01 -2.339805330e+01 +1.3155e-01 +1.0329e+00 +2.7761e+00 -2.8494e+00 -3.3356e-01
59 0 +1.531920685e+01 -2.693079315e+01 -2.693079315e+01 +1.9883e-01 +8.7848e-01 +3.5805e+00 -3.2130e+00 -2.2701e+00
468 0 +9.280291991e+00 -3.296970801e+01 -3.296970801e+01 +3.0050e+00 -6.5039e+00 +5.0199e+00 -5.0351e+00 -3.2150e+00
469 0 +8.974027016e+00 -3.327597298e+01 -3.327597298e+01 +1.6363e+00 -5.3279e+00 +5.3077e+00 -5.3108e+00 -2.8467e+00
% f evaluations | g evaluations | best noise-free fitness - Fopt (-1.295600000000e+02) + sum g_i+ | measured fitness | best measured fitness or single-digit g-values | x1 | x2...
1 0 +7.758649498e+01 -5.197350502e+01 -5.197350502e+01 +1.5600e+00 -2.1002e-02 +1.9586e-01 +5.2531e-01 -2.2575e+00
3 0 +5.492950412e+01 -7.463049588e+01 -7.463049588e+01 +3.0716e+00 +3.1326e+00 +6.0614e-01 +9.1175e-01 +1.7600e+00
9 0 +4.930440576e+01 -8.025559424e+01 -8.025559424e+01 +3.0557e+00 +1.3009e+00 +3.9606e-01 +6.3662e-01 +3.0829e-01
95 0 +4.147103127e+01 -8.808896873e+01 -8.808896873e+01 -2.2650e+00 +2.7914e+00 +1.1662e+00 +9.5411e-01 +1.4756e+00
102 0 +2.696653615e+01 -1.025934638e+02 -1.025934638e+02 +5.2348e-01 -3.0782e-01 -1.0680e+00 +2.1681e+00 -1.0012e+00
144 0 +1.043640058e+01 -1.191235994e+02 -1.191235994e+02 -9.9155e-01 -5.8880e-01 -4.1232e-01 +3.3460e+00 +5.5803e-01
149 0 +5.736215451e+00 -1.238237845e+02 -1.238237845e+02 -1.6322e+00 -1.8443e-02 +1.1513e-01 +2.7761e+00 +2.7816e-02
% f evaluations | g evaluations | best noise-free fitness - Fopt (-2.774000000000e+01) + sum g_i+ | measured fitness | best measured fitness or single-digit g-values | x1 | x2...
1 0 +1.416469777e+03 +1.388729777e+03 +1.388729777e+03 -2.3342e+00 -1.1715e-01 +3.4145e+00 +1.2205e+00 +2.5693e-01
2 0 +5.907216336e+02 +5.629816336e+02 +5.629816336e+02 -1.5978e+00 -2.3712e+00 +1.0662e+00 +1.3444e+00 +3.2620e+00
4 0 +2.171675176e+02 +1.894275176e+02 +1.894275176e+02 +1.5950e+00 -1.8086e+00 +4.2859e-01 +4.9797e-01 -1.2624e+00
6 0 +5.800319657e+01 +3.026319657e+01 +3.026319657e+01 +2.4122e+00 +1.8596e+00 -2.9480e+00 +1.0614e+00 -1.0606e+00
18 0 +3.647053202e+01 +8.730532024e+00 +8.730532024e+00 +1.6430e+00 +5.1719e-01 -1.6439e+00 +3.1983e+00 +2.4711e+00
33 0 +1.653576528e+01 -1.120423472e+01 -1.120423472e+01 +1.7841e+00 -1.4044e+00 -1.1787e+00 +3.6811e+00 +4.7231e-01
325 0 +3.814533407e+00 -2.392546659e+01 -2.392546659e+01 +1.6954e+00 -3.1551e+00 -2.0256e+00 +1.4492e+00 -2.1909e+00
% f evaluations | g evaluations | best noise-free fitness - Fopt (5.073300000000e+02) + sum g_i+ | measured fitness | best measured fitness or single-digit g-values | x1 | x2...
1 0 +5.546156296e+02 +1.061945630e+03 +1.061945630e+03 -2.6342e+00 -1.0306e+00 -4.0670e+00 -1.7486e+00 +3.5334e+00
10 0 +2.673167825e+02 +7.746467825e+02 +7.746467825e+02 +1.8440e+00 +3.5196e+00 +8.8795e-01 -1.8664e+00 -2.8436e-01
18 0 +2.265988426e+01 +5.299898843e+02 +5.299898843e+02 -6.8344e-01 +4.6237e+00 +6.5041e-01 +5.3979e-01 +6.7740e-01
30 0 +1.482555180e+01 +5.221555518e+02 +5.221555518e+02 -1.1987e-01 +3.1167e+00 +2.5745e-01 +2.9286e+00 +1.4889e+00
55 0 +1.019142694e+01 +5.175214269e+02 +5.175214269e+02 -2.0121e+00 +3.7978e+00 +1.3325e+00 +1.6736e+00 +2.2520e+00
106 0 +9.658840742e+00 +5.169888407e+02 +5.169888407e+02 -8.2068e-02 +4.2919e+00 +1.0518e+00 +2.1044e+00 +3.0369e+00
110 0 +4.513598576e+00 +5.118435986e+02 +5.118435986e+02 -1.0726e+00 +3.7481e+00 +9.0403e-01 +1.6448e+00 +2.3780e+00
122 0 +4.317038694e+00 +5.116470387e+02 +5.116470387e+02 -5.1650e-01 +3.9508e+00 +5.3689e-01 +2.1049e+00 +1.4959e+00
128 0 +3.153266940e+00 +5.104832669e+02 +5.104832669e+02 -1.2941e+00 +3.8740e+00 +8.3878e-01 +7.8663e-01 +8.8048e-01
160 0 +2.285311071e+00 +5.096153111e+02 +5.096153111e+02 -9.2646e-01 +3.6641e+00 +9.9100e-01 +1.1434e+00 +1.2644e+00
176 0 +1.978337013e+00 +5.093083370e+02 +5.093083370e+02 -1.2473e+00 +3.4503e+00 +6.7378e-01 +1.2399e+00 +1.1833e+00
741 0 +1.577813527e+00 +5.089078135e+02 +5.089078135e+02 -1.5932e+00 +4.0052e+00 +1.5089e+00 +2.0127e+00 +1.3323e+00
750 0 +1.363465795e+00 +5.086934658e+02 +5.086934658e+02 -2.1885e+00 +3.5240e+00 +1.5357e+00 +2.3371e+00 +1.1474e+00
772 0 +8.938401520e-01 +5.082238402e+02 +5.082238402e+02 -2.0983e+00 +3.7622e+00 +1.5527e+00 +2.5028e+00 +8.1138e-01
800 0 +8.711717190e-01 +5.082011717e+02 +5.082011717e+02 -2.1941e+00 +3.8327e+00 +1.6963e+00 +2.4082e+00 +8.8872e-01
809 0 +8.525408775e-01 +5.081825409e+02 +5.081825409e+02 -1.9914e+00 +3.8224e+00 +1.6565e+00 +2.1575e+00 +9.1613e-01
890 0 +7.928543456e-01 +5.081228543e+02 +5.081228543e+02 -1.9373e+00 +3.6349e+00 +1.3919e+00 +2.1662e+00 +8.2548e-01
905 0 +7.488190679e-01 +5.080788191e+02 +5.080788191e+02 -1.8935e+00 +3.6166e+00 +1.3647e+00 +2.2544e+00 +9.5763e-01
925 0 +5.523552918e-01 +5.078823553e+02 +5.078823553e+02 -2.0115e+00 +3.4825e+00 +1.5333e+00 +2.5635e+00 +1.1306e+00
928 0 +4.443234570e-01 +5.077743235e+02 +5.077743235e+02 -1.9221e+00 +3.5159e+00 +1.4751e+00 +2.6249e+00 +1.1489e+00
963 0 +3.728716188e-01 +5.077028716e+02 +5.077028716e+02 -2.0401e+00 +3.5309e+00 +1.6246e+00 +2.7486e+00 +1.2218e+00
1065 0 +3.614569367e-01 +5.076914569e+02 +5.076914569e+02 -1.9200e+00 +3.4677e+00 +1.4911e+00 +2.7062e+00 +1.1556e+00
% f evaluations | g evaluations | best noise-free fitness - Fopt (5.029000000000e+01) + sum g_i+ | measured fitness | best measured fitness or single-digit g-values | x1 | x2...
1 0 +2.398276977e+02 +2.901176977e+02 +2.901176977e+02 -5.3481e-01 +8.0759e-01 +2.5631e+00 +7.4600e-02 +1.1630e+00
2 0 +5.099152677e+01 +1.012815268e+02 +1.012815268e+02 +2.6359e+00 -2.6325e+00 +8.2697e-01 -7.2695e-01 -3.4857e-01
8 0 +4.112008536e+01 +9.141008536e+01 +9.141008536e+01 +1.5330e+00 +7.5965e-01 +2.3355e+00 -3.7517e+00 +3.0790e-01
9 0 +1.897777677e+01 +6.926777677e+01 +6.926777677e+01 +1.7023e+00 +1.7439e+00 +1.0133e+00 -3.3120e+00 -1.6975e+00
17 0 +1.259310315e+01 +6.288310315e+01 +6.288310315e+01 +1.4424e+00 +1.1604e+00 +2.9455e+00 +8.0827e-01 -2.0055e-01
20 0 +1.211166908e+01 +6.240166908e+01 +6.240166908e+01 +1.6803e+00 +1.8962e+00 +9.3141e-01 -4.2867e-01 -1.8415e+00
46 0 +4.096590982e+00 +5.438659098e+01 +5.438659098e+01 +1.8803e+00 +1.0538e+00 +1.7959e+00 -2.1902e-01 -3.1267e-01
94 0 +1.833699009e+00 +5.212369901e+01 +5.212369901e+01 +1.8078e+00 -1.4325e+00 +3.1246e+00 -7.4670e-01 -9.9436e-01
129 0 +1.096108222e+00 +5.138610822e+01 +5.138610822e+01 +1.5794e+00 -7.4414e-01 +2.8999e+00 -1.8243e-01 -1.4433e+00
159 0 +7.736709104e-01 +5.106367091e+01 +5.106367091e+01 +1.8052e+00 -1.3574e+00 +3.1275e+00 -4.0854e-01 -1.2205e+00
187 0 +4.316489894e-01 +5.072164899e+01 +5.072164899e+01 +1.6806e+00 -1.5546e+00 +3.0144e+00 -8.6567e-01 -1.5741e+00
210 0 +2.856562649e-01 +5.057565626e+01 +5.057565626e+01 +1.7408e+00 -1.5157e+00 +2.9642e+00 -8.0691e-01 -1.6711e+00
219 0 +2.710516004e-01 +5.056105160e+01 +5.056105160e+01 +1.7308e+00 -1.8736e+00 +3.2201e+00 -9.5183e-01 -1.5052e+00
227 0 +2.593617327e-01 +5.054936173e+01 +5.054936173e+01 +1.6221e+00 -1.6900e+00 +3.0652e+00 -1.1308e+00 -1.8097e+00
228 0 +6.862613405e-02 +5.035862613e+01 +5.035862613e+01 +1.6837e+00 -1.4346e+00 +2.9291e+00 -1.0946e+00 -1.6603e+00
277 0 +3.609032915e-02 +5.032609033e+01 +5.032609033e+01 +1.7319e+00 -1.5988e+00 +2.9920e+00 -1.1253e+00 -1.5958e+00
289 0 +3.187836572e-02 +5.032187837e+01 +5.032187837e+01 +1.7325e+00 -1.6083e+00 +3.0347e+00 -1.1067e+00 -1.6058e+00
292 0 +3.027931094e-02 +5.032027931e+01 +5.032027931e+01 +1.6806e+00 -1.5941e+00 +3.0219e+00 -1.2269e+00 -1.6377e+00
300 0 +2.832465434e-02 +5.031832465e+01 +5.031832465e+01 +1.6845e+00 -1.6495e+00 +3.0503e+00 -1.2467e+00 -1.6567e+00
301 0 +2.608642583e-02 +5.031608643e+01 +5.031608643e+01 +1.7061e+00 -1.5019e+00 +2.9634e+00 -1.1170e+00 -1.6506e+00
331 0 +1.432332076e-02 +5.030432332e+01 +5.030432332e+01 +1.7067e+00 -1.4932e+00 +3.0468e+00 -1.0840e+00 -1.6157e+00
340 0 +1.162458721e-02 +5.030162459e+01 +5.030162459e+01 +1.6983e+00 -1.5249e+00 +3.0156e+00 -1.2147e+00 -1.6398e+00
391 0 +4.919303507e-07 +5.029000049e+01 +5.029000049e+01 +1.6982e+00 -1.5487e+00 +3.0235e+00 -1.2045e+00 -1.6495e+00
407 0 +9.473829010e-08 +5.029000009e+01 +5.029000009e+01 +1.6907e+00 -1.4934e+00 +3.0160e+00 -1.1751e+00 -1.6353e+00
430 0 +5.172521611e-08 +5.029000005e+01 +5.029000005e+01 +1.6843e+00 -1.4966e+00 +3.0353e+00 -1.1557e+00 -1.6535e+00
435 0 +1.110061731e-08 +5.029000001e+01 +5.029000001e+01 +1.6662e+00 -1.5118e+00 +3.0361e+00 -1.1987e+00 -1.6683e+00
480 0 +7.131760071e-09 +5.029000001e+01 +5.029000001e+01 +1.6775e+00 -1.4878e+00 +3.0126e+00 -1.1859e+00 -1.6327e+00
% f evaluations | g evaluations | best noise-free fitness - Fopt (-1.000000000000e+03) + sum g_i+ | measured fitness | best measured fitness or single-digit g-values | x1 | x2...
1 0 +3.354787614e+02 -6.645212386e+02 -6.645212386e+02 -1.6673e-01 -2.2627e+00 +3.0299e+00 +2.2332e+00 -8.7883e-01
2 0 +3.790405032e+01 -9.620959497e+02 -9.620959497e+02 -1.0840e+00 -7.3650e-01 +1.0725e+00 -9.8949e-01 -1.9909e+00
6 0 +1.952288373e+01 -9.804771163e+02 -9.804771163e+02 -1.0643e+00 +1.4108e-01 -1.9631e+00 -5.5277e-01 -1.0648e+00
9 0 +1.712503507e+01 -9.828749649e+02 -9.828749649e+02 -7.2516e-01 -4.5309e-01 -8.3678e-01 -6.4717e-01 -1.4601e+00
87 0 +1.160092152e+01 -9.883990785e+02 -9.883990785e+02 -2.4171e-01 -5.0342e-01 -2.2409e-01 +8.0534e-01 -1.8905e+00
189 0 +6.285905588e+00 -9.937140944e+02 -9.937140944e+02 +1.7419e+00 +1.2511e+00 -1.9435e+00 +3.7239e+00 -3.4724e+00
% f evaluations | g evaluations | best noise-free fitness - Fopt (6.074000000000e+01) + sum g_i+ | measured fitness | best measured fitness or single-digit g-values | x1 | x2...
1 0 +6.757742816e+02 +7.365142816e+02 +7.365142816e+02 -3.7815e-01 -1.7069e+00 +2.1182e-02 -8.0720e-01 -4.9715e+00
2 0 +6.504026414e+02 +7.111426414e+02 +7.111426414e+02 -1.4989e+00 +1.2613e+00 -2.3808e-01 -5.6713e-01 -1.2199e+00
3 0 +4.229046411e+02 +4.836446411e+02 +4.836446411e+02 +1.1611e+00 -3.6908e+00 -1.4272e+00 -2.2998e-01 +2.5685e+00
5 0 +3.064583416e+02 +3.671983416e+02 +3.671983416e+02 +1.3738e+00 -9.8249e-01 -6.2924e-01 -1.6961e+00 +4.7304e-01
6 0 +1.560094642e+02 +2.167494642e+02 +2.167494642e+02 -1.2154e+00 +1.1625e+00 -3.0923e+00 -1.9214e+00 +8.5431e-01
10 0 +1.064314580e+02 +1.671714580e+02 +1.671714580e+02 +2.9862e+00 +1.2171e-01 -2.0291e+00 -8.3267e-01 -1.1257e+00
14 0 +1.028307364e+02 +1.635707364e+02 +1.635707364e+02 +1.5040e+00 -1.2021e+00 -3.1421e+00 -4.5624e-01 +1.8461e+00
16 0 +7.396089955e+01 +1.347008995e+02 +1.347008995e+02 +1.1580e+00 +6.6032e-01 -2.5875e+00 -2.7378e+00 +1.9366e+00
32 0 +4.914278390e+01 +1.098827839e+02 +1.098827839e+02 +2.3970e+00 -1.4888e-01 -2.7040e+00 -1.6267e+00 +1.5567e+00
42 0 +2.846162803e+01 +8.920162803e+01 +8.920162803e+01 +1.2562e+00 +6.6042e-01 -4.5338e+00 -3.3263e+00 -3.9591e-01
74 0 +2.526288263e+01 +8.600288263e+01 +8.600288263e+01 +9.7873e-01 +1.5101e+00 -3.4748e+00 -1.9518e+00 +9.1957e-01
92 0 +1.827919825e+01 +7.901919825e+01 +7.901919825e+01 +9.9539e-01 +1.8120e+00 -4.3634e+00 -2.3842e+00 -3.1302e-01
100 0 +1.795728944e+01 +7.869728944e+01 +7.869728944e+01 +1.7256e+00 +6.7926e-01 -4.0410e+00 -2.2336e+00 +9.9892e-02
113 0 +1.021069156e+01 +7.095069156e+01 +7.095069156e+01 +1.5771e+00 +1.2221e+00 -4.4613e+00 -1.4512e+00 +1.3143e+00
119 0 +9.926188532e+00 +7.066618853e+01 +7.066618853e+01 +2.1141e+00 +1.2767e+00 -3.8042e+00 -1.0836e+00 +6.1722e-01
123 0 +9.580693533e+00 +7.032069353e+01 +7.032069353e+01 +1.9199e+00 +1.2190e+00 -4.3489e+00 -1.5788e+00 -3.9995e-01
124 0 +2.934572476e+00 +6.367457248e+01 +6.367457248e+01 +2.7989e+00 +1.3319e+00 -4.2284e+00 +2.4254e-01 +8.9508e-01
163 0 +2.176266011e+00 +6.291626601e+01 +6.291626601e+01 +3.1012e+00 +1.1594e+00 -3.8889e+00 +6.5348e-02 +3.1343e-01
314 0 +1.934571216e+00 +6.267457122e+01 +6.267457122e+01 +3.5675e+00 +5.7016e-01 -4.0705e+00 +7.8036e-01 +5.3541e-01
315 0 +1.062774055e+00 +6.180277405e+01 +6.180277405e+01 +3.2463e+00 +6.1272e-01 -3.9300e+00 +4.5404e-01 +4.1604e-01
393 0 +1.005020753e+00 +6.174502075e+01 +6.174502075e+01 +3.4479e+00 +7.0830e-01 -3.9893e+00 +5.4377e-01 +7.1781e-01
406 0 +9.839126712e-01 +6.172391267e+01 +6.172391267e+01 +3.3833e+00 +7.6459e-01 -4.0749e+00 +4.1830e-01 +6.8410e-01
414 0 +9.518558142e-01 +6.169185581e+01 +6.169185581e+01 +3.3365e+00 +7.8855e-01 -4.0610e+00 +4.2264e-01 +6.4446e-01
425 0 +9.096590068e-01 +6.164965901e+01 +6.164965901e+01 +3.4082e+00 +8.0497e-01 -4.0832e+00 +5.4328e-01 +7.0603e-01
% f evaluations | g evaluations | best noise-free fitness - Fopt (1.284000000000e+01) + sum g_i+ | measured fitness | best measured fitness or single-digit g-values | x1 | x2...
1 0 +1.930436342e+03 +1.943276342e+03 +1.943276342e+03 -1.5427e+00 -1.8205e+00 -3.2627e+00 +2.1403e+00 -1.0953e+00
2 0 +4.161209466e+02 +4.289609466e+02 +4.289609466e+02 +7.5667e-01 -2.1744e+00 -1.7545e+00 +1.5083e-01 -3.2409e+00
4 0 +1.406559660e+02 +1.534959660e+02 +1.534959660e+02 +2.1507e+00 -1.6531e+00 +5.6603e-01 -1.3455e+00 -1.3589e+00
11 0 +9.632338104e+01 +1.091633810e+02 +1.091633810e+02 +2.3929e+00 -4.6392e+00 +1.6990e+00 -2.4175e-01 -2.7398e+00
12 0 +2.891284137e+01 +4.175284137e+01 +4.175284137e+01 +4.0196e+00 -4.9889e+00 +1.7383e+00 -4.8844e-01 -2.6676e+00
18 0 +9.666999927e+00 +2.250699993e+01 +2.250699993e+01 +2.2537e+00 -8.9111e-01 +3.6078e+00 +2.7904e-01 -2.2376e+00
79 0 +9.447394002e+00 +2.228739400e+01 +2.228739400e+01 +4.5880e+00 -3.3822e+00 +2.4507e+00 -4.9732e-03 -1.9184e+00
95 0 +7.040382683e+00 +1.988038268e+01 +1.988038268e+01 +3.6994e+00 -4.0295e+00 +3.0822e+00 -1.6326e+00 -2.5745e+00
101 0 +4.444862196e+00 +1.728486220e+01 +1.728486220e+01 +2.4447e+00 -3.2159e+00 +3.9864e+00 -1.8708e+00 -2.0522e+00
106 0 +1.178909478e+00 +1.401890948e+01 +1.401890948e+01 +2.3581e+00 -2.2768e+00 +3.7028e+00 -1.0768e+00 -2.3063e+00
161 0 +1.124812123e+00 +1.396481212e+01 +1.396481212e+01 +2.1349e+00 -1.6656e+00 +3.0128e+00 -7.7969e-01 -2.6734e+00
172 0 +8.730407685e-01 +1.371304077e+01 +1.371304077e+01 +2.2035e+00 -1.8668e+00 +3.0680e+00 -8.0438e-01 -2.6660e+00
194 0 +8.635732021e-01 +1.370357320e+01 +1.370357320e+01 +2.0850e+00 -1.9961e+00 +3.4534e+00 -1.5754e+00 -2.5234e+00
599 0 +7.245826354e-01 +1.356458264e+01 +1.356458264e+01 +7.2080e-01 -1.3126e+00 +4.1824e+00 -2.4089e+00 -2.4844e+00
612 0 +6.640968791e-01 +1.350409688e+01 +1.350409688e+01 +1.3662e+00 -2.0126e+00 +3.8009e+00 -2.1588e+00 -2.3772e+00
618 0 +5.044115209e-01 +1.334441152e+01 +1.334441152e+01 +1.0752e+00 -1.8013e+00 +3.9940e+00 -2.4841e+00 -2.5137e+00
629 0 +4.418373927e-01 +1.328183739e+01 +1.328183739e+01 +1.0505e+00 -1.6255e+00 +3.6812e+00 -2.2017e+00 -2.5927e+00
630 0 +1.307116142e-01 +1.297071161e+01 +1.297071161e+01 +9.5218e-01 -1.6896e+00 +4.0381e+00 -2.3692e+00 -2.4501e+00
639 0 +3.819399408e-02 +1.287819399e+01 +1.287819399e+01 +8.4450e-01 -1.7221e+00 +4.0599e+00 -2.6449e+00 -2.3860e+00
% f evaluations | g evaluations | best noise-free fitness - Fopt (-2.626000000000e+01) + sum g_i+ | measured fitness | best measured fitness or single-digit g-values | x1 | x2...
1 0 +2.463593973e+02 +2.200993973e+02 +2.200993973e+02 +1.9308e+00 -8.4912e-01 -1.6554e+00 +3.8008e+00 -1.1769e-01
2 0 +8.665564748e+01 +6.039564748e+01 +6.039564748e+01 +1.7267e+00 -3.1421e+00 -8.1695e-01 -8.0722e-01 +2.1700e-01
6 0 +1.363988623e+01 -1.262011377e+01 -1.262011377e+01 +2.0605e+00 -1.2007e+00 -2.8435e+00 -1.8980e+00 -1.8858e-01
9 0 +1.682558388e+00 -2.457744161e+01 -2.457744161e+01 +2.1292e+00 -1.4154e+00 -1.9574e+00 -1.3930e+00 +3.6281e-01
