% f evaluations | g evaluations | best noise-free fitness - Fopt (1.000000000000e+03) + sum g_i+ | measured fitness | best measured fitness or single-digit g-values | x1 | x2...
1 0 +9.616592594e+02 +1.961659259e+03 +1.961659259e+03 +4.5853e+00 -2.5214e+00 -2.0417e+00 +3.0225e+00 +1.2366e+00 +2.6370e+00 -4.1626e+00 +4.5804e+00 -1.9311e+00 +9.3796e-01 -1.7618e+00 -1.9209e+00 -1.4906e+00 -1.6604e+00 -2.1760e-01 +8.8469e-01 -1.0963e+00 +4.4129e+00 -4.1987e+00 +1.9576e+00
15 0 +8.944620048e+02 +1.894462005e+03 +1.894462005e+03 -1.5532e+00 +3.7936e+00 -3.5065e+00 +3.1022e+00 +3.1469e+00 +1.4363e+00 +3.8570e+00 -2.3485e+00 -2.8396e-01 -4.3870e+00 -3.6149e+00 -4.3928e+00 -3.9436e+00 -3.4749e+00 +1.9178e+00 -2.4410e+00 +1.8618e+00 -1.8413e+00 +2.5655e+00 -1.7249e+00
16 0 +8.579047202e+02 +1.857904720e+03 +1.857904720e+03 -3.4859e+00 +2.5013e+00 +2.6108e+00 +2.0225e+00 -2.5137e+00 +1.3298e+00 -4.6377e+00 +2.1742e+00 -6.7812e-01 -3.7235e+00 -9.8566e-02 -4.2605e+00 -4.1566e+00 +1.0829e+00 +4.8310e+00 -1.2378e+00 +3.4365e+00 +3.6980e+00 +1.9105e+00 -9.2607e-01
51 0 +7.522397431e+02 +1.752239743e+03 +1.752239743e+03 +1.6402e+00 +2.5013e+00 +2.6108e+00 +2.0225e+00 -2.5137e+00 +1.3298e+00 +2.3858e+00 +2.1742e+00 -1.4977e+00 -2.9023e+00 -1.0579e+00 -4.2605e+00 -4.1566e+00 +1.0829e+00 +4.8310e+00 +2.3598e-01 +3.4365e+00 +3.6980e+00 +1.9105e+00 -1.5609e+00
169 0 +6.453992070e+02 +1.645399207e+03 +1.645399207e+03 -1.5532e+00 +3.7936e+00 +5.0000e+00 +3.1022e+00 +3.1469e+00 -4.1133e-01 +3.8570e+00 -2.3485e+00 -2.8396e-01 -4.3870e+00 -1.1871e+00 -4.3928e+00 -1.8471e+00 -3.4749e+00 +3.5689e+00 -2.4410e+00 +1.8618e+00 -1.8413e+00 +2.5655e+00 -1.7249e+00
295 0 +5.542034076e+02 +1.554203408e+03 +1.554203408e+03 -2.9714e+00 +1.7532e+00 +3.1090e+00 +2.1106e+00 +3.0629e+00 +2.1835e+00 +8.3306e-01 +6.6688e-01 -1.8223e+00 -2.7255e+00 -5.0000e+00 -2.8091e+00 -4.7808e+00 -3.0739e+00 +2.8006e+00 +7.4728e-01 +6.7652e-01 +3.1978e+00 +5.4093e-01 -3.4784e-01
457 0 +5.068206873e+02 +1.506820687e+03 +1.506820687e+03 -2.0422e+00 +2.6619e+00 +4.1690e+00 +1.1951e+00 -1.1665e+00 +1.5206e+00 -1.0581e+00 +6.0154e-01 -1.0405e+00 -2.8916e+00 -5.0000e+00 -5.0000e+00 -2.8880e+00 -2.1840e+00 +5.0000e+00 +2.6713e+00 +1.1540e+00 +3.0504e+00 -1.3045e+00 -5.0000e+00
775 0 +4.997849817e+02 +1.499784982e+03 +1.499784982e+03 +6.6478e-01 +1.7532e+00 +5.0000e+00 +2.1106e+00 +3.0629e+00 -1.4179e+00 -3.6838e+00 -1.2849e-01 -1.8223e+00 -5.0000e+00 -5.0000e+00 -3.2458e+00 -4.7808e+00 -2.6098e+00 +5.0000e+00 +1.9457e+00 +7.6965e-01 +3.1978e+00 -2.9562e-01 -5.0000e+00
795 0 +4.458658595e+02 +1.445865860e+03 +1.445865860e+03 -1.1053e+00 +5.0000e+00 +1.0747e+00 +1.3155e+00 +1.6658e+00 -3.2242e+00 -3.7235e+00 +6.1345e-02 -3.2035e+00 +1.1020e+00 -4.1642e+00 +3.2916e-02 -3.5934e+00 +1.0742e+00 -7.3030e-01 +2.5438e+00 +1.7803e+00 -5.8925e-01 +1.3318e+00 -3.0980e+00
821 0 +4.202350380e+02 +1.420235038e+03 +1.420235038e+03 -5.4423e-02 +2.6637e+00 +5.0000e+00 +5.0000e+00 +5.0000e+00 -8.4638e-01 -3.7727e+00 -4.0575e-01 -6.3080e-01 -5.0000e+00 -3.0973e+00 -2.5052e+00 +5.7929e-01 -1.6604e+00 +4.2955e+00 +5.0000e+00 +5.0000e+00 +4.7099e-01 +1.1444e+00 -8.5779e-01
859 0 +3.531273230e+02 +1.353127323e+03 +1.353127323e+03 -1.9975e+00 +4.8522e+00 +5.0000e+00 +2.0239e+00 +3.8196e+00 -2.7127e+00 -1.9482e+00 +3.3525e-01 -4.4575e+00 -2.9975e+00 -4.1642e+00 -2.2356e-01 -4.4210e+00 +7.0146e-01 +2.3023e+00 -2.9085e-03 +2.4149e+00 +8.7067e-01 +2.3980e-01 -1.3325e+00
1021 0 +3.412474787e+02 +1.341247479e+03 +1.341247479e+03 -4.2417e-01 +3.3256e+00 +7.8032e-01 +5.0000e+00 +5.0000e+00 -8.4638e-01 -3.7727e+00 -4.0575e-01 -6.3080e-01 -2.7010e+00 -3.0973e+00 -2.5052e+00 +5.7929e-01 -1.9166e+00 +1.7887e+00 +5.0000e+00 +1.7342e+00 +4.7099e-01 -2.4770e+00 -8.5779e-01
1027 0 +3.284055567e+02 +1.328405557e+03 +1.328405557e+03 +9.9423e-02 +3.5401e+00 +1.8929e+00 +2.6711e+00 +2.5076e+00 -1.8716e+00 -2.1745e+00 +3.0592e+00 -6.1550e-01 -1.9270e+00 -2.0127e+00 -1.8359e+00 +3.0526e-01 -1.0020e+00 +4.1538e+00 +1.1364e+00 +1.6260e+00 +1.1614e+00 -1.7178e+00 +1.8055e+00
1089 0 +3.140993801e+02 +1.314099380e+03 +1.314099380e+03 -8.0954e-01 +2.3787e+00 +5.0000e+00 +3.1022e+00 +3.1469e+00 +7.2842e-01 -1.2266e+00 -1.4754e+00 -3.5395e+00 -2.6516e+00 -1.6251e+00 -2.3576e+00 -2.0729e+00 -3.4749e+00 +4.3397e+00 +1.1149e+00 +1.8618e+00 +2.2591e+00 -8.6961e-01 -1.3785e+00
1139 0 +2.962955103e+02 +1.296295510e+03 +1.296295510e+03 -7.8249e-01 +4.8522e+00 +5.0000e+00 +3.8316e+00 +3.8196e+00 -2.7127e+00 -1.9482e+00 +3.3525e-01 +2.3084e-01 -2.3766e+00 -3.2452e+00 -2.7333e-01 +7.0366e-01 -5.2434e-02 +2.3023e+00 -2.9085e-03 +2.4149e+00 +8.7067e-01 -1.9658e+00 -1.3325e+00
1465 0 +2.835037237e+02 +1.283503724e+03 +1.283503724e+03 -9.2859e-01 +3.9450e+00 +2.3785e+00 +1.5160e+00 +3.4434e+00 -3.1752e+00 -2.1650e+00 -1.6339e-01 -1.5858e+00 -2.2814e+00 -1.9363e+00 -3.3888e+00 +6.6924e-01 -4.8973e+00 +3.3384e+00 +1.5591e+00 +3.0361e+00 -7.1828e-01 -8.1223e-01 -1.0500e+00
1529 0 +2.676970410e+02 +1.267697041e+03 +1.267697041e+03 +6.1712e-01 +2.8477e+00 +3.7759e+00 +5.0000e+00 +4.2231e+00 -3.0624e+00 -1.2266e+00 -3.0391e-02 -4.5335e+00 -2.6516e+00 -1.6251e+00 -6.9771e-02 -3.9904e-01 -3.4749e+00 +1.6641e+00 +3.3113e+00 +2.8879e+00 +5.0330e-01 -8.6961e-01 +5.3818e-01
1703 0 +2.264461624e+02 +1.226446162e+03 +1.226446162e+03 -8.1840e-01 +2.8128e+00 +2.9646e+00 +1.8249e+00 +5.0000e+00 -3.4682e+00 -1.7429e+00 +6.2312e-01 -3.1741e+00 -2.6202e+00 -2.0069e+00 -2.1420e+00 -5.4159e-01 -2.4951e+00 +2.5510e+00 +2.1062e+00 +2.1127e+00 +1.4959e+00 -1.1921e+00 -2.1165e+00
2515 0 +2.229851931e+02 +1.222985193e+03 +1.222985193e+03 -1.7353e+00 +3.7086e+00 +4.2922e+00 +4.9766e+00 +4.0463e+00 -3.2242e+00 -7.4595e-01 +6.2710e-01 -3.7081e+00 -1.9619e+00 -2.5937e+00 -9.0471e-01 +5.8597e-01 -7.1694e-01 +2.5006e+00 +2.1659e+00 +2.6687e+00 +6.6759e-01 -2.2134e+00 -2.2139e+00
2733 0 +2.091226109e+02 +1.209122611e+03 +1.209122611e+03 -1.3342e+00 +2.3324e+00 +3.2228e+00 +5.0000e+00 +3.4561e+00 -2.5382e+00 -2.0277e+00 -8.7798e-02 -1.6713e+00 -2.0261e+00 -2.7345e+00 -3.9725e-01 -1.8693e+00 -2.4628e+00 +3.6164e+00 +3.6682e+00 +3.3506e+00 +3.5498e-01 -1.7089e+00 -1.7644e+00
2769 0 +2.075856670e+02 +1.207585667e+03 +1.207585667e+03 -1.2231e+00 +2.8157e+00 +4.6333e+00 +5.0000e+00 +3.1535e+00 -2.2844e+00 -3.0124e+00 +3.4293e-01 -2.7846e+00 -2.1852e+00 -3.3502e+00 -1.0207e+00 +1.0215e+00 -3.4749e+00 +3.9936e+00 +4.8267e+00 +3.8123e+00 -3.7251e-01 -8.6961e-01 -1.5282e+00
3367 0 +1.906100700e+02 +1.190610070e+03 +1.190610070e+03 -1.1078e+00 +4.4257e+00 +3.4464e+00 +3.6589e+00 +3.5000e+00 -2.8770e+00 -2.0076e+00 +3.0864e-01 -8.8970e-01 -2.2735e+00 -2.8255e+00 -1.7991e+00 +1.2235e+00 -1.1700e+00 +2.6963e+00 +5.0000e+00 +2.5127e+00 -2.9228e-01 -1.8412e+00 -1.3198e+00
3377 0 +1.730110817e+02 +1.173011082e+03 +1.173011082e+03 -1.3099e+00 +2.1980e+00 +4.2119e+00 +3.8063e+00 +5.0000e+00 -2.6749e+00 -2.5446e+00 -1.3080e-02 -1.4712e+00 -2.0907e+00 -3.6187e+00 -1.7370e+00 -4.0224e-01 -3.7534e+00 +3.2990e+00 +3.5363e+00 +2.6123e+00 +2.3669e-01 -8.6936e-01 -9.5683e-01
% f evaluations | g evaluations | best noise-free fitness - Fopt (7.003000000000e+01) + sum g_i+ | measured fitness | best measured fitness or single-digit g-values | x1 | x2...
1 0 +1.438568770e+03 +1.508598770e+03 +1.508598770e+03 +2.5976e+00 +2.2028e+00 +3.5084e+00 -9.9594e-01 -1.2926e+00 -4.4489e+00 -1.7068e+00 -1.2118e+00 -4.2049e+00 +2.6591e+00 -4.7979e+00 -2.1962e+00 -4.0912e+00 -3.7996e+00 -3.9243e-01 +2.5297e+00 +2.5920e+00 +1.6473e+00 -4.2759e+00 +1.6671e+00
2 0 +1.056638553e+03 +1.126668553e+03 +1.126668553e+03 -4.4770e+00 -4.1687e+00 -4.5753e+00 -2.0032e+00 -3.1462e+00 -1.6271e+00 +5.1557e-01 +1.5190e-01 +1.9333e+00 -1.1577e+00 -1.0049e+00 -3.8156e+00 +2.9925e+00 -2.2446e-01 -4.8850e+00 -6.6964e-01 +2.0409e+00 +9.7394e-03 +3.0412e+00 -3.9761e-01
27 0 +8.757499309e+02 +9.457799309e+02 +9.457799309e+02 +5.9950e-01 +5.9177e-01 -7.0792e-01 -7.7004e-01 -3.0468e+00 -1.3679e-01 -3.6383e+00 -1.6404e+00 -4.1911e+00 -1.5324e+00 +6.7114e-01 -4.2313e+00 +8.2465e-01 +3.5734e+00 -3.9294e+00 -4.1393e+00 -4.1987e+00 -3.4877e-01 -3.1938e+00 -7.2270e-01
163 0 +8.320986261e+02 +9.021286261e+02 +9.021286261e+02 +1.4578e+00 -5.7180e-01 +4.1718e-01 -3.4232e+00 -3.1391e+00 -4.4360e+00 +3.2918e+00 -3.7553e+00 -1.5813e+00 -2.7045e+00 +1.1892e+00 +6.1856e-01 +3.1620e+00 -5.0000e+00 +5.1222e-03 -1.4150e+00 -9.9507e-01 +2.1771e+00 -5.0000e+00 -1.8211e+00
187 0 +8.126602273e+02 +8.826902273e+02 +8.826902273e+02 -2.2061e+00 +4.2006e+00 -7.0792e-01 -7.7004e-01 -3.0468e+00 -1.3679e-01 -1.8807e-01 -1.6404e+00 -4.1911e+00 -1.5324e+00 +6.7114e-01 -4.2313e+00 +8.2465e-01 +3.5734e+00 -3.9294e+00 -4.1393e+00 -1.1933e+00 +3.3908e+00 -3.1938e+00 -5.0000e+00
213 0 +7.653118697e+02 +8.353418697e+02 +8.353418697e+02 -3.4749e+00 -5.0000e+00 +1.4871e+00 +1.5075e+00 -5.0000e+00 -5.0000e+00 +2.5942e+00 -2.4627e+00 -3.3413e+00 -4.5145e+00 -4.2013e+00 -3.0589e+00 +5.0000e+00 -5.0000e+00 -2.0213e+00 +4.8028e+00 +1.9552e+00 +4.5005e+00 -1.3654e+00 -2.3129e-01
223 0 +7.574180835e+02 +8.274480835e+02 +8.274480835e+02 -4.4770e+00 +5.7856e-01 -4.5753e+00 -2.0032e+00 -5.0000e+00 -1.6271e+00 +5.1557e-01 +1.5190e-01 +1.9333e+00 -1.1577e+00 -1.0049e+00 -1.8290e+00 +1.0909e+00 -2.2446e-01 -4.8850e+00 -6.6964e-01 -7.0058e-01 +9.7394e-03 -2.9485e+00 -3.9761e-01
237 0 +6.027546807e+02 +6.727846807e+02 +6.727846807e+02 -7.9362e-01 -1.4093e+00 -4.1312e+00 +2.8235e-01 +4.2334e-01 -3.5287e+00 -3.6131e+00 -5.2180e-01 +2.0694e+00 -2.3541e+00 +3.1880e-01 -2.1308e+00 +5.6169e-01 +1.0141e+00 -7.8677e-01 -3.4816e+00 -1.0383e+00 +1.9404e+00 -4.2865e+00 -3.2105e+00
363 0 +5.948626004e+02 +6.648926004e+02 +6.648926004e+02 -3.1715e+00 -2.1470e-01 -1.9476e+00 -6.0336e-01 -3.1391e+00 -4.4360e+00 +1.2926e+00 -2.2968e-01 -4.3282e+00 -3.6577e-01 +1.1892e+00 +6.1856e-01 +3.1620e+00 +5.0000e+00 +5.1222e-03 -1.4150e+00 -2.9125e+00 +2.2877e+00 -5.0000e+00 -1.8211e+00
389 0 +5.691372493e+02 +6.391672493e+02 +6.391672493e+02 +5.3243e-01 -5.0317e-01 -4.2282e+00 +1.2770e+00 -1.0173e+00 -1.0032e+00 +1.7985e+00 +5.3750e-01 +4.8129e-01 -2.0973e+00 +1.2269e+00 -3.6715e+00 -2.6175e-01 -4.7750e+00 +4.6163e-01 -1.0027e+00 +2.4540e+00 +2.4353e+00 -1.1767e+00 -3.9248e+00
403 0 +5.429296311e+02 +6.129596311e+02 +6.129596311e+02 -3.1715e+00 -2.1470e-01 -4.8740e+00 -6.0336e-01 -3.1391e+00 -4.4360e+00 +1.2926e+00 -2.2968e-01 -4.3282e+00 -3.6577e-01 +1.1892e+00 -1.9604e+00 +3.1620e+00 -1.5981e+00 +5.1222e-03 -1.4150e+00 -2.9125e+00 +2.9493e+00 -5.0000e+00 -1.8211e+00
499 0 +4.761517707e+02 +5.461817707e+02 +5.461817707e+02 +1.7737e+00 -2.4519e+00 -4.6054e-01 -3.5799e+00 -2.5508e+00 -2.4213e+00 -1.1664e+00 -1.8028e-02 -5.0000e+00 -6.4755e-01 +6.0106e-01 -3.2129e+00 +2.0256e+00 +2.8522e-01 +2.0379e+00 -5.0000e+00 +2.9844e+00 +3.9212e+00 -4.8922e+00 -2.4601e+00
701 0 +4.492371680e+02 +5.192671680e+02 +5.192671680e+02 -3.6637e-01 -3.8150e+00 -1.4206e+00 -3.6944e-01 -3.1128e-01 -5.2210e-01 +5.2986e-01 -8.0031e-01 -3.2732e+00 -1.0161e+00 +1.3714e+00 -2.7073e+00 +5.6024e-01 -4.8817e+00 -1.6361e+00 -3.9233e+00 +1.7280e+00 +2.9707e+00 -2.0344e+00 -2.7687e+00
707 0 +4.254048873e+02 +4.954348873e+02 +4.954348873e+02 -3.6141e-01 -2.6592e+00 -5.0000e+00 +8.6636e-01 -3.0468e+00 -5.0000e+00 +5.9163e-02 -1.9544e+00 -1.2514e+00 -2.8475e+00 -4.5116e-01 -1.7781e+00 +3.2027e+00 -3.3826e+00 -8.0718e-01 -2.1715e+00 -8.8547e-01 +5.0000e+00 -2.5204e+00 -2.2759e+00
725 0 +3.867628213e+02 +4.567928213e+02 +4.567928213e+02 -4.4725e-01 -2.8682e-01 +5.9597e-02 +1.3855e+00 -1.6255e+00 -3.1151e+00 -2.5267e+00 -3.7008e-01 -3.1258e+00 -1.1945e+00 +1.2679e+00 -3.1090e+00 +3.3272e+00 +2.1511e+00 +1.4873e+00 -2.4369e+00 -1.9960e+00 +3.7409e+00 -5.0000e+00 +2.2267e+00
923 0 +3.566421840e+02 +4.266721840e+02 +4.266721840e+02 -3.1715e+00 -3.4799e+00 -2.3137e+00 -3.7973e+00 -3.4321e+00 -4.4360e+00 +3.4847e-01 -3.4175e-01 -4.3282e+00 -3.7253e+00 +3.1859e-01 -1.9604e+00 +3.1620e+00 -2.6881e+00 +5.1222e-03 -1.4150e+00 +1.8597e-01 +2.9493e+00 -3.4454e+00 +2.8427e-01
991 0 +3.537473924e+02 +4.237773924e+02 +4.237773924e+02 -9.2211e-01 -4.1816e+00 -4.2190e+00 -2.1316e+00 -3.2577e+00 -4.0319e+00 -2.4737e+00 -7.9912e-01 -4.6413e+00 +1.8854e-01 +7.7540e-01 -1.7616e+00 +1.1422e+00 -2.6007e+00 -2.0529e+00 -3.9530e+00 -7.6858e-01 +2.8291e+00 -1.2829e+00 +1.4334e+00
1021 0 +3.260629048e+02 +3.960929048e+02 +3.960929048e+02 -2.3498e+00 -4.2260e+00 -4.9199e+00 -3.6944e-01 -2.4561e+00 -5.0000e+00 -1.0198e+00 -8.0031e-01 -3.6296e+00 -2.4638e+00 -9.4734e-02 +1.3529e-01 +3.3733e+00 -4.8817e+00 -1.9581e+00 -2.1747e+00 -5.9365e-01 +2.9707e+00 -1.9116e+00 +1.2917e-01
1149 0 +3.009867227e+02 +3.710167227e+02 +3.710167227e+02 -1.5553e+00 -3.9886e+00 -5.0000e+00 -1.9191e-01 -3.4721e+00 -4.4360e+00 +1.1050e+00 +6.6107e-01 -4.3594e+00 -2.0973e+00 -9.7474e-02 -2.8570e+00 +3.5943e+00 -5.0000e+00 -4.7802e+00 -3.0250e+00 +3.4111e-02 +2.3681e+00 -1.7379e+00 -1.0629e+00
1277 0 +2.817790031e+02 +3.518090031e+02 +3.518090031e+02 -9.7694e-01 -4.9348e+00 -5.0000e+00 -1.0467e+00 -2.2707e+00 -5.0000e+00 +6.7174e-01 +1.7305e+00 -3.4503e+00 -5.8709e-01 +1.1379e+00 -4.8647e-01 +2.4861e+00 -5.0000e+00 -2.8627e+00 -3.0014e+00 +3.6658e-01 +2.5192e+00 -3.6299e+00 +8.4705e-01
1547 0 +2.607718634e+02 +3.308018634e+02 +3.308018634e+02 -2.9216e-01 -3.2393e+00 -1.3862e+00 -1.5216e+00 -3.0468e+00 -4.3243e+00 +5.9163e-02 -1.0596e-01 -3.9452e+00 -2.2965e+00 -2.5314e-01 -1.7781e+00 +4.2937e+00 -3.3826e+00 -1.9049e+00 -2.1715e+00 +2.5633e-01 +4.1897e+00 -2.5204e+00 -8.6636e-04
1601 0 +2.501235529e+02 +3.201535529e+02 +3.201535529e+02 -5.6568e-01 -3.8036e+00 -5.0000e+00 -2.3406e+00 -2.7734e+00 -4.9201e+00 -1.5602e+00 +7.2823e-01 -5.0000e+00 +7.0731e-01 +1.4879e+00 -2.7907e+00 +5.0000e+00 -4.9653e+00 -1.1766e+00 -2.9763e+00 +2.0289e-01 +3.4958e+00 -2.5397e+00 +5.4466e-01
1675 0 +2.317125543e+02 +3.017425543e+02 +3.017425543e+02 -2.6790e-01 -3.6393e+00 -5.0000e+00 +3.4766e-01 -2.3762e+00 -5.0000e+00 -2.5991e+00 +3.8937e-01 -5.0000e+00 -6.0542e-02 +1.9569e-01 -1.3037e+00 +3.0113e+00 -3.1820e+00 -2.3492e+00 -4.7761e+00 +1.5629e+00 +2.8279e+00 -2.6931e+00 +3.2969e-01
1911 0 +2.153438725e+02 +2.853738725e+02 +2.853738725e+02 -1.5656e+00 -1.8465e+00 -5.0000e+00 -2.5277e+00 -1.9023e+00 -4.0319e+00 -1.3289e+00 +1.6681e-02 -3.8866e+00 -8.1409e-01 +7.7540e-01 -2.5270e+00 +5.0000e+00 -4.7425e+00 -2.0529e+00 -3.0966e+00 +1.5459e+00 +3.3072e+00 -2.8819e+00 -3.2962e-01
2013 0 +2.068427227e+02 +2.768727227e+02 +2.768727227e+02 +1.4944e-01 -4.1525e+00 -4.9013e+00 -1.3599e+00 -2.4315e+00 -5.0000e+00 -1.3101e+00 +1.1145e+00 -4.9434e+00 +3.2926e-01 +2.5077e-01 -1.2039e+00 +5.0000e+00 -1.9618e+00 -8.6131e-01 -3.8660e+00 +2.3400e-02 +4.0136e+00 -2.8722e+00 +1.4325e-01
2351 0 +2.033934051e+02 +2.734234051e+02 +2.734234051e+02 -1.0383e+00 -1.8465e+00 -4.9083e+00 -2.5277e+00 -1.9023e+00 -4.0319e+00 -1.3289e+00 +1.6681e-02 -4.2716e+00 +5.1090e-01 -1.0435e+00 -2.1230e+00 +5.0000e+00 -4.1877e+00 -2.0529e+00 -4.6397e+00 +1.8823e+00 +3.3072e+00 -2.8819e+00 -3.2962e-01
2651 0 +1.899313557e+02 +2.599613557e+02 +2.599613557e+02 -1.1100e+00 -2.2145e+00 -3.5424e+00 -8.0192e-01 -2.1062e+00 -4.0557e+00 -1.5260e+00 +8.5253e-01 -4.1551e+00 +5.5511e-01 -7.1819e-01 -2.3238e+00 +4.0707e+00 -3.8588e+00 -1.4853e+00 -2.7589e+00 -1.1606e-01 +2.9796e+00 -3.5029e+00 +3.6027e-01
3475 0 +1.839979242e+02 +2.540279242e+02 +2.540279242e+02 -2.6790e-01 -2.3899e+00 -5.0000e+00 -1.9618e+00 -1.6510e+00 -4.3864e+00 -4.6631e-01 +5.1784e-01 -5.0000e+00 -6.0542e-02 -1.0798e+00 -1.6594e+00 +3.4555e+00 -2.0047e+00 -8.3284e-01 -3.0839e+00 +1.7325e+00 +3.7855e+00 -1.9693e+00 -1.0670e-01
3711 0 +1.528996154e+02 +2.229296154e+02 +2.229296154e+02 -1.0749e+00 -1.8465e+00 -5.0000e+00 +2.3091e-01 -1.5946e+00 -4.2295e+00 -1.3289e+00 +1.0069e+00 -4.2716e+00 +5.1090e-01 +1.0774e+00 -2.1230e+00 +5.0000e+00 -4.1877e+00 -2.0715e+00 -4.6397e+00 +1.8823e+00 +3.9820e+00 -2.8819e+00 -4.0968e-01
% f evaluations | g evaluations | best noise-free fitness - Fopt (-4.822000000000e+01) + sum g_i+ | measured fitness | best measured fitness or single-digit g-values | x1 | x2...
1 0 +1.169478997e+03 +1.121258997e+03 +1.121258997e+03 -1.0884e+00 +1.9944e+00 -8.4954e-01 -3.8085e+00 -7.2043e-01 +8.6744e-01 -3.7371e+00 -4.2315e+00 -3.9109e-01 +9.9228e-01 -2.1813e+00 -4.9250e+00 -5.8196e-02 -2.3358e+00 -2.5891e-01 +6.0751e-01 -4.7796e+00 -8.0459e-01 +2.2896e+00 -1.3426e+00
41 0 +5.984384733e+02 +5.502184733e+02 +5.502184733e+02 -1.5572e+00 -2.8670e+00 -1.9642e+00 +1.8178e+00 -7.6346e-01 +1.8081e+00 -1.7344e+00 -4.4581e+00 -3.7328e+00 +4.1159e+00 +4.4598e-02 -1.9936e+00 -1.2197e+00 -2.0247e-01 -3.7242e-01 +8.3379e-01 -1.1776e+00 -1.7757e+00 -4.1855e-01 -4.0703e+00
437 0 +5.639246508e+02 +5.157046508e+02 +5.157046508e+02 -1.6036e+00 -2.7075e+00 -4.8706e+00 +6.2746e-01 -2.7829e+00 +3.9325e+00 -3.0436e-01 +5.0000e+00 -2.3869e+00 +4.5135e+00 -7.2173e-01 -2.0914e+00 -2.3335e+00 +8.4602e-01 +1.6957e+00 -4.4785e+00 -2.9637e+00 -1.6673e+00 -2.5087e+00 +8.2118e-01
505 0 +5.501933136e+02 +5.019733136e+02 +5.019733136e+02 -1.3308e+00 -3.9825e+00 -2.2079e+00 -2.4883e+00 -2.5325e+00 +5.5460e-01 -3.4286e+00 +5.0000e+00 -4.0592e+00 +4.4804e+00 -1.4270e+00 -3.4469e-01 -1.4413e+00 +5.8068e-01 +5.0000e+00 +1.0106e+00 -5.0000e+00 -2.7700e+00 +3.2747e-03 +1.2791e+00
507 0 +5.481845488e+02 +4.999645488e+02 +4.999645488e+02 +1.9431e-01 -3.0653e+00 -4.2191e+00 -2.3887e+00 +3.2870e-01 +1.4789e+00 +1.3907e+00 -7.8548e-01 -5.0000e+00 +3.6517e+00 -1.5181e+00 +5.8560e-01 -1.3673e+00 +2.6424e+00 -5.0000e+00 +5.0000e+00 -5.0000e+00 -1.3556e+00 +9.5331e-01 +1.6413e+00
633 0 +5.076544973e+02 +4.594344973e+02 +4.594344973e+02 +2.1774e-01 -1.9988e+00 -2.9679e+00 -2.3363e+00 -3.4970e+00 +5.3735e-01 -5.0000e+00 -5.1453e-01 -4.6292e+00 +3.9293e-01 -4.2180e+00 +1.1791e+00 -3.0036e+00 +2.5126e+00 -2.6862e+00 +1.8447e+00 -2.8324e+00 -1.8928e+00 +5.0000e+00 -6.6423e-01
707 0 +4.563062373e+02 +4.080862373e+02 +4.080862373e+02 -1.8289e+00 -3.0653e+00 -4.2191e+00 -2.3887e+00 +3.1424e-02 +1.4789e+00 -2.5201e+00 -7.8548e-01 -4.2032e+00 +4.3758e+00 -1.5181e+00 +5.8560e-01 -1.3673e+00 +1.3960e+00 -2.7028e+00 +1.1667e+00 -7.2902e-01 -1.3556e+00 -3.4445e-01 +1.6413e+00
865 0 +4.393044341e+02 +3.910844341e+02 +3.910844341e+02 -1.3308e+00 -3.9825e+00 -2.2079e+00 -1.5064e+00 -2.1957e+00 +5.5460e-01 -4.1529e+00 +5.0000e+00 -4.0592e+00 +4.4804e+00 -5.6071e-01 -3.4469e-01 +2.1874e+00 -4.9268e-02 -2.6446e+00 -1.4635e+00 -5.0000e+00 -8.1880e-01 +3.2747e-03 +1.2791e+00
867 0 +4.205723063e+02 +3.723523063e+02 +3.723523063e+02 -1.8289e+00 -4.0046e+00 -6.0473e-01 -3.9237e+00 +3.1424e-02 +1.4789e+00 -2.5201e+00 +4.3473e+00 -4.2032e+00 +4.3758e+00 -1.5181e+00 +5.8560e-01 -1.3673e+00 +1.3960e+00 -4.4750e+00 +2.9918e+00 -4.8409e+00 -1.3556e+00 -3.4445e-01 +1.6413e+00
897 0 +3.747523829e+02 +3.265323829e+02 +3.265323829e+02 -3.2187e+00 -3.5814e+00 -1.9923e+00 +3.6898e-01 +4.2338e-01 +7.4182e-01 -2.5201e+00 -2.0335e+00 -4.2032e+00 +2.6104e+00 -1.0791e+00 -4.3125e-01 +1.4710e+00 +3.2538e+00 -3.0981e+00 +1.0353e+00 -4.7665e+00 -2.0369e-01 -2.9472e-01 +9.3332e-01
981 0 +3.547502395e+02 +3.065302395e+02 +3.065302395e+02 -7.5553e-01 -1.0861e+00 -1.3596e+00 +2.5205e+00 -3.4179e+00 +3.4344e+00 -5.0000e+00 +2.0058e+00 -3.6089e+00 +3.7622e+00 -1.9887e-01 -1.4995e+00 +6.2281e-01 +2.0857e+00 -3.5335e+00 -5.0000e+00 -3.2777e+00 -3.6130e+00 -5.2290e-02 +3.0715e+00
1041 0 +3.414212782e+02 +2.932012782e+02 +2.932012782e+02 -1.5572e+00 -2.8670e+00 -4.3458e-01 +1.3915e+00 -5.0000e+00 +1.8081e+00 -1.7344e+00 +5.0000e+00 -3.7328e+00 +4.1159e+00 -3.3012e+00 -1.3482e+00 -2.1412e+00 +1.0204e+00 -3.7242e-01 -5.9545e-01 -1.1776e+00 -1.7757e+00 +8.8100e-01 +3.9664e+00
1127 0 +3.341117605e+02 +2.858917605e+02 +2.858917605e+02 -2.5707e+00 -2.5183e+00 +8.0419e-01 +2.1250e-01 -5.0000e+00 +3.3389e+00 -4.3215e+00 +5.0000e+00 -3.1283e+00 +4.6595e+00 -4.1161e+00 -1.6196e+00 -4.5145e-01 +1.0089e+00 -3.4959e+00 -4.3460e+00 -3.1073e+00 -2.4185e+00 +1.3026e-01 +3.2508e+00
1161 0 +2.599220671e+02 +2.117020671e+02 +2.117020671e+02 -1.5572e+00 -2.8670e+00 -8.2859e-01 -1.2680e+00 -4.4125e+00 +1.8081e+00 -1.7344e+00 +3.2996e+00 -4.8146e+00 +4.1159e+00 +7.7321e-01 -1.3482e+00 -4.3097e-01 +2.2436e+00 -3.7242e-01 -5.9545e-01 -1.1776e+00 -1.7757e+00 +8.8100e-01 -1.0186e-03
2241 0 +2.534565898e+02 +2.052365898e+02 +2.052365898e+02 -1.5572e+00 -2.8670e+00 -1.9421e+00 -1.2680e+00 -7.5019e-01 +1.8081e+00 -4.0143e+00 +3.2996e+00 -3.3693e+00 +4.1159e+00 +7.7321e-01 -1.3482e+00 -4.3097e-01 +3.5178e+00 -3.7242e-01 -5.9545e-01 -1.7455e+00 -2.0291e+00 +8.8100e-01 -1.0186e-03
2265 0 +2.417331647e+02 +1.935131647e+02 +1.935131647e+02 -2.1068e+00 -3.7508e-01 -1.8679e+00 -2.5403e+00 -5.0000e+00 +2.8405e+00 -4.1529e+00 +2.7174e+00 -4.0622e+00 +3.2736e+00 +4.4666e-01 -7.3612e-01 +4.3318e-01 +4.2382e+00 -2.5850e-01 +2.7607e-01 -3.0007e+00 -5.4432e-01 +1.0713e+00 +3.4501e+00
2375 0 +2.267856224e+02 +1.785656224e+02 +1.785656224e+02 -8.8871e-01 -3.2534e+00 -9.2057e-01 +1.6661e+00 -4.3550e+00 +1.5293e+00 -3.1989e+00 -2.8390e-01 -4.5004e+00 +3.5481e+00 -5.3406e-01 -1.1480e+00 -2.1925e+00 +3.6218e+00 -2.2732e+00 +4.6192e-02 -3.4777e+00 -1.5952e+00 -6.0444e-02 +5.4002e-01
2647 0 +2.167603705e+02 +1.685403705e+02 +1.685403705e+02 -3.3428e+00 -2.8460e+00 +8.0419e-01 +6.1667e-01 -5.0000e+00 +3.3389e+00 -3.1831e+00 +2.8705e+00 -3.6596e+00 +4.6595e+00 -2.0502e-01 -1.6196e+00 -1.4066e+00 +1.7979e+00 +3.1149e-01 +1.2426e-01 -3.0293e+00 -2.4185e+00 +1.3026e-01 +1.3198e+00
3087 0 +2.023942083e+02 +1.541742083e+02 +1.541742083e+02 -2.0699e+00 -2.8460e+00 +8.0419e-01 +6.1667e-01 -4.3550e+00 +3.3389e+00 -1.9259e+00 +2.8705e+00 -3.6596e+00 +5.0000e+00 -2.0502e-01 -1.6196e+00 -1.4066e+00 +2.8085e+00 -1.9170e+00 +3.9487e-01 -2.9481e+00 -2.4185e+00 +1.3026e-01 +1.3198e+00
3737 0 +1.935881857e+02 +1.453681857e+02 +1.453681857e+02 -1.0639e+00 -3.6621e+00 -1.6526e+00 -3.0802e+00 -5.0000e+00 +4.3032e+00 -1.6427e+00 +4.4433e-01 -3.3920e+00 +3.4724e+00 +1.0925e+00 -1.6446e+00 -2.1008e+00 +2.5271e+00 -2.1913e+00 -9.2639e-01 -1.4151e+00 -2.0369e-01 +1.3246e+00 +3.3927e+00
% f evaluations | g evaluations | best noise-free fitness - Fopt (2.547000000000e+01) + sum g_i+ | measured fitness | best measured fitness or single-digit g-values | x1 | x2...
1 0 +2.691714028e+03 +2.717184028e+03 +2.717184028e+03 +3.6059e+00 -2.7625e-01 -2.3072e+00 +4.4615e+00 -4.3745e+00 +4.0578e+00 +4.7940e-01 -1.5457e+00 +1.9366e-01 +3.7866e-01 -2.7740e+00 -4.6370e+00 -3.0053e+00 +1.1982e+00 +4.2317e+00 -2.5815e+00 +2.8923e+00 +3.5986e+00 -4.1112e+00 -1.0673e+00
3 0 +1.574305156e+03 +1.599775156e+03 +1.599775156e+03 -2.2950e+00 +7.5745e-01 -4.0390e+00 +1.1135e+00 -4.5762e+00 -3.2690e+00 -1.5789e+00 -9.8649e-01 +2.4640e+00 +1.1365e+00 +4.5114e+00 -3.3618e+00 +8.1179e-01 -1.8157e+00 +1.6682e+00 -3.9245e+00 +1.8658e+00 -1.0903e+00 +4.4735e+00 +1.8273e+00
7 0 +1.139128351e+03 +1.164598351e+03 +1.164598351e+03 -2.1469e+00 -8.4119e-01 -3.9567e+00 -3.0277e+00 -3.7255e+00 +2.0412e+00 +1.2380e+00 +4.9413e+00 -2.4122e-01 -2.5825e+00 +3.7965e+00 -3.6329e+00 -4.1575e+00 +3.4508e+00 -4.7301e-01 -8.4404e-01 -6.0108e-01 +4.7454e+00 -4.8558e+00 -4.4218e+00
10 0 +1.045706004e+03 +1.071176004e+03 +1.071176004e+03 +3.0596e+00 -2.1979e+00 +1.2450e+00 -1.4216e+00 +1.0132e+00 +2.0865e+00 +1.5866e-01 +4.5596e+00 +3.8644e-01 -1.6775e+00 +2.0548e+00 +2.7889e+00 +2.2483e+00 +2.9871e+00 +1.5530e+00 +4.3698e-01 +1.0408e+00 +4.5758e+00 +2.4380e+00 -4.9859e+00
19 0 +8.891205743e+02 +9.145905743e+02 +9.145905743e+02 -6.3626e-01 -1.2116e-01 -5.9336e-01 -2.6028e+00 +6.5947e-01 +4.4833e+00 +2.8544e+00 -4.4349e-01 +3.5790e+00 -1.0142e+00 +2.7309e+00 -3.1354e+00 +9.1198e-01 +1.3237e-02 +2.2445e+00 -3.7709e+00 +2.7733e+00 -4.9406e-01 -3.5908e+00 -1.3433e+00
67 0 +8.661657654e+02 +8.916357654e+02 +8.916357654e+02 -1.6604e+00 +4.3073e-01 -3.9232e+00 -3.0298e+00 -3.3803e+00 +3.2255e+00 -5.0000e+00 +3.4152e+00 +4.1785e-02 +6.8914e-01 -2.0822e+00 +2.4098e+00 +3.5056e+00 -5.0000e+00 +3.5810e+00 -4.1716e+00 +1.5622e+00 +2.9646e+00 -5.0000e+00 -3.0759e-01
79 0 +8.039907373e+02 +8.294607373e+02 +8.294607373e+02 +3.0596e+00 -2.4576e+00 +1.2450e+00 -1.4216e+00 -6.6583e-01 +2.0865e+00 -6.1775e-01 +4.5596e+00 +9.5764e-01 -1.6775e+00 -2.8311e+00 +6.1250e-01 +1.1008e+00 -6.8670e-01 +9.5934e-01 +4.3698e-01 +1.0408e+00 +4.5758e+00 +6.9691e-01 -4.9859e+00
137 0 +7.689214614e+02 +7.943914614e+02 +7.943914614e+02 -6.3626e-01 -1.2116e-01 -5.9336e-01 -2.6028e+00 +6.5947e-01 +4.4833e+00 +2.9686e-01 -2.5617e+00 +3.5790e+00 -1.0142e+00 +2.7309e+00 -3.1354e+00 +9.1198e-01 +1.3237e-02 +2.2445e+00 -3.7709e+00 +3.5052e+00 -4.9406e-01 -1.6137e+00 -1.3433e+00
177 0 +7.208244533e+02 +7.462944533e+02 +7.462944533e+02 -6.3626e-01 -5.0000e+00 +5.0000e+00 -2.6028e+00 +6.5947e-01 +4.4833e+00 -2.1316e+00 -5.0000e+00 +3.5790e+00 -1.4376e+00 +2.7309e+00 -3.1354e+00 +9.1198e-01 -1.3320e+00 +2.2445e+00 -3.7709e+00 +3.5052e+00 +3.3617e+00 -1.6137e+00 -1.3433e+00
189 0 +6.248920667e+02 +6.503620667e+02 +6.503620667e+02 -3.5095e+00 +1.5115e+00 -4.0673e+00 -4.7211e+00 -4.4836e+00 +1.4003e+00 +1.8403e+00 -3.1680e-01 +1.7412e+00 +6.7872e-01 -2.8207e+00 -3.3320e+00 -1.6317e+00 +1.6481e+00 -8.5589e-01 -5.0000e+00 +1.7654e-01 +1.2352e+00 +4.9899e+00 -5.0000e+00
335 0 +5.745898394e+02 +6.000598394e+02 +6.000598394e+02 -5.0000e+00 -1.6889e+00 +2.8417e+00 -2.9824e+00 -3.4956e+00 -2.9969e+00 +3.0242e+00 +5.0000e+00 -2.9917e-01 +2.9816e+00 -5.0000e+00 -1.3510e+00 +2.3819e+00 -1.1683e+00 +4.2838e+00 -1.4025e+00 +2.9660e+00 +4.5944e+00 -1.9097e+00 -1.0602e+00
455 0 +5.620080106e+02 +5.874780106e+02 +5.874780106e+02 -5.0000e+00 -3.1508e+00 +2.8417e+00 -2.9824e+00 -1.8918e+00 -1.1858e+00 +1.8511e+00 +5.0000e+00 -2.9917e-01 +4.9321e+00 -5.0000e+00 -1.3510e+00 +4.1268e+00 -1.1683e+00 +4.2838e+00 -1.6320e+00 +2.9660e+00 +4.5944e+00 -1.9097e+00 -2.1544e+00
461 0 +5.314287479e+02 +5.568987479e+02 +5.568987479e+02 -4.3360e+00 -1.3274e+00 -1.9361e+00 -2.8311e+00 -1.6319e+00 -1.2690e+00 +6.9976e-01 +0.0000e+00 +1.6565e+00 +2.3439e+00 -1.6384e+00 -4.6647e+00 +4.1572e+00 +2.1429e+00 +4.7139e+00 -4.3991e+00 +1.3422e+00 +4.3113e+00 -2.8560e+00 -1.0673e+00
495 0 +5.196844353e+02 +5.451544353e+02 +5.451544353e+02 -5.0000e+00 -2.7562e+00 +2.8417e+00 -2.9824e+00 -1.8918e+00 -1.1858e+00 -7.8928e-02 +5.0000e+00 -2.9917e-01 +4.9321e+00 -2.5236e+00 -4.1897e-01 +4.1268e+00 +6.8007e-01 +4.2838e+00 -1.6320e+00 +2.9660e+00 +4.5944e+00 -2.9519e+00 -2.1544e+00
549 0 +4.141590854e+02 +4.396290854e+02 +4.396290854e+02 -5.0000e+00 +1.5115e+00 +1.2940e+00 -4.8438e+00 -2.8500e+00 +1.4003e+00 +1.6576e+00 +4.6489e+00 +2.1764e+00 +6.7872e-01 -2.8207e+00 -8.7025e-01 +1.6868e+00 +2.1474e+00 +2.1574e+00 -2.1292e+00 +1.7654e-01 +1.2352e+00 +4.9899e+00 -5.0000e+00
691 0 +3.871869488e+02 +4.126569488e+02 +4.126569488e+02 -2.6827e+00 -2.3192e+00 +3.5367e+00 -3.8014e+00 -8.1432e-01 -1.3326e+00 +2.1149e+00 +0.0000e+00 +8.7271e-01 -6.8488e-01 -3.1425e+00 -3.2860e+00 +5.4151e-01 +2.7158e+00 +2.7761e+00 -8.9671e-01 +1.4330e+00 +1.9506e+00 +1.9874e+00 -3.4907e+00
715 0 +3.457383251e+02 +3.712083251e+02 +3.712083251e+02 -4.7510e+00 -3.3852e+00 -1.1547e+00 -1.7502e+00 -2.3557e+00 +2.7184e+00 -3.5162e+00 -3.5110e-01 +3.4543e+00 +3.5172e+00 -2.2536e+00 -7.8891e-01 +1.4154e+00 -5.6795e-01 +1.6440e+00 -1.6860e+00 +8.8583e-01 +5.0000e+00 +1.3044e-01 -2.1819e+00
989 0 +3.169833319e+02 +3.424533319e+02 +3.424533319e+02 -5.0000e+00 +4.5610e-02 +4.1346e-01 -4.8438e+00 -2.8500e+00 +1.4003e+00 +1.6576e+00 +4.6489e+00 +2.1764e+00 +6.7872e-01 -2.8207e+00 -8.7025e-01 +1.6868e+00 +2.1474e+00 +2.1574e+00 -2.1292e+00 +1.7654e-01 +3.9046e+00 +1.2405e+00 -5.0000e+00
1551 0 +2.759885984e+02 +3.014585984e+02 +3.014585984e+02 -4.4207e+00 -2.4134e+00 +2.4550e+00 -4.3048e+00 +2.7262e-01 -2.7705e-01 -2.1738e-01 +2.4348e+00 +2.4875e+00 +2.9244e-01 -4.3435e+00 -2.4155e+00 +1.7306e+00 -2.4986e-02 +4.5064e+00 -3.7815e+00 +2.5303e+00 +2.2521e+00 -8.2812e-01 -2.4848e+00
1595 0 +2.644020570e+02 +2.898720570e+02 +2.898720570e+02 -4.7204e+00 -5.9542e-01 -1.1547e+00 -1.7502e+00 -2.3557e+00 +2.7184e+00 -1.7293e+00 +2.5221e-01 +3.4543e+00 -9.2742e-01 -1.0856e-01 -7.8891e-01 +1.4154e+00 -5.6795e-01 +7.2391e-01 -1.6860e+00 +8.8583e-01 +4.3757e+00 +9.4985e-01 -2.1819e+00
1815 0 +2.523568612e+02 +2.778268612e+02 +2.778268612e+02 -5.0000e+00 -2.7562e+00 +4.4311e-01 -4.3017e+00 -1.1987e+00 +4.8914e-02 -1.0160e+00 -3.9921e-01 +2.2043e+00 +1.1576e+00 -2.9686e+00 -1.3420e+00 +4.1900e-02 -1.1594e-01 +3.8312e+00 -2.1686e-01 +2.0883e+00 +5.0000e+00 +1.0558e+00 -4.0728e+00
2027 0 +2.505014937e+02 +2.759714937e+02 +2.759714937e+02 -4.7357e+00 -1.7843e+00 +2.3442e-01 -4.8462e+00 -3.1991e+00 +1.8471e-01 -4.9257e-01 +1.8455e+00 +2.5786e+00 -1.5288e-01 -3.5038e+00 -6.3580e-01 +8.5476e-01 -4.4990e-01 +5.0000e+00 -1.9171e+00 +2.5072e+00 +4.5040e+00 -7.2203e-01 -1.6602e+00
2127 0 +2.394209719e+02 +2.648909719e+02 +2.648909719e+02 -3.4018e+00 -2.8610e+00 -3.7578e-01 -3.5423e+00 -1.1338e+00 +8.8930e-01 -1.9435e+00 -8.9707e-01 +4.9006e+00 -6.1172e-01 -1.4097e+00 -2.5405e+00 +2.1993e+00 -1.4293e-01 +7.0218e-01 -4.3493e+00 +9.6011e-01 +3.7616e+00 +1.1651e+00 -1.0299e+00
2195 0 +2.103175443e+02 +2.357875443e+02 +2.357875443e+02 -3.5771e+00 -5.9542e-01 -1.1547e+00 -1.7502e+00 -2.3557e+00 +1.0606e+00 -1.7293e+00 +4.0504e-01 +3.4543e+00 +5.6770e-01 -2.3997e+00 -7.8891e-01 +1.4154e+00 -2.3564e+00 +3.5481e+00 -1.1445e+00 +1.6592e+00 +3.9563e+00 +9.4985e-01 -2.2629e+00
2603 0 +2.002624372e+02 +2.257324372e+02 +2.257324372e+02 -4.5528e+00 -1.9455e+00 -2.9319e-01 -3.2277e+00 -2.8961e+00 -2.1775e-01 -2.6777e+00 -3.1699e-01 +2.1469e+00 -9.3529e-01 -3.3198e+00 -2.1949e+00 +1.2660e+00 +2.0182e+00 +2.8815e+00 -2.5316e+00 +1.4447e+00 +4.2235e+00 +8.8049e-01 -1.9430e+00
2835 0 +1.869028433e+02 +2.123728433e+02 +2.123728433e+02 -3.5771e+00 -5.9542e-01 -1.1547e+00 -1.7502e+00 -1.0807e+00 +1.0606e+00 -1.7293e+00 -1.0418e-01 +3.4543e+00 -6.0815e-01 -2.3997e+00 -7.8891e-01 +1.4154e+00 -9.3741e-01 +4.4980e+00 -1.1445e+00 +1.6592e+00 +3.9563e+00 +9.4985e-01 -2.2629e+00
% f evaluations | g evaluations | best noise-free fitness - Fopt (-1.008100000000e+02) + sum g_i+ | measured fitness | best measured fitness or single-digit g-values | x1 | x2...
1 0 +1.638868757e+03 +1.538058757e+03 +1.538058757e+03 -2.7926e+00 +2.4876e+00 +1.5168e+00 -2.8914e+00 -4.7318e+00 +4.6845e+00 +3.6952e+00 +2.3977e+00 +1.9064e+00 +3.5646e+00 -3.1414e+00 -4.7701e+00 -3.8612e+00 -2.0997e+00 -2.5511e+00 -4.6163e+00 +4.0581e-01 +4.1043e+00 +5.1325e-01 +3.2660e+00
2 0 +1.548362879e+03 +1.447552879e+03 +1.447552879e+03 +1.9632e+00 +1.1286e+00 -1.1309e+00 +2.1101e-01 +4.6600e+00 -8.1414e-01 +2.9030e+00 +3.7201e+00 -2.4515e+00 -4.9785e+00 -5.2773e-01 +1.3198e+00 +3.3116e+00 +1.0761e+00 -4.9000e+00 +2.8639e+00 +4.8135e+00 +2.6518e-01 +3.0757e-02 -4.6920e+00
9 0 +1.336031413e+03 +1.235221413e+03 +1.235221413e+03 -2.7918e+00 -2.2732e+00 +3.3666e+00 -3.2291e+00 +2.7016e+00 +1.6197e+00 +2.3295e-02 -4.1679e+00 -2.7344e+00 +3.5319e+00 -4.1840e+00 -1.1230e-02 -3.5349e+00 -8.6353e-01 -3.2319e+00 +3.5942e+00 -4.2880e+00 -1.4372e+00 +4.6366e+00 -3.6999e-01
17 0 +9.633726722e+02 +8.625626722e+02 +8.625626722e+02 +9.0767e-01 -7.7613e-01 +4.5776e+00 -1.0081e+00 -1.8637e+00 -1.7924e+00 +1.8806e+00 +7.6487e-01 -2.9408e+00 -4.6289e-01 +2.0474e+00 +1.8835e+00 +2.3508e+00 -6.7368e-01 -1.4395e+00 -7.0428e-01 +2.5778e+00 +3.1837e-01 -7.8669e-01 -1.4715e-01
79 0 +6.325587198e+02 +5.317487198e+02 +5.317487198e+02 -3.2538e-02 +3.9704e+00 -2.6124e-02 -1.2987e+00 -1.1877e-01 -2.1291e+00 +3.4041e+00 -2.5813e+00 -5.0000e+00 +2.3353e+00 -1.7610e+00 -2.9719e-01 -2.7557e+00 -2.3662e+00 -2.8049e-01 -2.9215e-01 +4.5362e+00 -1.7495e+00 -2.0160e+00 -1.4232e+00
277 0 +5.337694814e+02 +4.329594814e+02 +4.329594814e+02 +5.8119e-01 +2.0228e+00 -1.3920e+00 +1.6812e+00 +1.0070e+00 +1.6197e+00 +2.3295e-02 -4.6460e-01 -5.0000e+00 -1.4425e+00 +2.7262e+00 -2.3143e+00 -3.5065e+00 -8.6353e-01 +3.0439e+00 +9.1751e-01 -7.3930e-01 -2.2568e+00 -1.7079e+00 -3.6999e-01
325 0 +4.519793202e+02 +3.511693202e+02 +3.511693202e+02 -3.6401e+00 -6.0626e-01 +5.0000e+00 +3.8256e-01 +4.6257e+00 -1.7406e+00 +2.1714e-01 -8.9958e-01 -5.0000e+00 -1.1993e+00 +1.5779e+00 -3.3961e+00 +4.1602e+00 +1.4577e-01 +3.7392e+00 +1.9842e+00 +4.6548e+00 -1.2347e+00 +9.6572e-01 +3.6545e+00
431 0 +4.254973130e+02 +3.246873130e+02 +3.246873130e+02 -1.0973e+00 +3.7643e-01 -6.8839e-01 +7.7913e-03 +1.0132e+00 +2.1219e+00 +2.1435e+00 -2.7416e+00 -5.0000e+00 -1.4138e+00 -1.4655e+00 +6.7575e-01 -6.5099e-03 -6.1515e-01 +5.0000e+00 +4.5672e+00 +2.2228e+00 -6.3887e-01 +4.7525e-01 +4.7715e-01
677 0 +3.910548479e+02 +2.902448479e+02 +2.902448479e+02 +5.8119e-01 +6.7055e-01 +3.0522e+00 +1.6812e+00 +1.0070e+00 +1.6197e+00 +2.3295e-02 -4.6460e-01 -5.0000e+00 -1.4425e+00 +2.7262e+00 -2.3143e+00 -3.5065e+00 -1.8468e+00 +3.0439e+00 +9.1751e-01 +5.0000e+00 -2.2568e+00 -1.3210e+00 -3.6999e-01
729 0 +3.809821736e+02 +2.801721736e+02 +2.801721736e+02 -1.6689e+00 +7.4305e-01 +2.3185e+00 -7.8476e-01 +1.8590e+00 +4.2511e+00 -2.9513e-01 -1.6417e+00 -3.8335e+00 -2.8496e+00 +1.6333e+00 -1.9589e+00 +2.1921e+00 -3.4112e-01 +3.9635e+00 +3.2809e+00 +4.4784e+00 -1.9840e+00 -2.6022e+00 -5.8570e-01
809 0 +3.603699851e+02 +2.595599851e+02 +2.595599851e+02 -8.4498e-01 +2.2727e+00 +4.5628e+00 +4.3727e-01 +2.6960e+00 +4.2511e+00 -2.9513e-01 -1.6417e+00 -3.5944e+00 -2.8496e+00 +1.6333e+00 -1.9589e+00 +1.4932e+00 -3.4112e-01 +3.9635e+00 +3.2809e+00 +4.4784e+00 +7.4753e-01 -2.6022e+00 +4.1931e+00
855 0 +3.139993254e+02 +2.131893254e+02 +2.131893254e+02 +4.9212e-03 -1.1376e+00 +2.4478e-01 -1.2081e+00 +3.8220e+00 +2.0379e+00 -1.1668e+00 -6.5635e-01 -3.7471e+00 -2.0103e-01 +6.3575e-01 -1.0885e+00 -4.1646e-01 -9.8273e-01 +2.9108e+00 +5.0000e+00 +4.0710e+00 +6.9573e-01 +2.0275e+00 +3.4113e+00
895 0 +3.033043236e+02 +2.024943236e+02 +2.024943236e+02 +4.9212e-03 -1.1376e+00 +2.4478e-01 +5.6967e-01 +3.8220e+00 +2.0379e+00 -1.1668e+00 -3.6826e-01 -4.5281e+00 -2.0103e-01 +6.3575e-01 -1.0885e+00 +9.9349e-01 -4.2233e-01 +2.9108e+00 +2.7536e+00 +4.0710e+00 +6.9573e-01 +2.0275e+00 +1.2056e+00
1087 0 +2.991166730e+02 +1.983066730e+02 +1.983066730e+02 +1.5196e-01 +1.5270e+00 +4.3429e+00 -8.6585e-01 +3.3846e+00 +5.5300e-01 +2.0672e+00 +1.1052e+00 -4.9196e+00 +1.8765e+00 +5.5430e-01 -1.1162e+00 -8.1788e-01 -2.6105e+00 +3.3589e-01 +4.4196e+00 +5.0000e+00 -9.6713e-01 +2.0367e+00 +5.0000e+00
1153 0 +2.731977910e+02 +1.723877910e+02 +1.723877910e+02 -8.3775e-01 +1.2933e+00 +9.7694e-01 -1.6381e+00 +1.5710e+00 +4.0829e-01 +2.2113e+00 -1.9888e+00 -2.6875e+00 -1.0026e+00 +2.3550e+00 -3.2211e+00 +4.4349e-01 -2.2982e+00 -6.5403e-01 +2.4779e+00 +3.6043e+00 -2.2824e+00 +2.0164e+00 +1.2957e+00
1337 0 +2.376423401e+02 +1.368323401e+02 +1.368323401e+02 +4.9486e-02 -1.4933e-01 +3.8088e+00 -3.1042e-01 +3.8436e+00 -7.2990e-01 +1.3226e+00 -9.0273e-01 -5.0000e+00 -5.9651e-01 +3.6397e-01 -1.2887e+00 +2.0340e+00 -2.0645e+00 +1.7336e+00 +2.4414e+00 +3.8338e+00 +1.6321e-01 +1.5368e+00 +5.0000e+00
1605 0 +2.111383493e+02 +1.103283493e+02 +1.103283493e+02 +3.4438e-01 -4.0984e-02 +1.6263e+00 -1.1908e+00 +3.4239e+00 +2.3246e+00 -8.1737e-01 +1.8084e+00 -2.7229e+00 -6.6251e-01 +3.9796e-01 -3.4493e+00 -2.1300e+00 -1.5101e+00 +1.1857e+00 +2.4611e+00 +5.0000e+00 -2.3812e+00 +3.1875e+00 +5.0000e+00
2045 0 +2.056855773e+02 +1.048755773e+02 +1.048755773e+02 +3.4438e-01 -4.0984e-02 +1.6263e+00 -1.1908e+00 +3.4239e+00 +2.3246e+00 +7.2908e-02 +1.8084e+00 -2.3756e+00 +2.1355e-01 +3.9796e-01 -3.4493e+00 -2.1300e+00 -9.7548e-01 +1.1857e+00 +2.4611e+00 +2.0724e+00 -2.3812e+00 +4.2240e+00 +5.0000e+00
2517 0 +1.870482743e+02 +8.623827430e+01 +8.623827430e+01 +1.3515e-01 +8.9526e-01 +1.5526e+00 -2.6227e-01 +3.4605e+00 +1.6983e+00 +2.1604e+00 +1.3746e+00 -4.2168e+00 -5.7208e-01 -3.4360e-01 -3.0083e+00 -1.5442e+00 -2.1082e+00 +1.6590e+00 +2.6443e+00 +5.0000e+00 -3.0163e-01 +3.0067e+00 +3.1056e+00
3029 0 +1.762471158e+02 +7.543711585e+01 +7.543711585e+01 +1.9199e+00 +2.3421e+00 +2.1726e+00 -1.5675e+00 +1.8694e+00 +3.7858e+00 +4.9465e-01 +9.6692e-01 -4.4529e+00 -1.4766e+00 +2.0943e+00 -3.1690e+00 -2.1366e+00 -3.1584e+00 +1.3796e+00 +3.1984e+00 +4.0206e+00 -4.8312e-01 -1.0048e-01 +5.0000e+00
% f evaluations | g evaluations | best noise-free fitness - Fopt (7.739000000000e+01) + sum g_i+ | measured fitness | best measured fitness or single-digit g-values | x1 | x2...
1 0 +1.081922574e+03 +1.159312574e+03 +1.159312574e+03 +1.6094e+00 +1.5136e+00 +2.7919e+00 -3.8466e+00 -4.2336e+00 -7.6303e-01 +1.7136e-01 +4.2069e+00 +1.7140e+00 +3.8009e-01 -4.9711e+00 +2.6704e+00 -4.5931e+00 -5.3296e-01 -1.8779e+00 +3.7054e+00 +4.4088e+00 -2.7762e-01 +1.3781e+00 -4.3292e+00
103 0 +9.772184130e+02 +1.054608413e+03 +1.054608413e+03 +3.8318e+00 -2.3719e-01 -1.8319e+00 +2.5654e+00 -2.7360e+00 +2.5773e+00 +5.0000e+00 -1.5877e+00 +1.4605e+00 -5.0000e+00 -2.2933e+00 +3.6442e+00 -1.3488e+00 -3.3771e+00 -2.6458e+00 +3.2978e+00 -1.6655e+00 -3.8210e+00 +1.4713e+00 +7.7031e-01
171 0 +9.516763565e+02 +1.029066357e+03 +1.029066357e+03 +4.3601e+00 +4.1775e+00 -4.9127e+00 -3.3830e+00 +3.6436e+00 +3.5113e-01 -6.4134e-01 +2.7245e+00 +1.5953e-02 -3.3551e+00 -7.3930e-01 +2.8870e+00 -1.8447e+00 -3.5310e+00 +2.9628e+00 +3.0060e+00 -3.1697e-01 -4.5551e+00 +4.7688e+00 -2.9132e-01
195 0 +8.501073127e+02 +9.274973127e+02 +9.274973127e+02 +2.7800e+00 +5.0000e+00 +3.8495e+00 -1.1391e+00 -3.2356e-02 +2.8689e+00 +2.8225e+00 +1.4404e+00 -1.1789e+00 -3.7592e+00 +5.0000e+00 +2.8710e+00 -3.1956e+00 +1.5078e+00 -5.0000e+00 +2.5849e+00 +9.4295e-02 -5.0000e+00 -1.6570e+00 -1.1074e+00
219 0 +7.218724380e+02 +7.992624380e+02 +7.992624380e+02 +1.2394e+00 +3.1587e+00 +2.2576e+00 +6.4121e-01 -2.3893e+00 -8.4010e-01 +1.9933e+00 +1.6386e+00 +3.4868e+00 +1.5411e+00 +2.2457e+00 +2.7153e+00 +2.0898e+00 -1.6873e+00 -5.1629e-01 +4.1489e+00 -7.3541e-01 -2.5762e+00 +5.9979e-01 -8.4690e-01
267 0 +6.810332535e+02 +7.584232535e+02 +7.584232535e+02 +5.0000e+00 +3.5424e+00 +2.5860e+00 -7.8252e-01 +8.0693e-01 +5.0000e+00 -3.8423e+00 -2.5288e+00 +3.9048e-01 -3.1557e+00 -3.3656e+00 -1.1746e+00 +2.4065e+00 +6.2688e-01 +1.1415e+00 +5.0000e+00 -1.9551e+00 -7.6332e-01 -4.4810e-01 -1.3186e+00
347 0 +5.594678422e+02 +6.368578422e+02 +6.368578422e+02 +5.0000e+00 +2.9709e+00 +2.5860e+00 -7.8252e-01 +8.0693e-01 +5.0000e+00 +3.2007e+00 -2.5288e+00 +3.5044e+00 -4.1749e+00 -3.3656e+00 -1.1746e+00 +2.4065e+00 -1.4343e+00 +1.1415e+00 +5.0000e+00 -1.9551e+00 -7.6332e-01 -4.4810e-01 -1.3186e+00
409 0 +5.409138656e+02 +6.183038656e+02 +6.183038656e+02 +2.2777e+00 +1.2273e+00 -4.6071e-01 -2.5778e+00 -7.4505e-01 +5.0000e+00 +1.3109e+00 -3.7155e+00 +2.2479e+00 -1.1723e+00 -4.8124e+00 -5.0000e+00 +1.4887e+00 -8.4914e-01 -1.5185e+00 +3.2305e+00 +2.1332e+00 -3.5560e+00 +5.1609e-01 -1.6577e+00
467 0 +4.175295895e+02 +4.949195895e+02 +4.949195895e+02 +2.1836e+00 +2.9709e+00 +4.7640e+00 -7.8252e-01 +8.0693e-01 +5.0000e+00 +3.2007e+00 +3.0823e+00 +1.0104e+00 -4.1749e+00 -6.8795e-01 -1.3891e-01 +2.7258e+00 -1.4343e+00 -3.5370e-01 +6.9696e-01 -1.9551e+00 -7.6332e-01 -4.4810e-01 -1.3186e+00
567 0 +3.808451407e+02 +4.582351407e+02 +4.582351407e+02 +1.6094e+00 +4.7997e+00 +2.3486e+00 -2.2825e+00 +4.3740e-02 +2.0448e-01 +1.6521e+00 +7.0660e-01 +1.2085e+00 -3.3271e+00 -2.2536e+00 +1.1665e+00 +1.5499e+00 -5.1972e-01 -1.2132e+00 -1.0390e+00 -1.9591e+00 -3.1657e+00 +8.6179e-01 -7.9172e-01
667 0 +3.578579032e+02 +4.352479032e+02 +4.352479032e+02 +2.1836e+00 +5.0000e+00 +2.1532e+00 -7.8252e-01 -4.4337e+00 +1.6640e+00 +3.2007e+00 +1.6763e+00 +1.0104e+00 -1.6275e-01 -6.8795e-01 -1.3891e-01 +2.7258e+00 -1.4343e+00 +5.0136e-02 +6.9696e-01 +1.3331e+00 -7.6332e-01 -4.4810e-01 -1.3186e+00
885 0 +3.257882253e+02 +4.031782253e+02 +4.031782253e+02 +3.6517e+00 +5.0000e+00 +2.2975e+00 +8.2714e-01 -4.4729e+00 +3.4788e+00 +2.1895e+00 -2.6231e+00 +1.4033e+00 -3.9507e+00 -5.0000e+00 -4.2153e+00 -2.1465e-02 +6.7641e-03 +2.0721e+00 -6.2828e-01 -1.9736e-01 -4.0896e+00 -2.8962e+00 -3.6823e-01
927 0 +3.131761833e+02 +3.905661833e+02 +3.905661833e+02 +1.6094e+00 +4.5019e+00 -4.7972e-01 -2.2825e+00 -3.1105e+00 +2.0448e-01 +1.6521e+00 -2.3138e+00 +1.3981e+00 -3.3271e+00 -2.2536e+00 -2.3419e+00 +1.5499e+00 -5.1972e-01 +4.7210e-01 +8.5080e-01 -1.9591e+00 -3.1657e+00 +8.6179e-01 -7.9172e-01
965 0 +2.533209999e+02 +3.307109999e+02 +3.307109999e+02 +3.6517e+00 +5.0000e+00 +2.2975e+00 +8.2714e-01 -4.4729e+00 +3.4788e+00 +2.1895e+00 -2.0669e+00 +1.4033e+00 -2.6517e+00 -5.1874e-01 -4.2153e+00 -2.1465e-02 +6.7641e-03 -2.3092e-01 +4.2524e-01 -1.2586e+00 -4.0896e+00 -2.8962e+00 -2.0121e-01
1787 0 +2.330609749e+02 +3.104509749e+02 +3.104509749e+02 +4.7921e+00 +3.9643e+00 +1.0284e+00 -1.2374e+00 -1.1805e+00 +3.3064e+00 +1.6472e+00 -8.6227e-01 +1.0104e+00 -4.4988e+00 -2.6023e+00 -3.4523e+00 +1.3070e+00 +2.1491e+00 -1.0828e-01 -6.2220e-01 +5.6264e-02 -7.6332e-01 -4.4810e-01 -1.6276e+00
2215 0 +2.033872156e+02 +2.807772156e+02 +2.807772156e+02 +3.3453e+00 +3.4823e+00 +2.1867e+00 -1.2491e+00 -1.4108e+00 +4.0295e+00 +3.1989e+00 -7.1066e-02 +6.9416e-01 -2.9139e+00 -9.0519e-01 -7.3553e-01 +2.5647e+00 +1.0081e+00 +8.3257e-01 +1.3450e+00 +1.5090e-01 -4.1809e+00 -1.9893e+00 -4.9919e-01
3297 0 +1.872486313e+02 +2.646386313e+02 +2.646386313e+02 +3.4762e+00 +2.9590e+00 +2.9974e+00 -3.5934e-01 -2.5966e+00 +3.7309e+00 +1.3537e+00 -2.1077e+00 +2.4957e+00 -4.3534e+00 +1.3901e-01 -3.1016e+00 +3.6006e-01 +6.2321e-01 -1.2281e-01 +1.1561e+00 +4.2614e-01 -2.3252e+00 -1.9155e+00 -3.4005e-01
3571 0 +1.841579946e+02 +2.615479946e+02 +2.615479946e+02 +4.2244e+00 +4.3942e+00 +2.7537e+00 -6.3763e-01 -1.5431e+00 +2.4579e+00 +2.0413e+00 -1.4444e+00 +3.2524e+00 -5.0000e+00 -1.7477e+00 -2.7875e+00 +1.3419e+00 +5.8840e-01 +6.2039e-02 +1.0228e+00 +9.9314e-01 +8.4484e-01 -1.3310e+00 -2.1197e-01
% f evaluations | g evaluations | best noise-free fitness - Fopt (-7.828000000000e+01) + sum g_i+ | measured fitness | best measured fitness or single-digit g-values | x1 | x2...
1 0 +3.750957754e+03 +3.672677754e+03 +3.672677754e+03 -2.7292e+00 +4.4287e+00 -1.3763e+00 +1.9006e+00 +1.9518e+00 +1.3362e+00 +1.1309e+00 -1.9954e-01 +1.6034e+00 -4.9826e+00 +2.9416e+00 +3.5554e+00 -4.5380e+00 +4.5349e-01 +1.0665e-01 +4.9454e+00 -3.6151e+00 -2.1952e+00 +4.2656e+00 +4.5192e+00
2 0 +1.370103144e+03 +1.291823144e+03 +1.291823144e+03 -2.8295e+00 +4.3111e+00 +4.8123e+00 +1.8422e+00 +1.0361e+00 -1.9694e+00 -9.2130e-02 +4.7243e-01 -1.6325e+00 -4.1475e+00 +1.5484e+00 -5.4832e-01 -7.4179e-01 -3.5156e+00 -9.9187e-01 -1.6332e+00 +4.1961e+00 +5.7450e-01 +3.9770e+00 +3.2073e+00
37 0 +1.094246113e+03 +1.015966113e+03 +1.015966113e+03 -3.0336e+00 -2.2813e+00 -3.6007e-01 +4.7844e+00 +6.8196e-01 +4.3242e-01 +1.6521e+00 -4.4931e+00 -2.9715e-01 -2.5040e+00 -8.4398e-01 +6.9745e-01 -1.1992e+00 -6.3574e-01 +2.4332e+00 +3.4547e-01 -5.1001e-02 +1.9570e+00 +3.4164e-01 -1.0951e+00
41 0 +9.051257914e+02 +8.268457914e+02 +8.268457914e+02 -3.0141e+00 -4.4705e+00 +5.0000e+00 -2.9246e+00 +2.8567e+00 -2.0409e+00 +5.6171e-01 +3.9364e+00 +2.7738e+00 +1.2682e+00 -1.7589e+00 +2.5555e+00 -1.4265e+00 +4.9766e+00 +3.5898e-02 +7.7645e-01 -3.8102e+00 +4.2083e+00 +1.5970e+00 -3.9114e+00
141 0 +8.721818189e+02 +7.939018189e+02 +7.939018189e+02 -2.9606e+00 +5.0000e+00 +3.3813e+00 +3.2728e+00 +1.8903e+00 -3.5328e+00 +1.1309e+00 -5.7617e-01 +1.8348e+00 +3.9849e-01 -5.0032e-01 +3.3951e+00 -1.9058e+00 -1.7942e+00 -1.8050e+00 -1.6991e-01 +1.7596e+00 +2.3599e+00 -6.2882e-01 +4.5192e+00
241 0 +8.666599093e+02 +7.883799093e+02 +7.883799093e+02 +2.2975e+00 -4.4705e+00 +1.8231e+00 -2.9246e+00 -1.7484e+00 -2.0409e+00 +2.2560e+00 +3.9364e+00 +2.7738e+00 +1.2682e+00 -4.5227e+00 +2.5555e+00 -1.4265e+00 +4.9766e+00 +3.5898e-02 +7.7645e-01 -3.8102e+00 +4.2083e+00 +1.5970e+00 -3.9114e+00
263 0 +8.433846925e+02 +7.651046925e+02 +7.651046925e+02 -2.6740e+00 +4.3111e+00 +2.5844e+00 +5.0000e+00 -2.2089e+00 -1.9694e+00 +3.3246e-01 +4.7243e-01 -1.6325e+00 -4.1475e+00 -3.8707e-01 -5.4832e-01 -7.4179e-01 -3.5156e+00 -1.0512e+00 -2.8244e+00 +1.1573e+00 +1.2672e+00 +2.5626e+00 +5.0000e+00
305 0 +8.255128519e+02 +7.472328519e+02 +7.472328519e+02 -3.1583e+00 -1.2964e+00 +4.4648e-01 +4.6870e-01 +4.4835e+00 -2.0623e+00 +2.1671e-01 +1.9904e+00 +1.4620e+00 -2.4233e+00 -2.2342e-02 -9.9383e-01 -3.1454e+00 -8.2100e-01 -1.0123e+00 -5.6858e-01 -1.9628e+00 +2.5148e+00 -7.3222e-01 +3.6229e+00
345 0 +6.197523860e+02 +5.414723860e+02 +5.414723860e+02 +3.8408e+00 -1.2964e+00 +4.4648e-01 +4.6870e-01 -3.3804e+00 -2.9185e+00 +1.9427e+00 +1.9904e+00 +1.4620e+00 -3.1032e+00 -2.2342e-02 +2.4802e+00 -3.1454e+00 -8.2100e-01 -1.0123e+00 -5.6858e-01 -1.2408e+00 +2.5148e+00 -7.3222e-01 -5.0000e+00
593 0 +6.068877234e+02 +5.286077234e+02 +5.286077234e+02 +7.8037e-02 +5.0000e+00 +9.6387e-02 +2.2131e+00 +1.4855e+00 -5.0000e+00 +1.4428e+00 +3.7405e+00 +1.9088e+00 +1.5155e+00 -1.7941e+00 -1.3421e+00 -3.7858e+00 -6.1572e-01 -1.6591e+00 +2.5411e+00 -2.4590e+00 +2.0707e+00 +2.0916e+00 +2.4428e+00
609 0 +4.971021940e+02 +4.188221940e+02 +4.188221940e+02 -1.6068e+00 +3.8629e+00 -1.5856e+00 -1.6016e+00 -4.4059e-01 -3.6136e+00 +3.3449e+00 +2.4162e+00 +5.0000e+00 +2.4825e+00 -3.4370e+00 +2.1028e+00 -3.9914e+00 -7.5389e-01 +1.5062e+00 +1.0847e+00 -3.2295e+00 -9.5479e-01 +1.6514e-01 +3.1220e+00
707 0 +4.264112352e+02 +3.481312352e+02 +3.481312352e+02 -3.6000e+00 +2.7073e+00 +2.6488e-01 +2.1310e+00 -3.1673e-01 -2.4865e+00 +3.4922e+00 +4.9510e+00 -9.6690e-01 +1.9267e-01 -3.5536e+00 -2.1770e-01 -3.6096e+00 -2.1009e+00 +1.3609e+00 -2.6804e+00 -5.0000e+00 +3.6561e-01 -2.4400e+00 -5.2574e-02
771 0 +3.579206004e+02 +2.796406004e+02 +2.796406004e+02 -6.3839e-01 -7.8302e-01 +3.0108e+00 +3.6649e+00 -2.7372e+00 -2.3393e+00 +2.0504e+00 +3.5161e+00 -1.9093e-01 +6.5730e-01 -2.7146e+00 +5.9023e-01 -3.8176e+00 +1.1482e+00 -4.3296e-01 -1.4887e+00 -3.9828e+00 +4.5980e+00 +1.6244e+00 +6.2342e-01
1043 0 +3.411706002e+02 +2.628906002e+02 +2.628906002e+02 -2.1678e+00 -1.0009e-01 +4.4906e+00 +1.7762e+00 -9.0995e-01 -2.6604e+00 +2.2199e+00 +4.1305e+00 +5.0000e+00 +1.0200e+00 -3.9868e+00 +1.2335e+00 -3.0746e+00 +1.1606e+00 -2.8444e+00 -3.2767e+00 +4.8410e-01 +2.3761e+00 +3.3236e-01 -2.0464e+00
1065 0 +3.263776553e+02 +2.480976553e+02 +2.480976553e+02 -2.6388e+00 +3.3954e+00 +2.7104e+00 +4.6870e-01 -3.3958e+00 -2.9185e+00 +3.6030e+00 +1.9904e+00 +1.4620e+00 -3.1032e+00 -6.8989e-01 -1.0366e+00 -4.0531e+00 -8.2100e-01 -1.0123e+00 -5.6858e-01 -1.2408e+00 +2.8533e+00 -9.6912e-01 -1.9876e+00
1321 0 +3.173997356e+02 +2.391197356e+02 +2.391197356e+02 -2.5501e+00 +3.2632e+00 +7.3233e-01 +2.0676e-01 -3.1349e+00 -1.9503e+00 +3.1105e+00 +8.7271e-01 +1.5061e+00 -1.0906e+00 -3.1671e+00 -3.1563e+00 -5.0000e+00 -1.7735e+00 -1.9324e+00 -1.2064e+00 -4.1599e+00 -2.8452e+00 +2.5460e-01 -8.6570e-01
1523 0 +2.515765913e+02 +1.732965913e+02 +1.732965913e+02 -2.1678e+00 -1.0009e-01 +4.4906e+00 +1.7762e+00 -9.0995e-01 -2.6604e+00 +1.6532e+00 +2.6390e+00 +5.0000e+00 +1.9843e+00 -1.8962e+00 +1.2335e+00 -3.1150e+00 +1.2317e+00 -2.8444e+00 -3.2767e+00 -2.1414e+00 +2.3761e+00 +3.8482e-01 -2.0464e+00
1709 0 +2.304154682e+02 +1.521354682e+02 +1.521354682e+02 -1.4957e+00 +7.1169e-02 +4.4505e+00 +1.6588e+00 -1.4318e-01 -2.8560e+00 +1.7631e+00 +4.7276e+00 +1.9906e+00 +1.0112e+00 -5.6686e-01 +6.2761e-01 -4.0669e+00 +1.1646e+00 -2.4150e+00 -1.5355e+00 -2.9995e+00 +1.9337e+00 -1.7950e+00 -3.2464e-01
2383 0 +2.268361214e+02 +1.485561214e+02 +1.485561214e+02 -1.0466e+00 +8.2090e-01 +2.5058e+00 -1.4856e-01 -1.1664e+00 -2.6117e+00 +2.4834e+00 +4.1727e+00 +1.0668e+00 +2.6433e+00 -1.0486e+00 +7.6456e-01 -4.5404e+00 -1.8401e+00 -3.4594e+00 -1.1516e+00 -1.2620e+00 +1.0013e+00 -6.8194e-01 -5.5341e-01
2447 0 +2.074796444e+02 +1.291996444e+02 +1.291996444e+02 -6.1276e-01 +7.7815e-01 +2.0501e+00 -1.4102e-01 -3.4548e+00 -2.2029e+00 +2.5835e+00 +2.3234e+00 +2.3045e+00 -7.5159e-01 -3.8821e+00 -6.7125e-01 -3.8695e+00 -1.9596e+00 -1.4816e+00 +1.0682e+00 -5.0000e+00 +1.1984e+00 -1.6468e+00 -9.0899e-01
% f evaluations | g evaluations | best noise-free fitness - Fopt (-1.853000000000e+01) + sum g_i+ | measured fitness | best measured fitness or single-digit g-values | x1 | x2...
1 0 +1.362948030e+03 +1.344418030e+03 +1.344418030e+03 -5.2167e-01 +3.5230e+00 -4.0882e+00 +4.2989e+00 -2.5036e+00 +4.4642e+00 -3.9889e-01 +8.3921e-01 +2.1528e+00 +3.5865e-01 +3.8046e+00 -9.5958e-01 +2.7069e+00 -4.9749e+00 -4.2463e-01 +1.2232e+00 -3.3569e-01 -3.6752e+00 +3.3929e+00 -7.6882e-01
2 0 +1.322070355e+03 +1.303540355e+03 +1.303540355e+03 -8.6981e-01 -2.9957e-01 -3.3810e+00 -4.7638e-01 +4.2042e+00 -9.0354e-01 +2.4577e+00 -2.8906e+00 +4.8954e+00 +3.1801e+00 +2.4614e+00 +2.7000e+00 +5.3270e-01 -2.2271e+00 +1.5847e+00 +2.1752e+00 -2.9619e+00 +1.9173e+00 +1.4469e+00 -2.5169e+00
8 0 +1.016172419e+03 +9.976424193e+02 +9.976424193e+02 +8.8840e-01 -2.6764e+00 +1.0048e+00 +2.0216e+00 +3.4680e+00 -2.6724e+00 +4.4271e+00 +4.7849e+00 -2.8999e+00 +2.7802e+00 -3.5649e+00 -1.2770e+00 +1.6435e+00 -4.7914e+00 +1.8064e+00 +3.3406e+00 +6.1878e-01 +9.9530e-01 +4.5129e+00 +4.1458e+00
20 0 +9.876290538e+02 +9.690990538e+02 +9.690990538e+02 +1.3726e+00 +4.6084e+00 +1.3585e+00 +3.8634e+00 -5.1023e-01 -2.4860e+00 -3.7517e+00 +2.5581e+00 -6.6055e-02 -3.9901e+00 -5.2371e-01 -2.1821e+00 -6.2236e-01 -3.5555e+00 -1.7887e+00 +3.7077e+00 -2.6192e+00 +1.4906e+00 +2.0717e+00 +1.7791e+00
49 0 +8.669115792e+02 +8.483815792e+02 +8.483815792e+02 -3.6204e-02 -3.7627e+00 -4.9566e+00 +4.9679e+00 +2.7101e+00 -1.1510e+00 -1.8333e+00 +5.0000e+00 -4.7567e+00 -3.0404e+00 -2.3756e+00 -4.1003e-01 +4.3137e+00 +1.7699e+00 -1.1983e+00 +2.7651e+00 +1.1826e+00 -1.3448e+00 -3.4374e+00 +2.5838e+00
75 0 +6.956690295e+02 +6.771390295e+02 +6.771390295e+02 +8.8840e-01 -2.6764e+00 -5.0000e+00 +2.0216e+00 +3.4680e+00 -2.6724e+00 +4.4271e+00 +4.7849e+00 -2.8999e+00 +5.0000e+00 -3.5649e+00 -1.4466e+00 +2.4601e+00 -5.0000e+00 +1.8064e+00 -3.0393e+00 -3.7015e-01 +9.9530e-01 -2.2139e+00 +4.1458e+00
179 0 +6.039114431e+02 +5.853814431e+02 +5.853814431e+02 -3.5510e+00 +4.6084e+00 -4.9693e+00 +3.8634e+00 +8.6856e-01 -2.4860e+00 -4.0179e+00 +2.5581e+00 -3.0663e+00 -3.9901e+00 -5.2371e-01 +2.7061e+00 -6.2236e-01 -3.5555e+00 -1.7887e+00 +3.7077e+00 -2.6192e+00 +1.9201e+00 +2.0717e+00 +3.6290e+00
259 0 +4.344677807e+02 +4.159377807e+02 +4.159377807e+02 -1.3219e+00 +7.5365e-01 -4.9693e+00 +3.8634e+00 +8.6856e-01 -2.4860e+00 -4.0179e+00 -1.2574e+00 -3.9769e+00 -3.9901e+00 -5.2371e-01 +1.3790e+00 -6.2236e-01 -3.5555e+00 -1.7887e+00 +3.7077e+00 -4.8532e+00 +1.9201e+00 +2.0717e+00 +1.1110e+00
445 0 +4.175694268e+02 +3.990394268e+02 +3.990394268e+02 +8.7936e-01 -3.3977e+00 -2.9233e+00 +3.7989e+00 +3.3968e+00 -4.5755e+00 -1.9828e+00 +3.0858e+00 -5.0000e+00 +1.5406e+00 +2.2031e+00 +8.5090e-01 -2.4026e+00 -5.0000e+00 -1.3175e+00 +1.3506e+00 -5.0000e+00 +1.1556e+00 +4.8686e-01 -1.1255e+00
527 0 +3.934496571e+02 +3.749196571e+02 +3.749196571e+02 +2.0486e+00 -5.0000e+00 -3.8488e+00 +2.1133e+00 +4.9131e+00 -5.3850e-01 -5.0000e+00 +5.0000e+00 -2.4380e+00 +4.2696e+00 -5.3125e-01 +2.9389e+00 +1.8780e+00 -5.0000e+00 -2.8693e+00 +3.2248e+00 -5.0000e+00 +3.8545e+00 +2.6758e+00 +2.2117e+00
601 0 +3.780245536e+02 +3.594945536e+02 +3.594945536e+02 -8.9722e-01 -2.9616e+00 -3.1001e+00 +3.9017e+00 +1.8319e+00 -1.8570e+00 -1.7914e-01 +2.3829e+00 -3.8034e+00 -1.9863e-01 +1.2397e+00 +1.2725e+00 +1.3727e+00 -3.5570e+00 -3.2039e+00 +2.2488e+00 -5.0000e+00 +3.6287e-01 +2.0460e+00 -2.5595e+00
605 0 +3.027474702e+02 +2.842174702e+02 +2.842174702e+02 +1.6069e+00 -3.3977e+00 -1.8066e+00 +1.8025e+00 +3.3968e+00 -1.8589e+00 -1.0548e+00 +2.7348e+00 -5.0000e+00 +1.5406e+00 -6.0189e-01 +1.9707e-01 +1.3673e+00 -5.0000e+00 +5.9701e-01 +1.3506e+00 -5.0000e+00 +3.5094e+00 +4.8686e-01 -1.1255e+00
1067 0 +2.956762770e+02 +2.771462770e+02 +2.771462770e+02 -1.7299e+00 -2.2368e+00 -5.0000e+00 -5.6614e-01 +2.9624e+00 -2.6039e+00 -1.6256e+00 +5.0000e+00 -3.7406e+00 +4.1145e-01 +6.1851e-01 -8.4914e-01 +1.3935e-01 -5.0000e+00 -4.3155e-01 +3.0741e+00 -4.0172e+00 +3.4782e+00 -9.0258e-01 +1.6223e+00
1207 0 +2.873414496e+02 +2.688114496e+02 +2.688114496e+02 +2.0486e+00 -2.5284e+00 -3.3714e+00 +1.0667e+00 +2.5265e+00 -1.0801e+00 -4.4828e+00 +5.0000e+00 -3.0597e+00 +6.9165e-01 -5.3125e-01 +3.6718e-01 +1.6096e+00 -3.3653e+00 -2.8693e+00 +4.4607e+00 -3.7216e+00 +3.8545e+00 +2.6758e+00 +3.1755e+00
1451 0 +2.747671376e+02 +2.562371376e+02 +2.562371376e+02 +1.9248e+00 -3.3284e+00 -3.7556e+00 +3.6306e-01 +5.0000e+00 -1.9657e+00 -2.9961e+00 +4.9277e+00 -5.0000e+00 -1.2094e+00 +6.2627e-01 +2.2085e+00 +8.7979e-01 -3.7268e+00 -1.4073e+00 +5.0000e+00 -3.8025e+00 +2.5541e+00 +1.4243e+00 +3.2382e+00
1485 0 +2.673054749e+02 +2.487754749e+02 +2.487754749e+02 +2.3597e+00 -3.8765e+00 -3.5490e+00 +3.9253e-01 +1.7066e+00 -1.8589e+00 -1.0548e+00 +2.7348e+00 -4.7224e+00 +1.5406e+00 -6.0189e-01 +1.9947e+00 +1.3673e+00 -5.0000e+00 -1.2189e+00 +3.6591e+00 -3.8991e+00 +4.6957e+00 +6.7106e-01 +1.6095e+00
1547 0 +2.554523238e+02 +2.369223238e+02 +2.369223238e+02 +1.5474e+00 -2.2368e+00 -3.3323e+00 +2.1831e-01 +3.1130e+00 -5.7298e-01 -2.9873e+00 +5.0000e+00 -3.7406e+00 -1.9679e+00 -2.0997e+00 -7.3923e-01 +1.3935e-01 -2.2336e+00 -2.1219e+00 +3.7728e+00 -4.7858e+00 +1.5369e+00 -1.7318e+00 +3.9239e+00
1569 0 +2.484647182e+02 +2.299347182e+02 +2.299347182e+02 -6.4232e-01 -2.0493e+00 -3.3959e+00 -2.4063e-01 +3.5392e+00 -3.2479e+00 -4.0973e+00 +2.4855e+00 -3.5449e+00 +1.9913e+00 -1.8466e+00 +2.5033e-01 +3.0531e-01 -3.0755e+00 +5.0517e-01 +2.9673e+00 -4.1445e+00 +2.0940e+00 -1.0616e+00 +3.5352e+00
1683 0 +2.377152940e+02 +2.191852940e+02 +2.191852940e+02 -6.8168e-01 -3.9090e+00 -3.7078e+00 -1.0576e+00 +3.7442e+00 -4.3522e+00 -2.1785e+00 +2.5217e+00 -4.8008e+00 +1.4393e+00 -2.1510e+00 -1.0892e-01 +2.7310e-01 -3.7121e+00 -2.0090e+00 +3.4704e+00 -4.5622e+00 +2.8105e+00 +2.1817e-01 +1.5981e+00
1891 0 +2.211075805e+02 +2.025775805e+02 +2.025775805e+02 -2.0689e-01 -2.1128e+00 -3.4569e+00 +3.0584e+00 +1.8094e+00 -1.7810e+00 -2.2620e+00 +2.9193e+00 -3.4591e+00 +1.5515e+00 +6.2627e-01 -1.4368e-01 -5.1044e-01 -3.7268e+00 -1.4073e+00 +5.0000e+00 -3.8025e+00 +3.1765e+00 +4.6514e-01 +2.0950e+00
1921 0 +2.139229035e+02 +1.953929035e+02 +1.953929035e+02 -2.3322e-01 +3.7027e-01 -3.4707e+00 +1.3360e+00 +2.4884e+00 -1.8930e+00 -1.0815e+00 +4.7171e+00 -3.8034e+00 +1.7780e+00 -3.8068e-01 +2.0519e+00 +3.1585e-02 -4.4587e+00 -3.9089e-02 +3.9021e+00 -4.6714e+00 +2.3447e+00 +1.3895e+00 +3.8803e+00
2177 0 +1.972289128e+02 +1.786989128e+02 +1.786989128e+02 +1.4259e-01 -6.0114e-01 -3.1703e+00 -6.6799e-01 +3.4080e+00 -3.8273e+00 -8.3198e-01 +5.0000e+00 -3.4267e+00 +1.0967e+00 -9.8302e-01 +1.9696e+00 -9.0436e-01 -3.8285e+00 -3.2119e-01 +3.7222e+00 -4.2076e+00 +1.4447e+00 +1.5158e+00 +3.8366e+00
2595 0 +1.821383821e+02 +1.636083821e+02 +1.636083821e+02 +1.9136e+00 -4.5437e+00 -3.0067e+00 -3.2471e-01 +2.9405e+00 -1.8098e+00 -1.3787e+00 +3.6321e+00 -3.3226e+00 +2.3426e+00 -1.7651e+00 +2.6249e+00 +4.5367e-03 -5.0000e+00 -2.1433e+00 +4.2723e+00 -3.6705e+00 +2.7151e+00 -2.9100e-01 +4.3791e+00
3577 0 +1.773664765e+02 +1.588364765e+02 +1.588364765e+02 +1.4259e-01 -6.0114e-01 -3.1703e+00 -6.6799e-01 +3.4080e+00 -2.0665e+00 -8.3198e-01 +5.0000e+00 -3.4267e+00 +2.1036e+00 -9.8302e-01 +1.9696e+00 -9.0436e-01 -3.7939e+00 -3.2119e-01 +3.7222e+00 -3.6185e+00 +2.9845e+00 +1.5158e+00 +3.8366e+00
% f evaluations | g evaluations | best noise-free fitness - Fopt (-4.502000000000e+01) + sum g_i+ | measured fitness | best measured fitness or single-digit g-values | x1 | x2...
1 0 +9.486715186e+02 +9.036515186e+02 +9.036515186e+02 -7.0030e-01 +1.7282e+00 -3.2785e+00 +2.8977e+00 -4.3867e+00 +4.1040e+00 +2.8825e+00 +9.0610e-01 +3.5074e+00 -2.2100e+00 +1.1254e-01 +1.6833e+00 +4.4441e+00 -8.6487e-01 +2.4332e+00 +1.1761e+00 +3.6366e-02 +2.3914e-01 +8.5610e-02 -1.9760e+00
20 0 +8.915223934e+02 +8.465023934e+02 +8.465023934e+02 +3.2808e+00 +2.1609e+00 +8.4338e-01 -2.2463e+00 -3.9227e+00 -3.1689e+00 -2.1647e+00 +5.8946e-01 +3.1871e+00 +2.2846e+00 +8.7536e-01 +3.3814e+00 +9.4928e-02 -1.2377e+00 -1.9462e+00 -2.1622e+00 -3.2217e-01 +4.9486e+00 -1.0220e+00 -4.3298e+00
43 0 +8.040053571e+02 +7.589853571e+02 +7.589853571e+02 +2.1925e+00 -3.3798e+00 +5.0000e+00 -5.0000e+00 +9.6369e-01 +4.5256e+00 +1.0240e-01 +4.1425e+00 +9.7674e-01 -2.7829e+00 -3.2026e-01 +2.0592e+00 -1.3693e-01 -2.6466e+00 +3.3730e+00 +2.8373e+00 -1.2995e-01 +2.3620e+00 +9.4978e-01 -2.7348e+00
71 0 +5.238090559e+02 +4.787890559e+02 +4.787890559e+02 -3.3457e+00 -4.6452e+00 +1.8752e+00 -4.4725e+00 -2.4895e+00 +9.3546e-01 -8.0917e-01 -1.9144e+00 -9.8625e-02 -4.8373e+00 -1.6088e+00 -2.1842e+00 +1.8975e+00 -2.1735e+00 +1.1516e+00 -6.4091e-01 +2.1624e+00 -4.1166e+00 +1.5706e+00 -6.4741e-01
431 0 +4.329665282e+02 +3.879465282e+02 +3.879465282e+02 -3.3457e+00 -4.6452e+00 +3.1598e+00 -5.0000e+00 -2.4895e+00 +9.3546e-01 -8.0917e-01 -1.6777e+00 +3.6336e+00 -9.9496e-02 -5.2079e-01 +2.5365e+00 +9.6235e-01 -4.5701e+00 +3.7874e-01 -6.4091e-01 +2.1624e+00 -4.1166e+00 +1.5706e+00 +2.3601e+00
521 0 +3.559509229e+02 +3.109309229e+02 +3.109309229e+02 -3.2406e+00 -3.7718e+00 +1.3814e+00 -4.2177e+00 -3.6467e+00 +1.0650e+00 +3.9351e+00 +8.4244e-01 +2.3105e+00 +1.6997e+00 -1.6820e+00 -6.7549e-02 +1.7416e+00 -1.2577e+00 +7.8644e-01 +6.8589e-01 -6.5286e-01 +7.3105e-01 +2.8613e+00 -5.1476e-01
681 0 +3.224014729e+02 +2.773814729e+02 +2.773814729e+02 +5.1677e-01 -3.7718e+00 +9.0703e-01 -4.2177e+00 -3.6467e+00 +1.0650e+00 +3.9351e+00 +8.4244e-01 +3.7558e+00 +1.6997e+00 -3.0022e+00 -2.4495e+00 +1.7416e+00 -2.0200e+00 +7.8644e-01 +6.8589e-01 +4.4720e+00 +5.4023e-02 +2.8613e+00 -5.1476e-01
989 0 +3.053253551e+02 +2.603053551e+02 +2.603053551e+02 -4.4431e+00 -3.3519e+00 +1.1659e+00 -5.0000e+00 -1.1306e+00 +1.6208e-01 +3.3049e+00 +6.8597e-01 +1.1941e+00 +1.8770e+00 -5.0995e-01 -4.0478e-01 +6.4276e-01 -5.0000e+00 +8.2673e-01 -2.1878e-02 +1.7038e+00 +3.9595e-01 +1.3768e+00 -6.4734e-02
1353 0 +2.693108512e+02 +2.242908512e+02 +2.242908512e+02 -1.4727e+00 -2.1879e+00 +2.2943e+00 -2.0603e+00 -3.3281e+00 +2.1944e+00 +3.0204e+00 +2.5422e+00 -1.0369e+00 +1.9484e+00 +1.3573e+00 -3.3105e+00 +1.4906e+00 -1.6002e+00 +2.2905e+00 +3.8726e-01 +3.0222e+00 +9.4351e-01 +2.6504e+00 -1.1449e+00
1887 0 +2.393443706e+02 +1.943243706e+02 +1.943243706e+02 -2.4874e+00 -3.9878e+00 +1.6206e+00 -3.1452e+00 -2.5030e+00 +1.8218e+00 -6.7957e-03 +2.3883e-01 -1.4039e-01 +3.1479e+00 -1.5544e+00 -1.2905e+00 +1.3661e+00 -1.9810e+00 +1.6316e+00 -6.5890e-01 +2.8723e+00 -2.5925e+00 +1.6360e+00 -4.7781e-02
1943 0 +2.273311845e+02 +1.823111845e+02 +1.823111845e+02 -1.9042e+00 -3.0642e+00 +1.2335e+00 -4.6744e+00 -3.0767e+00 +6.3529e-01 -8.9068e-01 +1.7219e+00 +1.6300e+00 +3.0611e+00 -1.0499e+00 -2.5905e+00 +2.5290e+00 -2.4678e+00 +1.7869e+00 +5.5819e-01 +4.0342e+00 -1.5400e-01 +2.4696e+00 -2.2044e+00
2053 0 +2.169634753e+02 +1.719434753e+02 +1.719434753e+02 -1.4727e+00 -2.5752e+00 +1.2965e+00 -4.5649e+00 -2.8501e+00 +2.6992e+00 -4.0408e-01 -2.0310e-01 +1.1138e+00 +1.8480e+00 -2.9859e-01 -1.6766e-01 +1.6698e+00 -2.2110e+00 +1.6826e+00 +4.7790e-01 +2.2489e+00 -1.9272e+00 -3.6482e-01 -1.5877e+00
2693 0 +2.092815839e+02 +1.642615839e+02 +1.642615839e+02 -1.0869e+00 -2.5752e+00 +1.2965e+00 -4.4441e+00 -3.4012e+00 +2.6992e+00 -4.0408e-01 -2.0310e-01 +1.1138e+00 +1.8480e+00 -1.2687e+00 -1.6766e-01 +1.1445e+00 -2.2110e+00 +1.6826e+00 -9.0845e-02 +3.2456e+00 -1.9272e+00 -3.6482e-01 -1.5877e+00
3565 0 +2.067322687e+02 +1.617122687e+02 +1.617122687e+02 -1.5003e+00 -1.3483e+00 +1.1459e+00 -2.8141e+00 -3.1504e+00 +2.5641e+00 -1.7248e+00 +1.0970e+00 +2.7315e-01 +3.7290e+00 +6.3152e-03 -4.3668e-01 +4.6477e-01 -9.7358e-01 -4.0311e-01 +9.3089e-01 +4.2837e+00 -2.0390e-01 +3.1352e+00 -1.1836e+00
3727 0 +1.975749023e+02 +1.525549023e+02 +1.525549023e+02 -2.1284e+00 -4.1755e+00 +1.7248e+00 -2.4131e+00 -2.5030e+00 +1.8218e+00 +7.9899e-01 +2.3883e-01 +1.5461e+00 +1.2804e-01 -1.0637e+00 -1.2905e+00 +1.1815e+00 -2.6333e+00 +1.6316e+00 -6.5890e-01 +2.8723e+00 -2.5925e+00 +1.1125e+00 -1.8857e+00
3743 0 +1.765299033e+02 +1.315099033e+02 +1.315099033e+02 -2.4094e+00 -1.1687e+00 +1.2335e+00 -3.7481e+00 -3.0767e+00 +2.7145e+00 -8.9068e-01 +1.7219e+00 +1.6300e+00 +3.0611e+00 -1.0499e+00 -5.1191e-01 +2.5290e+00 -2.8569e+00 +1.7869e+00 +5.6990e-01 +4.1451e+00 -1.5400e-01 +2.4696e+00 -2.2044e+00
% f evaluations | g evaluations | best noise-free fitness - Fopt (3.000000000000e-02) + sum g_i+ | measured fitness | best measured fitness or single-digit g-values | x1 | x2...
1 0 +1.579928992e+03 +1.579958992e+03 +1.579958992e+03 +2.7385e+00 +4.4768e+00 +4.5535e-01 +4.1295e+00 -5.6846e-01 -3.3988e+00 -1.5355e+00 +1.0618e+00 +3.7441e+00 +3.1406e+00 -2.7017e-01 +2.2298e+00 +4.3701e-01 +3.8471e+00 -3.8667e+00 -4.0178e+00 -7.2455e-01 -1.1843e+00 -3.5566e+00 +9.9336e-01
2 0 +1.181881778e+03 +1.181911778e+03 +1.181911778e+03 -2.7530e+00 -1.9775e+00 -6.7754e-01 +2.4586e+00 -1.5603e+00 +4.7040e-01 -2.9632e+00 +1.9265e+00 -3.9733e-01 -2.6650e+00 +2.7092e+00 +4.1212e+00 +1.6615e+00 -5.1978e-01 +3.0748e+00 -1.1138e+00 +1.3607e+00 +3.5457e+00 -4.8284e+00 +1.8014e+00
4 0 +1.137182135e+03 +1.137212135e+03 +1.137212135e+03 +4.2513e+00 +2.4301e-01 -2.2700e+00 -2.7248e+00 -1.7780e+00 -7.4638e-01 +4.0490e-01 +3.4164e+00 -3.0329e+00 +4.0601e+00 +4.4227e+00 +2.6426e+00 -2.5970e+00 -3.9300e+00 -6.6749e-01 -2.9326e+00 -3.7104e+00 +2.3576e+00 +1.0339e+00 -4.4171e+00
43 0 +7.050120532e+02 +7.050420532e+02 +7.050420532e+02 -5.5645e-01 -1.4334e-01 -1.3288e+00 -1.2105e+00 -4.8990e+00 -1.7408e-01 +7.9705e-01 +9.8493e-01 +5.0000e+00 +6.4980e-01 -2.4585e-01 +5.5052e-01 -2.1180e+00 -4.1776e+00 -3.9744e-03 -4.9286e+00 +1.7203e+00 +4.2322e+00 +4.2303e+00 +1.5960e+00
245 0 +6.400677726e+02 +6.400977726e+02 +6.400977726e+02 +3.8540e-01 -2.0419e+00 -4.5619e+00 -3.9895e+00 +2.4719e-01 +3.8075e+00 -3.2242e+00 +3.7552e+00 -2.6649e+00 -3.9739e+00 +1.4304e-01 +1.0483e+00 -3.4393e+00 -1.9252e+00 +3.5409e-01 +3.4193e-01 -3.4612e+00 +6.3487e-01 +2.7145e+00 +1.0545e+00
317 0 +6.122276906e+02 +6.122576906e+02 +6.122576906e+02 +5.0000e+00 +2.1333e+00 -6.1902e-01 +2.5074e-01 -2.5968e+00 +2.5334e+00 +5.8306e-01 +1.4875e+00 -1.6658e+00 -1.4870e+00 -2.1468e+00 +4.4069e+00 -3.4998e+00 -4.5272e-01 -9.6791e-01 -5.0000e+00 -4.9463e-01 +5.0000e+00 +1.2224e+00 +2.1102e+00
341 0 +5.644082238e+02 +5.644382238e+02 +5.644382238e+02 +3.5080e+00 -3.7789e+00 -4.1792e+00 -3.4834e+00 -3.6656e+00 -2.2032e+00 +1.7392e+00 +4.0687e+00 +3.5671e+00 -6.5084e-01 -4.2481e+00 +1.2452e+00 -6.4903e-01 -3.8133e+00 -4.3265e+00 -4.6889e+00 -1.6157e+00 +8.7934e-01 -9.5376e-01 -1.4375e+00
345 0 +5.172796245e+02 +5.173096245e+02 +5.173096245e+02 -3.0683e-01 +1.8363e+00 -8.8490e-01 -1.5043e+00 +1.7679e+00 -1.9000e-01 +2.3625e+00 +3.9949e+00 +3.3342e+00 -2.5454e+00 +2.9025e+00 +1.4021e+00 -4.6916e+00 -2.7809e+00 +3.2146e+00 -1.7442e+00 -6.3756e-02 +3.2169e+00 +2.9890e+00 +1.0159e+00
385 0 +4.729238092e+02 +4.729538092e+02 +4.729538092e+02 +1.0940e+00 +1.8363e+00 -8.8490e-01 -1.5043e+00 -2.6498e+00 -1.9000e-01 +2.3625e+00 +4.3792e+00 +3.3342e+00 -2.5454e+00 +2.9025e+00 +1.4021e+00 -4.6916e+00 -2.7809e+00 +3.2146e+00 -1.4241e+00 -6.3756e-02 -1.0226e+00 +2.9890e+00 +1.0159e+00
465 0 +3.976756791e+02 +3.977056791e+02 +3.977056791e+02 +4.7214e+00 +1.8363e+00 -4.0454e+00 -2.1346e-01 -2.6498e+00 -1.9000e-01 +1.6298e+00 +1.1596e+00 +3.3342e+00 -2.5454e+00 +2.9025e+00 +1.4021e+00 -4.6916e+00 -2.7809e+00 +3.2146e+00 -1.3123e+00 -9.5018e-01 +2.9769e+00 +2.9890e+00 +1.0159e+00
585 0 +3.271005157e+02 +3.271305157e+02 +3.271305157e+02 +5.0000e+00 +3.0539e-01 -5.0000e+00 -2.3253e+00 -2.6498e+00 -1.9000e-01 +1.6298e+00 +1.1596e+00 +3.3342e+00 -2.5454e+00 -1.2523e+00 +1.4021e+00 -4.6916e+00 -2.7809e+00 +2.0608e+00 -1.3123e+00 -9.5018e-01 +2.9769e+00 +2.9890e+00 +1.0159e+00
905 0 +3.125505431e+02 +3.125805431e+02 +3.125805431e+02 +5.0000e+00 +3.0539e-01 -4.6267e+00 +1.4415e+00 -2.6498e+00 -1.4262e+00 +1.8345e+00 +1.1596e+00 +3.2874e+00 -3.8004e+00 -1.2523e+00 +1.4021e+00 -2.6278e+00 -3.0239e+00 +2.0608e+00 -4.9526e+00 -9.5018e-01 +1.4317e+00 +2.9890e+00 -6.1080e-01
967 0 +3.069605325e+02 +3.069905325e+02 +3.069905325e+02 +2.1349e+00 -3.3618e-01 -1.9402e+00 -2.5201e+00 -2.2560e+00 -4.4100e-01 -4.5534e-01 -1.8625e+00 +3.1918e+00 -4.7368e+00 +1.0368e+00 +7.4233e-01 -4.3912e+00 -2.7552e+00 +1.8562e-01 -3.1852e+00 -9.6786e-01 +1.5529e+00 +1.0624e+00 -2.2112e+00
1133 0 +2.988407306e+02 +2.988707306e+02 +2.988707306e+02 +4.4058e+00 +2.1288e+00 -2.9919e+00 -1.5231e+00 -1.9816e+00 -1.6454e+00 +3.1464e+00 +1.8597e+00 +3.1682e-01 -5.0000e+00 -1.8245e+00 +1.0625e+00 -3.1617e+00 -2.7998e+00 -6.5924e-01 -1.5068e+00 -7.0696e-01 +1.9987e+00 -5.5401e-01 +6.0395e-01
1255 0 +2.583912789e+02 +2.584212789e+02 +2.584212789e+02 +1.8387e+00 +6.2138e-01 -3.3002e+00 -1.7247e+00 -2.0779e-01 +2.2925e+00 +6.5360e-01 +1.3053e+00 +3.6816e+00 -3.2642e+00 -8.2385e-01 +7.7988e-01 -2.7905e+00 -2.6109e-01 -8.3921e-01 -3.2325e+00 -4.2428e-01 +2.6913e+00 +2.7658e+00 -2.5568e+00
1545 0 +2.515801310e+02 +2.516101310e+02 +2.516101310e+02 +5.0000e+00 +3.0539e-01 -4.6267e+00 +1.4415e+00 -2.6498e+00 +1.9176e-01 +1.8345e+00 -3.9851e-01 +3.2874e+00 -4.1305e+00 -1.2523e+00 +1.4021e+00 -2.6278e+00 -3.0239e+00 -7.1149e-02 -4.9526e+00 -9.5018e-01 +1.4317e+00 +2.9890e+00 -6.1080e-01
1985 0 +2.462632929e+02 +2.462932929e+02 +2.462932929e+02 +3.1263e+00 +3.0539e-01 -3.0718e+00 -1.1111e+00 -2.6498e+00 +1.9176e-01 +1.8345e+00 -3.9851e-01 +3.2874e+00 -4.1305e+00 -1.2523e+00 +1.4021e+00 -4.2674e+00 -3.0239e+00 -1.9341e+00 -1.3424e+00 -1.7990e+00 +3.5261e-01 +2.9890e+00 -3.3506e+00
2659 0 +2.452472812e+02 +2.452772812e+02 +2.452772812e+02 +4.6310e+00 +1.3795e+00 -3.1023e+00 +7.4319e-01 -1.3523e+00 -7.6245e-01 +4.0746e+00 +7.2774e-01 +1.2110e+00 -3.0093e+00 -1.9699e+00 -2.0167e-01 -2.6118e+00 -6.1305e-01 -4.8588e-01 -2.3943e+00 -1.8903e+00 -1.0794e-01 +2.5121e-01 +1.4118e+00
2979 0 +2.357874839e+02 +2.358174839e+02 +2.358174839e+02 +5.0000e+00 +1.3795e+00 -3.1023e+00 +7.4319e-01 -4.5333e+00 -7.6245e-01 +1.2263e+00 +9.8365e-01 +2.1244e+00 -3.0093e+00 -3.5705e+00 +2.8483e-01 -2.6118e+00 -6.1305e-01 -8.0282e-01 -2.3943e+00 -1.0894e+00 +2.4413e+00 +7.7462e-02 +1.4609e-01
3037 0 +2.341150396e+02 +2.341450396e+02 +2.341450396e+02 +5.0000e+00 +1.4551e+00 -2.7173e+00 -9.8740e-01 -1.0779e+00 -6.1967e-01 +1.0829e+00 +1.0396e+00 +2.1909e+00 -4.2785e+00 -1.0240e+00 +2.3555e+00 -3.4442e+00 -1.8377e+00 -2.4011e-01 -3.2995e+00 -1.1408e+00 -5.4021e-01 +1.2916e+00 -1.6437e+00
3185 0 +2.231225285e+02 +2.231525285e+02 +2.231525285e+02 +3.1263e+00 +3.0539e-01 -1.8608e+00 -1.1111e+00 -2.6498e+00 -1.7554e+00 +1.8345e+00 -3.9851e-01 +3.2874e+00 -4.1305e+00 -5.9290e-01 +1.4021e+00 -4.2674e+00 -5.7257e-01 -1.9341e+00 -4.4008e+00 -2.3658e+00 -3.4404e-01 +2.9890e+00 -1.2866e+00
3317 0 +2.081396901e+02 +2.081696901e+02 +2.081696901e+02 +2.2986e+00 +1.4551e+00 -2.7173e+00 -9.8740e-01 -1.0779e+00 -6.1967e-01 +1.0829e+00 -1.3477e+00 +5.0000e+00 -4.2785e+00 -1.1393e+00 +2.3555e+00 -4.8165e+00 -1.8377e+00 -2.4011e-01 -3.2995e+00 -1.1408e+00 -5.4021e-01 +1.2916e+00 -1.6437e+00
3405 0 +2.027386132e+02 +2.027686132e+02 +2.027686132e+02 +4.3016e+00 +2.7069e+00 -2.8680e+00 -2.0908e+00 -8.2640e-01 -1.5142e+00 +6.7920e-01 +1.0529e+00 +5.0000e+00 -3.8034e+00 -2.1841e+00 +6.4261e-01 -4.5966e+00 -2.4721e+00 +3.6843e-02 -3.6980e+00 -1.7706e+00 +9.8030e-01 +1.0909e+00 -1.8011e+00
3717 0 +1.906324416e+02 +1.906624416e+02 +1.906624416e+02 +2.2986e+00 +1.4551e+00 -2.7173e+00 -4.8209e-01 -2.6994e+00 -6.1967e-01 +2.0773e+00 -7.1823e-01 +3.0538e+00 -4.2785e+00 -1.1393e+00 +2.3555e+00 -4.8165e+00 -1.8377e+00 -2.4011e-01 -4.5831e+00 -1.1408e+00 +1.4356e+00 +1.2916e+00 -6.8658e-01
% f evaluations | g evaluations | best noise-free fitness - Fopt (4.822900000000e+02) + sum g_i+ | measured fitness | best measured fitness or single-digit g-values | x1 | x2...
1 0 +4.294534767e+03 +4.776824767e+03 +4.776824767e+03 -4.5706e+00 +4.0852e-01 +1.1564e-01 +2.3425e+00 +3.1471e+00 +3.4851e+00 +2.2556e+00 +4.1384e-01 -3.5306e+00 +2.9759e+00 -3.9331e+00 +4.8394e+00 +2.3753e+00 +1.5990e-01 +3.0503e+00 +1.9978e+00 +4.9984e+00 -9.9921e-01 -3.6808e+00 -1.6942e+00
2 0 +2.325917483e+03 +2.808207483e+03 +2.808207483e+03 +1.6401e+00 -1.5714e-03 -1.0106e+00 -2.5238e+00 -4.8093e+00 +3.3749e+00 +3.3673e-01 -4.7961e+00 +2.5350e-01 +3.0950e+00 +4.1918e+00 -1.1252e+00 +1.2880e+00 +4.6902e+00 -8.8589e-01 +2.0000e+00 +3.6557e+00 +3.6078e+00 -1.8694e+00 +3.7868e+00
4 0 +2.263831223e+03 +2.746121223e+03 +2.746121223e+03 +9.0393e-01 -2.1951e+00 -3.2960e+00 -4.8567e+00 +2.3168e+00 +2.2069e+00 +3.4944e-01 -3.7684e+00 +3.1130e+00 -3.7329e+00 +4.0820e+00 -2.5800e+00 -6.9479e-01 -7.6873e-01 -3.2392e+00 +3.8889e-01 +4.4904e+00 +1.4174e+00 -8.3114e-01 +3.1490e+00
12 0 +2.058167406e+03 +2.540457406e+03 +2.540457406e+03 +3.7013e-01 -6.8938e-01 -5.9910e-01 -4.5272e+00 -2.5217e+00 -3.5044e-01 +3.1768e+00 -1.0133e+00 -3.7490e+00 -4.3008e+00 -2.6779e+00 -1.4730e+00 -2.4046e-01 -1.1663e-01 -5.5129e-02 +1.4682e+00 +3.3161e+00 +2.8801e+00 +3.6493e+00 -4.4907e+00
15 0 +1.974947319e+03 +2.457237319e+03 +2.457237319e+03 +9.3069e-01 -4.1600e+00 -2.1206e+00 -1.0185e+00 -1.7731e+00 -1.3609e+00 +2.9767e+00 -1.5974e+00 +3.0362e-01 -4.8959e+00 +4.0496e+00 +4.3345e+00 -7.7666e-01 -4.1113e+00 +1.1067e+00 +4.1918e+00 -4.1236e+00 +4.3700e+00 +3.4275e+00 +1.6508e+00
18 0 +1.277836697e+03 +1.760126697e+03 +1.760126697e+03 +1.1000e+00 -6.3202e-01 +2.9977e+00 -2.8430e+00 +1.9792e+00 -1.6661e+00 +3.3257e+00 -3.9841e+00 -3.1626e-01 +2.0753e+00 +1.2645e+00 -8.8996e-01 -4.8087e-01 +4.0098e+00 -2.2966e+00 -6.5754e-02 -1.9134e+00 -4.3254e+00 +1.5464e+00 -3.0134e+00
55 0 +1.083311699e+03 +1.565601699e+03 +1.565601699e+03 +1.1000e+00 -6.3202e-01 +2.9977e+00 -4.1804e+00 +3.5161e+00 -1.6661e+00 +4.5247e+00 -3.9841e+00 -3.1626e-01 +2.0753e+00 +3.7291e+00 -8.8996e-01 -4.8087e-01 +4.0098e+00 -2.2966e+00 +2.3356e+00 -1.9134e+00 +5.0241e-01 +1.5464e+00 -3.0134e+00
95 0 +1.001970463e+03 +1.484260463e+03 +1.484260463e+03 +1.1000e+00 +3.4365e+00 +3.8110e+00 -4.1804e+00 +3.5161e+00 -1.6661e+00 +4.5247e+00 -3.9841e+00 -3.1626e-01 +2.0753e+00 +8.9006e-02 -8.8996e-01 -4.8087e-01 +4.0098e+00 +9.2889e-01 +1.1695e+00 -2.2948e+00 +2.5053e+00 +1.5464e+00 -3.0134e+00
295 0 +8.546258472e+02 +1.336915847e+03 +1.336915847e+03 +1.7715e+00 +3.4365e+00 -2.5763e+00 -4.1804e+00 +3.5161e+00 -2.1080e+00 +4.5247e+00 -3.9841e+00 -3.1626e-01 +2.0753e+00 +8.9006e-02 +3.9971e+00 -5.0000e+00 +4.0098e+00 +9.2889e-01 +1.1695e+00 -2.2948e+00 +2.5053e+00 +1.5464e+00 +3.1135e-01
305 0 +8.398715302e+02 +1.322161530e+03 +1.322161530e+03 +1.7033e+00 +3.5174e+00 -1.6160e+00 -2.0885e+00 +8.0540e-01 -3.7485e+00 -1.3433e+00 +6.2730e-01 -8.4660e-01 -2.4844e+00 +2.6237e-01 +9.4568e-01 -1.3905e+00 -3.3497e+00 -6.4580e-01 +2.3083e+00 +3.3212e+00 +1.9172e+00 +5.0000e+00 -1.1828e+00
385 0 +7.923344618e+02 +1.274624462e+03 +1.274624462e+03 +1.7033e+00 +2.9323e+00 -1.6160e+00 -2.0885e+00 +8.0540e-01 -3.7485e+00 -1.3433e+00 +2.4484e+00 -8.4660e-01 -2.8334e+00 +2.6237e-01 +9.4568e-01 -2.6090e+00 -3.3497e+00 -6.4580e-01 +2.3083e+00 +6.3503e-01 +2.8846e+00 -7.7154e-01 -1.1828e+00
433 0 +6.069814692e+02 +1.089271469e+03 +1.089271469e+03 +3.1738e+00 +2.7405e+00 -1.4192e+00 -5.0000e+00 +2.9671e+00 -2.8057e+00 +1.1880e+00 -2.9678e+00 +2.8104e+00 +1.6207e+00 +3.0593e-01 +3.8273e+00 -8.4104e-01 +1.7434e+00 -3.3171e+00 +3.1681e+00 -3.3119e+00 -3.1898e-01 +3.9116e+00 +2.8700e+00
525 0 +5.747707293e+02 +1.057060729e+03 +1.057060729e+03 +2.4950e-01 +4.0215e+00 -1.7591e-01 -4.4936e+00 +3.1262e+00 +1.7764e+00 +3.7520e+00 -4.2077e+00 -3.1576e-01 +2.9129e+00 -1.4769e+00 +4.0108e+00 -2.9895e+00 -1.4625e-01 -3.4352e+00 +2.4699e+00 -4.0305e+00 +5.1572e-02 +5.0000e+00 +2.2045e+00
549 0 +5.208907860e+02 +1.003180786e+03 +1.003180786e+03 +2.1978e+00 +1.6724e+00 +1.9928e-01 -1.0165e+00 -4.3715e-01 +1.4260e+00 -7.1343e-01 -7.2355e-01 +4.3375e+00 +3.0547e+00 -1.8943e-01 +1.0649e-01 -1.5204e+00 -1.6150e+00 -5.0241e-01 +1.4055e+00 -4.0882e+00 +3.6937e+00 +1.5464e+00 -2.0798e+00
619 0 +4.880259468e+02 +9.703159468e+02 +9.703159468e+02 +4.1548e-01 +5.0000e+00 +2.0714e-01 -2.2476e+00 +1.1387e+00 -1.3485e+00 +3.2770e+00 -2.4054e+00 +3.5717e+00 +5.0000e+00 +2.2428e+00 +2.0040e+00 -4.9905e+00 -1.7909e+00 -9.8604e-02 +4.8998e+00 -3.3231e+00 +5.0000e+00 +1.0344e+00 +1.0123e+00
667 0 +4.148688396e+02 +8.971588396e+02 +8.971588396e+02 +3.3813e+00 +3.1393e+00 +1.7752e+00 -2.7551e+00 +4.9738e+00 -1.2855e+00 +3.2393e+00 -2.4050e-01 +2.4082e+00 -2.9139e-01 +1.3668e+00 +3.2439e+00 -3.5484e+00 +3.4646e-01 -1.6554e+00 +4.7888e+00 -2.5328e+00 +2.6360e+00 +1.8830e+00 +2.0411e+00
697 0 +3.202982104e+02 +8.025882104e+02 +8.025882104e+02 +2.7551e+00 +3.6974e+00 +2.4761e+00 -2.3803e+00 +3.0150e+00 -4.9370e-02 +4.6465e+00 -6.2373e-01 +3.1413e+00 +3.4535e+00 +1.7733e+00 +1.3153e+00 -2.5638e+00 -9.4752e-01 -5.0000e+00 +5.0000e+00 -3.0194e+00 +1.3097e+00 +7.1756e-01 +1.9292e+00
1199 0 +3.008955655e+02 +7.831855655e+02 +7.831855655e+02 +1.5865e+00 +4.0662e+00 +2.9035e+00 -1.9057e+00 +5.0000e+00 +5.0636e-01 +3.2236e+00 +1.9889e+00 +4.2497e+00 +1.8897e+00 +7.3164e-01 +1.8561e+00 -4.0158e+00 -1.5468e+00 -2.1703e+00 +2.3200e+00 -3.7527e+00 +4.5716e+00 +2.4690e+00 -3.9041e-01
1385 0 +2.877328093e+02 +7.700228093e+02 +7.700228093e+02 +3.0316e+00 +3.3237e+00 +2.8778e+00 -1.8984e+00 +5.0000e+00 -2.7554e-02 +9.4830e-01 -2.6751e-01 +2.6805e+00 +2.8120e+00 +2.6337e+00 +2.1840e+00 -3.0687e+00 +2.2505e-01 -2.5818e+00 +2.0839e+00 -5.0000e+00 +2.5934e+00 +1.2335e+00 -4.4646e-01
1597 0 +2.644746243e+02 +7.467646243e+02 +7.467646243e+02 +6.2187e-01 +4.3392e+00 +1.6484e+00 -6.1853e-01 +3.6560e+00 -2.7705e-01 +2.3451e+00 +2.8783e-01 +4.2314e+00 +2.5854e+00 +2.5765e-01 +1.6870e+00 -1.9561e+00 -1.3318e+00 -3.9814e+00 +4.0880e+00 -1.2289e+00 +2.7439e+00 +1.9318e+00 -9.6492e-01
1711 0 +2.435540812e+02 +7.258440812e+02 +7.258440812e+02 +1.6779e+00 +4.2355e+00 -4.8303e-01 -9.7264e-01 +3.0444e+00 +9.3952e-01 +5.0000e+00 +4.1385e-01 +3.9540e+00 +3.1486e+00 +1.3806e+00 +8.5966e-01 -3.2896e+00 -1.0536e+00 -3.7613e+00 +4.1226e+00 -1.9548e+00 +3.5313e+00 +3.0369e+00 -5.2378e-01
2031 0 +2.325355000e+02 +7.148255000e+02 +7.148255000e+02 +4.2820e-01 +4.2355e+00 +3.1832e+00 -2.0103e+00 +3.0444e+00 +2.4344e+00 +4.1127e+00 +4.1385e-01 +3.8675e+00 +3.1486e+00 +1.3806e+00 +2.7167e+00 -4.9046e+00 -1.0536e+00 -3.7613e+00 +4.1226e+00 +4.5111e-01 +3.0688e+00 +3.0369e+00 -5.2378e-01
2049 0 +2.054537478e+02 +6.877437478e+02 +6.877437478e+02 -7.5995e-02 +5.0000e+00 +5.0000e+00 -1.5364e+00 +3.9470e+00 +2.9957e-01 +2.6294e+00 -7.8823e-01 +4.0109e+00 +1.8144e+00 +2.2716e+00 +2.9851e+00 -3.2896e+00 -5.8340e-01 -3.7285e+00 +1.7888e+00 -3.5359e+00 +2.5279e+00 +3.3584e+00 -1.9006e-01
3129 0 +1.476658147e+02 +6.299558147e+02 +6.299558147e+02 -7.5995e-02 +3.2662e+00 +3.9677e+00 -1.5364e+00 +2.7833e+00 +1.9175e+00 +2.6294e+00 -7.8823e-01 +2.5940e+00 +2.0209e+00 +1.7926e+00 +3.5976e+00 -5.0000e+00 -5.8340e-01 -3.9231e+00 +3.4530e+00 -3.5359e+00 +2.5279e+00 +3.3584e+00 +7.8009e-01
% f evaluations | g evaluations | best noise-free fitness - Fopt (-2.724000000000e+01) + sum g_i+ | measured fitness | best measured fitness or single-digit g-values | x1 | x2...
1 0 +3.133819934e+03 +3.106579934e+03 +3.106579934e+03 +8.1384e-01 +1.7576e+00 -3.3992e+00 -3.9178e+00 +4.4941e-01 -5.4253e-01 -3.5535e-01 +1.8434e+00 -4.9393e+00 +3.1505e+00 +4.2989e+00 -4.7872e+00 -4.0107e+00 -4.6863e+00 +4.2341e+00 -2.6134e+00 +4.6935e-01 +2.2079e+00 -2.9109e+00 +1.3865e+00
3 0 +1.858740702e+03 +1.831500702e+03 +1.831500702e+03 +3.1913e+00 +2.2786e+00 -2.8651e+00 +3.2633e+00 +2.1648e+00 -2.4563e+00 +1.5535e+00 +1.7908e+00 -3.5616e+00 -1.0111e-01 -3.8892e+00 +3.3729e+00 +2.8399e+00 +3.4556e+00 +1.9984e+00 -4.5712e+00 +2.4152e+00 -3.8514e+00 +4.4857e+00 +2.6660e-02
4 0 +9.190251360e+02 +8.917851360e+02 +8.917851360e+02 +3.0737e+00 -4.6632e+00 -2.1339e+00 +3.1556e+00 +3.5240e+00 +3.3516e+00 +1.1906e+00 -2.5020e+00 +1.9148e+00 +2.4802e-01 +1.4756e+00 -4.5174e+00 +2.8494e+00 -4.7550e+00 +2.7773e-01 +2.9758e+00 +1.6095e+00 +5.2172e-01 +2.8120e+00 -2.0546e+00
19 0 +8.976553499e+02 +8.704153499e+02 +8.704153499e+02 -1.9805e+00 -1.8626e+00 +3.7201e+00 +2.1265e+00 +4.5514e+00 +3.8032e+00 -4.0098e+00 +5.5581e-01 +4.0761e+00 +3.9090e-02 -3.0423e+00 -2.4740e+00 +2.1166e+00 -3.3348e-01 +4.3108e+00 -2.5466e+00 -2.8479e+00 -2.1558e+00 +2.5243e+00 +2.8110e+00
57 0 +6.609482735e+02 +6.337082735e+02 +6.337082735e+02 -1.9805e+00 -1.8626e+00 +3.7201e+00 +2.1265e+00 +4.5514e+00 +5.0000e+00 -4.0098e+00 +5.5581e-01 +4.0761e+00 +3.9090e-02 +2.3656e+00 -2.4740e+00 +5.0000e+00 +2.5147e+00 +4.3108e+00 +1.0025e-01 -2.8479e+00 -4.7336e+00 +3.5592e+00 +6.7996e-01
139 0 +5.497690998e+02 +5.225290998e+02 +5.225290998e+02 +1.6615e+00 -1.4632e+00 +1.9412e+00 +2.6037e+00 +5.0000e+00 -1.4925e+00 -4.8524e-01 -2.8027e+00 -3.9124e+00 -1.9513e+00 +4.4021e+00 +2.6808e+00 +5.0000e+00 +1.0435e-02 +5.0000e+00 +1.7069e+00 -4.3235e+00 -4.2835e+00 +3.5767e+00 +3.3315e+00
231 0 +4.662613654e+02 +4.390213654e+02 +4.390213654e+02 -4.6503e-01 -3.1499e+00 +3.0861e+00 +1.1639e+00 +3.5773e+00 +3.2297e+00 -3.0969e-01 +2.6263e-01 -3.1480e+00 -1.2397e+00 +4.0953e+00 +2.7982e+00 +5.0000e+00 +1.2207e+00 +1.5875e+00 +1.2935e+00 -2.8324e+00 -5.0000e+00 +7.8754e-01 +2.6268e+00
431 0 +3.965424518e+02 +3.693024518e+02 +3.693024518e+02 -4.6503e-01 -3.1499e+00 +3.0861e+00 +1.1639e+00 +3.3131e+00 +1.0968e+00 +7.8123e-01 +2.6263e-01 -3.1480e+00 -1.2397e+00 +4.0953e+00 +2.3583e+00 +1.5526e+00 +1.2207e+00 +3.4284e+00 -1.6839e+00 -2.8324e+00 -4.7469e+00 +7.8754e-01 +2.6268e+00
635 0 +3.614692960e+02 +3.342292960e+02 +3.342292960e+02 -4.7446e-01 -2.6220e+00 +3.0075e+00 +3.3246e+00 +4.0775e+00 +2.2510e+00 -4.4744e+00 -3.7400e+00 +4.4571e-01 -6.4016e-01 +5.0000e+00 -3.0215e+00 +4.5386e+00 -3.4335e+00 +4.3108e+00 +2.0613e+00 -2.0812e+00 -4.6459e+00 +3.0751e+00 +1.3594e+00
1043 0 +3.451534656e+02 +3.179134656e+02 +3.179134656e+02 +1.1734e-01 -1.1100e+00 +1.9522e+00 +9.8803e-01 +3.2863e+00 +2.1657e+00 +4.8614e-01 +1.0960e+00 +2.8815e+00 +1.5198e+00 +3.0182e+00 -1.4041e+00 +5.0000e+00 -1.6586e+00 +4.6161e+00 +6.5992e-01 -5.0000e+00 -4.6099e+00 -7.6538e-01 +6.4497e-01
1081 0 +2.670065151e+02 +2.397665151e+02 +2.397665151e+02 +3.5309e+00 -4.9771e-01 +9.8753e-01 +2.6235e+00 +5.0000e+00 -2.3838e-01 -1.7812e+00 -2.5940e+00 +3.6136e+00 +5.0482e-01 +1.3849e+00 +1.9224e+00 +1.4074e+00 +3.3689e-01 +1.5836e+00 +7.8306e-01 -5.0000e+00 -1.9703e+00 +1.5878e+00 +4.7378e-01
1553 0 +2.407625372e+02 +2.135225372e+02 +2.135225372e+02 +1.7041e+00 -7.5536e-02 +1.2334e+00 +3.8804e+00 +5.0000e+00 +1.1658e+00 -1.3377e+00 -2.2868e+00 +3.4962e+00 -2.5251e-01 +3.9945e+00 -2.9880e-01 +1.4795e-01 -7.3426e-01 +5.0000e+00 +1.0996e+00 -2.4787e+00 -4.2686e+00 -1.8892e-01 +2.3599e+00
2649 0 +2.349619363e+02 +2.077219363e+02 +2.077219363e+02 +2.4922e+00 -2.2303e+00 +1.0758e+00 +3.3015e+00 +4.3818e+00 +1.9776e+00 -3.3221e+00 -2.7788e+00 +4.0147e+00 -4.6956e-01 +3.3023e+00 +7.9633e-01 +1.5326e-01 -4.5463e-01 +3.8798e+00 +2.4569e-01 -3.4863e+00 -2.8713e+00 +2.0736e-01 -2.5489e-01
2843 0 +2.103098078e+02 +1.830698078e+02 +1.830698078e+02 +3.1369e+00 +2.9585e+00 -6.2732e-02 +9.8803e-01 +5.0000e+00 +1.7728e+00 -6.6864e-01 -2.9166e+00 +3.5571e+00 +7.7846e-01 +1.3965e+00 +2.6419e+00 -8.0146e-02 +4.1033e-01 +2.8899e+00 +4.4208e-01 -3.8840e+00 -3.0662e+00 +6.0588e-01 +1.5649e+00
3789 0 +2.019824842e+02 +1.747424842e+02 +1.747424842e+02 +2.4673e+00 +2.6217e-01 +5.1016e-01 +6.8994e-01 +5.0000e+00 +2.2568e+00 -4.1679e+00 -2.7997e+00 +3.5499e+00 +1.0570e+00 +3.1152e+00 +4.4181e-01 +2.0006e+00 -2.3896e-01 +3.9659e+00 +9.6172e-02 -4.5218e+00 -3.6435e+00 -8.8439e-01 -1.0662e-01
% f evaluations | g evaluations | best noise-free fitness - Fopt (9.868000000000e+01) + sum g_i+ | measured fitness | best measured fitness or single-digit g-values | x1 | x2...
1 0 +1.709392299e+03 +1.808072299e+03 +1.808072299e+03 +1.4466e+00 +4.0590e+00 -1.2690e+00 +2.0663e-01 +4.4412e+00 +1.9254e+00 +1.7268e+00 +6.4995e-01 -2.6474e+00 -4.1830e+00 +7.7473e-01 -1.3973e+00 +5.1127e-01 -1.3406e+00 +1.7873e+00 -3.3422e+00 +4.4561e+00 +1.1288e+00 +5.6020e-01 +1.9742e+00
7 0 +1.663178114e+03 +1.761858114e+03 +1.761858114e+03 +2.5133e+00 -1.9765e-01 +4.5571e+00 -3.0013e+00 -2.1076e+00 -2.1746e+00 +3.6187e+00 -1.1551e+00 -2.0952e+00 +4.9678e+00 -2.5257e+00 -2.7929e-01 +2.6072e+00 -6.0771e-01 -5.6029e-01 -2.4445e+00 -1.2256e+00 +3.2799e+00 +1.4072e+00 +2.9131e+00
13 0 +7.983850559e+02 +8.970650559e+02 +8.970650559e+02 +4.7242e-01 +4.1415e+00 -2.6206e+00 +3.8907e+00 -2.3134e+00 +1.2112e+00 +1.1275e+00 -4.5061e+00 +1.1055e+00 -4.5686e+00 -4.1233e+00 +1.1458e-01 -5.3406e-01 +1.4571e+00 +8.1994e-01 +3.6214e+00 -2.2628e+00 -5.6508e-02 +4.6305e+00 -1.5930e+00
95 0 +7.564905612e+02 +8.551705612e+02 +8.551705612e+02 +4.1104e+00 +4.4201e-01 +9.7166e-01 +1.6700e+00 +1.9026e+00 +9.6645e-01 +3.0343e+00 -2.8851e+00 +2.2978e+00 -3.1196e+00 +1.7173e-01 +3.5194e+00 +2.3844e+00 -5.0000e+00 +7.1262e-01 +9.0541e-02 -4.0961e+00 +1.3643e+00 +8.6864e-01 -5.0000e+00
165 0 +6.637927402e+02 +7.624727402e+02 +7.624727402e+02 +4.7242e-01 +4.1415e+00 -2.6206e+00 -1.9825e+00 +4.4258e+00 +7.2645e-01 -1.6538e+00 -1.5244e+00 +1.1055e+00 +1.6745e+00 -4.1233e+00 +1.1458e-01 -3.8063e+00 -4.8709e+00 +8.1994e-01 +3.6214e+00 -2.2628e+00 -5.6508e-02 +1.4026e+00 -1.5930e+00
275 0 +5.132273744e+02 +6.119073744e+02 +6.119073744e+02 -3.3975e-01 +5.0000e+00 -6.1673e-01 +3.7096e-01 -3.8557e+00 +1.8466e+00 +2.4237e+00 -2.1944e+00 -3.6200e+00 -5.0000e+00 -2.6049e+00 +3.7367e+00 +1.2319e+00 -2.5386e+00 +1.4055e+00 +3.3125e+00 +6.0117e-01 -3.7382e-01 +4.2675e+00 -8.9654e-01
405 0 +4.819919515e+02 +5.806719515e+02 +5.806719515e+02 -1.8318e-01 +4.3090e+00 -1.6946e+00 -1.9825e+00 -2.5518e+00 -1.6973e+00 +1.8344e+00 +9.4457e-01 +2.8520e+00 -2.2803e+00 -5.0000e+00 +2.3323e+00 -1.7189e+00 -3.7940e+00 +2.1890e+00 +1.8312e+00 -2.0546e+00 +7.0256e-01 +1.4026e+00 -2.8302e+00
535 0 +4.105747410e+02 +5.092547410e+02 +5.092547410e+02 -8.6087e-01 +5.0000e+00 -2.3253e+00 +8.7040e-01 -1.9582e+00 +9.6645e-01 +1.3940e-01 -1.8676e+00 -1.2366e-01 -4.2566e+00 -2.5027e+00 +3.5194e+00 +2.3844e+00 -5.0000e+00 +1.9277e+00 +9.0541e-02 -4.0961e+00 -3.1381e-01 +8.6864e-01 -5.0000e+00
635 0 +4.017465536e+02 +5.004265536e+02 +5.004265536e+02 -3.6875e-01 +5.0000e+00 -2.4907e+00 +3.7096e-01 -3.8557e+00 +1.8466e+00 +2.4237e+00 -2.1944e+00 -3.2242e+00 -5.0000e+00 -2.6049e+00 +3.7367e+00 +1.2319e+00 -2.5386e+00 +1.4055e+00 +3.3125e+00 +6.0117e-01 +1.5565e+00 +4.2675e+00 -5.0000e+00
835 0 +3.952024857e+02 +4.938824857e+02 +4.938824857e+02 -3.6875e-01 +4.3584e+00 +9.2140e-01 +3.7096e-01 -3.8557e+00 +1.8466e+00 +2.4237e+00 -2.1944e+00 -1.1501e+00 -2.8281e+00 -3.4725e+00 +3.3248e+00 +1.2319e+00 -2.8757e+00 +1.4055e+00 +3.3125e+00 +6.0117e-01 +3.4853e-01 +4.2675e+00 -5.0000e+00
915 0 +3.472231154e+02 +4.459031154e+02 +4.459031154e+02 -3.6875e-01 +4.3584e+00 -2.0734e+00 -2.9511e+00 -3.8557e+00 +1.8466e+00 +1.3333e-01 -2.1944e+00 +1.6701e+00 -2.8281e+00 -3.4725e+00 +3.3248e+00 +1.2319e+00 -2.4221e+00 +1.4055e+00 -7.3026e-01 +6.0117e-01 +1.7641e+00 +4.0357e+00 -5.0000e+00
995 0 +3.005834635e+02 +3.992634635e+02 +3.992634635e+02 -6.7736e-02 +4.3584e+00 -2.0734e+00 -2.9511e+00 -3.8557e+00 +1.8466e+00 +6.6965e-01 +3.5688e+00 -1.8003e+00 -4.9002e+00 -3.4725e+00 +3.3248e+00 +1.2319e+00 -2.4221e+00 -2.6083e-01 +4.2985e-01 -3.1654e+00 +1.7641e+00 +4.0357e+00 -4.0424e+00
1115 0 +2.807977901e+02 +3.794777901e+02 +3.794777901e+02 -6.7736e-02 +5.0000e+00 -1.6888e+00 -2.9511e+00 -3.8557e+00 +1.7769e+00 +6.6965e-01 +3.5688e+00 -1.6138e-01 -4.9002e+00 -3.4725e+00 +3.3248e+00 +1.2319e+00 -3.8844e+00 -2.6083e-01 -4.9373e-01 -3.1654e+00 +6.0495e-01 +4.0357e+00 -4.0424e+00
1835 0 +2.275554405e+02 +3.262354405e+02 +3.262354405e+02 -6.7736e-02 +5.0000e+00 -1.6888e+00 -2.4134e+00 -3.8557e+00 +1.7769e+00 -2.3044e+00 +2.1828e+00 -1.6138e-01 -3.6329e+00 -3.4725e+00 +3.3248e+00 +1.3898e+00 -2.6350e+00 -2.6083e-01 -4.9373e-01 -2.0964e+00 +3.7624e-01 +3.5599e+00 -4.6807e+00
2303 0 +2.177989894e+02 +3.164789894e+02 +3.164789894e+02 +1.9676e-01 +2.8543e+00 -2.8469e-01 -3.6082e+00 -2.1592e+00 +1.4115e+00 +1.3544e+00 +2.7245e+00 -2.1346e+00 -4.1366e+00 -3.0095e+00 +3.0300e+00 -2.3018e-01 -4.1039e+00 -1.3255e+00 -4.3248e-01 -9.1305e-01 +8.2333e-01 +2.5966e+00 -3.1002e+00
2511 0 +2.096452703e+02 +3.083252703e+02 +3.083252703e+02 +7.7424e-03 +1.1988e+00 -1.4216e+00 -2.5432e+00 -6.7813e-01 +9.2811e-02 +6.4073e-01 +1.4481e+00 -2.4818e-01 -2.9432e+00 -3.4266e+00 +3.5476e+00 +1.1193e+00 -2.7819e+00 -1.5738e+00 +7.3171e-01 -2.1421e+00 +3.4564e-01 +2.7422e+00 -2.9215e+00
2937 0 +1.774990099e+02 +2.761790099e+02 +2.761790099e+02 -2.4616e-01 +2.8723e+00 -2.5586e+00 -1.6878e+00 -2.7516e+00 -7.7549e-01 +1.1457e+00 +1.2631e+00 -3.5919e-01 -4.3973e+00 -3.0715e+00 +4.5418e+00 +1.8215e+00 -4.3900e+00 -1.0932e-01 +7.4390e-01 -2.3708e+00 +3.7757e-01 +3.5992e+00 -3.4713e+00
% f evaluations | g evaluations | best noise-free fitness - Fopt (-3.705000000000e+01) + sum g_i+ | measured fitness | best measured fitness or single-digit g-values | x1 | x2...
1 0 +8.417903444e+02 +8.047403444e+02 +8.047403444e+02 +9.7271e-01 -3.1329e+00 -6.1628e-01 -5.0152e-01 -1.6255e+00 +8.6711e-01 +1.9013e+00 +2.2913e+00 -4.2392e+00 +1.8583e+00 +1.6207e-01 +2.1070e+00 -2.3386e+00 +4.8832e-01 +9.7573e-01 -3.7845e+00 +5.4077e-01 +5.2231e-01 +1.7871e+00 +3.4036e+00
193 0 +8.380996791e+02 +8.010496791e+02 +8.010496791e+02 -2.4980e+00 +3.1321e+00 +3.8987e+00 -1.1655e+00 +2.9619e+00 -1.8664e+00 +5.0000e+00 +5.9102e-01 -2.1988e+00 -1.7615e+00 -1.7737e+00 +4.0143e+00 +2.7604e-01 -4.2832e+00 +1.3142e-02 -3.3067e+00 +5.3578e-01 -2.2069e+00 -3.8392e+00 +5.0000e+00
207 0 +8.243482676e+02 +7.872982676e+02 +7.872982676e+02 -2.8158e+00 -1.9485e+00 -3.3595e-01 +1.4498e+00 -7.4596e-01 +4.4410e+00 -3.5198e+00 -2.4608e+00 -1.0091e+00 -6.5936e-01 -9.4683e-01 +5.0000e+00 -2.3669e+00 -2.1989e+00 +2.8742e+00 -5.0763e-01 -2.0829e+00 -2.9122e+00 +3.0646e+00 +4.0546e+00
219 0 +7.057353404e+02 +6.686853404e+02 +6.686853404e+02 -3.5944e+00 +2.2528e+00 +2.3687e+00 +1.2712e+00 -3.4884e+00 +5.0000e+00 -1.2117e+00 +3.6998e-01 +4.2614e-01 +2.3810e+00 +2.2021e-01 +5.0000e+00 -3.4899e+00 -1.4619e+00 +1.5007e+00 -3.6366e+00 +4.1703e+00 +9.0200e-02 +3.1983e+00 +1.5136e+00
235 0 +6.053392129e+02 +5.682892129e+02 +5.682892129e+02 -1.2097e+00 +5.0000e+00 -7.0097e-02 -1.2172e+00 +1.7427e+00 -2.2517e+00 +5.0000e+00 +1.2470e+00 -2.3302e+00 -1.6705e+00 -3.0226e-01 +3.7177e+00 +2.4337e+00 -5.0000e+00 -1.8377e+00 -2.2620e+00 -4.9687e-01 +3.0729e-01 -8.1566e-01 +4.4094e+00
275 0 +5.882335309e+02 +5.511835309e+02 +5.511835309e+02 -2.7683e+00 +5.0000e+00 -7.0097e-02 -1.2172e+00 +2.6585e+00 -1.3870e+00 +5.0000e+00 +1.2470e+00 -2.3302e+00 -1.6705e+00 -3.0226e-01 +3.7177e+00 +2.4337e+00 -5.0000e+00 -1.8377e+00 -2.2620e+00 -4.9687e-01 -1.1450e-01 -8.1566e-01 +4.4094e+00
429 0 +4.946014130e+02 +4.575514130e+02 +4.575514130e+02 -1.9655e+00 -4.4560e-01 +3.1895e+00 +1.6150e+00 -1.9932e+00 +3.1685e+00 +4.0399e+00 -6.4659e-01 -2.3077e+00 -5.3925e-01 +1.5187e+00 +6.4758e-01 -5.0000e+00 -3.6541e+00 -2.3983e-01 -1.1340e+00 -5.7012e-01 -5.0000e+00 +5.0000e+00 +3.7910e+00
585 0 +3.864926731e+02 +3.494426731e+02 +3.494426731e+02 -1.1120e-01 +2.3752e+00 +2.4361e+00 +2.6257e+00 +1.3278e+00 -2.6149e+00 +4.0399e+00 +1.5112e+00 -2.4485e+00 -4.8361e-01 +2.2282e+00 +1.8786e+00 -2.4389e+00 -2.8821e+00 -9.5705e-01 -1.1598e+00 -1.2809e-01 -1.2175e+00 +1.9270e+00 +4.9879e+00
677 0 +3.646586430e+02 +3.276086430e+02 +3.276086430e+02 -3.0706e+00 +5.0000e+00 +1.0843e+00 +2.3512e+00 +2.5935e+00 -2.3896e-01 +4.0399e+00 -1.1457e+00 -2.4690e+00 -1.7556e+00 +1.0636e+00 +8.5507e-01 -2.6236e+00 -3.4945e+00 -1.5586e+00 -2.1734e+00 +6.3610e-03 +2.1616e+00 +1.5413e+00 +2.1644e+00
809 0 +3.581770671e+02 +3.211270671e+02 +3.211270671e+02 -2.3821e+00 +5.0152e-01 +2.8110e+00 +1.6486e+00 +3.3925e+00 -1.0953e+00 +2.2660e+00 +1.2850e+00 -2.2220e+00 -2.2344e+00 -7.0202e-01 +2.6116e+00 -3.0759e+00 -2.1586e+00 +2.4693e+00 -1.8921e+00 -2.2924e+00 +8.5199e-01 +2.3625e+00 +3.6491e+00
889 0 +2.896140027e+02 +2.525640027e+02 +2.525640027e+02 -3.9978e+00 +5.0152e-01 +2.8110e+00 +1.6486e+00 +3.3925e+00 +6.7123e-01 +2.2660e+00 +1.2850e+00 -2.2220e+00 -2.2344e+00 -7.0202e-01 +1.7615e+00 -3.0759e+00 -3.1957e+00 +2.4693e+00 -2.4407e+00 -2.2924e+00 +8.5199e-01 +3.1025e+00 +3.6491e+00
929 0 +2.856085534e+02 +2.485585534e+02 +2.485585534e+02 -3.9978e+00 +5.0152e-01 +2.8110e+00 +1.6486e+00 +5.0000e+00 -2.4492e-01 +2.2660e+00 +1.2850e+00 -2.2220e+00 -1.9787e+00 -7.0202e-01 +8.5284e-01 -3.0759e+00 -3.1957e+00 +2.4693e+00 -1.9436e+00 -2.2924e+00 +8.5199e-01 +3.1025e+00 +3.0654e+00
1111 0 +2.568327822e+02 +2.197827822e+02 +2.197827822e+02 -5.0000e+00 -1.1621e-01 +2.0570e+00 +1.1826e+00 +5.0000e+00 -2.2153e+00 +3.4367e+00 +6.8440e-01 -3.1831e+00 -1.5950e+00 +9.2375e-01 +3.9222e+00 -2.3747e+00 -3.3941e+00 +3.1359e+00 -5.9089e-01 +2.2211e+00 +2.9187e+00 +3.8264e+00 +5.0000e+00
1461 0 +2.091124461e+02 +1.720624461e+02 +1.720624461e+02 -5.0000e+00 +5.0231e-01 +2.0842e+00 +1.5786e+00 +2.6301e+00 +7.5332e-01 +1.7859e+00 +1.5812e+00 -1.8153e+00 -1.6003e+00 +1.6207e-01 +2.4962e+00 -2.3229e+00 -2.8025e+00 +4.0129e+00 -2.4439e+00 +1.1574e-01 +2.4720e+00 +2.7037e+00 +4.4488e+00
2423 0 +1.979614914e+02 +1.609114914e+02 +1.609114914e+02 -5.0000e+00 +1.4262e+00 +2.6390e+00 +1.9999e+00 +5.0000e+00 -1.0304e-01 +3.6476e+00 +2.8215e-01 -1.2505e+00 -2.6914e-01 +3.6562e-01 +3.5195e+00 -3.6424e+00 -2.3767e+00 -1.0052e+00 -1.7014e+00 -1.1980e+00 +3.8647e-01 +3.4125e+00 +3.9907e+00
2953 0 +1.854788296e+02 +1.484288296e+02 +1.484288296e+02 -1.6911e+00 +4.1327e+00 +1.8627e+00 +1.9411e+00 +4.1981e+00 +9.2802e-01 +3.1676e+00 +1.6425e+00 -1.1915e+00 -1.3724e+00 +4.7877e-01 +4.0488e+00 -3.3739e+00 -1.6245e+00 +2.0327e+00 -1.6741e+00 +1.2389e-01 +1.8724e+00 +4.4648e+00 +3.6184e+00
% f evaluations | g evaluations | best noise-free fitness - Fopt (1.324500000000e+02) + sum g_i+ | measured fitness | best measured fitness or single-digit g-values | x1 | x2...
1 0 +1.529926850e+03 +1.662376850e+03 +1.662376850e+03 -1.7007e+00 -1.7504e+00 -1.2184e+00 -4.8139e-01 -2.5002e-01 +3.2392e+00 +4.3176e+00 +5.6836e-01 +2.9263e+00 +4.2943e+00 +2.3363e+00 -2.5036e+00 +3.9482e+00 +3.6218e+00 +4.3943e+00 +2.2480e+00 -1.0665e+00 +4.6404e+00 -6.3521e-01 +4.7946e+00
3 0 +1.402486776e+03 +1.534936776e+03 +1.534936776e+03 -1.7964e+00 -4.6209e+00 -1.9281e+00 +7.5651e-01 +1.0226e+00 -4.0976e+00 +3.5953e+00 +3.1461e+00 +4.6038e+00 +3.9357e+00 +3.3353e+00 +5.9913e-02 +1.8833e+00 +4.4196e+00 +1.0671e-01 +1.2784e+00 +9.5195e-01 +3.3819e+00 +6.3768e-01 +3.9453e+00
5 0 +1.100169118e+03 +1.232619118e+03 +1.232619118e+03 -2.3328e+00 +1.4879e-01 +2.1119e+00 -4.1696e+00 +3.0759e+00 +1.1076e+00 +4.2313e+00 +3.7981e+00 +2.3780e+00 +4.3435e+00 +2.4589e+00 -3.7700e+00 -1.9453e+00 +3.9183e+00 +3.5665e-01 +3.6492e-01 -6.4918e-01 -6.4562e-01 -3.5235e+00 +4.8228e+00
21 0 +8.842361079e+02 +1.016686108e+03 +1.016686108e+03 -3.7058e+00 -1.7504e+00 -1.2184e+00 -4.8139e-01 -2.5002e-01 -3.8780e-01 +1.0290e+00 +5.6836e-01 +1.5289e+00 +3.2831e+00 +2.3363e+00 -2.5036e+00 -1.2158e+00 +6.0560e-01 +4.3943e+00 +1.1801e+00 -1.0665e+00 +4.6404e+00 -6.3521e-01 +5.0000e+00
69 0 +6.350074943e+02 +7.674574943e+02 +7.674574943e+02 -2.9717e+00 +1.4879e-01 +1.2641e+00 -4.1696e+00 -3.0650e+00 +1.1076e+00 +2.6478e+00 +3.7981e+00 +7.4325e-01 +4.3435e+00 +1.3275e+00 -3.3127e+00 -1.9453e+00 +3.9183e+00 +1.8996e+00 +3.6492e-01 -6.4918e-01 +1.0201e+00 -2.7128e+00 +4.8228e+00
151 0 +5.354636756e+02 +6.679136756e+02 +6.679136756e+02 -3.8747e+00 +9.3137e-01 -2.0256e+00 -2.4781e+00 -3.1225e+00 -1.9387e+00 -5.0000e+00 -3.5936e+00 +1.9649e+00 +1.8471e+00 +4.3689e+00 -1.5626e+00 -1.2947e+00 +3.3451e+00 +2.1634e+00 -1.8487e-01 +1.1398e-01 +1.5517e-01 -2.3165e+00 +2.1094e+00
231 0 +4.912481686e+02 +6.236981686e+02 +6.236981686e+02 -3.8747e+00 +3.1007e+00 -5.0000e+00 -2.4781e+00 -3.1225e+00 -1.9387e+00 +6.9038e-02 -3.5936e+00 +1.9649e+00 -9.6097e-02 +4.3689e+00 -1.5626e+00 -1.2947e+00 +3.1623e-01 +2.1634e+00 -1.8487e-01 +1.1398e-01 +1.5517e-01 -2.3165e+00 +5.0000e+00
389 0 +4.582977710e+02 +5.907477710e+02 +5.907477710e+02 -2.9717e+00 +1.4879e-01 -5.0000e+00 -4.1696e+00 -3.0650e+00 -4.4583e+00 +2.6478e+00 +3.7981e+00 +5.0000e+00 +4.3435e+00 +1.3275e+00 +8.8996e-01 -1.9453e+00 +3.9183e+00 +3.2572e+00 -1.1716e+00 -4.0534e-01 +1.4209e-01 +9.2412e-01 +5.0000e+00
557 0 +4.354691290e+02 +5.679191290e+02 +5.679191290e+02 -3.1444e+00 +2.9159e+00 -3.5759e-01 -1.3111e+00 -3.1716e+00 -3.0887e+00 +2.7776e+00 +3.6655e-01 +1.6616e+00 +4.1475e+00 +2.0612e+00 -2.0774e+00 -2.9926e+00 +4.9074e+00 +3.3357e+00 -8.6282e-01 +2.9687e+00 +2.7724e+00 -3.1961e+00 +4.3449e+00
629 0 +4.182341361e+02 +5.506841361e+02 +5.506841361e+02 -2.9717e+00 +1.4879e-01 -5.0000e+00 -4.1696e+00 -3.0650e+00 -4.4583e+00 +2.6478e+00 +5.0000e+00 +5.0000e+00 +4.3435e+00 +1.3275e+00 +8.8996e-01 -1.9453e+00 +3.9183e+00 +3.2572e+00 -1.1716e+00 -4.0534e-01 +1.4209e-01 +9.2412e-01 +5.0000e+00
819 0 +2.723004461e+02 +4.047504461e+02 +4.047504461e+02 -3.2823e+00 +1.4318e+00 -3.0356e+00 -2.3691e+00 +3.1355e-01 -3.5402e+00 +1.4339e+00 +3.4925e+00 +1.4713e+00 +3.2956e+00 +1.7172e+00 +6.4118e-01 -1.7238e+00 +3.8798e+00 +3.9064e+00 -2.2453e+00 +2.6216e-01 +2.5185e-01 -2.6464e+00 +5.0000e+00
1067 0 +2.406265107e+02 +3.730765107e+02 +3.730765107e+02 -2.7129e+00 +1.7551e+00 -5.0000e+00 -2.7874e+00 -2.8476e+00 -2.2108e+00 +1.5186e+00 +9.1109e-01 +6.4913e-01 +1.3137e+00 +2.4895e+00 +8.6445e-01 -3.4154e+00 +4.1268e+00 +4.5104e+00 -1.3677e+00 -6.2384e-01 -1.2627e-01 -3.7178e-01 +4.3449e+00
1471 0 +2.085064635e+02 +3.409564635e+02 +3.409564635e+02 -4.8553e+00 +1.1412e+00 -4.2346e+00 -2.4781e+00 -1.9438e+00 -1.9387e+00 -8.7159e-01 +1.8217e+00 -7.2335e-01 +5.0000e+00 +7.6459e-01 -7.1831e-02 -4.0445e+00 +4.0978e+00 +2.1634e+00 -1.5795e+00 -1.7554e+00 -1.5608e-01 -1.5948e+00 +2.0603e+00
1729 0 +1.650148878e+02 +2.974648878e+02 +2.974648878e+02 -5.0000e+00 -1.0117e+00 -3.6333e+00 -1.7987e+00 -2.4634e+00 -3.6570e+00 -1.5811e+00 -1.9842e-01 -6.0216e-01 +2.9714e+00 +2.5818e+00 +1.8748e+00 -2.1564e+00 +5.0000e+00 +4.6958e+00 -2.4569e+00 +1.6207e+00 +7.7750e-01 -2.5706e+00 +4.1712e+00
3135 0 +1.424477895e+02 +2.748977895e+02 +2.748977895e+02 -1.8267e+00 +2.0262e+00 -4.0530e+00 -1.7961e+00 -3.6712e+00 -2.1452e+00 -8.6603e-01 +4.2871e-01 -1.5934e+00 +4.1080e+00 +2.2077e+00 +8.7235e-01 -2.0204e+00 +4.3247e+00 +4.6468e+00 -5.5594e-01 +1.3614e-01 +7.1154e-01 -1.7241e+00 +4.8182e+00
