% f evaluations | g evaluations | best noise-free fitness - Fopt (-1.025500000000e+02) + sum g_i+ | measured fitness | best measured fitness or single-digit g-values | x1 | x2...
1 0 +2.295050613e+01 -7.959949387e+01 -7.959949387e+01 -8.2152e-01 +2.4628e+00 -4.0408e+00
5 0 +8.442056280e+00 -9.410794372e+01 -9.410794372e+01 -1.8592e+00 +1.4615e+00 +1.5276e+00
13 0 +5.481123640e+00 -9.706887636e+01 -9.706887636e+01 +1.3867e-01 +2.7895e-01 +4.4885e-01
15 0 +2.701654312e-01 -1.022798346e+02 -1.022798346e+02 +8.5519e-02 +1.0758e-01 -2.0220e-01
190 0 +2.640900962e-01 -1.022859099e+02 -1.022859099e+02 +1.1202e-01 +2.0289e-01 +6.4723e-02
454 0 +6.360376690e-02 -1.024863962e+02 -1.024863962e+02 +1.0647e-01 -4.6827e-01 -2.4484e-02
1609 0 +3.195183834e-02 -1.025180482e+02 -1.025180482e+02 +1.4724e-02 +1.9871e-01 -5.3594e-01
2603 0 +2.817726112e-02 -1.025218227e+02 -1.025218227e+02 -4.0030e-02 +3.1830e-01 -2.7982e-01
5658 0 +2.443371908e-02 -1.025255663e+02 -1.025255663e+02 +9.7179e-03 -1.2993e-02 +1.5620e-02
44213 0 +1.710681346e-02 -1.025328932e+02 -1.025328932e+02 +9.1410e-02 +8.3909e-02 -4.0750e-01
53922 0 +7.329285729e-03 -1.025426707e+02 -1.025426707e+02 +4.9677e-02 +1.4734e-01 -4.7185e-01
% f evaluations | g evaluations | best noise-free fitness - Fopt (7.169000000000e+01) + sum g_i+ | measured fitness | best measured fitness or single-digit g-values | x1 | x2...
1 0 +3.961374991e+02 +4.678274991e+02 +4.678274991e+02 +4.8614e+00 -3.6548e+00 +4.1605e+00
2 0 +5.169219074e+01 +1.233821907e+02 +1.233821907e+02 -4.4024e+00 +3.1363e+00 -8.4704e-02
3 0 +4.935412273e+01 +1.210441227e+02 +1.210441227e+02 -2.5888e+00 -2.8183e+00 -3.3060e+00
4 0 +1.656463089e+01 +8.825463089e+01 +8.825463089e+01 +3.1607e+00 +3.6023e-01 -2.0200e+00
9 0 +1.202086694e+01 +8.371086694e+01 +8.371086694e+01 -2.6861e+00 +1.4745e+00 -1.8618e+00
13 0 +9.482641479e+00 +8.117264148e+01 +8.117264148e+01 -6.2761e-02 -2.2927e-01 -8.7681e-02
14 0 +1.351851616e+00 +7.304185162e+01 +7.304185162e+01 +7.2107e-01 -3.9947e-01 -3.2944e-01
92 0 +4.374660653e-01 +7.212746607e+01 +7.212746607e+01 -1.6027e-01 -6.2736e-01 -1.7235e-01
300 0 +3.534286884e-01 +7.204342869e+01 +7.204342869e+01 -5.8281e-02 -4.5419e-01 -2.5122e-01
434 0 +5.065858586e-02 +7.174065859e+01 +7.174065859e+01 +1.4955e-01 -4.0282e-01 -2.0087e-01
511 0 +4.067471361e-02 +7.173067471e+01 +7.173067471e+01 +8.7356e-02 -3.8137e-01 -2.0129e-01
2124 0 +7.729217510e-03 +7.169772922e+01 +7.169772922e+01 +7.2752e-01 -8.1293e-01 -3.8006e-01
2445 0 +6.225517114e-03 +7.169622552e+01 +7.169622552e+01 +7.2847e-01 -8.1428e-01 -3.9655e-01
2504 0 +2.540426036e-03 +7.169254043e+01 +7.169254043e+01 +7.2970e-01 -8.0819e-01 -3.7650e-01
2524 0 +1.257720567e-03 +7.169125772e+01 +7.169125772e+01 +7.1320e-01 -7.9565e-01 -3.6477e-01
2540 0 +8.946407130e-04 +7.169089464e+01 +7.169089464e+01 +7.0693e-01 -7.9010e-01 -3.6373e-01
2545 0 +7.443830983e-04 +7.169074438e+01 +7.169074438e+01 +7.0309e-01 -7.8589e-01 -3.5400e-01
2546 0 +6.261944298e-04 +7.169062619e+01 +7.169062619e+01 +7.0328e-01 -7.8502e-01 -3.5278e-01
2599 0 +6.039220263e-04 +7.169060392e+01 +7.169060392e+01 +7.0397e-01 -7.8594e-01 -3.5902e-01
2600 0 +5.152250942e-04 +7.169051523e+01 +7.169051523e+01 +6.9648e-01 -7.7946e-01 -3.4922e-01
2616 0 +4.103150004e-04 +7.169041032e+01 +7.169041032e+01 +6.9416e-01 -7.7561e-01 -3.4121e-01
2637 0 +3.791897718e-04 +7.169037919e+01 +7.169037919e+01 +6.9063e-01 -7.7177e-01 -3.4181e-01
2693 0 +3.073579820e-04 +7.169030736e+01 +7.169030736e+01 +6.8344e-01 -7.6533e-01 -3.3300e-01
2717 0 +2.981501866e-04 +7.169029815e+01 +7.169029815e+01 +6.8363e-01 -7.6640e-01 -3.3024e-01
2731 0 +2.464693665e-04 +7.169024647e+01 +7.169024647e+01 +6.8018e-01 -7.6209e-01 -3.2584e-01
2735 0 +1.650981921e-04 +7.169016510e+01 +7.169016510e+01 +6.6506e-01 -7.4940e-01 -3.0857e-01
2807 0 +1.177256273e-04 +7.169011773e+01 +7.169011773e+01 +6.4362e-01 -7.2795e-01 -2.8561e-01
2825 0 +5.199236672e-05 +7.169005199e+01 +7.169005199e+01 +6.2126e-01 -7.0787e-01 -2.5988e-01
2847 0 +1.982329020e-05 +7.169001982e+01 +7.169001982e+01 +5.6895e-01 -6.5699e-01 -1.9778e-01
2905 0 +6.099495039e-06 +7.169000610e+01 +7.169000610e+01 +5.3525e-01 -6.2428e-01 -1.5597e-01
2964 0 +5.888230561e-07 +7.169000059e+01 +7.169000059e+01 +5.5702e-01 -6.4648e-01 -1.8183e-01
2982 0 +2.349168255e-07 +7.169000023e+01 +7.169000023e+01 +5.6387e-01 -6.5433e-01 -1.8976e-01
3021 0 +1.995530710e-07 +7.169000020e+01 +7.169000020e+01 +5.5502e-01 -6.4492e-01 -1.7907e-01
3053 0 +1.919405008e-07 +7.169000019e+01 +7.169000019e+01 +5.5283e-01 -6.4280e-01 -1.7722e-01
3055 0 +8.942686236e-08 +7.169000009e+01 +7.169000009e+01 +5.6134e-01 -6.5167e-01 -1.8697e-01
3094 0 +7.067242791e-08 +7.169000007e+01 +7.169000007e+01 +5.5399e-01 -6.4483e-01 -1.7841e-01
3112 0 +5.813632242e-08 +7.169000006e+01 +7.169000006e+01 +5.5491e-01 -6.4514e-01 -1.7910e-01
3134 0 +2.793804299e-08 +7.169000003e+01 +7.169000003e+01 +5.4798e-01 -6.3859e-01 -1.7168e-01
3173 0 +1.853420883e-08 +7.169000002e+01 +7.169000002e+01 +5.5623e-01 -6.4672e-01 -1.8114e-01
3187 0 +1.538248284e-08 +7.169000002e+01 +7.169000002e+01 +5.5522e-01 -6.4575e-01 -1.7977e-01
3206 0 +5.697046390e-09 +7.169000001e+01 +7.169000001e+01 +5.5429e-01 -6.4477e-01 -1.7891e-01
% f evaluations | g evaluations | best noise-free fitness - Fopt (2.140100000000e+02) + sum g_i+ | measured fitness | best measured fitness or single-digit g-values | x1 | x2...
1 0 +9.478454732e+00 +2.234884547e+02 +2.234884547e+02 +2.9136e+00 -4.4535e+00 -2.6841e+00
13 0 +2.876181998e+00 +2.168861820e+02 +2.168861820e+02 +1.8412e-01 -2.8329e-01 -6.9564e-02
16 0 +2.597682765e+00 +2.166076828e+02 +2.166076828e+02 +4.4551e-02 +1.1593e-01 -1.5352e-01
51 0 +1.749343976e+00 +2.157593440e+02 +2.157593440e+02 +7.2683e-02 -6.6010e-02 -2.2088e-01
57 0 +7.441449063e-01 +2.147541449e+02 +2.147541449e+02 +1.0868e-01 -6.6334e-02 -4.4155e-01
112 0 +5.251379554e-01 +2.145351380e+02 +2.145351380e+02 -1.2458e-01 -2.6073e-01 -2.3836e-01
171 0 +4.791864225e-01 +2.144891864e+02 +2.144891864e+02 -1.1585e-01 -2.3282e-01 -2.7179e-01
205 0 +4.275639258e-01 +2.144375639e+02 +2.144375639e+02 -1.5553e-01 -2.0163e-01 -5.4716e-01
358 0 +3.308634512e-01 +2.143408635e+02 +2.143408635e+02 -1.2617e-01 -1.0532e-01 -5.8075e-02
397 0 +2.144900115e-01 +2.142244900e+02 +2.142244900e+02 -1.5121e-01 -2.2197e-02 +1.0636e-02
454 0 +2.097606566e-01 +2.142197607e+02 +2.142197607e+02 -1.8212e-01 +7.2048e-02 -4.4301e-01
470 0 +2.487620928e-02 +2.140348762e+02 +2.140348762e+02 -1.5243e-01 -4.4772e-02 -4.5082e-01
1216 0 +2.429367545e-02 +2.140342937e+02 +2.140342937e+02 -1.8137e-01 +8.8865e-02 -8.4229e-02
1234 0 +2.289541660e-02 +2.140328954e+02 +2.140328954e+02 -1.8313e-01 +1.0574e-01 -8.3886e-02
1287 0 +2.143000296e-02 +2.140314300e+02 +2.140314300e+02 -1.8802e-01 +1.3308e-01 -8.3502e-02
1330 0 +2.078043899e-02 +2.140307804e+02 +2.140307804e+02 -1.8702e-01 +1.3296e-01 -8.3276e-02
1362 0 +2.023905094e-02 +2.140302391e+02 +2.140302391e+02 -1.8679e-01 +1.3671e-01 -8.2570e-02
1383 0 +1.860579283e-02 +2.140286058e+02 +2.140286058e+02 -1.9037e-01 +1.6375e-01 -8.1438e-02
1463 0 +1.793577089e-02 +2.140279358e+02 +2.140279358e+02 -1.8962e-01 +1.6673e-01 -8.0810e-02
1477 0 +1.768778687e-02 +2.140276878e+02 +2.140276878e+02 -1.8847e-01 +1.7244e-01 -7.9423e-02
1520 0 +1.713296230e-02 +2.140271330e+02 +2.140271330e+02 -1.8886e-01 +1.8057e-01 -7.8834e-02
1572 0 +1.691732399e-02 +2.140269173e+02 +2.140269173e+02 -1.8887e-01 +1.8670e-01 -7.8051e-02
1612 0 +1.639511399e-02 +2.140263951e+02 +2.140263951e+02 -1.9168e-01 +1.9501e-01 -7.8447e-02
1651 0 +1.607255963e-02 +2.140260726e+02 +2.140260726e+02 -1.9241e-01 +2.0445e-01 -7.7582e-02
1671 0 +1.571884449e-02 +2.140257188e+02 +2.140257188e+02 -1.9296e-01 +2.0712e-01 -7.7425e-02
1728 0 +1.513150149e-02 +2.140251315e+02 +2.140251315e+02 -1.9308e-01 +2.1599e-01 -7.6175e-02
1837 0 +1.460695014e-02 +2.140246070e+02 +2.140246070e+02 -1.9341e-01 +2.3103e-01 -7.4123e-02
1877 0 +1.428888359e-02 +2.140242889e+02 +2.140242889e+02 -1.9403e-01 +2.4470e-01 -7.2346e-02
1879 0 +1.407265879e-02 +2.140240727e+02 +2.140240727e+02 -1.9469e-01 +2.3928e-01 -7.3376e-02
1915 0 +1.362561343e-02 +2.140236256e+02 +2.140236256e+02 -1.9737e-01 +2.5592e-01 -7.2265e-02
2009 0 +1.324010125e-02 +2.140232401e+02 +2.140232401e+02 -1.9647e-01 +2.6089e-01 -7.0787e-02
2011 0 +1.309298738e-02 +2.140230930e+02 +2.140230930e+02 -1.9712e-01 +2.7524e-01 -6.8855e-02
2066 0 +1.283892001e-02 +2.140228389e+02 +2.140228389e+02 -1.9762e-01 +2.7065e-01 -6.9760e-02
2088 0 +1.237042294e-02 +2.140223704e+02 +2.140223704e+02 -2.0059e-01 +2.9164e-01 -6.7718e-02
2103 0 +1.227073912e-02 +2.140222707e+02 +2.140222707e+02 -1.9966e-01 +2.8901e-01 -6.7511e-02
2200 0 +1.197094772e-02 +2.140219709e+02 +2.140219709e+02 -2.0139e-01 +3.0551e-01 -6.5574e-02
2220 0 +1.174702106e-02 +2.140217470e+02 +2.140217470e+02 -2.0040e-01 +3.0647e-01 -6.4718e-02
2274 0 +1.147796753e-02 +2.140214780e+02 +2.140214780e+02 -2.0171e-01 +3.1748e-01 -6.3375e-02
2336 0 +1.101285487e-02 +2.140210129e+02 +2.140210129e+02 -2.0413e-01 +3.5871e-01 -5.6357e-02
2374 0 +1.055751479e-02 +2.140205575e+02 +2.140205575e+02 -2.0436e-01 +3.5757e-01 -5.6494e-02
2391 0 +1.039703565e-02 +2.140203970e+02 +2.140203970e+02 -2.0564e-01 +3.6255e-01 -5.6129e-02
2580 0 +1.017079243e-02 +2.140201708e+02 +2.140201708e+02 -2.0610e-01 +3.7663e-01 -5.3368e-02
2674 0 +9.917581881e-03 +2.140199176e+02 +2.140199176e+02 -2.0741e-01 +3.8994e-01 -5.1019e-02
2731 0 +9.741356261e-03 +2.140197414e+02 +2.140197414e+02 -2.0852e-01 +4.0569e-01 -4.8097e-02
2830 0 +9.524062202e-03 +2.140195241e+02 +2.140195241e+02 -2.0952e-01 +4.1565e-01 -4.6239e-02
2944 0 +9.326605044e-03 +2.140193266e+02 +2.140193266e+02 -2.1202e-01 +4.3620e-01 -4.2649e-02
3111 0 +9.093126691e-03 +2.140190931e+02 +2.140190931e+02 -2.1274e-01 +4.5210e-01 -3.9036e-02
3245 0 +8.885351092e-03 +2.140188854e+02 +2.140188854e+02 -2.1346e-01 +4.7284e-01 -3.4122e-02
3452 0 +8.678544780e-03 +2.140186785e+02 +2.140186785e+02 -2.1533e-01 +4.9963e-01 -2.7957e-02
3871 0 +8.510104729e-03 +2.140185101e+02 +2.140185101e+02 -2.1674e-01 +5.2425e-01 -2.2019e-02
4194 0 +8.293894380e-03 +2.140182939e+02 +2.140182939e+02 -2.2122e-01 +5.7092e-01 -1.1013e-02
4805 0 +8.123313629e-03 +2.140181233e+02 +2.140181233e+02 -2.2242e-01 +6.0713e-01 -6.8288e-04
5620 0 +7.942018311e-03 +2.140179420e+02 +2.140179420e+02 -2.2763e-01 +6.9692e-01 +2.5530e-02
40979 0 +2.224555272e-03 +2.140122246e+02 +2.140122246e+02 -2.0587e-01 +7.0839e-01 -1.0882e-01
40997 0 +3.198789911e-04 +2.140103199e+02 +2.140103199e+02 -2.0825e-01 +6.8155e-01 -1.2074e-01
41094 0 +3.011335512e-04 +2.140103011e+02 +2.140103011e+02 -2.1560e-01 +7.0129e-01 -1.1023e-01
41116 0 +8.111525958e-05 +2.140100811e+02 +2.140100811e+02 -2.1324e-01 +7.0273e-01 -1.1062e-01
41170 0 +6.130451672e-05 +2.140100613e+02 +2.140100613e+02 -2.1280e-01 +6.9494e-01 -1.1553e-01
41300 0 +5.930776970e-05 +2.140100593e+02 +2.140100593e+02 -2.1233e-01 +6.9666e-01 -1.1477e-01
41340 0 +5.831046303e-05 +2.140100583e+02 +2.140100583e+02 -2.1277e-01 +6.9693e-01 -1.1492e-01
41360 0 +5.635692239e-05 +2.140100564e+02 +2.140100564e+02 -2.1311e-01 +6.9848e-01 -1.1457e-01
41378 0 +5.395609543e-05 +2.140100540e+02 +2.140100540e+02 -2.1273e-01 +6.9956e-01 -1.1354e-01
41398 0 +5.143698581e-05 +2.140100514e+02 +2.140100514e+02 -2.1315e-01 +7.0130e-01 -1.1334e-01
41414 0 +5.103887099e-05 +2.140100510e+02 +2.140100510e+02 -2.1221e-01 +7.0403e-01 -1.1190e-01
41419 0 +4.739985027e-05 +2.140100474e+02 +2.140100474e+02 -2.1359e-01 +7.0513e-01 -1.1237e-01
41473 0 +4.130609753e-05 +2.140100413e+02 +2.140100413e+02 -2.1335e-01 +7.0906e-01 -1.1061e-01
41510 0 +4.047638745e-05 +2.140100405e+02 +2.140100405e+02 -2.1524e-01 +7.1960e-01 -1.0814e-01
41511 0 +3.933887527e-05 +2.140100393e+02 +2.140100393e+02 -2.1362e-01 +7.1577e-01 -1.0891e-01
41531 0 +3.412082737e-05 +2.140100341e+02 +2.140100341e+02 -2.1289e-01 +7.2289e-01 -1.0540e-01
41551 0 +2.535136056e-05 +2.140100254e+02 +2.140100254e+02 -2.1391e-01 +7.2450e-01 -1.0478e-01
41568 0 +1.721996119e-05 +2.140100172e+02 +2.140100172e+02 -2.1408e-01 +7.5219e-01 -9.4204e-02
41586 0 +1.391038532e-05 +2.140100139e+02 +2.140100139e+02 -2.1496e-01 +7.7365e-01 -8.5710e-02
41610 0 +1.363275530e-05 +2.140100136e+02 +2.140100136e+02 -2.1654e-01 +8.1024e-01 -7.2605e-02
41661 0 +9.662103281e-06 +2.140100097e+02 +2.140100097e+02 -2.1838e-01 +8.4414e-01 -5.8823e-02
41680 0 +4.425337465e-06 +2.140100044e+02 +2.140100044e+02 -2.1918e-01 +8.0078e-01 -7.5578e-02
41701 0 +1.099495222e-06 +2.140100011e+02 +2.140100011e+02 -2.1781e-01 +7.9874e-01 -7.6303e-02
41720 0 +5.772361078e-08 +2.140100001e+02 +2.140100001e+02 -2.1914e-01 +8.2723e-01 -6.5916e-02
41893 0 +1.439317998e-08 +2.140100000e+02 +2.140100000e+02 -2.1965e-01 +8.3208e-01 -6.4213e-02
41950 0 +5.123098390e-09 +2.140100000e+02 +2.140100000e+02 -2.1967e-01 +8.3288e-01 -6.3685e-02
% f evaluations | g evaluations | best noise-free fitness - Fopt (-5.848000000000e+01) + sum g_i+ | measured fitness | best measured fitness or single-digit g-values | x1 | x2...
1 0 +1.340797921e+02 +7.559979213e+01 +7.559979213e+01 -4.2603e+00 +4.6395e+00 -4.0146e+00
2 0 +4.613774318e+01 -1.234225682e+01 -1.234225682e+01 -4.9749e-01 -3.5440e+00 +3.4078e+00
3 0 +1.691504533e+01 -4.156495467e+01 -4.156495467e+01 -1.3951e+00 -4.6602e+00 +1.4506e+00
5 0 +1.516078276e+01 -4.331921724e+01 -4.331921724e+01 -2.0238e+00 +4.8061e+00 +5.8096e-01
6 0 +1.027060767e+01 -4.820939233e+01 -4.820939233e+01 -4.8641e-01 -1.0458e+00 -1.1978e+00
10 0 +8.598168852e+00 -4.988183115e+01 -4.988183115e+01 -4.7690e-01 -4.7582e+00 -5.7298e-01
13 0 +3.917329648e+00 -5.456267035e+01 -5.456267035e+01 +9.9337e-02 +2.9639e-02 -1.7644e-01
14 0 +8.536926717e-01 -5.762630733e+01 -5.762630733e+01 +1.4166e-01 +3.1548e-03 +5.6982e-02
36 0 +5.442553428e-01 -5.793574466e+01 -5.793574466e+01 +1.0047e-01 +1.1104e-01 +4.5692e-01
71 0 +1.472401598e-01 -5.833275984e+01 -5.833275984e+01 -3.3296e-01 +9.1155e-02 -2.4734e-02
701 0 +1.002897344e-01 -5.837971027e+01 -5.837971027e+01 +1.2206e-01 -1.5415e-01 +1.0815e-01
1193 0 +9.601671653e-02 -5.838398328e+01 -5.838398328e+01 -7.7772e-02 -1.3944e-01 +3.5952e-01
1400 0 +2.159707278e-02 -5.845840293e+01 -5.845840293e+01 -1.3541e-01 -2.8146e-01 +3.6727e-01
7406 0 +1.181633083e-02 -5.846818367e+01 -5.846818367e+01 -1.2999e-01 -2.7035e-01 +3.8385e-01
81371 0 +1.450123805e-03 -5.847854988e+01 -5.847854988e+01 -1.8001e-01 -4.3500e-01 +4.0224e-01
% f evaluations | g evaluations | best noise-free fitness - Fopt (-6.130800000000e+02) + sum g_i+ | measured fitness | best measured fitness or single-digit g-values | x1 | x2...
1 0 +1.203210043e+02 -4.927589957e+02 -4.927589957e+02 +3.3396e-01 -4.0654e+00 +2.9159e+00
2 0 +2.046250722e+01 -5.926174928e+02 -5.926174928e+02 +2.1064e+00 +1.1946e+00 -3.9120e+00
5 0 +2.524873033e+00 -6.105551270e+02 -6.105551270e+02 -3.1147e-01 +2.4569e+00 +3.5452e-01
19 0 +5.866404450e-01 -6.124933596e+02 -6.124933596e+02 -1.0649e-01 -1.6411e-01 -4.6381e-01
38 0 +2.402058325e-01 -6.128397942e+02 -6.128397942e+02 -2.2651e-01 -1.7359e-01 +1.8326e-02
76 0 +1.662625315e-01 -6.129137375e+02 -6.129137375e+02 +1.7600e-01 -2.0939e-01 +6.0648e-02
89 0 +4.658707030e-02 -6.130334129e+02 -6.130334129e+02 -1.5581e-01 -3.0694e-01 -3.6783e-02
527 0 +4.524060092e-02 -6.130347594e+02 -6.130347594e+02 +1.3828e-01 -1.8283e-01 +9.3855e-02
2525 0 +6.343669026e-03 -6.130736563e+02 -6.130736563e+02 -1.5608e-02 -4.6929e-01 -1.3471e-01
86145 0 +4.906131611e-03 -6.130750939e+02 -6.130750939e+02 +1.7952e-01 -6.5017e-01 -2.5350e-01
% f evaluations | g evaluations | best noise-free fitness - Fopt (-1.573300000000e+02) + sum g_i+ | measured fitness | best measured fitness or single-digit g-values | x1 | x2...
1 0 +1.449635441e+01 -1.428336456e+02 -1.428336456e+02 +7.7869e-02 -3.5325e+00 -1.9840e+00
4 0 +1.325578988e+01 -1.440742101e+02 -1.440742101e+02 +2.5421e+00 -4.0720e+00 -2.1481e+00
5 0 +1.245603246e+01 -1.448739675e+02 -1.448739675e+02 +6.0643e-01 +8.3599e-01 -4.4582e+00
16 0 +1.041562366e+01 -1.469143763e+02 -1.469143763e+02 -8.8327e-02 +9.4737e-02 -2.1838e-01
17 0 +3.883570831e+00 -1.534464292e+02 -1.534464292e+02 +1.7335e-01 -5.0949e-02 +2.3073e-01
73 0 +3.669466240e+00 -1.536605338e+02 -1.536605338e+02 +6.9166e-02 +8.8374e-02 +2.8774e-01
76 0 +8.277386251e-01 -1.565022614e+02 -1.565022614e+02 +1.5456e-01 -1.4850e-01 +1.2214e-01
340 0 +2.907596296e-01 -1.570392404e+02 -1.570392404e+02 -3.3172e-02 -3.5803e-01 -2.7383e-01
489 0 +3.870941975e-02 -1.572912906e+02 -1.572912906e+02 -1.6447e-01 -4.0148e-01 -2.2908e-02
663 0 +3.700995897e-02 -1.572929900e+02 -1.572929900e+02 +1.2980e-02 -1.7085e-01 -6.2350e-02
2393 0 +2.362704367e-02 -1.573063730e+02 -1.573063730e+02 -5.0906e-02 -3.2330e-01 +3.5897e-02
7656 0 +2.117126132e-02 -1.573088287e+02 -1.573088287e+02 -1.9881e-01 -3.7194e-01 +1.1123e-02
8550 0 +1.656349294e-02 -1.573134365e+02 -1.573134365e+02 -6.4827e-03 +5.4560e-02 +2.0408e-02
% f evaluations | g evaluations | best noise-free fitness - Fopt (-5.738000000000e+01) + sum g_i+ | measured fitness | best measured fitness or single-digit g-values | x1 | x2...
1 0 +5.764830782e+01 +2.683078179e-01 +2.683078179e-01 -2.2760e+00 +4.7805e+00 -3.8973e-01
2 0 +1.319071778e+01 -4.418928222e+01 -4.418928222e+01 +3.1430e+00 +1.0608e+00 -2.1121e+00
9 0 +1.169429758e+01 -4.568570242e+01 -4.568570242e+01 +3.9623e+00 +3.9662e+00 -2.0975e-01
14 0 +6.238099364e+00 -5.114190064e+01 -5.114190064e+01 -1.6635e-01 -2.1873e-01 +6.5864e-02
17 0 +3.605435719e-01 -5.701945643e+01 -5.701945643e+01 +5.8222e-02 -3.3405e-02 +2.3568e-01
53 0 +1.607921042e-01 -5.721920790e+01 -5.721920790e+01 +1.1046e-02 +9.0144e-02 +1.7223e-01
109 0 +1.007624306e-01 -5.727923757e+01 -5.727923757e+01 -3.1203e-01 -8.5622e-03 +8.2367e-03
870 0 +4.377874640e-02 -5.733622125e+01 -5.733622125e+01 -3.7315e-01 +1.3928e-01 -1.4036e-01
3243 0 +3.064825444e-02 -5.734935175e+01 -5.734935175e+01 -4.4174e-01 -3.2293e-01 +1.0749e-01
7634 0 +1.629542487e-02 -5.736370458e+01 -5.736370458e+01 -4.0582e-01 +2.4150e-01 -2.2813e-01
% f evaluations | g evaluations | best noise-free fitness - Fopt (3.301100000000e+02) + sum g_i+ | measured fitness | best measured fitness or single-digit g-values | x1 | x2...
1 0 +1.770556134e+01 +3.478155613e+02 +3.478155613e+02 -3.0021e+00 -3.1397e+00 -4.5859e+00
7 0 +1.195687795e+01 +3.420668779e+02 +3.420668779e+02 -3.3377e+00 +1.5309e+00 +7.3620e-02
13 0 +8.929143062e+00 +3.390391431e+02 +3.390391431e+02 +2.6953e-02 +1.8194e-01 -8.8447e-02
16 0 +5.902294930e+00 +3.360122949e+02 +3.360122949e+02 -4.2853e-02 -4.4925e-01 -1.5231e-01
17 0 +5.308299759e+00 +3.354182998e+02 +3.354182998e+02 -5.6164e-02 -5.1198e-02 -7.1116e-02
37 0 +3.463218226e+00 +3.335732182e+02 +3.335732182e+02 -1.2926e-01 -2.0598e-01 -3.1279e-01
38 0 +1.899255389e+00 +3.320092554e+02 +3.320092554e+02 -4.2164e-01 -3.5960e-01 -9.7881e-02
94 0 +1.789888794e+00 +3.318998888e+02 +3.318998888e+02 -4.3072e-01 -6.4906e-01 +4.7613e-01
112 0 +7.870312957e-01 +3.308970313e+02 +3.308970313e+02 -1.7811e-01 -6.6127e-01 +5.2672e-01
263 0 +7.174686018e-01 +3.308274686e+02 +3.308274686e+02 -2.3679e-01 -5.2769e-02 +1.9557e-01
356 0 +5.346098643e-01 +3.306446099e+02 +3.306446099e+02 -6.4385e-02 +1.3201e-01 +5.2453e-02
357 0 +4.964231900e-01 +3.306064232e+02 +3.306064232e+02 +1.9171e-02 -1.8594e-01 +3.0378e-01
361 0 +6.365462198e-02 +3.301736546e+02 +3.301736546e+02 +9.5401e-03 +2.9660e-01 +1.0781e-01
2032 0 +5.847711001e-02 +3.301684771e+02 +3.301684771e+02 +3.0116e-01 +1.5972e-01 -5.3504e-03
2065 0 +4.403796096e-02 +3.301540380e+02 +3.301540380e+02 +2.9883e-01 +1.7406e-01 -6.0618e-02
2085 0 +4.148264748e-02 +3.301514826e+02 +3.301514826e+02 +3.0469e-01 +1.9167e-01 -1.2160e-01
2107 0 +3.738890579e-02 +3.301473889e+02 +3.301473889e+02 +3.3281e-01 +1.9915e-01 -1.4925e-01
2122 0 +3.373318837e-02 +3.301437332e+02 +3.301437332e+02 +3.0210e-01 +1.8351e-01 -1.2281e-01
2125 0 +2.958415750e-02 +3.301395842e+02 +3.301395842e+02 +3.0668e-01 +1.8010e-01 -1.1756e-01
2145 0 +2.393299004e-02 +3.301339330e+02 +3.301339330e+02 +3.1391e-01 +1.9728e-01 -1.5329e-01
2161 0 +2.084417709e-02 +3.301308442e+02 +3.301308442e+02 +3.2527e-01 +2.0839e-01 -1.9335e-01
2183 0 +1.693487790e-02 +3.301269349e+02 +3.301269349e+02 +3.1925e-01 +2.0120e-01 -1.8022e-01
2241 0 +1.516934700e-02 +3.301251693e+02 +3.301251693e+02 +3.1962e-01 +2.0055e-01 -1.8675e-01
2258 0 +1.268527536e-02 +3.301226853e+02 +3.301226853e+02 +3.3084e-01 +2.1276e-01 -2.2981e-01
2261 0 +1.015380102e-02 +3.301201538e+02 +3.301201538e+02 +3.2681e-01 +2.0848e-01 -2.3223e-01
2277 0 +9.454892299e-03 +3.301194549e+02 +3.301194549e+02 +3.3813e-01 +2.2087e-01 -2.7540e-01
2293 0 +9.198689472e-03 +3.301191987e+02 +3.301191987e+02 +3.3636e-01 +2.2019e-01 -2.7167e-01
2313 0 +8.914401419e-03 +3.301189144e+02 +3.301189144e+02 +3.2545e-01 +2.1348e-01 -2.5191e-01
2315 0 +7.326293236e-03 +3.301173263e+02 +3.301173263e+02 +3.2850e-01 +2.1463e-01 -2.7315e-01
2316 0 +6.976335094e-03 +3.301169763e+02 +3.301169763e+02 +3.3367e-01 +2.2276e-01 -2.8965e-01
2333 0 +4.795017230e-03 +3.301147950e+02 +3.301147950e+02 +3.3643e-01 +2.2639e-01 -3.1923e-01
2337 0 +4.679342171e-03 +3.301146793e+02 +3.301146793e+02 +3.3740e-01 +2.2750e-01 -3.2432e-01
2350 0 +4.449025312e-03 +3.301144490e+02 +3.301144490e+02 +3.4533e-01 +2.3397e-01 -3.6525e-01
2353 0 +4.333031610e-03 +3.301143330e+02 +3.301143330e+02 +3.3496e-01 +2.2832e-01 -3.2966e-01
2375 0 +3.605350282e-03 +3.301136054e+02 +3.301136054e+02 +3.4198e-01 +2.3216e-01 -3.5675e-01
2392 0 +3.282345348e-03 +3.301132823e+02 +3.301132823e+02 +3.4279e-01 +2.3423e-01 -3.6795e-01
2412 0 +2.490305698e-03 +3.301124903e+02 +3.301124903e+02 +3.3810e-01 +2.3461e-01 -3.7558e-01
2432 0 +2.259244834e-03 +3.301122592e+02 +3.301122592e+02 +3.4168e-01 +2.3869e-01 -3.9483e-01
2464 0 +2.033024130e-03 +3.301120330e+02 +3.301120330e+02 +3.4148e-01 +2.4348e-01 -4.1977e-01
2467 0 +1.047305393e-03 +3.301110473e+02 +3.301110473e+02 +3.4322e-01 +2.4754e-01 -4.5794e-01
2486 0 +9.388895289e-04 +3.301109389e+02 +3.301109389e+02 +3.4003e-01 +2.4458e-01 -4.5333e-01
2502 0 +4.853847294e-04 +3.301104854e+02 +3.301104854e+02 +3.5008e-01 +2.5762e-01 -5.3703e-01
2522 0 +4.219306940e-04 +3.301104219e+02 +3.301104219e+02 +3.4611e-01 +2.5947e-01 -5.4832e-01
2523 0 +3.320707323e-04 +3.301103321e+02 +3.301103321e+02 +3.4648e-01 +2.5864e-01 -5.4647e-01
2543 0 +2.681276405e-04 +3.301102681e+02 +3.301102681e+02 +3.4402e-01 +2.5359e-01 -5.2848e-01
2582 0 +1.870221332e-04 +3.301101870e+02 +3.301101870e+02 +3.4450e-01 +2.5667e-01 -5.4941e-01
2622 0 +1.816871907e-04 +3.301101817e+02 +3.301101817e+02 +3.4653e-01 +2.6598e-01 -6.1202e-01
2637 0 +1.384491748e-04 +3.301101384e+02 +3.301101384e+02 +3.4965e-01 +2.6299e-01 -5.9130e-01
2655 0 +1.281359200e-04 +3.301101281e+02 +3.301101281e+02 +3.4537e-01 +2.5757e-01 -5.6590e-01
2657 0 +7.893911669e-05 +3.301100789e+02 +3.301100789e+02 +3.4849e-01 +2.6271e-01 -5.9644e-01
2676 0 +6.125863564e-05 +3.301100613e+02 +3.301100613e+02 +3.4599e-01 +2.6143e-01 -5.9744e-01
2694 0 +3.749764949e-05 +3.301100375e+02 +3.301100375e+02 +3.4901e-01 +2.6771e-01 -6.4230e-01
2695 0 +2.075173290e-05 +3.301100208e+02 +3.301100208e+02 +3.4933e-01 +2.6709e-01 -6.4375e-01
2714 0 +1.548825861e-05 +3.301100155e+02 +3.301100155e+02 +3.4706e-01 +2.6968e-01 -6.7507e-01
2731 0 +9.873491649e-06 +3.301100099e+02 +3.301100099e+02 +3.4756e-01 +2.7005e-01 -6.7839e-01
2768 0 +2.392402109e-06 +3.301100024e+02 +3.301100024e+02 +3.4812e-01 +2.6973e-01 -6.8808e-01
2793 0 +1.253415746e-06 +3.301100013e+02 +3.301100013e+02 +3.4811e-01 +2.7480e-01 -7.4773e-01
2829 0 +2.537682349e-07 +3.301100003e+02 +3.301100003e+02 +3.4885e-01 +2.7594e-01 -7.6514e-01
2921 0 +5.218805654e-08 +3.301100001e+02 +3.301100001e+02 +3.4919e-01 +2.7514e-01 -7.4889e-01
3056 0 +3.192172926e-08 +3.301100000e+02 +3.301100000e+02 +3.4908e-01 +2.7385e-01 -7.3439e-01
3074 0 +2.782064712e-08 +3.301100000e+02 +3.301100000e+02 +3.4926e-01 +2.7522e-01 -7.5146e-01
3075 0 +2.199607252e-08 +3.301100000e+02 +3.301100000e+02 +3.4928e-01 +2.7430e-01 -7.3876e-01
3091 0 +1.492514912e-08 +3.301100000e+02 +3.301100000e+02 +3.4917e-01 +2.7494e-01 -7.4814e-01
3111 0 +2.395154297e-09 +3.301100000e+02 +3.301100000e+02 +3.4925e-01 +2.7446e-01 -7.4316e-01
% f evaluations | g evaluations | best noise-free fitness - Fopt (-2.440000000000e+00) + sum g_i+ | measured fitness | best measured fitness or single-digit g-values | x1 | x2...
1 0 +3.869104310e+01 +3.625104310e+01 +3.625104310e+01 +1.3076e+00 -3.1974e+00 +3.5758e+00
2 0 +1.433157315e+01 +1.189157315e+01 +1.189157315e+01 +3.6134e-01 -2.3792e+00 +1.4510e+00
6 0 +1.184152284e+01 +9.401522837e+00 +9.401522837e+00 -3.7459e+00 +2.8430e+00 +1.2818e+00
13 0 +7.505287818e+00 +5.065287818e+00 +5.065287818e+00 +2.0836e-01 +4.0007e-01 -2.8988e-01
17 0 +4.141240633e+00 +1.701240633e+00 +1.701240633e+00 -2.8591e-01 -1.9169e-01 +3.4507e-01
36 0 +2.318731540e+00 -1.212684598e-01 -1.212684598e-01 -7.9915e-02 -1.5609e-01 +1.2082e-01
71 0 +1.341459563e+00 -1.098540437e+00 -1.098540437e+00 -1.5905e-01 +1.1207e-01 -7.3415e-02
128 0 +9.890870248e-01 -1.450912975e+00 -1.450912975e+00 -4.7723e-02 +1.9213e-01 +9.5738e-02
170 0 +9.345387861e-01 -1.505461214e+00 -1.505461214e+00 +9.8674e-02 -4.0758e-02 +2.4594e-02
228 0 +8.101686452e-01 -1.629831355e+00 -1.629831355e+00 +1.8337e-01 +4.7659e-01 +3.5695e-01
265 0 +2.131361325e-01 -2.226863867e+00 -2.226863867e+00 +9.2720e-02 +2.0263e-01 +2.9065e-01
437 0 +8.336536376e-02 -2.356634636e+00 -2.356634636e+00 +1.7249e-01 +2.6631e-02 -7.8067e-02
510 0 +5.099564853e-02 -2.389004351e+00 -2.389004351e+00 -1.0062e-01 -3.7542e-03 +1.6487e-01
1800 0 +4.812763784e-02 -2.391872362e+00 -2.391872362e+00 +2.0985e-01 +4.3783e-01 +3.7148e-01
12765 0 +1.417679333e-02 -2.425823207e+00 -2.425823207e+00 +3.1449e-01 +2.5601e-01 +3.3241e-01
25574 0 +1.121575608e-02 -2.428784244e+00 -2.428784244e+00 +5.5264e-01 +2.6502e-01 +3.7798e-01
53882 0 +8.751813980e-03 -2.431248186e+00 -2.431248186e+00 +2.8097e-01 +2.5662e-01 +3.3410e-01
% f evaluations | g evaluations | best noise-free fitness - Fopt (1.240000000000e+00) + sum g_i+ | measured fitness | best measured fitness or single-digit g-values | x1 | x2...
1 0 +9.942572520e+00 +1.118257252e+01 +1.118257252e+01 -2.7564e+00 +8.7850e-01 -3.4403e+00
2 0 +9.933899394e+00 +1.117389939e+01 +1.117389939e+01 -8.6242e-02 +2.6680e+00 +2.6415e-01
11 0 +2.601388122e+00 +3.841388122e+00 +3.841388122e+00 -1.6374e-01 +3.0947e+00 +6.0579e-01
19 0 +1.971092319e+00 +3.211092319e+00 +3.211092319e+00 +2.2103e-02 -1.5058e-01 +3.8490e-01
89 0 +1.944277114e+00 +3.184277114e+00 +3.184277114e+00 +1.2602e-01 -1.7089e-01 +1.3070e-01
93 0 +1.835414415e+00 +3.075414415e+00 +3.075414415e+00 -1.6648e-01 +2.9345e-02 +1.3128e-01
146 0 +8.175236742e-01 +2.057523674e+00 +2.057523674e+00 -4.0427e-02 -7.2321e-03 +2.7789e-01
186 0 +4.572175093e-01 +1.697217509e+00 +1.697217509e+00 -1.0366e-01 -1.0869e-01 +1.8921e-01
260 0 +9.951212624e-02 +1.339512126e+00 +1.339512126e+00 -1.1893e-01 -1.3559e-01 +1.6266e-02
304 0 +4.489537235e-02 +1.284895372e+00 +1.284895372e+00 -1.1592e-01 -1.3225e-01 +5.6453e-02
681 0 +3.973904851e-02 +1.279739049e+00 +1.279739049e+00 -1.2214e-01 -1.3747e-01 +5.8394e-02
698 0 +3.746287985e-02 +1.277462880e+00 +1.277462880e+00 -1.2125e-01 -1.3687e-01 +5.7109e-02
702 0 +3.637653584e-02 +1.276376536e+00 +1.276376536e+00 -1.2264e-01 -1.3804e-01 +5.2117e-02
793 0 +3.559601609e-02 +1.275596016e+00 +1.275596016e+00 -1.2562e-01 -1.4042e-01 +3.6852e-02
813 0 +3.154942625e-02 +1.271549426e+00 +1.271549426e+00 -1.3089e-01 -1.4538e-01 +9.1603e-03
854 0 +2.597303811e-02 +1.265973038e+00 +1.265973038e+00 -1.5261e-01 -1.6593e-01 -3.8991e-02
964 0 +2.420458277e-02 +1.264204583e+00 +1.264204583e+00 -1.4592e-01 -1.5899e-01 -3.2900e-02
1059 0 +2.354663770e-02 +1.263546638e+00 +1.263546638e+00 -1.4764e-01 -1.6017e-01 -3.8288e-02
1077 0 +2.306535474e-02 +1.263065355e+00 +1.263065355e+00 -1.4911e-01 -1.6136e-01 -4.0943e-02
1096 0 +2.229389393e-02 +1.262293894e+00 +1.262293894e+00 -1.5373e-01 -1.6522e-01 -5.0277e-02
1118 0 +2.159720983e-02 +1.261597210e+00 +1.261597210e+00 -1.5665e-01 -1.6805e-01 -5.6556e-02
1134 0 +2.102413683e-02 +1.261024137e+00 +1.261024137e+00 -1.5646e-01 -1.6736e-01 -5.9226e-02
1158 0 +2.045277725e-02 +1.260452777e+00 +1.260452777e+00 -1.6016e-01 -1.6998e-01 -7.3482e-02
1215 0 +2.009364535e-02 +1.260093645e+00 +1.260093645e+00 -1.5997e-01 -1.6997e-01 -6.9961e-02
1287 0 +1.985229513e-02 +1.259852295e+00 +1.259852295e+00 -1.6040e-01 -1.6998e-01 -7.3705e-02
1311 0 +1.930138028e-02 +1.259301380e+00 +1.259301380e+00 -1.6333e-01 -1.7219e-01 -8.1387e-02
1327 0 +1.901360019e-02 +1.259013600e+00 +1.259013600e+00 -1.6498e-01 -1.7340e-01 -8.5667e-02
1347 0 +1.842191060e-02 +1.258421911e+00 +1.258421911e+00 -1.6654e-01 -1.7386e-01 -9.3612e-02
1387 0 +1.816934965e-02 +1.258169350e+00 +1.258169350e+00 -1.6960e-01 -1.7636e-01 -1.0016e-01
1478 0 +1.771632416e-02 +1.257716324e+00 +1.257716324e+00 -1.7000e-01 -1.7625e-01 -1.0278e-01
1520 0 +1.727772937e-02 +1.257277729e+00 +1.257277729e+00 -1.7249e-01 -1.7792e-01 -1.0945e-01
1539 0 +1.687443488e-02 +1.256874435e+00 +1.256874435e+00 -1.7407e-01 -1.7863e-01 -1.1481e-01
1572 0 +1.638490173e-02 +1.256384902e+00 +1.256384902e+00 -1.7814e-01 -1.8123e-01 -1.2681e-01
1631 0 +1.620801348e-02 +1.256208013e+00 +1.256208013e+00 -1.7884e-01 -1.8077e-01 -1.3308e-01
1666 0 +1.557494746e-02 +1.255574947e+00 +1.255574947e+00 -1.8277e-01 -1.8364e-01 -1.4130e-01
1685 0 +1.539824638e-02 +1.255398246e+00 +1.255398246e+00 -1.8356e-01 -1.8442e-01 -1.4113e-01
1708 0 +1.489627683e-02 +1.254896277e+00 +1.254896277e+00 -1.8849e-01 -1.8686e-01 -1.5722e-01
1742 0 +1.434167034e-02 +1.254341670e+00 +1.254341670e+00 -1.9094e-01 -1.8777e-01 -1.6566e-01
1763 0 +1.381859980e-02 +1.253818600e+00 +1.253818600e+00 -1.9436e-01 -1.8896e-01 -1.7648e-01
1781 0 +1.356699466e-02 +1.253566995e+00 +1.253566995e+00 -1.9834e-01 -1.8993e-01 -1.9274e-01
1819 0 +1.296826079e-02 +1.252968261e+00 +1.252968261e+00 -2.0809e-01 -1.9549e-01 -2.1321e-01
1919 0 +1.287619705e-02 +1.252876197e+00 +1.252876197e+00 -2.0419e-01 -1.9341e-01 -2.0434e-01
1933 0 +1.225012096e-02 +1.252250121e+00 +1.252250121e+00 -2.0793e-01 -1.9460e-01 -2.1762e-01
1972 0 +1.197538456e-02 +1.251975385e+00 +1.251975385e+00 -2.1082e-01 -1.9596e-01 -2.2452e-01
2200 0 +1.171687881e-02 +1.251716879e+00 +1.251716879e+00 -2.1354e-01 -1.9713e-01 -2.3199e-01
2218 0 +1.146176611e-02 +1.251461766e+00 +1.251461766e+00 -2.1662e-01 -1.9820e-01 -2.4100e-01
2350 0 +1.117597407e-02 +1.251175974e+00 +1.251175974e+00 -2.2366e-01 -2.0111e-01 -2.5976e-01
2388 0 +1.093139779e-02 +1.250931398e+00 +1.250931398e+00 -2.2360e-01 -2.0041e-01 -2.6166e-01
2408 0 +1.067224231e-02 +1.250672242e+00 +1.250672242e+00 -2.2826e-01 -2.0163e-01 -2.7602e-01
2484 0 +1.039023894e-02 +1.250390239e+00 +1.250390239e+00 -2.3289e-01 -2.0291e-01 -2.8876e-01
2523 0 +1.017073554e-02 +1.250170736e+00 +1.250170736e+00 -2.3845e-01 -2.0517e-01 -3.0239e-01
2579 0 +9.986567590e-03 +1.249986568e+00 +1.249986568e+00 -2.4123e-01 -2.0566e-01 -3.1091e-01
2717 0 +9.720367583e-03 +1.249720368e+00 +1.249720368e+00 -2.4981e-01 -2.0798e-01 -3.3391e-01
2830 0 +9.514633592e-03 +1.249514634e+00 +1.249514634e+00 -2.5133e-01 -2.0767e-01 -3.4005e-01
2924 0 +9.307658323e-03 +1.249307658e+00 +1.249307658e+00 -2.6080e-01 -2.0906e-01 -3.6796e-01
3095 0 +9.106343089e-03 +1.249106343e+00 +1.249106343e+00 -2.6166e-01 -2.0901e-01 -3.7055e-01
3377 0 +8.886319986e-03 +1.248886320e+00 +1.248886320e+00 -2.6946e-01 -2.0900e-01 -3.9548e-01
3607 0 +8.704628762e-03 +1.248704629e+00 +1.248704629e+00 -2.7604e-01 -2.1010e-01 -4.1285e-01
3742 0 +8.474470035e-03 +1.248474470e+00 +1.248474470e+00 -2.8825e-01 -2.1131e-01 -4.4613e-01
3914 0 +8.260207589e-03 +1.248260208e+00 +1.248260208e+00 -3.0266e-01 -2.1147e-01 -4.8675e-01
4576 0 +8.126237925e-03 +1.248126238e+00 +1.248126238e+00 -3.1840e-01 -2.1202e-01 -5.2811e-01
5715 0 +7.942645071e-03 +1.247942645e+00 +1.247942645e+00 -3.4840e-01 -2.0911e-01 -6.1099e-01
21088 0 +4.263963131e-03 +1.244263963e+00 +1.244263963e+00 -2.0711e-01 -3.5219e-01 -3.9983e-01
21198 0 +2.582191480e-03 +1.242582191e+00 +1.242582191e+00 -2.0399e-01 -3.3859e-01 -4.0460e-01
21223 0 +2.355093922e-03 +1.242355094e+00 +1.242355094e+00 -2.0297e-01 -3.4017e-01 -3.9901e-01
21238 0 +1.407689496e-03 +1.241407689e+00 +1.241407689e+00 -2.2334e-01 -3.4110e-01 -4.5818e-01
21257 0 +7.645726112e-04 +1.240764573e+00 +1.240764573e+00 -2.4177e-01 -3.4314e-01 -4.9235e-01
21280 0 +6.408541516e-04 +1.240640854e+00 +1.240640854e+00 -2.4932e-01 -3.3524e-01 -5.2829e-01
21298 0 +2.553485663e-04 +1.240255349e+00 +1.240255349e+00 -2.7415e-01 -3.3605e-01 -5.8604e-01
21355 0 +5.710753799e-05 +1.240057108e+00 +1.240057108e+00 -2.8609e-01 -3.2950e-01 -6.1895e-01
21412 0 +2.794694414e-05 +1.240027947e+00 +1.240027947e+00 -2.9147e-01 -3.2990e-01 -6.2605e-01
21504 0 +2.683730867e-05 +1.240026837e+00 +1.240026837e+00 -2.9154e-01 -3.2956e-01 -6.2865e-01
21522 0 +2.191497242e-05 +1.240021915e+00 +1.240021915e+00 -2.9612e-01 -3.2714e-01 -6.4353e-01
21546 0 +1.048436651e-05 +1.240010484e+00 +1.240010484e+00 -2.9968e-01 -3.2621e-01 -6.5074e-01
21580 0 +7.297879460e-06 +1.240007298e+00 +1.240007298e+00 -3.0256e-01 -3.2551e-01 -6.5633e-01
21584 0 +6.451534896e-06 +1.240006452e+00 +1.240006452e+00 -3.0868e-01 -3.2413e-01 -6.7482e-01
21616 0 +5.811729299e-06 +1.240005812e+00 +1.240005812e+00 -3.1544e-01 -3.2224e-01 -6.9290e-01
21638 0 +3.902083460e-06 +1.240003902e+00 +1.240003902e+00 -3.2355e-01 -3.2043e-01 -7.1278e-01
21677 0 +2.415750233e-06 +1.240002416e+00 +1.240002416e+00 -3.2598e-01 -3.2055e-01 -7.1656e-01
21692 0 +2.063226125e-06 +1.240002063e+00 +1.240002063e+00 -3.2855e-01 -3.1906e-01 -7.2465e-01
21712 0 +1.926123989e-06 +1.240001926e+00 +1.240001926e+00 -3.3458e-01 -3.1620e-01 -7.4125e-01
21713 0 +1.714689212e-06 +1.240001715e+00 +1.240001715e+00 -3.2227e-01 -3.2099e-01 -7.0802e-01
21735 0 +6.522474827e-07 +1.240000652e+00 +1.240000652e+00 -3.2209e-01 -3.2040e-01 -7.0542e-01
21749 0 +3.834268210e-07 +1.240000383e+00 +1.240000383e+00 -3.3195e-01 -3.1793e-01 -7.3125e-01
21752 0 +1.260212752e-07 +1.240000126e+00 +1.240000126e+00 -3.2682e-01 -3.1832e-01 -7.1912e-01
21768 0 +5.793207336e-08 +1.240000058e+00 +1.240000058e+00 -3.2887e-01 -3.1798e-01 -7.2356e-01
21787 0 +2.856271486e-08 +1.240000029e+00 +1.240000029e+00 -3.3338e-01 -3.1640e-01 -7.3584e-01
21808 0 +1.818731832e-09 +1.240000002e+00 +1.240000002e+00 -3.3220e-01 -3.1693e-01 -7.3248e-01
% f evaluations | g evaluations | best noise-free fitness - Fopt (4.701000000000e+01) + sum g_i+ | measured fitness | best measured fitness or single-digit g-values | x1 | x2...
1 0 +7.346934053e+01 +1.204793405e+02 +1.204793405e+02 +4.9404e+00 -4.2892e+00 +3.2540e+00
2 0 +1.195296268e+01 +5.896296268e+01 +5.896296268e+01 -2.4395e-01 -8.9891e-01 +4.5197e+00
5 0 +8.867043479e+00 +5.587704348e+01 +5.587704348e+01 +2.9320e-01 -4.2063e+00 +1.8902e+00
13 0 +1.786799224e-01 +4.718867992e+01 +4.718867992e+01 -8.6963e-02 +1.2341e-01 +7.2230e-02
528 0 +1.458226841e-01 +4.715582268e+01 +4.715582268e+01 -1.2786e-02 +2.0282e-01 +5.5018e-02
603 0 +9.647244555e-02 +4.710647245e+01 +4.710647245e+01 -4.9730e-02 +1.7263e-01 +6.1342e-02
757 0 +9.043795194e-02 +4.710043795e+01 +4.710043795e+01 -4.8727e-02 +1.6086e-01 +6.1845e-02
758 0 +8.878858412e-02 +4.709878858e+01 +4.709878858e+01 -7.9957e-02 +1.3477e-01 +6.6940e-02
759 0 +8.369244432e-02 +4.709369244e+01 +4.709369244e+01 -7.7234e-02 +1.4210e-01 +6.7467e-02
849 0 +8.223670772e-02 +4.709223671e+01 +4.709223671e+01 -8.9302e-02 +1.3354e-01 +6.8697e-02
869 0 +8.013615647e-02 +4.709013616e+01 +4.709013616e+01 -1.0805e-01 +1.1851e-01 +7.3111e-02
872 0 +6.880340123e-02 +4.707880340e+01 +4.707880340e+01 -1.0392e-01 +1.1422e-01 +7.2762e-02
931 0 +6.059455366e-02 +4.707059455e+01 +4.707059455e+01 -1.1088e-01 +1.0281e-01 +7.5422e-02
983 0 +5.999185901e-02 +4.706999186e+01 +4.706999186e+01 -1.1840e-01 +9.0393e-02 +7.7705e-02
1005 0 +5.720843068e-02 +4.706720843e+01 +4.706720843e+01 -1.1877e-01 +9.1593e-02 +7.7866e-02
1177 0 +5.506014429e-02 +4.706506014e+01 +4.706506014e+01 -1.3269e-01 +8.0240e-02 +8.1372e-02
1194 0 +5.329621996e-02 +4.706329622e+01 +4.706329622e+01 -1.3947e-01 +7.3928e-02 +8.3471e-02
1231 0 +5.167853302e-02 +4.706167853e+01 +4.706167853e+01 -1.3535e-01 +7.3960e-02 +8.2957e-02
1292 0 +5.075364239e-02 +4.706075364e+01 +4.706075364e+01 -1.4055e-01 +6.6184e-02 +8.4643e-02
1384 0 +4.986662531e-02 +4.705986663e+01 +4.705986663e+01 -1.4383e-01 +6.2779e-02 +8.5674e-02
1421 0 +4.850696697e-02 +4.705850697e+01 +4.705850697e+01 -1.4483e-01 +6.1592e-02 +8.6175e-02
1478 0 +4.772356602e-02 +4.705772357e+01 +4.705772357e+01 -1.4754e-01 +5.9052e-02 +8.7072e-02
1514 0 +4.618057536e-02 +4.705618058e+01 +4.705618058e+01 -1.5639e-01 +4.5463e-02 +9.0511e-02
1517 0 +4.530305356e-02 +4.705530305e+01 +4.705530305e+01 -1.5544e-01 +4.6940e-02 +9.0258e-02
1539 0 +4.449526263e-02 +4.705449526e+01 +4.705449526e+01 -1.6239e-01 +3.5573e-02 +9.3284e-02
1571 0 +4.249825327e-02 +4.705249825e+01 +4.705249825e+01 -1.6561e-01 +3.4930e-02 +9.4040e-02
1653 0 +4.155963730e-02 +4.705155964e+01 +4.705155964e+01 -1.7439e-01 +2.7509e-02 +9.6739e-02
1709 0 +3.978136398e-02 +4.704978136e+01 +4.704978136e+01 -2.0225e-01 -4.6916e-03 +1.0773e-01
1725 0 +3.675830771e-02 +4.704675831e+01 +4.704675831e+01 -1.9764e-01 -3.3959e-03 +1.0681e-01
1743 0 +3.606212202e-02 +4.704606212e+01 +4.704606212e+01 -2.0733e-01 -2.2115e-02 +1.1258e-01
1876 0 +3.530893590e-02 +4.704530894e+01 +4.704530894e+01 -1.9720e-01 -6.3530e-03 +1.0755e-01
1877 0 +3.452973365e-02 +4.704452973e+01 +4.704452973e+01 -2.0201e-01 -1.0078e-02 +1.0930e-01
1898 0 +3.303150249e-02 +4.704303150e+01 +4.704303150e+01 -2.1163e-01 -2.2928e-02 +1.1371e-01
1936 0 +3.041426004e-02 +4.704041426e+01 +4.704041426e+01 -2.2474e-01 -4.1292e-02 +1.2053e-01
2052 0 +2.977202232e-02 +4.703977202e+01 +4.703977202e+01 -2.2850e-01 -4.6897e-02 +1.2261e-01
2107 0 +2.918437208e-02 +4.703918437e+01 +4.703918437e+01 -2.3238e-01 -5.2235e-02 +1.2463e-01
2198 0 +2.875796041e-02 +4.703875796e+01 +4.703875796e+01 -2.3389e-01 -5.6690e-02 +1.2606e-01
2258 0 +2.813160029e-02 +4.703813160e+01 +4.703813160e+01 -2.3934e-01 -6.3056e-02 +1.2874e-01
2276 0 +2.712695380e-02 +4.703712695e+01 +4.703712695e+01 -2.5328e-01 -8.0355e-02 +1.3572e-01
2317 0 +2.690272492e-02 +4.703690272e+01 +4.703690272e+01 -2.5367e-01 -8.1257e-02 +1.3606e-01
2430 0 +2.606990701e-02 +4.703606991e+01 +4.703606991e+01 -2.5733e-01 -8.8195e-02 +1.3870e-01
2485 0 +2.568610301e-02 +4.703568610e+01 +4.703568610e+01 -2.5938e-01 -9.0885e-02 +1.3999e-01
2564 0 +2.508862259e-02 +4.703508862e+01 +4.703508862e+01 -2.6189e-01 -9.7320e-02 +1.4225e-01
2639 0 +2.449619660e-02 +4.703449620e+01 +4.703449620e+01 -2.7023e-01 -1.0797e-01 +1.4682e-01
2711 0 +2.398772794e-02 +4.703398773e+01 +4.703398773e+01 -2.8192e-01 -1.2444e-01 +1.5391e-01
2734 0 +2.283406737e-02 +4.703283407e+01 +4.703283407e+01 -2.8475e-01 -1.3032e-01 +1.5643e-01
2812 0 +2.230475406e-02 +4.703230475e+01 +4.703230475e+01 -2.9150e-01 -1.4309e-01 +1.6169e-01
2941 0 +2.174470202e-02 +4.703174470e+01 +4.703174470e+01 -2.9968e-01 -1.5241e-01 +1.6637e-01
3113 0 +2.132776972e-02 +4.703132777e+01 +4.703132777e+01 -3.0638e-01 -1.6611e-01 +1.7206e-01
3281 0 +2.069488869e-02 +4.703069489e+01 +4.703069489e+01 -3.1003e-01 -1.7194e-01 +1.7484e-01
3342 0 +2.033118788e-02 +4.703033119e+01 +4.703033119e+01 -3.1963e-01 -1.8465e-01 +1.8103e-01
3434 0 +1.988187402e-02 +4.702988187e+01 +4.702988187e+01 -3.2509e-01 -1.9488e-01 +1.8579e-01
3547 0 +1.948927977e-02 +4.702948928e+01 +4.702948928e+01 -3.2907e-01 -2.0429e-01 +1.8986e-01
3645 0 +1.878328553e-02 +4.702878329e+01 +4.702878329e+01 -3.4433e-01 -2.2843e-01 +2.0172e-01
3719 0 +1.858164790e-02 +4.702858165e+01 +4.702858165e+01 -3.4659e-01 -2.3458e-01 +2.0454e-01
3912 0 +1.816502862e-02 +4.702816503e+01 +4.702816503e+01 -3.5671e-01 -2.5103e-01 +2.1283e-01
4350 0 +1.777763021e-02 +4.702777763e+01 +4.702777763e+01 -3.6781e-01 -2.6923e-01 +2.2222e-01
4576 0 +1.733477523e-02 +4.702733478e+01 +4.702733478e+01 -3.8038e-01 -2.9510e-01 +2.3532e-01
4917 0 +1.696398554e-02 +4.702696399e+01 +4.702696399e+01 -3.9400e-01 -3.1747e-01 +2.4743e-01
5181 0 +1.655717866e-02 +4.702655718e+01 +4.702655718e+01 -4.1377e-01 -3.5449e-01 +2.6759e-01
5890 0 +1.621617683e-02 +4.702621618e+01 +4.702621618e+01 -4.3625e-01 -4.0061e-01 +2.9327e-01
7863 0 +1.584451269e-02 +4.702584451e+01 +4.702584451e+01 -4.8238e-01 -4.9519e-01 +3.4921e-01
24624 0 +1.513390577e-02 +4.702513391e+01 +4.702513391e+01 -2.8305e-01 -7.4069e-02 +6.6617e-02
24658 0 +1.454371686e-02 +4.702454372e+01 +4.702454372e+01 -2.9054e-01 -8.4000e-02 +7.1326e-02
24698 0 +1.387495959e-02 +4.702387496e+01 +4.702387496e+01 -2.9660e-01 -9.4940e-02 +7.5995e-02
24772 0 +1.380187750e-02 +4.702380188e+01 +4.702380188e+01 -3.0095e-01 -1.0151e-01 +7.8835e-02
24832 0 +1.334503494e-02 +4.702334503e+01 +4.702334503e+01 -3.0768e-01 -1.0988e-01 +8.3006e-02
24903 0 +1.315511272e-02 +4.702315511e+01 +4.702315511e+01 -3.1039e-01 -1.1586e-01 +8.5488e-02
25017 0 +1.262853177e-02 +4.702262853e+01 +4.702262853e+01 -3.1481e-01 -1.2290e-01 +8.8873e-02
25093 0 +1.249068417e-02 +4.702249068e+01 +4.702249068e+01 -3.1723e-01 -1.2842e-01 +9.1194e-02
25155 0 +1.192421970e-02 +4.702192422e+01 +4.702192422e+01 -3.2445e-01 -1.4145e-01 +9.7254e-02
25267 0 +1.171989182e-02 +4.702171989e+01 +4.702171989e+01 -3.2828e-01 -1.4791e-01 +1.0032e-01
25475 0 +1.143604750e-02 +4.702143605e+01 +4.702143605e+01 -3.3530e-01 -1.6199e-01 +1.0684e-01
25530 0 +1.121238593e-02 +4.702121239e+01 +4.702121239e+01 -3.3692e-01 -1.6215e-01 +1.0733e-01
25608 0 +1.089691339e-02 +4.702089691e+01 +4.702089691e+01 -3.4268e-01 -1.7241e-01 +1.1225e-01
25648 0 +1.069712617e-02 +4.702069713e+01 +4.702069713e+01 -3.4712e-01 -1.7918e-01 +1.1569e-01
25796 0 +1.025414942e-02 +4.702025415e+01 +4.702025415e+01 -3.5830e-01 -2.0139e-01 +1.2651e-01
25816 0 +1.019572504e-02 +4.702019573e+01 +4.702019573e+01 -3.5968e-01 -2.0015e-01 +1.2629e-01
25876 0 +9.964319143e-03 +4.701996432e+01 +4.701996432e+01 -3.7094e-01 -2.2597e-01 +1.3884e-01
25930 0 +9.752187807e-03 +4.701975219e+01 +4.701975219e+01 -3.7099e-01 -2.2140e-01 +1.3706e-01
26124 0 +9.545825500e-03 +4.701954583e+01 +4.701954583e+01 -3.8018e-01 -2.3637e-01 +1.4497e-01
26178 0 +9.273922800e-03 +4.701927392e+01 +4.701927392e+01 -3.8713e-01 -2.5178e-01 +1.5283e-01
26311 0 +9.114043183e-03 +4.701911404e+01 +4.701911404e+01 -3.9339e-01 -2.6412e-01 +1.5938e-01
26499 0 +8.901468027e-03 +4.701890147e+01 +4.701890147e+01 -4.0372e-01 -2.8019e-01 +1.6842e-01
26803 0 +8.698197605e-03 +4.701869820e+01 +4.701869820e+01 -4.1467e-01 -3.0082e-01 +1.7976e-01
27088 0 +8.497931315e-03 +4.701849793e+01 +4.701849793e+01 -4.2585e-01 -3.2335e-01 +1.9228e-01
27716 0 +8.316888842e-03 +4.701831689e+01 +4.701831689e+01 -4.3963e-01 -3.5053e-01 +2.0773e-01
28097 0 +8.122000700e-03 +4.701812200e+01 +4.701812200e+01 -4.6209e-01 -3.9587e-01 +2.3422e-01
29121 0 +7.942257514e-03 +4.701794226e+01 +4.701794226e+01 -4.9462e-01 -4.6695e-01 +2.7712e-01
% f evaluations | g evaluations | best noise-free fitness - Fopt (3.758000000000e+01) + sum g_i+ | measured fitness | best measured fitness or single-digit g-values | x1 | x2...
1 0 +2.310050016e+01 +6.068050016e+01 +6.068050016e+01 -3.3504e+00 -1.5240e+00 -2.0135e+00
2 0 +4.558133385e+00 +4.213813338e+01 +4.213813338e+01 +1.2346e+00 +6.7675e-01 +3.8745e+00
32 0 +4.063571396e+00 +4.164357140e+01 +4.164357140e+01 -4.5805e-01 +8.8216e-02 +2.5852e-01
91 0 +3.434873121e+00 +4.101487312e+01 +4.101487312e+01 -5.5600e-01 -1.4813e-01 +2.8928e-01
93 0 +2.182982202e+00 +3.976298220e+01 +3.976298220e+01 -3.9576e-01 +7.2573e-03 +1.1544e-01
127 0 +1.145445132e+00 +3.872544513e+01 +3.872544513e+01 -1.9960e-01 +1.0897e-01 +1.1996e-01
206 0 +5.716325414e-01 +3.815163254e+01 +3.815163254e+01 -1.2763e-01 +4.9787e-02 +4.8334e-01
228 0 +1.749986437e-01 +3.775499864e+01 +3.775499864e+01 -6.2000e-02 +9.4256e-02 +6.8742e-01
262 0 +1.057443844e-01 +3.768574438e+01 +3.768574438e+01 -2.8961e-01 +4.8188e-02 +7.1322e-01
301 0 +6.882598655e-02 +3.764882599e+01 +3.764882599e+01 -3.0456e-01 -1.5214e-01 +1.0043e+00
7539 0 +5.066982329e-02 +3.763066982e+01 +3.763066982e+01 -1.2853e-01 +1.1404e+00 +3.2423e-01
7619 0 +4.952166402e-02 +3.762952166e+01 +3.762952166e+01 -1.3247e-01 +1.0804e+00 +3.1160e-01
8282 0 +4.205797190e-02 +3.762205797e+01 +3.762205797e+01 -1.2322e-01 +1.1668e+00 +3.9690e-01
8299 0 +3.955098584e-02 +3.761955099e+01 +3.761955099e+01 -1.2740e-01 +1.1682e+00 +3.9061e-01
16377 0 +2.311146863e-02 +3.760311147e+01 +3.760311147e+01 -2.4368e-01 -3.1782e-01 +1.3236e-01
16473 0 +1.530509602e-02 +3.759530510e+01 +3.759530510e+01 -2.4309e-01 -3.1781e-01 +1.5794e-01
16543 0 +1.170926460e-02 +3.759170926e+01 +3.759170926e+01 -2.4542e-01 -3.2975e-01 +1.6880e-01
16606 0 +1.070960968e-02 +3.759070961e+01 +3.759070961e+01 -2.6500e-01 -3.4637e-01 +2.2877e-01
16620 0 +8.557192130e-03 +3.758855719e+01 +3.758855719e+01 -2.5588e-01 -3.4544e-01 +2.2968e-01
16642 0 +6.855850391e-03 +3.758685585e+01 +3.758685585e+01 -2.6225e-01 -3.4572e-01 +2.3597e-01
16659 0 +6.694487826e-03 +3.758669449e+01 +3.758669449e+01 -2.5762e-01 -3.4276e-01 +2.4351e-01
16660 0 +6.066234149e-03 +3.758606623e+01 +3.758606623e+01 -2.6049e-01 -3.4733e-01 +2.5699e-01
16695 0 +5.924061173e-03 +3.758592406e+01 +3.758592406e+01 -2.6148e-01 -3.4295e-01 +2.4125e-01
16699 0 +5.326483562e-03 +3.758532648e+01 +3.758532648e+01 -2.6700e-01 -3.5558e-01 +2.7582e-01
16735 0 +4.617664321e-03 +3.758461766e+01 +3.758461766e+01 -2.6703e-01 -3.5498e-01 +2.9202e-01
16736 0 +2.733011922e-03 +3.758273301e+01 +3.758273301e+01 -2.7437e-01 -3.5979e-01 +3.1753e-01
16756 0 +1.775319577e-03 +3.758177532e+01 +3.758177532e+01 -2.8523e-01 -3.7335e-01 +3.7348e-01
16777 0 +1.241849136e-03 +3.758124185e+01 +3.758124185e+01 -2.8752e-01 -3.7497e-01 +3.8985e-01
16908 0 +9.975784176e-04 +3.758099758e+01 +3.758099758e+01 -2.8756e-01 -3.7376e-01 +3.9746e-01
16942 0 +8.110700965e-04 +3.758081107e+01 +3.758081107e+01 -2.9361e-01 -3.8339e-01 +4.3852e-01
16961 0 +3.810866312e-04 +3.758038109e+01 +3.758038109e+01 -2.9691e-01 -3.8246e-01 +4.5268e-01
16980 0 +2.876750310e-04 +3.758028768e+01 +3.758028768e+01 -3.0128e-01 -3.8618e-01 +4.7434e-01
16986 0 +2.423495723e-04 +3.758024235e+01 +3.758024235e+01 -3.0173e-01 -3.8655e-01 +4.8071e-01
17019 0 +1.842682912e-04 +3.758018427e+01 +3.758018427e+01 -3.0308e-01 -3.9109e-01 +4.9616e-01
17020 0 +3.596829677e-05 +3.758003597e+01 +3.758003597e+01 -3.1128e-01 -4.0001e-01 +5.5937e-01
17098 0 +2.644270921e-05 +3.758002644e+01 +3.758002644e+01 -3.1344e-01 -4.0352e-01 +5.7705e-01
17099 0 +2.275796131e-05 +3.758002276e+01 +3.758002276e+01 -3.1418e-01 -4.0407e-01 +5.8148e-01
17100 0 +2.111445133e-05 +3.758002111e+01 +3.758002111e+01 -3.1391e-01 -4.0290e-01 +5.7907e-01
17116 0 +1.266840846e-05 +3.758001267e+01 +3.758001267e+01 -3.1956e-01 -4.0805e-01 +6.2553e-01
17133 0 +3.381072915e-06 +3.758000338e+01 +3.758000338e+01 -3.2271e-01 -4.1399e-01 +6.5628e-01
17172 0 +2.342850216e-06 +3.758000234e+01 +3.758000234e+01 -3.1873e-01 -4.0927e-01 +6.2816e-01
17189 0 +1.122048168e-06 +3.758000112e+01 +3.758000112e+01 -3.2225e-01 -4.1466e-01 +6.5847e-01
17266 0 +6.061722004e-07 +3.758000061e+01 +3.758000061e+01 -3.2084e-01 -4.1259e-01 +6.4963e-01
17304 0 +9.079784036e-09 +3.758000001e+01 +3.758000001e+01 -3.2399e-01 -4.1709e-01 +6.8224e-01
% f evaluations | g evaluations | best noise-free fitness - Fopt (6.440000000000e+01) + sum g_i+ | measured fitness | best measured fitness or single-digit g-values | x1 | x2...
1 0 +2.755798750e+01 +9.195798750e+01 +9.195798750e+01 +5.4197e-01 +2.1093e+00 -2.9436e+00
3 0 +1.916150866e+01 +8.356150866e+01 +8.356150866e+01 -1.5631e+00 -2.2210e+00 +3.0948e+00
9 0 +8.825457040e+00 +7.322545704e+01 +7.322545704e+01 +1.8315e+00 +1.0752e+00 -3.4638e+00
14 0 +5.654567878e+00 +7.005456788e+01 +7.005456788e+01 -2.6587e-01 +2.5526e-01 -4.8878e-02
18 0 +2.914505348e+00 +6.731450535e+01 +6.731450535e+01 +1.5409e-01 -2.2235e-01 -3.4896e-04
32 0 +4.125546714e-01 +6.481255467e+01 +6.481255467e+01 -9.3468e-02 -6.9013e-02 +5.8723e-02
605 0 +3.762866751e-01 +6.477628668e+01 +6.477628668e+01 +4.9446e-02 +1.3517e-01 -3.4105e-01
625 0 +3.611323116e-01 +6.476113231e+01 +6.476113231e+01 +1.0262e-01 +1.4151e-01 -3.3588e-01
679 0 +2.479380265e-01 +6.464793803e+01 +6.464793803e+01 +4.3797e-02 +1.3210e-01 -3.2312e-01
735 0 +2.187859073e-01 +6.461878591e+01 +6.461878591e+01 +1.9793e-02 +1.2435e-01 -3.1980e-01
759 0 +1.769474901e-01 +6.457694749e+01 +6.457694749e+01 -1.0264e-02 +1.2501e-01 -3.0591e-01
776 0 +1.669751141e-01 +6.456697511e+01 +6.456697511e+01 -3.2346e-02 +1.2196e-01 -3.0900e-01
795 0 +1.644761869e-01 +6.456447619e+01 +6.456447619e+01 -8.4057e-02 +1.2059e-01 -2.7848e-01
813 0 +1.216809200e-01 +6.452168092e+01 +6.452168092e+01 -1.1652e-01 +1.0478e-01 -2.9172e-01
814 0 +8.677572873e-02 +6.448677573e+01 +6.448677573e+01 -1.3639e-01 +1.0863e-01 -2.7616e-01
887 0 +5.957655590e-02 +6.445957656e+01 +6.445957656e+01 -2.5162e-01 +9.6116e-02 -2.5096e-01
891 0 +4.841536475e-02 +6.444841536e+01 +6.444841536e+01 -2.7797e-01 +9.5617e-02 -2.3304e-01
907 0 +3.187357115e-02 +6.443187357e+01 +6.443187357e+01 -2.7785e-01 +8.4438e-02 -2.2800e-01
925 0 +2.813244576e-02 +6.442813245e+01 +6.442813245e+01 -3.1196e-01 +7.4290e-02 -2.0450e-01
927 0 +2.466028583e-02 +6.442466029e+01 +6.442466029e+01 -3.3887e-01 +7.1595e-02 -2.0508e-01
965 0 +1.441335609e-02 +6.441441336e+01 +6.441441336e+01 -4.0335e-01 +7.2599e-02 -1.8303e-01
1043 0 +1.381482577e-02 +6.441381483e+01 +6.441381483e+01 -4.6757e-01 +5.8422e-02 -1.5562e-01
1061 0 +1.367800604e-02 +6.441367801e+01 +6.441367801e+01 -4.1705e-01 +7.1030e-02 -1.6446e-01
1064 0 +1.274329602e-02 +6.441274330e+01 +6.441274330e+01 -4.4437e-01 +5.7164e-02 -1.5962e-01
1078 0 +7.618955200e-03 +6.440761896e+01 +6.440761896e+01 -4.9142e-01 +5.7639e-02 -1.4230e-01
1079 0 +6.848045771e-03 +6.440684805e+01 +6.440684805e+01 -4.5469e-01 +6.2100e-02 -1.5266e-01
1098 0 +6.636065079e-03 +6.440663607e+01 +6.440663607e+01 -4.6327e-01 +5.7254e-02 -1.4576e-01
1119 0 +5.855135719e-03 +6.440585514e+01 +6.440585514e+01 -4.8472e-01 +5.3575e-02 -1.3615e-01
1120 0 +4.908755259e-03 +6.440490876e+01 +6.440490876e+01 -4.9474e-01 +5.5857e-02 -1.3497e-01
1138 0 +4.545221361e-03 +6.440454522e+01 +6.440454522e+01 -5.4270e-01 +4.9654e-02 -1.1514e-01
1153 0 +4.440640299e-03 +6.440444064e+01 +6.440444064e+01 -5.4806e-01 +4.7088e-02 -1.1082e-01
1156 0 +3.792483848e-03 +6.440379248e+01 +6.440379248e+01 -5.6373e-01 +4.7125e-02 -1.0455e-01
1158 0 +3.281222317e-03 +6.440328122e+01 +6.440328122e+01 -5.4405e-01 +5.1173e-02 -1.1317e-01
1173 0 +2.765391052e-03 +6.440276539e+01 +6.440276539e+01 -5.4035e-01 +5.3258e-02 -1.1181e-01
1175 0 +2.272080873e-03 +6.440227208e+01 +6.440227208e+01 -6.0941e-01 +4.5035e-02 -8.1860e-02
1211 0 +9.793190051e-04 +6.440097932e+01 +6.440097932e+01 -6.0891e-01 +4.2459e-02 -7.2270e-02
1287 0 +7.910144916e-04 +6.440079101e+01 +6.440079101e+01 -6.7224e-01 +3.7629e-02 -4.3959e-02
1305 0 +7.755243425e-04 +6.440077552e+01 +6.440077552e+01 -6.9225e-01 +3.3370e-02 -3.4668e-02
1325 0 +6.030886044e-04 +6.440060309e+01 +6.440060309e+01 -6.3564e-01 +3.8744e-02 -5.8437e-02
1326 0 +3.588326225e-04 +6.440035883e+01 +6.440035883e+01 -6.8763e-01 +2.9331e-02 -2.9964e-02
1347 0 +2.128352997e-04 +6.440021284e+01 +6.440021284e+01 -6.9228e-01 +3.0602e-02 -2.7513e-02
1349 0 +1.483164417e-04 +6.440014832e+01 +6.440014832e+01 -7.4409e-01 +2.3105e-02 +1.2963e-03
1365 0 +6.603578946e-05 +6.440006604e+01 +6.440006604e+01 -7.7108e-01 +2.1799e-02 +1.6024e-02
1403 0 +2.941324730e-05 +6.440002941e+01 +6.440002941e+01 -7.5899e-01 +2.2462e-02 +1.2695e-02
1443 0 +2.242762918e-05 +6.440002243e+01 +6.440002243e+01 -7.6833e-01 +2.2244e-02 +1.8626e-02
1477 0 +1.014876419e-05 +6.440001015e+01 +6.440001015e+01 -7.9163e-01 +1.8930e-02 +3.1057e-02
1515 0 +6.907646295e-06 +6.440000691e+01 +6.440000691e+01 -8.0307e-01 +1.8288e-02 +3.7648e-02
1554 0 +2.522922017e-06 +6.440000252e+01 +6.440000252e+01 -8.1941e-01 +1.6116e-02 +4.8187e-02
1592 0 +1.398385109e-06 +6.440000140e+01 +6.440000140e+01 -8.2694e-01 +1.4080e-02 +5.4527e-02
1596 0 +6.240251054e-07 +6.440000062e+01 +6.440000062e+01 -8.3821e-01 +1.3080e-02 +6.0556e-02
1669 0 +4.502563939e-07 +6.440000045e+01 +6.440000045e+01 -8.6442e-01 +1.0567e-02 +7.6735e-02
1691 0 +2.794324843e-07 +6.440000028e+01 +6.440000028e+01 -8.7348e-01 +8.8009e-03 +8.4293e-02
1743 0 +1.249322139e-07 +6.440000012e+01 +6.440000012e+01 -8.4667e-01 +1.2220e-02 +6.6544e-02
1801 0 +9.609641438e-08 +6.440000010e+01 +6.440000010e+01 -8.6725e-01 +9.5817e-03 +7.9184e-02
1824 0 +5.963809713e-08 +6.440000006e+01 +6.440000006e+01 -8.5332e-01 +1.1626e-02 +7.0513e-02
1916 0 +1.048354648e-08 +6.440000001e+01 +6.440000001e+01 -8.6629e-01 +9.9250e-03 +7.8980e-02
1952 0 +5.274117143e-09 +6.440000001e+01 +6.440000001e+01 -8.6013e-01 +1.0593e-02 +7.5044e-02
% f evaluations | g evaluations | best noise-free fitness - Fopt (4.033700000000e+02) + sum g_i+ | measured fitness | best measured fitness or single-digit g-values | x1 | x2...
1 0 +6.119300029e+01 +4.645630003e+02 +4.645630003e+02 +3.9426e+00 +5.6206e-01 -3.5994e+00
5 0 +1.913101002e+01 +4.225010100e+02 +4.225010100e+02 +3.1500e+00 +2.0196e+00 +4.7216e-01
9 0 +3.305103851e+00 +4.066751039e+02 +4.066751039e+02 -1.6326e+00 +2.2588e+00 -1.7271e+00
19 0 +2.611286846e+00 +4.059812868e+02 +4.059812868e+02 -5.8248e-02 -2.0747e-01 +4.9510e-01
71 0 +1.897859892e+00 +4.052678599e+02 +4.052678599e+02 -1.1380e-01 -4.3995e-01 -1.9687e-01
89 0 +5.722020413e-01 +4.039422020e+02 +4.039422020e+02 +2.4571e-01 -2.4433e-01 -1.8788e-01
130 0 +2.466583376e-01 +4.036166583e+02 +4.036166583e+02 -3.0196e-01 -6.1915e-01 -3.3250e-01
266 0 +2.145468905e-01 +4.035845469e+02 +4.035845469e+02 -2.2003e-01 -7.1736e-01 -2.2802e-01
361 0 +1.339546882e-01 +4.035039547e+02 +4.035039547e+02 -1.2725e-01 -5.8986e-01 -1.5683e-01
397 0 +9.622942642e-02 +4.034662294e+02 +4.034662294e+02 -1.3108e-01 -6.0295e-01 -1.7163e-01
454 0 +8.404912209e-02 +4.034540491e+02 +4.034540491e+02 -1.4055e-01 -6.0478e-01 -1.8393e-01
527 0 +8.122517543e-02 +4.034512252e+02 +4.034512252e+02 -1.4218e-01 -6.0469e-01 -1.8381e-01
697 0 +7.864311325e-02 +4.034486431e+02 +4.034486431e+02 -1.3788e-01 -6.0435e-01 -1.8087e-01
849 0 +7.650180578e-02 +4.034465018e+02 +4.034465018e+02 -1.3285e-01 -6.0473e-01 -1.7784e-01
893 0 +7.557939053e-02 +4.034455794e+02 +4.034455794e+02 -1.3282e-01 -6.0381e-01 -1.7680e-01
927 0 +7.263724450e-02 +4.034426372e+02 +4.034426372e+02 -1.2384e-01 -6.0221e-01 -1.6888e-01
950 0 +7.119060041e-02 +4.034411906e+02 +4.034411906e+02 -1.2456e-01 -6.0125e-01 -1.6851e-01
966 0 +7.065850863e-02 +4.034406585e+02 +4.034406585e+02 -1.2030e-01 -6.0026e-01 -1.6409e-01
982 0 +6.889406222e-02 +4.034388941e+02 +4.034388941e+02 -1.1864e-01 -6.0049e-01 -1.6436e-01
1039 0 +6.728236227e-02 +4.034372824e+02 +4.034372824e+02 -1.1632e-01 -5.9819e-01 -1.5951e-01
1041 0 +6.566690579e-02 +4.034356669e+02 +4.034356669e+02 -1.1020e-01 -5.9796e-01 -1.5578e-01
1063 0 +6.395381474e-02 +4.034339538e+02 +4.034339538e+02 -1.0351e-01 -5.9674e-01 -1.5059e-01
1100 0 +6.268921821e-02 +4.034326892e+02 +4.034326892e+02 -9.9320e-02 -5.9622e-01 -1.4823e-01
1117 0 +5.719463311e-02 +4.034271946e+02 +4.034271946e+02 -8.7421e-02 -5.9094e-01 -1.3477e-01
1195 0 +5.584143645e-02 +4.034258414e+02 +4.034258414e+02 -8.6737e-02 -5.8826e-01 -1.3082e-01
1211 0 +5.472612053e-02 +4.034247261e+02 +4.034247261e+02 -6.8574e-02 -5.8314e-01 -1.1508e-01
1234 0 +5.095337859e-02 +4.034209534e+02 +4.034209534e+02 -7.7255e-02 -5.8511e-01 -1.2299e-01
1254 0 +4.962725141e-02 +4.034196273e+02 +4.034196273e+02 -7.1382e-02 -5.8246e-01 -1.1633e-01
1305 0 +4.575160757e-02 +4.034157516e+02 +4.034157516e+02 -5.6679e-02 -5.7878e-01 -1.0571e-01
1325 0 +4.466693989e-02 +4.034146669e+02 +4.034146669e+02 -5.0015e-02 -5.7528e-01 -9.9002e-02
1329 0 +4.212143018e-02 +4.034121214e+02 +4.034121214e+02 -5.0076e-02 -5.7360e-01 -9.6268e-02
1383 0 +4.137792132e-02 +4.034113779e+02 +4.034113779e+02 -4.4495e-02 -5.7135e-01 -9.1719e-02
1590 0 +4.053016950e-02 +4.034105302e+02 +4.034105302e+02 -3.9090e-02 -5.6860e-01 -8.5114e-02
1611 0 +3.978105454e-02 +4.034097811e+02 +4.034097811e+02 -3.9731e-02 -5.6867e-01 -8.5669e-02
1686 0 +3.862486462e-02 +4.034086249e+02 +4.034086249e+02 -3.7031e-02 -5.6608e-01 -8.1633e-02
1743 0 +3.794570079e-02 +4.034079457e+02 +4.034079457e+02 -3.3993e-02 -5.6680e-01 -8.1497e-02
1800 0 +3.714013454e-02 +4.034071401e+02 +4.034071401e+02 -2.9245e-02 -5.6249e-01 -7.4086e-02
1805 0 +3.550889330e-02 +4.034055089e+02 +4.034055089e+02 -2.3384e-02 -5.6170e-01 -7.1059e-02
1824 0 +3.434598947e-02 +4.034043460e+02 +4.034043460e+02 -1.9727e-02 -5.5792e-01 -6.5193e-02
1841 0 +3.354548750e-02 +4.034035455e+02 +4.034035455e+02 -1.4809e-02 -5.5574e-01 -6.0694e-02
1876 0 +3.232528248e-02 +4.034023253e+02 +4.034023253e+02 -1.1460e-02 -5.5308e-01 -5.6596e-02
1895 0 +3.140153762e-02 +4.034014015e+02 +4.034014015e+02 -7.3083e-03 -5.5206e-01 -5.3905e-02
1918 0 +2.993054029e-02 +4.033999305e+02 +4.033999305e+02 +5.5150e-03 -5.4706e-01 -4.3481e-02
1933 0 +2.926616137e-02 +4.033992662e+02 +4.033992662e+02 +6.8938e-03 -5.4278e-01 -3.8186e-02
1989 0 +2.796438940e-02 +4.033979644e+02 +4.033979644e+02 +9.0559e-03 -5.4219e-01 -3.7107e-02
2030 0 +2.748057979e-02 +4.033974806e+02 +4.033974806e+02 +1.2594e-02 -5.4113e-01 -3.4666e-02
2068 0 +2.647214316e-02 +4.033964721e+02 +4.033964721e+02 +1.7530e-02 -5.3762e-01 -2.9172e-02
2141 0 +2.626066435e-02 +4.033962607e+02 +4.033962607e+02 +1.9079e-02 -5.3701e-01 -2.7960e-02
2180 0 +2.565197206e-02 +4.033956520e+02 +4.033956520e+02 +2.3131e-02 -5.3406e-01 -2.3306e-02
2200 0 +2.510444787e-02 +4.033951044e+02 +4.033951044e+02 +2.5524e-02 -5.3158e-01 -2.0004e-02
2236 0 +2.328554841e-02 +4.033932855e+02 +4.033932855e+02 +3.8017e-02 -5.2350e-01 -7.3180e-03
2293 0 +2.280744148e-02 +4.033928074e+02 +4.033928074e+02 +4.2646e-02 -5.2234e-01 -4.4752e-03
2351 0 +2.226779156e-02 +4.033922678e+02 +4.033922678e+02 +4.6180e-02 -5.2038e-01 -1.6576e-03
2352 0 +2.181335255e-02 +4.033918134e+02 +4.033918134e+02 +5.2611e-02 -5.1668e-01 +4.5865e-03
2388 0 +2.059129990e-02 +4.033905913e+02 +4.033905913e+02 +6.1481e-02 -5.1089e-01 +1.3142e-02
2464 0 +2.013641700e-02 +4.033901364e+02 +4.033901364e+02 +6.0292e-02 -5.0954e-01 +1.3816e-02
2503 0 +1.913764909e-02 +4.033891376e+02 +4.033891376e+02 +6.9393e-02 -5.0285e-01 +2.3348e-02
2544 0 +1.897118567e-02 +4.033889712e+02 +4.033889712e+02 +7.1576e-02 -5.0254e-01 +2.4369e-02
2583 0 +1.853731960e-02 +4.033885373e+02 +4.033885373e+02 +7.4880e-02 -5.0029e-01 +2.7393e-02
2656 0 +1.792745347e-02 +4.033879275e+02 +4.033879275e+02 +8.1106e-02 -4.9584e-01 +3.3700e-02
2712 0 +1.761910034e-02 +4.033876191e+02 +4.033876191e+02 +8.5801e-02 -4.9252e-01 +3.8353e-02
2774 0 +1.705707103e-02 +4.033870571e+02 +4.033870571e+02 +8.9759e-02 -4.8899e-01 +4.2786e-02
2811 0 +1.670559296e-02 +4.033867056e+02 +4.033867056e+02 +9.4916e-02 -4.8578e-01 +4.7353e-02
2844 0 +1.655186772e-02 +4.033865519e+02 +4.033865519e+02 +9.5221e-02 -4.8574e-01 +4.7374e-02
2850 0 +1.602611859e-02 +4.033860261e+02 +4.033860261e+02 +1.0177e-01 -4.8053e-01 +5.4181e-02
2882 0 +1.567889746e-02 +4.033856789e+02 +4.033856789e+02 +1.0550e-01 -4.7581e-01 +5.9318e-02
2887 0 +1.543501399e-02 +4.033854350e+02 +4.033854350e+02 +1.0748e-01 -4.7433e-01 +6.1346e-02
2920 0 +1.509428562e-02 +4.033850943e+02 +4.033850943e+02 +1.2539e-01 -4.5947e-01 +7.9983e-02
2959 0 +1.449289960e-02 +4.033844929e+02 +4.033844929e+02 +1.2071e-01 -4.6495e-01 +7.3646e-02
2977 0 +1.442498506e-02 +4.033844250e+02 +4.033844250e+02 +1.3512e-01 -4.5761e-01 +8.4024e-02
2982 0 +1.405436981e-02 +4.033840544e+02 +4.033840544e+02 +1.2707e-01 -4.5929e-01 +8.0411e-02
2983 0 +1.375158836e-02 +4.033837516e+02 +4.033837516e+02 +1.3931e-01 -4.5049e-01 +9.1595e-02
3096 0 +1.347729968e-02 +4.033834773e+02 +4.033834773e+02 +1.3451e-01 -4.5321e-01 +8.7629e-02
3148 0 +1.316026673e-02 +4.033831603e+02 +4.033831603e+02 +1.4242e-01 -4.4525e-01 +9.6577e-02
3206 0 +1.271527492e-02 +4.033827153e+02 +4.033827153e+02 +1.4905e-01 -4.4010e-01 +1.0275e-01
3227 0 +1.236855605e-02 +4.033823686e+02 +4.033823686e+02 +1.5643e-01 -4.3465e-01 +1.0948e-01
3247 0 +1.214256195e-02 +4.033821426e+02 +4.033821426e+02 +1.5813e-01 -4.3428e-01 +1.1013e-01
3323 0 +1.200340441e-02 +4.033820034e+02 +4.033820034e+02 +1.6120e-01 -4.3178e-01 +1.1306e-01
3361 0 +1.174017293e-02 +4.033817402e+02 +4.033817402e+02 +1.6683e-01 -4.2701e-01 +1.1847e-01
3457 0 +1.143909261e-02 +4.033814391e+02 +4.033814391e+02 +1.7707e-01 -4.1779e-01 +1.2877e-01
3528 0 +1.117594967e-02 +4.033811759e+02 +4.033811759e+02 +1.9009e-01 -4.0718e-01 +1.4068e-01
3553 0 +1.088116283e-02 +4.033808812e+02 +4.033808812e+02 +1.8757e-01 -4.0749e-01 +1.3964e-01
3704 0 +1.069462684e-02 +4.033806946e+02 +4.033806946e+02 +1.9447e-01 -4.0317e-01 +1.4478e-01
3873 0 +1.041330536e-02 +4.033804133e+02 +4.033804133e+02 +2.0168e-01 -3.9607e-01 +1.5215e-01
4007 0 +1.013348698e-02 +4.033801335e+02 +4.033801335e+02 +2.1045e-01 -3.8770e-01 +1.6084e-01
4028 0 +9.980184295e-03 +4.033799802e+02 +4.033799802e+02 +2.1532e-01 -3.8226e-01 +1.6623e-01
4080 0 +9.758463594e-03 +4.033797585e+02 +4.033797585e+02 +2.2295e-01 -3.7483e-01 +1.7367e-01
4234 0 +9.516328240e-03 +4.033795163e+02 +4.033795163e+02 +2.3492e-01 -3.6146e-01 +1.8658e-01
4369 0 +9.298909833e-03 +4.033792989e+02 +4.033792989e+02 +2.4432e-01 -3.5451e-01 +1.9398e-01
4575 0 +9.107454740e-03 +4.033791075e+02 +4.033791075e+02 +2.5560e-01 -3.4165e-01 +2.0600e-01
4858 0 +8.887692636e-03 +4.033788877e+02 +4.033788877e+02 +2.7120e-01 -3.2775e-01 +2.1955e-01
5030 0 +8.691752509e-03 +4.033786918e+02 +4.033786918e+02 +2.7950e-01 -3.1787e-01 +2.2832e-01
5353 0 +8.508606263e-03 +4.033785086e+02 +4.033785086e+02 +2.9676e-01 -3.0025e-01 +2.4443e-01
5733 0 +8.316627622e-03 +4.033783166e+02 +4.033783166e+02 +3.1633e-01 -2.7850e-01 +2.6345e-01
6363 0 +8.120244586e-03 +4.033781202e+02 +4.033781202e+02 +3.4608e-01 -2.4559e-01 +2.9142e-01
7690 0 +7.943046528e-03 +4.033779430e+02 +4.033779430e+02 +3.9920e-01 -1.8323e-01 +3.4143e-01
29697 0 +1.940589060e-03 +4.033719406e+02 +4.033719406e+02 +6.9207e-01 +3.3600e-01 +5.3875e-01
30055 0 +2.366549596e-04 +4.033702367e+02 +4.033702367e+02 +5.8549e-01 +1.6627e-01 +4.4147e-01
30071 0 +8.367722910e-05 +4.033700837e+02 +4.033700837e+02 +5.7368e-01 +1.5857e-01 +4.3272e-01
30171 0 +5.014273768e-05 +4.033700501e+02 +4.033700501e+02 +5.8814e-01 +1.8018e-01 +4.4403e-01
30224 0 +3.818156716e-05 +4.033700382e+02 +4.033700382e+02 +5.8521e-01 +1.7208e-01 +4.4118e-01
30226 0 +2.460707066e-05 +4.033700246e+02 +4.033700246e+02 +5.9317e-01 +1.8250e-01 +4.4824e-01
30229 0 +1.572232401e-05 +4.033700157e+02 +4.033700157e+02 +6.0286e-01 +1.9618e-01 +4.5644e-01
30321 0 +1.290333262e-05 +4.033700129e+02 +4.033700129e+02 +6.0952e-01 +2.0881e-01 +4.6477e-01
30342 0 +1.137959191e-05 +4.033700114e+02 +4.033700114e+02 +6.1049e-01 +2.0992e-01 +4.6561e-01
30379 0 +7.549790269e-06 +4.033700075e+02 +4.033700075e+02 +6.3023e-01 +2.3149e-01 +4.8029e-01
30396 0 +5.277149512e-06 +4.033700053e+02 +4.033700053e+02 +6.2248e-01 +2.2515e-01 +4.7665e-01
30454 0 +3.627389276e-06 +4.033700036e+02 +4.033700036e+02 +6.4010e-01 +2.4773e-01 +4.9271e-01
30492 0 +2.455957883e-06 +4.033700025e+02 +4.033700025e+02 +6.4198e-01 +2.5204e-01 +4.9377e-01
30493 0 +4.858330271e-07 +4.033700005e+02 +4.033700005e+02 +6.3834e-01 +2.4497e-01 +4.8999e-01
30532 0 +3.352679414e-07 +4.033700003e+02 +4.033700003e+02 +6.5612e-01 +2.6784e-01 +5.0533e-01
30551 0 +2.537770456e-07 +4.033700003e+02 +4.033700003e+02 +6.6580e-01 +2.8197e-01 +5.1365e-01
30552 0 +1.299301857e-07 +4.033700001e+02 +4.033700001e+02 +6.4586e-01 +2.5516e-01 +4.9656e-01
30701 0 +4.481444194e-08 +4.033700000e+02 +4.033700000e+02 +6.5772e-01 +2.7098e-01 +5.0684e-01
30742 0 +3.179508212e-08 +4.033700000e+02 +4.033700000e+02 +6.5840e-01 +2.7203e-01 +5.0731e-01
30755 0 +1.217352974e-08 +4.033700000e+02 +4.033700000e+02 +6.5540e-01 +2.6788e-01 +5.0458e-01
30757 0 +7.465132512e-09 +4.033700000e+02 +4.033700000e+02 +6.5263e-01 +2.6439e-01 +5.0236e-01
% f evaluations | g evaluations | best noise-free fitness - Fopt (-4.895600000000e+02) + sum g_i+ | measured fitness | best measured fitness or single-digit g-values | x1 | x2...
1 0 +1.965445563e+02 -2.930154437e+02 -2.930154437e+02 +4.8126e+00 +3.5327e+00 +3.3882e+00
2 0 +1.357490147e+02 -3.538109853e+02 -3.538109853e+02 -6.7930e-01 +4.7501e+00 -4.2320e+00
3 0 +2.780852341e+01 -4.617514766e+02 -4.617514766e+02 -3.1257e+00 +2.2565e-01 -1.8795e+00
4 0 +1.203357644e+01 -4.775264236e+02 -4.775264236e+02 +2.5552e+00 -3.5396e+00 +2.3799e-01
9 0 +6.222165269e+00 -4.833378347e+02 -4.833378347e+02 +2.6820e+00 +8.9677e-02 +6.7415e-01
15 0 +2.345556058e+00 -4.872144439e+02 -4.872144439e+02 +3.7899e-02 -2.3294e-01 +8.8725e-02
34 0 +8.078235985e-01 -4.887521764e+02 -4.887521764e+02 -7.4141e-02 +2.5177e-01 -2.9484e-01
56 0 +4.527722120e-01 -4.891072278e+02 -4.891072278e+02 +2.9464e-01 -4.0799e-01 +1.4068e-01
186 0 +3.123284330e-01 -4.892476716e+02 -4.892476716e+02 -6.7977e-02 +2.8151e-02 -3.7819e-01
285 0 +9.188494186e-02 -4.894681151e+02 -4.894681151e+02 -2.7695e-02 -5.9256e-02 +1.8963e-01
703 0 +5.587414724e-02 -4.895041259e+02 -4.895041259e+02 +5.1656e-02 -1.4255e-01 +1.0605e-01
1307 0 +3.251155070e-02 -4.895274884e+02 -4.895274884e+02 +3.6848e-02 +3.1603e-01 -1.7340e-01
9688 0 +2.505967266e-02 -4.895349403e+02 -4.895349403e+02 +5.5070e-02 -3.3220e-01 +3.0717e-02
14723 0 +2.068153002e-02 -4.895393185e+02 -4.895393185e+02 -1.7722e-01 -3.5828e-01 +7.9983e-02
43415 0 +1.623204868e-02 -4.895437680e+02 -4.895437680e+02 -1.6261e-01 -3.9326e-01 +6.1136e-02
43923 0 +1.435465424e-02 -4.895456453e+02 -4.895456453e+02 -1.7088e-01 -4.0601e-01 +7.0091e-02
