% f evaluations | g evaluations | best noise-free fitness - Fopt (3.590000000000e+01) + sum g_i+ | measured fitness | best measured fitness or single-digit g-values | x1 | x2...
1 0 +6.511024871e+01 +1.010102487e+02 +1.010102487e+02 -6.4282e-01 +1.7923e-01 -1.6932e+00
4 0 +5.916950873e+01 +9.506950873e+01 +9.506950873e+01 +1.2655e+00 -2.1405e+00 -4.3565e-01
5 0 +5.239504677e+01 +8.829504677e+01 +8.829504677e+01 -9.7834e-01 +1.4653e+00 -1.5305e+00
11 0 +4.125794871e+01 +7.715794871e+01 +7.715794871e+01 -7.7097e-01 +5.4022e-01 -5.9740e-01
24 0 +2.614385380e+01 +6.204385380e+01 +6.204385380e+01 +2.6380e+00 +3.2447e-01 +3.7715e-01
31 0 +2.421049001e+01 +6.011049001e+01 +6.011049001e+01 +2.3094e+00 +4.3345e-01 +3.6299e-01
37 0 +2.139325499e+01 +5.729325499e+01 +5.729325499e+01 +1.3420e+00 -2.0183e-02 +6.4132e-01
47 0 +1.568647299e+01 +5.158647299e+01 +5.158647299e+01 +2.7712e+00 +1.1583e+00 +9.1090e-01
49 0 +1.356973221e+01 +4.946973221e+01 +4.946973221e+01 +1.0672e+00 +1.1036e+00 +5.9967e-01
51 0 +8.140845500e+00 +4.404084550e+01 +4.404084550e+01 +1.9397e+00 +1.2653e+00 +1.1388e+00
69 0 +6.894141223e+00 +4.279414122e+01 +4.279414122e+01 +2.1369e+00 +5.7599e-02 +1.6767e+00
83 0 +1.661591488e+00 +3.756159149e+01 +3.756159149e+01 +3.4961e+00 +3.9887e-01 +2.6504e+00
147 0 +1.383616085e+00 +3.728361608e+01 +3.728361608e+01 +2.6122e+00 +1.0903e+00 +2.0971e+00
166 0 +7.269231445e-01 +3.662692314e+01 +3.662692314e+01 +2.8309e+00 +1.2474e+00 +2.3185e+00
168 0 +7.078316001e-01 +3.660783160e+01 +3.660783160e+01 +2.8334e+00 +1.0859e+00 +2.3306e+00
173 0 +6.436136312e-01 +3.654361363e+01 +3.654361363e+01 +2.6286e+00 +1.0383e+00 +2.2840e+00
175 0 +3.373424156e-01 +3.623734242e+01 +3.623734242e+01 +2.8866e+00 +1.0285e+00 +2.4548e+00
181 0 +6.353762527e-02 +3.596353763e+01 +3.596353763e+01 +2.6993e+00 +1.0999e+00 +2.4972e+00
225 0 +8.618866944e-03 +3.590861887e+01 +3.590861887e+01 +2.8036e+00 +1.0897e+00 +2.5767e+00
329 0 +5.021709431e-03 +3.590502171e+01 +3.590502171e+01 +2.8039e+00 +1.1024e+00 +2.5813e+00
333 0 +4.721600991e-03 +3.590472160e+01 +3.590472160e+01 +2.7818e+00 +1.1084e+00 +2.5692e+00
340 0 +3.170932123e-03 +3.590317093e+01 +3.590317093e+01 +2.7669e+00 +1.1098e+00 +2.5698e+00
347 0 +2.396584977e-03 +3.590239658e+01 +3.590239658e+01 +2.7852e+00 +1.1137e+00 +2.5768e+00
353 0 +5.723000683e-04 +3.590057230e+01 +3.590057230e+01 +2.7860e+00 +1.1032e+00 +2.5863e+00
396 0 +1.014256119e-04 +3.590010143e+01 +3.590010143e+01 +2.7835e+00 +1.1121e+00 +2.5862e+00
440 0 +2.622709364e-05 +3.590002623e+01 +3.590002623e+01 +2.7822e+00 +1.1131e+00 +2.5866e+00
524 0 +1.772362851e-05 +3.590001772e+01 +3.590001772e+01 +2.7823e+00 +1.1137e+00 +2.5867e+00
530 0 +7.024912996e-06 +3.590000702e+01 +3.590000702e+01 +2.7821e+00 +1.1126e+00 +2.5873e+00
545 0 +5.069966804e-06 +3.590000507e+01 +3.590000507e+01 +2.7821e+00 +1.1132e+00 +2.5871e+00
558 0 +4.781672608e-06 +3.590000478e+01 +3.590000478e+01 +2.7821e+00 +1.1132e+00 +2.5872e+00
560 0 +1.868120599e-06 +3.590000187e+01 +3.590000187e+01 +2.7819e+00 +1.1133e+00 +2.5872e+00
574 0 +9.210316279e-07 +3.590000092e+01 +3.590000092e+01 +2.7816e+00 +1.1136e+00 +2.5870e+00
604 0 +4.755749288e-07 +3.590000048e+01 +3.590000048e+01 +2.7817e+00 +1.1135e+00 +2.5871e+00
610 0 +3.767456604e-07 +3.590000038e+01 +3.590000038e+01 +2.7817e+00 +1.1134e+00 +2.5872e+00
640 0 +3.657393179e-07 +3.590000037e+01 +3.590000037e+01 +2.7816e+00 +1.1136e+00 +2.5871e+00
645 0 +2.053238291e-07 +3.590000021e+01 +3.590000021e+01 +2.7816e+00 +1.1136e+00 +2.5871e+00
646 0 +1.429785641e-07 +3.590000014e+01 +3.590000014e+01 +2.7816e+00 +1.1136e+00 +2.5871e+00
666 0 +1.162977910e-07 +3.590000012e+01 +3.590000012e+01 +2.7816e+00 +1.1136e+00 +2.5872e+00
678 0 +9.422801384e-08 +3.590000009e+01 +3.590000009e+01 +2.7816e+00 +1.1136e+00 +2.5872e+00
681 0 +9.191959549e-08 +3.590000009e+01 +3.590000009e+01 +2.7816e+00 +1.1136e+00 +2.5872e+00
720 0 +7.532290169e-08 +3.590000008e+01 +3.590000008e+01 +2.7816e+00 +1.1136e+00 +2.5872e+00
732 0 +6.537322861e-08 +3.590000007e+01 +3.590000007e+01 +2.7816e+00 +1.1136e+00 +2.5872e+00
736 0 +6.031257271e-08 +3.590000006e+01 +3.590000006e+01 +2.7816e+00 +1.1136e+00 +2.5872e+00
741 0 +5.238222656e-08 +3.590000005e+01 +3.590000005e+01 +2.7816e+00 +1.1136e+00 +2.5872e+00
744 0 +4.490254923e-08 +3.590000004e+01 +3.590000004e+01 +2.7816e+00 +1.1136e+00 +2.5872e+00
750 0 +2.908170416e-08 +3.590000003e+01 +3.590000003e+01 +2.7816e+00 +1.1136e+00 +2.5872e+00
763 0 +2.672148014e-08 +3.590000003e+01 +3.590000003e+01 +2.7816e+00 +1.1136e+00 +2.5872e+00
773 0 +1.760575685e-08 +3.590000002e+01 +3.590000002e+01 +2.7816e+00 +1.1136e+00 +2.5872e+00
781 0 +1.344844947e-08 +3.590000001e+01 +3.590000001e+01 +2.7816e+00 +1.1136e+00 +2.5872e+00
786 0 +1.170318598e-08 +3.590000001e+01 +3.590000001e+01 +2.7816e+00 +1.1136e+00 +2.5872e+00
808 0 +1.130481309e-08 +3.590000001e+01 +3.590000001e+01 +2.7816e+00 +1.1136e+00 +2.5872e+00
813 0 +9.713396310e-09 +3.590000001e+01 +3.590000001e+01 +2.7816e+00 +1.1136e+00 +2.5872e+00
% f evaluations | g evaluations | best noise-free fitness - Fopt (3.137000000000e+01) + sum g_i+ | measured fitness | best measured fitness or single-digit g-values | x1 | x2...
1 0 +4.879281278e+01 +8.016281278e+01 +8.016281278e+01 -3.6412e-01 -2.6514e-01 -2.1523e-01
8 0 +4.193905185e+01 +7.330905185e+01 +7.330905185e+01 +7.9343e-02 -7.1213e-01 -1.2793e+00
17 0 +3.537348764e+01 +6.674348764e+01 +6.674348764e+01 -9.4525e-01 +1.0178e+00 -2.5769e-01
22 0 +2.416342821e+01 +5.553342821e+01 +5.553342821e+01 -1.0321e+00 +1.3713e-01 -8.2417e-01
25 0 +2.306709393e+01 +5.443709393e+01 +5.443709393e+01 -1.1279e+00 +3.3791e-01 -9.3453e-01
34 0 +1.746633932e+01 +4.883633932e+01 +4.883633932e+01 -1.8453e-01 +7.5578e-01 -1.9488e+00
39 0 +1.313967809e+01 +4.450967809e+01 +4.450967809e+01 -2.8360e-01 +1.4867e+00 -1.9526e+00
45 0 +6.583204503e+00 +3.795320450e+01 +3.795320450e+01 -4.0544e-01 +1.5277e+00 -2.5457e+00
51 0 +6.199865059e+00 +3.756986506e+01 +3.756986506e+01 -4.6385e-01 +9.5320e-01 -2.6852e+00
55 0 +4.616293798e+00 +3.598629380e+01 +3.598629380e+01 -9.8647e-02 +2.6359e+00 -3.0902e+00
79 0 +2.786937832e+00 +3.415693783e+01 +3.415693783e+01 -1.1602e-01 +1.9407e+00 -3.2202e+00
94 0 +1.408950285e+00 +3.277895028e+01 +3.277895028e+01 +3.3956e-02 +2.2671e+00 -3.6254e+00
104 0 +9.905839323e-01 +3.236058393e+01 +3.236058393e+01 +1.7372e-01 +2.3430e+00 -3.9346e+00
108 0 +7.341396358e-01 +3.210413964e+01 +3.210413964e+01 -2.0465e-01 +2.2677e+00 -3.6407e+00
159 0 +6.894053600e-01 +3.205940536e+01 +3.205940536e+01 -5.4189e-02 +2.2013e+00 -3.7644e+00
160 0 +6.602313756e-01 +3.203023138e+01 +3.203023138e+01 +1.5609e-02 +2.2570e+00 -3.8636e+00
163 0 +2.299720641e-01 +3.159997206e+01 +3.159997206e+01 -8.9208e-02 +2.1362e+00 -3.9048e+00
164 0 +1.960113000e-01 +3.156601130e+01 +3.156601130e+01 -2.4613e-01 +1.9885e+00 -3.7338e+00
174 0 +7.473331998e-02 +3.144473332e+01 +3.144473332e+01 -1.5443e-01 +2.0113e+00 -3.9244e+00
246 0 +4.096157273e-02 +3.141096157e+01 +3.141096157e+01 -2.2002e-01 +1.9548e+00 -3.8635e+00
253 0 +2.148031326e-02 +3.139148031e+01 +3.139148031e+01 -2.6332e-01 +1.8851e+00 -3.8403e+00
277 0 +1.845038364e-02 +3.138845038e+01 +3.138845038e+01 -2.2106e-01 +1.9139e+00 -3.8930e+00
280 0 +7.382469820e-03 +3.137738247e+01 +3.137738247e+01 -2.8054e-01 +1.8911e+00 -3.8501e+00
300 0 +6.650233534e-03 +3.137665023e+01 +3.137665023e+01 -2.5981e-01 +1.9252e+00 -3.8722e+00
315 0 +1.460695740e-03 +3.137146070e+01 +3.137146070e+01 -2.6237e-01 +1.9051e+00 -3.8817e+00
354 0 +1.431930882e-03 +3.137143193e+01 +3.137143193e+01 -2.6968e-01 +1.8968e+00 -3.8742e+00
366 0 +3.799992452e-04 +3.137038000e+01 +3.137038000e+01 -2.7290e-01 +1.8994e+00 -3.8783e+00
418 0 +2.062136054e-04 +3.137020621e+01 +3.137020621e+01 -2.6840e-01 +1.8971e+00 -3.8843e+00
423 0 +1.736178183e-04 +3.137017362e+01 +3.137017362e+01 -2.6764e-01 +1.8986e+00 -3.8854e+00
461 0 +1.433984974e-04 +3.137014340e+01 +3.137014340e+01 -2.7085e-01 +1.8974e+00 -3.8818e+00
471 0 +1.058083308e-04 +3.137010581e+01 +3.137010581e+01 -2.7085e-01 +1.8955e+00 -3.8827e+00
481 0 +7.402620004e-05 +3.137007403e+01 +3.137007403e+01 -2.7167e-01 +1.8959e+00 -3.8821e+00
505 0 +7.069070215e-05 +3.137007069e+01 +3.137007069e+01 -2.7123e-01 +1.8986e+00 -3.8827e+00
509 0 +4.081951511e-05 +3.137004082e+01 +3.137004082e+01 -2.7089e-01 +1.8977e+00 -3.8835e+00
517 0 +1.258089580e-05 +3.137001258e+01 +3.137001258e+01 -2.7192e-01 +1.8962e+00 -3.8834e+00
536 0 +9.150573018e-06 +3.137000915e+01 +3.137000915e+01 -2.7167e-01 +1.8970e+00 -3.8836e+00
551 0 +8.614027831e-06 +3.137000861e+01 +3.137000861e+01 -2.7215e-01 +1.8961e+00 -3.8833e+00
555 0 +6.787972133e-06 +3.137000679e+01 +3.137000679e+01 -2.7203e-01 +1.8965e+00 -3.8834e+00
563 0 +6.492684925e-06 +3.137000649e+01 +3.137000649e+01 -2.7215e-01 +1.8967e+00 -3.8833e+00
604 0 +5.761301008e-06 +3.137000576e+01 +3.137000576e+01 -2.7176e-01 +1.8971e+00 -3.8837e+00
613 0 +2.966005543e-06 +3.137000297e+01 +3.137000297e+01 -2.7152e-01 +1.8971e+00 -3.8842e+00
655 0 +2.164526059e-06 +3.137000216e+01 +3.137000216e+01 -2.7168e-01 +1.8970e+00 -3.8840e+00
661 0 +1.891658268e-06 +3.137000189e+01 +3.137000189e+01 -2.7166e-01 +1.8970e+00 -3.8841e+00
664 0 +1.766192963e-06 +3.137000177e+01 +3.137000177e+01 -2.7176e-01 +1.8969e+00 -3.8840e+00
670 0 +9.381451491e-07 +3.137000094e+01 +3.137000094e+01 -2.7186e-01 +1.8968e+00 -3.8839e+00
677 0 +7.285767047e-07 +3.137000073e+01 +3.137000073e+01 -2.7194e-01 +1.8968e+00 -3.8839e+00
719 0 +4.330881147e-07 +3.137000043e+01 +3.137000043e+01 -2.7188e-01 +1.8970e+00 -3.8840e+00
727 0 +2.694602976e-07 +3.137000027e+01 +3.137000027e+01 -2.7187e-01 +1.8969e+00 -3.8841e+00
734 0 +1.992160925e-07 +3.137000020e+01 +3.137000020e+01 -2.7190e-01 +1.8969e+00 -3.8840e+00
766 0 +9.882323937e-08 +3.137000010e+01 +3.137000010e+01 -2.7201e-01 +1.8968e+00 -3.8839e+00
773 0 +5.302162265e-08 +3.137000005e+01 +3.137000005e+01 -2.7199e-01 +1.8968e+00 -3.8840e+00
783 0 +4.509501750e-08 +3.137000005e+01 +3.137000005e+01 -2.7199e-01 +1.8968e+00 -3.8840e+00
785 0 +1.071644107e-08 +3.137000001e+01 +3.137000001e+01 -2.7200e-01 +1.8968e+00 -3.8840e+00
865 0 +6.123013208e-09 +3.137000001e+01 +3.137000001e+01 -2.7199e-01 +1.8968e+00 -3.8840e+00
% f evaluations | g evaluations | best noise-free fitness - Fopt (-1.000000000000e+03) + sum g_i+ | measured fitness | best measured fitness or single-digit g-values | x1 | x2...
1 0 +5.674802599e+05 +5.664802599e+05 +5.664802599e+05 -4.7888e-01 -5.2372e+00 -4.8637e+00
2 0 +1.378230002e+05 +1.368230002e+05 +1.368230002e+05 +2.6518e+00 +9.5866e-01 +4.8895e-02
5 0 +1.972065223e+04 +1.872065223e+04 +1.872065223e+04 -2.2017e+00 -6.1634e-01 -1.4049e-01
15 0 +1.261851138e+04 +1.161851138e+04 +1.161851138e+04 -1.2981e+00 -1.5177e+00 +6.8646e-01
16 0 +1.199781644e+04 +1.099781644e+04 +1.099781644e+04 -1.8691e-01 -2.3575e+00 +2.5569e+00
24 0 +5.212278847e+03 +4.212278847e+03 +4.212278847e+03 +2.9300e-01 -2.7001e+00 +2.4774e+00
25 0 +4.994624993e+03 +3.994624993e+03 +3.994624993e+03 -1.6883e+00 -2.8946e+00 +3.3371e+00
27 0 +8.544263527e+00 -9.914557365e+02 -9.914557365e+02 -2.1574e+00 -3.1828e+00 +2.5773e+00
39 0 +5.008726344e+00 -9.949912737e+02 -9.949912737e+02 -1.9071e+00 -3.7764e+00 +3.3114e+00
42 0 +3.172751654e+00 -9.968272483e+02 -9.968272483e+02 -1.5538e+00 -3.9838e+00 +3.5058e+00
66 0 +2.751128827e+00 -9.972488712e+02 -9.972488712e+02 -1.3710e+00 -3.4712e+00 +2.9607e+00
115 0 +2.608038596e+00 -9.973919614e+02 -9.973919614e+02 -1.2508e+00 -3.4856e+00 +2.8145e+00
120 0 +9.382527670e-01 -9.990617472e+02 -9.990617472e+02 -7.2442e-01 -3.8557e+00 +3.1967e+00
159 0 +1.084882987e-01 -9.998915117e+02 -9.998915117e+02 -3.5341e-01 -3.4608e+00 +3.0118e+00
242 0 +8.843202454e-02 -9.999115680e+02 -9.999115680e+02 -3.7151e-01 -3.4318e+00 +2.9052e+00
249 0 +1.064120684e-02 -9.999893588e+02 -9.999893588e+02 -2.3395e-01 -3.3743e+00 +2.8592e+00
295 0 +9.502843307e-03 -9.999904972e+02 -9.999904972e+02 -2.4033e-01 -3.3420e+00 +2.8366e+00
314 0 +7.982806061e-03 -9.999920172e+02 -9.999920172e+02 -2.2544e-01 -3.3256e+00 +2.8211e+00
380 0 +3.863905279e-03 -9.999961361e+02 -9.999961361e+02 -2.1341e-01 -3.3375e+00 +2.8245e+00
390 0 +1.795163713e-03 -9.999982048e+02 -9.999982048e+02 -2.0495e-01 -3.3388e+00 +2.8274e+00
408 0 +1.378222746e-03 -9.999986218e+02 -9.999986218e+02 -1.9821e-01 -3.3413e+00 +2.8274e+00
423 0 +9.117766779e-04 -9.999990882e+02 -9.999990882e+02 -1.9817e-01 -3.3391e+00 +2.8288e+00
446 0 +6.044752183e-04 -9.999993955e+02 -9.999993955e+02 -1.9576e-01 -3.3372e+00 +2.8271e+00
457 0 +5.472519349e-04 -9.999994527e+02 -9.999994527e+02 -1.9771e-01 -3.3357e+00 +2.8313e+00
464 0 +4.275422505e-04 -9.999995725e+02 -9.999995725e+02 -1.9577e-01 -3.3334e+00 +2.8278e+00
487 0 +3.638753808e-04 -9.999996361e+02 -9.999996361e+02 -1.9453e-01 -3.3342e+00 +2.8263e+00
492 0 +2.731182257e-04 -9.999997269e+02 -9.999997269e+02 -1.9358e-01 -3.3349e+00 +2.8276e+00
499 0 +2.538919484e-04 -9.999997461e+02 -9.999997461e+02 -1.8977e-01 -3.3332e+00 +2.8248e+00
502 0 +1.846650146e-04 -9.999998153e+02 -9.999998153e+02 -1.9093e-01 -3.3339e+00 +2.8254e+00
504 0 +1.458385499e-04 -9.999998542e+02 -9.999998542e+02 -1.9096e-01 -3.3338e+00 +2.8263e+00
534 0 +1.445227808e-04 -9.999998555e+02 -9.999998555e+02 -1.9044e-01 -3.3333e+00 +2.8252e+00
536 0 +9.744005115e-05 -9.999999026e+02 -9.999999026e+02 -1.9041e-01 -3.3324e+00 +2.8254e+00
542 0 +8.877028881e-05 -9.999999112e+02 -9.999999112e+02 -1.8990e-01 -3.3324e+00 +2.8251e+00
544 0 +7.754896842e-05 -9.999999225e+02 -9.999999225e+02 -1.8949e-01 -3.3323e+00 +2.8249e+00
551 0 +2.955828586e-05 -9.999999704e+02 -9.999999704e+02 -1.8822e-01 -3.3319e+00 +2.8251e+00
564 0 +6.469497634e-06 -9.999999935e+02 -9.999999935e+02 -1.8733e-01 -3.3309e+00 +2.8245e+00
617 0 +3.713398200e-06 -9.999999963e+02 -9.999999963e+02 -1.8701e-01 -3.3304e+00 +2.8240e+00
622 0 +3.085144499e-06 -9.999999969e+02 -9.999999969e+02 -1.8699e-01 -3.3307e+00 +2.8244e+00
623 0 +1.738340529e-06 -9.999999983e+02 -9.999999983e+02 -1.8679e-01 -3.3305e+00 +2.8243e+00
633 0 +4.776876494e-07 -9.999999995e+02 -9.999999995e+02 -1.8659e-01 -3.3305e+00 +2.8241e+00
686 0 +1.880787295e-07 -9.999999998e+02 -9.999999998e+02 -1.8651e-01 -3.3304e+00 +2.8240e+00
757 0 +1.817312523e-07 -9.999999998e+02 -9.999999998e+02 -1.8651e-01 -3.3304e+00 +2.8240e+00
760 0 +1.212747520e-07 -9.999999999e+02 -9.999999999e+02 -1.8650e-01 -3.3304e+00 +2.8240e+00
766 0 +1.018552211e-07 -9.999999999e+02 -9.999999999e+02 -1.8649e-01 -3.3304e+00 +2.8240e+00
778 0 +9.821201274e-08 -9.999999999e+02 -9.999999999e+02 -1.8646e-01 -3.3305e+00 +2.8240e+00
788 0 +6.516495432e-08 -9.999999999e+02 -9.999999999e+02 -1.8647e-01 -3.3304e+00 +2.8240e+00
809 0 +5.318395324e-08 -9.999999999e+02 -9.999999999e+02 -1.8646e-01 -3.3304e+00 +2.8240e+00
811 0 +3.088814537e-08 -1.000000000e+03 -1.000000000e+03 -1.8645e-01 -3.3304e+00 +2.8240e+00
822 0 +1.908665581e-08 -1.000000000e+03 -1.000000000e+03 -1.8643e-01 -3.3304e+00 +2.8240e+00
851 0 +1.568378138e-08 -1.000000000e+03 -1.000000000e+03 -1.8643e-01 -3.3304e+00 +2.8240e+00
868 0 +1.390299076e-08 -1.000000000e+03 -1.000000000e+03 -1.8643e-01 -3.3304e+00 +2.8240e+00
869 0 +1.113642156e-08 -1.000000000e+03 -1.000000000e+03 -1.8643e-01 -3.3304e+00 +2.8240e+00
874 0 +7.472067409e-09 -1.000000000e+03 -1.000000000e+03 -1.8642e-01 -3.3304e+00 +2.8240e+00
1221 0 +0.000000000e+00 -1.000000000e+03 -1.000000000e+03 -1.8640e-01 -3.3304e+00 +2.8240e+00
% f evaluations | g evaluations | best noise-free fitness - Fopt (1.319200000000e+02) + sum g_i+ | measured fitness | best measured fitness or single-digit g-values | x1 | x2...
1 0 +1.594957416e+05 +1.596276616e+05 +1.596276616e+05 -4.9557e-01 +2.1796e+00 +1.3970e+00
2 0 +1.533006436e+05 +1.534325636e+05 +1.534325636e+05 -5.0865e-01 -4.6445e-03 +1.6089e+00
3 0 +1.375302265e+05 +1.376621465e+05 +1.376621465e+05 +1.5800e+00 -2.5785e+00 +1.4975e+00
4 0 +1.144037424e+05 +1.145356624e+05 +1.145356624e+05 -1.1971e+00 -1.2141e+00 +5.3818e-01
6 0 +1.978822477e+03 +2.110742477e+03 +2.110742477e+03 -1.2400e+00 -4.6454e-01 -3.4224e+00
7 0 +6.784863581e+01 +1.997686358e+02 +1.997686358e+02 -6.5132e-01 +3.8422e-01 -3.8411e+00
12 0 +1.672838993e+01 +1.486483899e+02 +1.486483899e+02 -3.1078e+00 +4.0429e-01 -4.9255e+00
43 0 +1.940365457e+00 +1.338603655e+02 +1.338603655e+02 -4.1903e+00 +1.2739e+00 -4.3305e+00
70 0 +7.240834324e-01 +1.326440834e+02 +1.326440834e+02 -3.4499e+00 +2.2425e+00 -3.9962e+00
122 0 +6.161444249e-01 +1.325361444e+02 +1.325361444e+02 -3.5830e+00 +1.9899e+00 -3.8761e+00
129 0 +5.478855947e-01 +1.324678856e+02 +1.324678856e+02 -3.6157e+00 +1.9671e+00 -3.7839e+00
130 0 +3.886465159e-01 +1.323086465e+02 +1.323086465e+02 -3.6657e+00 +2.0175e+00 -3.9390e+00
153 0 +1.761488373e-01 +1.320961488e+02 +1.320961488e+02 -3.7374e+00 +2.0153e+00 -3.8042e+00
184 0 +8.004804353e-02 +1.320000480e+02 +1.320000480e+02 -3.8542e+00 +1.9329e+00 -3.7760e+00
198 0 +6.252044825e-02 +1.319825204e+02 +1.319825204e+02 -3.9042e+00 +1.8951e+00 -3.6982e+00
223 0 +8.843986911e-03 +1.319288440e+02 +1.319288440e+02 -3.9538e+00 +1.9233e+00 -3.7369e+00
313 0 +1.574284143e-03 +1.319215743e+02 +1.319215743e+02 -3.9725e+00 +1.9065e+00 -3.7064e+00
392 0 +9.388871649e-04 +1.319209389e+02 +1.319209389e+02 -3.9822e+00 +1.9014e+00 -3.7064e+00
400 0 +3.416827309e-04 +1.319203417e+02 +1.319203417e+02 -3.9836e+00 +1.9053e+00 -3.7046e+00
433 0 +2.693530939e-04 +1.319202694e+02 +1.319202694e+02 -3.9789e+00 +1.9108e+00 -3.7044e+00
514 0 +2.361329414e-04 +1.319202361e+02 +1.319202361e+02 -3.9778e+00 +1.9108e+00 -3.7015e+00
516 0 +1.495171473e-04 +1.319201495e+02 +1.319201495e+02 -3.9786e+00 +1.9107e+00 -3.7004e+00
536 0 +1.011120052e-04 +1.319201011e+02 +1.319201011e+02 -3.9807e+00 +1.9098e+00 -3.7020e+00
554 0 +7.287715377e-05 +1.319200729e+02 +1.319200729e+02 -3.9803e+00 +1.9102e+00 -3.7007e+00
555 0 +5.811921844e-05 +1.319200581e+02 +1.319200581e+02 -3.9806e+00 +1.9104e+00 -3.7011e+00
562 0 +4.361352546e-05 +1.319200436e+02 +1.319200436e+02 -3.9808e+00 +1.9104e+00 -3.7006e+00
578 0 +2.835975047e-05 +1.319200284e+02 +1.319200284e+02 -3.9820e+00 +1.9094e+00 -3.6996e+00
584 0 +9.795890207e-06 +1.319200098e+02 +1.319200098e+02 -3.9815e+00 +1.9106e+00 -3.6998e+00
619 0 +8.849395073e-06 +1.319200088e+02 +1.319200088e+02 -3.9824e+00 +1.9097e+00 -3.6997e+00
624 0 +7.195278357e-06 +1.319200072e+02 +1.319200072e+02 -3.9819e+00 +1.9104e+00 -3.6999e+00
633 0 +6.593465685e-06 +1.319200066e+02 +1.319200066e+02 -3.9822e+00 +1.9100e+00 -3.6995e+00
639 0 +5.872022172e-06 +1.319200059e+02 +1.319200059e+02 -3.9826e+00 +1.9098e+00 -3.6997e+00
641 0 +5.255428533e-06 +1.319200053e+02 +1.319200053e+02 -3.9819e+00 +1.9106e+00 -3.6998e+00
650 0 +2.768718730e-07 +1.319200003e+02 +1.319200003e+02 -3.9823e+00 +1.9104e+00 -3.6993e+00
662 0 +1.834742420e-07 +1.319200002e+02 +1.319200002e+02 -3.9823e+00 +1.9104e+00 -3.6992e+00
722 0 +8.680095220e-08 +1.319200001e+02 +1.319200001e+02 -3.9823e+00 +1.9104e+00 -3.6992e+00
729 0 +6.218110116e-08 +1.319200001e+02 +1.319200001e+02 -3.9823e+00 +1.9104e+00 -3.6992e+00
740 0 +1.734326815e-08 +1.319200000e+02 +1.319200000e+02 -3.9824e+00 +1.9104e+00 -3.6992e+00
831 0 +1.557498308e-08 +1.319200000e+02 +1.319200000e+02 -3.9824e+00 +1.9104e+00 -3.6992e+00
832 0 +7.685002856e-09 +1.319200000e+02 +1.319200000e+02 -3.9824e+00 +1.9104e+00 -3.6992e+00
% f evaluations | g evaluations | best noise-free fitness - Fopt (5.908400000000e+02) + sum g_i+ | measured fitness | best measured fitness or single-digit g-values | x1 | x2...
1 0 +6.140390430e+04 +6.199474430e+04 +6.199474430e+04 -4.9481e-02 -9.6046e-01 -3.5589e-02
2 0 +2.756073827e+04 +2.815157827e+04 +2.815157827e+04 +5.3240e-01 -1.9057e+00 -1.3808e-01
6 0 +6.060795625e+01 +6.514479562e+02 +6.514479562e+02 +5.1213e+00 -1.7393e+00 +1.1670e+00
32 0 +4.212489967e+01 +6.329648997e+02 +6.329648997e+02 +3.8655e+00 -2.3342e+00 +5.2349e-01
82 0 +2.397577152e+01 +6.148157715e+02 +6.148157715e+02 +2.3470e+00 -2.4319e+00 -3.9445e-01
106 0 +2.333416944e+01 +6.141741694e+02 +6.141741694e+02 +2.9486e+00 -5.6967e+00 -1.8760e+00
109 0 +1.372379859e+01 +6.045637986e+02 +6.045637986e+02 +2.8786e+00 -2.1314e+00 -1.1172e+00
117 0 +8.695137493e+00 +5.995351375e+02 +5.995351375e+02 +2.7614e+00 -2.9552e+00 -1.9710e+00
122 0 +3.783567344e+00 +5.946235673e+02 +5.946235673e+02 +2.2098e+00 -2.9890e+00 -2.4797e+00
153 0 +2.628457949e+00 +5.934684579e+02 +5.934684579e+02 +2.0618e+00 -3.5583e+00 -2.8010e+00
205 0 +2.023598258e+00 +5.928635983e+02 +5.928635983e+02 +1.8490e+00 -4.2725e+00 -3.3302e+00
221 0 +8.258296032e-01 +5.916658296e+02 +5.916658296e+02 +1.7628e+00 -3.8053e+00 -3.3056e+00
263 0 +7.333248834e-01 +5.915733249e+02 +5.915733249e+02 +1.6728e+00 -3.7402e+00 -3.2849e+00
270 0 +5.697972811e-01 +5.914097973e+02 +5.914097973e+02 +1.7127e+00 -3.6231e+00 -3.3153e+00
278 0 +3.515177651e-01 +5.911915178e+02 +5.911915178e+02 +1.6494e+00 -3.6885e+00 -3.5111e+00
287 0 +2.478834342e-01 +5.910878834e+02 +5.910878834e+02 +1.5668e+00 -3.5321e+00 -3.3697e+00
313 0 +2.263876863e-01 +5.910663877e+02 +5.910663877e+02 +1.5577e+00 -3.6288e+00 -3.4850e+00
325 0 +1.547981241e-01 +5.909947981e+02 +5.909947981e+02 +1.6000e+00 -3.4849e+00 -3.4487e+00
327 0 +1.441218786e-01 +5.909841219e+02 +5.909841219e+02 +1.5668e+00 -3.5393e+00 -3.4776e+00
343 0 +1.323963471e-01 +5.909723963e+02 +5.909723963e+02 +1.5749e+00 -3.4891e+00 -3.4650e+00
349 0 +9.481164627e-02 +5.909348116e+02 +5.909348116e+02 +1.5674e+00 -3.4307e+00 -3.4440e+00
350 0 +8.914577617e-02 +5.909291458e+02 +5.909291458e+02 +1.5322e+00 -3.4973e+00 -3.4601e+00
354 0 +7.455172605e-02 +5.909145517e+02 +5.909145517e+02 +1.5442e+00 -3.3494e+00 -3.4206e+00
357 0 +2.817419385e-02 +5.908681742e+02 +5.908681742e+02 +1.4930e+00 -3.3842e+00 -3.4552e+00
364 0 +2.455275387e-02 +5.908645528e+02 +5.908645528e+02 +1.4625e+00 -3.3289e+00 -3.4353e+00
405 0 +1.366706494e-02 +5.908536671e+02 +5.908536671e+02 +1.4680e+00 -3.3214e+00 -3.4503e+00
408 0 +1.197005561e-02 +5.908519701e+02 +5.908519701e+02 +1.4648e+00 -3.3590e+00 -3.4668e+00
411 0 +1.117700526e-02 +5.908511770e+02 +5.908511770e+02 +1.4733e+00 -3.3199e+00 -3.4558e+00
415 0 +6.515517328e-03 +5.908465155e+02 +5.908465155e+02 +1.4613e+00 -3.3525e+00 -3.4761e+00
422 0 +4.652691998e-03 +5.908446527e+02 +5.908446527e+02 +1.4517e+00 -3.3609e+00 -3.4871e+00
430 0 +1.331527800e-03 +5.908413315e+02 +5.908413315e+02 +1.4467e+00 -3.3386e+00 -3.4884e+00
486 0 +9.290040844e-04 +5.908409290e+02 +5.908409290e+02 +1.4542e+00 -3.3368e+00 -3.4905e+00
487 0 +7.519657521e-04 +5.908407520e+02 +5.908407520e+02 +1.4514e+00 -3.3358e+00 -3.4898e+00
495 0 +5.194667744e-04 +5.908405195e+02 +5.908405195e+02 +1.4491e+00 -3.3376e+00 -3.4916e+00
528 0 +4.229181319e-04 +5.908404229e+02 +5.908404229e+02 +1.4484e+00 -3.3333e+00 -3.4914e+00
534 0 +3.497648192e-04 +5.908403498e+02 +5.908403498e+02 +1.4506e+00 -3.3353e+00 -3.4933e+00
536 0 +2.904266405e-04 +5.908402904e+02 +5.908402904e+02 +1.4489e+00 -3.3358e+00 -3.4929e+00
541 0 +2.716749813e-04 +5.908402717e+02 +5.908402717e+02 +1.4476e+00 -3.3351e+00 -3.4930e+00
572 0 +2.500684592e-04 +5.908402501e+02 +5.908402501e+02 +1.4496e+00 -3.3372e+00 -3.4951e+00
581 0 +1.136582018e-04 +5.908401137e+02 +5.908401137e+02 +1.4468e+00 -3.3377e+00 -3.4961e+00
583 0 +1.009033896e-04 +5.908401009e+02 +5.908401009e+02 +1.4472e+00 -3.3355e+00 -3.4953e+00
589 0 +7.115178448e-05 +5.908400712e+02 +5.908400712e+02 +1.4457e+00 -3.3369e+00 -3.4967e+00
602 0 +5.563816057e-05 +5.908400556e+02 +5.908400556e+02 +1.4459e+00 -3.3374e+00 -3.4971e+00
624 0 +2.735572195e-05 +5.908400274e+02 +5.908400274e+02 +1.4462e+00 -3.3363e+00 -3.4972e+00
652 0 +1.551285857e-05 +5.908400155e+02 +5.908400155e+02 +1.4461e+00 -3.3351e+00 -3.4972e+00
661 0 +1.529405358e-05 +5.908400153e+02 +5.908400153e+02 +1.4460e+00 -3.3360e+00 -3.4974e+00
662 0 +1.347284274e-05 +5.908400135e+02 +5.908400135e+02 +1.4464e+00 -3.3362e+00 -3.4977e+00
670 0 +4.639770737e-06 +5.908400046e+02 +5.908400046e+02 +1.4457e+00 -3.3360e+00 -3.4979e+00
718 0 +4.370149668e-06 +5.908400044e+02 +5.908400044e+02 +1.4457e+00 -3.3362e+00 -3.4980e+00
719 0 +3.288040489e-06 +5.908400033e+02 +5.908400033e+02 +1.4457e+00 -3.3361e+00 -3.4980e+00
722 0 +1.914594350e-07 +5.908400002e+02 +5.908400002e+02 +1.4456e+00 -3.3360e+00 -3.4983e+00
820 0 +9.628456610e-08 +5.908400001e+02 +5.908400001e+02 +1.4456e+00 -3.3360e+00 -3.4983e+00
837 0 +2.151489298e-08 +5.908400000e+02 +5.908400000e+02 +1.4456e+00 -3.3360e+00 -3.4984e+00
897 0 +1.419641649e-08 +5.908400000e+02 +5.908400000e+02 +1.4456e+00 -3.3360e+00 -3.4984e+00
924 0 +1.117678039e-08 +5.908400000e+02 +5.908400000e+02 +1.4456e+00 -3.3360e+00 -3.4984e+00
943 0 +6.589857549e-09 +5.908400000e+02 +5.908400000e+02 +1.4456e+00 -3.3360e+00 -3.4984e+00
% f evaluations | g evaluations | best noise-free fitness - Fopt (2.156100000000e+02) + sum g_i+ | measured fitness | best measured fitness or single-digit g-values | x1 | x2...
1 0 +2.666043160e+04 +2.687604160e+04 +2.687604160e+04 -1.8426e+00 +1.3284e-02 +8.7112e-01
2 0 +1.758902733e+02 +3.915002733e+02 +3.915002733e+02 +2.6067e+00 +5.5931e-01 +1.8182e+00
5 0 +6.700127032e+01 +2.826112703e+02 +2.826112703e+02 -3.5067e-02 +3.6818e-01 +8.8367e-01
16 0 +5.121641770e+01 +2.668264177e+02 +2.668264177e+02 -2.4129e-01 +1.6175e+00 +2.7628e-01
24 0 +3.533973210e+01 +2.509497321e+02 +2.509497321e+02 +4.9938e-01 +2.2035e+00 -2.0428e+00
31 0 +2.664383703e+01 +2.422538370e+02 +2.422538370e+02 +2.5688e-01 +1.2135e+00 -1.9986e+00
33 0 +1.100141048e+01 +2.266114105e+02 +2.266114105e+02 -4.5170e-01 +1.4739e+00 -3.4824e+00
56 0 +6.437546753e+00 +2.220475468e+02 +2.220475468e+02 -1.5697e+00 +3.4913e+00 -2.3043e+00
81 0 +4.850895860e+00 +2.204608959e+02 +2.204608959e+02 -1.2596e+00 +2.9316e+00 -2.8059e+00
89 0 +1.296813210e+00 +2.169068132e+02 +2.169068132e+02 -1.8399e+00 +2.9436e+00 -3.0539e+00
178 0 +1.164156775e+00 +2.167741568e+02 +2.167741568e+02 -1.9551e+00 +2.9734e+00 -2.6736e+00
182 0 +8.047772145e-01 +2.164147772e+02 +2.164147772e+02 -2.0562e+00 +2.9066e+00 -2.7751e+00
186 0 +5.475721181e-01 +2.161575721e+02 +2.161575721e+02 -2.1176e+00 +3.0861e+00 -2.8324e+00
188 0 +1.029519887e-01 +2.157129520e+02 +2.157129520e+02 -2.4130e+00 +3.3708e+00 -2.4948e+00
290 0 +8.160659746e-02 +2.156916066e+02 +2.156916066e+02 -2.4214e+00 +3.3161e+00 -2.5219e+00
302 0 +6.503509922e-02 +2.156750351e+02 +2.156750351e+02 -2.4636e+00 +3.3300e+00 -2.4954e+00
356 0 +3.862016491e-02 +2.156486202e+02 +2.156486202e+02 -2.4855e+00 +3.4242e+00 -2.4836e+00
370 0 +2.148162252e-02 +2.156314816e+02 +2.156314816e+02 -2.4950e+00 +3.4219e+00 -2.5013e+00
387 0 +1.991266647e-02 +2.156299127e+02 +2.156299127e+02 -2.4925e+00 +3.3975e+00 -2.5256e+00
407 0 +1.763756585e-02 +2.156276376e+02 +2.156276376e+02 -2.5081e+00 +3.3960e+00 -2.4866e+00
414 0 +1.586801907e-02 +2.156258680e+02 +2.156258680e+02 -2.5114e+00 +3.4057e+00 -2.4812e+00
421 0 +1.025853351e-02 +2.156202585e+02 +2.156202585e+02 -2.5278e+00 +3.4232e+00 -2.4670e+00
426 0 +9.049508766e-03 +2.156190495e+02 +2.156190495e+02 -2.5230e+00 +3.4097e+00 -2.4905e+00
431 0 +4.254796514e-03 +2.156142548e+02 +2.156142548e+02 -2.5475e+00 +3.4495e+00 -2.4677e+00
443 0 +2.094100889e-03 +2.156120941e+02 +2.156120941e+02 -2.5513e+00 +3.4459e+00 -2.4689e+00
482 0 +1.234184432e-03 +2.156112342e+02 +2.156112342e+02 -2.5568e+00 +3.4423e+00 -2.4648e+00
486 0 +3.025697500e-04 +2.156103026e+02 +2.156103026e+02 -2.5589e+00 +3.4464e+00 -2.4719e+00
500 0 +1.468742047e-04 +2.156101469e+02 +2.156101469e+02 -2.5630e+00 +3.4517e+00 -2.4698e+00
562 0 +5.468549637e-05 +2.156100547e+02 +2.156100547e+02 -2.5638e+00 +3.4501e+00 -2.4692e+00
632 0 +3.033834025e-05 +2.156100303e+02 +2.156100303e+02 -2.5650e+00 +3.4498e+00 -2.4679e+00
648 0 +3.019510336e-05 +2.156100302e+02 +2.156100302e+02 -2.5645e+00 +3.4494e+00 -2.4694e+00
652 0 +1.579055746e-05 +2.156100158e+02 +2.156100158e+02 -2.5660e+00 +3.4509e+00 -2.4672e+00
715 0 +1.463435601e-05 +2.156100146e+02 +2.156100146e+02 -2.5657e+00 +3.4506e+00 -2.4676e+00
722 0 +1.336789137e-05 +2.156100134e+02 +2.156100134e+02 -2.5658e+00 +3.4510e+00 -2.4675e+00
731 0 +8.733378422e-06 +2.156100087e+02 +2.156100087e+02 -2.5659e+00 +3.4507e+00 -2.4676e+00
739 0 +8.325899927e-06 +2.156100083e+02 +2.156100083e+02 -2.5657e+00 +3.4505e+00 -2.4680e+00
742 0 +5.204163472e-06 +2.156100052e+02 +2.156100052e+02 -2.5659e+00 +3.4506e+00 -2.4680e+00
744 0 +4.927657869e-06 +2.156100049e+02 +2.156100049e+02 -2.5657e+00 +3.4509e+00 -2.4684e+00
748 0 +3.866995655e-06 +2.156100039e+02 +2.156100039e+02 -2.5659e+00 +3.4508e+00 -2.4680e+00
760 0 +2.889980124e-06 +2.156100029e+02 +2.156100029e+02 -2.5662e+00 +3.4512e+00 -2.4678e+00
770 0 +2.237449849e-06 +2.156100022e+02 +2.156100022e+02 -2.5662e+00 +3.4509e+00 -2.4678e+00
778 0 +1.398779403e-06 +2.156100014e+02 +2.156100014e+02 -2.5662e+00 +3.4510e+00 -2.4679e+00
787 0 +1.082740454e-06 +2.156100011e+02 +2.156100011e+02 -2.5663e+00 +3.4511e+00 -2.4678e+00
796 0 +9.281513940e-07 +2.156100009e+02 +2.156100009e+02 -2.5662e+00 +3.4510e+00 -2.4680e+00
808 0 +6.567878188e-07 +2.156100007e+02 +2.156100007e+02 -2.5662e+00 +3.4510e+00 -2.4680e+00
818 0 +5.342627105e-07 +2.156100005e+02 +2.156100005e+02 -2.5663e+00 +3.4511e+00 -2.4679e+00
819 0 +3.551231202e-07 +2.156100004e+02 +2.156100004e+02 -2.5663e+00 +3.4511e+00 -2.4680e+00
833 0 +3.362689824e-07 +2.156100003e+02 +2.156100003e+02 -2.5663e+00 +3.4511e+00 -2.4680e+00
839 0 +1.002827332e-07 +2.156100001e+02 +2.156100001e+02 -2.5664e+00 +3.4512e+00 -2.4680e+00
896 0 +9.234491927e-08 +2.156100001e+02 +2.156100001e+02 -2.5663e+00 +3.4512e+00 -2.4680e+00
910 0 +6.226011351e-08 +2.156100001e+02 +2.156100001e+02 -2.5664e+00 +3.4512e+00 -2.4680e+00
918 0 +5.435097705e-08 +2.156100001e+02 +2.156100001e+02 -2.5663e+00 +3.4512e+00 -2.4680e+00
926 0 +3.864587939e-08 +2.156100000e+02 +2.156100000e+02 -2.5664e+00 +3.4512e+00 -2.4680e+00
949 0 +3.145007099e-08 +2.156100000e+02 +2.156100000e+02 -2.5664e+00 +3.4512e+00 -2.4680e+00
955 0 +1.937704042e-08 +2.156100000e+02 +2.156100000e+02 -2.5664e+00 +3.4512e+00 -2.4680e+00
963 0 +3.881837074e-09 +2.156100000e+02 +2.156100000e+02 -2.5664e+00 +3.4512e+00 -2.4680e+00
% f evaluations | g evaluations | best noise-free fitness - Fopt (1.936900000000e+02) + sum g_i+ | measured fitness | best measured fitness or single-digit g-values | x1 | x2...
1 0 +1.935070735e+05 +1.937007635e+05 +1.937007635e+05 -1.2571e-01 -2.1572e+00 +9.1767e-01
2 0 +1.903762208e+05 +1.905699108e+05 +1.905699108e+05 -4.3569e-01 -8.1421e-01 +2.2917e+00
3 0 +7.762735500e+04 +7.782104500e+04 +7.782104500e+04 +3.7384e-01 -1.7000e-01 -1.4859e-01
6 0 +1.225411149e+04 +1.244780149e+04 +1.244780149e+04 +1.2055e+00 +1.6875e+00 -1.3726e+00
10 0 +1.647257085e+03 +1.840947085e+03 +1.840947085e+03 +2.3532e-01 +2.3791e+00 -2.3475e+00
12 0 +1.505837054e+03 +1.699527054e+03 +1.699527054e+03 +9.0798e-01 +2.1372e+00 -2.3719e+00
19 0 +1.421542437e+03 +1.615232437e+03 +1.615232437e+03 +3.1326e+00 +7.7040e-01 -3.0753e+00
22 0 +2.612026460e+01 +2.198102646e+02 +2.198102646e+02 +2.6517e+00 +2.3399e+00 -3.5724e+00
23 0 +1.323664009e+01 +2.069266401e+02 +2.069266401e+02 +2.2931e+00 +2.5782e+00 -2.2679e+00
43 0 +8.148207593e+00 +2.018382076e+02 +2.018382076e+02 +1.9351e+00 +3.3273e+00 -2.8068e+00
61 0 +7.299266096e+00 +2.009892661e+02 +2.009892661e+02 +1.4535e+00 +2.9730e+00 -2.7053e+00
117 0 +6.077742180e+00 +1.997677422e+02 +1.997677422e+02 +1.4054e+00 +3.8421e+00 -2.8329e+00
124 0 +2.522771833e+00 +1.962127718e+02 +1.962127718e+02 +3.8541e-01 +3.2233e+00 -2.4865e+00
134 0 +1.526566038e+00 +1.952165660e+02 +1.952165660e+02 +3.7042e-04 +3.2251e+00 -2.7338e+00
176 0 +1.050930419e+00 +1.947409304e+02 +1.947409304e+02 -2.0384e-01 +3.3434e+00 -2.7491e+00
189 0 +7.324229241e-01 +1.944224229e+02 +1.944224229e+02 -5.4597e-01 +3.1561e+00 -2.7021e+00
194 0 +6.287091307e-01 +1.943187091e+02 +1.943187091e+02 -5.4270e-01 +3.2659e+00 -2.7450e+00
204 0 +2.675690986e-01 +1.939575691e+02 +1.939575691e+02 -7.0343e-01 +3.2320e+00 -2.5662e+00
230 0 +2.199815452e-01 +1.939099815e+02 +1.939099815e+02 -8.1337e-01 +3.1732e+00 -2.5476e+00
238 0 +1.557966842e-01 +1.938457967e+02 +1.938457967e+02 -8.1957e-01 +3.2571e+00 -2.6266e+00
245 0 +7.764166487e-02 +1.937676417e+02 +1.937676417e+02 -1.0094e+00 +3.2827e+00 -2.6666e+00
251 0 +3.284405877e-02 +1.937228441e+02 +1.937228441e+02 -1.0937e+00 +3.2006e+00 -2.5898e+00
287 0 +2.837364326e-02 +1.937183736e+02 +1.937183736e+02 -1.0545e+00 +3.2498e+00 -2.6191e+00
309 0 +1.943204218e-02 +1.937094320e+02 +1.937094320e+02 -1.0593e+00 +3.2578e+00 -2.6048e+00
332 0 +1.397094941e-02 +1.937039709e+02 +1.937039709e+02 -1.0727e+00 +3.2359e+00 -2.5860e+00
339 0 +1.020264367e-02 +1.937002026e+02 +1.937002026e+02 -1.0755e+00 +3.2522e+00 -2.5830e+00
345 0 +3.574590124e-03 +1.936935746e+02 +1.936935746e+02 -1.1108e+00 +3.2386e+00 -2.5677e+00
458 0 +3.484827851e-03 +1.936934848e+02 +1.936934848e+02 -1.1107e+00 +3.2375e+00 -2.5684e+00
476 0 +2.740741780e-03 +1.936927407e+02 +1.936927407e+02 -1.1170e+00 +3.2352e+00 -2.5638e+00
490 0 +2.592536835e-03 +1.936925925e+02 +1.936925925e+02 -1.1152e+00 +3.2374e+00 -2.5692e+00
492 0 +2.405482869e-03 +1.936924055e+02 +1.936924055e+02 -1.1189e+00 +3.2377e+00 -2.5688e+00
499 0 +2.231140753e-03 +1.936922311e+02 +1.936922311e+02 -1.1212e+00 +3.2366e+00 -2.5674e+00
511 0 +1.833996827e-03 +1.936918340e+02 +1.936918340e+02 -1.1225e+00 +3.2378e+00 -2.5709e+00
512 0 +1.773542017e-03 +1.936917735e+02 +1.936917735e+02 -1.1247e+00 +3.2348e+00 -2.5663e+00
523 0 +1.286001303e-03 +1.936912860e+02 +1.936912860e+02 -1.1288e+00 +3.2344e+00 -2.5679e+00
524 0 +1.137760911e-03 +1.936911378e+02 +1.936911378e+02 -1.1297e+00 +3.2388e+00 -2.5729e+00
527 0 +9.731921720e-04 +1.936909732e+02 +1.936909732e+02 -1.1312e+00 +3.2363e+00 -2.5715e+00
535 0 +8.710995396e-04 +1.936908711e+02 +1.936908711e+02 -1.1334e+00 +3.2359e+00 -2.5685e+00
541 0 +5.966042409e-04 +1.936905966e+02 +1.936905966e+02 -1.1369e+00 +3.2340e+00 -2.5675e+00
545 0 +5.358436370e-04 +1.936905358e+02 +1.936905358e+02 -1.1371e+00 +3.2366e+00 -2.5727e+00
547 0 +5.156167910e-04 +1.936905156e+02 +1.936905156e+02 -1.1373e+00 +3.2361e+00 -2.5717e+00
550 0 +2.578485996e-04 +1.936902578e+02 +1.936902578e+02 -1.1433e+00 +3.2333e+00 -2.5685e+00
552 0 +1.434510458e-04 +1.936901435e+02 +1.936901435e+02 -1.1456e+00 +3.2331e+00 -2.5690e+00
564 0 +1.022443063e-04 +1.936901022e+02 +1.936901022e+02 -1.1472e+00 +3.2330e+00 -2.5701e+00
586 0 +7.389828457e-05 +1.936900739e+02 +1.936900739e+02 -1.1473e+00 +3.2345e+00 -2.5708e+00
592 0 +5.416954548e-05 +1.936900542e+02 +1.936900542e+02 -1.1482e+00 +3.2342e+00 -2.5706e+00
619 0 +1.159502338e-05 +1.936900116e+02 +1.936900116e+02 -1.1507e+00 +3.2337e+00 -2.5702e+00
651 0 +5.870010881e-06 +1.936900059e+02 +1.936900059e+02 -1.1509e+00 +3.2338e+00 -2.5699e+00
657 0 +3.415370145e-06 +1.936900034e+02 +1.936900034e+02 -1.1517e+00 +3.2334e+00 -2.5698e+00
664 0 +3.364418575e-06 +1.936900034e+02 +1.936900034e+02 -1.1514e+00 +3.2337e+00 -2.5700e+00
671 0 +2.431554719e-06 +1.936900024e+02 +1.936900024e+02 -1.1514e+00 +3.2338e+00 -2.5698e+00
704 0 +1.798634685e-06 +1.936900018e+02 +1.936900018e+02 -1.1516e+00 +3.2335e+00 -2.5697e+00
705 0 +1.698153369e-06 +1.936900017e+02 +1.936900017e+02 -1.1516e+00 +3.2336e+00 -2.5697e+00
708 0 +1.080623036e-06 +1.936900011e+02 +1.936900011e+02 -1.1517e+00 +3.2338e+00 -2.5698e+00
712 0 +7.591481790e-07 +1.936900008e+02 +1.936900008e+02 -1.1517e+00 +3.2336e+00 -2.5697e+00
721 0 +1.294975505e-07 +1.936900001e+02 +1.936900001e+02 -1.1519e+00 +3.2336e+00 -2.5696e+00
785 0 +1.114965755e-07 +1.936900001e+02 +1.936900001e+02 -1.1519e+00 +3.2336e+00 -2.5696e+00
835 0 +9.933640399e-08 +1.936900001e+02 +1.936900001e+02 -1.1519e+00 +3.2336e+00 -2.5696e+00
837 0 +5.800501413e-08 +1.936900001e+02 +1.936900001e+02 -1.1519e+00 +3.2336e+00 -2.5696e+00
882 0 +3.229703793e-08 +1.936900000e+02 +1.936900000e+02 -1.1519e+00 +3.2336e+00 -2.5696e+00
899 0 +1.893457124e-08 +1.936900000e+02 +1.936900000e+02 -1.1520e+00 +3.2336e+00 -2.5696e+00
942 0 +1.455546794e-08 +1.936900000e+02 +1.936900000e+02 -1.1520e+00 +3.2336e+00 -2.5696e+00
947 0 +1.322345611e-08 +1.936900000e+02 +1.936900000e+02 -1.1520e+00 +3.2336e+00 -2.5696e+00
962 0 +1.233351554e-08 +1.936900000e+02 +1.936900000e+02 -1.1520e+00 +3.2336e+00 -2.5696e+00
966 0 +1.182712595e-08 +1.936900000e+02 +1.936900000e+02 -1.1520e+00 +3.2336e+00 -2.5696e+00
968 0 +6.221938520e-09 +1.936900000e+02 +1.936900000e+02 -1.1520e+00 +3.2336e+00 -2.5696e+00
% f evaluations | g evaluations | best noise-free fitness - Fopt (3.513000000000e+01) + sum g_i+ | measured fitness | best measured fitness or single-digit g-values | x1 | x2...
1 0 +1.439876934e+01 +4.952876934e+01 +4.952876934e+01 +1.0892e+00 +5.9601e-01 -1.2255e+00
13 0 +7.698579856e+00 +4.282857986e+01 +4.282857986e+01 +1.0772e+00 +1.9417e+00 -2.7290e-01
33 0 +4.590115775e+00 +3.972011577e+01 +3.972011577e+01 +1.1704e+00 +9.6977e-01 -1.2664e-01
60 0 +4.252217537e+00 +3.938221754e+01 +3.938221754e+01 +1.1985e+00 +9.2633e-01 -6.9950e-02
67 0 +2.993394797e+00 +3.812339480e+01 +3.812339480e+01 +1.1045e+00 +1.0304e+00 +2.5267e-01
70 0 +2.780946057e+00 +3.791094606e+01 +3.791094606e+01 +1.4144e+00 +1.1821e+00 +2.7613e-01
71 0 +2.611843640e+00 +3.774184364e+01 +3.774184364e+01 +1.2092e+00 +1.1659e+00 +4.4950e-01
77 0 +1.733936780e+00 +3.686393678e+01 +3.686393678e+01 +1.5708e+00 +1.2747e+00 +6.1150e-01
135 0 +1.572507194e+00 +3.670250719e+01 +3.670250719e+01 +1.5865e+00 +1.2491e+00 +6.3248e-01
141 0 +1.482182560e+00 +3.661218256e+01 +3.661218256e+01 +1.7632e+00 +1.3217e+00 +6.6752e-01
142 0 +7.522697172e-01 +3.588226972e+01 +3.588226972e+01 +1.7640e+00 +1.0701e+00 +8.9109e-01
154 0 +7.255713645e-01 +3.585557136e+01 +3.585557136e+01 +2.0073e+00 +1.2576e+00 +9.5571e-01
175 0 +6.319320595e-01 +3.576193206e+01 +3.576193206e+01 +2.2542e+00 +1.1070e+00 +1.0537e+00
176 0 +4.316695381e-01 +3.556166954e+01 +3.556166954e+01 +2.2981e+00 +1.0609e+00 +1.1269e+00
204 0 +3.048836709e-01 +3.543488367e+01 +3.543488367e+01 +2.1613e+00 +1.0393e+00 +1.1183e+00
219 0 +2.057596486e-01 +3.533575965e+01 +3.533575965e+01 +2.1347e+00 +1.0989e+00 +1.1729e+00
221 0 +1.916133803e-01 +3.532161338e+01 +3.532161338e+01 +2.1194e+00 +1.0759e+00 +1.1852e+00
226 0 +1.605085365e-01 +3.529050854e+01 +3.529050854e+01 +2.1738e+00 +1.0733e+00 +1.2013e+00
235 0 +8.177680909e-02 +3.521177681e+01 +3.521177681e+01 +2.2559e+00 +1.0696e+00 +1.2849e+00
291 0 +2.514768514e-02 +3.515514769e+01 +3.515514769e+01 +2.3786e+00 +1.1704e+00 +1.3974e+00
310 0 +2.458152387e-02 +3.515458152e+01 +3.515458152e+01 +2.3732e+00 +1.1142e+00 +1.3866e+00
330 0 +1.244785996e-02 +3.514244786e+01 +3.514244786e+01 +2.3690e+00 +1.1340e+00 +1.4029e+00
340 0 +7.040353679e-03 +3.513704035e+01 +3.513704035e+01 +2.3780e+00 +1.1164e+00 +1.4190e+00
341 0 +5.202738462e-03 +3.513520274e+01 +3.513520274e+01 +2.3750e+00 +1.1256e+00 +1.4192e+00
364 0 +2.425617803e-03 +3.513242562e+01 +3.513242562e+01 +2.3993e+00 +1.1421e+00 +1.4443e+00
408 0 +2.306908511e-03 +3.513230691e+01 +3.513230691e+01 +2.3917e+00 +1.1345e+00 +1.4381e+00
414 0 +1.972198415e-03 +3.513197220e+01 +3.513197220e+01 +2.3981e+00 +1.1398e+00 +1.4444e+00
421 0 +1.160583174e-03 +3.513116058e+01 +3.513116058e+01 +2.3929e+00 +1.1311e+00 +1.4425e+00
422 0 +8.221238048e-04 +3.513082212e+01 +3.513082212e+01 +2.3979e+00 +1.1389e+00 +1.4502e+00
428 0 +5.070919681e-04 +3.513050709e+01 +3.513050709e+01 +2.3950e+00 +1.1362e+00 +1.4496e+00
470 0 +4.969181537e-04 +3.513049692e+01 +3.513049692e+01 +2.3912e+00 +1.1323e+00 +1.4466e+00
480 0 +2.673077330e-04 +3.513026731e+01 +3.513026731e+01 +2.3936e+00 +1.1295e+00 +1.4488e+00
484 0 +2.360310632e-04 +3.513023603e+01 +3.513023603e+01 +2.3967e+00 +1.1304e+00 +1.4508e+00
493 0 +2.285016456e-04 +3.513022850e+01 +3.513022850e+01 +2.3966e+00 +1.1343e+00 +1.4522e+00
498 0 +4.064568490e-05 +3.513004065e+01 +3.513004065e+01 +2.3967e+00 +1.1304e+00 +1.4531e+00
539 0 +1.303708394e-05 +3.513001304e+01 +3.513001304e+01 +2.3965e+00 +1.1300e+00 +1.4539e+00
615 0 +8.495538907e-06 +3.513000850e+01 +3.513000850e+01 +2.3966e+00 +1.1303e+00 +1.4542e+00
616 0 +7.634812263e-06 +3.513000763e+01 +3.513000763e+01 +2.3978e+00 +1.1311e+00 +1.4550e+00
660 0 +2.902624630e-06 +3.513000290e+01 +3.513000290e+01 +2.3972e+00 +1.1305e+00 +1.4547e+00
701 0 +1.732157017e-06 +3.513000173e+01 +3.513000173e+01 +2.3973e+00 +1.1305e+00 +1.4548e+00
702 0 +9.450752003e-07 +3.513000095e+01 +3.513000095e+01 +2.3974e+00 +1.1304e+00 +1.4549e+00
710 0 +8.393179698e-07 +3.513000084e+01 +3.513000084e+01 +2.3973e+00 +1.1304e+00 +1.4549e+00
714 0 +5.302949546e-07 +3.513000053e+01 +3.513000053e+01 +2.3975e+00 +1.1304e+00 +1.4550e+00
740 0 +2.801919550e-07 +3.513000028e+01 +3.513000028e+01 +2.3975e+00 +1.1304e+00 +1.4551e+00
754 0 +9.726252870e-08 +3.513000010e+01 +3.513000010e+01 +2.3976e+00 +1.1304e+00 +1.4551e+00
858 0 +2.784474873e-08 +3.513000003e+01 +3.513000003e+01 +2.3976e+00 +1.1304e+00 +1.4552e+00
868 0 +2.258551035e-08 +3.513000002e+01 +3.513000002e+01 +2.3976e+00 +1.1304e+00 +1.4552e+00
927 0 +1.535109106e-08 +3.513000002e+01 +3.513000002e+01 +2.3976e+00 +1.1304e+00 +1.4552e+00
936 0 +1.164540464e-08 +3.513000001e+01 +3.513000001e+01 +2.3976e+00 +1.1304e+00 +1.4552e+00
940 0 +1.024751839e-08 +3.513000001e+01 +3.513000001e+01 +2.3976e+00 +1.1304e+00 +1.4552e+00
949 0 +9.023295888e-09 +3.513000001e+01 +3.513000001e+01 +2.3976e+00 +1.1304e+00 +1.4552e+00
% f evaluations | g evaluations | best noise-free fitness - Fopt (-2.279900000000e+02) + sum g_i+ | measured fitness | best measured fitness or single-digit g-values | x1 | x2...
1 0 +1.174693761e+05 +1.172413861e+05 +1.172413861e+05 +1.4437e+00 -2.1263e+00 -1.2565e+00
2 0 +6.934388468e+03 +6.706398468e+03 +6.706398468e+03 -2.2573e+00 +2.1307e+00 +6.5308e-01
8 0 +1.939404901e+03 +1.711414901e+03 +1.711414901e+03 +1.5887e-02 +1.3405e+00 +3.9385e+00
15 0 +5.412056779e+01 -1.738694322e+02 -1.738694322e+02 -4.3898e+00 +2.1694e+00 +3.2737e+00
17 0 +1.451836168e+01 -2.134716383e+02 -2.134716383e+02 -2.3278e+00 +1.1471e+00 +6.5882e+00
45 0 +1.294066929e+01 -2.150493307e+02 -2.150493307e+02 -1.1899e+00 +1.2213e+00 +6.6892e+00
54 0 +2.624153827e+00 -2.253658462e+02 -2.253658462e+02 -5.0262e-01 +2.0072e-01 +4.8106e+00
60 0 +2.459855939e-01 -2.277440144e+02 -2.277440144e+02 +3.6213e-01 -7.5964e-02 +3.7811e+00
276 0 +1.283037282e-01 -2.278616963e+02 -2.278616963e+02 +4.3099e-01 -1.5539e-01 +3.8536e+00
315 0 +8.480411374e-02 -2.279051959e+02 -2.279051959e+02 +5.4099e-01 -1.3576e-01 +3.7046e+00
323 0 +4.347125944e-02 -2.279465287e+02 -2.279465287e+02 +5.4416e-01 -1.6872e-01 +3.7120e+00
358 0 +2.468925350e-02 -2.279653107e+02 -2.279653107e+02 +5.8164e-01 -1.8870e-01 +3.6964e+00
371 0 +2.029406680e-02 -2.279697059e+02 -2.279697059e+02 +5.5782e-01 -2.1020e-01 +3.7195e+00
379 0 +1.387918975e-02 -2.279761208e+02 -2.279761208e+02 +5.7464e-01 -2.0568e-01 +3.6856e+00
391 0 +4.085113368e-03 -2.279859149e+02 -2.279859149e+02 +6.1133e-01 -2.2133e-01 +3.6399e+00
490 0 +2.303452261e-03 -2.279876965e+02 -2.279876965e+02 +6.1021e-01 -2.2564e-01 +3.6480e+00
491 0 +1.600751565e-03 -2.279883992e+02 -2.279883992e+02 +6.1849e-01 -2.2761e-01 +3.6399e+00
494 0 +9.695510207e-04 -2.279890304e+02 -2.279890304e+02 +6.1386e-01 -2.3042e-01 +3.6416e+00
521 0 +4.056592321e-04 -2.279895943e+02 -2.279895943e+02 +6.1996e-01 -2.3384e-01 +3.6402e+00
569 0 +3.286870277e-04 -2.279896713e+02 -2.279896713e+02 +6.2185e-01 -2.3382e-01 +3.6356e+00
584 0 +2.005920269e-04 -2.279897994e+02 -2.279897994e+02 +6.1932e-01 -2.3540e-01 +3.6364e+00
596 0 +1.549691745e-04 -2.279898450e+02 -2.279898450e+02 +6.1919e-01 -2.3636e-01 +3.6347e+00
606 0 +1.072303980e-04 -2.279898928e+02 -2.279898928e+02 +6.2150e-01 -2.3619e-01 +3.6334e+00
607 0 +9.974810061e-05 -2.279899003e+02 -2.279899003e+02 +6.2046e-01 -2.3707e-01 +3.6351e+00
628 0 +9.390367538e-05 -2.279899061e+02 -2.279899061e+02 +6.2126e-01 -2.3640e-01 +3.6339e+00
634 0 +8.850372228e-05 -2.279899115e+02 -2.279899115e+02 +6.2188e-01 -2.3635e-01 +3.6335e+00
635 0 +6.725969459e-05 -2.279899327e+02 -2.279899327e+02 +6.2220e-01 -2.3690e-01 +3.6356e+00
639 0 +6.391671437e-05 -2.279899361e+02 -2.279899361e+02 +6.2352e-01 -2.3661e-01 +3.6342e+00
640 0 +5.966672711e-05 -2.279899403e+02 -2.279899403e+02 +6.2291e-01 -2.3677e-01 +3.6349e+00
644 0 +5.651835716e-05 -2.279899435e+02 -2.279899435e+02 +6.2189e-01 -2.3733e-01 +3.6350e+00
660 0 +4.137490771e-05 -2.279899586e+02 -2.279899586e+02 +6.2311e-01 -2.3711e-01 +3.6344e+00
668 0 +3.242639363e-05 -2.279899676e+02 -2.279899676e+02 +6.2407e-01 -2.3714e-01 +3.6332e+00
676 0 +3.142724955e-05 -2.279899686e+02 -2.279899686e+02 +6.2383e-01 -2.3721e-01 +3.6339e+00
702 0 +2.657279632e-05 -2.279899734e+02 -2.279899734e+02 +6.2316e-01 -2.3758e-01 +3.6339e+00
720 0 +2.047624119e-05 -2.279899795e+02 -2.279899795e+02 +6.2306e-01 -2.3778e-01 +3.6336e+00
745 0 +1.650707495e-05 -2.279899835e+02 -2.279899835e+02 +6.2381e-01 -2.3751e-01 +3.6329e+00
748 0 +1.540747598e-05 -2.279899846e+02 -2.279899846e+02 +6.2353e-01 -2.3773e-01 +3.6326e+00
755 0 +1.340533939e-05 -2.279899866e+02 -2.279899866e+02 +6.2371e-01 -2.3775e-01 +3.6332e+00
757 0 +1.148504279e-05 -2.279899885e+02 -2.279899885e+02 +6.2435e-01 -2.3771e-01 +3.6327e+00
761 0 +8.934208182e-06 -2.279899911e+02 -2.279899911e+02 +6.2397e-01 -2.3788e-01 +3.6331e+00
778 0 +7.728530903e-06 -2.279899923e+02 -2.279899923e+02 +6.2425e-01 -2.3785e-01 +3.6324e+00
779 0 +6.474208874e-06 -2.279899935e+02 -2.279899935e+02 +6.2390e-01 -2.3809e-01 +3.6328e+00
785 0 +4.557706916e-06 -2.279899954e+02 -2.279899954e+02 +6.2449e-01 -2.3798e-01 +3.6324e+00
795 0 +1.203291220e-06 -2.279899988e+02 -2.279899988e+02 +6.2451e-01 -2.3821e-01 +3.6322e+00
809 0 +9.571555495e-07 -2.279899990e+02 -2.279899990e+02 +6.2461e-01 -2.3823e-01 +3.6323e+00
836 0 +7.438864316e-07 -2.279899993e+02 -2.279899993e+02 +6.2459e-01 -2.3827e-01 +3.6323e+00
875 0 +4.538077860e-07 -2.279899995e+02 -2.279899995e+02 +6.2468e-01 -2.3829e-01 +3.6322e+00
893 0 +3.014220908e-07 -2.279899997e+02 -2.279899997e+02 +6.2464e-01 -2.3833e-01 +3.6321e+00
904 0 +2.535936687e-07 -2.279899997e+02 -2.279899997e+02 +6.2465e-01 -2.3834e-01 +3.6321e+00
907 0 +1.034721606e-07 -2.279899999e+02 -2.279899999e+02 +6.2473e-01 -2.3836e-01 +3.6320e+00
948 0 +8.681274721e-08 -2.279899999e+02 -2.279899999e+02 +6.2475e-01 -2.3836e-01 +3.6321e+00
957 0 +8.112010619e-08 -2.279899999e+02 -2.279899999e+02 +6.2478e-01 -2.3836e-01 +3.6320e+00
958 0 +6.314860457e-08 -2.279899999e+02 -2.279899999e+02 +6.2476e-01 -2.3836e-01 +3.6321e+00
964 0 +7.426763204e-09 -2.279900000e+02 -2.279900000e+02 +6.2478e-01 -2.3839e-01 +3.6320e+00
% f evaluations | g evaluations | best noise-free fitness - Fopt (-2.186000000000e+01) + sum g_i+ | measured fitness | best measured fitness or single-digit g-values | x1 | x2...
1 0 +2.176106691e+02 +1.957506691e+02 +1.957506691e+02 +7.0484e-01 -5.8844e-01 -1.2294e+00
10 0 +6.561139231e+01 +4.375139231e+01 +4.375139231e+01 +2.4838e+00 -2.2969e-01 -3.3227e+00
16 0 +4.379606843e+01 +2.193606843e+01 +2.193606843e+01 +2.6090e-01 +1.7134e+00 -4.3821e+00
72 0 +3.968977034e+01 +1.782977034e+01 +1.782977034e+01 -2.3464e+00 +3.6615e-01 -3.5251e+00
99 0 +1.356508384e+01 -8.294916160e+00 -8.294916160e+00 -3.3903e-01 +2.2658e+00 -3.1215e+00
106 0 +1.275020912e+01 -9.109790882e+00 -9.109790882e+00 -1.0448e+00 +1.4485e+00 -2.9032e+00
121 0 +1.220911168e+01 -9.650888320e+00 -9.650888320e+00 +4.9566e-02 +3.0896e-01 -1.3561e+00
145 0 +3.580164716e+00 -1.827983528e+01 -1.827983528e+01 -1.0807e+00 +1.3382e+00 -1.8560e+00
181 0 +1.196758767e+00 -2.066324123e+01 -2.066324123e+01 -1.1597e+00 +1.5001e+00 -1.5347e+00
185 0 +7.267039388e-01 -2.113329606e+01 -2.113329606e+01 -1.6128e+00 +1.5664e+00 -1.6418e+00
202 0 +3.167223205e-01 -2.154327768e+01 -2.154327768e+01 -1.4954e+00 +1.5217e+00 -1.4117e+00
285 0 +7.715393362e-02 -2.178284607e+01 -2.178284607e+01 -1.6704e+00 +1.6710e+00 -1.4609e+00
289 0 +2.229812492e-02 -2.183770188e+01 -2.183770188e+01 -1.8063e+00 +1.6944e+00 -1.4714e+00
317 0 +1.956526075e-02 -2.184043474e+01 -2.184043474e+01 -1.7576e+00 +1.6887e+00 -1.4513e+00
336 0 +1.336925335e-02 -2.184663075e+01 -2.184663075e+01 -1.7713e+00 +1.6723e+00 -1.4365e+00
341 0 +1.290254028e-02 -2.184709746e+01 -2.184709746e+01 -1.8215e+00 +1.6857e+00 -1.4537e+00
346 0 +8.749531042e-03 -2.185125047e+01 -2.185125047e+01 -1.8247e+00 +1.7004e+00 -1.4551e+00
371 0 +6.964146911e-03 -2.185303585e+01 -2.185303585e+01 -1.7830e+00 +1.6743e+00 -1.4287e+00
378 0 +5.719076615e-03 -2.185428092e+01 -2.185428092e+01 -1.7989e+00 +1.6945e+00 -1.4434e+00
379 0 +3.430058786e-03 -2.185656994e+01 -2.185656994e+01 -1.7868e+00 +1.6881e+00 -1.4302e+00
415 0 +2.111607855e-03 -2.185788839e+01 -2.185788839e+01 -1.8059e+00 +1.6847e+00 -1.4284e+00
417 0 +1.940582125e-03 -2.185805942e+01 -2.185805942e+01 -1.8066e+00 +1.6898e+00 -1.4312e+00
427 0 +5.213750300e-04 -2.185947862e+01 -2.185947862e+01 -1.8009e+00 +1.6835e+00 -1.4198e+00
463 0 +3.039817685e-04 -2.185969602e+01 -2.185969602e+01 -1.7999e+00 +1.6850e+00 -1.4192e+00
498 0 +2.860493927e-04 -2.185971395e+01 -2.185971395e+01 -1.7971e+00 +1.6838e+00 -1.4171e+00
516 0 +2.568518624e-04 -2.185974315e+01 -2.185974315e+01 -1.7997e+00 +1.6870e+00 -1.4194e+00
521 0 +1.716239230e-04 -2.185982838e+01 -2.185982838e+01 -1.8030e+00 +1.6872e+00 -1.4199e+00
527 0 +1.398380072e-04 -2.185986016e+01 -2.185986016e+01 -1.8014e+00 +1.6868e+00 -1.4188e+00
535 0 +5.867412638e-05 -2.185994133e+01 -2.185994133e+01 -1.8003e+00 +1.6849e+00 -1.4157e+00
565 0 +2.981370269e-05 -2.185997019e+01 -2.185997019e+01 -1.8020e+00 +1.6854e+00 -1.4161e+00
584 0 +2.932435425e-05 -2.185997068e+01 -2.185997068e+01 -1.8035e+00 +1.6862e+00 -1.4171e+00
594 0 +1.956785794e-05 -2.185998043e+01 -2.185998043e+01 -1.8037e+00 +1.6870e+00 -1.4174e+00
596 0 +1.579710570e-05 -2.185998420e+01 -2.185998420e+01 -1.8035e+00 +1.6859e+00 -1.4165e+00
604 0 +9.328538852e-06 -2.185999067e+01 -2.185999067e+01 -1.8026e+00 +1.6859e+00 -1.4161e+00
620 0 +6.603964451e-06 -2.185999340e+01 -2.185999340e+01 -1.8027e+00 +1.6860e+00 -1.4161e+00
648 0 +5.217621563e-06 -2.185999478e+01 -2.185999478e+01 -1.8030e+00 +1.6862e+00 -1.4163e+00
652 0 +4.399037444e-06 -2.185999560e+01 -2.185999560e+01 -1.8030e+00 +1.6864e+00 -1.4164e+00
658 0 +3.530026685e-06 -2.185999647e+01 -2.185999647e+01 -1.8031e+00 +1.6861e+00 -1.4161e+00
663 0 +3.158702594e-06 -2.185999684e+01 -2.185999684e+01 -1.8031e+00 +1.6865e+00 -1.4164e+00
671 0 +1.983990501e-07 -2.185999980e+01 -2.185999980e+01 -1.8033e+00 +1.6864e+00 -1.4161e+00
768 0 +1.321413130e-07 -2.185999987e+01 -2.185999987e+01 -1.8032e+00 +1.6864e+00 -1.4161e+00
773 0 +9.805841472e-08 -2.185999990e+01 -2.185999990e+01 -1.8031e+00 +1.6864e+00 -1.4160e+00
791 0 +2.224752294e-08 -2.185999998e+01 -2.185999998e+01 -1.8032e+00 +1.6864e+00 -1.4160e+00
807 0 +5.911289236e-09 -2.185999999e+01 -2.185999999e+01 -1.8032e+00 +1.6864e+00 -1.4160e+00
% f evaluations | g evaluations | best noise-free fitness - Fopt (-5.762300000000e+02) + sum g_i+ | measured fitness | best measured fitness or single-digit g-values | x1 | x2...
1 0 +9.702476221e+02 +3.940176221e+02 +3.940176221e+02 -8.7450e-02 -1.6421e+00 +2.4546e+00
11 0 +6.430719827e+01 -5.119228017e+02 -5.119228017e+02 +2.5098e-01 -3.2848e+00 +3.5237e+00
13 0 +6.298825850e+01 -5.132417415e+02 -5.132417415e+02 -4.1013e+00 -2.0754e+00 +1.1077e+00
14 0 +2.390168749e+01 -5.523283125e+02 -5.523283125e+02 -1.3275e+00 -4.1849e+00 +2.0050e+00
25 0 +1.825381543e+01 -5.579761846e+02 -5.579761846e+02 -7.7444e-02 -4.7359e+00 +1.9089e+00
33 0 +1.700578761e+01 -5.592242124e+02 -5.592242124e+02 -3.5073e-01 -4.5837e+00 +1.7798e+00
62 0 +1.186478655e+01 -5.643652134e+02 -5.643652134e+02 +1.5476e-01 -4.6286e+00 +8.9615e-01
73 0 +1.006218006e+01 -5.661678199e+02 -5.661678199e+02 -1.8642e+00 -4.3842e+00 +7.9634e-01
78 0 +9.151331451e+00 -5.670786685e+02 -5.670786685e+02 -2.3494e+00 -4.0779e+00 +4.4149e-01
89 0 +6.840803796e+00 -5.693891962e+02 -5.693891962e+02 -3.4009e+00 -4.0653e+00 -2.7246e-01
92 0 +3.365080215e+00 -5.728649198e+02 -5.728649198e+02 -2.2291e+00 -4.3525e+00 -1.5838e-01
99 0 +2.586217297e+00 -5.736437827e+02 -5.736437827e+02 -2.0863e+00 -3.8731e+00 -4.8435e-01
107 0 +2.565446879e+00 -5.736645531e+02 -5.736645531e+02 -2.7652e+00 -3.5196e+00 -9.9754e-01
123 0 +2.091752413e+00 -5.741382476e+02 -5.741382476e+02 -2.1019e+00 -3.9433e+00 -5.4803e-01
124 0 +1.678077229e+00 -5.745519228e+02 -5.745519228e+02 -2.2234e+00 -3.8962e+00 -6.5301e-01
131 0 +8.409970836e-01 -5.753890029e+02 -5.753890029e+02 -2.8218e+00 -3.7738e+00 -1.1415e+00
134 0 +5.596784080e-01 -5.756703216e+02 -5.756703216e+02 -2.7961e+00 -3.9703e+00 -1.1838e+00
170 0 +2.072308674e-01 -5.760227691e+02 -5.760227691e+02 -2.6393e+00 -3.8895e+00 -1.2572e+00
173 0 +2.038140195e-01 -5.760261860e+02 -5.760261860e+02 -2.5767e+00 -3.8682e+00 -1.2320e+00
200 0 +1.465905791e-01 -5.760834094e+02 -5.760834094e+02 -2.5007e+00 -3.8319e+00 -1.2637e+00
207 0 +2.916368389e-02 -5.762008363e+02 -5.762008363e+02 -2.5541e+00 -3.7775e+00 -1.4165e+00
231 0 +2.774072030e-02 -5.762022593e+02 -5.762022593e+02 -2.5521e+00 -3.8087e+00 -1.3892e+00
283 0 +1.723817424e-02 -5.762127618e+02 -5.762127618e+02 -2.5548e+00 -3.8046e+00 -1.4096e+00
289 0 +1.411646014e-02 -5.762158835e+02 -5.762158835e+02 -2.5766e+00 -3.7944e+00 -1.4288e+00
291 0 +1.150908763e-02 -5.762184909e+02 -5.762184909e+02 -2.5582e+00 -3.8080e+00 -1.4187e+00
303 0 +2.556250729e-03 -5.762274437e+02 -5.762274437e+02 -2.5649e+00 -3.8037e+00 -1.4468e+00
339 0 +9.378130957e-04 -5.762290622e+02 -5.762290622e+02 -2.5733e+00 -3.7975e+00 -1.4601e+00
357 0 +7.502474028e-04 -5.762292498e+02 -5.762292498e+02 -2.5782e+00 -3.7983e+00 -1.4625e+00
358 0 +2.945392504e-04 -5.762297055e+02 -5.762297055e+02 -2.5703e+00 -3.7982e+00 -1.4650e+00
369 0 +8.687814227e-05 -5.762299131e+02 -5.762299131e+02 -2.5792e+00 -3.7952e+00 -1.4709e+00
423 0 +5.577141451e-06 -5.762299944e+02 -5.762299944e+02 -2.5776e+00 -3.7953e+00 -1.4722e+00
545 0 +3.672783123e-06 -5.762299963e+02 -5.762299963e+02 -2.5774e+00 -3.7954e+00 -1.4722e+00
557 0 +1.266787649e-06 -5.762299987e+02 -5.762299987e+02 -2.5777e+00 -3.7952e+00 -1.4726e+00
614 0 +4.988022511e-07 -5.762299995e+02 -5.762299995e+02 -2.5776e+00 -3.7952e+00 -1.4726e+00
693 0 +3.644005346e-07 -5.762299996e+02 -5.762299996e+02 -2.5776e+00 -3.7952e+00 -1.4727e+00
707 0 +2.919834969e-07 -5.762299997e+02 -5.762299997e+02 -2.5776e+00 -3.7953e+00 -1.4727e+00
709 0 +1.866497996e-07 -5.762299998e+02 -5.762299998e+02 -2.5776e+00 -3.7953e+00 -1.4727e+00
719 0 +1.829722578e-07 -5.762299998e+02 -5.762299998e+02 -2.5776e+00 -3.7952e+00 -1.4727e+00
730 0 +1.819536237e-07 -5.762299998e+02 -5.762299998e+02 -2.5775e+00 -3.7952e+00 -1.4727e+00
731 0 +1.551662763e-07 -5.762299998e+02 -5.762299998e+02 -2.5776e+00 -3.7953e+00 -1.4727e+00
755 0 +8.692461506e-08 -5.762299999e+02 -5.762299999e+02 -2.5776e+00 -3.7952e+00 -1.4728e+00
764 0 +3.337163434e-08 -5.762300000e+02 -5.762300000e+02 -2.5776e+00 -3.7952e+00 -1.4727e+00
812 0 +3.007107807e-08 -5.762300000e+02 -5.762300000e+02 -2.5776e+00 -3.7952e+00 -1.4728e+00
814 0 +2.729643711e-08 -5.762300000e+02 -5.762300000e+02 -2.5776e+00 -3.7952e+00 -1.4728e+00
821 0 +9.717041394e-09 -5.762300000e+02 -5.762300000e+02 -2.5776e+00 -3.7952e+00 -1.4728e+00
1304 0 +0.000000000e+00 -5.762300000e+02 -5.762300000e+02 -2.5776e+00 -3.7952e+00 -1.4728e+00
% f evaluations | g evaluations | best noise-free fitness - Fopt (7.936000000000e+01) + sum g_i+ | measured fitness | best measured fitness or single-digit g-values | x1 | x2...
1 0 +1.390496126e+03 +1.469856126e+03 +1.469856126e+03 -1.9030e+00 +1.6952e+00 +2.2287e+00
7 0 +1.269967377e+01 +9.205967377e+01 +9.205967377e+01 -2.6197e+00 +2.0814e+00 +1.0632e+00
75 0 +9.212167627e+00 +8.857216763e+01 +8.857216763e+01 -2.6257e+00 +2.9943e+00 +5.5588e-03
83 0 +2.312228216e+00 +8.167222822e+01 +8.167222822e+01 -2.1614e+00 +2.1043e+00 +4.0428e-01
142 0 +1.899308771e+00 +8.125930877e+01 +8.125930877e+01 -2.1781e+00 +2.0071e+00 +6.1557e-01
154 0 +7.392054952e-01 +8.009920550e+01 +8.009920550e+01 -1.9795e+00 +1.5847e+00 +6.0775e-01
155 0 +4.960909689e-01 +7.985609097e+01 +7.985609097e+01 -1.8479e+00 +1.5362e+00 +4.8546e-01
177 0 +3.652817200e-01 +7.972528172e+01 +7.972528172e+01 -1.8819e+00 +1.5889e+00 +2.2201e-01
191 0 +3.036700500e-01 +7.966367005e+01 +7.966367005e+01 -1.8518e+00 +1.5467e+00 +2.4346e-01
195 0 +1.801406138e-01 +7.954014061e+01 +7.954014061e+01 -1.8461e+00 +1.4757e+00 +1.5697e-01
197 0 +3.317913234e-02 +7.939317913e+01 +7.939317913e+01 -1.7554e+00 +1.4090e+00 -6.8231e-02
266 0 +2.415333780e-02 +7.938415334e+01 +7.938415334e+01 -1.7054e+00 +1.3913e+00 -1.2194e-01
290 0 +7.634070389e-03 +7.936763407e+01 +7.936763407e+01 -1.7334e+00 +1.3659e+00 -1.3488e-01
323 0 +4.616697799e-03 +7.936461670e+01 +7.936461670e+01 -1.7083e+00 +1.3571e+00 -1.1306e-01
345 0 +3.020227068e-03 +7.936302023e+01 +7.936302023e+01 -1.7222e+00 +1.3572e+00 -1.4117e-01
365 0 +2.950729159e-03 +7.936295073e+01 +7.936295073e+01 -1.7225e+00 +1.3558e+00 -1.2436e-01
366 0 +2.711574058e-04 +7.936027116e+01 +7.936027116e+01 -1.7074e+00 +1.3442e+00 -1.4488e-01
455 0 +2.677975182e-04 +7.936026780e+01 +7.936026780e+01 -1.7077e+00 +1.3439e+00 -1.4692e-01
467 0 +2.397371694e-04 +7.936023974e+01 +7.936023974e+01 -1.7068e+00 +1.3436e+00 -1.4402e-01
474 0 +1.976944699e-04 +7.936019769e+01 +7.936019769e+01 -1.7077e+00 +1.3435e+00 -1.4522e-01
477 0 +1.511626789e-04 +7.936015116e+01 +7.936015116e+01 -1.7069e+00 +1.3429e+00 -1.4323e-01
480 0 +1.306961084e-04 +7.936013070e+01 +7.936013070e+01 -1.7068e+00 +1.3424e+00 -1.4646e-01
491 0 +5.741838150e-05 +7.936005742e+01 +7.936005742e+01 -1.7069e+00 +1.3414e+00 -1.4511e-01
502 0 +4.499733966e-05 +7.936004500e+01 +7.936004500e+01 -1.7064e+00 +1.3410e+00 -1.4483e-01
514 0 +3.662092575e-05 +7.936003662e+01 +7.936003662e+01 -1.7064e+00 +1.3409e+00 -1.4601e-01
526 0 +2.803182562e-05 +7.936002803e+01 +7.936002803e+01 -1.7060e+00 +1.3403e+00 -1.4435e-01
532 0 +7.996226515e-06 +7.936000800e+01 +7.936000800e+01 -1.7058e+00 +1.3399e+00 -1.4623e-01
576 0 +4.226168159e-06 +7.936000423e+01 +7.936000423e+01 -1.7057e+00 +1.3396e+00 -1.4590e-01
655 0 +2.053380001e-06 +7.936000205e+01 +7.936000205e+01 -1.7056e+00 +1.3395e+00 -1.4637e-01
656 0 +1.268638528e-06 +7.936000127e+01 +7.936000127e+01 -1.7058e+00 +1.3394e+00 -1.4612e-01
687 0 +6.109220863e-07 +7.936000061e+01 +7.936000061e+01 -1.7057e+00 +1.3393e+00 -1.4617e-01
710 0 +5.196844910e-07 +7.936000052e+01 +7.936000052e+01 -1.7057e+00 +1.3394e+00 -1.4621e-01
735 0 +3.769309558e-07 +7.936000038e+01 +7.936000038e+01 -1.7057e+00 +1.3393e+00 -1.4618e-01
740 0 +1.984685412e-07 +7.936000020e+01 +7.936000020e+01 -1.7056e+00 +1.3393e+00 -1.4625e-01
750 0 +1.862813264e-07 +7.936000019e+01 +7.936000019e+01 -1.7057e+00 +1.3393e+00 -1.4631e-01
751 0 +1.042398168e-07 +7.936000010e+01 +7.936000010e+01 -1.7057e+00 +1.3393e+00 -1.4634e-01
760 0 +5.381212986e-08 +7.936000005e+01 +7.936000005e+01 -1.7056e+00 +1.3392e+00 -1.4633e-01
797 0 +3.206534416e-08 +7.936000003e+01 +7.936000003e+01 -1.7056e+00 +1.3392e+00 -1.4635e-01
800 0 +2.645617769e-08 +7.936000003e+01 +7.936000003e+01 -1.7056e+00 +1.3392e+00 -1.4635e-01
816 0 +1.190018395e-08 +7.936000001e+01 +7.936000001e+01 -1.7056e+00 +1.3392e+00 -1.4637e-01
819 0 +6.249109674e-09 +7.936000001e+01 +7.936000001e+01 -1.7056e+00 +1.3392e+00 -1.4638e-01
% f evaluations | g evaluations | best noise-free fitness - Fopt (-2.234600000000e+02) + sum g_i+ | measured fitness | best measured fitness or single-digit g-values | x1 | x2...
1 0 +6.178423337e+05 +6.176188737e+05 +6.176188737e+05 -9.5446e-01 -2.9979e+00 +1.1783e+00
2 0 +2.912632544e+05 +2.910397944e+05 +2.910397944e+05 -1.8061e+00 +8.9612e-01 +6.0583e-01
3 0 +1.232065910e+05 +1.229831310e+05 +1.229831310e+05 +8.7409e-01 +2.5129e+00 +2.0664e+00
7 0 +1.144615333e+05 +1.142380733e+05 +1.142380733e+05 -2.9147e-01 +1.8870e+00 -1.6565e+00
8 0 +7.327423617e+04 +7.305077617e+04 +7.305077617e+04 +2.1718e+00 +9.1555e-01 -5.0869e+00
11 0 +4.820891312e+04 +4.798545312e+04 +4.798545312e+04 +1.5117e+00 +3.5549e+00 +5.4630e-01
20 0 +3.665403291e+03 +3.441943291e+03 +3.441943291e+03 +1.6923e+00 +8.1001e+00 +2.7273e-01
23 0 +3.974888235e+01 -1.837111177e+02 -1.837111177e+02 +1.8374e+00 +7.2773e+00 -2.9850e+00
82 0 +2.321823348e+01 -2.002417665e+02 -2.002417665e+02 +1.8672e+00 +6.0382e+00 -3.5695e+00
100 0 +3.823290312e+00 -2.196367097e+02 -2.196367097e+02 +1.5258e+00 +4.2988e+00 -2.0692e+00
149 0 +3.572284068e+00 -2.198877159e+02 -2.198877159e+02 +1.6525e+00 +3.9457e+00 -2.6594e+00
154 0 +3.264372345e+00 -2.201956277e+02 -2.201956277e+02 +1.5769e+00 +3.8903e+00 -2.0514e+00
162 0 +2.492503746e+00 -2.209674963e+02 -2.209674963e+02 +2.3173e+00 +3.3269e+00 -3.5424e+00
167 0 +1.379688395e+00 -2.220803116e+02 -2.220803116e+02 +1.9167e+00 +3.6869e+00 -2.3442e+00
186 0 +9.232743442e-01 -2.225367257e+02 -2.225367257e+02 +2.2530e+00 +3.5177e+00 -2.8567e+00
233 0 +3.833193147e-01 -2.230766807e+02 -2.230766807e+02 +2.2450e+00 +3.3540e+00 -2.5667e+00
242 0 +2.629190853e-01 -2.231970809e+02 -2.231970809e+02 +2.3216e+00 +3.2345e+00 -2.7106e+00
244 0 +2.332350190e-01 -2.232267650e+02 -2.232267650e+02 +2.4287e+00 +3.2728e+00 -2.7230e+00
260 0 +1.077101376e-01 -2.233522899e+02 -2.233522899e+02 +2.4450e+00 +3.1900e+00 -2.6959e+00
277 0 +8.873902390e-02 -2.233712610e+02 -2.233712610e+02 +2.4337e+00 +3.0695e+00 -2.6713e+00
304 0 +7.752306440e-02 -2.233824769e+02 -2.233824769e+02 +2.4769e+00 +3.1070e+00 -2.7836e+00
312 0 +6.490105065e-02 -2.233950989e+02 -2.233950989e+02 +2.4853e+00 +3.1093e+00 -2.7667e+00
321 0 +6.338844074e-02 -2.233966116e+02 -2.233966116e+02 +2.4933e+00 +3.1182e+00 -2.7470e+00
329 0 +3.000836501e-02 -2.234299916e+02 -2.234299916e+02 +2.5059e+00 +3.0873e+00 -2.6912e+00
359 0 +2.526098853e-02 -2.234347390e+02 -2.234347390e+02 +2.4998e+00 +3.0601e+00 -2.7591e+00
361 0 +2.410932208e-02 -2.234358907e+02 -2.234358907e+02 +2.5084e+00 +3.0635e+00 -2.7512e+00
365 0 +5.168124161e-03 -2.234548319e+02 -2.234548319e+02 +2.5150e+00 +3.0349e+00 -2.7161e+00
392 0 +4.011764097e-03 -2.234559882e+02 -2.234559882e+02 +2.4963e+00 +3.0340e+00 -2.6970e+00
394 0 +2.030941323e-03 -2.234579691e+02 -2.234579691e+02 +2.5057e+00 +3.0247e+00 -2.7093e+00
429 0 +1.675597098e-03 -2.234583244e+02 -2.234583244e+02 +2.5171e+00 +3.0120e+00 -2.7278e+00
432 0 +2.822388787e-04 -2.234597178e+02 -2.234597178e+02 +2.5123e+00 +3.0119e+00 -2.7104e+00
485 0 +1.712848580e-04 -2.234598287e+02 -2.234598287e+02 +2.5157e+00 +3.0094e+00 -2.7137e+00
492 0 +1.525276741e-04 -2.234598475e+02 -2.234598475e+02 +2.5151e+00 +3.0094e+00 -2.7130e+00
505 0 +1.403593549e-04 -2.234598596e+02 -2.234598596e+02 +2.5139e+00 +3.0104e+00 -2.7084e+00
507 0 +1.114038292e-04 -2.234598886e+02 -2.234598886e+02 +2.5162e+00 +3.0084e+00 -2.7133e+00
512 0 +9.712104770e-05 -2.234599029e+02 -2.234599029e+02 +2.5157e+00 +3.0090e+00 -2.7118e+00
515 0 +8.039918566e-05 -2.234599196e+02 -2.234599196e+02 +2.5160e+00 +3.0089e+00 -2.7104e+00
521 0 +4.509945808e-05 -2.234599549e+02 -2.234599549e+02 +2.5168e+00 +3.0070e+00 -2.7127e+00
525 0 +3.024391606e-05 -2.234599698e+02 -2.234599698e+02 +2.5158e+00 +3.0078e+00 -2.7103e+00
526 0 +1.527611440e-05 -2.234599847e+02 -2.234599847e+02 +2.5158e+00 +3.0067e+00 -2.7106e+00
608 0 +9.343955412e-06 -2.234599907e+02 -2.234599907e+02 +2.5166e+00 +3.0061e+00 -2.7120e+00
646 0 +6.963018478e-06 -2.234599930e+02 -2.234599930e+02 +2.5168e+00 +3.0061e+00 -2.7117e+00
673 0 +5.082846997e-06 -2.234599949e+02 -2.234599949e+02 +2.5167e+00 +3.0059e+00 -2.7118e+00
690 0 +3.932958720e-06 -2.234599961e+02 -2.234599961e+02 +2.5167e+00 +3.0060e+00 -2.7116e+00
691 0 +3.304216136e-06 -2.234599967e+02 -2.234599967e+02 +2.5168e+00 +3.0058e+00 -2.7118e+00
713 0 +3.205376714e-06 -2.234599968e+02 -2.234599968e+02 +2.5166e+00 +3.0060e+00 -2.7115e+00
716 0 +3.061294620e-06 -2.234599969e+02 -2.234599969e+02 +2.5166e+00 +3.0061e+00 -2.7113e+00
721 0 +2.679193472e-06 -2.234599973e+02 -2.234599973e+02 +2.5168e+00 +3.0058e+00 -2.7116e+00
722 0 +1.711399932e-06 -2.234599983e+02 -2.234599983e+02 +2.5167e+00 +3.0058e+00 -2.7114e+00
731 0 +8.219059282e-07 -2.234599992e+02 -2.234599992e+02 +2.5167e+00 +3.0058e+00 -2.7113e+00
740 0 +3.060885092e-07 -2.234599997e+02 -2.234599997e+02 +2.5167e+00 +3.0057e+00 -2.7112e+00
741 0 +1.888406018e-07 -2.234599998e+02 -2.234599998e+02 +2.5168e+00 +3.0057e+00 -2.7112e+00
791 0 +1.751862442e-07 -2.234599998e+02 -2.234599998e+02 +2.5168e+00 +3.0057e+00 -2.7113e+00
792 0 +1.195571429e-07 -2.234599999e+02 -2.234599999e+02 +2.5168e+00 +3.0057e+00 -2.7112e+00
806 0 +9.914441534e-08 -2.234599999e+02 -2.234599999e+02 +2.5168e+00 +3.0057e+00 -2.7112e+00
813 0 +5.227525435e-08 -2.234599999e+02 -2.234599999e+02 +2.5168e+00 +3.0056e+00 -2.7112e+00
824 0 +2.422706302e-08 -2.234600000e+02 -2.234600000e+02 +2.5168e+00 +3.0056e+00 -2.7112e+00
837 0 +2.107171326e-08 -2.234600000e+02 -2.234600000e+02 +2.5168e+00 +3.0056e+00 -2.7112e+00
847 0 +1.929339533e-08 -2.234600000e+02 -2.234600000e+02 +2.5168e+00 +3.0056e+00 -2.7112e+00
848 0 +1.624195534e-08 -2.234600000e+02 -2.234600000e+02 +2.5168e+00 +3.0056e+00 -2.7112e+00
859 0 +1.333080490e-08 -2.234600000e+02 -2.234600000e+02 +2.5168e+00 +3.0056e+00 -2.7112e+00
862 0 +1.116430326e-08 -2.234600000e+02 -2.234600000e+02 +2.5168e+00 +3.0056e+00 -2.7112e+00
891 0 +5.792372804e-09 -2.234600000e+02 -2.234600000e+02 +2.5168e+00 +3.0056e+00 -2.7112e+00
% f evaluations | g evaluations | best noise-free fitness - Fopt (-6.793500000000e+02) + sum g_i+ | measured fitness | best measured fitness or single-digit g-values | x1 | x2...
1 0 +2.214001884e+05 +2.207208384e+05 +2.207208384e+05 -1.1757e+00 -4.9834e-01 +1.7183e+00
7 0 +7.803117114e+04 +7.735182114e+04 +7.735182114e+04 +1.0865e+00 -4.4590e-01 +3.4354e+00
10 0 +2.314626401e+04 +2.246691401e+04 +2.246691401e+04 -2.3041e-01 -2.6456e+00 +2.4922e+00
19 0 +7.792737826e+03 +7.113387826e+03 +7.113387826e+03 -1.3214e+00 -4.6368e+00 +3.2472e+00
21 0 +5.608079303e+03 +4.928729303e+03 +4.928729303e+03 -1.9672e+00 -2.8718e+00 +3.5362e+00
22 0 +3.830054570e+01 -6.410494543e+02 -6.410494543e+02 -1.7225e+00 -3.3194e+00 +7.5685e+00
38 0 +1.620044713e+01 -6.631495529e+02 -6.631495529e+02 -1.6773e-01 -3.5668e+00 +5.1044e+00
65 0 +1.253954510e+01 -6.668104549e+02 -6.668104549e+02 -1.4881e+00 -2.6712e+00 +6.2753e+00
72 0 +5.205617529e+00 -6.741443825e+02 -6.741443825e+02 -1.2639e+00 -3.1802e+00 +4.7915e+00
85 0 +1.382810194e+00 -6.779671898e+02 -6.779671898e+02 -1.7811e+00 -3.0080e+00 +4.3566e+00
110 0 +5.592508299e-01 -6.787907492e+02 -6.787907492e+02 -1.3026e+00 -3.3363e+00 +3.5590e+00
186 0 +3.866370442e-01 -6.789633630e+02 -6.789633630e+02 -1.6740e+00 -3.2294e+00 +3.7976e+00
205 0 +2.265749180e-01 -6.791234251e+02 -6.791234251e+02 -1.6336e+00 -3.1718e+00 +3.7218e+00
232 0 +1.476290116e-01 -6.792023710e+02 -6.792023710e+02 -1.4988e+00 -3.2802e+00 +3.5285e+00
244 0 +9.664695096e-02 -6.792533530e+02 -6.792533530e+02 -1.4792e+00 -3.2837e+00 +3.4418e+00
260 0 +7.966504161e-02 -6.792703350e+02 -6.792703350e+02 -1.5897e+00 -3.2679e+00 +3.5362e+00
268 0 +2.908584443e-02 -6.793209142e+02 -6.793209142e+02 -1.6283e+00 -3.2769e+00 +3.4775e+00
303 0 +1.574714385e-02 -6.793342529e+02 -6.793342529e+02 -1.5769e+00 -3.3000e+00 +3.4063e+00
347 0 +9.372946778e-03 -6.793406271e+02 -6.793406271e+02 -1.5823e+00 -3.3083e+00 +3.3917e+00
352 0 +1.238089425e-03 -6.793487619e+02 -6.793487619e+02 -1.6058e+00 -3.3193e+00 +3.3719e+00
427 0 +8.059380897e-04 -6.793491941e+02 -6.793491941e+02 -1.6075e+00 -3.3243e+00 +3.3677e+00
436 0 +6.735425704e-04 -6.793493265e+02 -6.793493265e+02 -1.6109e+00 -3.3201e+00 +3.3701e+00
440 0 +4.071948409e-04 -6.793495928e+02 -6.793495928e+02 -1.6064e+00 -3.3249e+00 +3.3619e+00
461 0 +2.711515954e-04 -6.793497288e+02 -6.793497288e+02 -1.6094e+00 -3.3245e+00 +3.3633e+00
467 0 +2.131480627e-04 -6.793497869e+02 -6.793497869e+02 -1.6078e+00 -3.3246e+00 +3.3598e+00
477 0 +7.424815442e-05 -6.793499258e+02 -6.793499258e+02 -1.6110e+00 -3.3256e+00 +3.3600e+00
507 0 +5.135980905e-05 -6.793499486e+02 -6.793499486e+02 -1.6098e+00 -3.3258e+00 +3.3577e+00
522 0 +2.980067552e-05 -6.793499702e+02 -6.793499702e+02 -1.6099e+00 -3.3266e+00 +3.3572e+00
531 0 +1.561398778e-05 -6.793499844e+02 -6.793499844e+02 -1.6105e+00 -3.3267e+00 +3.3571e+00
550 0 +1.421540537e-05 -6.793499858e+02 -6.793499858e+02 -1.6111e+00 -3.3267e+00 +3.3575e+00
558 0 +8.940863836e-06 -6.793499911e+02 -6.793499911e+02 -1.6110e+00 -3.3267e+00 +3.3572e+00
571 0 +6.525615390e-06 -6.793499935e+02 -6.793499935e+02 -1.6109e+00 -3.3271e+00 +3.3567e+00
572 0 +3.401151275e-06 -6.793499966e+02 -6.793499966e+02 -1.6111e+00 -3.3271e+00 +3.3566e+00
584 0 +2.494374826e-06 -6.793499975e+02 -6.793499975e+02 -1.6112e+00 -3.3269e+00 +3.3566e+00
595 0 +1.731796942e-06 -6.793499983e+02 -6.793499983e+02 -1.6110e+00 -3.3272e+00 +3.3563e+00
598 0 +7.812511740e-07 -6.793499992e+02 -6.793499992e+02 -1.6111e+00 -3.3272e+00 +3.3561e+00
653 0 +3.252038141e-07 -6.793499997e+02 -6.793499997e+02 -1.6112e+00 -3.3272e+00 +3.3561e+00
694 0 +3.018241159e-07 -6.793499997e+02 -6.793499997e+02 -1.6112e+00 -3.3272e+00 +3.3561e+00
703 0 +2.849772045e-07 -6.793499997e+02 -6.793499997e+02 -1.6112e+00 -3.3272e+00 +3.3561e+00
717 0 +1.816940767e-07 -6.793499998e+02 -6.793499998e+02 -1.6112e+00 -3.3272e+00 +3.3560e+00
762 0 +5.781316759e-08 -6.793499999e+02 -6.793499999e+02 -1.6112e+00 -3.3272e+00 +3.3560e+00
765 0 +2.515719189e-08 -6.793500000e+02 -6.793500000e+02 -1.6112e+00 -3.3272e+00 +3.3560e+00
798 0 +6.602817848e-09 -6.793500000e+02 -6.793500000e+02 -1.6112e+00 -3.3272e+00 +3.3560e+00
% f evaluations | g evaluations | best noise-free fitness - Fopt (-1.293700000000e+02) + sum g_i+ | measured fitness | best measured fitness or single-digit g-values | x1 | x2...
1 0 +1.161263866e+02 -1.324361342e+01 -1.324361342e+01 -2.8741e+00 -1.5335e+00 +7.5174e-01
2 0 +8.815455625e+01 -4.121544375e+01 -4.121544375e+01 +5.2224e-01 -7.1213e-01 +2.1500e+00
8 0 +8.640862703e+01 -4.296137297e+01 -4.296137297e+01 -4.8288e-01 -1.1063e+00 +2.5828e+00
10 0 +5.570844550e+01 -7.366155450e+01 -7.366155450e+01 -4.3860e+00 -1.0294e-01 +1.2138e+00
11 0 +3.230854712e+01 -9.706145288e+01 -9.706145288e+01 +5.1471e-01 +4.1859e-01 +3.6676e+00
21 0 +6.351207911e+00 -1.230187921e+02 -1.230187921e+02 -8.8798e-01 +1.6006e+00 +5.0945e+00
74 0 +2.978970333e+00 -1.263910297e+02 -1.263910297e+02 -7.1718e-01 +1.7913e+00 +4.4860e+00
109 0 +1.042115353e+00 -1.283278846e+02 -1.283278846e+02 -8.8825e-01 +2.0880e+00 +4.0259e+00
168 0 +8.802668184e-01 -1.284897332e+02 -1.284897332e+02 -1.1542e+00 +2.1012e+00 +3.6955e+00
185 0 +7.308694181e-01 -1.286391306e+02 -1.286391306e+02 -1.0157e+00 +2.1293e+00 +3.9462e+00
195 0 +2.507906916e-02 -1.293449209e+02 -1.293449209e+02 -1.3128e+00 +2.3657e+00 +3.6735e+00
388 0 +2.161205769e-02 -1.293483879e+02 -1.293483879e+02 -1.4174e+00 +2.3813e+00 +3.6181e+00
400 0 +1.939507586e-02 -1.293506049e+02 -1.293506049e+02 -1.3882e+00 +2.3757e+00 +3.6347e+00
406 0 +1.446303032e-02 -1.293555370e+02 -1.293555370e+02 -1.3977e+00 +2.3835e+00 +3.6360e+00
422 0 +1.408973297e-02 -1.293559103e+02 -1.293559103e+02 -1.3374e+00 +2.3785e+00 +3.6584e+00
426 0 +4.894615196e-03 -1.293651054e+02 -1.293651054e+02 -1.3337e+00 +2.3923e+00 +3.6590e+00
494 0 +4.686325096e-03 -1.293653137e+02 -1.293653137e+02 -1.3499e+00 +2.3982e+00 +3.6348e+00
498 0 +4.654288854e-03 -1.293653457e+02 -1.293653457e+02 -1.3404e+00 +2.3985e+00 +3.6387e+00
503 0 +3.285712298e-03 -1.293667143e+02 -1.293667143e+02 -1.3350e+00 +2.4003e+00 +3.6444e+00
527 0 +2.730625330e-03 -1.293672694e+02 -1.293672694e+02 -1.3421e+00 +2.3985e+00 +3.6481e+00
534 0 +2.513051550e-03 -1.293674869e+02 -1.293674869e+02 -1.3382e+00 +2.3994e+00 +3.6508e+00
544 0 +2.466220164e-03 -1.293675338e+02 -1.293675338e+02 -1.3458e+00 +2.4030e+00 +3.6385e+00
549 0 +2.453779976e-03 -1.293675462e+02 -1.293675462e+02 -1.3412e+00 +2.4019e+00 +3.6429e+00
556 0 +1.544105535e-03 -1.293684559e+02 -1.293684559e+02 -1.3402e+00 +2.4043e+00 +3.6439e+00
562 0 +1.074317332e-03 -1.293689257e+02 -1.293689257e+02 -1.3437e+00 +2.4040e+00 +3.6479e+00
579 0 +8.301101986e-04 -1.293691699e+02 -1.293691699e+02 -1.3448e+00 +2.4060e+00 +3.6451e+00
585 0 +4.346099168e-04 -1.293695654e+02 -1.293695654e+02 -1.3492e+00 +2.4074e+00 +3.6466e+00
595 0 +3.644298196e-04 -1.293696356e+02 -1.293696356e+02 -1.3525e+00 +2.4085e+00 +3.6446e+00
597 0 +2.569407143e-04 -1.293697431e+02 -1.293697431e+02 -1.3444e+00 +2.4089e+00 +3.6511e+00
618 0 +1.385236781e-04 -1.293698615e+02 -1.293698615e+02 -1.3432e+00 +2.4094e+00 +3.6485e+00
637 0 +1.053727382e-04 -1.293698946e+02 -1.293698946e+02 -1.3490e+00 +2.4108e+00 +3.6443e+00
638 0 +4.410809126e-05 -1.293699559e+02 -1.293699559e+02 -1.3441e+00 +2.4108e+00 +3.6467e+00
690 0 +3.278811516e-05 -1.293699672e+02 -1.293699672e+02 -1.3432e+00 +2.4109e+00 +3.6477e+00
708 0 +2.876002435e-05 -1.293699712e+02 -1.293699712e+02 -1.3442e+00 +2.4110e+00 +3.6476e+00
716 0 +2.521887430e-05 -1.293699748e+02 -1.293699748e+02 -1.3438e+00 +2.4111e+00 +3.6472e+00
718 0 +1.422383588e-05 -1.293699858e+02 -1.293699858e+02 -1.3445e+00 +2.4114e+00 +3.6474e+00
723 0 +7.134546848e-06 -1.293699929e+02 -1.293699929e+02 -1.3447e+00 +2.4116e+00 +3.6471e+00
732 0 +5.315961602e-06 -1.293699947e+02 -1.293699947e+02 -1.3450e+00 +2.4116e+00 +3.6468e+00
740 0 +4.501855869e-06 -1.293699955e+02 -1.293699955e+02 -1.3449e+00 +2.4116e+00 +3.6464e+00
742 0 +4.423634635e-06 -1.293699956e+02 -1.293699956e+02 -1.3449e+00 +2.4117e+00 +3.6469e+00
751 0 +3.814731627e-06 -1.293699962e+02 -1.293699962e+02 -1.3454e+00 +2.4117e+00 +3.6461e+00
758 0 +4.959354385e-07 -1.293699995e+02 -1.293699995e+02 -1.3449e+00 +2.4119e+00 +3.6464e+00
808 0 +1.781718595e-07 -1.293699998e+02 -1.293699998e+02 -1.3448e+00 +2.4119e+00 +3.6464e+00
899 0 +1.515980443e-07 -1.293699998e+02 -1.293699998e+02 -1.3448e+00 +2.4119e+00 +3.6465e+00
904 0 +4.166597023e-08 -1.293700000e+02 -1.293700000e+02 -1.3448e+00 +2.4120e+00 +3.6464e+00
955 0 +3.900930778e-08 -1.293700000e+02 -1.293700000e+02 -1.3448e+00 +2.4120e+00 +3.6464e+00
962 0 +2.743024652e-08 -1.293700000e+02 -1.293700000e+02 -1.3448e+00 +2.4120e+00 +3.6464e+00
970 0 +1.652881565e-08 -1.293700000e+02 -1.293700000e+02 -1.3448e+00 +2.4120e+00 +3.6464e+00
983 0 +8.329863022e-09 -1.293700000e+02 -1.293700000e+02 -1.3448e+00 +2.4120e+00 +3.6464e+00
