% f evaluations | g evaluations | best noise-free fitness - Fopt (-4.620900000000e+02) + sum g_i+ | measured fitness | best measured fitness or single-digit g-values | x1 | x2...
1 0 +1.842528673e+03 +1.380438673e+03 +1.380438673e+03 -2.9911e+00 -6.5365e-01 +1.7243e-01 -4.0406e+00 +3.5610e+00 -3.8038e+00 +3.8416e+00 +1.3996e+00 -2.2641e+00 -3.4973e-02
3 0 +9.547229177e+02 +4.926329177e+02 +4.926329177e+02 +3.7687e+00 -8.3704e-01 +3.6450e+00 +2.2299e+00 -7.3527e-01 -3.4465e+00 -2.1462e+00 +7.5424e-01 +2.0071e+00 -1.3118e+00
5 0 +5.313487740e+02 +6.925877397e+01 +6.925877397e+01 +2.8897e-01 -3.4560e+00 -4.5617e+00 +3.2245e-01 -2.6775e+00 +1.6247e+00 +1.1696e+00 +4.6804e+00 +3.6874e-01 +4.6064e+00
33 0 +3.114729728e+02 -1.506170272e+02 -1.506170272e+02 +1.7682e+00 -2.3231e+00 +1.9859e+00 +2.1694e+00 -1.4355e+00 +2.0541e+00 +2.3950e+00 +3.8231e+00 +1.5347e+00 +3.4809e+00
181 0 +2.457096988e+02 -2.163803012e+02 -2.163803012e+02 -8.0215e-01 +4.9742e-01 +1.7243e-01 -4.0406e+00 +2.8648e+00 +1.1093e+00 +8.1532e-01 +2.1715e+00 +9.6507e-01 -3.4973e-02
223 0 +2.402388035e+02 -2.218511965e+02 -2.218511965e+02 +3.3420e+00 +1.3769e+00 -1.8977e+00 -5.4320e-01 +1.8801e+00 +2.8711e+00 +1.3022e+00 +1.7821e+00 +1.9878e+00 -6.9842e-01
347 0 +1.904678712e+02 -2.716221288e+02 -2.716221288e+02 +1.2980e+00 -1.1225e+00 +3.2532e-01 -1.2304e+00 -1.4144e+00 +1.1494e+00 +7.7191e-01 +4.0832e+00 +8.3574e-01 +7.7271e-01
511 0 +1.824976650e+02 -2.795923350e+02 -2.795923350e+02 +7.6718e-02 +3.6513e+00 -9.9793e-01 -1.5034e+00 +2.3404e+00 +5.7907e-01 +1.4762e+00 +3.3518e+00 +4.5686e-01 -7.4578e-01
513 0 +1.438024902e+02 -3.182875098e+02 -3.182875098e+02 +1.7405e-01 -6.8568e-01 +2.2988e+00 +1.2319e+00 +7.9297e-01 +2.0541e+00 +2.3950e+00 +1.3335e+00 +1.2093e+00 -2.1369e-01
621 0 +1.228319223e+02 -3.392580777e+02 -3.392580777e+02 -8.0215e-01 +5.0000e+00 -7.8345e-01 +2.3269e+00 +1.8337e+00 +3.7414e+00 +8.1532e-01 +2.1715e+00 +9.6507e-01 -3.4973e-02
661 0 +1.146640886e+02 -3.474259114e+02 -3.474259114e+02 -8.0215e-01 +4.7752e-01 -7.8345e-01 +2.3269e+00 +1.8337e+00 +3.7414e+00 +8.1532e-01 +2.1715e+00 +1.0754e+00 -3.4973e-02
745 0 +9.951781695e+01 -3.625721830e+02 -3.625721830e+02 +2.1415e+00 +1.6589e+00 +9.5485e-01 +1.2250e-01 +1.7969e+00 +1.6094e+00 +1.2095e+00 +1.7766e+00 +5.3443e-01 +5.9267e-01
1125 0 +9.443913207e+01 -3.676508679e+02 -3.676508679e+02 +2.1221e+00 +3.3054e+00 +3.1424e-01 +2.4707e-01 +1.1176e+00 +1.4366e+00 +2.6384e+00 +3.0910e+00 +1.0275e+00 -6.1193e-01
1205 0 +8.330864579e+01 -3.787813542e+02 -3.787813542e+02 +2.1221e+00 +2.4204e+00 +3.1424e-01 +2.4707e-01 +1.6468e+00 +1.4366e+00 +2.6384e+00 +1.7530e+00 +1.0275e+00 -6.1193e-01
1285 0 +6.420513079e+01 -3.978848692e+02 -3.978848692e+02 +2.1221e+00 +2.4204e+00 +1.6121e+00 +2.2176e+00 +1.6468e+00 +1.4366e+00 +2.6384e+00 +2.5143e+00 +1.0275e+00 -6.1193e-01
1799 0 +5.114914939e+01 -4.109408506e+02 -4.109408506e+02 +1.4123e+00 +2.1965e+00 +2.1877e+00 +1.4745e+00 +1.5970e+00 +2.0783e+00 +1.8450e+00 +2.9908e+00 +7.6732e-01 +6.1749e-01
2249 0 +4.693639744e+01 -4.151536026e+02 -4.151536026e+02 +4.2604e-01 +7.5473e-01 +1.3901e+00 +4.5414e-01 +2.2605e+00 +2.1501e+00 +2.0211e+00 +2.5355e+00 +1.5113e+00 +9.8746e-02
2307 0 +4.386480401e+01 -4.182251960e+02 -4.182251960e+02 +1.2681e+00 +2.3358e+00 +1.4332e+00 +1.6264e+00 +1.5761e+00 +1.5690e+00 +2.4949e+00 +2.5951e+00 +1.3810e+00 -3.7899e-02
2399 0 +4.274101229e+01 -4.193489877e+02 -4.193489877e+02 +1.4070e+00 +2.1965e+00 +2.1877e+00 +1.4745e+00 +1.4956e+00 +2.0783e+00 +1.9901e+00 +2.9908e+00 +1.8767e+00 +6.1749e-01
2615 0 +3.652592763e+01 -4.255640724e+02 -4.255640724e+02 +1.4618e+00 +2.2356e+00 +2.1627e+00 +2.7505e+00 +1.5682e+00 +1.6561e+00 +2.4922e+00 +2.6007e+00 +7.5244e-01 -2.8455e-01
2815 0 +2.842345199e+01 -4.336665480e+02 -4.336665480e+02 +1.4618e+00 +2.2356e+00 +2.1627e+00 +1.3193e+00 +1.5682e+00 +2.2016e+00 +2.4922e+00 +2.6007e+00 +7.5244e-01 -2.8455e-01
2885 0 +2.709970848e+01 -4.349902915e+02 -4.349902915e+02 +1.3436e+00 +2.2044e+00 +1.3623e+00 +2.1021e+00 +1.6468e+00 +2.1442e+00 +2.6384e+00 +2.9848e+00 +1.0275e+00 -6.0783e-01
3005 0 +2.656817066e+01 -4.355218293e+02 -4.355218293e+02 +1.3436e+00 +2.2044e+00 +1.3623e+00 +2.1021e+00 +1.6468e+00 +2.1588e+00 +2.6384e+00 +2.9848e+00 +1.0275e+00 -6.0783e-01
3625 0 +2.335878439e+01 -4.387312156e+02 -4.387312156e+02 +1.4038e+00 +3.2410e+00 +2.1944e+00 +1.9138e+00 +1.2409e+00 +2.1905e+00 +2.0903e+00 +2.5910e+00 +1.4157e+00 +4.8572e-02
% f evaluations | g evaluations | best noise-free fitness - Fopt (7.766000000000e+01) + sum g_i+ | measured fitness | best measured fitness or single-digit g-values | x1 | x2...
1 0 +1.924636222e+04 +1.932402222e+04 +1.932402222e+04 -2.5173e+00 -3.1829e-01 +2.9683e+00 +2.9436e+00 +4.1766e+00 -1.5835e+00 +4.6704e+00 -1.8938e+00 +3.7964e+00 +2.7875e+00
2 0 +1.788232380e+04 +1.795998380e+04 +1.795998380e+04 -2.6655e+00 +2.9477e+00 +2.3729e+00 +3.6600e+00 +1.3940e+00 -1.1028e+00 -3.6001e+00 +4.1150e+00 +4.8886e+00 +1.4778e+00
3 0 +5.752248091e+02 +6.528848091e+02 +6.528848091e+02 +7.8002e-01 +1.0900e+00 -7.6011e-02 -1.4621e+00 -4.9136e+00 +2.2250e+00 -3.6093e-01 -4.9085e+00 -2.9312e+00 -1.4999e+00
6 0 +5.413667437e+02 +6.190267437e+02 +6.190267437e+02 +3.1504e+00 +1.5649e+00 +6.2677e-01 +1.2779e+00 -3.7179e+00 -4.1476e+00 -6.0032e-01 +2.0826e+00 -7.4285e-01 +8.7330e-01
115 0 +3.789186156e+02 +4.565786156e+02 +4.565786156e+02 -1.4269e+00 -5.0000e+00 +5.7385e-01 -1.8916e+00 +2.4351e+00 +1.1290e+00 -3.2029e+00 -3.8425e+00 -1.7573e+00 -4.5679e+00
155 0 +2.384810688e+02 +3.161410688e+02 +3.161410688e+02 -1.4269e+00 +4.8994e-01 +5.7385e-01 +5.0000e+00 +2.4351e+00 +1.1290e+00 -3.2029e+00 +2.1863e-01 -1.7573e+00 -2.7878e+00
469 0 +2.279635859e+02 +3.056235859e+02 +3.056235859e+02 -1.1518e+00 +7.8656e-01 +3.3892e-03 +1.2642e+00 -1.5321e+00 -1.4800e+00 -2.2400e+00 +4.3560e-02 -1.4383e+00 -4.4131e+00
551 0 +1.961810778e+02 +2.738410778e+02 +2.738410778e+02 +8.5223e-01 -3.8064e+00 -2.5938e+00 +4.0844e+00 +2.0418e+00 +2.2438e+00 -1.0754e+00 +1.3601e-01 -1.6052e+00 -5.0000e+00
673 0 +1.753447734e+02 +2.530047734e+02 +2.530047734e+02 -9.7443e-01 -1.7589e+00 +1.1176e+00 +5.0000e+00 +1.8218e+00 -1.3330e+00 -1.0954e-01 -4.7765e-01 -7.6970e-01 -2.4813e+00
793 0 +1.630889161e+02 +2.407489161e+02 +2.407489161e+02 +1.9148e+00 +9.3745e-01 +1.1176e+00 +5.0000e+00 +1.8218e+00 -1.3330e+00 -1.8359e+00 -4.7765e-01 -7.6970e-01 -5.0000e+00
849 0 +1.347220755e+02 +2.123820755e+02 +2.123820755e+02 -2.7350e+00 -5.6323e-01 +5.7836e-01 +5.0000e+00 +9.2248e-01 +6.7106e-01 +1.0304e-01 -1.0615e+00 -1.1588e+00 -4.1520e+00
989 0 +1.198831360e+02 +1.975431360e+02 +1.975431360e+02 +2.8833e+00 -1.6718e+00 +1.1715e+00 +2.4894e+00 +2.0584e+00 -1.4800e+00 -1.9236e-01 +4.3560e-02 -1.2349e-01 -3.7551e+00
1109 0 +1.043813536e+02 +1.820413536e+02 +1.820413536e+02 +2.8833e+00 -1.6718e+00 +1.1715e+00 +2.4894e+00 +2.0584e+00 -1.4800e+00 +1.3130e-01 +4.3560e-02 -9.3868e-02 -3.7551e+00
1255 0 +8.654197626e+01 +1.642019763e+02 +1.642019763e+02 +6.4540e-01 -2.3209e+00 +3.6614e-01 +3.0668e+00 +2.0508e+00 -7.8658e-01 +5.5669e-01 -3.2231e-01 -5.7935e-01 -3.4814e+00
1459 0 +8.249563750e+01 +1.601556375e+02 +1.601556375e+02 -4.9402e-01 +3.2486e-02 +5.4387e-01 +4.0334e+00 +1.8328e+00 -5.3843e-01 +5.1562e-01 -9.5113e-01 -8.4378e-01 -5.0000e+00
1587 0 +7.827191371e+01 +1.559319137e+02 +1.559319137e+02 -8.7059e-01 +1.0539e+00 +4.5059e-01 +2.0316e+00 +1.3960e+00 -1.6097e+00 -4.9227e-02 +5.3443e-02 -8.9568e-02 -3.5049e+00
1627 0 +6.589707286e+01 +1.435570729e+02 +1.435570729e+02 -8.7059e-01 +1.0539e+00 +4.5059e-01 +3.8574e+00 +1.3960e+00 -1.6097e+00 +5.6408e-01 -3.1735e-01 -8.9568e-02 -3.5049e+00
1815 0 +5.781481312e+01 +1.354748131e+02 +1.354748131e+02 +6.4540e-01 -2.3209e+00 +1.2243e+00 +5.0000e+00 +2.4247e+00 -1.2294e+00 +5.5669e-01 +4.6527e-01 -5.7935e-01 -4.1353e+00
1855 0 +4.865602385e+01 +1.263160238e+02 +1.263160238e+02 +6.4540e-01 -2.3209e+00 +1.2243e+00 +3.1482e+00 +2.4247e+00 -1.2294e+00 +5.5669e-01 +1.0330e-01 -5.7935e-01 -4.1353e+00
2095 0 +4.594514668e+01 +1.236051467e+02 +1.236051467e+02 +6.4540e-01 -2.3209e+00 +3.2506e-01 +3.3093e+00 +1.3437e+00 -1.2294e+00 +5.5669e-01 +1.0330e-01 -5.7935e-01 -3.8912e+00
2519 0 +4.515815518e+01 +1.228181552e+02 +1.228181552e+02 +3.5540e-01 -1.7515e+00 +3.7887e-01 +3.3701e+00 +2.2844e+00 -6.2673e-01 -3.5024e-01 +5.8632e-01 -1.2754e-01 -3.9006e+00
2695 0 +4.434106873e+01 +1.220010687e+02 +1.220010687e+02 +6.4540e-01 -2.3209e+00 +2.7025e-01 +3.3093e+00 +1.3437e+00 -5.5676e-01 +5.5669e-01 +1.0330e-01 -5.7935e-01 -3.8912e+00
2787 0 +3.351187168e+01 +1.111718717e+02 +1.111718717e+02 -8.7059e-01 -9.0069e-01 +1.2237e+00 +4.1250e+00 +1.8606e+00 -5.8625e-01 +5.6408e-01 -3.1735e-01 +1.7161e-01 -3.5049e+00
2981 0 +2.613697815e+01 +1.037969782e+02 +1.037969782e+02 +3.2895e-01 -1.7160e+00 +4.6494e-01 +4.1222e+00 +1.7753e+00 -5.9794e-01 +1.6887e-01 +9.8025e-01 -1.9342e-01 -4.1376e+00
% f evaluations | g evaluations | best noise-free fitness - Fopt (1.156800000000e+02) + sum g_i+ | measured fitness | best measured fitness or single-digit g-values | x1 | x2...
1 0 +3.892079326e+02 +5.048879326e+02 +5.048879326e+02 -4.3368e+00 +1.9069e-01 -2.9295e+00 +4.7731e+00 +2.5112e+00 -2.1814e+00 -1.6224e+00 -7.2777e-01 +1.2746e+00 -3.0271e+00
131 0 +2.634374370e+02 +3.791174370e+02 +3.791174370e+02 -2.0186e-01 +1.9290e+00 -1.5505e+00 +1.1133e+00 -5.5640e-01 -2.0194e+00 +2.1896e-01 +4.2347e+00 +3.1211e+00 -8.0399e-01
251 0 +2.364022972e+02 +3.520822972e+02 +3.520822972e+02 -2.0186e-01 +1.9290e+00 -2.4006e+00 +1.1133e+00 +1.1437e+00 -5.0000e+00 +2.1896e-01 +4.2347e+00 +3.1211e+00 -8.0399e-01
485 0 +2.275607268e+02 +3.432407268e+02 +3.432407268e+02 -4.1828e-02 -1.7477e-01 -1.2466e+00 -3.4876e-01 -7.3251e-01 -5.0000e+00 +3.1478e+00 +5.0000e+00 +2.5995e+00 -2.8944e+00
521 0 +2.223048768e+02 +3.379848768e+02 +3.379848768e+02 +9.3358e-01 -1.2714e+00 +6.2127e-01 +3.1119e+00 +3.4305e+00 -5.0000e+00 +1.2296e+00 +3.1655e-01 +3.6142e+00 -4.1140e+00
607 0 +2.018223465e+02 +3.175023465e+02 +3.175023465e+02 +5.1327e-01 +1.1365e+00 -2.9275e+00 +4.1688e+00 +2.9452e+00 -5.0000e+00 +1.3980e+00 +6.5735e-01 +3.1858e+00 -1.2148e+00
651 0 +1.843876489e+02 +3.000676489e+02 +3.000676489e+02 -1.0824e-02 +2.7923e+00 -2.4006e+00 +1.1133e+00 +1.1437e+00 -5.0000e+00 +3.3921e+00 +4.2347e+00 +3.1211e+00 -1.3456e+00
673 0 +1.568009693e+02 +2.724809693e+02 +2.724809693e+02 +1.0664e-01 -3.4340e-01 -2.4197e+00 -7.0850e-01 +2.0505e+00 -2.6069e+00 +2.9874e+00 +4.0429e+00 +3.5685e+00 -2.1967e+00
815 0 +1.543434494e+02 +2.700234494e+02 +2.700234494e+02 -1.6103e+00 +6.4242e-01 -1.2223e+00 +2.2306e+00 +3.0048e+00 -2.1701e+00 +2.9601e+00 +4.6244e-01 +2.4566e+00 -2.0501e+00
829 0 +1.408902352e+02 +2.565702352e+02 +2.565702352e+02 +2.1849e+00 +6.6856e-01 -3.5520e+00 +5.0000e+00 +3.1552e+00 -1.3662e+00 +2.9500e+00 +1.5163e+00 +2.6057e+00 -2.7006e+00
865 0 +1.328315748e+02 +2.485115748e+02 +2.485115748e+02 -3.9122e-02 +1.0514e+00 +1.2710e-01 +5.0000e+00 +3.7463e+00 -1.6029e+00 +3.5731e+00 +2.6308e+00 +3.4129e+00 -2.0042e+00
881 0 +1.056979947e+02 +2.213779947e+02 +2.213779947e+02 -1.2186e+00 +3.1806e-02 -2.1298e+00 +3.1119e+00 +3.4305e+00 -2.8968e+00 +2.6635e+00 +2.3167e+00 +3.6142e+00 -9.3914e-01
993 0 +9.817045246e+01 +2.138504525e+02 +2.138504525e+02 +1.0664e-01 -1.2331e+00 -2.4197e+00 +2.3154e+00 +3.5594e+00 -3.5252e+00 +2.9874e+00 +1.1642e+00 +3.5344e+00 -2.1967e+00
1001 0 +9.697874165e+01 +2.126587417e+02 +2.126587417e+02 -1.2186e+00 +3.1806e-02 -2.1298e+00 +3.1119e+00 +3.4305e+00 -2.6569e+00 +3.5036e+00 +2.4310e+00 +3.6142e+00 -9.3914e-01
1089 0 +9.282275932e+01 +2.085027593e+02 +2.085027593e+02 +1.2274e+00 +5.9078e-01 -5.8479e-01 +4.6516e+00 +2.9000e+00 -3.1831e+00 +3.0531e+00 +3.3580e+00 +3.4388e+00 -2.9458e+00
1217 0 +8.401154845e+01 +1.996915484e+02 +1.996915484e+02 +1.2123e+00 +4.2103e-01 -2.1493e+00 +3.1857e+00 +2.5543e+00 -3.8327e+00 +3.0018e+00 +1.2513e+00 +3.2524e+00 -2.2829e+00
1385 0 +8.167304159e+01 +1.973530416e+02 +1.973530416e+02 -3.9122e-02 +6.6707e-01 -1.1263e+00 +1.8434e+00 +2.5024e+00 -1.6029e+00 +2.9974e+00 +2.3720e+00 +3.4129e+00 -2.0042e+00
1439 0 +7.939883691e+01 +1.950788369e+02 +1.950788369e+02 +3.1682e-03 +2.9508e-02 +1.4980e-01 +5.0000e+00 +2.9463e+00 -4.2842e+00 +2.6175e+00 +2.4768e+00 +3.8666e+00 -9.4954e-01
1593 0 +7.599512065e+01 +1.916751207e+02 +1.916751207e+02 +1.0664e-01 +5.1025e-01 +1.4802e-01 +2.2103e+00 +2.4928e+00 -2.2639e+00 +3.0394e+00 +3.3245e+00 +3.5657e+00 -1.9144e+00
1663 0 +6.767724292e+01 +1.833572429e+02 +1.833572429e+02 +1.1733e+00 -3.1550e-01 -6.8870e-01 +3.1119e+00 +2.4310e+00 -2.2379e+00 +3.4348e+00 +2.3440e+00 +3.4766e+00 -3.1333e+00
1703 0 +6.411317837e+01 +1.797931784e+02 +1.797931784e+02 +1.2059e+00 -3.1550e-01 -6.8870e-01 +3.1119e+00 +2.4310e+00 -2.2379e+00 +3.4830e+00 +2.3440e+00 +3.2667e+00 -3.1333e+00
1959 0 +5.867404663e+01 +1.743540466e+02 +1.743540466e+02 +2.2716e+00 -8.4277e-01 -1.0940e+00 +2.8094e+00 +2.9463e+00 -4.2842e+00 +2.6175e+00 +2.8104e+00 +3.2554e+00 -1.6144e+00
2263 0 +5.413436445e+01 +1.698143645e+02 +1.698143645e+02 +1.2059e+00 -3.1550e-01 -6.8870e-01 +3.9559e+00 +2.4310e+00 -3.3063e+00 +3.4830e+00 +2.3440e+00 +3.5718e+00 -2.0765e+00
2567 0 +5.216779851e+01 +1.678477985e+02 +1.678477985e+02 +5.0493e-01 +6.5047e-03 +2.2658e-01 +3.7169e+00 +2.9300e+00 -3.6895e+00 +3.5524e+00 +2.6403e+00 +3.4463e+00 -2.2620e+00
2699 0 +4.919632627e+01 +1.648763263e+02 +1.648763263e+02 +2.7672e-01 +8.6116e-01 +1.4116e-01 +3.7996e+00 +2.9425e+00 -3.9116e+00 +3.4765e+00 +2.8110e+00 +3.6137e+00 -2.3732e+00
2703 0 +3.039499476e+01 +1.460749948e+02 +1.460749948e+02 +1.2059e+00 -1.9103e+00 -6.8870e-01 +3.9559e+00 +2.4310e+00 -3.3063e+00 +3.4830e+00 +2.3440e+00 +3.9154e+00 -2.2880e+00
3519 0 +2.782518360e+01 +1.435051836e+02 +1.435051836e+02 +2.2716e+00 -8.4277e-01 -6.1303e-01 +2.2327e+00 +2.9463e+00 -4.2842e+00 +3.5402e+00 +2.8104e+00 +3.1468e+00 -1.6144e+00
% f evaluations | g evaluations | best noise-free fitness - Fopt (-3.710000000000e+00) + sum g_i+ | measured fitness | best measured fitness or single-digit g-values | x1 | x2...
1 0 +2.750086532e+03 +2.746376532e+03 +2.746376532e+03 -1.4277e+00 +2.1978e+00 -4.8821e+00 -4.3536e+00 -4.4718e+00 +1.5838e+00 -4.7228e+00 -2.6554e-01 +4.0777e+00 +4.4321e+00
4 0 +2.913379489e+02 +2.876279489e+02 +2.876279489e+02 +1.0640e+00 -7.4755e-01 +2.0880e+00 -1.2994e+00 +3.3917e+00 +2.5718e+00 -2.8998e+00 -1.1332e+00 -1.4670e-01 -7.3968e-01
215 0 +2.880125237e+02 +2.843025237e+02 +2.843025237e+02 +1.2602e+00 -3.2922e+00 -4.8228e-01 +2.4976e+00 +1.5922e+00 -1.3568e+00 -2.9625e+00 -1.7004e+00 +1.3896e+00 +2.6206e+00
347 0 +2.030548388e+02 +1.993448388e+02 +1.993448388e+02 +1.0640e+00 -7.4755e-01 +2.0880e+00 +4.2669e+00 +3.3917e+00 +2.5718e+00 -1.7674e-02 -5.0000e+00 +2.0868e+00 -7.3968e-01
415 0 +1.921738705e+02 +1.884638705e+02 +1.884638705e+02 +1.2602e+00 -3.2922e+00 -4.8228e-01 +3.5542e+00 +1.5922e+00 +3.6128e+00 -2.9625e+00 -1.7004e+00 +1.3896e+00 +2.6206e+00
535 0 +1.757942411e+02 +1.720842411e+02 +1.720842411e+02 -1.1613e-02 -3.2922e+00 +1.2757e-01 +1.5496e+00 +1.5922e+00 +3.6128e+00 -2.1854e+00 -1.7004e+00 +1.3896e+00 +2.6206e+00
627 0 +1.679015856e+02 +1.641915856e+02 +1.641915856e+02 +1.0640e+00 -3.0733e+00 +1.9136e+00 +4.2669e+00 +2.1819e+00 +2.5718e+00 +1.6696e-01 -3.2063e+00 +2.0868e+00 +2.5130e+00
683 0 +1.459374586e+02 +1.422274586e+02 +1.422274586e+02 +2.7117e+00 -3.1560e+00 +1.6994e+00 +4.0134e+00 +8.1874e-01 +3.5574e+00 -3.1852e+00 -2.4786e+00 +1.3417e+00 +1.3181e+00
769 0 +1.386945698e+02 +1.349845698e+02 +1.349845698e+02 -1.0044e+00 -4.6285e+00 +3.6349e-01 +4.3738e+00 +1.9312e+00 +2.5368e+00 -2.1407e+00 -1.5265e+00 +1.5379e+00 -3.0571e-01
775 0 +1.375667845e+02 +1.338567845e+02 +1.338567845e+02 -1.1613e-02 -3.2922e+00 +2.0834e+00 +1.9685e+00 +1.5303e+00 +4.6554e+00 -1.4652e+00 -1.7004e+00 +1.5813e+00 +1.9897e+00
809 0 +1.273721228e+02 +1.236621228e+02 +1.236621228e+02 -1.0044e+00 -3.2475e+00 +3.6349e-01 +4.3738e+00 +3.0419e+00 +2.5368e+00 -2.1407e+00 -1.6493e+00 +1.8250e+00 -3.0571e-01
883 0 +1.085536883e+02 +1.048436883e+02 +1.048436883e+02 +2.7117e+00 -4.9438e+00 +1.6994e+00 +4.0134e+00 +8.1874e-01 +4.7007e+00 -3.9941e-01 -2.4786e+00 +1.3417e+00 -1.1098e-01
907 0 +1.035444238e+02 +9.983442378e+01 +9.983442378e+01 +1.0640e+00 -3.0733e+00 +1.9136e+00 +4.2669e+00 +1.6049e+00 +2.5718e+00 -1.1020e+00 -8.5189e-01 +2.0448e+00 +3.7942e-01
1013 0 +9.359101054e+01 +8.988101054e+01 +8.988101054e+01 +2.4026e+00 -4.1466e+00 +1.7382e+00 +5.0000e+00 +1.9546e+00 +4.1974e+00 -1.1560e+00 -2.8580e+00 +2.2772e+00 +1.8685e+00
1027 0 +7.812692022e+01 +7.441692022e+01 +7.441692022e+01 +1.0640e+00 -3.0733e+00 +1.9136e+00 +1.8344e+00 +2.5089e+00 +2.5718e+00 -1.1020e+00 -8.5189e-01 +2.0448e+00 +6.5489e-01
1451 0 +7.503401685e+01 +7.132401685e+01 +7.132401685e+01 +2.1060e+00 -5.0000e+00 +1.8338e+00 +3.3095e+00 +2.7743e+00 +3.1337e+00 +1.3682e-01 -2.4294e+00 +1.3744e+00 +3.4034e-01
1519 0 +7.290671224e+01 +6.919671224e+01 +6.919671224e+01 +1.5435e+00 -5.0000e+00 +1.1228e+00 +3.8714e+00 +3.0558e+00 +3.5739e+00 -6.2526e-02 -1.1038e+00 +1.5579e+00 +6.9302e-01
1569 0 +5.963187259e+01 +5.592187259e+01 +5.592187259e+01 +1.0412e+00 -3.2475e+00 +3.6349e-01 +3.9222e+00 +3.0566e+00 +2.5368e+00 -4.2468e-01 -1.5959e+00 +2.2484e+00 -3.0571e-01
1911 0 +5.751287307e+01 +5.380287307e+01 +5.380287307e+01 +3.3238e+00 -5.0000e+00 +1.7677e+00 +3.8548e+00 +2.4138e+00 +3.5519e+00 -7.5980e-01 -1.5888e+00 +1.9798e+00 +2.2967e-01
1951 0 +4.422934031e+01 +4.051934031e+01 +4.051934031e+01 +2.1896e+00 -5.0000e+00 +1.7677e+00 +3.8548e+00 +2.4138e+00 +3.5519e+00 -7.5980e-01 -1.5888e+00 +1.9798e+00 -7.7218e-02
3113 0 +4.096395349e+01 +3.725395349e+01 +3.725395349e+01 +2.1135e+00 -5.0000e+00 +9.8795e-01 +2.6369e+00 +2.4802e+00 +3.1935e+00 -3.7433e-01 -2.3482e+00 +2.4099e+00 -3.0441e-01
3433 0 +3.411511522e+01 +3.040511522e+01 +3.040511522e+01 +2.1135e+00 -3.2542e+00 +9.8795e-01 +2.6369e+00 +2.4802e+00 +3.1935e+00 -3.7433e-01 -2.3482e+00 +2.4099e+00 -3.0441e-01
3891 0 +3.140778956e+01 +2.769778956e+01 +2.769778956e+01 +2.1148e+00 -5.0000e+00 +1.6975e+00 +3.2791e+00 +2.5107e+00 +3.7064e+00 -3.3435e-01 -1.5217e+00 +2.0086e+00 -5.0491e-02
3971 0 +2.877612111e+01 +2.506612111e+01 +2.506612111e+01 +2.1148e+00 -5.0000e+00 +1.6975e+00 +3.2791e+00 +2.5107e+00 +3.7064e+00 -3.3435e-01 -1.5498e+00 +2.0086e+00 -5.0491e-02
% f evaluations | g evaluations | best noise-free fitness - Fopt (1.321800000000e+02) + sum g_i+ | measured fitness | best measured fitness or single-digit g-values | x1 | x2...
1 0 +7.542842447e+02 +8.864642447e+02 +8.864642447e+02 -4.6572e+00 -3.1845e+00 -1.8201e+00 +5.5531e-01 -3.2729e+00 +3.2805e+00 -4.8359e+00 +1.9438e+00 -4.7508e-01 +3.5703e+00
6 0 +7.510776022e+02 +8.832576022e+02 +8.832576022e+02 +2.9064e+00 +2.8648e+00 -2.4110e+00 +4.6348e+00 +3.5168e+00 -4.0312e+00 -6.1976e-01 -2.7310e+00 -1.4565e+00 +1.6553e+00
8 0 +5.512585824e+02 +6.834385824e+02 +6.834385824e+02 +2.4085e+00 +3.9557e+00 +2.4757e+00 +2.6152e+00 +1.0357e+00 +2.6646e+00 +8.4964e-01 -7.6191e-01 -4.4599e+00 +3.7545e+00
12 0 +4.768237490e+02 +6.090037490e+02 +6.090037490e+02 +2.5725e+00 +2.7445e+00 +1.5143e+00 -3.8796e+00 -2.3956e+00 +2.2581e+00 +2.3850e+00 -2.1331e+00 -4.0483e+00 +1.4381e+00
13 0 +2.456553252e+02 +3.778353252e+02 +3.778353252e+02 -4.4196e+00 -3.1296e+00 +1.9512e+00 -4.1765e+00 -3.5084e-01 -2.0284e+00 -2.4117e-01 +4.0908e-01 -7.5283e-01 +7.7596e-01
205 0 +2.140315934e+02 +3.462115934e+02 +3.462115934e+02 +3.5187e-01 -3.1296e+00 +1.9512e+00 -9.1210e-01 -3.5084e-01 -2.0284e+00 -2.4117e-01 +4.0908e-01 -7.5283e-01 +7.7596e-01
485 0 +2.121425712e+02 +3.443225712e+02 +3.443225712e+02 +3.5187e-01 +5.2214e-01 +1.9512e+00 -9.1210e-01 -3.2487e-01 +2.2729e+00 -2.4117e-01 +4.0908e-01 -3.2916e-01 +7.7596e-01
515 0 +1.964860180e+02 +3.286660180e+02 +3.286660180e+02 +2.0172e+00 +5.0000e+00 +2.4757e+00 -3.2460e+00 +4.3458e-01 +2.6646e+00 +1.2237e+00 -7.6191e-01 +3.6259e-01 -6.9775e-01
595 0 +1.922517028e+02 +3.244317028e+02 +3.244317028e+02 +2.9571e+00 +2.7875e+00 +2.4757e+00 -5.0000e+00 +8.1966e-01 +2.6646e+00 +1.2237e+00 -7.6191e-01 +3.6259e-01 +1.0550e+00
739 0 +1.904505217e+02 +3.226305217e+02 +3.226305217e+02 +1.3052e+00 -2.0361e+00 +1.5905e+00 -2.5056e+00 +8.2121e-01 -1.1361e+00 -4.4041e-01 -1.2275e-01 -4.3260e-01 +8.9337e-03
741 0 +1.639160145e+02 +2.960960145e+02 +2.960960145e+02 -9.5186e-01 -1.8634e+00 +8.5015e-01 -3.3240e+00 +1.9355e+00 -9.0295e-01 +1.0630e+00 +2.9440e-02 +5.9050e-01 +2.0004e+00
781 0 +1.606872757e+02 +2.928672757e+02 +2.928672757e+02 +4.4392e-01 -1.8634e+00 +9.2466e-01 -3.5256e+00 +1.9355e+00 -2.3623e+00 +1.0630e+00 +7.9191e-01 +5.9050e-01 -1.3285e-01
813 0 +1.527066333e+02 +2.848866333e+02 +2.848866333e+02 +3.1788e-01 +7.0096e-01 +3.5919e+00 -1.9133e+00 +2.2460e+00 +7.0407e-01 +2.0970e+00 +4.0185e-01 -2.4880e-01 +5.6210e-02
829 0 +1.341319575e+02 +2.663119575e+02 +2.663119575e+02 +1.8195e+00 +1.6644e+00 +6.4518e-01 -3.8450e+00 +1.9778e+00 +1.0447e+00 +1.6029e+00 -5.0527e-03 +6.7123e-01 +6.1640e-01
839 0 +1.300123393e+02 +2.621923393e+02 +2.621923393e+02 +9.1256e-01 -7.0096e-01 +3.6188e+00 -1.7326e+00 +5.5039e-01 -1.0345e+00 +5.5906e-01 +1.2010e+00 +9.2291e-01 -1.4501e-01
869 0 +1.199739193e+02 +2.521539193e+02 +2.521539193e+02 +1.8195e+00 +1.6230e+00 +1.5507e+00 -3.8450e+00 +1.9778e+00 +1.0447e+00 +1.6029e+00 -5.0527e-03 +6.4407e-01 +6.1640e-01
895 0 +8.886490934e+01 +2.210449093e+02 +2.210449093e+02 +2.6696e+00 +2.4685e+00 +1.5978e+00 -2.0378e+00 +1.9341e+00 -1.5185e+00 +1.0158e+00 -9.5575e-01 +5.9833e-01 -5.7901e-01
935 0 +6.214544699e+01 +1.943254470e+02 +1.943254470e+02 +2.6696e+00 +2.4685e+00 +5.2691e-01 -2.0378e+00 +1.9034e+00 -1.5185e+00 +1.2628e+00 -7.4229e-01 +5.9833e-01 +1.2265e-01
1455 0 +6.125291087e+01 +1.934329109e+02 +1.934329109e+02 +1.1615e+00 +2.4685e+00 +2.5676e+00 -2.0378e+00 +1.9034e+00 -4.8028e-02 +1.2628e+00 -7.4229e-01 +5.9833e-01 +1.2265e-01
1513 0 +5.830174061e+01 +1.904817406e+02 +1.904817406e+02 +2.0401e+00 +7.6032e-01 +2.1333e+00 -3.9073e+00 +1.2799e+00 -1.0594e+00 +1.3490e+00 +4.9515e-01 +5.9178e-01 +6.7707e-01
1575 0 +5.634621844e+01 +1.885262184e+02 +1.885262184e+02 -3.6437e-01 +2.4685e+00 +3.3789e+00 -2.0378e+00 +1.3683e+00 -4.8028e-02 +1.2628e+00 -7.4229e-01 +5.9833e-01 +1.2265e-01
2033 0 +5.469357277e+01 +1.868735728e+02 +1.868735728e+02 +2.0401e+00 +7.6032e-01 +2.1333e+00 -3.9073e+00 +1.2799e+00 -1.0594e+00 +1.8309e+00 +4.9515e-01 +5.9178e-01 +6.7707e-01
2039 0 +4.819972118e+01 +1.803797212e+02 +1.803797212e+02 +2.8279e+00 +1.1818e+00 +1.9808e+00 -1.8784e+00 +1.8969e+00 -1.5897e+00 +2.2020e+00 +5.8298e-01 +1.1050e-01 +4.3061e-01
2199 0 +4.678487057e+01 +1.789648706e+02 +1.789648706e+02 +2.8279e+00 +2.2157e+00 +1.9808e+00 -1.8784e+00 +1.8969e+00 -1.5897e+00 +2.2020e+00 -1.8180e-02 +1.1050e-01 +1.2311e-01
2559 0 +4.492964118e+01 +1.771096412e+02 +1.771096412e+02 +2.7606e+00 +2.2157e+00 +1.9808e+00 -1.8784e+00 +1.8969e+00 -1.5897e+00 +2.2020e+00 -1.8180e-02 +1.1050e-01 +1.1823e-01
2585 0 +3.745476032e+01 +1.696347603e+02 +1.696347603e+02 +2.6706e+00 +2.2624e+00 +3.3721e+00 -1.9645e+00 +1.9916e+00 -1.1004e+00 +1.7721e+00 -3.0023e-01 -1.0931e-01 +9.8246e-01
2655 0 +3.016042517e+01 +1.623404252e+02 +1.623404252e+02 +1.9369e+00 +2.4685e+00 +3.3789e+00 -1.2150e+00 +1.3683e+00 -4.8028e-02 +1.8657e+00 -7.4229e-01 +5.9833e-01 +4.1210e-01
2823 0 +2.893658715e+01 +1.611165872e+02 +1.611165872e+02 +2.7772e+00 +3.3581e+00 +2.6487e+00 -5.1058e-01 +1.8544e+00 -1.6257e+00 +1.8886e+00 -3.2954e-01 +1.6544e-01 +1.2885e-01
3013 0 +2.705619621e+01 +1.592361962e+02 +1.592361962e+02 +2.7832e+00 +1.5499e+00 +3.4368e+00 -1.1049e+00 +1.7281e+00 -1.0622e+00 +2.2280e+00 +1.1409e-01 -1.0169e-01 +4.0122e-01
3573 0 +2.644986276e+01 +1.586298628e+02 +1.586298628e+02 +2.7595e+00 +1.5499e+00 +3.4368e+00 -1.1049e+00 +1.7281e+00 -1.0622e+00 +1.8469e+00 +1.1409e-01 -1.0169e-01 +4.0122e-01
3919 0 +2.015024790e+01 +1.523302479e+02 +1.523302479e+02 +2.7606e+00 +2.2157e+00 +3.3534e+00 -1.3336e+00 +2.4985e+00 -1.0335e+00 +1.8064e+00 +6.9367e-02 +5.8416e-01 +1.1823e-01
% f evaluations | g evaluations | best noise-free fitness - Fopt (1.104800000000e+02) + sum g_i+ | measured fitness | best measured fitness or single-digit g-values | x1 | x2...
1 0 +5.928768073e+02 +7.033568073e+02 +7.033568073e+02 -4.2764e+00 -4.3944e+00 +2.9297e+00 +4.0043e+00 +9.6869e-01 +4.5728e-01 -2.6428e+00 -1.4428e+00 +1.2543e+00 +3.3942e+00
13 0 +4.092234235e+02 +5.197034235e+02 +5.197034235e+02 -2.5587e+00 +1.6103e+00 +5.4289e-01 +2.7132e+00 -1.9461e-01 -2.7167e+00 -1.7907e+00 -9.4258e-01 +2.1972e+00 +2.4868e+00
41 0 +3.816022419e+02 +4.920822419e+02 +4.920822419e+02 +1.8652e+00 +2.5689e+00 -1.2278e+00 +5.1851e-01 -9.4170e-01 -2.9151e+00 -1.9758e+00 +1.7638e+00 +2.4415e+00 +1.0844e+00
61 0 +3.650464766e+02 +4.755264766e+02 +4.755264766e+02 -4.2764e+00 -4.3944e+00 +2.4585e+00 +4.0043e+00 +9.6869e-01 +4.5728e-01 -2.6428e+00 -1.6344e+00 +1.2543e+00 +3.1935e-01
81 0 +3.605749691e+02 +4.710549691e+02 +4.710549691e+02 +1.8652e+00 -4.3654e+00 +4.6807e-01 +5.1851e-01 -9.4170e-01 -2.9151e+00 -1.9758e+00 +1.7638e+00 +2.4415e+00 +1.0844e+00
171 0 +2.490989747e+02 +3.595789747e+02 +3.595789747e+02 +6.4862e-01 +1.6944e-01 +7.5383e-01 +2.6198e+00 +1.4522e-01 +2.1244e+00 -2.7314e-01 -1.4373e+00 +1.5105e+00 -2.9787e+00
203 0 +2.361660238e+02 +3.466460238e+02 +3.466460238e+02 -3.1031e+00 +4.3676e-01 +7.3321e-01 -1.2209e-01 +2.3774e-01 -3.4960e+00 -6.7279e-01 -9.7664e-01 +2.1918e+00 -1.4517e+00
407 0 +1.968664367e+02 +3.073464367e+02 +3.073464367e+02 +1.1148e+00 -1.6352e+00 +2.3190e+00 -8.9563e-01 -5.7243e-01 -7.5317e-01 +2.0505e-01 -1.8993e+00 +3.7862e+00 -1.6797e+00
419 0 +1.912228795e+02 +3.017028795e+02 +3.017028795e+02 -2.5920e+00 -3.9626e-01 +1.5780e+00 -7.8362e-01 +2.1243e+00 -2.3017e+00 -2.0201e+00 -1.1261e+00 +2.4625e+00 -1.4516e+00
435 0 +1.753655429e+02 +2.858455429e+02 +2.858455429e+02 -1.5822e+00 +1.9149e+00 +2.3149e+00 +3.6804e+00 +1.7655e+00 -1.3332e+00 -2.1638e+00 -8.4319e-01 +2.1222e+00 -1.2870e+00
469 0 +1.465360536e+02 +2.570160536e+02 +2.570160536e+02 -5.0000e+00 -9.4743e-01 +2.3403e+00 +2.0263e+00 +4.8985e-01 -3.2560e+00 -8.0669e-02 +5.0023e-01 +3.0803e+00 -2.2450e+00
487 0 +1.106194658e+02 +2.210994658e+02 +2.210994658e+02 -1.5452e+00 -1.6352e+00 +1.0507e+00 +1.0323e+00 +3.0114e+00 -1.9051e+00 -1.3863e+00 -1.8993e+00 +3.2900e+00 -1.6797e+00
687 0 +1.048510838e+02 +2.153310838e+02 +2.153310838e+02 -1.5452e+00 +5.3903e-01 +1.0507e+00 +1.5812e+00 +3.0114e+00 -1.9051e+00 -1.3863e+00 -1.8993e+00 +3.6967e+00 -1.6797e+00
1019 0 +7.043152907e+01 +1.809115291e+02 +1.809115291e+02 +7.0086e-01 -1.8260e+00 +7.9380e-01 +2.1196e+00 +1.3487e+00 -2.3832e+00 -6.4351e-01 +1.3919e-01 +3.5983e+00 -1.4154e+00
1687 0 +6.786949506e+01 +1.783494951e+02 +1.783494951e+02 +9.2139e-01 -1.8507e-02 +2.1562e+00 +1.5812e+00 +3.0114e+00 -1.9051e+00 -1.3863e+00 -2.5584e-01 +3.6967e+00 -1.0994e+00
1889 0 +6.609626966e+01 +1.765762697e+02 +1.765762697e+02 +4.0901e-01 -2.3444e+00 +8.1693e-01 +3.3836e+00 +3.8523e+00 -1.8051e+00 -9.6849e-01 -2.7167e-01 +4.0704e+00 -1.4209e+00
2075 0 +6.533607183e+01 +1.758160718e+02 +1.758160718e+02 +1.3989e+00 +8.2574e-02 +4.9994e-01 +2.1125e+00 +3.4766e+00 -2.3655e+00 -2.2612e-01 +1.4447e-01 +3.5964e+00 -1.7319e+00
2125 0 +6.198967490e+01 +1.724696749e+02 +1.724696749e+02 +6.5532e-01 -1.9003e+00 +9.0569e-01 +2.7132e+00 +3.0848e+00 -1.9147e+00 -6.1762e-01 -3.7593e-01 +3.5480e+00 -7.4021e-01
2179 0 +5.476718526e+01 +1.652471853e+02 +1.652471853e+02 -6.0313e-01 -1.6232e+00 +7.9380e-01 +3.6323e+00 +2.9352e+00 -2.7998e+00 -6.4351e-01 +4.9342e-01 +3.5983e+00 -1.4154e+00
2323 0 +5.144750446e+01 +1.619275045e+02 +1.619275045e+02 +1.4788e+00 -2.4548e+00 +1.0161e+00 +3.4124e+00 +3.3772e+00 -1.8970e+00 -5.6950e-01 -2.9616e-01 +3.9496e+00 -1.4182e+00
2393 0 +4.904334268e+01 +1.595233427e+02 +1.595233427e+02 -1.5342e+00 +1.1461e-01 +1.3297e+00 +2.0660e+00 +3.0303e+00 -2.3018e+00 -9.1265e-01 +4.0400e-01 +3.9494e+00 -2.3982e+00
2649 0 +4.568511896e+01 +1.561651190e+02 +1.561651190e+02 -2.3835e-01 -7.1926e-01 +1.4754e+00 +3.3836e+00 +2.9834e+00 -1.8051e+00 -8.9668e-01 -2.7167e-01 +4.0704e+00 -1.4209e+00
2791 0 +4.219859396e+01 +1.526785940e+02 +1.526785940e+02 +1.4308e+00 -7.8704e-01 +8.8635e-01 +3.9054e+00 +3.1765e+00 -1.8051e+00 -2.4950e-01 -3.5163e-01 +3.9707e+00 -1.3951e+00
2827 0 +3.579972515e+01 +1.462797252e+02 +1.462797252e+02 +1.4638e+00 -8.9768e-01 +2.1285e+00 +1.9359e+00 +2.9362e+00 -1.8616e+00 -6.2175e-01 +9.3000e-01 +3.9715e+00 -1.9894e+00
3287 0 +2.706956780e+01 +1.375495678e+02 +1.375495678e+02 +4.5564e-01 -9.6084e-01 +1.3241e+00 +2.7202e+00 +3.0114e+00 -1.9051e+00 -1.2675e-01 -2.5584e-01 +3.2303e+00 -1.4049e+00
3697 0 +2.540118664e+01 +1.358811866e+02 +1.358811866e+02 +1.3804e+00 +1.5804e-01 +8.3420e-01 +2.0270e+00 +3.0888e+00 -7.2951e-01 -7.8156e-02 +1.1626e-01 +3.9628e+00 -1.7309e+00
3937 0 +2.135936293e+01 +1.318393629e+02 +1.318393629e+02 +4.7632e-01 -1.7440e+00 +8.3420e-01 +2.0270e+00 +3.0888e+00 -2.6862e-01 -7.8156e-02 +1.1626e-01 +3.2052e+00 -1.7309e+00
% f evaluations | g evaluations | best noise-free fitness - Fopt (-1.509000000000e+01) + sum g_i+ | measured fitness | best measured fitness or single-digit g-values | x1 | x2...
1 0 +8.861619099e+03 +8.846529099e+03 +8.846529099e+03 +3.3008e+00 +2.1996e+00 +2.6567e+00 +4.4679e+00 +1.3397e+00 -1.0066e+00 +4.8146e+00 +3.3167e-01 -9.5802e-01 +2.9042e+00
3 0 +6.274672405e+03 +6.259582405e+03 +6.259582405e+03 -2.6186e+00 -1.7989e+00 +1.4608e+00 -2.1825e+00 -2.6613e+00 +3.9011e+00 +1.5257e+00 -2.8760e+00 +2.5927e+00 +1.8989e+00
4 0 +2.512057432e+03 +2.496967432e+03 +2.496967432e+03 +4.8919e+00 +4.4047e+00 -2.9782e+00 +3.1435e+00 +3.0796e+00 +1.2817e+00 -1.1614e-01 -1.6204e+00 +6.4193e-02 -4.6481e+00
5 0 +1.234606150e+03 +1.219516150e+03 +1.219516150e+03 +1.2849e+00 +7.3028e-01 +5.1682e-01 +3.6567e+00 +3.3479e+00 -9.0737e-01 +2.2759e+00 +2.6505e+00 -2.8710e+00 -3.7373e-01
9 0 +6.570580110e+02 +6.419680110e+02 +6.419680110e+02 +1.7615e+00 +2.1516e+00 -9.6607e-01 -2.6576e+00 +1.9606e+00 +2.2239e+00 +1.4698e+00 +3.2452e+00 -3.5305e+00 +1.2276e-01
19 0 +5.541110536e+02 +5.390210536e+02 +5.390210536e+02 -7.2476e-01 -1.6537e+00 +1.5163e+00 -2.0877e+00 -1.6864e+00 -3.6968e-01 -1.1103e+00 +1.6746e+00 -6.1541e-01 -2.9084e+00
77 0 +4.934192982e+02 +4.783292982e+02 +4.783292982e+02 +1.7615e+00 +2.1516e+00 -9.6607e-01 -2.6576e+00 +1.9606e+00 -3.1949e+00 -8.7029e-01 +3.2452e+00 -3.5305e+00 +1.2276e-01
97 0 +4.634358376e+02 +4.483458376e+02 +4.483458376e+02 -7.2476e-01 -1.6537e+00 -5.0000e+00 -2.0877e+00 -1.6864e+00 +4.6361e+00 -2.4705e-01 +1.6746e+00 -6.1541e-01 -2.9084e+00
187 0 +4.055342170e+02 +3.904442170e+02 +3.904442170e+02 -1.1797e-01 -1.8376e+00 -2.9782e+00 +3.1435e+00 -6.8225e-01 +1.2817e+00 -1.5164e+00 -1.6204e+00 +6.4193e-02 -2.4730e+00
217 0 +3.339871646e+02 +3.188971646e+02 +3.188971646e+02 -7.2476e-01 +4.2453e+00 -1.6451e+00 -2.0877e+00 -1.6864e+00 -1.6816e+00 -2.4705e-01 +1.6746e+00 -3.5313e+00 -2.3432e+00
227 0 +3.100220251e+02 +2.949320251e+02 +2.949320251e+02 -1.1797e-01 -1.8376e+00 +1.8979e-01 +3.1435e+00 +3.3652e+00 -9.0998e-01 -1.5164e+00 -1.6204e+00 +6.4193e-02 -2.4730e+00
307 0 +2.903763678e+02 +2.752863678e+02 +2.752863678e+02 -1.1797e-01 -1.8376e+00 -3.2729e-01 +3.1435e+00 +3.3652e+00 -9.0998e-01 -1.3209e+00 -1.6204e+00 +6.4193e-02 -1.5952e+00
467 0 +1.985500838e+02 +1.834600838e+02 +1.834600838e+02 -6.1006e-03 -5.0000e+00 -3.2729e-01 -4.9489e-01 +3.3652e+00 -9.0998e-01 -1.3209e+00 +2.2357e+00 +6.4193e-02 -1.3534e+00
537 0 +1.898463223e+02 +1.747563223e+02 +1.747563223e+02 -7.2476e-01 +4.2453e+00 +9.1613e-02 -8.5872e-01 -1.6864e+00 -4.5604e+00 -2.4705e-01 +1.6746e+00 -7.8617e-01 -1.3924e+00
609 0 +1.322117495e+02 +1.171217495e+02 +1.171217495e+02 -1.2555e+00 -4.1217e+00 -7.2673e-01 -3.3726e+00 +1.3051e+00 -2.9201e+00 -2.1065e-01 -7.9963e-01 +1.8151e-01 -7.7616e-01
845 0 +1.258609593e+02 +1.107709593e+02 +1.107709593e+02 -3.1121e+00 +1.2485e+00 -5.8307e-01 -2.6988e+00 +7.2160e-01 -3.4666e+00 +1.3729e-01 +1.6273e+00 +5.6970e-02 -5.6107e-01
939 0 +9.682851604e+01 +8.173851604e+01 +8.173851604e+01 -1.5711e+00 -9.9602e-01 +3.6323e-01 -1.3474e+00 +1.6305e+00 -2.9514e+00 -7.1962e-01 +1.3163e+00 -6.4323e-01 -2.1259e+00
1239 0 +8.386050362e+01 +6.877050362e+01 +6.877050362e+01 -6.2769e-01 -1.6967e+00 -6.1566e-01 -3.5378e+00 +7.3362e-01 -3.5876e+00 -6.9642e-01 +1.5652e+00 -6.6598e-01 -1.6609e+00
1399 0 +7.342347459e+01 +5.833347459e+01 +5.833347459e+01 -6.2769e-01 -1.6967e+00 -6.1566e-01 -3.5095e+00 +7.3362e-01 -3.3930e+00 -6.9642e-01 +1.5652e+00 -6.6598e-01 -1.0774e+00
1723 0 +5.511976052e+01 +4.002976052e+01 +4.002976052e+01 -1.8425e+00 +7.9056e-01 -7.2779e-01 -2.7109e+00 +3.2144e+00 -3.4666e+00 -7.0585e-01 +1.2565e+00 +9.1675e-02 -5.0843e-01
2043 0 +5.412087578e+01 +3.903087578e+01 +3.903087578e+01 -1.8425e+00 +7.9056e-01 -7.2779e-01 -2.7835e+00 +3.2144e+00 -3.4666e+00 -7.0585e-01 +1.2565e+00 +1.0418e-01 -5.0843e-01
2279 0 +4.754844071e+01 +3.245844071e+01 +3.245844071e+01 +2.0046e-01 -1.6967e+00 -6.1566e-01 -3.2673e+00 +2.0999e+00 -4.5363e+00 +5.4921e-01 +3.5575e-01 -2.7866e-01 -1.0774e+00
2665 0 +4.661824020e+01 +3.152824020e+01 +3.152824020e+01 -7.1753e-01 +7.7970e-01 -6.8865e-01 -2.7421e+00 +1.7547e+00 -4.0465e+00 +7.6621e-02 +1.2061e+00 -6.1488e-01 -7.6519e-01
2691 0 +4.211373497e+01 +2.702373497e+01 +2.702373497e+01 -1.5443e+00 -3.2612e-02 -8.3078e-01 -3.3519e+00 +3.2869e+00 -3.9465e+00 +7.2615e-02 +9.1424e-01 -2.2194e-01 -1.0610e+00
2809 0 +2.618232627e+01 +1.109232627e+01 +1.109232627e+01 +3.0890e-01 -7.5273e-01 -7.3248e-01 -3.4545e+00 +2.7434e+00 -3.5195e+00 +6.8167e-01 +8.4356e-01 -6.4189e-01 -7.5395e-01
3963 0 +2.543081370e+01 +1.034081370e+01 +1.034081370e+01 +3.8893e-01 -1.9073e+00 -7.0502e-01 -3.3406e+00 +2.6038e+00 -4.0932e+00 +1.2944e-01 +1.2565e+00 -6.6180e-01 -5.0843e-01
% f evaluations | g evaluations | best noise-free fitness - Fopt (-1.583000000000e+02) + sum g_i+ | measured fitness | best measured fitness or single-digit g-values | x1 | x2...
1 0 +5.965596512e+03 +5.807296512e+03 +5.807296512e+03 -4.7735e+00 -6.8822e-02 -8.1926e-01 -6.2311e-01 -2.9261e+00 +1.5707e+00 -4.8346e+00 -4.7855e-02 +2.6762e+00 +3.7199e-01
2 0 +2.941568359e+03 +2.783268359e+03 +2.783268359e+03 -3.6100e+00 -1.8553e+00 -3.2945e+00 +1.3536e+00 +3.3629e+00 -4.6179e+00 -3.0184e+00 +1.9191e+00 +2.0171e+00 +2.5855e+00
3 0 +8.013868442e+02 +6.430868442e+02 +6.430868442e+02 +3.0735e+00 -2.2552e+00 +3.4428e+00 -2.8797e+00 -1.5849e+00 +3.5701e+00 -4.3208e+00 +1.6073e+00 -2.1688e-01 +1.5382e-01
9 0 +7.249852933e+02 +5.666852933e+02 +5.666852933e+02 +1.9973e+00 -3.5145e+00 +3.0646e+00 +4.6074e+00 +9.2102e-01 +3.6567e+00 +1.1335e+00 -3.8780e+00 -1.0527e+00 +8.3451e-01
12 0 +5.066291859e+02 +3.483291859e+02 +3.483291859e+02 +7.5348e-01 -2.7762e+00 +9.1545e-01 -2.9727e+00 +2.3357e+00 +8.0258e-01 -1.5516e+00 +3.5049e+00 -1.6809e+00 -2.7277e+00
19 0 +2.764067085e+02 +1.181067085e+02 +1.181067085e+02 -1.6659e+00 +4.4554e+00 +2.3942e+00 +8.0713e-01 +2.6259e+00 -2.0128e+00 -1.6627e+00 +4.2903e+00 -1.4868e+00 +3.3194e+00
249 0 +2.341023165e+02 +7.580231652e+01 +7.580231652e+01 +1.3595e+00 +3.9819e-01 +9.9037e-01 -5.0000e+00 +1.9556e+00 -5.0000e+00 +1.2049e+00 +1.3880e+00 -2.2106e+00 +3.9438e-01
335 0 +2.198478441e+02 +6.154784415e+01 +6.154784415e+01 +2.6284e+00 +5.0000e+00 -1.3207e-03 -2.9832e+00 +4.8171e-01 -1.5115e-01 -2.7628e-01 +1.2005e+00 -2.2939e-01 +4.1480e+00
407 0 +1.493874545e+02 -8.912545520e+00 -8.912545520e+00 -1.0287e+00 +3.6777e+00 +3.5070e-01 -3.2532e+00 +1.9842e+00 -2.7089e+00 -1.0233e+00 +2.4975e+00 -2.2463e-01 +1.5734e+00
567 0 +1.412604316e+02 -1.703956842e+01 -1.703956842e+01 -1.0287e+00 +3.6777e+00 +3.5070e-01 -3.2532e+00 +1.9842e+00 -2.7089e+00 -1.0233e+00 +5.0063e-01 -2.2463e-01 +1.5734e+00
571 0 +1.331893672e+02 -2.511063280e+01 -2.511063280e+01 +2.6211e-01 +4.0311e+00 +2.4181e+00 -2.3285e+00 +1.6952e+00 -7.1106e-01 +6.5298e-01 +1.2061e+00 -2.0861e+00 +2.0683e+00
607 0 +1.249022213e+02 -3.339777874e+01 -3.339777874e+01 -1.0287e+00 +4.3992e+00 +3.5070e-01 -3.2532e+00 +9.5917e-01 -2.7089e+00 -7.3865e-01 +6.0909e-01 -2.2463e-01 +1.5734e+00
727 0 +1.149552993e+02 -4.334470070e+01 -4.334470070e+01 -1.0287e+00 +4.3992e+00 +1.1541e+00 -3.2532e+00 +9.5917e-01 -2.7089e+00 -7.3865e-01 +6.0909e-01 -2.2463e-01 +1.5734e+00
807 0 +1.118967305e+02 -4.640326949e+01 -4.640326949e+01 -1.0287e+00 +4.3992e+00 +1.1648e+00 -3.2532e+00 +1.3093e+00 -2.7089e+00 -7.3865e-01 +6.0909e-01 -2.2463e-01 +1.5734e+00
967 0 +8.481469937e+01 -7.348530063e+01 -7.348530063e+01 -1.0287e+00 +2.5301e+00 +1.1648e+00 -2.3125e+00 +1.3093e+00 -2.7089e+00 +8.5640e-01 +7.2607e-01 -2.2463e-01 +1.5734e+00
1105 0 +7.860413350e+01 -7.969586650e+01 -7.969586650e+01 -5.2294e-02 +2.2396e+00 +8.7555e-01 -2.8822e+00 +2.4942e+00 -2.2221e+00 +1.2564e+00 +1.6073e+00 -5.1624e-01 +1.8892e+00
1465 0 +7.540218467e+01 -8.289781533e+01 -8.289781533e+01 -5.2294e-02 +3.7059e+00 +8.7555e-01 -2.8822e+00 +2.4942e+00 -2.2221e+00 +7.2542e-02 +1.6073e+00 -5.8906e-02 +1.0057e+00
1603 0 +7.309630990e+01 -8.520369010e+01 -8.520369010e+01 -1.2168e-01 +4.0377e+00 +1.4611e+00 -2.2197e+00 +1.4132e+00 -4.1502e+00 +5.5466e-01 +1.6693e+00 -9.1719e-01 +1.2622e+00
1675 0 +7.196776526e+01 -8.633223474e+01 -8.633223474e+01 +1.1535e+00 +2.6408e+00 +1.4344e+00 -2.9362e+00 +2.1826e+00 -1.6624e+00 +6.2839e-01 +1.2195e+00 -2.9530e-01 +1.3234e+00
1729 0 +6.201329137e+01 -9.628670863e+01 -9.628670863e+01 +4.6380e-02 +3.9426e+00 +2.4119e+00 -2.8399e+00 +2.5232e+00 -9.2081e-01 +5.0069e-01 +1.6251e+00 -5.8844e-01 +1.0067e+00
1809 0 +5.002843933e+01 -1.082715607e+02 -1.082715607e+02 +8.0166e-01 +3.6120e+00 +2.4119e+00 -2.8399e+00 +2.5232e+00 -9.2081e-01 -2.1754e-01 +1.6213e+00 -5.8844e-01 +1.0067e+00
1849 0 +4.632317547e+01 -1.119768245e+02 -1.119768245e+02 +8.0166e-01 +3.6120e+00 +2.4119e+00 -2.8399e+00 +2.5232e+00 -9.2081e-01 +1.1221e+00 +1.2455e+00 -5.8844e-01 +1.0067e+00
2409 0 +4.570469756e+01 -1.125953024e+02 -1.125953024e+02 +8.0166e-01 +4.5410e+00 +2.4119e+00 -2.8399e+00 +2.5232e+00 -4.0715e+00 +6.1231e-01 +1.2455e+00 -5.8844e-01 +1.0067e+00
2647 0 +3.347387570e+01 -1.248261243e+02 -1.248261243e+02 +1.8509e+00 +4.4016e+00 +1.6495e+00 -2.3125e+00 +2.4993e+00 -2.7089e+00 +5.8272e-01 +1.1381e+00 -1.8801e-01 +1.5734e+00
3407 0 +2.403924204e+01 -1.342607580e+02 -1.342607580e+02 +1.8509e+00 +4.4016e+00 +1.6495e+00 -2.3125e+00 +2.4993e+00 -2.7089e+00 +5.8272e-01 +8.6389e-01 -6.3584e-01 +1.9953e+00
% f evaluations | g evaluations | best noise-free fitness - Fopt (-4.071000000000e+01) + sum g_i+ | measured fitness | best measured fitness or single-digit g-values | x1 | x2...
1 0 +6.166552839e+02 +5.759452839e+02 +5.759452839e+02 -2.6884e+00 -1.7066e+00 +2.9731e+00 -3.8693e+00 +1.5464e+00 -3.2914e+00 -3.3747e+00 -1.0594e-01 +1.0224e+00 +4.5789e-01
7 0 +3.543074601e+02 +3.135974601e+02 +3.135974601e+02 -4.4718e+00 +2.1683e+00 +6.3875e-01 -2.7856e+00 -2.7370e+00 -1.9857e+00 +1.8692e+00 +4.8143e+00 -2.5598e+00 -1.9222e+00
257 0 +3.413584236e+02 +3.006484236e+02 +3.006484236e+02 -2.0248e+00 -5.0000e+00 +1.0101e+00 -3.0644e+00 -3.1909e-01 -3.0570e+00 +1.9081e+00 -1.3756e+00 -1.2688e+00 +1.0082e+00
417 0 +3.294719182e+02 +2.887619182e+02 +2.887619182e+02 -8.9419e-01 -2.9697e+00 +4.2220e-01 -4.6799e+00 -9.1672e-01 -3.0570e+00 +1.9081e+00 -1.3756e+00 -1.2688e+00 -4.1780e+00
457 0 +2.637678585e+02 +2.230578585e+02 +2.230578585e+02 -8.9419e-01 -2.9697e+00 +4.2220e-01 -4.6799e+00 -9.1672e-01 -3.0570e+00 +2.3025e+00 -1.4494e+00 -8.3673e-01 -2.7869e+00
515 0 +2.506954135e+02 +2.099854135e+02 +2.099854135e+02 -1.4260e+00 +3.6924e+00 +1.0742e+00 -2.2756e+00 +5.7176e-01 -1.4416e+00 +2.6512e+00 +8.8429e-02 -5.2135e-02 +9.7099e-01
549 0 +2.243963266e+02 +1.836863266e+02 +1.836863266e+02 -4.3015e+00 -8.6628e-01 -1.0511e+00 -3.2237e+00 +3.0306e+00 -4.1820e+00 +3.1590e+00 +2.5533e+00 -2.8783e-01 -9.1723e-02
575 0 +2.131243963e+02 +1.724143963e+02 +1.724143963e+02 -8.0085e-01 +3.9854e-01 -1.2356e+00 -1.3435e+00 -1.1088e+00 -2.6425e+00 +3.6110e+00 +3.7191e+00 +8.1339e-02 -7.4008e-01
615 0 +1.796468094e+02 +1.389368094e+02 +1.389368094e+02 -8.0085e-01 +3.9854e-01 +2.0854e+00 -1.3435e+00 -1.1088e+00 -2.6425e+00 +3.6110e+00 +3.7191e+00 -5.6295e-01 -7.4008e-01
663 0 +1.653646692e+02 +1.246546692e+02 +1.246546692e+02 +1.1344e-01 +5.0000e+00 -3.3042e-01 -1.1201e+00 +9.1575e-02 -1.5434e+00 +3.2025e+00 +1.8101e-01 +1.5144e-01 -9.7544e-01
737 0 +1.474603444e+02 +1.067503444e+02 +1.067503444e+02 +2.6576e-01 +3.7799e+00 +2.2584e+00 -4.7323e+00 +1.8136e+00 -3.0570e+00 +2.3025e+00 -9.6555e-01 +1.8871e-01 -2.7869e+00
953 0 +8.326950699e+01 +4.255950699e+01 +4.255950699e+01 -4.8692e-04 +5.0000e+00 +2.7714e+00 -4.8167e+00 +2.7162e+00 -3.2082e+00 +2.6175e+00 +7.6512e-01 -4.9252e-02 -1.9135e+00
1393 0 +7.576519615e+01 +3.505519615e+01 +3.505519615e+01 -4.8692e-04 +5.0000e+00 +2.7714e+00 -4.8167e+00 +2.7162e+00 -3.2082e+00 +3.1111e+00 +7.6512e-01 +3.2050e-02 -1.9135e+00
1673 0 +7.033035896e+01 +2.962035896e+01 +2.962035896e+01 -4.8692e-04 +5.0000e+00 +3.3202e+00 -4.8405e+00 +2.2528e+00 -3.1333e+00 +3.1111e+00 +7.6512e-01 +5.1017e-01 -2.7622e+00
1761 0 +5.060499545e+01 +9.894995447e+00 +9.894995447e+00 -1.9311e+00 +4.1182e+00 +3.6031e+00 -3.6566e+00 +2.8050e+00 -2.5077e+00 +3.4824e+00 +1.9591e+00 +2.1695e-01 -2.4187e+00
2277 0 +4.292174590e+01 +2.211745897e+00 +2.211745897e+00 +1.6777e-01 +5.0000e+00 +2.2124e+00 -5.0000e+00 +2.6672e+00 -3.1283e+00 +3.1265e+00 +1.0555e+00 +1.4863e-01 -1.7732e+00
3253 0 +4.049354373e+01 -2.164562727e-01 -2.164562727e-01 +9.4059e-01 +4.1182e+00 +2.0540e+00 -1.6538e+00 +1.6001e+00 -3.1267e+00 +3.2496e+00 +1.8767e+00 +5.1830e-01 -1.8027e+00
3325 0 +3.907727996e+01 -1.632720037e+00 -1.632720037e+00 +1.6731e-01 +3.4568e+00 +3.5429e+00 -2.3132e+00 +2.0461e+00 -2.6107e+00 +3.0525e+00 +1.9207e+00 -5.3724e-01 -1.7732e+00
3605 0 +3.564431329e+01 -5.065686706e+00 -5.065686706e+00 +1.6731e-01 +3.4568e+00 +3.5429e+00 -2.3132e+00 +2.0461e+00 -2.6107e+00 +3.0525e+00 +1.5892e+00 -2.8703e-01 -1.7732e+00
3809 0 +3.458528933e+01 -6.124710667e+00 -6.124710667e+00 -1.0435e-01 +5.0000e+00 +3.5085e+00 -2.3140e+00 +2.8022e+00 -3.2049e+00 +3.1915e+00 +2.3753e+00 -2.5745e-01 -2.1238e+00
4007 0 +3.330048974e+01 -7.409510260e+00 -7.409510260e+00 -1.1996e+00 +4.0807e+00 +3.5716e+00 -3.6796e+00 +2.0272e+00 -3.0803e+00 +3.5835e+00 +1.1155e+00 +2.3200e-01 -1.7981e+00
% f evaluations | g evaluations | best noise-free fitness - Fopt (8.139000000000e+01) + sum g_i+ | measured fitness | best measured fitness or single-digit g-values | x1 | x2...
1 0 +4.730079921e+03 +4.811469921e+03 +4.811469921e+03 -4.4425e+00 +4.6239e+00 +3.4423e+00 +2.7111e+00 +1.3019e+00 -7.8394e-01 -1.7512e+00 -3.6321e-01 +4.3957e+00 -1.3456e+00
2 0 +5.900755450e+02 +6.714655450e+02 +6.714655450e+02 +4.3089e-02 +4.3411e-01 +4.6261e-01 +2.5995e+00 -3.3218e+00 +9.3706e-01 -3.6382e+00 +3.8507e-01 -1.8679e+00 +6.5387e-02
10 0 +4.058819635e+02 +4.872719635e+02 +4.872719635e+02 +9.6275e-01 -2.3452e+00 -7.9418e-01 +3.5994e+00 -2.0409e+00 -1.5571e+00 -3.5246e+00 -3.6338e+00 -2.2029e+00 -3.2080e+00
105 0 +2.983649785e+02 +3.797549785e+02 +3.797549785e+02 -2.6715e+00 +1.3532e+00 -1.4329e+00 +3.3849e+00 -2.6029e+00 +2.8583e-01 -5.0491e-01 -3.9594e+00 +6.3634e-01 -2.4894e+00
145 0 +2.873640911e+02 +3.687540911e+02 +3.687540911e+02 -2.6715e+00 +8.2958e-01 -2.4645e+00 +4.0796e+00 -2.6029e+00 -5.0000e+00 -5.0491e-01 -3.9594e+00 +6.3634e-01 -2.4894e+00
283 0 +2.403216506e+02 +3.217116506e+02 +3.217116506e+02 -2.7885e-01 -1.0714e+00 -9.3910e-01 +4.4561e+00 -1.9394e+00 -2.7803e+00 -7.0649e-01 -4.4511e+00 +7.1028e-01 -1.3959e+00
381 0 +1.977515117e+02 +2.791415117e+02 +2.791415117e+02 -6.7857e-01 +4.6239e+00 -9.8677e-01 +1.9886e+00 -8.0201e-02 -7.8394e-01 -5.7137e-01 -2.6728e+00 -1.5039e-01 -2.2681e+00
603 0 +1.593472595e+02 +2.407372595e+02 +2.407372595e+02 -2.7885e-01 -1.0714e+00 +8.1196e-01 -7.2659e-01 -5.0120e-01 -1.3559e+00 -1.3487e+00 -4.4511e+00 +8.1489e-01 -3.4675e+00
717 0 +1.434635241e+02 +2.248535241e+02 +2.248535241e+02 -2.3914e+00 -5.5262e-01 +6.3930e-01 -3.3252e-01 +5.9858e-01 -2.3320e+00 -1.6912e+00 -1.2422e+00 +2.1478e+00 -2.8599e+00
797 0 +1.170786752e+02 +1.984686752e+02 +1.984686752e+02 -2.3914e+00 +3.6960e+00 +6.3930e-01 -3.3252e-01 +5.9858e-01 -2.3320e+00 -1.6912e+00 -1.2422e+00 +2.1478e+00 -2.8599e+00
1055 0 +1.132633892e+02 +1.946533892e+02 +1.946533892e+02 +6.7805e-01 +1.2783e+00 +1.5600e+00 +1.6792e+00 +5.5004e-01 -2.1957e+00 -9.0916e-01 -2.8831e+00 +2.0968e-03 -3.1903e+00
1157 0 +9.681706584e+01 +1.782070658e+02 +1.782070658e+02 -2.3914e+00 +3.6960e+00 +6.3930e-01 -3.3252e-01 +5.9858e-01 -2.3320e+00 -1.0614e+00 -3.8309e+00 +2.1478e+00 -2.8599e+00
1299 0 +8.845046676e+01 +1.698404668e+02 +1.698404668e+02 -1.0968e+00 +3.3453e+00 +1.7324e+00 +4.7877e-01 +1.4744e-01 -2.9277e+00 -9.4341e-01 -3.3094e+00 +2.2854e+00 -3.1507e+00
1481 0 +8.162536377e+01 +1.630153638e+02 +1.630153638e+02 +1.0007e+00 +5.3216e-01 +1.5780e+00 +1.9725e+00 +8.1731e-02 -1.2387e+00 -5.4280e-01 -2.4199e+00 +1.7396e+00 -3.2523e+00
1533 0 +7.854695301e+01 +1.599369530e+02 +1.599369530e+02 -2.1345e-01 +1.9169e+00 +2.8693e+00 +1.6417e+00 -1.0510e+00 -2.6822e+00 -9.5705e-01 -2.7776e+00 +2.1111e+00 -2.9387e+00
1641 0 +6.785839928e+01 +1.492483993e+02 +1.492483993e+02 +1.0007e+00 +4.4377e+00 +1.4166e+00 +2.5521e-01 -5.0678e-01 -1.2387e+00 -6.0506e-01 -3.3686e+00 +1.7396e+00 -3.2594e+00
1761 0 +6.686878604e+01 +1.482587860e+02 +1.482587860e+02 +1.0007e+00 +4.4377e+00 +1.4166e+00 +2.5521e-01 -5.0678e-01 -1.2387e+00 -6.0506e-01 -3.3686e+00 +1.7396e+00 -2.9513e+00
1853 0 +6.374930118e+01 +1.451393012e+02 +1.451393012e+02 -2.1345e-01 +1.9169e+00 +2.8693e+00 +1.6417e+00 -1.0510e+00 -3.3191e+00 -6.4582e-01 -3.7462e+00 +2.2535e+00 -2.9703e+00
2113 0 +6.109867320e+01 +1.424886732e+02 +1.424886732e+02 +4.6027e-01 +3.5170e+00 +2.1413e+00 +2.7469e-01 +6.3233e-02 -2.9881e+00 +3.4359e-02 -3.6670e+00 +2.0692e+00 -3.2381e+00
2185 0 +5.593820662e+01 +1.373282066e+02 +1.373282066e+02 -1.1086e+00 +4.1857e+00 +2.0809e+00 +1.7491e+00 +2.2785e-02 -2.8537e+00 -5.0166e-01 -3.0027e+00 +1.4659e+00 -2.8796e+00
2195 0 +5.157084148e+01 +1.329608415e+02 +1.329608415e+02 -6.0415e-02 +3.4590e+00 +2.2277e+00 +2.5381e-01 +2.8761e-03 -3.4552e+00 -9.1903e-02 -3.5739e+00 +1.8110e+00 -3.3645e+00
2355 0 +3.616946604e+01 +1.175594660e+02 +1.175594660e+02 -6.0415e-02 +3.4590e+00 +2.2277e+00 +2.5381e-01 +2.8761e-03 -3.4552e+00 -9.1903e-02 -2.3692e+00 +1.8110e+00 -3.6666e+00
2989 0 +3.408513220e+01 +1.154751322e+02 +1.154751322e+02 -1.8534e-01 +4.3369e+00 +2.2166e+00 +1.9799e-01 -6.4600e-02 -2.9634e+00 -9.6865e-01 -4.1026e+00 +2.1121e+00 -2.9346e+00
3341 0 +3.269942333e+01 +1.140894233e+02 +1.140894233e+02 +8.4229e-01 +3.5128e+00 +2.2138e+00 +1.1125e+00 -7.3801e-02 -2.9808e+00 -4.4352e-01 -3.7504e+00 +1.4580e+00 -3.2097e+00
3815 0 +3.219543111e+01 +1.135854311e+02 +1.135854311e+02 -1.0753e+00 +3.3085e+00 +2.2315e+00 +1.5755e-01 +1.2139e-01 -2.8753e+00 -4.4787e-01 -3.7602e+00 +2.1459e+00 -3.6407e+00
3859 0 +3.144364840e+01 +1.128336484e+02 +1.128336484e+02 -1.0218e+00 +4.0775e+00 +2.1798e+00 +9.8707e-01 -7.4463e-02 -3.3420e+00 -2.3211e-02 -3.7347e+00 +2.1503e+00 -3.0226e+00
3903 0 +2.724503683e+01 +1.086350368e+02 +1.086350368e+02 -7.5857e-02 +3.3063e+00 +2.1269e+00 +1.4973e+00 +5.5455e-01 -2.8663e+00 -3.8942e-01 -3.2518e+00 +1.8315e+00 -3.2515e+00
% f evaluations | g evaluations | best noise-free fitness - Fopt (4.144000000000e+01) + sum g_i+ | measured fitness | best measured fitness or single-digit g-values | x1 | x2...
1 0 +3.993351342e+03 +4.034791342e+03 +4.034791342e+03 -2.8700e+00 +1.8103e+00 -1.1443e+00 +1.1368e+00 -4.0352e+00 -2.6249e+00 +4.9498e+00 +9.7356e-01 -1.3157e+00 -9.1736e-01
2 0 +2.142692250e+03 +2.184132250e+03 +2.184132250e+03 +4.4286e+00 +2.6985e+00 +3.3543e+00 +1.6269e-01 -3.3758e-01 +1.0547e-01 -4.5743e+00 -8.5246e-01 -6.3080e-01 +4.8699e+00
3 0 +1.715283787e+03 +1.756723787e+03 +1.756723787e+03 +4.3442e+00 -3.6942e-01 +1.2881e-01 +1.3745e+00 +3.3489e+00 +4.9004e+00 +5.4823e-01 +1.8651e-01 -1.5808e-01 +3.3516e+00
5 0 +8.367949670e+02 +8.782349670e+02 +8.782349670e+02 -2.1012e+00 -1.6028e+00 -6.5327e-01 +8.3456e-01 -4.6544e-01 +1.6564e+00 -3.9928e+00 +7.7827e-01 +2.5625e+00 +2.2875e+00
15 0 +6.075998622e+02 +6.490398622e+02 +6.490398622e+02 +8.3830e-02 -2.3957e+00 -3.4552e+00 +3.4472e-01 +1.1665e+00 -3.7742e+00 -2.3645e-01 -7.4661e-01 -4.0257e+00 -5.5707e-01
16 0 +3.298304460e+02 +3.712704460e+02 +3.712704460e+02 -2.5726e-01 -5.1217e-01 -1.2880e+00 +3.0872e+00 -1.0595e+00 -1.1933e-01 +1.4410e+00 -4.3388e+00 +2.3828e+00 -3.1760e+00
131 0 +2.409789158e+02 +2.824189158e+02 +2.824189158e+02 -2.5726e-01 -5.1217e-01 -8.9872e-01 +3.0872e+00 +2.1477e+00 -1.1933e-01 +1.7058e+00 -2.8507e+00 +2.3828e+00 -3.1760e+00
259 0 +1.765023217e+02 +2.179423217e+02 +2.179423217e+02 -2.2360e-02 -3.7109e+00 +2.5087e+00 -2.2096e+00 +3.2085e-01 -3.3744e+00 +2.4604e+00 -1.3536e+00 +1.3470e+00 -5.0000e+00
557 0 +1.380476960e+02 +1.794876960e+02 +1.794876960e+02 -1.9703e+00 -2.4589e+00 -6.9766e-01 -7.0824e-02 +2.2827e+00 -2.9340e+00 +7.4812e-01 -2.1710e+00 +1.1265e+00 -4.0170e+00
795 0 +1.311292956e+02 +1.725692956e+02 +1.725692956e+02 +1.3779e+00 -4.8271e+00 +1.8994e+00 -1.3345e+00 +1.8055e+00 -1.7604e+00 +1.3843e+00 +4.0963e-02 +1.7119e+00 -3.5912e+00
971 0 +1.275884305e+02 +1.690284305e+02 +1.690284305e+02 -1.7456e+00 -2.9738e-01 -8.9872e-01 -9.5988e-01 +2.6949e+00 -1.8686e+00 +1.6981e+00 -2.2448e+00 +9.4201e-01 -3.1760e+00
1027 0 +1.252403005e+02 +1.666803005e+02 +1.666803005e+02 -8.4703e-01 -4.2998e+00 +1.5920e+00 -8.2336e-01 +3.4278e+00 -1.2098e+00 +1.0247e-01 -1.2738e-01 +2.2058e+00 -2.7281e+00
1055 0 +1.097724006e+02 +1.512124006e+02 +1.512124006e+02 -7.4485e-01 -1.8664e+00 +1.8597e+00 -5.3614e-01 +2.7119e+00 +1.3469e-01 +1.7356e+00 +9.2167e-01 +1.4471e+00 -2.9222e+00
1185 0 +1.006823645e+02 +1.421223645e+02 +1.421223645e+02 +1.1951e+00 -2.5294e+00 +9.7954e-01 +2.3772e-01 +2.4958e+00 -2.4599e+00 +2.2048e+00 -2.6760e-01 +1.5472e+00 -3.7761e+00
1265 0 +9.111689835e+01 +1.325568984e+02 +1.325568984e+02 -3.9632e-01 -2.5294e+00 +9.7954e-01 +2.3772e-01 +3.5236e+00 -1.0827e+00 +2.2048e+00 -2.6760e-01 +2.2179e+00 -3.7761e+00
1413 0 +8.878613157e+01 +1.302261316e+02 +1.302261316e+02 -7.5994e-02 -3.4249e+00 +2.3396e+00 -1.5228e-01 +3.5877e+00 -1.8483e+00 +2.0100e+00 -1.4059e+00 +1.4086e+00 -2.4802e+00
1483 0 +8.630273114e+01 +1.277427311e+02 +1.277427311e+02 -6.1436e-01 -3.2206e+00 +2.6157e+00 -6.1227e-01 +2.8179e+00 -2.8396e-01 +1.4211e+00 -3.2401e-01 +9.3004e-01 -3.7537e+00
1581 0 +6.797533990e+01 +1.094153399e+02 +1.094153399e+02 -6.7151e-01 -3.4354e+00 +9.7122e-02 -1.5217e+00 +2.7011e+00 -1.3309e+00 +1.7801e+00 -7.3649e-02 +2.1680e+00 -3.0705e+00
1621 0 +6.725209637e+01 +1.086920964e+02 +1.086920964e+02 +3.0644e-01 -3.4354e+00 +1.7143e+00 -1.5217e+00 +2.4576e+00 -1.3309e+00 +1.7801e+00 +4.4722e-01 +2.1680e+00 -3.0705e+00
1661 0 +6.502241655e+01 +1.064624165e+02 +1.064624165e+02 +3.0644e-01 -2.4845e+00 +1.7143e+00 -1.5217e+00 +2.4576e+00 -1.3309e+00 +1.7801e+00 +4.4722e-01 +1.8984e+00 -3.4193e+00
1741 0 +6.449929806e+01 +1.059392981e+02 +1.059392981e+02 -8.0062e-01 -4.3798e+00 +1.7143e+00 -4.2387e-02 +2.4576e+00 -1.3309e+00 +1.3324e+00 -1.0306e+00 +1.8984e+00 -3.5127e+00
2043 0 +6.292495962e+01 +1.043649596e+02 +1.043649596e+02 -6.1436e-01 -2.9308e+00 +2.6157e+00 -6.1227e-01 +2.2599e+00 -2.8396e-01 +1.4211e+00 -1.7919e+00 +2.2857e+00 -4.1751e+00
2057 0 +5.561082025e+01 +9.705082025e+01 +9.705082025e+01 -9.4730e-01 -3.5566e+00 +6.2277e-02 -2.1463e+00 +2.5818e+00 -1.8823e+00 +1.8165e+00 -9.3918e-01 +2.1165e+00 -3.0906e+00
2297 0 +5.220646435e+01 +9.364646435e+01 +9.364646435e+01 -7.6783e-01 -3.5566e+00 +6.2277e-02 -8.1806e-01 +2.5818e+00 -1.8823e+00 +1.8165e+00 -9.3918e-01 +2.1165e+00 -3.0906e+00
2487 0 +5.063705545e+01 +9.207705545e+01 +9.207705545e+01 -7.3180e-01 -3.5619e+00 +1.6334e+00 -2.6016e+00 +3.3330e+00 -7.9069e-01 +1.9540e+00 -1.9943e-01 +2.1238e+00 -3.1159e+00
2519 0 +4.877185460e+01 +9.021185460e+01 +9.021185460e+01 -8.1863e-01 -4.3772e+00 +1.7821e+00 -3.5469e+00 +2.2664e+00 -1.8796e+00 +1.7855e+00 -1.4004e+00 +1.8947e+00 -4.0956e+00
2521 0 +4.492447555e+01 +8.636447555e+01 +8.636447555e+01 -1.0146e+00 -2.6971e+00 +2.5316e+00 +1.8687e-03 +2.7993e+00 -1.3752e+00 +1.7220e+00 -1.4189e+00 +2.1656e+00 -3.6925e+00
2537 0 +3.767358198e+01 +7.911358198e+01 +7.911358198e+01 -7.6783e-01 -3.5566e+00 +6.2277e-02 -8.1806e-01 +2.7193e+00 -1.8823e+00 +1.8165e+00 -9.3918e-01 +1.3929e+00 -3.0906e+00
3307 0 +2.859645243e+01 +7.003645243e+01 +7.003645243e+01 -7.6053e-01 -2.6079e+00 +1.7095e+00 -2.1198e+00 +2.7163e+00 -1.8066e+00 +1.8986e+00 -1.3004e+00 +1.8914e+00 -3.0394e+00
% f evaluations | g evaluations | best noise-free fitness - Fopt (-2.709000000000e+01) + sum g_i+ | measured fitness | best measured fitness or single-digit g-values | x1 | x2...
1 0 +4.997675828e+02 +4.726775828e+02 +4.726775828e+02 -1.8200e+00 +9.8044e-02 -1.4539e+00 +4.9832e+00 -4.5894e+00 +1.2419e+00 -2.2013e+00 +1.4626e+00 -2.1374e+00 +5.5647e-02
39 0 +3.845710441e+02 +3.574810441e+02 +3.574810441e+02 -8.7067e-01 -2.1481e+00 -2.4172e+00 +2.0760e+00 +2.1003e+00 -2.3179e+00 -2.1397e+00 +1.1145e+00 -3.4801e+00 -5.9640e-01
159 0 +3.688842539e+02 +3.417942539e+02 +3.417942539e+02 -5.0000e+00 -2.1481e+00 +6.8294e-03 +2.0760e+00 +2.1003e+00 -2.3179e+00 -2.1397e+00 +1.1145e+00 -3.4801e+00 +1.1359e+00
225 0 +2.996812067e+02 +2.725912067e+02 +2.725912067e+02 -4.5186e+00 -5.0000e+00 +1.0353e+00 +5.0000e+00 +1.8070e+00 -2.6677e+00 +7.9860e-01 +1.2162e+00 -2.5430e+00 -8.2591e-01
229 0 +2.862355489e+02 +2.591455489e+02 +2.591455489e+02 -1.5773e+00 +3.5661e+00 -2.9196e+00 +2.9767e+00 +1.6921e+00 -1.5549e+00 +1.0398e+00 -1.8906e+00 +5.5856e-01 -4.6295e-01
265 0 +2.522357950e+02 +2.251457950e+02 +2.251457950e+02 -2.8341e+00 -5.0000e+00 -2.3626e+00 +5.0000e+00 +1.8070e+00 -2.6677e+00 +7.9860e-01 +1.2162e+00 -1.6655e+00 -8.2591e-01
403 0 +1.656349695e+02 +1.385449695e+02 +1.385449695e+02 -2.9917e+00 -7.2496e-01 +3.0411e-01 +1.9900e+00 +3.9719e-01 +5.3398e-01 +1.9964e+00 +1.8091e+00 -1.5095e+00 +1.1209e+00
443 0 +1.587652398e+02 +1.316752398e+02 +1.316752398e+02 -2.0752e+00 -5.0000e+00 +3.0411e-01 +1.9900e+00 +3.3731e+00 -1.9489e+00 +1.9964e+00 +3.2477e+00 -1.5095e+00 +1.1209e+00
659 0 +1.529240121e+02 +1.258340121e+02 +1.258340121e+02 -2.8230e+00 +8.6694e-01 -1.6344e+00 +3.0261e+00 +2.6239e+00 -2.6859e+00 +1.4993e+00 +4.0291e+00 +3.3259e-01 +2.6532e+00
791 0 +1.340103069e+02 +1.069203069e+02 +1.069203069e+02 -8.9887e-01 -2.9282e+00 -2.9060e+00 +2.0974e+00 +2.1461e+00 -3.8315e+00 +2.9194e-01 +2.2213e+00 +1.7185e-01 +1.7134e-01
903 0 +1.250216085e+02 +9.793160851e+01 +9.793160851e+01 -2.8840e+00 -8.2678e-01 -1.4309e+00 +5.0000e+00 +2.5692e+00 -3.0581e+00 +2.0420e+00 +2.3544e+00 -3.0832e-01 +4.2905e-01
1015 0 +1.046033769e+02 +7.751337693e+01 +7.751337693e+01 -1.7300e+00 -7.1696e-01 +2.0474e-01 +1.6642e+00 +1.5652e+00 -2.2491e+00 +1.8542e-01 +2.7114e+00 +5.9548e-01 +8.4799e-02
1209 0 +9.399396272e+01 +6.690396272e+01 +6.690396272e+01 -1.2887e+00 -4.2510e+00 +9.1819e-01 +3.5006e+00 +2.2412e+00 -3.2104e+00 +2.1907e+00 +2.9473e+00 -2.2235e-01 +4.1919e-01
1463 0 +7.820505181e+01 +5.111505181e+01 +5.111505181e+01 -2.8840e+00 -1.7667e+00 -1.3706e+00 +1.8037e+00 +2.5692e+00 -3.0581e+00 +1.0142e+00 +2.6093e+00 +5.8304e-01 +8.5410e-04
1673 0 +7.281846802e+01 +4.572846802e+01 +4.572846802e+01 -6.0923e-01 -3.7291e+00 -1.2661e+00 +2.6630e+00 +9.6605e-01 -2.7433e+00 +1.5526e+00 +2.1082e+00 +5.1764e-01 +7.0450e-01
1723 0 +6.991853674e+01 +4.282853674e+01 +4.282853674e+01 -6.8221e-01 -2.8998e+00 +1.0378e+00 +3.2855e+00 +3.3731e+00 -2.7216e+00 +2.2326e+00 +1.7640e+00 +5.2341e-01 +6.3614e-01
1797 0 +6.915964276e+01 +4.206964276e+01 +4.206964276e+01 -1.8759e+00 -2.7404e-01 -6.8884e-01 +1.8034e+00 +3.2500e+00 -2.2056e+00 +1.5409e+00 +2.1214e+00 +5.0987e-01 +4.1765e-02
1933 0 +5.524383968e+01 +2.815383968e+01 +2.815383968e+01 -9.0182e-01 -3.5932e+00 -1.2055e+00 +3.1304e+00 +3.3068e+00 -3.0624e+00 +1.6243e+00 +3.3117e+00 +1.3074e-01 +7.5915e-01
2483 0 +5.327358099e+01 +2.618358099e+01 +2.618358099e+01 -6.8221e-01 -2.8998e+00 +1.0378e+00 +3.2855e+00 +3.3731e+00 -2.7216e+00 +1.6004e+00 +1.7640e+00 +5.2341e-01 +6.3614e-01
2489 0 +4.664151713e+01 +1.955151713e+01 +1.955151713e+01 -7.8712e-01 -4.2510e+00 +1.0036e+00 +2.5300e+00 +3.3704e+00 -3.2104e+00 +2.1907e+00 +1.7757e+00 -2.2235e-01 +4.1858e-01
2707 0 +4.545958178e+01 +1.836958178e+01 +1.836958178e+01 -1.9650e+00 -2.5591e+00 +3.0929e-01 +1.8296e+00 +2.6260e+00 -2.1311e+00 +1.7271e+00 +2.2483e+00 -1.8792e-01 +6.6752e-01
3197 0 +4.248383872e+01 +1.539383872e+01 +1.539383872e+01 +1.3736e+00 -2.7404e-01 +1.0061e+00 +1.8034e+00 +3.2500e+00 -2.5448e+00 +1.6443e+00 +2.5625e+00 +5.0987e-01 +4.4172e-01
3209 0 +3.660864887e+01 +9.518648870e+00 +9.518648870e+00 -7.8712e-01 -4.2510e+00 +1.0036e+00 +2.5300e+00 +3.3704e+00 -3.2104e+00 +1.5307e+00 +1.7757e+00 -2.2235e-01 +4.1858e-01
3783 0 +3.622011735e+01 +9.130117346e+00 +9.130117346e+00 -1.7736e+00 -2.5543e+00 +9.7863e-01 +2.3185e+00 +3.3795e+00 -2.1504e+00 +2.0240e+00 +2.6093e+00 -2.2253e-01 +4.3690e-01
3817 0 +3.183097951e+01 +4.740979514e+00 +4.740979514e+00 +1.1598e-01 -1.9243e+00 +2.5939e-01 +2.5441e+00 +2.6442e+00 -1.6516e+00 +1.6186e+00 +2.1803e+00 +2.1221e-01 +4.8853e-01
3889 0 +2.195774696e+01 -5.132253041e+00 -5.132253041e+00 -7.8712e-01 -4.2510e+00 +1.0036e+00 +2.5300e+00 +3.2477e+00 -3.2104e+00 +1.5307e+00 +2.2204e+00 +5.3932e-01 +4.5212e-01
% f evaluations | g evaluations | best noise-free fitness - Fopt (5.175000000000e+01) + sum g_i+ | measured fitness | best measured fitness or single-digit g-values | x1 | x2...
1 0 +6.525482764e+03 +6.577232764e+03 +6.577232764e+03 -2.5272e+00 -2.0542e+00 -3.2895e+00 -2.7702e+00 +4.6459e+00 -1.3872e+00 -3.8940e+00 +1.8229e+00 -5.0202e-02 +4.9343e+00
2 0 +6.489886544e+03 +6.541636544e+03 +6.541636544e+03 +4.7734e+00 -3.4752e-02 -2.8733e+00 -2.5583e+00 +3.3660e+00 -4.5105e+00 +3.2660e+00 -3.4786e+00 -2.8881e+00 +7.3798e-01
3 0 +4.988695802e+03 +5.040445802e+03 +5.040445802e+03 +1.6133e+00 -1.0341e+00 +1.0245e+00 -1.6458e+00 +3.2658e+00 +4.4649e+00 +3.4675e+00 -4.7349e+00 -3.8367e+00 -4.6879e+00
4 0 +2.604185526e+03 +2.655935526e+03 +2.655935526e+03 -1.2232e+00 +1.3514e+00 -2.9566e+00 +1.5710e+00 +2.8842e+00 -9.1256e-01 -4.8145e+00 -4.1735e-01 +1.8983e+00 -7.0208e-01
6 0 +4.997108939e+02 +5.514608939e+02 +5.514608939e+02 -3.1413e+00 +1.5095e+00 -7.5331e-01 -1.9969e+00 -7.2098e-01 -7.2937e-01 +1.5975e-01 -3.5238e+00 -3.5703e+00 -2.8353e-01
19 0 +3.349320997e+02 +3.866820997e+02 +3.866820997e+02 -6.6250e-01 +4.4292e+00 +9.8048e-01 +2.6129e+00 -2.8846e+00 -2.6130e+00 -4.9462e-01 -2.2837e+00 -7.5505e-01 -5.9331e-01
281 0 +3.068296709e+02 +3.585796709e+02 +3.585796709e+02 -5.0000e+00 +4.0841e+00 +8.5073e-01 -1.0019e+00 -1.9108e+00 +1.1445e+00 -2.4871e+00 -2.1975e+00 +6.4631e-01 +9.0277e-01
283 0 +2.743865837e+02 +3.261365837e+02 +3.261365837e+02 -7.6101e-02 +2.8140e+00 +2.2085e+00 +5.0000e+00 -2.4560e+00 +3.0598e+00 +1.2717e+00 +2.2773e+00 +2.4249e+00 +3.3273e-01
357 0 +2.669777030e+02 +3.187277030e+02 +3.187277030e+02 -5.0000e+00 +4.3544e+00 +2.7539e-01 -4.6509e-01 -2.4632e+00 -4.1474e+00 +2.1204e-01 -4.0590e+00 +1.3562e+00 +5.8236e-01
363 0 +2.486069509e+02 +3.003569509e+02 +3.003569509e+02 -7.6101e-02 +2.8140e+00 +2.2085e+00 +1.2229e-01 -1.8656e+00 +3.0598e+00 +1.2717e+00 +2.2773e+00 +2.4249e+00 +1.4220e+00
397 0 +2.279156826e+02 +2.796656826e+02 +2.796656826e+02 +1.9428e-01 +4.3544e+00 +2.7539e-01 -4.6509e-01 -3.0312e+00 -4.1474e+00 +2.1204e-01 -1.7849e+00 +1.3990e+00 +5.8236e-01
461 0 +2.210814717e+02 +2.728314717e+02 +2.728314717e+02 -2.5509e+00 +5.3019e-01 -8.1136e-01 +2.0998e+00 -7.2329e-01 -6.7080e-01 -1.0939e+00 -3.0148e+00 +1.7952e+00 -2.2657e-01
485 0 +1.994014511e+02 +2.511514511e+02 +2.511514511e+02 -4.0935e+00 -1.3471e+00 +1.1785e-02 -2.8348e-01 -2.2499e+00 -1.5353e-01 -5.6069e-01 -2.5117e+00 +2.5588e+00 +3.8575e-02
523 0 +1.675083516e+02 +2.192583516e+02 +2.192583516e+02 -7.6101e-02 +1.5032e-01 +2.2085e+00 +3.7107e+00 -1.7600e+00 +1.2006e+00 +4.3206e-01 +1.5889e-01 +2.4249e+00 +1.4220e+00
661 0 +1.471912410e+02 +1.989412410e+02 +1.989412410e+02 -2.5509e+00 +5.3019e-01 +2.2886e+00 +2.0998e+00 -7.2329e-01 -6.7080e-01 -1.0939e+00 +5.3169e-02 +2.0502e+00 -3.3422e-01
747 0 +1.336881688e+02 +1.854381688e+02 +1.854381688e+02 -1.2232e+00 +1.3514e+00 +8.7288e-01 +6.2299e-01 -1.1603e-01 -2.1774e+00 -1.1414e+00 -1.3116e+00 +2.1241e+00 +2.4922e-01
827 0 +9.955083585e+01 +1.513008359e+02 +1.513008359e+02 -1.2232e+00 +1.3514e+00 +1.4154e+00 +6.2299e-01 -1.1603e-01 -2.1774e+00 +4.3137e-01 -1.3116e+00 +2.1754e+00 +2.4922e-01
967 0 +9.352978811e+01 +1.452797881e+02 +1.452797881e+02 -1.0613e-01 +3.1351e+00 +2.9518e+00 +3.6992e-01 -6.3158e-01 -2.8217e+00 +5.4791e-01 -7.2714e-01 +2.2985e+00 +1.0406e+00
1407 0 +9.046680232e+01 +1.422168023e+02 +1.422168023e+02 -1.0613e-01 +9.7610e-01 +2.7841e+00 -1.0732e+00 -6.3158e-01 -2.8217e+00 +5.4791e-01 -7.2714e-01 +2.9191e+00 +1.0406e+00
1491 0 +8.274245499e+01 +1.344924550e+02 +1.344924550e+02 -5.5911e-02 +1.2984e+00 +2.2539e+00 +4.5886e-01 -1.1539e+00 +2.4071e-01 +1.3152e+00 -8.1152e-01 +2.9340e+00 +5.2337e-01
1531 0 +7.865923137e+01 +1.304092314e+02 +1.304092314e+02 -5.5911e-02 +1.2984e+00 +2.2539e+00 +4.5886e-01 -1.1539e+00 -4.3325e+00 +1.3152e+00 -4.4148e-01 +2.9340e+00 +5.2337e-01
1675 0 +7.457397280e+01 +1.263239728e+02 +1.263239728e+02 -3.0787e+00 +8.6185e-01 +2.1436e+00 +8.1164e-01 -1.1336e+00 -3.2570e+00 +1.3300e+00 -4.2361e-01 +2.2126e+00 -4.6483e-03
1747 0 +7.069387807e+01 +1.224438781e+02 +1.224438781e+02 -8.4365e-01 +1.3514e+00 +2.7029e+00 +1.5421e-01 -6.7573e-01 -1.1978e+00 +4.9914e-01 -1.4968e+00 +2.2094e+00 +5.2023e-01
1807 0 +6.417075060e+01 +1.159207506e+02 +1.159207506e+02 -9.5696e-01 +1.1929e+00 +2.9933e+00 -1.2046e+00 -5.7710e-01 -7.3735e-01 +8.1143e-01 -1.1163e+00 +2.9191e+00 +4.6234e-01
2035 0 +5.741527115e+01 +1.091652712e+02 +1.091652712e+02 +4.1571e-01 +8.6185e-01 +2.1436e+00 +9.7152e-02 -6.3928e-01 -2.6145e+00 +1.3300e+00 -4.2361e-01 +2.5978e+00 -4.6483e-03
2079 0 +5.188187781e+01 +1.036318778e+02 +1.036318778e+02 -8.8280e-01 +1.3898e+00 +2.9422e+00 +8.5498e-01 -1.0101e+00 -2.6488e+00 +1.1379e+00 +5.3388e-02 +2.2017e+00 -3.7656e-01
2225 0 +4.287317332e+01 +9.462317332e+01 +9.462317332e+01 -1.0167e+00 +1.3176e+00 +2.4376e+00 -3.8422e-01 -5.8405e-01 -2.6493e+00 +1.3343e+00 -3.1710e-01 +2.1713e+00 -3.0896e-02
2265 0 +4.094774627e+01 +9.269774627e+01 +9.269774627e+01 -1.0167e+00 +1.3176e+00 +2.9134e+00 -3.8422e-01 -5.8405e-01 -2.6493e+00 +1.4219e+00 -3.1998e-01 +2.1713e+00 -3.0896e-02
2585 0 +4.023488544e+01 +9.198488544e+01 +9.198488544e+01 +6.9589e-02 +1.3176e+00 +2.9134e+00 -3.8422e-01 -5.8405e-01 -2.6916e+00 +8.8343e-01 +1.2334e-01 +2.1713e+00 +8.7081e-01
2725 0 +3.822600185e+01 +8.997600185e+01 +8.997600185e+01 +1.3495e-01 +6.3332e-01 +1.7830e+00 +1.5964e+00 -5.9477e-01 -2.1374e+00 +1.7536e+00 -7.0321e-01 +2.1607e+00 +6.2462e-01
2885 0 +3.561642405e+01 +8.736642405e+01 +8.736642405e+01 +1.3495e-01 +4.4713e-01 +1.7830e+00 +1.5964e+00 -6.9969e-01 -2.1374e+00 +1.7536e+00 -7.0321e-01 +2.1607e+00 +6.2462e-01
2895 0 +3.233262190e+01 +8.408262190e+01 +8.408262190e+01 +8.7070e-02 +1.4126e+00 +2.2747e+00 +1.9221e-01 -7.4205e-01 -2.2112e+00 +1.7061e+00 -3.0349e-01 +2.6297e+00 +6.0937e-01
2935 0 +3.134121718e+01 +8.309121718e+01 +8.309121718e+01 +1.4823e-01 +1.4126e+00 +2.1989e+00 +1.2899e-01 -1.0454e+00 -2.6773e+00 +1.7061e+00 -3.0349e-01 +2.6297e+00 +6.0937e-01
3607 0 +2.930511290e+01 +8.105511290e+01 +8.105511290e+01 -9.7927e-01 +1.1929e+00 +2.1821e+00 +7.9793e-01 -5.7710e-01 -2.6414e+00 +1.2795e+00 +1.1047e-01 +2.9204e+00 +5.6380e-01
3847 0 +2.855708843e+01 +8.030708843e+01 +8.030708843e+01 -8.3654e-01 +4.5351e-01 +2.1821e+00 +7.9793e-01 -5.7710e-01 -2.6414e+00 +1.3259e+00 +1.1047e-01 +2.1782e+00 +1.7423e-01
3967 0 +2.750658255e+01 +7.925658255e+01 +7.925658255e+01 -8.3654e-01 +4.0051e-01 +2.1821e+00 +7.9793e-01 -6.4813e-01 -2.1767e+00 +1.3259e+00 +1.1047e-01 +2.1682e+00 +1.7423e-01
% f evaluations | g evaluations | best noise-free fitness - Fopt (-5.541400000000e+02) + sum g_i+ | measured fitness | best measured fitness or single-digit g-values | x1 | x2...
1 0 +1.751448723e+03 +1.197308723e+03 +1.197308723e+03 -3.4070e+00 -4.7379e-01 -2.5876e+00 +1.3036e+00 -2.9987e+00 -1.8579e+00 +9.8388e-01 -4.0843e+00 +3.3111e+00 +1.6028e-01
4 0 +7.218019789e+02 +1.676619789e+02 +1.676619789e+02 +7.2280e-01 -4.4261e+00 -2.8615e+00 +4.8469e+00 -3.8565e+00 -1.3580e+00 +1.9431e-01 -3.6647e+00 -3.9159e-01 +3.3625e+00
12 0 +5.798449914e+02 +2.570499138e+01 +2.570499138e+01 -1.8398e-01 -1.5437e+00 -4.9260e+00 -5.4547e-01 -4.8886e+00 -1.8436e+00 +7.7598e-01 +3.1833e+00 -6.7599e-01 -7.0597e-01
17 0 +5.689558485e+02 +1.481584851e+01 +1.481584851e+01 -8.2732e-02 -5.1581e-01 +2.8390e-01 -4.9723e+00 +4.5653e-01 -9.9822e-01 +2.2813e+00 -5.7455e-01 -5.5131e-01 +3.3882e+00
43 0 +4.979823181e+02 -5.615768188e+01 -5.615768188e+01 -1.8398e-01 -1.5437e+00 -4.9260e+00 -5.4547e-01 -4.8886e+00 -4.3442e-01 +2.8624e+00 +3.1833e+00 -6.7599e-01 -7.0597e-01
131 0 +3.633792261e+02 -1.907607739e+02 -1.907607739e+02 -1.1293e+00 -7.8773e-01 -3.2269e+00 +2.8774e+00 -2.1094e+00 +1.4642e+00 +3.0079e+00 -2.6259e+00 +2.5085e+00 +1.3754e-01
183 0 +3.295863189e+02 -2.245536811e+02 -2.245536811e+02 -3.7387e+00 +1.4319e+00 -1.1421e+00 -5.0000e+00 -1.2991e+00 +3.7876e+00 +3.9809e+00 -1.6131e+00 +7.0881e-01 -3.7108e-01
297 0 +2.880060370e+02 -2.661339630e+02 -2.661339630e+02 -1.0727e+00 -4.3535e-01 +6.5445e-02 +8.3820e-01 -1.5981e+00 -2.5829e+00 +2.6875e+00 -2.3751e+00 +1.3287e+00 +1.2788e+00
377 0 +2.582768321e+02 -2.958631679e+02 -2.958631679e+02 -1.0727e+00 -4.3535e-01 +6.5445e-02 +8.3820e-01 -1.5981e+00 -2.5829e+00 +2.3258e+00 -3.2388e+00 +1.3287e+00 -3.3675e+00
451 0 +2.124477441e+02 -3.416922559e+02 -3.416922559e+02 -4.5416e-01 +3.5033e-02 -9.7595e-01 +2.8774e+00 -1.2034e+00 -1.1625e+00 +2.2620e+00 -3.0057e+00 +1.5703e+00 -2.8382e+00
521 0 +1.543601461e+02 -3.997798539e+02 -3.997798539e+02 +7.5170e-01 +3.3884e-01 +9.5038e-01 +2.6626e+00 -2.3970e-01 -3.7820e-01 +2.3354e+00 -2.1512e+00 +4.2978e-01 -2.6392e+00
601 0 +1.339750529e+02 -4.201649471e+02 -4.201649471e+02 +7.5170e-01 +3.3884e-01 +1.6760e+00 +2.6626e+00 -2.3970e-01 -3.7820e-01 +2.6427e+00 -2.1512e+00 +4.2978e-01 -2.6392e+00
721 0 +1.249973198e+02 -4.291426802e+02 -4.291426802e+02 +7.5170e-01 +3.3884e-01 +1.6760e+00 +3.3979e+00 -2.3970e-01 -3.7820e-01 +2.6288e+00 -2.1512e+00 +3.4618e-01 -2.6392e+00
761 0 +1.016963196e+02 -4.524436804e+02 -4.524436804e+02 +7.5170e-01 +3.3884e-01 -3.5603e-01 +3.3979e+00 -2.3970e-01 +1.1943e+00 +2.6288e+00 -1.2208e-01 +3.4618e-01 -2.6392e+00
1209 0 +9.676193334e+01 -4.573780667e+02 -4.573780667e+02 -2.4891e-01 -1.1944e+00 +6.2376e-01 +9.8009e-01 -2.0988e+00 +1.6923e+00 +3.8741e+00 -1.8743e+00 +1.5503e+00 -2.0198e+00
1229 0 +9.005858975e+01 -4.640814102e+02 -4.640814102e+02 -1.3961e+00 +1.6363e+00 +7.8091e-01 +2.0553e+00 -1.3989e+00 +1.6532e+00 +3.3591e+00 -2.2074e+00 +1.0559e+00 -1.7167e+00
1405 0 +8.541856650e+01 -4.687214335e+02 -4.687214335e+02 +6.4624e-01 +3.9948e+00 -2.9444e-01 +2.8749e+00 +2.3492e-01 +1.0529e+00 +3.7789e+00 +8.1172e-01 +1.6593e+00 -1.3353e+00
1449 0 +6.846113776e+01 -4.856788622e+02 -4.856788622e+02 +4.1323e-02 +2.2201e+00 +6.2376e-01 +9.8009e-01 -4.8700e-01 +1.6923e+00 +3.8741e+00 -1.8743e+00 +7.8993e-01 -2.2341e+00
1769 0 +6.541418708e+01 -4.887258129e+02 -4.887258129e+02 +4.1323e-02 +2.2201e+00 +6.2376e-01 +9.8009e-01 -4.8700e-01 +1.6923e+00 +3.8741e+00 -1.8743e+00 +7.8993e-01 -1.6053e+00
1993 0 +5.353392654e+01 -5.006060735e+02 -5.006060735e+02 +6.6618e-03 +2.2011e+00 +7.0717e-01 +9.7160e-01 -2.4578e-01 +1.6334e+00 +2.9821e+00 +1.9027e-01 +1.3311e+00 -1.9480e+00
2137 0 +5.174190584e+01 -5.023980942e+02 -5.023980942e+02 +1.9737e-01 +5.0000e+00 +2.1346e+00 +3.7312e+00 -2.1718e-01 +1.6317e+00 +3.3385e+00 -1.0052e+00 +1.4045e+00 -1.9722e+00
2399 0 +4.830214025e+01 -5.058378598e+02 -5.058378598e+02 -2.4064e-02 +2.3349e+00 +7.9924e-01 +3.6951e+00 -1.9685e-01 +4.5034e-01 +3.7892e+00 -1.8342e+00 +2.0931e+00 -1.4317e+00
2737 0 +4.544499362e+01 -5.086950064e+02 -5.086950064e+02 -1.1029e-01 +5.0000e+00 +2.1346e+00 +3.7312e+00 -2.1718e-01 +1.5751e+00 +3.3385e+00 -5.5813e-01 +1.3608e+00 -1.9722e+00
2885 0 +4.413218360e+01 -5.100078164e+02 -5.100078164e+02 +2.0061e+00 +4.1650e+00 +1.2718e+00 +3.0893e+00 -1.5554e-01 +1.1730e+00 +3.4807e+00 -5.7935e-01 +1.7806e+00 -2.2598e+00
3239 0 +3.875337565e+01 -5.153866243e+02 -5.153866243e+02 -2.4064e-02 +2.3349e+00 +1.2718e+00 +3.6951e+00 -2.0559e-01 +4.5034e-01 +3.4181e+00 -1.8342e+00 +2.0931e+00 -1.4317e+00
3399 0 +3.630368311e+01 -5.178363169e+02 -5.178363169e+02 +1.8067e+00 +3.2153e+00 +1.2718e+00 +3.6951e+00 -5.1031e-01 +4.5034e-01 +3.4181e+00 -5.5280e-01 +2.0931e+00 -1.4317e+00
% f evaluations | g evaluations | best noise-free fitness - Fopt (1.774000000000e+01) + sum g_i+ | measured fitness | best measured fitness or single-digit g-values | x1 | x2...
1 0 +5.192477416e+03 +5.210217416e+03 +5.210217416e+03 -2.3199e+00 +2.1887e+00 -4.6324e+00 -2.1259e+00 +1.5311e+00 -7.2805e-01 -3.8399e+00 -3.5003e-01 +4.4880e+00 +4.4795e-01
3 0 +2.454235391e+03 +2.471975391e+03 +2.471975391e+03 -3.7953e+00 -1.9451e+00 +4.5999e+00 -4.2998e+00 -2.4107e+00 -1.7482e+00 +2.6561e+00 +3.6224e+00 +6.7833e-01 -4.4206e+00
4 0 +2.460059450e+02 +2.637459450e+02 +2.637459450e+02 +1.6817e-01 -4.3680e+00 -2.8906e+00 -6.5663e-01 +1.3187e+00 +8.8321e-01 +9.0878e-01 +2.9236e-01 +1.7655e+00 -3.5177e+00
241 0 +1.956172524e+02 +2.133572524e+02 +2.133572524e+02 -3.0356e+00 +5.0000e+00 +2.6928e+00 -5.2512e-01 +2.7692e-01 +4.0162e-01 +1.2734e-01 +1.1817e+00 +1.2325e+00 -2.8600e+00
283 0 +1.869090304e+02 +2.046490304e+02 +2.046490304e+02 -2.2011e+00 +4.6269e+00 +4.7043e-01 +1.0843e+00 -6.6018e-01 -3.3469e-01 -5.7060e-01 +5.9984e-01 +1.2729e+00 -3.4337e+00
323 0 +1.805464858e+02 +1.982864858e+02 +1.982864858e+02 -2.2011e+00 +5.0000e+00 +4.7043e-01 +1.0843e+00 +2.1565e-01 -3.3469e-01 -5.7060e-01 +5.9984e-01 +1.2729e+00 -3.4337e+00
411 0 +1.685422595e+02 +1.862822595e+02 +1.862822595e+02 +2.5028e+00 +1.5688e+00 -4.4919e-01 +3.1785e-01 +1.3234e-01 +1.1837e+00 -2.2136e-01 +9.7160e-01 +1.6918e-01 -2.9402e+00
443 0 +1.564732624e+02 +1.742132624e+02 +1.742132624e+02 +1.4192e+00 +2.2865e+00 -2.2986e+00 +1.0843e+00 +3.9624e-01 -3.3469e-01 -5.7060e-01 +5.9984e-01 +1.7736e+00 -4.6050e+00
557 0 +1.483334837e+02 +1.660734837e+02 +1.660734837e+02 +2.0051e+00 +1.3566e-01 +1.7406e+00 +1.7992e-01 -7.3526e-01 +7.5013e-01 -1.3355e-01 -2.9545e-01 +2.2760e+00 -2.6692e+00
563 0 +1.316406198e+02 +1.493806198e+02 +1.493806198e+02 +1.4192e+00 +2.2865e+00 -2.2986e+00 +1.0843e+00 +3.9624e-01 -3.3469e-01 -6.5558e-01 +2.6159e+00 +1.0890e+00 -3.5101e+00
723 0 +1.129665626e+02 +1.307065626e+02 +1.307065626e+02 +1.4192e+00 +2.2865e+00 +6.4379e-01 +1.0843e+00 +3.9624e-01 -3.3469e-01 -6.5558e-01 +2.7845e+00 +1.0890e+00 -3.5101e+00
823 0 +1.097351198e+02 +1.274751198e+02 +1.274751198e+02 +1.1399e+00 -4.4072e-01 +1.2943e+00 +1.4640e+00 +5.0864e-01 +4.4526e-01 -8.6938e-01 +4.0631e-01 +1.9693e+00 -3.4750e+00
873 0 +1.011838692e+02 +1.189238692e+02 +1.189238692e+02 +1.1345e+00 +2.9525e+00 +4.3802e-01 +4.2628e-01 +2.8829e-01 -9.9471e-02 -1.2601e-01 +7.5416e-01 +1.7325e+00 -2.9170e+00
951 0 +9.995344339e+01 +1.176934434e+02 +1.176934434e+02 +1.8945e+00 +5.0000e+00 +5.2059e-01 +3.4526e+00 +3.8158e-01 -7.8725e-01 -5.9538e-01 +1.1398e+00 +1.7945e+00 -2.9192e+00
1021 0 +9.727390813e+01 +1.150139081e+02 +1.150139081e+02 +1.2675e+00 +2.9783e+00 +1.9948e+00 +2.7809e+00 +4.4704e-01 +2.5666e-01 +4.1694e-01 +1.3086e+00 +9.2001e-01 -3.8669e+00
1079 0 +9.021859444e+01 +1.079585944e+02 +1.079585944e+02 +2.1373e+00 +1.6216e+00 +8.3411e-01 +2.0480e-01 +5.2650e-01 +1.1409e+00 +1.8875e-01 +1.1223e+00 +1.5427e+00 -2.8638e+00
1153 0 +7.319401750e+01 +9.093401750e+01 +9.093401750e+01 +1.1345e+00 +3.2844e+00 +4.3802e-01 +9.3208e-01 +2.8829e-01 -4.8008e-01 -1.2601e-01 +1.9914e+00 +1.7325e+00 -3.5554e+00
1215 0 +6.575361902e+01 +8.349361902e+01 +8.349361902e+01 +2.0218e+00 +2.2828e+00 +1.1089e+00 +1.5826e+00 +8.5979e-01 +5.1966e-01 +1.1800e+00 -3.5769e-02 +2.1652e+00 -3.6290e+00
1233 0 +5.752380891e+01 +7.526380891e+01 +7.526380891e+01 +1.1345e+00 +3.2844e+00 +7.3896e-01 +9.3208e-01 +2.8829e-01 -4.8008e-01 -1.2601e-01 +1.9914e+00 +1.7325e+00 -3.5554e+00
1295 0 +5.527491451e+01 +7.301491451e+01 +7.301491451e+01 +2.0218e+00 +2.2828e+00 +1.1089e+00 +1.5826e+00 +3.7156e-01 +5.1966e-01 +1.1800e+00 -3.5769e-02 +2.1652e+00 -3.6290e+00
1325 0 +4.791620908e+01 +6.565620908e+01 +6.565620908e+01 +1.3060e+00 +3.3400e+00 +1.3256e+00 +3.4850e+00 +2.6631e-01 -1.9774e+00 +7.2867e-01 +1.5081e+00 +1.8632e+00 -3.5258e+00
1565 0 +3.835887849e+01 +5.609887849e+01 +5.609887849e+01 +1.3060e+00 +3.3400e+00 +1.3256e+00 +3.4850e+00 +2.6631e-01 -1.9774e+00 +7.2867e-01 +9.1856e-01 +1.8632e+00 -3.5258e+00
2865 0 +3.599073821e+01 +5.373073821e+01 +5.373073821e+01 +1.1935e+00 +1.4382e+00 +2.0571e+00 +9.6487e-01 +3.6460e-01 -8.9822e-01 +6.0778e-01 +3.3209e-03 +2.1251e+00 -2.8861e+00
3539 0 +3.256532766e+01 +5.030532766e+01 +5.030532766e+01 +1.2449e+00 +2.4221e+00 +1.2746e+00 +1.0123e+00 +3.4711e-01 -4.6737e-01 +6.9518e-01 +3.3810e-02 +1.7440e+00 -3.5646e+00
3819 0 +3.163714940e+01 +4.937714940e+01 +4.937714940e+01 +5.3799e-01 +2.4243e+00 +1.2746e+00 +1.0123e+00 +3.4711e-01 -4.6737e-01 +6.9518e-01 +3.3810e-02 +2.1437e+00 -3.5646e+00
