% f evaluations | g evaluations | best noise-free fitness - Fopt (7.627000000000e+01) + sum g_i+ | measured fitness | best measured fitness or single-digit g-values | x1 | x2...
1 0 +2.718170201e+07 +2.718177828e+07 +2.718177828e+07 +3.3598e+00 +9.8721e-01 +1.6176e+00
2 0 +4.578777762e+06 +4.578854032e+06 +4.578854032e+06 -3.5860e+00 +5.4311e-01 -2.5032e+00
3 0 +4.644590315e+04 +4.652217315e+04 +4.652217315e+04 -1.4220e+00 -2.8808e+00 -1.1823e+00
79 0 +9.002305394e+03 +9.078575394e+03 +9.078575394e+03 -4.9866e+00 -5.8314e-01 -4.3370e+00
81 0 +6.226491530e+03 +6.302761530e+03 +6.302761530e+03 +2.5392e+00 -2.0974e+00 -3.3008e+00
137 0 +6.152501455e+03 +6.228771455e+03 +6.228771455e+03 -5.0000e+00 -6.9363e-01 -4.4975e+00
145 0 +1.751217292e+01 +9.378217292e+01 +9.378217292e+01 -5.0000e+00 -2.8808e+00 -9.6657e-01
1383 0 +1.159023131e+01 +8.786023131e+01 +8.786023131e+01 +1.9115e+00 -4.1173e+00 -2.3065e-01
2829 0 +2.195232998e+00 +7.846523300e+01 +7.846523300e+01 -1.6875e+00 -3.4231e+00 -6.9172e-01
5977 0 +2.164900187e-01 +7.648649002e+01 +7.648649002e+01 -5.3081e-01 -3.2558e+00 -1.1492e+00
6257 0 +1.820877627e-01 +7.645208776e+01 +7.645208776e+01 -5.3081e-01 -3.2557e+00 -1.1492e+00
7669 0 +8.155247937e-02 +7.635155248e+01 +7.635155248e+01 -9.5651e-01 -3.0833e+00 -1.3425e+00
9307 0 +4.953639382e-02 +7.631953639e+01 +7.631953639e+01 -9.3090e-01 -3.1350e+00 -1.2679e+00
9841 0 +4.591155970e-02 +7.631591156e+01 +7.631591156e+01 -7.6959e-01 -3.1396e+00 -1.2880e+00
9887 0 +2.280666192e-02 +7.629280666e+01 +7.629280666e+01 -9.5413e-01 -3.1901e+00 -1.1781e+00
10855 0 +9.735922086e-03 +7.627973592e+01 +7.627973592e+01 -9.6694e-01 -3.1472e+00 -1.2424e+00
11331 0 +5.737384420e-03 +7.627573738e+01 +7.627573738e+01 -9.5378e-01 -3.1161e+00 -1.2926e+00
11853 0 +5.014905458e-03 +7.627501491e+01 +7.627501491e+01 -9.8907e-01 -3.1469e+00 -1.2392e+00
12253 0 +4.456849514e-03 +7.627445685e+01 +7.627445685e+01 -9.3523e-01 -3.1183e+00 -1.2925e+00
13101 0 +1.801156254e-03 +7.627180116e+01 +7.627180116e+01 -9.6100e-01 -3.1317e+00 -1.2675e+00
13733 0 +1.595153433e-03 +7.627159515e+01 +7.627159515e+01 -9.4654e-01 -3.1683e+00 -1.2133e+00
13871 0 +1.420019691e-03 +7.627142002e+01 +7.627142002e+01 -9.0547e-01 -3.1509e+00 -1.2473e+00
14375 0 +1.078427715e-03 +7.627107843e+01 +7.627107843e+01 -9.6156e-01 -3.1623e+00 -1.2201e+00
15085 0 +5.129813447e-04 +7.627051298e+01 +7.627051298e+01 -9.1588e-01 -3.1527e+00 -1.2427e+00
15197 0 +4.140650639e-04 +7.627041407e+01 +7.627041407e+01 -9.5128e-01 -3.1448e+00 -1.2488e+00
15333 0 +1.073679668e-04 +7.627010737e+01 +7.627010737e+01 -9.4410e-01 -3.1521e+00 -1.2388e+00
16923 0 +1.055852461e-05 +7.627001056e+01 +7.627001056e+01 -9.3733e-01 -3.1490e+00 -1.2447e+00
21151 0 +4.459370288e-06 +7.627000446e+01 +7.627000446e+01 -9.3692e-01 -3.1496e+00 -1.2438e+00
21681 0 +4.177891029e-06 +7.627000418e+01 +7.627000418e+01 -9.3699e-01 -3.1500e+00 -1.2433e+00
22085 0 +4.063033572e-06 +7.627000406e+01 +7.627000406e+01 -9.3680e-01 -3.1510e+00 -1.2417e+00
22127 0 +1.142964749e-06 +7.627000114e+01 +7.627000114e+01 -9.3738e-01 -3.1504e+00 -1.2426e+00
22611 0 +9.990907586e-07 +7.627000100e+01 +7.627000100e+01 -9.3775e-01 -3.1504e+00 -1.2425e+00
22973 0 +1.078287966e-07 +7.627000011e+01 +7.627000011e+01 -9.3821e-01 -3.1505e+00 -1.2423e+00
27451 0 +3.050872976e-08 +7.627000003e+01 +7.627000003e+01 -9.3824e-01 -3.1504e+00 -1.2425e+00
28993 0 +1.237175695e-08 +7.627000001e+01 +7.627000001e+01 -9.3832e-01 -3.1504e+00 -1.2425e+00
31235 0 +7.429520110e-09 +7.627000001e+01 +7.627000001e+01 -9.3844e-01 -3.1504e+00 -1.2424e+00
% f evaluations | g evaluations | best noise-free fitness - Fopt (-2.255000000000e+01) + sum g_i+ | measured fitness | best measured fitness or single-digit g-values | x1 | x2...
1 0 +2.278272794e+05 +2.278047294e+05 +2.278047294e+05 +3.1312e+00 +1.9411e-01 -4.1254e-01
5 0 +8.931679820e+03 +8.909129820e+03 +8.909129820e+03 +2.1379e+00 +3.6882e+00 +4.0207e-01
137 0 +1.169309401e+03 +1.146759401e+03 +1.146759401e+03 +1.9436e+00 +2.5343e+00 -1.7156e+00
249 0 +1.013085595e+01 -1.241914405e+01 -1.241914405e+01 +2.7513e+00 +1.0923e+00 +1.6848e+00
741 0 +6.786236343e+00 -1.576376366e+01 -1.576376366e+01 +2.7639e+00 +1.2528e+00 +2.0390e+00
3947 0 +1.719534184e+00 -2.083046582e+01 -2.083046582e+01 +2.4580e+00 +2.4586e+00 +1.5695e+00
4209 0 +1.399257697e+00 -2.115074230e+01 -2.115074230e+01 +2.7964e+00 +1.7075e+00 +2.9048e+00
5513 0 +2.629620189e-01 -2.228703798e+01 -2.228703798e+01 +2.5267e+00 +2.5441e+00 +2.1811e+00
7429 0 +2.095368546e-01 -2.234046315e+01 -2.234046315e+01 +2.6447e+00 +2.4670e+00 +2.9086e+00
8979 0 +2.423734668e-02 -2.252576265e+01 -2.252576265e+01 +2.5554e+00 +2.5656e+00 +2.4163e+00
13063 0 +1.352889705e-02 -2.253647110e+01 -2.253647110e+01 +2.5596e+00 +2.5525e+00 +2.4277e+00
13157 0 +3.840363753e-03 -2.254615964e+01 -2.254615964e+01 +2.5805e+00 +2.5243e+00 +2.5354e+00
13935 0 +1.619143143e-03 -2.254838086e+01 -2.254838086e+01 +2.5564e+00 +2.6014e+00 +2.4754e+00
15349 0 +5.906298059e-04 -2.254940937e+01 -2.254940937e+01 +2.5654e+00 +2.5665e+00 +2.4892e+00
16967 0 +3.623985884e-04 -2.254963760e+01 -2.254963760e+01 +2.5624e+00 +2.5821e+00 +2.4904e+00
17053 0 +1.839532308e-04 -2.254981605e+01 -2.254981605e+01 +2.5650e+00 +2.5806e+00 +2.5063e+00
19531 0 +1.299175157e-04 -2.254987008e+01 -2.254987008e+01 +2.5638e+00 +2.5896e+00 +2.5106e+00
19989 0 +1.162202909e-04 -2.254988378e+01 -2.254988378e+01 +2.5634e+00 +2.5891e+00 +2.5071e+00
20239 0 +1.092865568e-04 -2.254989071e+01 -2.254989071e+01 +2.5660e+00 +2.5729e+00 +2.5022e+00
20537 0 +7.450196917e-05 -2.254992550e+01 -2.254992550e+01 +2.5637e+00 +2.5855e+00 +2.5037e+00
20815 0 +4.527130030e-05 -2.254995473e+01 -2.254995473e+01 +2.5652e+00 +2.5778e+00 +2.5035e+00
21949 0 +3.349061403e-05 -2.254996651e+01 -2.254996651e+01 +2.5664e+00 +2.5767e+00 +2.5105e+00
22445 0 +3.084435227e-05 -2.254996916e+01 -2.254996916e+01 +2.5652e+00 +2.5801e+00 +2.5069e+00
22535 0 +2.283983303e-05 -2.254997716e+01 -2.254997716e+01 +2.5663e+00 +2.5766e+00 +2.5095e+00
23355 0 +6.472489176e-06 -2.254999353e+01 -2.254999353e+01 +2.5655e+00 +2.5796e+00 +2.5083e+00
23471 0 +4.226310718e-06 -2.254999577e+01 -2.254999577e+01 +2.5653e+00 +2.5804e+00 +2.5079e+00
24035 0 +3.573795446e-06 -2.254999643e+01 -2.254999643e+01 +2.5659e+00 +2.5782e+00 +2.5089e+00
25127 0 +2.946923118e-06 -2.254999705e+01 -2.254999705e+01 +2.5657e+00 +2.5792e+00 +2.5092e+00
26043 0 +1.972075957e-06 -2.254999803e+01 -2.254999803e+01 +2.5658e+00 +2.5787e+00 +2.5094e+00
26569 0 +9.421070679e-07 -2.254999906e+01 -2.254999906e+01 +2.5655e+00 +2.5807e+00 +2.5098e+00
27207 0 +6.198053235e-07 -2.254999938e+01 -2.254999938e+01 +2.5655e+00 +2.5802e+00 +2.5089e+00
28255 0 +4.285702815e-07 -2.254999957e+01 -2.254999957e+01 +2.5655e+00 +2.5799e+00 +2.5090e+00
28429 0 +3.221465477e-07 -2.254999968e+01 -2.254999968e+01 +2.5655e+00 +2.5805e+00 +2.5096e+00
28947 0 +2.648184392e-07 -2.254999974e+01 -2.254999974e+01 +2.5656e+00 +2.5802e+00 +2.5101e+00
28973 0 +7.854720607e-08 -2.254999992e+01 -2.254999992e+01 +2.5656e+00 +2.5801e+00 +2.5095e+00
30709 0 +6.536752650e-08 -2.254999993e+01 -2.254999993e+01 +2.5656e+00 +2.5799e+00 +2.5097e+00
30965 0 +4.253915975e-08 -2.254999996e+01 -2.254999996e+01 +2.5656e+00 +2.5798e+00 +2.5095e+00
32841 0 +2.104173902e-08 -2.254999998e+01 -2.254999998e+01 +2.5656e+00 +2.5799e+00 +2.5096e+00
33655 0 +1.471167366e-08 -2.254999999e+01 -2.254999999e+01 +2.5656e+00 +2.5799e+00 +2.5096e+00
34323 0 +7.983203432e-09 -2.254999999e+01 -2.254999999e+01 +2.5656e+00 +2.5800e+00 +2.5097e+00
% f evaluations | g evaluations | best noise-free fitness - Fopt (1.366000000000e+01) + sum g_i+ | measured fitness | best measured fitness or single-digit g-values | x1 | x2...
1 0 +4.676653715e+06 +4.676667375e+06 +4.676667375e+06 +2.5296e+00 -2.7515e+00 -6.6024e-01
2 0 +1.959716805e+05 +1.959853405e+05 +1.959853405e+05 +2.8710e+00 -3.0669e+00 -4.2294e+00
12 0 +5.132933737e+04 +5.134299737e+04 +5.134299737e+04 +1.1536e+00 +8.6916e-01 +2.4509e-01
111 0 +3.255129055e+04 +3.256495055e+04 +3.256495055e+04 -8.0105e-01 -1.1279e+00 -1.2348e-01
163 0 +5.808020838e+02 +5.944620838e+02 +5.944620838e+02 +6.8361e-01 +9.1029e-02 +2.4509e-01
417 0 +2.645820205e+02 +2.782420205e+02 +2.782420205e+02 -3.6207e+00 -3.6633e+00 -8.4142e-02
441 0 +1.705491863e+02 +1.842091863e+02 +1.842091863e+02 -1.5918e+00 -3.0251e+00 -1.1668e+00
685 0 +1.227298486e+02 +1.363898486e+02 +1.363898486e+02 +2.0204e+00 +1.3335e-01 -8.9475e-01
881 0 +5.410534866e+01 +6.776534866e+01 +6.776534866e+01 -1.7674e+00 -1.1268e+00 +9.8221e-01
1203 0 +1.683820456e+01 +3.049820456e+01 +3.049820456e+01 +6.8361e-01 +1.3335e-01 +2.4509e-01
2581 0 +1.575022859e+01 +2.941022859e+01 +2.941022859e+01 -2.3262e+00 +7.1606e-01 +3.4022e+00
3523 0 +1.411678789e+01 +2.777678789e+01 +2.777678789e+01 +6.9247e-01 +1.3335e-01 +2.4509e-01
4039 0 +5.494993086e+00 +1.915499309e+01 +1.915499309e+01 +9.1396e-01 +8.8630e-01 +8.4557e-01
4475 0 +2.283651259e+00 +1.594365126e+01 +1.594365126e+01 +1.4161e+00 +1.8330e+00 +1.4159e+00
6843 0 +2.070466240e+00 +1.573046624e+01 +1.573046624e+01 -3.7203e-01 +1.1385e+00 +2.1943e+00
7447 0 +5.003633770e-01 +1.416036338e+01 +1.416036338e+01 +1.0052e+00 +2.6756e+00 +2.6465e+00
8865 0 +4.123318069e-01 +1.407233181e+01 +1.407233181e+01 -4.4672e-02 +2.2484e+00 +3.0839e+00
9295 0 +3.057124607e-01 +1.396571246e+01 +1.396571246e+01 +7.0997e-01 +2.3795e+00 +2.5841e+00
9567 0 +1.860314847e-01 +1.384603148e+01 +1.384603148e+01 +5.4370e-01 +2.3625e+00 +2.7078e+00
12443 0 +1.647462801e-01 +1.382474628e+01 +1.382474628e+01 +5.2335e-01 +2.3824e+00 +2.7458e+00
12789 0 +7.985271042e-02 +1.373985271e+01 +1.373985271e+01 +3.5531e-01 +2.2119e+00 +2.7074e+00
14049 0 +8.724697197e-03 +1.366872470e+01 +1.366872470e+01 +4.4841e-01 +2.1829e+00 +2.5990e+00
16605 0 +3.980936287e-03 +1.366398094e+01 +1.366398094e+01 +4.2269e-01 +2.2592e+00 +2.7008e+00
18303 0 +2.931744907e-03 +1.366293174e+01 +1.366293174e+01 +4.6375e-01 +2.2587e+00 +2.6657e+00
21401 0 +2.479920965e-03 +1.366247992e+01 +1.366247992e+01 +4.6148e-01 +2.2505e+00 +2.6589e+00
21911 0 +7.983135085e-04 +1.366079831e+01 +1.366079831e+01 +4.1344e-01 +2.2126e+00 +2.6597e+00
23303 0 +4.419794923e-04 +1.366044198e+01 +1.366044198e+01 +4.2519e-01 +2.2180e+00 +2.6554e+00
23389 0 +3.708583950e-04 +1.366037086e+01 +1.366037086e+01 +4.3694e-01 +2.2360e+00 +2.6644e+00
23825 0 +2.850953533e-04 +1.366028510e+01 +1.366028510e+01 +4.4042e-01 +2.2242e+00 +2.6490e+00
24737 0 +2.172196922e-04 +1.366021722e+01 +1.366021722e+01 +4.2135e-01 +2.2239e+00 +2.6648e+00
25205 0 +1.205135375e-04 +1.366012051e+01 +1.366012051e+01 +4.3345e-01 +2.2211e+00 +2.6517e+00
25781 0 +4.149414833e-05 +1.366004149e+01 +1.366004149e+01 +4.2803e-01 +2.2256e+00 +2.6610e+00
26077 0 +3.905338628e-06 +1.366000391e+01 +1.366000391e+01 +4.2567e-01 +2.2240e+00 +2.6613e+00
28919 0 +1.089072981e-06 +1.366000109e+01 +1.366000109e+01 +4.2670e-01 +2.2240e+00 +2.6605e+00
31553 0 +7.657950309e-07 +1.366000077e+01 +1.366000077e+01 +4.2773e-01 +2.2246e+00 +2.6602e+00
31825 0 +3.028839028e-07 +1.366000030e+01 +1.366000030e+01 +4.2715e-01 +2.2243e+00 +2.6604e+00
34943 0 +1.074095657e-07 +1.366000011e+01 +1.366000011e+01 +4.2719e-01 +2.2242e+00 +2.6602e+00
37233 0 +6.312951406e-08 +1.366000006e+01 +1.366000006e+01 +4.2705e-01 +2.2240e+00 +2.6601e+00
38371 0 +6.045385703e-08 +1.366000006e+01 +1.366000006e+01 +4.2703e-01 +2.2239e+00 +2.6600e+00
38715 0 +3.562062467e-08 +1.366000004e+01 +1.366000004e+01 +4.2728e-01 +2.2240e+00 +2.6600e+00
38791 0 +2.576209290e-08 +1.366000003e+01 +1.366000003e+01 +4.2723e-01 +2.2241e+00 +2.6601e+00
39429 0 +2.346606287e-08 +1.366000002e+01 +1.366000002e+01 +4.2717e-01 +2.2241e+00 +2.6601e+00
% f evaluations | g evaluations | best noise-free fitness - Fopt (9.378400000000e+02) + sum g_i+ | measured fitness | best measured fitness or single-digit g-values | x1 | x2...
1 0 +1.137672225e+06 +1.138610065e+06 +1.138610065e+06 -2.7964e+00 -3.6378e+00 +2.7611e+00
2 0 +4.587990893e+05 +4.597369293e+05 +4.597369293e+05 +4.6006e+00 +1.9055e+00 -2.3015e-01
4 0 +1.754069852e+04 +1.847853852e+04 +1.847853852e+04 -1.2820e+00 -1.1363e+00 +3.3551e+00
6 0 +2.188816381e+03 +3.126656381e+03 +3.126656381e+03 +3.6243e+00 -2.3616e+00 -1.4982e+00
233 0 +7.273870495e+02 +1.665227050e+03 +1.665227050e+03 -1.6204e+00 +5.8230e-01 +4.3869e+00
369 0 +3.393636238e+02 +1.277203624e+03 +1.277203624e+03 +5.0000e+00 -8.5413e-01 -2.3146e+00
753 0 +2.311805314e+02 +1.169020531e+03 +1.169020531e+03 +1.7646e+00 -3.1708e+00 +9.3936e-02
1159 0 +5.570540760e+01 +9.935454076e+02 +9.935454076e+02 +2.9702e+00 +9.8694e-01 +1.5921e-01
1939 0 +4.339151480e+01 +9.812315148e+02 +9.812315148e+02 -2.2087e+00 -2.3838e+00 +4.0380e+00
2449 0 +3.062548989e+01 +9.684654899e+02 +9.684654899e+02 -2.9233e+00 -1.5000e+00 +4.9714e+00
3467 0 +2.717716464e+01 +9.650171646e+02 +9.650171646e+02 +6.1408e-01 -4.1104e-01 +1.9648e+00
3635 0 +1.050162550e+01 +9.483416255e+02 +9.483416255e+02 -1.4347e+00 +5.7941e-01 +4.1753e+00
4913 0 +8.006828890e+00 +9.458468289e+02 +9.458468289e+02 -1.4597e+00 +1.2754e+00 +4.4044e+00
8879 0 +6.447319066e+00 +9.442873191e+02 +9.442873191e+02 -1.4772e+00 +1.2955e+00 +4.4252e+00
9363 0 +6.001762933e+00 +9.438417629e+02 +9.438417629e+02 -1.5525e+00 +2.1668e+00 +4.7514e+00
9981 0 +5.519872079e+00 +9.433598721e+02 +9.433598721e+02 +7.5589e-01 +2.2606e+00 +2.6068e+00
10123 0 +4.839876287e+00 +9.426798763e+02 +9.426798763e+02 -1.5559e+00 +2.1668e+00 +4.7514e+00
10975 0 +3.868382119e+00 +9.417083821e+02 +9.417083821e+02 -3.6231e-01 +1.8729e+00 +3.5437e+00
11865 0 +3.622861968e+00 +9.414628620e+02 +9.414628620e+02 -2.2824e-01 +2.0416e+00 +3.4686e+00
12221 0 +2.693293085e+00 +9.405332931e+02 +9.405332931e+02 -4.9459e-01 +2.0995e+00 +3.7341e+00
12741 0 +2.524600010e+00 +9.403646000e+02 +9.403646000e+02 -4.9432e-01 +2.0995e+00 +3.7341e+00
13469 0 +2.282376763e+00 +9.401223768e+02 +9.401223768e+02 -1.8122e-01 +2.1960e+00 +3.4680e+00
13699 0 +2.089654337e+00 +9.399296543e+02 +9.399296543e+02 -1.4127e-02 +2.4566e+00 +3.3876e+00
14483 0 +1.451912419e+00 +9.392919124e+02 +9.392919124e+02 -3.3019e-01 +2.3971e+00 +3.6672e+00
15269 0 +1.396853691e+00 +9.392368537e+02 +9.392368537e+02 -1.7823e-01 +2.4351e+00 +3.5349e+00
16057 0 +1.141775393e+00 +9.389817754e+02 +9.389817754e+02 -3.4633e-01 +2.4756e+00 +3.7046e+00
16999 0 +1.043696979e+00 +9.388836970e+02 +9.388836970e+02 -2.5341e-01 +2.5372e+00 +3.6351e+00
17169 0 +1.023287530e+00 +9.388632875e+02 +9.388632875e+02 -1.8723e-01 +2.6005e+00 +3.5918e+00
17251 0 +8.752948991e-01 +9.387152949e+02 +9.387152949e+02 -2.3418e-01 +2.6935e+00 +3.6632e+00
17575 0 +7.294584141e-01 +9.385694584e+02 +9.385694584e+02 -2.6025e-01 +2.6983e+00 +3.6886e+00
17803 0 +5.305520658e-01 +9.383705521e+02 +9.383705521e+02 -2.3677e-01 +2.8846e+00 +3.7209e+00
20593 0 +4.647948642e-01 +9.383047949e+02 +9.383047949e+02 -2.2640e-01 +2.9591e+00 +3.7329e+00
20761 0 +4.257868228e-01 +9.382657868e+02 +9.382657868e+02 -1.3104e-01 +3.0109e+00 +3.6583e+00
21359 0 +3.607731811e-01 +9.382007732e+02 +9.382007732e+02 -2.4506e-01 +3.0640e+00 +3.7805e+00
21399 0 +3.315086459e-01 +9.381715086e+02 +9.381715086e+02 -2.6536e-01 +3.0530e+00 +3.7967e+00
21631 0 +2.828534665e-01 +9.381228535e+02 +9.381228535e+02 -3.4817e-01 +3.0712e+00 +3.8799e+00
22081 0 +1.163886384e-01 +9.379563886e+02 +9.379563886e+02 -2.6800e-01 +3.2610e+00 +3.8597e+00
23857 0 +6.579250255e-02 +9.379057925e+02 +9.379057925e+02 -4.3894e-01 +3.3853e+00 +4.0567e+00
23903 0 +3.604289428e-02 +9.378760429e+02 +9.378760429e+02 -4.0616e-01 +3.4525e+00 +4.0455e+00
24367 0 +3.327390989e-02 +9.378732739e+02 +9.378732739e+02 -3.8342e-01 +3.4826e+00 +4.0329e+00
24699 0 +2.310128258e-02 +9.378631013e+02 +9.378631013e+02 -2.6212e-01 +3.4576e+00 +3.9113e+00
26273 0 +1.701735661e-02 +9.378570174e+02 +9.378570174e+02 -3.0013e-01 +3.4470e+00 +3.9441e+00
26563 0 +1.590260858e-02 +9.378559026e+02 +9.378559026e+02 -3.8410e-01 +3.5170e+00 +4.0434e+00
26669 0 +1.126747072e-02 +9.378512675e+02 +9.378512675e+02 -3.7272e-01 +3.5320e+00 +4.0371e+00
27103 0 +1.024807191e-02 +9.378502481e+02 +9.378502481e+02 -3.2567e-01 +3.4849e+00 +3.9791e+00
27373 0 +7.909466311e-03 +9.378479095e+02 +9.378479095e+02 -3.6197e-01 +3.5274e+00 +4.0256e+00
27771 0 +4.531747291e-03 +9.378445317e+02 +9.378445317e+02 -3.3564e-01 +3.5186e+00 +3.9983e+00
29873 0 +4.286449800e-03 +9.378442864e+02 +9.378442864e+02 -3.3928e-01 +3.5285e+00 +4.0046e+00
31599 0 +3.896637409e-03 +9.378438966e+02 +9.378438966e+02 -3.2929e-01 +3.5207e+00 +3.9930e+00
31829 0 +2.934109716e-03 +9.378429341e+02 +9.378429341e+02 -2.8829e-01 +3.5325e+00 +3.9578e+00
32861 0 +2.614088996e-03 +9.378426141e+02 +9.378426141e+02 -2.8282e-01 +3.5389e+00 +3.9546e+00
33093 0 +1.275233181e-03 +9.378412752e+02 +9.378412752e+02 -2.9089e-01 +3.5619e+00 +3.9688e+00
33473 0 +1.966666549e-04 +9.378401967e+02 +9.378401967e+02 -3.0253e-01 +3.5668e+00 +3.9812e+00
35989 0 +1.212877104e-04 +9.378401213e+02 +9.378401213e+02 -3.0049e-01 +3.5688e+00 +3.9799e+00
36301 0 +8.924843382e-05 +9.378400892e+02 +9.378400892e+02 -2.9651e-01 +3.5694e+00 +3.9763e+00
37055 0 +3.868832573e-05 +9.378400387e+02 +9.378400387e+02 -2.9863e-01 +3.5733e+00 +3.9794e+00
37867 0 +1.641633844e-05 +9.378400164e+02 +9.378400164e+02 -2.9792e-01 +3.5759e+00 +3.9795e+00
38307 0 +1.238898403e-05 +9.378400124e+02 +9.378400124e+02 -2.9557e-01 +3.5759e+00 +3.9773e+00
38733 0 +7.693294037e-07 +9.378400008e+02 +9.378400008e+02 -2.9663e-01 +3.5778e+00 +3.9789e+00
% f evaluations | g evaluations | best noise-free fitness - Fopt (-7.872000000000e+01) + sum g_i+ | measured fitness | best measured fitness or single-digit g-values | x1 | x2...
1 0 +2.445098182e+06 +2.445019462e+06 +2.445019462e+06 +2.0804e+00 +2.8969e+00 -2.9468e+00
2 0 +5.752124862e+05 +5.751337662e+05 +5.751337662e+05 -6.0076e-01 -3.5126e+00 +2.0297e+00
4 0 +1.568975157e+05 +1.568187957e+05 +1.568187957e+05 -3.8139e+00 -7.8979e-01 -8.4787e-01
13 0 +3.936862191e+02 +3.149662191e+02 +3.149662191e+02 -4.4304e+00 +2.7096e+00 -3.0608e+00
73 0 +1.270946573e+02 +4.837465733e+01 +4.837465733e+01 -3.7841e+00 -5.0000e+00 +3.1244e+00
261 0 +5.258160819e+01 -2.613839181e+01 -2.613839181e+01 -2.2510e+00 +2.8969e+00 -3.8708e+00
957 0 +4.142523524e+01 -3.729476476e+01 -3.729476476e+01 -5.2394e-03 +1.4058e-01 -2.2946e+00
2173 0 +9.745941647e+00 -6.897405835e+01 -6.897405835e+01 +9.7703e-01 -7.6995e-01 -1.8427e+00
3181 0 +8.258469120e+00 -7.046153088e+01 -7.046153088e+01 +3.0583e+00 -3.4341e+00 -2.8482e-01
3345 0 +7.889593313e+00 -7.083040669e+01 -7.083040669e+01 +3.1067e+00 -7.2625e-01 -2.5414e+00
4621 0 +1.355768378e+00 -7.736423162e+01 -7.736423162e+01 +3.1109e+00 -9.6948e-01 -2.3394e+00
4857 0 +2.727388283e-01 -7.844726117e+01 -7.844726117e+01 +3.3143e+00 -1.8090e+00 -1.7074e+00
7859 0 +1.603903412e-01 -7.855960966e+01 -7.855960966e+01 +3.4709e+00 -1.6589e+00 -1.8804e+00
9367 0 +9.646459706e-02 -7.862353540e+01 -7.862353540e+01 +3.6130e+00 -1.6228e+00 -1.9539e+00
10347 0 +7.160662355e-02 -7.864839338e+01 -7.864839338e+01 +3.4482e+00 -1.6198e+00 -1.9054e+00
13915 0 +6.915876922e-02 -7.865084123e+01 -7.865084123e+01 +3.5224e+00 -1.6136e+00 -1.9336e+00
14121 0 +6.334709603e-02 -7.865665290e+01 -7.865665290e+01 +3.5088e+00 -1.6050e+00 -1.9364e+00
14209 0 +6.137616419e-02 -7.865862384e+01 -7.865862384e+01 +3.5040e+00 -1.5946e+00 -1.9436e+00
14963 0 +5.402926847e-02 -7.866597073e+01 -7.866597073e+01 +3.5327e+00 -1.5748e+00 -1.9688e+00
15485 0 +5.311871063e-02 -7.866688129e+01 -7.866688129e+01 +3.4488e+00 -1.5957e+00 -1.9253e+00
15495 0 +4.873210294e-02 -7.867126790e+01 -7.867126790e+01 +3.4843e+00 -1.5851e+00 -1.9451e+00
16417 0 +4.590418690e-02 -7.867409581e+01 -7.867409581e+01 +3.5166e+00 -1.5784e+00 -1.9608e+00
16743 0 +4.523757898e-02 -7.867476242e+01 -7.867476242e+01 +3.4405e+00 -1.5530e+00 -1.9583e+00
17071 0 +4.244013999e-02 -7.867755986e+01 -7.867755986e+01 +3.4350e+00 -1.5657e+00 -1.9461e+00
17747 0 +4.017683035e-02 -7.867982317e+01 -7.867982317e+01 +3.3895e+00 -1.5665e+00 -1.9312e+00
18279 0 +3.824803190e-02 -7.868175197e+01 -7.868175197e+01 +3.3907e+00 -1.5614e+00 -1.9358e+00
18673 0 +3.800439927e-02 -7.868199560e+01 -7.868199560e+01 +3.4495e+00 -1.5573e+00 -1.9575e+00
19941 0 +2.223381342e-02 -7.869776619e+01 -7.869776619e+01 +3.4595e+00 -1.5411e+00 -1.9738e+00
20203 0 +2.029830186e-02 -7.869970170e+01 -7.869970170e+01 +3.4696e+00 -1.5349e+00 -1.9821e+00
20255 0 +1.763371606e-02 -7.870236628e+01 -7.870236628e+01 +3.4564e+00 -1.5285e+00 -1.9833e+00
22361 0 +1.609859911e-02 -7.870390140e+01 -7.870390140e+01 +3.4547e+00 -1.5215e+00 -1.9885e+00
23095 0 +1.397861460e-02 -7.870602139e+01 -7.870602139e+01 +3.4536e+00 -1.5015e+00 -2.0047e+00
23543 0 +1.372986069e-02 -7.870627014e+01 -7.870627014e+01 +3.4257e+00 -1.5069e+00 -1.9915e+00
23891 0 +1.055233076e-02 -7.870944767e+01 -7.870944767e+01 +3.4107e+00 -1.4958e+00 -1.9961e+00
24787 0 +5.759877349e-03 -7.871424012e+01 -7.871424012e+01 +3.4289e+00 -1.4814e+00 -2.0136e+00
25097 0 +5.063024456e-03 -7.871493698e+01 -7.871493698e+01 +3.4101e+00 -1.4729e+00 -2.0148e+00
25723 0 +4.761097617e-03 -7.871523890e+01 -7.871523890e+01 +3.4097e+00 -1.4749e+00 -2.0131e+00
26617 0 +4.466132254e-03 -7.871553387e+01 -7.871553387e+01 +3.4196e+00 -1.4579e+00 -2.0302e+00
26921 0 +3.607692577e-03 -7.871639231e+01 -7.871639231e+01 +3.4324e+00 -1.4652e+00 -2.0281e+00
27217 0 +3.142460603e-03 -7.871685754e+01 -7.871685754e+01 +3.4027e+00 -1.4319e+00 -2.0464e+00
27235 0 +2.873601889e-03 -7.871712640e+01 -7.871712640e+01 +3.4228e+00 -1.4417e+00 -2.0445e+00
27737 0 +2.051083229e-03 -7.871794892e+01 -7.871794892e+01 +3.4367e+00 -1.4342e+00 -2.0550e+00
27901 0 +1.259754677e-03 -7.871874025e+01 -7.871874025e+01 +3.4258e+00 -1.4286e+00 -2.0563e+00
28297 0 +1.047975957e-03 -7.871895202e+01 -7.871895202e+01 +3.4164e+00 -1.4448e+00 -2.0400e+00
29465 0 +5.219486837e-04 -7.871947805e+01 -7.871947805e+01 +3.4174e+00 -1.4288e+00 -2.0535e+00
29605 0 +2.723133034e-04 -7.871972769e+01 -7.871972769e+01 +3.4249e+00 -1.4201e+00 -2.0631e+00
29939 0 +1.913599926e-04 -7.871980864e+01 -7.871980864e+01 +3.4132e+00 -1.4114e+00 -2.0667e+00
30417 0 +4.205706048e-05 -7.871995794e+01 -7.871995794e+01 +3.4168e+00 -1.4228e+00 -2.0584e+00
31413 0 +3.712328720e-06 -7.871999629e+01 -7.871999629e+01 +3.4107e+00 -1.4215e+00 -2.0575e+00
34801 0 +1.366546869e-06 -7.871999863e+01 -7.871999863e+01 +3.4112e+00 -1.4213e+00 -2.0579e+00
36527 0 +1.340723202e-06 -7.871999866e+01 -7.871999866e+01 +3.4117e+00 -1.4222e+00 -2.0572e+00
37515 0 +3.641420534e-07 -7.871999964e+01 -7.871999964e+01 +3.4107e+00 -1.4215e+00 -2.0575e+00
% f evaluations | g evaluations | best noise-free fitness - Fopt (1.735400000000e+02) + sum g_i+ | measured fitness | best measured fitness or single-digit g-values | x1 | x2...
1 0 +1.742638408e+07 +1.742655762e+07 +1.742655762e+07 -1.1710e-01 +4.2712e+00 -4.7048e+00
3 0 +1.366408640e+06 +1.366582180e+06 +1.366582180e+06 -1.5037e+00 -3.5360e+00 -2.5955e+00
5 0 +9.861487411e+02 +1.159688741e+03 +1.159688741e+03 +2.5626e+00 +9.3071e-02 -2.4850e+00
117 0 +8.791296553e+02 +1.052669655e+03 +1.052669655e+03 +1.4964e+00 +1.0656e+00 -1.8958e+00
203 0 +3.018247074e+02 +4.753647074e+02 +4.753647074e+02 +2.4887e+00 -3.3063e+00 -4.3102e+00
217 0 +4.298386388e+00 +1.778383864e+02 +1.778383864e+02 -4.3051e-01 -2.3063e+00 -3.3692e+00
1697 0 +2.198483694e+00 +1.757384837e+02 +1.757384837e+02 -1.5666e+00 -2.3904e+00 -3.2564e+00
2853 0 +7.382179792e-01 +1.742782180e+02 +1.742782180e+02 -1.8025e+00 -2.8534e+00 -3.4690e+00
3905 0 +4.906440764e-01 +1.740306441e+02 +1.740306441e+02 -1.8431e+00 -2.8804e+00 -3.4762e+00
4689 0 +2.859951594e-01 +1.738259952e+02 +1.738259952e+02 -1.7477e+00 -2.7623e+00 -3.4279e+00
6039 0 +2.482546582e-01 +1.737882547e+02 +1.737882547e+02 -1.8286e+00 -3.0645e+00 -3.5757e+00
6073 0 +1.747015692e-01 +1.737147016e+02 +1.737147016e+02 -2.1532e+00 -2.9147e+00 -3.4522e+00
6299 0 +1.621858567e-01 +1.737021859e+02 +1.737021859e+02 -2.1164e+00 -2.7599e+00 -3.3765e+00
7479 0 +1.386488535e-01 +1.736786489e+02 +1.736786489e+02 -2.0601e+00 -2.7972e+00 -3.4036e+00
7585 0 +1.142498638e-01 +1.736542499e+02 +1.736542499e+02 -2.3035e+00 -2.8772e+00 -3.4126e+00
7587 0 +8.842920819e-02 +1.736284292e+02 +1.736284292e+02 -2.0732e+00 -2.9085e+00 -3.4600e+00
7837 0 +1.217620330e-02 +1.735521762e+02 +1.735521762e+02 -2.0754e+00 -3.0737e+00 -3.5465e+00
9487 0 +6.676939384e-03 +1.735466769e+02 +1.735466769e+02 -2.1770e+00 -3.0781e+00 -3.5350e+00
10569 0 +6.024259250e-03 +1.735460243e+02 +1.735460243e+02 -2.2096e+00 -3.1353e+00 -3.5605e+00
11155 0 +3.862224869e-03 +1.735438622e+02 +1.735438622e+02 -2.2070e+00 -3.1450e+00 -3.5659e+00
11751 0 +1.299340179e-03 +1.735412993e+02 +1.735412993e+02 -2.1534e+00 -3.0920e+00 -3.5454e+00
13743 0 +1.149509431e-03 +1.735411495e+02 +1.735411495e+02 -2.1738e+00 -3.1357e+00 -3.5655e+00
13811 0 +6.647390625e-04 +1.735406647e+02 +1.735406647e+02 -2.1588e+00 -3.1323e+00 -3.5658e+00
14209 0 +5.358961555e-04 +1.735405359e+02 +1.735405359e+02 -2.1488e+00 -3.1158e+00 -3.5585e+00
15311 0 +2.358902355e-04 +1.735402359e+02 +1.735402359e+02 -2.1780e+00 -3.1161e+00 -3.5547e+00
15469 0 +2.152540972e-04 +1.735402153e+02 +1.735402153e+02 -2.1722e+00 -3.1212e+00 -3.5581e+00
15793 0 +2.401124200e-05 +1.735400240e+02 +1.735400240e+02 -2.1661e+00 -3.1112e+00 -3.5537e+00
18247 0 +8.591817561e-06 +1.735400086e+02 +1.735400086e+02 -2.1619e+00 -3.1085e+00 -3.5529e+00
21301 0 +6.797321902e-06 +1.735400068e+02 +1.735400068e+02 -2.1625e+00 -3.1084e+00 -3.5527e+00
21763 0 +5.417393680e-06 +1.735400054e+02 +1.735400054e+02 -2.1642e+00 -3.1098e+00 -3.5533e+00
21773 0 +4.551387832e-06 +1.735400046e+02 +1.735400046e+02 -2.1619e+00 -3.1097e+00 -3.5535e+00
24171 0 +2.222713960e-06 +1.735400022e+02 +1.735400022e+02 -2.1627e+00 -3.1101e+00 -3.5536e+00
26121 0 +1.835522937e-06 +1.735400018e+02 +1.735400018e+02 -2.1646e+00 -3.1096e+00 -3.5531e+00
26885 0 +3.818929883e-07 +1.735400004e+02 +1.735400004e+02 -2.1643e+00 -3.1100e+00 -3.5533e+00
27555 0 +3.022732926e-07 +1.735400003e+02 +1.735400003e+02 -2.1642e+00 -3.1100e+00 -3.5534e+00
29083 0 +9.108973131e-08 +1.735400001e+02 +1.735400001e+02 -2.1640e+00 -3.1102e+00 -3.5535e+00
31217 0 +5.150099014e-08 +1.735400001e+02 +1.735400001e+02 -2.1639e+00 -3.1102e+00 -3.5535e+00
31427 0 +3.860091624e-08 +1.735400000e+02 +1.735400000e+02 -2.1639e+00 -3.1103e+00 -3.5536e+00
32449 0 +1.217190970e-08 +1.735400000e+02 +1.735400000e+02 -2.1640e+00 -3.1103e+00 -3.5536e+00
33109 0 +8.974552657e-09 +1.735400000e+02 +1.735400000e+02 -2.1640e+00 -3.1103e+00 -3.5536e+00
% f evaluations | g evaluations | best noise-free fitness - Fopt (-8.502000000000e+01) + sum g_i+ | measured fitness | best measured fitness or single-digit g-values | x1 | x2...
1 0 +4.618351594e+05 +4.617501394e+05 +4.617501394e+05 +2.7886e+00 -1.8709e-01 -5.4242e-01
3 0 +4.160098249e+05 +4.159248049e+05 +4.159248049e+05 +3.9652e+00 +2.3774e-01 +4.2597e+00
13 0 +6.951056478e+04 +6.942554478e+04 +6.942554478e+04 +1.2225e+00 -7.8879e-01 +7.8522e-01
45 0 +1.250868214e+04 +1.242366214e+04 +1.242366214e+04 +1.2225e+00 -7.8879e-01 +2.1033e+00
59 0 +3.438230631e+03 +3.353210631e+03 +3.353210631e+03 +6.7346e-01 -1.1711e+00 +2.0649e+00
79 0 +3.385438825e+02 +2.535238825e+02 +2.535238825e+02 +7.1894e-01 -9.6475e-01 +1.7221e+00
657 0 +7.267854181e+01 -1.234145819e+01 -1.234145819e+01 +8.4392e-01 +7.4203e-01 -3.5684e+00
1151 0 +4.160086612e+01 -4.341913388e+01 -4.341913388e+01 +1.4179e-01 -7.9285e-01 +4.3952e-01
1187 0 +3.145407006e+01 -5.356592994e+01 -5.356592994e+01 +3.4961e+00 -1.3389e-01 +2.3610e+00
1247 0 +1.863221702e+01 -6.638778298e+01 -6.638778298e+01 -1.9805e-01 -1.0666e+00 +8.6023e-01
1347 0 +1.034326478e+01 -7.467673522e+01 -7.467673522e+01 +2.6298e+00 -3.1525e-01 +1.9183e+00
2025 0 +8.961182672e+00 -7.605881733e+01 -7.605881733e+01 +2.4133e+00 +4.3187e-01 -7.1749e-01
3069 0 +1.044952579e+00 -8.397504742e+01 -8.397504742e+01 +6.0419e-01 -1.0253e+00 +1.7096e+00
4955 0 +3.902595588e-01 -8.462974044e+01 -8.462974044e+01 +1.3668e+00 -6.0286e-01 +1.2926e+00
6601 0 +3.310489486e-01 -8.468895105e+01 -8.468895105e+01 +1.1635e+00 -7.4586e-01 +1.5000e+00
6925 0 +2.848592075e-01 -8.473514079e+01 -8.473514079e+01 +1.7517e+00 -6.4421e-01 +1.8880e+00
7309 0 +2.801246883e-01 -8.473987531e+01 -8.473987531e+01 +1.0863e+00 -9.0031e-01 +1.8972e+00
7493 0 +1.734032382e-01 -8.484659676e+01 -8.484659676e+01 +1.5820e+00 -6.6664e-01 +1.7544e+00
7525 0 +1.481908435e-01 -8.487180916e+01 -8.487180916e+01 +1.6315e+00 -7.1786e-01 +1.9768e+00
8553 0 +9.920127788e-02 -8.492079872e+01 -8.492079872e+01 +1.2933e+00 -7.0440e-01 +1.5263e+00
8613 0 +8.274496299e-02 -8.493725504e+01 -8.493725504e+01 +1.7639e+00 -5.6476e-01 +1.6525e+00
9065 0 +3.247458183e-02 -8.498752542e+01 -8.498752542e+01 +1.4418e+00 -7.2660e-01 +1.7767e+00
10511 0 +2.446578130e-02 -8.499553422e+01 -8.499553422e+01 +1.4475e+00 -6.7008e-01 +1.6039e+00
10679 0 +1.802062527e-02 -8.500197937e+01 -8.500197937e+01 +1.3899e+00 -7.0685e-01 +1.6513e+00
11275 0 +5.954450558e-03 -8.501404555e+01 -8.501404555e+01 +1.5861e+00 -6.5167e-01 +1.7133e+00
12909 0 +1.965069461e-04 -8.501980349e+01 -8.501980349e+01 +1.5053e+00 -6.7080e-01 +1.6763e+00
16903 0 +1.277238320e-04 -8.501987228e+01 -8.501987228e+01 +1.5159e+00 -6.7011e-01 +1.6869e+00
19507 0 +2.027661851e-05 -8.501997972e+01 -8.501997972e+01 +1.5078e+00 -6.7315e-01 +1.6868e+00
21615 0 +8.455351050e-06 -8.501999154e+01 -8.501999154e+01 +1.5099e+00 -6.7286e-01 +1.6884e+00
22015 0 +1.022741785e-06 -8.501999898e+01 -8.501999898e+01 +1.5112e+00 -6.7257e-01 +1.6890e+00
23595 0 +8.354907663e-07 -8.501999916e+01 -8.501999916e+01 +1.5100e+00 -6.7268e-01 +1.6880e+00
25847 0 +5.213636456e-07 -8.501999948e+01 -8.501999948e+01 +1.5102e+00 -6.7295e-01 +1.6890e+00
27437 0 +6.318632018e-08 -8.501999994e+01 -8.501999994e+01 +1.5103e+00 -6.7278e-01 +1.6886e+00
29591 0 +3.811111071e-08 -8.501999996e+01 -8.501999996e+01 +1.5105e+00 -6.7273e-01 +1.6887e+00
30837 0 +3.758363221e-08 -8.501999996e+01 -8.501999996e+01 +1.5103e+00 -6.7288e-01 +1.6889e+00
31279 0 +9.748262642e-09 -8.501999999e+01 -8.501999999e+01 +1.5104e+00 -6.7281e-01 +1.6888e+00
% f evaluations | g evaluations | best noise-free fitness - Fopt (1.388500000000e+02) + sum g_i+ | measured fitness | best measured fitness or single-digit g-values | x1 | x2...
1 0 +3.794028088e+06 +3.794166938e+06 +3.794166938e+06 +2.0676e+00 +3.0006e+00 -3.6791e+00
2 0 +1.218565708e+06 +1.218704558e+06 +1.218704558e+06 -3.2659e+00 +1.2219e-01 +3.2639e+00
4 0 +9.580305134e+03 +9.719155134e+03 +9.719155134e+03 -1.6128e+00 +4.1577e+00 -6.9864e-01
147 0 +2.734546091e+02 +4.123046091e+02 +4.123046091e+02 -1.6128e+00 +5.0000e+00 -6.9864e-01
289 0 +2.421042850e+02 +3.809542850e+02 +3.809542850e+02 -1.0842e+00 +1.9179e+00 -2.3005e+00
433 0 +1.790702960e+02 +3.179202960e+02 +3.179202960e+02 -7.1601e-01 -5.0000e+00 -4.2977e+00
611 0 +1.147055539e+02 +2.535555539e+02 +2.535555539e+02 -1.5037e+00 +3.2073e+00 -1.3035e+00
821 0 +6.790217441e+01 +2.067521744e+02 +2.067521744e+02 -2.1861e-01 -1.5001e+00 -4.4732e+00
1971 0 +1.708324983e+01 +1.559332498e+02 +1.559332498e+02 -1.6362e+00 +3.2073e+00 -1.0561e+00
4467 0 +1.509823840e+01 +1.539482384e+02 +1.539482384e+02 -1.8150e+00 -4.1631e-01 -1.4842e+00
5427 0 +9.996703107e+00 +1.488467031e+02 +1.488467031e+02 -1.5122e+00 -1.6196e+00 -2.2579e+00
5767 0 +3.464167360e+00 +1.423141674e+02 +1.423141674e+02 -2.3461e+00 -1.3367e+00 -7.6355e-01
7273 0 +1.571152446e+00 +1.404211524e+02 +1.404211524e+02 -2.4661e+00 -7.0710e-01 -4.2781e-01
7995 0 +1.177372386e+00 +1.400273724e+02 +1.400273724e+02 -2.6344e+00 -9.2263e-01 -1.8218e-01
8035 0 +9.712904223e-01 +1.398212904e+02 +1.398212904e+02 -2.6344e+00 -9.2263e-01 -1.8480e-01
8503 0 +4.494136112e-01 +1.392994136e+02 +1.392994136e+02 -2.9882e+00 -7.2717e-01 +4.6424e-01
10853 0 +1.645337444e-01 +1.390145337e+02 +1.390145337e+02 -3.1308e+00 -5.4593e-01 +7.4868e-01
10965 0 +1.620347678e-01 +1.390120348e+02 +1.390120348e+02 -3.0426e+00 -5.6938e-01 +5.9081e-01
11313 0 +2.032176703e-02 +1.388703218e+02 +1.388703218e+02 -2.8953e+00 -4.6288e-01 +3.5957e-01
15221 0 +1.588939241e-02 +1.388658894e+02 +1.388658894e+02 -2.9011e+00 -4.9344e-01 +3.6341e-01
15779 0 +1.355266997e-02 +1.388635527e+02 +1.388635527e+02 -2.9845e+00 -5.9488e-01 +4.8609e-01
17921 0 +5.807802201e-03 +1.388558078e+02 +1.388558078e+02 -2.9289e+00 -4.9088e-01 +4.1180e-01
18681 0 +5.708705527e-03 +1.388557087e+02 +1.388557087e+02 -2.9857e+00 -5.4028e-01 +4.9958e-01
18755 0 +5.237069049e-03 +1.388552371e+02 +1.388552371e+02 -2.9663e+00 -4.0024e-01 +4.9472e-01
18827 0 +2.519311016e-03 +1.388525193e+02 +1.388525193e+02 -2.9420e+00 -4.4562e-01 +4.4367e-01
19067 0 +2.158961208e-03 +1.388521590e+02 +1.388521590e+02 -2.9579e+00 -4.8786e-01 +4.6223e-01
19467 0 +1.061435351e-03 +1.388510614e+02 +1.388510614e+02 -2.9623e+00 -4.9668e-01 +4.6812e-01
20603 0 +7.410413696e-04 +1.388507410e+02 +1.388507410e+02 -2.9714e+00 -4.9645e-01 +4.8381e-01
21681 0 +5.269191624e-04 +1.388505269e+02 +1.388505269e+02 -2.9585e+00 -4.6673e-01 +4.6773e-01
23253 0 +3.267519398e-04 +1.388503268e+02 +1.388503268e+02 -2.9585e+00 -4.6460e-01 +4.6817e-01
25133 0 +2.907663956e-04 +1.388502908e+02 +1.388502908e+02 -2.9626e+00 -4.8957e-01 +4.7017e-01
25811 0 +2.737140756e-04 +1.388502737e+02 +1.388502737e+02 -2.9710e+00 -4.8109e-01 +4.8638e-01
26087 0 +3.297317289e-05 +1.388500330e+02 +1.388500330e+02 -2.9648e+00 -4.6934e-01 +4.7801e-01
26883 0 +2.040204643e-05 +1.388500204e+02 +1.388500204e+02 -2.9647e+00 -4.7577e-01 +4.7655e-01
28569 0 +4.955574354e-06 +1.388500050e+02 +1.388500050e+02 -2.9634e+00 -4.7511e-01 +4.7445e-01
31443 0 +4.765237236e-06 +1.388500048e+02 +1.388500048e+02 -2.9632e+00 -4.7364e-01 +4.7435e-01
32133 0 +3.555410899e-06 +1.388500036e+02 +1.388500036e+02 -2.9624e+00 -4.7406e-01 +4.7287e-01
32199 0 +3.145747172e-06 +1.388500031e+02 +1.388500031e+02 -2.9632e+00 -4.7514e-01 +4.7408e-01
32423 0 +4.825920996e-08 +1.388500000e+02 +1.388500000e+02 -2.9632e+00 -4.7340e-01 +4.7436e-01
35255 0 +4.199728210e-08 +1.388500000e+02 +1.388500000e+02 -2.9632e+00 -4.7357e-01 +4.7439e-01
36255 0 +6.149321052e-09 +1.388500000e+02 +1.388500000e+02 -2.9632e+00 -4.7353e-01 +4.7441e-01
% f evaluations | g evaluations | best noise-free fitness - Fopt (1.672000000000e+01) + sum g_i+ | measured fitness | best measured fitness or single-digit g-values | x1 | x2...
1 0 +2.384907861e+07 +2.384909533e+07 +2.384909533e+07 +4.0867e+00 +3.4459e+00 +1.4008e+00
2 0 +1.088107847e+07 +1.088109519e+07 +1.088109519e+07 +4.2403e+00 -1.5708e+00 +3.9364e+00
5 0 +8.997353941e+05 +8.997521141e+05 +8.997521141e+05 +3.1734e+00 -4.4506e-01 -4.6057e+00
27 0 +6.421504360e+03 +6.438224360e+03 +6.438224360e+03 +5.0000e+00 -5.2458e-02 -4.0179e+00
341 0 +1.255170478e+03 +1.271890478e+03 +1.271890478e+03 +4.0867e+00 -7.5271e-01 -5.0000e+00
389 0 +1.180254382e+03 +1.196974382e+03 +1.196974382e+03 +5.0000e+00 -4.4506e-01 -3.8268e+00
751 0 +4.082063643e+01 +5.754063643e+01 +5.754063643e+01 +4.1248e+00 -9.8716e-01 -4.6032e+00
1459 0 +1.629197049e+01 +3.301197049e+01 +3.301197049e+01 +3.2496e+00 -2.7479e+00 -4.0212e+00
1577 0 +5.478005971e+00 +2.219800597e+01 +2.219800597e+01 +2.3960e+00 -4.1762e+00 -3.8107e+00
3271 0 +2.187007022e+00 +1.890700702e+01 +1.890700702e+01 +2.9770e+00 -4.2070e+00 -2.8073e+00
3607 0 +1.738149614e+00 +1.845814961e+01 +1.845814961e+01 +3.5690e+00 -3.4650e+00 -2.6697e+00
3763 0 +5.617806127e-01 +1.728178061e+01 +1.728178061e+01 +3.7192e+00 -3.6942e+00 -2.1576e+00
5623 0 +1.110414481e-02 +1.673110414e+01 +1.673110414e+01 +3.7940e+00 -3.2692e+00 -2.5222e+00
9569 0 +7.747609959e-03 +1.672774761e+01 +1.672774761e+01 +3.7918e+00 -3.2012e+00 -2.6038e+00
9787 0 +2.938728613e-03 +1.672293873e+01 +1.672293873e+01 +3.7753e+00 -3.2821e+00 -2.5384e+00
10863 0 +2.842910222e-03 +1.672284291e+01 +1.672284291e+01 +3.7545e+00 -3.2364e+00 -2.6256e+00
11759 0 +1.785848625e-03 +1.672178585e+01 +1.672178585e+01 +3.7844e+00 -3.2616e+00 -2.5467e+00
12483 0 +1.174639683e-03 +1.672117464e+01 +1.672117464e+01 +3.7572e+00 -3.2760e+00 -2.5755e+00
13483 0 +7.794725141e-04 +1.672077947e+01 +1.672077947e+01 +3.7857e+00 -3.2373e+00 -2.5724e+00
14173 0 +7.568186272e-04 +1.672075682e+01 +1.672075682e+01 +3.7808e+00 -3.2576e+00 -2.5573e+00
14633 0 +6.034642967e-04 +1.672060346e+01 +1.672060346e+01 +3.7872e+00 -3.2370e+00 -2.5702e+00
15683 0 +1.446617793e-04 +1.672014466e+01 +1.672014466e+01 +3.7650e+00 -3.2601e+00 -2.5807e+00
18501 0 +1.215761497e-04 +1.672012158e+01 +1.672012158e+01 +3.7719e+00 -3.2428e+00 -2.5892e+00
19265 0 +1.034938412e-04 +1.672010349e+01 +1.672010349e+01 +3.7680e+00 -3.2592e+00 -2.5769e+00
20395 0 +3.217147844e-05 +1.672003217e+01 +1.672003217e+01 +3.7709e+00 -3.2525e+00 -2.5797e+00
20535 0 +2.565349888e-05 +1.672002565e+01 +1.672002565e+01 +3.7688e+00 -3.2539e+00 -2.5815e+00
21285 0 +9.328119557e-06 +1.672000933e+01 +1.672000933e+01 +3.7696e+00 -3.2505e+00 -2.5841e+00
21963 0 +2.508088929e-06 +1.672000251e+01 +1.672000251e+01 +3.7714e+00 -3.2492e+00 -2.5826e+00
22735 0 +1.949781716e-06 +1.672000195e+01 +1.672000195e+01 +3.7711e+00 -3.2499e+00 -2.5822e+00
24611 0 +9.079875269e-07 +1.672000091e+01 +1.672000091e+01 +3.7713e+00 -3.2498e+00 -2.5822e+00
24907 0 +4.937314024e-07 +1.672000049e+01 +1.672000049e+01 +3.7716e+00 -3.2499e+00 -2.5816e+00
25045 0 +2.149897647e-07 +1.672000021e+01 +1.672000021e+01 +3.7714e+00 -3.2501e+00 -2.5815e+00
26525 0 +1.528627180e-07 +1.672000015e+01 +1.672000015e+01 +3.7713e+00 -3.2504e+00 -2.5814e+00
26981 0 +8.147446806e-08 +1.672000008e+01 +1.672000008e+01 +3.7712e+00 -3.2503e+00 -2.5817e+00
28997 0 +6.075957870e-08 +1.672000006e+01 +1.672000006e+01 +3.7712e+00 -3.2502e+00 -2.5817e+00
30063 0 +4.981426827e-08 +1.672000005e+01 +1.672000005e+01 +3.7713e+00 -3.2502e+00 -2.5816e+00
30387 0 +2.233520391e-08 +1.672000002e+01 +1.672000002e+01 +3.7712e+00 -3.2503e+00 -2.5817e+00
32025 0 +1.128200822e-08 +1.672000001e+01 +1.672000001e+01 +3.7712e+00 -3.2504e+00 -2.5817e+00
32417 0 +1.050873522e-08 +1.672000001e+01 +1.672000001e+01 +3.7712e+00 -3.2504e+00 -2.5817e+00
32665 0 +4.418073019e-09 +1.672000000e+01 +1.672000000e+01 +3.7712e+00 -3.2504e+00 -2.5816e+00
% f evaluations | g evaluations | best noise-free fitness - Fopt (-6.570000000000e+00) + sum g_i+ | measured fitness | best measured fitness or single-digit g-values | x1 | x2...
1 0 +2.982049941e+02 +2.916349941e+02 +2.916349941e+02 -1.7539e-01 -7.3439e-02 +3.7754e+00
251 0 +2.859297200e+02 +2.793597200e+02 +2.793597200e+02 -7.3998e-01 +4.2852e-01 +3.5251e+00
911 0 +1.262427193e+02 +1.196727193e+02 +1.196727193e+02 +1.2136e-01 -3.3652e+00 +2.5825e+00
935 0 +3.834062385e+01 +3.177062385e+01 +3.177062385e+01 -1.6179e+00 -3.5054e+00 +8.7750e-01
1263 0 +3.404282678e+01 +2.747282678e+01 +2.747282678e+01 -2.1515e+00 -6.0006e-02 +1.9641e+00
1647 0 +2.746846984e+01 +2.089846984e+01 +2.089846984e+01 -1.9743e+00 -2.4297e+00 +1.0354e+00
2835 0 +2.295924962e+01 +1.638924962e+01 +1.638924962e+01 -5.5317e-01 -3.8196e-01 +3.3025e+00
3131 0 +1.832168566e+01 +1.175168566e+01 +1.175168566e+01 -1.7056e+00 -9.9232e-01 +1.9445e+00
3171 0 +1.629944915e+01 +9.729449150e+00 +9.729449150e+00 -1.7056e+00 -1.0034e+00 +1.9445e+00
3549 0 +1.167742292e+01 +5.107422925e+00 +5.107422925e+00 -2.8365e+00 -5.2624e-01 +1.1005e+00
3647 0 +1.011441319e+01 +3.544413190e+00 +3.544413190e+00 -1.7867e+00 +1.0735e+00 +2.8190e+00
4793 0 +9.608803779e+00 +3.038803779e+00 +3.038803779e+00 -1.7344e+00 +7.5548e-01 +2.7216e+00
4913 0 +6.721629483e+00 +1.516294831e-01 +1.516294831e-01 -4.9275e+00 +3.7343e+00 +1.0996e+00
5103 0 +4.036071643e+00 -2.533928357e+00 -2.533928357e+00 -3.5024e+00 +3.6339e+00 +2.3833e+00
5199 0 +1.949061716e+00 -4.620938284e+00 -4.620938284e+00 -2.9720e+00 +1.3917e+00 +1.8538e+00
5353 0 +1.033381405e+00 -5.536618595e+00 -5.536618595e+00 -3.1639e+00 +2.0950e+00 +1.9964e+00
6775 0 +6.714189955e-01 -5.898581005e+00 -5.898581005e+00 -3.4871e+00 +1.4961e+00 +1.4205e+00
7515 0 +1.624376793e-01 -6.407562321e+00 -6.407562321e+00 -3.8977e+00 +2.3102e+00 +1.4089e+00
10291 0 +6.745296279e-02 -6.502547037e+00 -6.502547037e+00 -3.8373e+00 +2.0701e+00 +1.3556e+00
10899 0 +6.528605573e-02 -6.504713944e+00 -6.504713944e+00 -3.9514e+00 +2.0331e+00 +1.2312e+00
13281 0 +1.899984032e-02 -6.551000160e+00 -6.551000160e+00 -3.8963e+00 +2.1525e+00 +1.3378e+00
14695 0 +1.475861410e-02 -6.555241386e+00 -6.555241386e+00 -3.9300e+00 +1.9856e+00 +1.2297e+00
15119 0 +6.193315162e-03 -6.563806685e+00 -6.563806685e+00 -3.8828e+00 +1.9823e+00 +1.2724e+00
15283 0 +5.563656880e-03 -6.564436343e+00 -6.564436343e+00 -3.8628e+00 +2.0368e+00 +1.3161e+00
15791 0 +3.203928265e-03 -6.566796072e+00 -6.566796072e+00 -3.9378e+00 +2.0914e+00 +1.2709e+00
16431 0 +1.497994737e-03 -6.568502005e+00 -6.568502005e+00 -3.8986e+00 +2.0628e+00 +1.2945e+00
17323 0 +1.249122458e-03 -6.568750878e+00 -6.568750878e+00 -3.9113e+00 +2.0778e+00 +1.2895e+00
18973 0 +9.186165810e-04 -6.569081383e+00 -6.569081383e+00 -3.9125e+00 +2.0531e+00 +1.2771e+00
19365 0 +3.707103757e-04 -6.569629290e+00 -6.569629290e+00 -3.9209e+00 +2.0435e+00 +1.2648e+00
19547 0 +3.336137619e-04 -6.569666386e+00 -6.569666386e+00 -3.9170e+00 +2.0462e+00 +1.2697e+00
19853 0 +2.576413746e-04 -6.569742359e+00 -6.569742359e+00 -3.9242e+00 +2.0586e+00 +1.2686e+00
20175 0 +2.196294924e-04 -6.569780371e+00 -6.569780371e+00 -3.9221e+00 +2.0472e+00 +1.2653e+00
20291 0 +1.979162162e-05 -6.569980208e+00 -6.569980208e+00 -3.9159e+00 +2.0479e+00 +1.2715e+00
24225 0 +1.710597294e-05 -6.569982894e+00 -6.569982894e+00 -3.9184e+00 +2.0509e+00 +1.2706e+00
24855 0 +1.443223165e-05 -6.569985568e+00 -6.569985568e+00 -3.9175e+00 +2.0501e+00 +1.2710e+00
25613 0 +5.058799926e-06 -6.569994941e+00 -6.569994941e+00 -3.9169e+00 +2.0478e+00 +1.2705e+00
25905 0 +8.386078694e-07 -6.569999161e+00 -6.569999161e+00 -3.9181e+00 +2.0480e+00 +1.2695e+00
27011 0 +4.341248365e-07 -6.569999566e+00 -6.569999566e+00 -3.9178e+00 +2.0476e+00 +1.2696e+00
28043 0 +2.865292679e-07 -6.569999713e+00 -6.569999713e+00 -3.9174e+00 +2.0470e+00 +1.2697e+00
28405 0 +2.407999293e-07 -6.569999759e+00 -6.569999759e+00 -3.9177e+00 +2.0476e+00 +1.2697e+00
29573 0 +9.599586459e-08 -6.569999904e+00 -6.569999904e+00 -3.9174e+00 +2.0471e+00 +1.2698e+00
29627 0 +6.330105151e-08 -6.569999937e+00 -6.569999937e+00 -3.9175e+00 +2.0473e+00 +1.2698e+00
29915 0 +4.193395586e-08 -6.569999958e+00 -6.569999958e+00 -3.9175e+00 +2.0472e+00 +1.2697e+00
30941 0 +3.830260820e-08 -6.569999962e+00 -6.569999962e+00 -3.9175e+00 +2.0473e+00 +1.2697e+00
31709 0 +2.800797105e-08 -6.569999972e+00 -6.569999972e+00 -3.9177e+00 +2.0473e+00 +1.2696e+00
31789 0 +1.493205559e-10 -6.570000000e+00 -6.570000000e+00 -3.9176e+00 +2.0472e+00 +1.2696e+00
% f evaluations | g evaluations | best noise-free fitness - Fopt (6.080000000000e+01) + sum g_i+ | measured fitness | best measured fitness or single-digit g-values | x1 | x2...
1 0 +2.164482543e+07 +2.164488623e+07 +2.164488623e+07 -4.0715e+00 -3.5229e+00 +1.9452e+00
2 0 +2.570591275e+05 +2.571199275e+05 +2.571199275e+05 +4.5826e-01 +1.2044e+00 -1.2657e+00
3 0 +1.771632630e+05 +1.772240630e+05 +1.772240630e+05 -1.5276e+00 +4.7750e+00 -4.2691e+00
8 0 +3.931772392e+03 +3.992572392e+03 +3.992572392e+03 +2.0159e+00 -2.9717e+00 +4.4474e+00
241 0 +2.591559593e+03 +2.652359593e+03 +2.652359593e+03 +1.8301e-01 +5.0000e+00 -8.3086e-01
583 0 +7.576253691e+01 +1.365625369e+02 +1.365625369e+02 +1.0997e+00 +5.0000e+00 +1.4088e+00
1189 0 +4.304712347e+01 +1.038471235e+02 +1.038471235e+02 +1.8375e+00 +5.3958e-01 +3.8181e+00
2709 0 +3.581755373e+01 +9.661755373e+01 +9.661755373e+01 +1.4457e+00 -3.7868e+00 +3.2303e+00
3877 0 +1.993955356e+01 +8.073955356e+01 +8.073955356e+01 +1.3304e+00 -5.8587e-01 +2.5996e+00
5571 0 +1.139710703e+01 +7.219710703e+01 +7.219710703e+01 +7.3846e-01 +4.7151e-01 +9.5199e-01
5887 0 +9.789504983e+00 +7.058950498e+01 +7.058950498e+01 +3.1262e-01 -8.6705e-01 -2.0063e-02
6605 0 +7.977569591e+00 +6.877756959e+01 +6.877756959e+01 +6.0034e-01 -8.9063e-01 +7.2930e-01
6989 0 +6.387888556e+00 +6.718788856e+01 +6.718788856e+01 +3.5635e-01 -2.1842e+00 +2.2433e-01
8721 0 +5.866843869e+00 +6.666684387e+01 +6.666684387e+01 +4.2424e-01 -3.4292e-01 +2.1444e-01
8885 0 +5.729861312e+00 +6.652986131e+01 +6.652986131e+01 +4.4930e-01 +1.1155e-01 +2.3236e-01
8925 0 +4.873363668e+00 +6.567336367e+01 +6.567336367e+01 +4.4930e-01 +1.0136e-01 +2.3236e-01
9319 0 +2.395202676e+00 +6.319520268e+01 +6.319520268e+01 -1.2823e-01 -6.5908e-01 -1.1961e+00
10427 0 +1.192185840e+00 +6.199218584e+01 +6.199218584e+01 +1.1674e-01 -7.3739e-01 -5.5236e-01
11539 0 +1.024736934e+00 +6.182473693e+01 +6.182473693e+01 -3.2957e-01 -5.3266e-01 -1.7362e+00
11569 0 +5.286833214e-01 +6.132868332e+01 +6.132868332e+01 -1.0331e-01 -1.5113e-01 -1.1862e+00
11969 0 +4.776068566e-01 +6.127760686e+01 +6.127760686e+01 -1.0331e-01 -1.5243e-01 -1.1862e+00
11997 0 +3.989176584e-01 +6.119891766e+01 +6.119891766e+01 -1.0702e-01 -3.6984e-01 -1.1758e+00
12097 0 +2.725937079e-01 +6.107259371e+01 +6.107259371e+01 -9.7309e-02 -4.7561e-01 -1.1392e+00
12349 0 +2.205621621e-02 +6.082205622e+01 +6.082205622e+01 -3.0242e-01 -7.0702e-01 -1.6503e+00
14009 0 +2.144499280e-02 +6.082144499e+01 +6.082144499e+01 -2.4214e-01 -7.2482e-01 -1.4908e+00
15515 0 +9.486710561e-03 +6.080948671e+01 +6.080948671e+01 -2.5945e-01 -5.5071e-01 -1.5539e+00
15977 0 +8.929188663e-03 +6.080892919e+01 +6.080892919e+01 -2.8327e-01 -7.0395e-01 -1.6005e+00
15987 0 +4.381754839e-03 +6.080438175e+01 +6.080438175e+01 -2.7883e-01 -6.6180e-01 -1.5933e+00
16647 0 +2.500242951e-03 +6.080250024e+01 +6.080250024e+01 -2.6413e-01 -6.4901e-01 -1.5563e+00
18261 0 +2.438966671e-03 +6.080243897e+01 +6.080243897e+01 -2.5139e-01 -5.7969e-01 -1.5300e+00
18731 0 +1.360848456e-03 +6.080136085e+01 +6.080136085e+01 -2.6994e-01 -6.2836e-01 -1.5736e+00
19367 0 +4.250829802e-04 +6.080042508e+01 +6.080042508e+01 -2.6619e-01 -6.2545e-01 -1.5640e+00
20351 0 +2.814123151e-04 +6.080028141e+01 +6.080028141e+01 -2.6469e-01 -6.1835e-01 -1.5608e+00
20771 0 +1.544334084e-04 +6.080015443e+01 +6.080015443e+01 -2.5541e-01 -6.1570e-01 -1.5368e+00
21589 0 +5.686074115e-05 +6.080005686e+01 +6.080005686e+01 -2.5802e-01 -6.1265e-01 -1.5440e+00
24519 0 +4.994362317e-05 +6.080004994e+01 +6.080004994e+01 -2.5965e-01 -6.2194e-01 -1.5473e+00
25461 0 +1.650318936e-05 +6.080001650e+01 +6.080001650e+01 -2.5966e-01 -6.1735e-01 -1.5478e+00
25857 0 +1.179449958e-05 +6.080001179e+01 +6.080001179e+01 -2.5916e-01 -6.2269e-01 -1.5459e+00
26751 0 +3.127456189e-06 +6.080000313e+01 +6.080000313e+01 -2.5914e-01 -6.1904e-01 -1.5463e+00
30261 0 +2.631993731e-06 +6.080000263e+01 +6.080000263e+01 -2.5971e-01 -6.1886e-01 -1.5478e+00
30457 0 +1.406543326e-06 +6.080000141e+01 +6.080000141e+01 -2.5905e-01 -6.1992e-01 -1.5459e+00
30653 0 +8.582298889e-07 +6.080000086e+01 +6.080000086e+01 -2.5892e-01 -6.1909e-01 -1.5457e+00
31523 0 +4.200515491e-08 +6.080000004e+01 +6.080000004e+01 -2.5913e-01 -6.1916e-01 -1.5462e+00
34299 0 +3.934317050e-08 +6.080000004e+01 +6.080000004e+01 -2.5924e-01 -6.1920e-01 -1.5465e+00
34377 0 +3.446809416e-08 +6.080000003e+01 +6.080000003e+01 -2.5918e-01 -6.1909e-01 -1.5463e+00
34909 0 +3.235234658e-08 +6.080000003e+01 +6.080000003e+01 -2.5915e-01 -6.1916e-01 -1.5463e+00
34961 0 +9.059668571e-09 +6.080000001e+01 +6.080000001e+01 -2.5921e-01 -6.1914e-01 -1.5464e+00
% f evaluations | g evaluations | best noise-free fitness - Fopt (-1.258000000000e+01) + sum g_i+ | measured fitness | best measured fitness or single-digit g-values | x1 | x2...
1 0 +9.021495009e+06 +9.021482429e+06 +9.021482429e+06 -4.9117e+00 +1.1756e+00 -7.7425e-01
2 0 +6.245161648e+06 +6.245149068e+06 +6.245149068e+06 +3.2919e+00 +2.8970e+00 +2.1094e+00
4 0 +3.004626967e+06 +3.004614387e+06 +3.004614387e+06 -8.7176e-01 -1.2698e+00 +2.5361e-01
5 0 +2.236193685e+05 +2.236067885e+05 +2.236067885e+05 -2.6922e+00 -6.5095e-01 -3.3490e+00
23 0 +9.946148269e+04 +9.944890269e+04 +9.944890269e+04 +3.2919e+00 +9.6559e-01 +1.5225e-01
79 0 +3.993418133e+04 +3.992160133e+04 +3.992160133e+04 +5.0000e+00 -2.2791e-01 +1.0800e+00
97 0 +2.341618005e+04 +2.340360005e+04 +2.340360005e+04 -9.3231e-01 -1.3554e+00 -1.9948e+00
167 0 +1.677192899e+04 +1.675934899e+04 +1.675934899e+04 +5.2964e-01 -1.1793e+00 -1.2917e+00
187 0 +2.273817304e+03 +2.261237304e+03 +2.261237304e+03 +5.0000e+00 -1.2698e+00 +9.9659e-01
241 0 +6.437502293e+01 +5.179502293e+01 +5.179502293e+01 -3.0407e+00 -2.6849e+00 -2.6248e+00
647 0 +3.709552496e+01 +2.451552496e+01 +2.451552496e+01 +5.2964e-01 -4.3894e-01 -1.2917e+00
889 0 +2.843261660e+01 +1.585261660e+01 +1.585261660e+01 -8.1020e-01 -2.6648e+00 -1.5321e+00
1555 0 +1.661123222e+01 +4.031232215e+00 +4.031232215e+00 +4.2702e+00 -8.6125e-02 +4.7597e-01
1661 0 +9.633639862e+00 -2.946360138e+00 -2.946360138e+00 +6.3569e-01 -9.8636e-01 -1.1359e+00
2555 0 +8.354974750e+00 -4.225025250e+00 -4.225025250e+00 +2.4953e+00 -5.9746e-01 -2.9778e-01
3073 0 +2.753827125e+00 -9.826172875e+00 -9.826172875e+00 +1.4294e+00 +2.3385e-01 -9.6949e-01
7335 0 +2.408835606e+00 -1.017116439e+01 -1.017116439e+01 +4.3036e-01 +3.6711e-01 -1.4802e+00
7479 0 +2.276279076e+00 -1.030372092e+01 -1.030372092e+01 -1.4169e-01 +1.4095e+00 -1.9498e+00
7775 0 +2.104022086e+00 -1.047597791e+01 -1.047597791e+01 +3.4449e-01 +1.0238e+00 -1.6408e+00
7885 0 +1.015385504e+00 -1.156461450e+01 -1.156461450e+01 +8.0152e-01 +8.8741e-01 -1.3949e+00
9877 0 +3.888724893e-01 -1.219112751e+01 -1.219112751e+01 +9.0498e-01 +1.6127e+00 -1.4749e+00
10851 0 +3.447484887e-01 -1.223525151e+01 -1.223525151e+01 +1.1527e+00 +1.1048e+00 -1.2623e+00
11743 0 +1.035540113e-01 -1.247644599e+01 -1.247644599e+01 +9.0911e-01 +1.4448e+00 -1.4433e+00
12043 0 +5.753598719e-02 -1.252246401e+01 -1.252246401e+01 +1.1691e+00 +1.4612e+00 -1.3191e+00
13629 0 +2.368340774e-02 -1.255631659e+01 -1.255631659e+01 +1.1531e+00 +1.5821e+00 -1.3489e+00
14575 0 +1.142522196e-02 -1.256857478e+01 -1.256857478e+01 +1.1159e+00 +1.7461e+00 -1.3969e+00
15871 0 +7.217720803e-03 -1.257278228e+01 -1.257278228e+01 +1.1245e+00 +1.5889e+00 -1.3642e+00
16827 0 +5.528037065e-03 -1.257447196e+01 -1.257447196e+01 +1.1400e+00 +1.6138e+00 -1.3611e+00
17687 0 +4.101633248e-03 -1.257589837e+01 -1.257589837e+01 +1.0813e+00 +1.5908e+00 -1.3856e+00
18931 0 +4.048683114e-03 -1.257595132e+01 -1.257595132e+01 +1.1166e+00 +1.6903e+00 -1.3865e+00
19563 0 +3.173313622e-03 -1.257682669e+01 -1.257682669e+01 +1.0921e+00 +1.6991e+00 -1.4000e+00
20257 0 +1.747188304e-03 -1.257825281e+01 -1.257825281e+01 +1.0960e+00 +1.6756e+00 -1.3938e+00
20629 0 +1.247433414e-03 -1.257875257e+01 -1.257875257e+01 +1.0803e+00 +1.6778e+00 -1.4019e+00
21019 0 +6.007532929e-04 -1.257939925e+01 -1.257939925e+01 +1.0686e+00 +1.6645e+00 -1.4052e+00
21175 0 +3.598435818e-04 -1.257964016e+01 -1.257964016e+01 +1.0881e+00 +1.6413e+00 -1.3915e+00
22039 0 +2.305954994e-04 -1.257976940e+01 -1.257976940e+01 +1.0689e+00 +1.6534e+00 -1.4030e+00
22325 0 +2.011789298e-04 -1.257979882e+01 -1.257979882e+01 +1.0871e+00 +1.6412e+00 -1.3919e+00
22693 0 +1.973627281e-04 -1.257980264e+01 -1.257980264e+01 +1.0778e+00 +1.6326e+00 -1.3949e+00
23723 0 +9.561469271e-05 -1.257990439e+01 -1.257990439e+01 +1.0845e+00 +1.6483e+00 -1.3945e+00
23829 0 +9.512699467e-05 -1.257990487e+01 -1.257990487e+01 +1.0695e+00 +1.6468e+00 -1.4015e+00
24925 0 +7.695595731e-05 -1.257992304e+01 -1.257992304e+01 +1.0758e+00 +1.6427e+00 -1.3977e+00
25129 0 +2.312845995e-05 -1.257997687e+01 -1.257997687e+01 +1.0771e+00 +1.6445e+00 -1.3974e+00
27229 0 +1.346940374e-05 -1.257998653e+01 -1.257998653e+01 +1.0775e+00 +1.6416e+00 -1.3967e+00
29117 0 +8.874856794e-06 -1.257999113e+01 -1.257999113e+01 +1.0794e+00 +1.6436e+00 -1.3961e+00
29749 0 +3.326266112e-06 -1.257999667e+01 -1.257999667e+01 +1.0778e+00 +1.6453e+00 -1.3972e+00
29819 0 +2.160251690e-06 -1.257999784e+01 -1.257999784e+01 +1.0757e+00 +1.6455e+00 -1.3983e+00
30035 0 +1.886349990e-06 -1.257999811e+01 -1.257999811e+01 +1.0770e+00 +1.6437e+00 -1.3973e+00
30869 0 +5.546359638e-08 -1.257999994e+01 -1.257999994e+01 +1.0766e+00 +1.6447e+00 -1.3977e+00
34145 0 +4.038278867e-08 -1.257999996e+01 -1.257999996e+01 +1.0770e+00 +1.6448e+00 -1.3975e+00
35245 0 +1.485216927e-08 -1.257999999e+01 -1.257999999e+01 +1.0768e+00 +1.6447e+00 -1.3976e+00
37231 0 +9.088962472e-09 -1.257999999e+01 -1.257999999e+01 +1.0767e+00 +1.6448e+00 -1.3976e+00
% f evaluations | g evaluations | best noise-free fitness - Fopt (-3.333400000000e+02) + sum g_i+ | measured fitness | best measured fitness or single-digit g-values | x1 | x2...
1 0 +1.098675975e+07 +1.098642641e+07 +1.098642641e+07 +3.8422e-01 -4.5027e+00 -3.0462e+00
2 0 +4.215032416e+04 +4.181698416e+04 +4.181698416e+04 -3.2412e+00 -9.4257e-01 +3.2069e+00
16 0 +1.189417891e+04 +1.156083891e+04 +1.156083891e+04 -3.6877e+00 -2.0326e+00 +9.8061e-01
73 0 +5.477114800e+03 +5.143774800e+03 +5.143774800e+03 -5.0000e+00 -3.2938e+00 -2.4054e+00
95 0 +5.021241171e+02 +1.687841171e+02 +1.687841171e+02 -1.2734e+00 +3.1916e-01 +4.9153e+00
721 0 +2.095252395e+02 -1.238147605e+02 -1.238147605e+02 -1.6329e+00 -7.6977e-01 +9.1318e-01
759 0 +6.677879412e+01 -2.665612059e+02 -2.665612059e+02 +6.8979e-01 +6.0969e-01 +1.4220e+00
1163 0 +1.770060650e+01 -3.156393935e+02 -3.156393935e+02 -1.5874e+00 -9.6146e-01 -7.1361e-03
2147 0 +1.631639628e+01 -3.170236037e+02 -3.170236037e+02 +1.4375e+00 +1.4979e+00 +3.5395e+00
4847 0 +1.331440668e+01 -3.200255933e+02 -3.200255933e+02 -3.2864e+00 -1.6914e+00 +9.7552e-01
4955 0 +5.701760539e+00 -3.276382395e+02 -3.276382395e+02 -3.0707e+00 -1.3216e+00 +2.1169e+00
5657 0 +4.726746965e+00 -3.286132530e+02 -3.286132530e+02 -1.7194e+00 -5.3430e-01 +2.2722e+00
5957 0 +1.010482528e+00 -3.323295175e+02 -3.323295175e+02 -2.5665e+00 -6.2186e-01 +4.0225e+00
7077 0 +5.459633289e-01 -3.327940367e+02 -3.327940367e+02 -2.5665e+00 -6.2294e-01 +4.0225e+00
9311 0 +5.366537427e-01 -3.328033463e+02 -3.328033463e+02 -2.0068e+00 -4.5751e-01 +3.3586e+00
9595 0 +2.919790557e-01 -3.330480209e+02 -3.330480209e+02 -2.3774e+00 -4.5851e-01 +4.2904e+00
10221 0 +9.822835326e-02 -3.332417716e+02 -3.332417716e+02 -1.6992e+00 -1.6885e-01 +3.8917e+00
11557 0 +1.913538991e-02 -3.333208646e+02 -3.333208646e+02 -2.0343e+00 -3.3083e-01 +4.0037e+00
15429 0 +1.176829079e-02 -3.333282317e+02 -3.333282317e+02 -1.9021e+00 -2.6487e-01 +3.9679e+00
17311 0 +7.776313270e-03 -3.333322237e+02 -3.333322237e+02 -1.9252e+00 -2.6461e-01 +4.0287e+00
18261 0 +7.314530953e-03 -3.333326855e+02 -3.333326855e+02 -1.9726e+00 -3.0523e-01 +3.9630e+00
18603 0 +5.121365368e-03 -3.333348786e+02 -3.333348786e+02 -1.9900e+00 -2.9690e-01 +4.0453e+00
18809 0 +4.152609753e-03 -3.333358474e+02 -3.333358474e+02 -1.9868e+00 -3.0605e-01 +3.9952e+00
18817 0 +1.890818788e-03 -3.333381092e+02 -3.333381092e+02 -1.9921e+00 -3.0650e-01 +4.0069e+00
18945 0 +1.333235242e-04 -3.333398667e+02 -3.333398667e+02 -1.9563e+00 -2.9010e-01 +3.9910e+00
23241 0 +3.885451599e-05 -3.333399611e+02 -3.333399611e+02 -1.9593e+00 -2.9300e-01 +3.9852e+00
24961 0 +1.245765839e-05 -3.333399875e+02 -3.333399875e+02 -1.9661e+00 -2.9713e-01 +3.9838e+00
27049 0 +8.041220269e-06 -3.333399920e+02 -3.333399920e+02 -1.9665e+00 -2.9725e-01 +3.9841e+00
27457 0 +7.541972082e-06 -3.333399925e+02 -3.333399925e+02 -1.9628e+00 -2.9529e-01 +3.9837e+00
27677 0 +1.303059662e-06 -3.333399987e+02 -3.333399987e+02 -1.9642e+00 -2.9590e-01 +3.9846e+00
27767 0 +4.057068281e-07 -3.333399996e+02 -3.333399996e+02 -1.9652e+00 -2.9620e-01 +3.9857e+00
29869 0 +3.059332698e-07 -3.333399997e+02 -3.333399997e+02 -1.9651e+00 -2.9619e-01 +3.9854e+00
31899 0 +1.675526278e-07 -3.333399998e+02 -3.333399998e+02 -1.9651e+00 -2.9619e-01 +3.9855e+00
33915 0 +9.732991657e-08 -3.333399999e+02 -3.333399999e+02 -1.9648e+00 -2.9607e-01 +3.9853e+00
33917 0 +9.142553381e-08 -3.333399999e+02 -3.333399999e+02 -1.9649e+00 -2.9607e-01 +3.9854e+00
34529 0 +8.452104794e-08 -3.333399999e+02 -3.333399999e+02 -1.9649e+00 -2.9600e-01 +3.9858e+00
36473 0 +3.675938842e-08 -3.333400000e+02 -3.333400000e+02 -1.9648e+00 -2.9605e-01 +3.9855e+00
36795 0 +3.251631142e-08 -3.333400000e+02 -3.333400000e+02 -1.9648e+00 -2.9603e-01 +3.9855e+00
36911 0 +1.099073188e-08 -3.333400000e+02 -3.333400000e+02 -1.9648e+00 -2.9598e-01 +3.9856e+00
37047 0 +1.995204002e-09 -3.333400000e+02 -3.333400000e+02 -1.9648e+00 -2.9598e-01 +3.9856e+00
% f evaluations | g evaluations | best noise-free fitness - Fopt (-2.791300000000e+02) + sum g_i+ | measured fitness | best measured fitness or single-digit g-values | x1 | x2...
1 0 +1.463914141e+06 +1.463635011e+06 +1.463635011e+06 -3.7262e+00 -8.9796e-01 -6.7758e-01
5 0 +3.031284580e+05 +3.028493280e+05 +3.028493280e+05 +3.2949e+00 +1.1483e+00 -1.2182e+00
14 0 +1.676458951e+05 +1.673667651e+05 +1.673667651e+05 +4.8445e+00 +3.4047e+00 -2.1459e+00
29 0 +6.096998783e+04 +6.069085783e+04 +6.069085783e+04 +3.2949e+00 +1.1483e+00 -2.2449e+00
57 0 +1.683490017e+04 +1.655577017e+04 +1.655577017e+04 +2.8770e+00 -5.0000e+00 -5.0000e+00
207 0 +1.851639087e+03 +1.572509087e+03 +1.572509087e+03 +3.2890e+00 -5.0000e+00 -5.0000e+00
247 0 +4.840366801e+01 -2.307263320e+02 -2.307263320e+02 +3.2009e+00 -5.0000e+00 -5.0000e+00
915 0 +4.631062465e+01 -2.328193754e+02 -2.328193754e+02 +4.6218e+00 +4.8540e+00 -7.6314e-01
2449 0 +4.359578689e+01 -2.355342131e+02 -2.355342131e+02 +3.2638e+00 -4.9270e+00 -5.0000e+00
2973 0 +2.322700285e+01 -2.559029971e+02 -2.559029971e+02 +1.7904e+00 -1.9888e+00 -2.7349e+00
4109 0 +1.740417434e+01 -2.617258257e+02 -2.617258257e+02 +3.9342e+00 +6.5968e-02 -2.8257e+00
4191 0 +1.533891960e+01 -2.637910804e+02 -2.637910804e+02 +4.3269e+00 -2.3319e-01 -3.1794e+00
4359 0 +7.194645033e+00 -2.719353550e+02 -2.719353550e+02 +3.4519e+00 +2.4222e-01 -2.4797e+00
6365 0 +6.976410340e+00 -2.721535897e+02 -2.721535897e+02 +1.5492e+00 -1.8879e+00 -2.5619e+00
6419 0 +2.345375220e+00 -2.767846248e+02 -2.767846248e+02 +1.6797e+00 +7.8811e-03 -1.6722e+00
7279 0 +2.298402524e+00 -2.768315975e+02 -2.768315975e+02 +7.3012e-01 +1.2720e-01 -1.1146e+00
8311 0 +2.058592203e+00 -2.770714078e+02 -2.770714078e+02 +5.6449e-01 -7.7992e-01 -1.4850e+00
9025 0 +1.879212314e+00 -2.772507877e+02 -2.772507877e+02 +2.1416e+00 +4.1367e-01 -1.7065e+00
9365 0 +6.455470581e-01 -2.784844529e+02 -2.784844529e+02 +7.9694e-01 -3.4255e-01 -1.3858e+00
9479 0 +7.671810260e-02 -2.790532819e+02 -2.790532819e+02 +1.1145e+00 +5.4839e-01 -1.1011e+00
11811 0 +5.876167096e-02 -2.790712383e+02 -2.790712383e+02 +9.7050e-01 +5.1454e-01 -1.0427e+00
12707 0 +3.784712821e-02 -2.790921529e+02 -2.790921529e+02 +9.6875e-01 +4.1135e-01 -1.0937e+00
14211 0 +1.451500822e-02 -2.791154850e+02 -2.791154850e+02 +1.0728e+00 +3.0060e-01 -1.2045e+00
15791 0 +5.837541274e-03 -2.791241625e+02 -2.791241625e+02 +1.0161e+00 +3.8123e-01 -1.1340e+00
16319 0 +3.279563977e-03 -2.791267204e+02 -2.791267204e+02 +1.0655e+00 +4.0678e-01 -1.1469e+00
17677 0 +1.887193712e-03 -2.791281128e+02 -2.791281128e+02 +1.0766e+00 +4.3674e-01 -1.1375e+00
19585 0 +1.670533599e-03 -2.791283295e+02 -2.791283295e+02 +1.0702e+00 +4.2669e-01 -1.1393e+00
20537 0 +1.300148174e-03 -2.791286999e+02 -2.791286999e+02 +1.1025e+00 +4.3576e-01 -1.1515e+00
21921 0 +1.210569342e-03 -2.791287894e+02 -2.791287894e+02 +1.0909e+00 +4.3377e-01 -1.1465e+00
22293 0 +9.626257540e-04 -2.791290374e+02 -2.791290374e+02 +1.0921e+00 +4.3222e-01 -1.1479e+00
22853 0 +7.670326478e-04 -2.791292330e+02 -2.791292330e+02 +1.0712e+00 +4.1982e-01 -1.1432e+00
23335 0 +6.122302017e-04 -2.791293878e+02 -2.791293878e+02 +1.0749e+00 +4.1913e-01 -1.1455e+00
24681 0 +5.760784375e-04 -2.791294239e+02 -2.791294239e+02 +1.0712e+00 +4.1708e-01 -1.1446e+00
24775 0 +4.789981977e-04 -2.791295210e+02 -2.791295210e+02 +1.0849e+00 +4.2225e-01 -1.1492e+00
25255 0 +4.751293682e-04 -2.791295249e+02 -2.791295249e+02 +1.0849e+00 +4.2225e-01 -1.1492e+00
27119 0 +4.375287115e-04 -2.791295625e+02 -2.791295625e+02 +1.0824e+00 +4.2085e-01 -1.1486e+00
27135 0 +3.649976144e-04 -2.791296350e+02 -2.791296350e+02 +1.0808e+00 +4.1905e-01 -1.1487e+00
27269 0 +3.102660314e-04 -2.791296897e+02 -2.791296897e+02 +1.0799e+00 +4.1732e-01 -1.1490e+00
28675 0 +3.034039188e-04 -2.791296966e+02 -2.791296966e+02 +1.0816e+00 +4.1798e-01 -1.1496e+00
29189 0 +2.960790256e-04 -2.791297039e+02 -2.791297039e+02 +1.0765e+00 +4.1334e-01 -1.1493e+00
29461 0 +2.920008276e-04 -2.791297080e+02 -2.791297080e+02 +1.0826e+00 +4.1702e-01 -1.1506e+00
29879 0 +2.658858528e-04 -2.791297341e+02 -2.791297341e+02 +1.0832e+00 +4.1734e-01 -1.1508e+00
30265 0 +2.506742801e-04 -2.791297493e+02 -2.791297493e+02 +1.0807e+00 +4.1537e-01 -1.1505e+00
32003 0 +2.288644761e-04 -2.791297711e+02 -2.791297711e+02 +1.0822e+00 +4.1509e-01 -1.1514e+00
32565 0 +2.235243202e-04 -2.791297765e+02 -2.791297765e+02 +1.0793e+00 +4.1359e-01 -1.1506e+00
32767 0 +2.093994300e-04 -2.791297906e+02 -2.791297906e+02 +1.0811e+00 +4.1403e-01 -1.1514e+00
32895 0 +1.883529548e-04 -2.791298116e+02 -2.791298116e+02 +1.0804e+00 +4.1314e-01 -1.1514e+00
32991 0 +1.802554374e-04 -2.791298197e+02 -2.791298197e+02 +1.0809e+00 +4.1289e-01 -1.1518e+00
33609 0 +1.764758630e-04 -2.791298235e+02 -2.791298235e+02 +1.0804e+00 +4.1257e-01 -1.1517e+00
34153 0 +1.588073557e-04 -2.791298412e+02 -2.791298412e+02 +1.0789e+00 +4.1024e-01 -1.1521e+00
34977 0 +1.518444045e-04 -2.791298482e+02 -2.791298482e+02 +1.0767e+00 +4.0764e-01 -1.1523e+00
35701 0 +1.400044720e-04 -2.791298600e+02 -2.791298600e+02 +1.0788e+00 +4.0950e-01 -1.1525e+00
36295 0 +1.274928206e-04 -2.791298725e+02 -2.791298725e+02 +1.0788e+00 +4.0870e-01 -1.1528e+00
37149 0 +1.175623985e-04 -2.791298824e+02 -2.791298824e+02 +1.0792e+00 +4.0745e-01 -1.1537e+00
38237 0 +1.081347702e-04 -2.791298919e+02 -2.791298919e+02 +1.0788e+00 +4.0717e-01 -1.1536e+00
38861 0 +1.039263933e-04 -2.791298961e+02 -2.791298961e+02 +1.0787e+00 +4.0764e-01 -1.1533e+00
39027 0 +9.451196723e-05 -2.791299055e+02 -2.791299055e+02 +1.0787e+00 +4.0706e-01 -1.1536e+00
% f evaluations | g evaluations | best noise-free fitness - Fopt (-2.293200000000e+02) + sum g_i+ | measured fitness | best measured fitness or single-digit g-values | x1 | x2...
1 0 +3.381389659e+04 +3.358457659e+04 +3.358457659e+04 -2.4517e+00 -6.8312e-01 +1.6823e+00
8 0 +8.882070626e+02 +6.588870626e+02 +6.588870626e+02 -2.4286e+00 -7.3410e-01 +4.3253e+00
33 0 +3.271494836e+02 +9.782948359e+01 +9.782948359e+01 +2.0607e+00 +2.8738e-01 +4.5880e-01
93 0 +7.009036927e+01 -1.592296307e+02 -1.592296307e+02 -6.3179e-01 -6.6463e-01 -3.0739e+00
759 0 +5.507520007e+01 -1.742447999e+02 -1.742447999e+02 +9.2117e-01 -1.7074e-01 -1.7638e+00
971 0 +3.196148751e+01 -1.973585125e+02 -1.973585125e+02 -2.6722e+00 -1.0520e+00 -5.5273e-01
1665 0 +1.988863467e+01 -2.094313653e+02 -2.094313653e+02 -4.7888e+00 -1.5539e+00 +5.7366e-01
1725 0 +1.016149849e+01 -2.191585015e+02 -2.191585015e+02 -2.0634e+00 -8.5409e-01 +1.2016e-01
1821 0 +2.539442775e+00 -2.267805572e+02 -2.267805572e+02 -6.5422e-01 -3.2272e-01 +2.7199e+00
1941 0 +2.384374852e+00 -2.269356251e+02 -2.269356251e+02 -6.5422e-01 -3.2272e-01 +2.7229e+00
3911 0 +2.132218481e+00 -2.271877815e+02 -2.271877815e+02 -2.7383e+00 -9.1478e-01 +2.1401e+00
4473 0 +1.033071447e+00 -2.282869286e+02 -2.282869286e+02 -1.6905e+00 -6.1461e-01 +2.4954e+00
5039 0 +6.098897936e-01 -2.287101102e+02 -2.287101102e+02 -1.5145e+00 -5.0609e-01 +3.5377e+00
5079 0 +2.416418726e-01 -2.290783581e+02 -2.290783581e+02 -1.9937e+00 -6.7864e-01 +2.7699e+00
8479 0 +2.341898267e-01 -2.290858102e+02 -2.290858102e+02 -1.9937e+00 -6.7864e-01 +2.7704e+00
8617 0 +1.221929307e-01 -2.291978071e+02 -2.291978071e+02 -1.5690e+00 -5.3544e-01 +3.2790e+00
9911 0 +1.071182780e-01 -2.292128817e+02 -2.292128817e+02 -1.6404e+00 -5.7251e-01 +2.9712e+00
10019 0 +3.019853241e-02 -2.292898015e+02 -2.292898015e+02 -1.8058e+00 -6.1201e-01 +3.0507e+00
10169 0 +1.682089329e-02 -2.293031791e+02 -2.293031791e+02 -1.8458e+00 -6.0921e-01 +3.2826e+00
11727 0 +4.020749878e-03 -2.293159793e+02 -2.293159793e+02 -1.8705e+00 -6.1693e-01 +3.2609e+00
13623 0 +3.154241480e-03 -2.293168458e+02 -2.293168458e+02 -1.8696e+00 -6.2125e-01 +3.1843e+00
15123 0 +2.494601408e-03 -2.293175054e+02 -2.293175054e+02 -1.8456e+00 -6.1227e-01 +3.2282e+00
15641 0 +5.820728626e-04 -2.293194179e+02 -2.293194179e+02 -1.8237e+00 -6.0607e-01 +3.2333e+00
16119 0 +4.516035516e-04 -2.293195484e+02 -2.293195484e+02 -1.8243e+00 -6.0818e-01 +3.1999e+00
16229 0 +4.668228559e-05 -2.293199533e+02 -2.293199533e+02 -1.8367e+00 -6.1080e-01 +3.2122e+00
19267 0 +3.850813314e-05 -2.293199615e+02 -2.293199615e+02 -1.8330e+00 -6.0972e-01 +3.2139e+00
20625 0 +3.287498788e-05 -2.293199671e+02 -2.293199671e+02 -1.8304e+00 -6.0870e-01 +3.2193e+00
20955 0 +6.661648484e-06 -2.293199933e+02 -2.293199933e+02 -1.8346e+00 -6.0983e-01 +3.2190e+00
21613 0 +5.443476880e-06 -2.293199946e+02 -2.293199946e+02 -1.8315e+00 -6.0904e-01 +3.2185e+00
22419 0 +8.077549296e-07 -2.293199992e+02 -2.293199992e+02 -1.8344e+00 -6.0981e-01 +3.2184e+00
25383 0 +2.177517047e-07 -2.293199998e+02 -2.293199998e+02 -1.8336e+00 -6.0957e-01 +3.2188e+00
26653 0 +1.950361082e-07 -2.293199998e+02 -2.293199998e+02 -1.8336e+00 -6.0961e-01 +3.2182e+00
26721 0 +1.218976422e-07 -2.293199999e+02 -2.293199999e+02 -1.8336e+00 -6.0959e-01 +3.2187e+00
26961 0 +1.125543179e-07 -2.293199999e+02 -2.293199999e+02 -1.8336e+00 -6.0959e-01 +3.2187e+00
28025 0 +4.759971262e-08 -2.293200000e+02 -2.293200000e+02 -1.8337e+00 -6.0961e-01 +3.2186e+00
29337 0 +3.665917347e-08 -2.293200000e+02 -2.293200000e+02 -1.8338e+00 -6.0965e-01 +3.2184e+00
29511 0 +2.797975185e-08 -2.293200000e+02 -2.293200000e+02 -1.8337e+00 -6.0962e-01 +3.2185e+00
29927 0 +2.659783149e-08 -2.293200000e+02 -2.293200000e+02 -1.8336e+00 -6.0960e-01 +3.2184e+00
30797 0 +4.040657586e-09 -2.293200000e+02 -2.293200000e+02 -1.8336e+00 -6.0961e-01 +3.2183e+00
