% f evaluations | g evaluations | best noise-free fitness - Fopt (7.135000000000e+01) + sum g_i+ | measured fitness | best measured fitness or single-digit g-values | x1 | x2...
1 0 +1.569247145e+02 +2.282747145e+02 +2.282747145e+02 -6.5899e-01 -1.9738e+00 +1.6889e+00
2 0 +6.563345320e+01 +1.369834532e+02 +1.369834532e+02 -9.2802e-01 +8.9375e-01 +8.5261e-01
3 0 +3.031528809e+01 +1.016652881e+02 +1.016652881e+02 +3.8920e-01 -8.5568e-01 -2.3235e-01
4 0 +1.513395068e+01 +8.648395068e+01 +8.648395068e+01 -1.8033e+00 +3.3290e+00 -5.5180e+00
17 0 +1.159792915e+01 +8.294792915e+01 +8.294792915e+01 -5.1016e+00 +3.4782e+00 -3.5593e+00
72 0 +3.429357999e+00 +7.477935800e+01 +7.477935800e+01 -4.6753e+00 +3.9556e+00 +2.5138e+00
105 0 +2.336402383e+00 +7.368640238e+01 +7.368640238e+01 -5.0284e+00 +4.4162e+00 +3.5060e+00
% f evaluations | g evaluations | best noise-free fitness - Fopt (-3.552200000000e+02) + sum g_i+ | measured fitness | best measured fitness or single-digit g-values | x1 | x2...
1 0 +1.414095842e+02 -2.138104158e+02 -2.138104158e+02 -1.5883e+00 -1.3662e+00 -1.3052e+00
3 0 +2.084637186e+01 -3.343736281e+02 -3.343736281e+02 -2.3676e-01 +2.2688e+00 -2.6660e+00
111 0 +1.684320928e+01 -3.383767907e+02 -3.383767907e+02 +2.3664e-03 -2.4037e+00 +4.1402e-01
117 0 +7.834599860e+00 -3.473854001e+02 -3.473854001e+02 +2.6213e-01 -2.0440e+00 +9.0345e-01
119 0 +1.891097302e+00 -3.533289027e+02 -3.533289027e+02 +2.1612e-01 -1.6282e+00 +1.2002e+00
123 0 +7.397511623e-01 -3.544802488e+02 -3.544802488e+02 +1.4559e-01 -1.2780e+00 +1.4600e+00
162 0 +3.992164162e-01 -3.548207836e+02 -3.548207836e+02 +1.9100e-01 -1.3002e+00 +1.2395e+00
165 0 +3.375341848e-01 -3.548824658e+02 -3.548824658e+02 +1.3523e-01 -1.3211e+00 +1.3124e+00
184 0 +1.903308159e-01 -3.550296692e+02 -3.550296692e+02 +1.7718e-01 -1.2469e+00 +1.4241e+00
199 0 +1.404168703e-01 -3.550795831e+02 -3.550795831e+02 +1.7889e-01 -1.3700e+00 +1.1927e+00
213 0 +5.324574817e-02 -3.551667543e+02 -3.551667543e+02 +1.7476e-01 -1.3061e+00 +1.3141e+00
233 0 +8.192088909e-03 -3.552118079e+02 -3.552118079e+02 +1.8489e-01 -1.3011e+00 +1.3370e+00
280 0 +4.160324000e-03 -3.552158397e+02 -3.552158397e+02 +1.8669e-01 -1.3106e+00 +1.3206e+00
283 0 +1.380878841e-03 -3.552186191e+02 -3.552186191e+02 +1.8569e-01 -1.3278e+00 +1.3014e+00
329 0 +1.138834213e-03 -3.552188612e+02 -3.552188612e+02 +1.8524e-01 -1.3264e+00 +1.3040e+00
340 0 +5.110818230e-04 -3.552194889e+02 -3.552194889e+02 +1.8537e-01 -1.3131e+00 +1.3138e+00
344 0 +3.914903946e-04 -3.552196085e+02 -3.552196085e+02 +1.8456e-01 -1.3158e+00 +1.3122e+00
356 0 +2.024269554e-05 -3.552199798e+02 -3.552199798e+02 +1.8524e-01 -1.3176e+00 +1.3085e+00
377 0 +1.182169910e-05 -3.552199882e+02 -3.552199882e+02 +1.8507e-01 -1.3177e+00 +1.3076e+00
405 0 +2.502090013e-06 -3.552199975e+02 -3.552199975e+02 +1.8509e-01 -1.3169e+00 +1.3088e+00
449 0 +1.856131576e-06 -3.552199981e+02 -3.552199981e+02 +1.8506e-01 -1.3172e+00 +1.3088e+00
456 0 +6.820077942e-07 -3.552199993e+02 -3.552199993e+02 +1.8506e-01 -1.3170e+00 +1.3088e+00
463 0 +4.378389349e-07 -3.552199996e+02 -3.552199996e+02 +1.8509e-01 -1.3172e+00 +1.3086e+00
471 0 +1.209700144e-07 -3.552199999e+02 -3.552199999e+02 +1.8508e-01 -1.3171e+00 +1.3088e+00
477 0 +4.869002623e-08 -3.552200000e+02 -3.552200000e+02 +1.8507e-01 -1.3172e+00 +1.3086e+00
487 0 +3.890420430e-08 -3.552200000e+02 -3.552200000e+02 +1.8508e-01 -1.3172e+00 +1.3087e+00
498 0 +1.578837328e-08 -3.552200000e+02 -3.552200000e+02 +1.8508e-01 -1.3172e+00 +1.3087e+00
508 0 +1.476530542e-08 -3.552200000e+02 -3.552200000e+02 +1.8508e-01 -1.3172e+00 +1.3087e+00
526 0 +5.420758953e-09 -3.552200000e+02 -3.552200000e+02 +1.8508e-01 -1.3172e+00 +1.3087e+00
603 0 +0.000000000e+00 -3.552200000e+02 -3.552200000e+02 +1.8508e-01 -1.3172e+00 +1.3087e+00
% f evaluations | g evaluations | best noise-free fitness - Fopt (9.917000000000e+01) + sum g_i+ | measured fitness | best measured fitness or single-digit g-values | x1 | x2...
1 0 +9.648377067e+00 +1.088183771e+02 +1.088183771e+02 +1.9029e-01 -7.8582e-01 +2.5365e-01
30 0 +9.557370966e+00 +1.087273710e+02 +1.087273710e+02 -5.1505e+00 +1.5061e+00 -2.4838e+00
189 0 +3.353751394e+00 +1.025237514e+02 +1.025237514e+02 +2.1414e+00 -2.8054e+00 +1.5077e+00
333 0 +2.737995923e+00 +1.019079959e+02 +1.019079959e+02 +2.1564e+00 -5.3053e+00 -2.5814e-02
360 0 +2.102472029e+00 +1.012724720e+02 +1.012724720e+02 +2.0656e+00 -5.4375e+00 +3.0795e-02
389 0 +1.669240315e+00 +1.008392403e+02 +1.008392403e+02 +2.0928e+00 -5.3542e+00 +1.5920e-03
403 0 +1.551003801e+00 +1.007210038e+02 +1.007210038e+02 +2.0961e+00 -5.3999e+00 +9.6147e-03
426 0 +1.338162062e+00 +1.005081621e+02 +1.005081621e+02 +2.1251e+00 -5.3321e+00 -2.1098e-02
432 0 +1.183161070e+00 +1.003531611e+02 +1.003531611e+02 +2.1141e+00 -5.3783e+00 -3.3630e-02
451 0 +1.109129601e+00 +1.002791296e+02 +1.002791296e+02 +2.1352e+00 -5.3346e+00 -4.0874e-02
457 0 +9.483265262e-01 +1.001183265e+02 +1.001183265e+02 +2.1470e+00 -5.3290e+00 -6.5775e-02
484 0 +8.988311185e-01 +1.000688311e+02 +1.000688311e+02 +2.1213e+00 -5.3586e+00 -3.9309e-02
485 0 +8.740170602e-01 +1.000440171e+02 +1.000440171e+02 +2.1295e+00 -5.3497e+00 -4.7666e-02
491 0 +8.656994104e-01 +1.000356994e+02 +1.000356994e+02 +2.1366e+00 -5.3470e+00 -5.8427e-02
502 0 +7.909076806e-01 +9.996090768e+01 +9.996090768e+01 +2.1379e+00 -5.3387e+00 -5.2693e-02
547 0 +7.559665177e-01 +9.992596652e+01 +9.992596652e+01 +2.1341e+00 -5.3460e+00 -4.7441e-02
549 0 +6.912810995e-01 +9.986128110e+01 +9.986128110e+01 +2.1361e+00 -5.3436e+00 -5.2673e-02
701 0 +6.695583461e-01 +9.983955835e+01 +9.983955835e+01 +2.1366e+00 -5.3430e+00 -5.3419e-02
772 0 +6.590176906e-01 +9.982901769e+01 +9.982901769e+01 +2.1367e+00 -5.3429e+00 -5.3576e-02
% f evaluations | g evaluations | best noise-free fitness - Fopt (-5.179100000000e+02) + sum g_i+ | measured fitness | best measured fitness or single-digit g-values | x1 | x2...
1 0 +1.559428029e+02 -3.619671971e+02 -3.619671971e+02 +2.4188e+00 +1.5726e+00 -3.0537e+00
2 0 +3.219888749e+01 -4.857111125e+02 -4.857111125e+02 -1.2450e+00 -1.3815e+00 -5.4327e-01
16 0 +1.162748755e+01 -5.062825125e+02 -5.062825125e+02 -5.9110e-01 +9.7581e-01 -4.0559e-01
141 0 +9.950129917e+00 -5.079598701e+02 -5.079598701e+02 -8.3748e-01 +7.5639e-01 -1.3067e+00
148 0 +3.849290956e+00 -5.140607090e+02 -5.140607090e+02 -1.1022e+00 +1.1478e+00 -9.3966e-01
168 0 +3.749616093e+00 -5.141603839e+02 -5.141603839e+02 -1.0651e+00 +1.0946e+00 -1.1070e+00
171 0 +3.265609179e+00 -5.146443908e+02 -5.146443908e+02 -1.2989e+00 +1.2620e+00 -1.3118e+00
172 0 +7.135259568e-01 -5.171964740e+02 -5.171964740e+02 -1.1456e+00 +9.2645e-01 -1.4740e+00
198 0 +3.374805130e-01 -5.175725195e+02 -5.175725195e+02 -7.7408e-01 +7.4097e-01 -9.3626e-01
212 0 +3.172316665e-01 -5.175927683e+02 -5.175927683e+02 -1.0725e+00 +9.6258e-01 -1.2672e+00
238 0 +2.611275959e-01 -5.176488724e+02 -5.176488724e+02 -9.9724e-01 +9.0454e-01 -1.2301e+00
240 0 +2.562487717e-01 -5.176537512e+02 -5.176537512e+02 -8.3984e-01 +7.7766e-01 -1.0537e+00
245 0 +2.445282833e-01 -5.176654717e+02 -5.176654717e+02 -9.2273e-01 +8.3183e-01 -1.1345e+00
254 0 +2.199958848e-01 -5.176900041e+02 -5.176900041e+02 -7.8886e-01 +7.6306e-01 -9.4916e-01
255 0 +1.022975060e-01 -5.178077025e+02 -5.178077025e+02 -9.3793e-01 +8.5918e-01 -1.1196e+00
262 0 +4.665285250e-02 -5.178633471e+02 -5.178633471e+02 -8.9562e-01 +8.3962e-01 -1.0768e+00
268 0 +4.212176412e-02 -5.178678782e+02 -5.178678782e+02 -9.5968e-01 +8.8145e-01 -1.1483e+00
288 0 +1.285989176e-02 -5.178971401e+02 -5.178971401e+02 -9.2953e-01 +8.6618e-01 -1.1088e+00
323 0 +6.827563280e-03 -5.179031724e+02 -5.179031724e+02 -9.1650e-01 +8.6038e-01 -1.0796e+00
329 0 +2.309996807e-03 -5.179076900e+02 -5.179076900e+02 -9.3628e-01 +8.8488e-01 -1.0915e+00
362 0 +1.487132679e-03 -5.179085129e+02 -5.179085129e+02 -9.3414e-01 +8.8648e-01 -1.0875e+00
377 0 +6.215800257e-04 -5.179093784e+02 -5.179093784e+02 -9.3527e-01 +8.8514e-01 -1.0915e+00
385 0 +2.330347963e-04 -5.179097670e+02 -5.179097670e+02 -9.3811e-01 +8.8687e-01 -1.0950e+00
439 0 +1.510772671e-04 -5.179098489e+02 -5.179098489e+02 -9.3563e-01 +8.8244e-01 -1.0953e+00
455 0 +1.804731585e-05 -5.179099820e+02 -5.179099820e+02 -9.3260e-01 +8.7967e-01 -1.0925e+00
464 0 +6.003444355e-06 -5.179099940e+02 -5.179099940e+02 -9.3211e-01 +8.7862e-01 -1.0926e+00
515 0 +4.649691164e-06 -5.179099954e+02 -5.179099954e+02 -9.3268e-01 +8.7949e-01 -1.0930e+00
539 0 +2.693427973e-06 -5.179099973e+02 -5.179099973e+02 -9.3182e-01 +8.7822e-01 -1.0927e+00
564 0 +1.429909389e-06 -5.179099986e+02 -5.179099986e+02 -9.3218e-01 +8.7878e-01 -1.0928e+00
566 0 +1.356114353e-06 -5.179099986e+02 -5.179099986e+02 -9.3236e-01 +8.7888e-01 -1.0929e+00
573 0 +2.938884336e-07 -5.179099997e+02 -5.179099997e+02 -9.3236e-01 +8.7903e-01 -1.0928e+00
597 0 +4.890603122e-08 -5.179100000e+02 -5.179100000e+02 -9.3236e-01 +8.7896e-01 -1.0929e+00
647 0 +3.120942438e-08 -5.179100000e+02 -5.179100000e+02 -9.3245e-01 +8.7908e-01 -1.0929e+00
649 0 +1.660430371e-08 -5.179100000e+02 -5.179100000e+02 -9.3245e-01 +8.7906e-01 -1.0930e+00
656 0 +2.376054908e-09 -5.179100000e+02 -5.179100000e+02 -9.3243e-01 +8.7903e-01 -1.0929e+00
728 0 +0.000000000e+00 -5.179100000e+02 -5.179100000e+02 -9.3243e-01 +8.7904e-01 -1.0929e+00
% f evaluations | g evaluations | best noise-free fitness - Fopt (-5.721000000000e+01) + sum g_i+ | measured fitness | best measured fitness or single-digit g-values | x1 | x2...
1 0 +6.682929144e+01 +9.619291443e+00 +9.619291443e+00 +1.3488e-02 -1.6398e+00 -1.5306e+00
4 0 +4.468504156e+01 -1.252495844e+01 -1.252495844e+01 +4.1754e-01 +1.0611e+00 +3.8537e+00
5 0 +2.871709145e+01 -2.849290855e+01 -2.849290855e+01 -4.2819e-01 +1.3177e+00 -2.3807e-01
11 0 +1.344787802e+01 -4.376212198e+01 -4.376212198e+01 -1.8368e+00 -1.6029e+00 +1.0072e+00
41 0 +1.071814553e+01 -4.649185447e+01 -4.649185447e+01 -1.2008e-02 -1.4026e+00 +1.4404e+00
53 0 +9.336144682e+00 -4.787385532e+01 -4.787385532e+01 -1.4666e+00 -1.2969e+00 +6.0636e-01
63 0 +4.958151900e+00 -5.225184810e+01 -5.225184810e+01 -1.2927e+00 -6.7390e-01 -2.8258e-02
179 0 +1.267347801e+00 -5.594265220e+01 -5.594265220e+01 -4.0360e+00 -1.0128e+00 -1.7017e+00
189 0 +9.640702144e-01 -5.624592979e+01 -5.624592979e+01 -4.2432e+00 -1.1601e+00 -1.6247e+00
287 0 +8.108814371e-01 -5.639911856e+01 -5.639911856e+01 -4.4212e+00 -1.5213e+00 -1.3694e+00
317 0 +7.028202790e-01 -5.650717972e+01 -5.650717972e+01 -4.4696e+00 -1.6556e+00 -1.3371e+00
331 0 +6.436978256e-01 -5.656630217e+01 -5.656630217e+01 -4.4461e+00 -1.5919e+00 -1.3576e+00
336 0 +6.245700763e-01 -5.658542992e+01 -5.658542992e+01 -4.4241e+00 -1.5806e+00 -1.3604e+00
347 0 +5.804065860e-01 -5.662959341e+01 -5.662959341e+01 -4.4421e+00 -1.5736e+00 -1.3641e+00
388 0 +5.685214832e-01 -5.664147852e+01 -5.664147852e+01 -4.4222e+00 -1.5591e+00 -1.3677e+00
395 0 +5.430171854e-01 -5.666698281e+01 -5.666698281e+01 -4.4279e+00 -1.5590e+00 -1.3674e+00
416 0 +5.321005682e-01 -5.667789943e+01 -5.667789943e+01 -4.4254e+00 -1.5532e+00 -1.3713e+00
420 0 +5.139168306e-01 -5.669608317e+01 -5.669608317e+01 -4.4193e+00 -1.5570e+00 -1.3685e+00
430 0 +4.905256215e-01 -5.671947438e+01 -5.671947438e+01 -4.4192e+00 -1.5478e+00 -1.3723e+00
435 0 +4.646618269e-01 -5.674533817e+01 -5.674533817e+01 -4.4185e+00 -1.5459e+00 -1.3732e+00
451 0 +4.267534976e-01 -5.678324650e+01 -5.678324650e+01 -4.4186e+00 -1.5469e+00 -1.3717e+00
517 0 +4.063032480e-01 -5.680369675e+01 -5.680369675e+01 -4.4233e+00 -1.5424e+00 -1.3735e+00
632 0 +3.919287967e-01 -5.681807120e+01 -5.681807120e+01 -4.4237e+00 -1.5429e+00 -1.3733e+00
663 0 +3.874150756e-01 -5.682258492e+01 -5.682258492e+01 -4.4236e+00 -1.5428e+00 -1.3734e+00
% f evaluations | g evaluations | best noise-free fitness - Fopt (-9.250000000000e+00) + sum g_i+ | measured fitness | best measured fitness or single-digit g-values | x1 | x2...
1 0 +1.952653804e+02 +1.860153804e+02 +1.860153804e+02 -1.1366e+00 +1.4885e+00 +1.2469e+00
2 0 +7.662651966e+01 +6.737651966e+01 +6.737651966e+01 +1.3736e+00 -6.8588e-01 +2.8626e-01
3 0 +5.365223650e+01 +4.440223650e+01 +4.440223650e+01 -1.8546e+00 +1.3204e+00 -3.2481e+00
9 0 +4.507053435e+01 +3.582053435e+01 +3.582053435e+01 -3.4291e-01 -1.8170e-01 -4.0707e+00
11 0 +3.987004773e+01 +3.062004773e+01 +3.062004773e+01 -1.2086e+00 -1.1654e+00 -1.1210e+00
13 0 +2.502751649e+01 +1.577751649e+01 +1.577751649e+01 -3.0067e+00 -8.4448e-01 -5.1826e+00
28 0 +4.523936058e+00 -4.726063942e+00 -4.726063942e+00 +8.2612e-01 +8.7067e-01 -1.0688e+00
254 0 +3.044655881e+00 -6.205344119e+00 -6.205344119e+00 -3.5203e+00 -2.2026e+00 -7.3857e-01
677 0 +2.934828203e+00 -6.315171797e+00 -6.315171797e+00 -5.2429e+00 +1.3976e-01 -2.9885e+00
683 0 +2.378295727e+00 -6.871704273e+00 -6.871704273e+00 -5.2345e+00 +1.8226e-01 -2.9861e+00
702 0 +2.314741771e+00 -6.935258229e+00 -6.935258229e+00 -5.2363e+00 +1.9395e-01 -2.9678e+00
730 0 +2.064309351e+00 -7.185690649e+00 -7.185690649e+00 -5.2342e+00 +1.9167e-01 -2.9792e+00
739 0 +1.923679011e+00 -7.326320989e+00 -7.326320989e+00 -5.2363e+00 +1.9155e-01 -2.9738e+00
749 0 +1.748187622e+00 -7.501812378e+00 -7.501812378e+00 -5.2349e+00 +1.7619e-01 -2.9803e+00
756 0 +1.635670033e+00 -7.614329967e+00 -7.614329967e+00 -5.2361e+00 +1.8354e-01 -2.9764e+00
797 0 +1.613461872e+00 -7.636538128e+00 -7.636538128e+00 -5.2353e+00 +1.8415e-01 -2.9781e+00
815 0 +1.570492374e+00 -7.679507626e+00 -7.679507626e+00 -5.2351e+00 +1.8139e-01 -2.9797e+00
826 0 +1.522845919e+00 -7.727154081e+00 -7.727154081e+00 -5.2355e+00 +1.8115e-01 -2.9789e+00
838 0 +1.511357707e+00 -7.738642293e+00 -7.738642293e+00 -5.2355e+00 +1.8254e-01 -2.9780e+00
887 0 +1.467688450e+00 -7.782311550e+00 -7.782311550e+00 -5.2356e+00 +1.8159e-01 -2.9783e+00
982 0 +1.443713599e+00 -7.806286401e+00 -7.806286401e+00 -5.2356e+00 +1.8173e-01 -2.9783e+00
% f evaluations | g evaluations | best noise-free fitness - Fopt (4.206100000000e+02) + sum g_i+ | measured fitness | best measured fitness or single-digit g-values | x1 | x2...
1 0 +7.517767218e+01 +4.957876722e+02 +4.957876722e+02 +4.2565e+00 +5.0330e+00 -9.6242e-01
3 0 +1.590884506e+01 +4.365188451e+02 +4.365188451e+02 -9.1890e-01 -3.0751e-01 -2.5635e-01
15 0 +3.602973385e+00 +4.242129734e+02 +4.242129734e+02 -1.5303e+00 -3.2083e-02 -9.2630e-01
306 0 +3.245400056e+00 +4.238554001e+02 +4.238554001e+02 -1.2326e+00 +3.9722e-01 -9.3483e-01
314 0 +3.115870553e+00 +4.237258706e+02 +4.237258706e+02 -1.2026e+00 +5.1960e-01 -9.4822e-01
339 0 +2.185449878e+00 +4.227954499e+02 +4.227954499e+02 -1.2335e+00 +4.5893e-01 -9.3326e-01
358 0 +2.116560463e+00 +4.227265605e+02 +4.227265605e+02 -1.2368e+00 +4.7928e-01 -9.4877e-01
362 0 +1.980221431e+00 +4.225902214e+02 +4.225902214e+02 -1.2300e+00 +4.6559e-01 -9.3352e-01
378 0 +1.907880988e+00 +4.225178810e+02 +4.225178810e+02 -1.2276e+00 +4.5542e-01 -9.2525e-01
394 0 +1.802192850e+00 +4.224121928e+02 +4.224121928e+02 -1.2312e+00 +4.6467e-01 -9.3495e-01
416 0 +1.767258844e+00 +4.223772588e+02 +4.223772588e+02 -1.2306e+00 +4.6243e-01 -9.3350e-01
426 0 +1.689019229e+00 +4.222990192e+02 +4.222990192e+02 -1.2292e+00 +4.5623e-01 -9.2897e-01
441 0 +1.654316440e+00 +4.222643164e+02 +4.222643164e+02 -1.2289e+00 +4.5800e-01 -9.2969e-01
508 0 +1.616595163e+00 +4.222265952e+02 +4.222265952e+02 -1.2284e+00 +4.5817e-01 -9.2955e-01
512 0 +1.579808601e+00 +4.221898086e+02 +4.221898086e+02 -1.2292e+00 +4.5940e-01 -9.3091e-01
535 0 +1.527687553e+00 +4.221376876e+02 +4.221376876e+02 -1.2280e+00 +4.5685e-01 -9.2852e-01
548 0 +1.479581136e+00 +4.220895811e+02 +4.220895811e+02 -1.2281e+00 +4.5713e-01 -9.2865e-01
597 0 +1.464092903e+00 +4.220740929e+02 +4.220740929e+02 -1.2280e+00 +4.5705e-01 -9.2852e-01
% f evaluations | g evaluations | best noise-free fitness - Fopt (2.088100000000e+02) + sum g_i+ | measured fitness | best measured fitness or single-digit g-values | x1 | x2...
1 0 +8.136244101e+00 +2.169462441e+02 +2.169462441e+02 -1.0382e+00 +4.8317e+00 -3.1231e+00
439 0 +3.609953651e+00 +2.124199537e+02 +2.124199537e+02 -3.5245e-01 -2.6710e+00 +4.2961e+00
527 0 +2.667198912e+00 +2.114771989e+02 +2.114771989e+02 -5.2734e-01 -2.9689e+00 +4.0318e+00
574 0 +1.756809526e+00 +2.105668095e+02 +2.105668095e+02 -2.1639e-01 -2.9924e+00 +4.0906e+00
577 0 +1.159110956e+00 +2.099691110e+02 +2.099691110e+02 -1.7467e-01 -2.8754e+00 +4.1854e+00
591 0 +8.760981697e-01 +2.096860982e+02 +2.096860982e+02 -2.7943e-01 -2.8188e+00 +4.2154e+00
617 0 +7.324752545e-01 +2.095424753e+02 +2.095424753e+02 -1.8798e-01 -2.9537e+00 +4.1734e+00
634 0 +5.135999746e-01 +2.093236000e+02 +2.093236000e+02 -1.1440e-01 -2.9765e+00 +4.1679e+00
650 0 +1.118611587e-01 +2.089218612e+02 +2.089218612e+02 -1.0256e-01 -2.9313e+00 +4.2193e+00
717 0 +7.987888869e-02 +2.088898789e+02 +2.088898789e+02 -1.8253e-01 -2.9195e+00 +4.2044e+00
775 0 +6.869273787e-02 +2.088786927e+02 +2.088786927e+02 -1.8365e-01 -2.9208e+00 +4.2021e+00
788 0 +6.725363532e-02 +2.088772536e+02 +2.088772536e+02 -1.8044e-01 -2.9223e+00 +4.2024e+00
806 0 +6.444928082e-02 +2.088744493e+02 +2.088744493e+02 -1.7945e-01 -2.9219e+00 +4.2030e+00
825 0 +6.146490625e-02 +2.088714649e+02 +2.088714649e+02 -1.8086e-01 -2.9217e+00 +4.2025e+00
836 0 +6.019783721e-02 +2.088701978e+02 +2.088701978e+02 -1.8098e-01 -2.9216e+00 +4.2027e+00
875 0 +5.869905212e-02 +2.088686991e+02 +2.088686991e+02 -1.8154e-01 -2.9215e+00 +4.2025e+00
879 0 +5.716503842e-02 +2.088671650e+02 +2.088671650e+02 -1.8184e-01 -2.9216e+00 +4.2023e+00
948 0 +5.618338936e-02 +2.088661834e+02 +2.088661834e+02 -1.8194e-01 -2.9216e+00 +4.2023e+00
1002 0 +5.471241176e-02 +2.088647124e+02 +2.088647124e+02 -1.8179e-01 -2.9217e+00 +4.2023e+00
1031 0 +5.338591786e-02 +2.088633859e+02 +2.088633859e+02 -1.8177e-01 -2.9217e+00 +4.2023e+00
1080 0 +5.222520264e-02 +2.088622252e+02 +2.088622252e+02 -1.8175e-01 -2.9217e+00 +4.2023e+00
% f evaluations | g evaluations | best noise-free fitness - Fopt (-1.310000000000e+01) + sum g_i+ | measured fitness | best measured fitness or single-digit g-values | x1 | x2...
1 0 +3.804203098e+01 +2.494203098e+01 +2.494203098e+01 +1.4646e+00 +3.5452e+00 -8.3398e-01
2 0 +1.411766396e+01 +1.017663955e+00 +1.017663955e+00 +1.8288e+00 +8.8250e-01 +8.7357e-01
40 0 +6.538128045e+00 -6.561871955e+00 -6.561871955e+00 +2.3657e+00 +2.3577e+00 -2.4890e-02
59 0 +3.791714480e+00 -9.308285520e+00 -9.308285520e+00 +2.5720e+00 +2.5596e+00 +9.1581e-02
71 0 +3.086587393e+00 -1.001341261e+01 -1.001341261e+01 +2.5671e+00 +3.6613e+00 -3.4490e-01
130 0 +9.622628092e-01 -1.213773719e+01 -1.213773719e+01 +2.8220e+00 +3.6346e+00 -4.7988e-01
144 0 +6.650967318e-01 -1.243490327e+01 -1.243490327e+01 +2.9209e+00 +3.6958e+00 -5.1358e-01
157 0 +1.172801670e-01 -1.298271983e+01 -1.298271983e+01 +2.9284e+00 +3.7752e+00 -4.7013e-01
211 0 +6.313891544e-02 -1.303686108e+01 -1.303686108e+01 +2.9838e+00 +3.7779e+00 -5.1205e-01
223 0 +1.570230191e-02 -1.308429770e+01 -1.308429770e+01 +2.9896e+00 +3.7845e+00 -5.1016e-01
242 0 +1.503150459e-02 -1.308496850e+01 -1.308496850e+01 +2.9874e+00 +3.7940e+00 -4.9807e-01
248 0 +8.981469982e-03 -1.309101853e+01 -1.309101853e+01 +2.9594e+00 +3.7762e+00 -4.9621e-01
272 0 +5.260051154e-03 -1.309473995e+01 -1.309473995e+01 +2.9805e+00 +3.7965e+00 -4.9580e-01
300 0 +4.729507114e-03 -1.309527049e+01 -1.309527049e+01 +3.0010e+00 +3.8032e+00 -5.0099e-01
302 0 +3.341728556e-03 -1.309665827e+01 -1.309665827e+01 +3.0043e+00 +3.8026e+00 -5.0294e-01
310 0 +1.040752961e-03 -1.309895925e+01 -1.309895925e+01 +2.9790e+00 +3.7888e+00 -4.9972e-01
344 0 +8.450267012e-04 -1.309915497e+01 -1.309915497e+01 +2.9860e+00 +3.7896e+00 -5.0231e-01
371 0 +6.703164848e-04 -1.309932968e+01 -1.309932968e+01 +2.9832e+00 +3.7893e+00 -5.0079e-01
384 0 +1.808160544e-04 -1.309981918e+01 -1.309981918e+01 +2.9859e+00 +3.7944e+00 -4.9980e-01
399 0 +1.393166433e-04 -1.309986068e+01 -1.309986068e+01 +2.9891e+00 +3.7939e+00 -5.0221e-01
405 0 +9.700612041e-05 -1.309990299e+01 -1.309990299e+01 +2.9858e+00 +3.7928e+00 -5.0101e-01
414 0 +7.481777254e-05 -1.309992518e+01 -1.309992518e+01 +2.9842e+00 +3.7924e+00 -5.0042e-01
421 0 +1.669192197e-05 -1.309998331e+01 -1.309998331e+01 +2.9852e+00 +3.7934e+00 -5.0035e-01
433 0 +9.600322791e-06 -1.309999040e+01 -1.309999040e+01 +2.9872e+00 +3.7940e+00 -5.0105e-01
443 0 +7.309175540e-06 -1.309999269e+01 -1.309999269e+01 +2.9858e+00 +3.7933e+00 -5.0076e-01
468 0 +2.014273182e-06 -1.309999799e+01 -1.309999799e+01 +2.9866e+00 +3.7936e+00 -5.0092e-01
476 0 +9.136818448e-07 -1.309999909e+01 -1.309999909e+01 +2.9863e+00 +3.7936e+00 -5.0083e-01
498 0 +1.664850142e-07 -1.309999983e+01 -1.309999983e+01 +2.9865e+00 +3.7936e+00 -5.0085e-01
537 0 +9.299060544e-08 -1.309999991e+01 -1.309999991e+01 +2.9864e+00 +3.7936e+00 -5.0086e-01
540 0 +1.893340595e-08 -1.309999998e+01 -1.309999998e+01 +2.9865e+00 +3.7936e+00 -5.0087e-01
576 0 +1.399262750e-08 -1.309999999e+01 -1.309999999e+01 +2.9865e+00 +3.7937e+00 -5.0086e-01
578 0 +8.476979119e-09 -1.309999999e+01 -1.309999999e+01 +2.9865e+00 +3.7937e+00 -5.0087e-01
711 0 +0.000000000e+00 -1.310000000e+01 -1.310000000e+01 +2.9865e+00 +3.7937e+00 -5.0087e-01
% f evaluations | g evaluations | best noise-free fitness - Fopt (1.311800000000e+02) + sum g_i+ | measured fitness | best measured fitness or single-digit g-values | x1 | x2...
1 0 +7.476866724e+01 +2.059486672e+02 +2.059486672e+02 -5.6858e-01 +1.7103e+00 +2.8638e-01
2 0 +2.224927248e+01 +1.534292725e+02 +1.534292725e+02 -1.0518e+00 +5.8878e-01 -9.1097e-01
18 0 +2.089647319e+01 +1.520764732e+02 +1.520764732e+02 +1.9105e+00 -2.4694e-01 -6.9338e-01
24 0 +1.666725852e+01 +1.478472585e+02 +1.478472585e+02 +1.6675e+00 -5.0127e-01 -1.6046e+00
57 0 +1.472938828e+01 +1.459093883e+02 +1.459093883e+02 +1.6059e+00 -2.5262e-01 -1.0043e+00
74 0 +1.082489644e+01 +1.420048964e+02 +1.420048964e+02 +1.8855e+00 +1.4843e-01 -7.1141e-02
102 0 +6.677409484e+00 +1.378574095e+02 +1.378574095e+02 +1.7974e+00 +1.9727e-01 -2.7864e-01
146 0 +3.952237451e+00 +1.351322375e+02 +1.351322375e+02 +1.7752e+00 +1.2443e-01 -3.8247e-01
196 0 +3.851400616e+00 +1.350314006e+02 +1.350314006e+02 +1.7561e+00 +1.3084e-01 -4.0707e-01
200 0 +3.143140234e+00 +1.343231402e+02 +1.343231402e+02 +1.7577e+00 +1.3575e-01 -3.9995e-01
248 0 +2.791868016e+00 +1.339718680e+02 +1.339718680e+02 +1.7543e+00 +1.2044e-01 -4.4751e-01
286 0 +2.452865297e+00 +1.336328653e+02 +1.336328653e+02 +1.7497e+00 +8.2488e-02 -5.1802e-01
327 0 +2.293269145e+00 +1.334732691e+02 +1.334732691e+02 +1.7509e+00 +7.5516e-02 -5.2495e-01
364 0 +2.248252992e+00 +1.334282530e+02 +1.334282530e+02 +1.7498e+00 +7.6796e-02 -5.2588e-01
391 0 +2.226900313e+00 +1.334069003e+02 +1.334069003e+02 +1.7497e+00 +7.6180e-02 -5.2620e-01
396 0 +2.174500875e+00 +1.333545009e+02 +1.333545009e+02 +1.7498e+00 +7.6339e-02 -5.2632e-01
432 0 +2.132522681e+00 +1.333125227e+02 +1.333125227e+02 +1.7500e+00 +7.6062e-02 -5.2624e-01
554 0 +2.087087339e+00 +1.332670873e+02 +1.332670873e+02 +1.7500e+00 +7.5932e-02 -5.2655e-01
% f evaluations | g evaluations | best noise-free fitness - Fopt (-2.984000000000e+01) + sum g_i+ | measured fitness | best measured fitness or single-digit g-values | x1 | x2...
1 0 +1.520051198e+02 +1.221651198e+02 +1.221651198e+02 -3.3681e+00 +1.1831e+00 -1.8083e+00
4 0 +1.515169606e+02 +1.216769606e+02 +1.216769606e+02 -1.8581e-01 -1.0519e+00 -1.1916e+00
5 0 +5.762820335e+01 +2.778820335e+01 +2.778820335e+01 -7.6348e-01 +1.3021e+00 -1.0363e+00
6 0 +3.809156484e+01 +8.251564838e+00 +8.251564838e+00 -4.8483e-02 +1.5282e+00 -2.6199e+00
19 0 +3.264129046e+01 +2.801290458e+00 +2.801290458e+00 -1.2045e+00 -2.8257e+00 +4.2128e-01
23 0 +2.681100265e+01 -3.028997349e+00 -3.028997349e+00 -1.4977e+00 -1.5909e+00 -1.2144e+00
31 0 +2.588261736e+01 -3.957382639e+00 -3.957382639e+00 -7.4776e-01 +1.2245e+00 -2.3627e+00
48 0 +1.393733098e+01 -1.590266902e+01 -1.590266902e+01 -1.5554e+00 -1.8776e+00 -7.7706e-01
149 0 +1.293154281e+01 -1.690845719e+01 -1.690845719e+01 -2.9440e+00 -2.6157e+00 -3.0555e+00
163 0 +1.253009821e+01 -1.730990179e+01 -1.730990179e+01 -2.8785e+00 -2.3417e+00 -2.4885e+00
179 0 +6.085806747e+00 -2.375419325e+01 -2.375419325e+01 -2.7863e+00 -1.6048e+00 -2.9916e+00
180 0 +5.974542799e+00 -2.386545720e+01 -2.386545720e+01 -2.4661e+00 -1.7077e+00 -2.8768e+00
202 0 +2.408530706e+00 -2.743146929e+01 -2.743146929e+01 -2.9667e+00 -1.7395e+00 -2.9722e+00
278 0 +1.812679392e+00 -2.802732061e+01 -2.802732061e+01 -2.8231e+00 -1.5390e+00 -3.0400e+00
292 0 +5.975720922e-01 -2.924242791e+01 -2.924242791e+01 -2.9911e+00 -1.4511e+00 -3.1544e+00
310 0 +4.516171648e-01 -2.938838284e+01 -2.938838284e+01 -3.0006e+00 -1.3229e+00 -3.2392e+00
316 0 +2.379764121e-01 -2.960202359e+01 -2.960202359e+01 -3.1055e+00 -1.1844e+00 -3.3235e+00
322 0 +1.049824328e-01 -2.973501757e+01 -2.973501757e+01 -3.1267e+00 -1.2514e+00 -3.3226e+00
338 0 +9.039231405e-02 -2.974960769e+01 -2.974960769e+01 -3.2522e+00 -1.0941e+00 -3.4320e+00
348 0 +8.612609051e-02 -2.975387391e+01 -2.975387391e+01 -3.1230e+00 -1.2083e+00 -3.3351e+00
355 0 +8.254283305e-02 -2.975745717e+01 -2.975745717e+01 -3.1515e+00 -1.1899e+00 -3.3417e+00
366 0 +7.616142790e-02 -2.976383857e+01 -2.976383857e+01 -3.1550e+00 -1.1820e+00 -3.3460e+00
371 0 +2.912346725e-02 -2.981087653e+01 -2.981087653e+01 -3.1626e+00 -1.1744e+00 -3.3592e+00
381 0 +8.948270377e-03 -2.983105173e+01 -2.983105173e+01 -3.2041e+00 -1.1149e+00 -3.3956e+00
392 0 +3.748973087e-03 -2.983625103e+01 -2.983625103e+01 -3.1905e+00 -1.1447e+00 -3.3882e+00
434 0 +4.559022726e-04 -2.983954410e+01 -2.983954410e+01 -3.1951e+00 -1.1359e+00 -3.3911e+00
470 0 +2.721638116e-04 -2.983972784e+01 -2.983972784e+01 -3.1939e+00 -1.1374e+00 -3.3889e+00
471 0 +1.576457200e-04 -2.983984235e+01 -2.983984235e+01 -3.1910e+00 -1.1409e+00 -3.3870e+00
512 0 +1.241495657e-04 -2.983987585e+01 -2.983987585e+01 -3.1911e+00 -1.1413e+00 -3.3870e+00
544 0 +5.340912971e-05 -2.983994659e+01 -2.983994659e+01 -3.1925e+00 -1.1396e+00 -3.3884e+00
548 0 +3.207838071e-05 -2.983996792e+01 -2.983996792e+01 -3.1920e+00 -1.1408e+00 -3.3877e+00
619 0 +1.608009532e-05 -2.983998392e+01 -2.983998392e+01 -3.1929e+00 -1.1401e+00 -3.3882e+00
641 0 +5.585933643e-06 -2.983999441e+01 -2.983999441e+01 -3.1920e+00 -1.1405e+00 -3.3878e+00
649 0 +4.356329949e-06 -2.983999564e+01 -2.983999564e+01 -3.1908e+00 -1.1411e+00 -3.3872e+00
656 0 +3.287313092e-06 -2.983999671e+01 -2.983999671e+01 -3.1906e+00 -1.1413e+00 -3.3871e+00
659 0 +3.206648216e-06 -2.983999679e+01 -2.983999679e+01 -3.1909e+00 -1.1415e+00 -3.3872e+00
661 0 +1.681990565e-06 -2.983999832e+01 -2.983999832e+01 -3.1910e+00 -1.1409e+00 -3.3873e+00
692 0 +6.010610925e-07 -2.983999940e+01 -2.983999940e+01 -3.1910e+00 -1.1412e+00 -3.3872e+00
707 0 +2.757276363e-08 -2.983999997e+01 -2.983999997e+01 -3.1911e+00 -1.1410e+00 -3.3873e+00
774 0 +2.607170657e-08 -2.983999997e+01 -2.983999997e+01 -3.1910e+00 -1.1410e+00 -3.3873e+00
778 0 +1.603294564e-08 -2.983999998e+01 -2.983999998e+01 -3.1910e+00 -1.1410e+00 -3.3873e+00
779 0 +1.819486783e-10 -2.984000000e+01 -2.984000000e+01 -3.1911e+00 -1.1410e+00 -3.3873e+00
872 0 +0.000000000e+00 -2.984000000e+01 -2.984000000e+01 -3.1910e+00 -1.1410e+00 -3.3873e+00
% f evaluations | g evaluations | best noise-free fitness - Fopt (-2.972800000000e+02) + sum g_i+ | measured fitness | best measured fitness or single-digit g-values | x1 | x2...
1 0 +9.005980038e+01 -2.072201996e+02 -2.072201996e+02 -1.7560e+00 -2.7553e+00 +1.9314e+00
6 0 +8.418206669e+01 -2.130979333e+02 -2.130979333e+02 -2.1545e+00 -1.2392e+00 -3.4957e-01
7 0 +3.867171410e+01 -2.586082859e+02 -2.586082859e+02 -1.7420e+00 -6.5476e-01 -2.2067e+00
8 0 +7.598731597e+00 -2.896812684e+02 -2.896812684e+02 -1.8980e+00 -1.0042e+00 -2.8508e+00
94 0 +6.193405028e+00 -2.910865950e+02 -2.910865950e+02 -3.4993e+00 -3.4197e-01 -3.9619e+00
109 0 +3.820045710e+00 -2.934599543e+02 -2.934599543e+02 -3.5110e+00 -4.7179e-01 -4.0767e+00
141 0 +2.255783406e+00 -2.950242166e+02 -2.950242166e+02 -3.5192e+00 -5.1989e-01 -4.1386e+00
230 0 +1.413824642e+00 -2.958661754e+02 -2.958661754e+02 -3.5508e+00 -4.3534e-01 -4.6930e+00
254 0 +1.294491123e+00 -2.959855089e+02 -2.959855089e+02 -3.5480e+00 -2.9990e-01 -5.1333e+00
288 0 +1.051694668e+00 -2.962283053e+02 -2.962283053e+02 -3.5595e+00 -4.0440e-01 -5.0938e+00
289 0 +6.253975749e-01 -2.966546024e+02 -2.966546024e+02 -3.5388e+00 -3.5366e-01 -4.8688e+00
317 0 +3.454011165e-01 -2.969345989e+02 -2.969345989e+02 -3.5547e+00 -3.5873e-01 -5.1395e+00
355 0 +2.808412811e-01 -2.969991587e+02 -2.969991587e+02 -3.5515e+00 -3.6441e-01 -5.0566e+00
388 0 +2.254914222e-01 -2.970545086e+02 -2.970545086e+02 -3.5525e+00 -3.7458e-01 -5.0646e+00
404 0 +1.372684173e-01 -2.971427316e+02 -2.971427316e+02 -3.5538e+00 -3.6632e-01 -5.0656e+00
451 0 +1.344155350e-01 -2.971455845e+02 -2.971455845e+02 -3.5545e+00 -3.7018e-01 -5.0550e+00
452 0 +7.853120510e-02 -2.972014688e+02 -2.972014688e+02 -3.5557e+00 -3.7183e-01 -5.0655e+00
499 0 +7.115049869e-02 -2.972088495e+02 -2.972088495e+02 -3.5555e+00 -3.7031e-01 -5.0694e+00
516 0 +6.855764398e-02 -2.972114424e+02 -2.972114424e+02 -3.5556e+00 -3.7037e-01 -5.0710e+00
518 0 +6.221649848e-02 -2.972177835e+02 -2.972177835e+02 -3.5556e+00 -3.7082e-01 -5.0703e+00
532 0 +5.999070370e-02 -2.972200093e+02 -2.972200093e+02 -3.5556e+00 -3.7116e-01 -5.0701e+00
544 0 +5.781765185e-02 -2.972221823e+02 -2.972221823e+02 -3.5555e+00 -3.7102e-01 -5.0710e+00
579 0 +5.723842799e-02 -2.972227616e+02 -2.972227616e+02 -3.5556e+00 -3.7083e-01 -5.0713e+00
602 0 +5.613158918e-02 -2.972238684e+02 -2.972238684e+02 -3.5556e+00 -3.7094e-01 -5.0709e+00
605 0 +5.485587681e-02 -2.972251441e+02 -2.972251441e+02 -3.5556e+00 -3.7090e-01 -5.0711e+00
635 0 +5.361826890e-02 -2.972263817e+02 -2.972263817e+02 -3.5556e+00 -3.7090e-01 -5.0711e+00
% f evaluations | g evaluations | best noise-free fitness - Fopt (6.878000000000e+01) + sum g_i+ | measured fitness | best measured fitness or single-digit g-values | x1 | x2...
1 0 +3.906995017e+01 +1.078499502e+02 +1.078499502e+02 +7.3880e-01 -3.8625e+00 +3.0922e-01
5 0 +1.027125975e+01 +7.905125975e+01 +7.905125975e+01 -1.5422e+00 +5.7178e-01 -1.8792e+00
184 0 +9.384567530e+00 +7.816456753e+01 +7.816456753e+01 +8.1663e-02 -1.7652e+00 +2.1748e+00
194 0 +3.539699800e+00 +7.231969980e+01 +7.231969980e+01 +2.0540e-01 -2.0088e+00 +2.0001e+00
231 0 +2.979911771e+00 +7.175991177e+01 +7.175991177e+01 +1.8882e-01 -2.0512e+00 +2.0414e+00
249 0 +2.891056816e+00 +7.167105682e+01 +7.167105682e+01 +1.7966e-01 -2.0752e+00 +2.0512e+00
278 0 +2.466150361e+00 +7.124615036e+01 +7.124615036e+01 +1.5776e-01 -2.0625e+00 +2.0812e+00
291 0 +2.373612860e+00 +7.115361286e+01 +7.115361286e+01 +1.5967e-01 -2.0506e+00 +2.0689e+00
317 0 +2.274349782e+00 +7.105434978e+01 +7.105434978e+01 +1.7981e-01 -2.0545e+00 +2.0578e+00
326 0 +2.053653901e+00 +7.083365390e+01 +7.083365390e+01 +1.6470e-01 -2.0646e+00 +2.0735e+00
339 0 +1.911549608e+00 +7.069154961e+01 +7.069154961e+01 +1.7107e-01 -2.0586e+00 +2.0651e+00
353 0 +1.893373832e+00 +7.067337383e+01 +7.067337383e+01 +1.6890e-01 -2.0515e+00 +2.0642e+00
354 0 +1.736763673e+00 +7.051676367e+01 +7.051676367e+01 +1.7227e-01 -2.0535e+00 +2.0597e+00
391 0 +1.697921677e+00 +7.047792168e+01 +7.047792168e+01 +1.7018e-01 -2.0521e+00 +2.0626e+00
425 0 +1.622903321e+00 +7.040290332e+01 +7.040290332e+01 +1.7093e-01 -2.0524e+00 +2.0615e+00
429 0 +1.605198341e+00 +7.038519834e+01 +7.038519834e+01 +1.7087e-01 -2.0525e+00 +2.0615e+00
430 0 +1.515034562e+00 +7.029503456e+01 +7.029503456e+01 +1.7122e-01 -2.0536e+00 +2.0617e+00
461 0 +1.502049624e+00 +7.028204962e+01 +7.028204962e+01 +1.7084e-01 -2.0537e+00 +2.0621e+00
544 0 +1.472670744e+00 +7.025267074e+01 +7.025267074e+01 +1.7094e-01 -2.0535e+00 +2.0619e+00
% f evaluations | g evaluations | best noise-free fitness - Fopt (-8.021800000000e+02) + sum g_i+ | measured fitness | best measured fitness or single-digit g-values | x1 | x2...
1 0 +1.476725385e+02 -6.545074615e+02 -6.545074615e+02 +6.5557e-01 +2.9702e+00 +1.8741e+00
2 0 +2.853795390e+01 -7.736420461e+02 -7.736420461e+02 -6.7598e-01 -1.4845e+00 +1.7436e+00
4 0 +1.317069627e+01 -7.890093037e+02 -7.890093037e+02 -2.4521e+00 +2.6434e+00 +2.9376e+00
59 0 +1.130696119e+01 -7.908730388e+02 -7.908730388e+02 -5.3293e+00 +2.6388e-01 +2.4543e+00
198 0 +9.287075074e+00 -7.928929249e+02 -7.928929249e+02 +4.8600e+00 -2.9977e+00 -3.6176e+00
257 0 +8.830121337e+00 -7.933498787e+02 -7.933498787e+02 +4.7812e+00 -3.1719e+00 -3.4056e+00
275 0 +8.033199876e+00 -7.941468001e+02 -7.941468001e+02 +4.9995e+00 -2.9179e+00 -3.3261e+00
295 0 +6.686843631e+00 -7.954931564e+02 -7.954931564e+02 +4.9333e+00 -2.9052e+00 -3.3003e+00
361 0 +5.172879083e+00 -7.970071209e+02 -7.970071209e+02 +5.1027e+00 -2.5123e+00 -3.0150e+00
407 0 +4.635722977e+00 -7.975442770e+02 -7.975442770e+02 +5.1295e+00 -2.4237e+00 -3.1246e+00
411 0 +3.658677993e+00 -7.985213220e+02 -7.985213220e+02 +5.1681e+00 -2.4405e+00 -3.1426e+00
414 0 +2.808157737e+00 -7.993718423e+02 -7.993718423e+02 +5.1604e+00 -2.4315e+00 -3.1514e+00
464 0 +2.706341579e+00 -7.994736584e+02 -7.994736584e+02 +5.2040e+00 -2.3902e+00 -3.2096e+00
471 0 +2.396055371e+00 -7.997839446e+02 -7.997839446e+02 +5.1926e+00 -2.3979e+00 -3.1804e+00
481 0 +2.313827689e+00 -7.998661723e+02 -7.998661723e+02 +5.1909e+00 -2.3985e+00 -3.1882e+00
488 0 +2.026338992e+00 -8.001536610e+02 -8.001536610e+02 +5.2001e+00 -2.3889e+00 -3.1986e+00
506 0 +1.960613065e+00 -8.002193869e+02 -8.002193869e+02 +5.2122e+00 -2.3812e+00 -3.2150e+00
534 0 +1.901574697e+00 -8.002784253e+02 -8.002784253e+02 +5.1983e+00 -2.3921e+00 -3.2009e+00
540 0 +1.782333204e+00 -8.003976668e+02 -8.003976668e+02 +5.1967e+00 -2.3933e+00 -3.1990e+00
624 0 +1.746057018e+00 -8.004339430e+02 -8.004339430e+02 +5.1979e+00 -2.3916e+00 -3.2012e+00
666 0 +1.710098780e+00 -8.004699012e+02 -8.004699012e+02 +5.1978e+00 -2.3918e+00 -3.2008e+00
684 0 +1.686733713e+00 -8.004932663e+02 -8.004932663e+02 +5.1977e+00 -2.3918e+00 -3.2007e+00
756 0 +1.656951603e+00 -8.005230484e+02 -8.005230484e+02 +5.1976e+00 -2.3918e+00 -3.2007e+00
% f evaluations | g evaluations | best noise-free fitness - Fopt (1.611200000000e+02) + sum g_i+ | measured fitness | best measured fitness or single-digit g-values | x1 | x2...
1 0 +3.677224499e+01 +1.978922450e+02 +1.978922450e+02 +1.0045e-01 +2.0373e+00 +2.7870e+00
2 0 +2.893420481e+01 +1.900542048e+02 +1.900542048e+02 +2.4886e+00 +4.8919e-03 +1.7705e+00
6 0 +1.742815895e+01 +1.785481590e+02 +1.785481590e+02 -3.1032e+00 +1.3837e+00 +2.9674e+00
28 0 +1.553389666e+01 +1.766538967e+02 +1.766538967e+02 -2.4687e-01 +1.2448e+00 +2.5140e+00
88 0 +9.450083878e+00 +1.705700839e+02 +1.705700839e+02 +2.3423e+00 -7.9537e-01 +1.9456e+00
117 0 +3.951669201e+00 +1.650716692e+02 +1.650716692e+02 +2.2289e+00 -6.6600e-01 +1.9322e+00
136 0 +1.144760040e+00 +1.622647600e+02 +1.622647600e+02 +2.1042e+00 -3.0352e-01 +1.8020e+00
222 0 +1.109062581e+00 +1.622290626e+02 +1.622290626e+02 +2.2572e+00 +2.3859e-01 +1.7325e+00
239 0 +6.174433094e-01 +1.617374433e+02 +1.617374433e+02 +2.1929e+00 +1.3419e-01 +1.7008e+00
267 0 +2.481728579e-01 +1.613681729e+02 +1.613681729e+02 +2.1383e+00 +6.4853e-02 +1.6741e+00
290 0 +7.602269050e-02 +1.611960227e+02 +1.611960227e+02 +2.1822e+00 -1.0239e-01 +1.7923e+00
297 0 +3.457418335e-02 +1.611545742e+02 +1.611545742e+02 +2.1463e+00 -1.5574e-01 +1.7785e+00
354 0 +1.539225949e-02 +1.611353923e+02 +1.611353923e+02 +2.1501e+00 -9.6839e-02 +1.7658e+00
391 0 +7.672826177e-03 +1.611276728e+02 +1.611276728e+02 +2.1578e+00 -6.5489e-02 +1.7574e+00
393 0 +4.289273417e-03 +1.611242893e+02 +1.611242893e+02 +2.1588e+00 -5.4541e-02 +1.7590e+00
413 0 +3.183279980e-03 +1.611231833e+02 +1.611231833e+02 +2.1535e+00 -7.5560e-02 +1.7606e+00
420 0 +1.732201016e-03 +1.611217322e+02 +1.611217322e+02 +2.1539e+00 -6.7994e-02 +1.7584e+00
427 0 +8.176032666e-04 +1.611208176e+02 +1.611208176e+02 +2.1561e+00 -7.9333e-02 +1.7639e+00
429 0 +1.051052901e-04 +1.611201051e+02 +1.611201051e+02 +2.1573e+00 -7.6994e-02 +1.7655e+00
485 0 +6.142229753e-05 +1.611200614e+02 +1.611200614e+02 +2.1567e+00 -7.3861e-02 +1.7637e+00
487 0 +4.690099945e-05 +1.611200469e+02 +1.611200469e+02 +2.1567e+00 -7.3955e-02 +1.7634e+00
491 0 +1.418126615e-05 +1.611200142e+02 +1.611200142e+02 +2.1572e+00 -7.4062e-02 +1.7642e+00
504 0 +6.136626638e-06 +1.611200061e+02 +1.611200061e+02 +2.1569e+00 -7.5223e-02 +1.7642e+00
525 0 +3.477709527e-06 +1.611200035e+02 +1.611200035e+02 +2.1570e+00 -7.5005e-02 +1.7643e+00
529 0 +6.359265114e-07 +1.611200006e+02 +1.611200006e+02 +2.1569e+00 -7.5179e-02 +1.7643e+00
566 0 +5.846919180e-07 +1.611200006e+02 +1.611200006e+02 +2.1568e+00 -7.5589e-02 +1.7644e+00
570 0 +3.450498411e-07 +1.611200003e+02 +1.611200003e+02 +2.1568e+00 -7.5481e-02 +1.7643e+00
571 0 +3.145054563e-07 +1.611200003e+02 +1.611200003e+02 +2.1568e+00 -7.5734e-02 +1.7644e+00
574 0 +1.305903652e-07 +1.611200001e+02 +1.611200001e+02 +2.1568e+00 -7.5528e-02 +1.7643e+00
603 0 +1.042674569e-07 +1.611200001e+02 +1.611200001e+02 +2.1568e+00 -7.5354e-02 +1.7643e+00
606 0 +5.887059729e-08 +1.611200001e+02 +1.611200001e+02 +2.1569e+00 -7.5298e-02 +1.7643e+00
636 0 +2.979331271e-08 +1.611200000e+02 +1.611200000e+02 +2.1568e+00 -7.5425e-02 +1.7643e+00
640 0 +1.403662964e-08 +1.611200000e+02 +1.611200000e+02 +2.1568e+00 -7.5415e-02 +1.7643e+00
676 0 +8.604104096e-10 +1.611200000e+02 +1.611200000e+02 +2.1568e+00 -7.5449e-02 +1.7643e+00
760 0 +0.000000000e+00 +1.611200000e+02 +1.611200000e+02 +2.1568e+00 -7.5437e-02 +1.7643e+00
