% f evaluations | g evaluations | best noise-free fitness - Fopt (-1.000000000000e+03) + sum g_i+ | measured fitness | best measured fitness or single-digit g-values | x1 | x2...
1 0 +8.228504023e+01 -9.177149598e+02 -9.177149598e+02
2 0 +8.228272085e+01 -9.177172792e+02 -9.177172792e+02
64 0 +8.119505898e+01 -9.188049410e+02 -9.188049410e+02
% f evaluations | g evaluations | best noise-free fitness - Fopt (1.000000000000e+03) + sum g_i+ | measured fitness | best measured fitness or single-digit g-values | x1 | x2...
1 0 +8.547912690e+01 +1.085479127e+03 +1.085479127e+03
2 0 +8.532120489e+01 +1.085321205e+03 +1.085321205e+03
11 0 +8.506603114e+01 +1.085066031e+03 +1.085066031e+03
256 0 +8.316228922e+01 +1.083162289e+03 +1.083162289e+03
436 0 +8.092417946e+01 +1.080924179e+03 +1.080924179e+03
519 0 +7.942347128e+01 +1.079423471e+03 +1.079423471e+03
687 0 +7.710059930e+01 +1.077100599e+03 +1.077100599e+03
755 0 +7.509842050e+01 +1.075098420e+03 +1.075098420e+03
857 0 +7.349803078e+01 +1.073498031e+03 +1.073498031e+03
919 0 +7.195301515e+01 +1.071953015e+03 +1.071953015e+03
981 0 +6.991482594e+01 +1.069914826e+03 +1.069914826e+03
1051 0 +6.895661893e+01 +1.068956619e+03 +1.068956619e+03
1098 0 +6.704137473e+01 +1.067041375e+03 +1.067041375e+03
1165 0 +6.586056871e+01 +1.065860569e+03 +1.065860569e+03
1222 0 +6.402655120e+01 +1.064026551e+03 +1.064026551e+03
1239 0 +6.085055126e+01 +1.060850551e+03 +1.060850551e+03
1273 0 +6.015776563e+01 +1.060157766e+03 +1.060157766e+03
1411 0 +5.866516086e+01 +1.058665161e+03 +1.058665161e+03
1587 0 +5.343522072e+01 +1.053435221e+03 +1.053435221e+03
2222 0 +5.096449601e+01 +1.050964496e+03 +1.050964496e+03
2286 0 +4.994918954e+01 +1.049949190e+03 +1.049949190e+03
2414 0 +4.693031454e+01 +1.046930315e+03 +1.046930315e+03
2633 0 +4.648354471e+01 +1.046483545e+03 +1.046483545e+03
2651 0 +4.547714633e+01 +1.045477146e+03 +1.045477146e+03
2653 0 +4.369423574e+01 +1.043694236e+03 +1.043694236e+03
2681 0 +3.682198098e+01 +1.036821981e+03 +1.036821981e+03
2960 0 +3.577079632e+01 +1.035770796e+03 +1.035770796e+03
3244 0 +3.495241175e+01 +1.034952412e+03 +1.034952412e+03
3382 0 +3.462585054e+01 +1.034625851e+03 +1.034625851e+03
3560 0 +3.351258687e+01 +1.033512587e+03 +1.033512587e+03
3624 0 +3.201539813e+01 +1.032015398e+03 +1.032015398e+03
3667 0 +3.029698919e+01 +1.030296989e+03 +1.030296989e+03
3786 0 +2.976370657e+01 +1.029763707e+03 +1.029763707e+03
3800 0 +2.915882088e+01 +1.029158821e+03 +1.029158821e+03
3977 0 +2.823635815e+01 +1.028236358e+03 +1.028236358e+03
4083 0 +2.809548439e+01 +1.028095484e+03 +1.028095484e+03
4261 0 +2.618013191e+01 +1.026180132e+03 +1.026180132e+03
4826 0 +2.544103541e+01 +1.025441035e+03 +1.025441035e+03
4879 0 +2.495876794e+01 +1.024958768e+03 +1.024958768e+03
4901 0 +2.431900755e+01 +1.024319008e+03 +1.024319008e+03
4941 0 +2.392771441e+01 +1.023927714e+03 +1.023927714e+03
5157 0 +2.335895538e+01 +1.023358955e+03 +1.023358955e+03
5174 0 +2.260555991e+01 +1.022605560e+03 +1.022605560e+03
5625 0 +2.219573465e+01 +1.022195735e+03 +1.022195735e+03
5662 0 +2.146333147e+01 +1.021463331e+03 +1.021463331e+03
5905 0 +2.118971060e+01 +1.021189711e+03 +1.021189711e+03
6199 0 +2.081686270e+01 +1.020816863e+03 +1.020816863e+03
6630 0 +2.031031209e+01 +1.020310312e+03 +1.020310312e+03
6895 0 +1.992145999e+01 +1.019921460e+03 +1.019921460e+03
7349 0 +1.945162628e+01 +1.019451626e+03 +1.019451626e+03
8186 0 +1.903201837e+01 +1.019032018e+03 +1.019032018e+03
9082 0 +1.859657997e+01 +1.018596580e+03 +1.018596580e+03
% f evaluations | g evaluations | best noise-free fitness - Fopt (-4.913000000000e+01) + sum g_i+ | measured fitness | best measured fitness or single-digit g-values | x1 | x2...
1 0 +8.250309085e+01 +3.337309085e+01 +3.337309085e+01
2 0 +8.227491716e+01 +3.314491716e+01 +3.314491716e+01
83 0 +8.124963318e+01 +3.211963318e+01 +3.211963318e+01
264 0 +7.941316828e+01 +3.028316828e+01 +3.028316828e+01
443 0 +7.750313662e+01 +2.837313662e+01 +2.837313662e+01
556 0 +7.549096597e+01 +2.636096597e+01 +2.636096597e+01
624 0 +7.291579036e+01 +2.378579036e+01 +2.378579036e+01
741 0 +7.240935043e+01 +2.327935043e+01 +2.327935043e+01
873 0 +7.077768397e+01 +2.164768397e+01 +2.164768397e+01
918 0 +6.881220358e+01 +1.968220358e+01 +1.968220358e+01
977 0 +6.626489324e+01 +1.713489324e+01 +1.713489324e+01
1039 0 +6.574888493e+01 +1.661888493e+01 +1.661888493e+01
1071 0 +6.351869441e+01 +1.438869441e+01 +1.438869441e+01
1101 0 +6.068587497e+01 +1.155587497e+01 +1.155587497e+01
1158 0 +5.940548916e+01 +1.027548916e+01 +1.027548916e+01
1164 0 +5.804306796e+01 +8.913067958e+00 +8.913067958e+00
1185 0 +5.589229562e+01 +6.762295620e+00 +6.762295620e+00
1218 0 +4.971102117e+01 +5.810211655e-01 +5.810211655e-01
1259 0 +4.843786946e+01 -6.921305398e-01 -6.921305398e-01
1275 0 +4.628072566e+01 -2.849274342e+00 -2.849274342e+00
% f evaluations | g evaluations | best noise-free fitness - Fopt (2.977300000000e+02) + sum g_i+ | measured fitness | best measured fitness or single-digit g-values | x1 | x2...
1 0 +8.139618968e+01 +3.791261897e+02 +3.791261897e+02
2 0 +8.139605800e+01 +3.791260580e+02 +3.791260580e+02
31 0 +8.126763188e+01 +3.789976319e+02 +3.789976319e+02
267 0 +7.942815847e+01 +3.771581585e+02 +3.771581585e+02
436 0 +7.713730950e+01 +3.748673095e+02 +3.748673095e+02
556 0 +7.498811450e+01 +3.727181145e+02 +3.727181145e+02
624 0 +7.379839322e+01 +3.715283932e+02 +3.715283932e+02
739 0 +7.126226840e+01 +3.689922684e+02 +3.689922684e+02
796 0 +7.036580947e+01 +3.680958095e+02 +3.680958095e+02
811 0 +6.891591550e+01 +3.666459155e+02 +3.666459155e+02
869 0 +6.677046660e+01 +3.645004666e+02 +3.645004666e+02
921 0 +6.551248346e+01 +3.632424835e+02 +3.632424835e+02
924 0 +6.166967970e+01 +3.593996797e+02 +3.593996797e+02
933 0 +5.877417322e+01 +3.565041732e+02 +3.565041732e+02
947 0 +5.659582805e+01 +3.543258280e+02 +3.543258280e+02
1042 0 +5.554019517e+01 +3.532701952e+02 +3.532701952e+02
1047 0 +5.474908422e+01 +3.524790842e+02 +3.524790842e+02
1097 0 +5.156291127e+01 +3.492929113e+02 +3.492929113e+02
1135 0 +4.380831246e+01 +3.415383125e+02 +3.415383125e+02
1153 0 +4.280526049e+01 +3.405352605e+02 +3.405352605e+02
1166 0 +3.933259640e+01 +3.370625964e+02 +3.370625964e+02
1224 0 +3.700507960e+01 +3.347350796e+02 +3.347350796e+02
1225 0 +2.804484258e+01 +3.257748426e+02 +3.257748426e+02
2059 0 +2.414601894e+01 +3.218760189e+02 +3.218760189e+02
2114 0 +1.859296916e+01 +3.163229692e+02 +3.163229692e+02
2358 0 +1.408475811e+01 +3.118147581e+02 +3.118147581e+02
2654 0 +1.301871160e+01 +3.107487116e+02 +3.107487116e+02
2663 0 +1.093981222e+01 +3.086698122e+02 +3.086698122e+02
2729 0 +9.228882317e+00 +3.069588823e+02 +3.069588823e+02
2959 0 +8.868062515e+00 +3.065980625e+02 +3.065980625e+02
2993 0 +8.494226789e+00 +3.062242268e+02 +3.062242268e+02
3081 0 +7.233851242e+00 +3.049638512e+02 +3.049638512e+02
3101 0 +6.859187094e+00 +3.045891871e+02 +3.045891871e+02
3261 0 +6.356895813e+00 +3.040868958e+02 +3.040868958e+02
3266 0 +4.427010070e+00 +3.021570101e+02 +3.021570101e+02
3306 0 +3.547847357e+00 +3.012778474e+02 +3.012778474e+02
3557 0 +2.631191065e+00 +3.003611911e+02 +3.003611911e+02
3675 0 +2.513769546e+00 +3.002437695e+02 +3.002437695e+02
3735 0 +2.423198438e+00 +3.001531984e+02 +3.001531984e+02
3793 0 +2.257790590e+00 +2.999877906e+02 +2.999877906e+02
3800 0 +2.186888700e+00 +2.999168887e+02 +2.999168887e+02
3805 0 +2.115122533e+00 +2.998451225e+02 +2.998451225e+02
4023 0 +2.075473194e+00 +2.998054732e+02 +2.998054732e+02
4035 0 +1.969968802e+00 +2.996999688e+02 +2.996999688e+02
4227 0 +1.926144670e+00 +2.996561447e+02 +2.996561447e+02
4353 0 +1.794115226e+00 +2.995241152e+02 +2.995241152e+02
4741 0 +1.695916151e+00 +2.994259162e+02 +2.994259162e+02
4757 0 +1.574098188e+00 +2.993040982e+02 +2.993040982e+02
4823 0 +1.383179287e+00 +2.991131793e+02 +2.991131793e+02
4940 0 +1.273843735e+00 +2.990038437e+02 +2.990038437e+02
4989 0 +1.252900160e+00 +2.989829002e+02 +2.989829002e+02
4991 0 +1.146353833e+00 +2.988763538e+02 +2.988763538e+02
5167 0 +1.038335474e+00 +2.987683355e+02 +2.987683355e+02
5313 0 +9.691023652e-01 +2.986991024e+02 +2.986991024e+02
5387 0 +9.465570450e-01 +2.986765570e+02 +2.986765570e+02
5409 0 +9.289149793e-01 +2.986589150e+02 +2.986589150e+02
5535 0 +8.895714789e-01 +2.986195715e+02 +2.986195715e+02
5659 0 +8.559265147e-01 +2.985859265e+02 +2.985859265e+02
5713 0 +8.459057483e-01 +2.985759057e+02 +2.985759057e+02
5797 0 +8.194804489e-01 +2.985494804e+02 +2.985494804e+02
5947 0 +7.991487838e-01 +2.985291488e+02 +2.985291488e+02
5971 0 +7.922842382e-01 +2.985222842e+02 +2.985222842e+02
6267 0 +7.744754893e-01 +2.985044755e+02 +2.985044755e+02
6475 0 +7.539280804e-01 +2.984839281e+02 +2.984839281e+02
6677 0 +7.359201030e-01 +2.984659201e+02 +2.984659201e+02
6797 0 +7.225597662e-01 +2.984525598e+02 +2.984525598e+02
7321 0 +7.068704442e-01 +2.984368704e+02 +2.984368704e+02
% f evaluations | g evaluations | best noise-free fitness - Fopt (5.157000000000e+01) + sum g_i+ | measured fitness | best measured fitness or single-digit g-values | x1 | x2...
1 0 +8.362643103e+01 +1.351964310e+02 +1.351964310e+02
4 0 +8.352383606e+01 +1.350938361e+02 +1.350938361e+02
76 0 +8.299481437e+01 +1.345648144e+02 +1.345648144e+02
390 0 +8.111860906e+01 +1.326886091e+02 +1.326886091e+02
533 0 +7.895484119e+01 +1.305248412e+02 +1.305248412e+02
677 0 +7.738268901e+01 +1.289526890e+02 +1.289526890e+02
745 0 +7.565043893e+01 +1.272204389e+02 +1.272204389e+02
810 0 +7.380356905e+01 +1.253735691e+02 +1.253735691e+02
863 0 +7.228752433e+01 +1.238575243e+02 +1.238575243e+02
929 0 +7.021755281e+01 +1.217875528e+02 +1.217875528e+02
981 0 +6.864079682e+01 +1.202107968e+02 +1.202107968e+02
1038 0 +6.542797898e+01 +1.169979790e+02 +1.169979790e+02
1097 0 +6.370888195e+01 +1.152788820e+02 +1.152788820e+02
1156 0 +6.181086159e+01 +1.133808616e+02 +1.133808616e+02
1171 0 +6.150956704e+01 +1.130795670e+02 +1.130795670e+02
1237 0 +5.984703219e+01 +1.114170322e+02 +1.114170322e+02
1264 0 +5.819769814e+01 +1.097676981e+02 +1.097676981e+02
1280 0 +5.446069367e+01 +1.060306937e+02 +1.060306937e+02
1297 0 +5.087269086e+01 +1.024426909e+02 +1.024426909e+02
1335 0 +4.837470261e+01 +9.994470261e+01 +9.994470261e+01
1346 0 +4.147831416e+01 +9.304831416e+01 +9.304831416e+01
1350 0 +3.966410880e+01 +9.123410880e+01 +9.123410880e+01
1383 0 +3.756742255e+01 +8.913742255e+01 +8.913742255e+01
1391 0 +3.579656000e+01 +8.736656000e+01 +8.736656000e+01
1568 0 +2.258094455e+01 +7.415094455e+01 +7.415094455e+01
2007 0 +2.084490069e+01 +7.241490069e+01 +7.241490069e+01
2417 0 +1.990269542e+01 +7.147269542e+01 +7.147269542e+01
2526 0 +1.620951825e+01 +6.777951825e+01 +6.777951825e+01
2603 0 +1.220144231e+01 +6.377144231e+01 +6.377144231e+01
2784 0 +1.150191641e+01 +6.307191641e+01 +6.307191641e+01
2836 0 +1.086636426e+01 +6.243636426e+01 +6.243636426e+01
2841 0 +9.713372674e+00 +6.128337267e+01 +6.128337267e+01
2910 0 +8.740104227e+00 +6.031010423e+01 +6.031010423e+01
2935 0 +7.447387346e+00 +5.901738735e+01 +5.901738735e+01
3080 0 +6.808032239e+00 +5.837803224e+01 +5.837803224e+01
3262 0 +5.879569989e+00 +5.744956999e+01 +5.744956999e+01
3378 0 +5.668988108e+00 +5.723898811e+01 +5.723898811e+01
3409 0 +5.535762579e+00 +5.710576258e+01 +5.710576258e+01
3439 0 +3.875445255e+00 +5.544544525e+01 +5.544544525e+01
3496 0 +2.945212619e+00 +5.451521262e+01 +5.451521262e+01
3543 0 +2.740094289e+00 +5.431009429e+01 +5.431009429e+01
3554 0 +2.103458234e+00 +5.367345823e+01 +5.367345823e+01
4383 0 +2.004246206e+00 +5.357424621e+01 +5.357424621e+01
4460 0 +1.987181788e+00 +5.355718179e+01 +5.355718179e+01
4503 0 +1.911853050e+00 +5.348185305e+01 +5.348185305e+01
4505 0 +1.858102800e+00 +5.342810280e+01 +5.342810280e+01
4996 0 +1.797378116e+00 +5.336737812e+01 +5.336737812e+01
5041 0 +1.657436974e+00 +5.322743697e+01 +5.322743697e+01
5102 0 +1.432769411e+00 +5.300276941e+01 +5.300276941e+01
5248 0 +1.360746498e+00 +5.293074650e+01 +5.293074650e+01
5469 0 +1.265127107e+00 +5.283512711e+01 +5.283512711e+01
5563 0 +1.199100404e+00 +5.276910040e+01 +5.276910040e+01
5701 0 +1.150748298e+00 +5.272074830e+01 +5.272074830e+01
5766 0 +1.037724190e+00 +5.260772419e+01 +5.260772419e+01
6086 0 +9.311119230e-01 +5.250111192e+01 +5.250111192e+01
6138 0 +8.394511392e-01 +5.240945114e+01 +5.240945114e+01
6605 0 +8.292462714e-01 +5.239924627e+01 +5.239924627e+01
6613 0 +8.011984499e-01 +5.237119845e+01 +5.237119845e+01
6743 0 +7.941059144e-01 +5.236410591e+01 +5.236410591e+01
6864 0 +7.656043727e-01 +5.233560437e+01 +5.233560437e+01
7098 0 +7.510967115e-01 +5.232109671e+01 +5.232109671e+01
7307 0 +7.319061102e-01 +5.230190611e+01 +5.230190611e+01
7402 0 +7.239114907e-01 +5.229391149e+01 +5.229391149e+01
8183 0 +7.033401744e-01 +5.227334017e+01 +5.227334017e+01
% f evaluations | g evaluations | best noise-free fitness - Fopt (-1.044000000000e+01) + sum g_i+ | measured fitness | best measured fitness or single-digit g-values | x1 | x2...
1 0 +8.329182225e+01 +7.285182225e+01 +7.285182225e+01
8 0 +8.327226722e+01 +7.283226722e+01 +7.283226722e+01
13 0 +8.307472024e+01 +7.263472024e+01 +7.263472024e+01
219 0 +8.126788369e+01 +7.082788369e+01 +7.082788369e+01
447 0 +7.937966837e+01 +6.893966837e+01 +6.893966837e+01
569 0 +7.762148818e+01 +6.718148818e+01 +6.718148818e+01
678 0 +7.569101618e+01 +6.525101618e+01 +6.525101618e+01
741 0 +7.392669888e+01 +6.348669888e+01 +6.348669888e+01
839 0 +7.233063608e+01 +6.189063608e+01 +6.189063608e+01
980 0 +7.010430739e+01 +5.966430739e+01 +5.966430739e+01
1007 0 +6.891834925e+01 +5.847834925e+01 +5.847834925e+01
1073 0 +6.430552783e+01 +5.386552783e+01 +5.386552783e+01
1189 0 +6.309366921e+01 +5.265366921e+01 +5.265366921e+01
1239 0 +6.138624154e+01 +5.094624154e+01 +5.094624154e+01
1279 0 +5.763146056e+01 +4.719146056e+01 +4.719146056e+01
1290 0 +5.494608722e+01 +4.450608722e+01 +4.450608722e+01
1335 0 +5.333039664e+01 +4.289039664e+01 +4.289039664e+01
1457 0 +5.054362037e+01 +4.010362037e+01 +4.010362037e+01
1545 0 +4.846990889e+01 +3.802990889e+01 +3.802990889e+01
1568 0 +4.136231460e+01 +3.092231460e+01 +3.092231460e+01
2536 0 +4.057490808e+01 +3.013490808e+01 +3.013490808e+01
2589 0 +3.965693633e+01 +2.921693633e+01 +2.921693633e+01
2592 0 +3.269113132e+01 +2.225113132e+01 +2.225113132e+01
2650 0 +3.112012063e+01 +2.068012063e+01 +2.068012063e+01
2881 0 +2.907793156e+01 +1.863793156e+01 +1.863793156e+01
3010 0 +2.856759854e+01 +1.812759854e+01 +1.812759854e+01
3026 0 +2.722938121e+01 +1.678938121e+01 +1.678938121e+01
3051 0 +2.569557343e+01 +1.525557343e+01 +1.525557343e+01
3305 0 +2.356277025e+01 +1.312277025e+01 +1.312277025e+01
3723 0 +2.296760704e+01 +1.252760704e+01 +1.252760704e+01
3732 0 +2.272027989e+01 +1.228027989e+01 +1.228027989e+01
3796 0 +2.236827402e+01 +1.192827402e+01 +1.192827402e+01
3897 0 +2.181531229e+01 +1.137531229e+01 +1.137531229e+01
4045 0 +2.132086596e+01 +1.088086596e+01 +1.088086596e+01
4283 0 +2.046827505e+01 +1.002827505e+01 +1.002827505e+01
4375 0 +2.037429436e+01 +9.934294357e+00 +9.934294357e+00
4671 0 +1.992157338e+01 +9.481573379e+00 +9.481573379e+00
4926 0 +1.945586490e+01 +9.015864899e+00 +9.015864899e+00
5294 0 +1.904267049e+01 +8.602670490e+00 +8.602670490e+00
5823 0 +1.862012868e+01 +8.180128675e+00 +8.180128675e+00
% f evaluations | g evaluations | best noise-free fitness - Fopt (-1.039200000000e+02) + sum g_i+ | measured fitness | best measured fitness or single-digit g-values | x1 | x2...
1 0 +8.264497363e+01 -2.127502637e+01 -2.127502637e+01
5 0 +8.257632165e+01 -2.134367835e+01 -2.134367835e+01
1914 0 +8.127442058e+01 -2.264557942e+01 -2.264557942e+01
% f evaluations | g evaluations | best noise-free fitness - Fopt (1.000000000000e+03) + sum g_i+ | measured fitness | best measured fitness or single-digit g-values | x1 | x2...
1 0 +7.712184995e+01 +1.077121850e+03 +1.077121850e+03
3 0 +7.703828983e+01 +1.077038290e+03 +1.077038290e+03
10 0 +7.498832613e+01 +1.074988326e+03 +1.074988326e+03
97 0 +7.390183263e+01 +1.073901833e+03 +1.073901833e+03
199 0 +7.174306929e+01 +1.071743069e+03 +1.071743069e+03
325 0 +7.063924774e+01 +1.070639248e+03 +1.070639248e+03
441 0 +6.896006978e+01 +1.068960070e+03 +1.068960070e+03
501 0 +6.680608873e+01 +1.066806089e+03 +1.066806089e+03
560 0 +6.444464400e+01 +1.064444644e+03 +1.064444644e+03
678 0 +5.938427061e+01 +1.059384271e+03 +1.059384271e+03
740 0 +5.711827546e+01 +1.057118275e+03 +1.057118275e+03
796 0 +5.537639064e+01 +1.055376391e+03 +1.055376391e+03
799 0 +5.347297103e+01 +1.053472971e+03 +1.053472971e+03
800 0 +5.162459676e+01 +1.051624597e+03 +1.051624597e+03
801 0 +5.084457640e+01 +1.050844576e+03 +1.050844576e+03
837 0 +4.920363944e+01 +1.049203639e+03 +1.049203639e+03
861 0 +4.857349954e+01 +1.048573500e+03 +1.048573500e+03
871 0 +4.733396196e+01 +1.047333962e+03 +1.047333962e+03
901 0 +4.630846394e+01 +1.046308464e+03 +1.046308464e+03
937 0 +3.934363051e+01 +1.039343631e+03 +1.039343631e+03
964 0 +3.873709107e+01 +1.038737091e+03 +1.038737091e+03
1087 0 +3.624960160e+01 +1.036249602e+03 +1.036249602e+03
1143 0 +3.398046615e+01 +1.033980466e+03 +1.033980466e+03
1158 0 +3.088291508e+01 +1.030882915e+03 +1.030882915e+03
1281 0 +2.926770153e+01 +1.029267702e+03 +1.029267702e+03
1409 0 +2.857189411e+01 +1.028571894e+03 +1.028571894e+03
1913 0 +2.502648955e+01 +1.025026490e+03 +1.025026490e+03
2356 0 +2.412721622e+01 +1.024127216e+03 +1.024127216e+03
2532 0 +2.374777852e+01 +1.023747779e+03 +1.023747779e+03
2546 0 +2.252779278e+01 +1.022527793e+03 +1.022527793e+03
2598 0 +2.119371338e+01 +1.021193713e+03 +1.021193713e+03
2887 0 +2.011936851e+01 +1.020119369e+03 +1.020119369e+03
2973 0 +1.794842686e+01 +1.017948427e+03 +1.017948427e+03
3127 0 +1.650525821e+01 +1.016505258e+03 +1.016505258e+03
3374 0 +1.591264035e+01 +1.015912640e+03 +1.015912640e+03
3380 0 +1.580471248e+01 +1.015804712e+03 +1.015804712e+03
3397 0 +1.515254924e+01 +1.015152549e+03 +1.015152549e+03
3541 0 +1.446075081e+01 +1.014460751e+03 +1.014460751e+03
3624 0 +1.438555207e+01 +1.014385552e+03 +1.014385552e+03
3665 0 +1.290724874e+01 +1.012907249e+03 +1.012907249e+03
3701 0 +1.281156056e+01 +1.012811561e+03 +1.012811561e+03
4164 0 +1.198412235e+01 +1.011984122e+03 +1.011984122e+03
4324 0 +1.059362999e+01 +1.010593630e+03 +1.010593630e+03
4461 0 +1.027789846e+01 +1.010277898e+03 +1.010277898e+03
4506 0 +9.549601395e+00 +1.009549601e+03 +1.009549601e+03
4761 0 +9.187667442e+00 +1.009187667e+03 +1.009187667e+03
4879 0 +8.994470607e+00 +1.008994471e+03 +1.008994471e+03
5239 0 +8.578936672e+00 +1.008578937e+03 +1.008578937e+03
5284 0 +8.464488110e+00 +1.008464488e+03 +1.008464488e+03
5590 0 +8.311801104e+00 +1.008311801e+03 +1.008311801e+03
7207 0 +8.068840588e+00 +1.008068841e+03 +1.008068841e+03
7365 0 +7.938026370e+00 +1.007938026e+03 +1.007938026e+03
8123 0 +7.751191774e+00 +1.007751192e+03 +1.007751192e+03
8884 0 +7.573824303e+00 +1.007573824e+03 +1.007573824e+03
10829 0 +7.412607686e+00 +1.007412608e+03 +1.007412608e+03
% f evaluations | g evaluations | best noise-free fitness - Fopt (-4.913000000000e+01) + sum g_i+ | measured fitness | best measured fitness or single-digit g-values | x1 | x2...
1 0 +8.303038266e+01 +3.390038266e+01 +3.390038266e+01
2 0 +8.247775093e+01 +3.334775093e+01 +3.334775093e+01
196 0 +8.112058187e+01 +3.199058187e+01 +3.199058187e+01
437 0 +7.921174052e+01 +3.008174052e+01 +3.008174052e+01
569 0 +7.719426587e+01 +2.806426587e+01 +2.806426587e+01
678 0 +7.541954972e+01 +2.628954972e+01 +2.628954972e+01
799 0 +7.389940555e+01 +2.476940555e+01 +2.476940555e+01
859 0 +7.212298322e+01 +2.299298322e+01 +2.299298322e+01
976 0 +6.975882935e+01 +2.062882935e+01 +2.062882935e+01
990 0 +6.896361665e+01 +1.983361665e+01 +1.983361665e+01
1039 0 +6.751422902e+01 +1.838422902e+01 +1.838422902e+01
1127 0 +6.597799752e+01 +1.684799752e+01 +1.684799752e+01
1161 0 +6.249908103e+01 +1.336908103e+01 +1.336908103e+01
1251 0 +6.068813804e+01 +1.155813804e+01 +1.155813804e+01
1280 0 +5.674724987e+01 +7.617249866e+00 +7.617249866e+00
1287 0 +5.393543299e+01 +4.805432987e+00 +4.805432987e+00
1332 0 +5.260286122e+01 +3.472861223e+00 +3.472861223e+00
1339 0 +4.754106936e+01 -1.588930644e+00 -1.588930644e+00
2500 0 +4.405822290e+01 -5.071777097e+00 -5.071777097e+00
% f evaluations | g evaluations | best noise-free fitness - Fopt (3.930000000000e+00) + sum g_i+ | measured fitness | best measured fitness or single-digit g-values | x1 | x2...
1 0 +8.174076503e+01 +8.567076503e+01 +8.567076503e+01
76 0 +8.165710011e+01 +8.558710011e+01 +8.558710011e+01
84 0 +8.126489491e+01 +8.519489491e+01 +8.519489491e+01
262 0 +7.934186530e+01 +8.327186530e+01 +8.327186530e+01
382 0 +7.748656716e+01 +8.141656716e+01 +8.141656716e+01
506 0 +7.542407407e+01 +7.935407407e+01 +7.935407407e+01
559 0 +7.370060298e+01 +7.763060298e+01 +7.763060298e+01
667 0 +7.239665199e+01 +7.632665199e+01 +7.632665199e+01
741 0 +7.064629060e+01 +7.457629060e+01 +7.457629060e+01
801 0 +6.916982802e+01 +7.309982802e+01 +7.309982802e+01
864 0 +6.743059451e+01 +7.136059451e+01 +7.136059451e+01
918 0 +6.541197363e+01 +6.934197363e+01 +6.934197363e+01
926 0 +6.172366628e+01 +6.565366628e+01 +6.565366628e+01
971 0 +6.160827164e+01 +6.553827164e+01 +6.553827164e+01
986 0 +5.721839343e+01 +6.114839343e+01 +6.114839343e+01
1039 0 +5.546835975e+01 +5.939835975e+01 +5.939835975e+01
1049 0 +5.161941470e+01 +5.554941470e+01 +5.554941470e+01
1094 0 +5.071083142e+01 +5.464083142e+01 +5.464083142e+01
1168 0 +4.995404725e+01 +5.388404725e+01 +5.388404725e+01
1203 0 +4.792935630e+01 +5.185935630e+01 +5.185935630e+01
1221 0 +4.281890920e+01 +4.674890920e+01 +4.674890920e+01
1347 0 +4.133622169e+01 +4.526622169e+01 +4.526622169e+01
1383 0 +4.030241387e+01 +4.423241387e+01 +4.423241387e+01
2425 0 +3.747617517e+01 +4.140617517e+01 +4.140617517e+01
2445 0 +3.308846682e+01 +3.701846682e+01 +3.701846682e+01
2477 0 +2.921424113e+01 +3.314424113e+01 +3.314424113e+01
2712 0 +2.824204747e+01 +3.217204747e+01 +3.217204747e+01
2903 0 +2.634125814e+01 +3.027125814e+01 +3.027125814e+01
2968 0 +2.609382434e+01 +3.002382434e+01 +3.002382434e+01
3003 0 +2.456368965e+01 +2.849368965e+01 +2.849368965e+01
3079 0 +2.316497912e+01 +2.709497912e+01 +2.709497912e+01
3082 0 +2.065703126e+01 +2.458703126e+01 +2.458703126e+01
3362 0 +1.949993599e+01 +2.342993599e+01 +2.342993599e+01
3371 0 +1.905363807e+01 +2.298363807e+01 +2.298363807e+01
3487 0 +1.799304332e+01 +2.192304332e+01 +2.192304332e+01
3620 0 +1.675882361e+01 +2.068882361e+01 +2.068882361e+01
3690 0 +1.634097633e+01 +2.027097633e+01 +2.027097633e+01
3793 0 +1.590664027e+01 +1.983664027e+01 +1.983664027e+01
3907 0 +1.563083457e+01 +1.956083457e+01 +1.956083457e+01
4150 0 +1.497023273e+01 +1.890023273e+01 +1.890023273e+01
4157 0 +1.467244554e+01 +1.860244554e+01 +1.860244554e+01
4213 0 +1.376070476e+01 +1.769070476e+01 +1.769070476e+01
4386 0 +1.339712096e+01 +1.732712096e+01 +1.732712096e+01
4529 0 +1.309667841e+01 +1.702667841e+01 +1.702667841e+01
4696 0 +1.272741543e+01 +1.665741543e+01 +1.665741543e+01
4743 0 +1.243630770e+01 +1.636630770e+01 +1.636630770e+01
4799 0 +1.220024826e+01 +1.613024826e+01 +1.613024826e+01
5181 0 +1.198342713e+01 +1.591342713e+01 +1.591342713e+01
5507 0 +1.171095399e+01 +1.564095399e+01 +1.564095399e+01
6023 0 +1.147022636e+01 +1.540022636e+01 +1.540022636e+01
7166 0 +1.120175655e+01 +1.513175655e+01 +1.513175655e+01
% f evaluations | g evaluations | best noise-free fitness - Fopt (3.438000000000e+01) + sum g_i+ | measured fitness | best measured fitness or single-digit g-values | x1 | x2...
1 0 +8.401501061e+01 +1.183950106e+02 +1.183950106e+02
7 0 +8.373830620e+01 +1.181183062e+02 +1.181183062e+02
77 0 +8.311580041e+01 +1.174958004e+02 +1.174958004e+02
326 0 +8.116186620e+01 +1.155418662e+02 +1.155418662e+02
449 0 +7.940020585e+01 +1.137802059e+02 +1.137802059e+02
556 0 +7.726643632e+01 +1.116464363e+02 +1.116464363e+02
616 0 +7.583794547e+01 +1.102179455e+02 +1.102179455e+02
631 0 +7.377950389e+01 +1.081595039e+02 +1.081595039e+02
742 0 +7.123067876e+01 +1.056106788e+02 +1.056106788e+02
858 0 +6.986085958e+01 +1.042408596e+02 +1.042408596e+02
879 0 +6.877267411e+01 +1.031526741e+02 +1.031526741e+02
916 0 +6.714984262e+01 +1.015298426e+02 +1.015298426e+02
925 0 +6.400458900e+01 +9.838458900e+01 +9.838458900e+01
990 0 +6.216220558e+01 +9.654220558e+01 +9.654220558e+01
1038 0 +6.053067386e+01 +9.491067386e+01 +9.491067386e+01
1047 0 +5.965352909e+01 +9.403352909e+01 +9.403352909e+01
1092 0 +5.871731263e+01 +9.309731263e+01 +9.309731263e+01
1105 0 +5.620421908e+01 +9.058421908e+01 +9.058421908e+01
1159 0 +5.224697882e+01 +8.662697882e+01 +8.662697882e+01
1173 0 +4.986723230e+01 +8.424723230e+01 +8.424723230e+01
1202 0 +4.753251309e+01 +8.191251309e+01 +8.191251309e+01
1217 0 +3.318387658e+01 +6.756387658e+01 +6.756387658e+01
1262 0 +3.237709106e+01 +6.675709106e+01 +6.675709106e+01
1473 0 +2.991348695e+01 +6.429348695e+01 +6.429348695e+01
1529 0 +2.918348299e+01 +6.356348299e+01 +6.356348299e+01
1697 0 +2.720194525e+01 +6.158194525e+01 +6.158194525e+01
2295 0 +2.420060547e+01 +5.858060547e+01 +5.858060547e+01
2308 0 +2.269244098e+01 +5.707244098e+01 +5.707244098e+01
2364 0 +2.173751092e+01 +5.611751092e+01 +5.611751092e+01
2365 0 +2.123884606e+01 +5.561884606e+01 +5.561884606e+01
2470 0 +1.989640214e+01 +5.427640214e+01 +5.427640214e+01
2481 0 +1.908909553e+01 +5.346909553e+01 +5.346909553e+01
2491 0 +1.559078407e+01 +4.997078407e+01 +4.997078407e+01
2547 0 +9.934154216e+00 +4.431415422e+01 +4.431415422e+01
2948 0 +9.596030232e+00 +4.397603023e+01 +4.397603023e+01
2959 0 +9.160427708e+00 +4.354042771e+01 +4.354042771e+01
3033 0 +8.935830146e+00 +4.331583015e+01 +4.331583015e+01
3078 0 +8.243135648e+00 +4.262313565e+01 +4.262313565e+01
3159 0 +7.888540686e+00 +4.226854069e+01 +4.226854069e+01
3193 0 +6.921254013e+00 +4.130125401e+01 +4.130125401e+01
3307 0 +5.788725725e+00 +4.016872573e+01 +4.016872573e+01
3438 0 +3.713568112e+00 +3.809356811e+01 +3.809356811e+01
3919 0 +3.427057823e+00 +3.780705782e+01 +3.780705782e+01
3980 0 +3.053879499e+00 +3.743387950e+01 +3.743387950e+01
3982 0 +2.484767215e+00 +3.686476721e+01 +3.686476721e+01
4036 0 +2.373528663e+00 +3.675352866e+01 +3.675352866e+01
4038 0 +2.141180222e+00 +3.652118022e+01 +3.652118022e+01
4170 0 +2.054699728e+00 +3.643469973e+01 +3.643469973e+01
4289 0 +1.999280426e+00 +3.637928043e+01 +3.637928043e+01
4749 0 +1.942342113e+00 +3.632234211e+01 +3.632234211e+01
4935 0 +1.857226054e+00 +3.623722605e+01 +3.623722605e+01
4977 0 +1.768388475e+00 +3.614838848e+01 +3.614838848e+01
4996 0 +1.666899111e+00 +3.604689911e+01 +3.604689911e+01
5179 0 +1.602838564e+00 +3.598283856e+01 +3.598283856e+01
5250 0 +1.554510670e+00 +3.593451067e+01 +3.593451067e+01
5343 0 +1.425904147e+00 +3.580590415e+01 +3.580590415e+01
5488 0 +1.412154552e+00 +3.579215455e+01 +3.579215455e+01
5539 0 +1.367407795e+00 +3.574740779e+01 +3.574740779e+01
5541 0 +1.326086120e+00 +3.570608612e+01 +3.570608612e+01
5788 0 +1.314821799e+00 +3.569482180e+01 +3.569482180e+01
5815 0 +1.255724559e+00 +3.563572456e+01 +3.563572456e+01
5845 0 +1.105633785e+00 +3.548563378e+01 +3.548563378e+01
6028 0 +1.077351616e+00 +3.545735162e+01 +3.545735162e+01
6074 0 +1.040312609e+00 +3.542031261e+01 +3.542031261e+01
6087 0 +9.773950898e-01 +3.535739509e+01 +3.535739509e+01
6143 0 +9.539630964e-01 +3.533396310e+01 +3.533396310e+01
6205 0 +9.170126764e-01 +3.529701268e+01 +3.529701268e+01
6275 0 +8.924207525e-01 +3.527242075e+01 +3.527242075e+01
6302 0 +8.829301654e-01 +3.526293017e+01 +3.526293017e+01
6739 0 +8.548732144e-01 +3.523487321e+01 +3.523487321e+01
6808 0 +7.911181455e-01 +3.517111815e+01 +3.517111815e+01
7102 0 +7.718134436e-01 +3.515181344e+01 +3.515181344e+01
7391 0 +7.516179690e-01 +3.513161797e+01 +3.513161797e+01
7754 0 +7.398126847e-01 +3.511981268e+01 +3.511981268e+01
7937 0 +7.223852087e-01 +3.510238521e+01 +3.510238521e+01
8242 0 +7.069831735e-01 +3.508698317e+01 +3.508698317e+01
% f evaluations | g evaluations | best noise-free fitness - Fopt (-5.877400000000e+02) + sum g_i+ | measured fitness | best measured fitness or single-digit g-values | x1 | x2...
1 0 +8.419888658e+01 -5.035411134e+02 -5.035411134e+02
2 0 +8.370310172e+01 -5.040368983e+02 -5.040368983e+02
3 0 +8.224539867e+01 -5.054946013e+02 -5.054946013e+02
42 0 +8.126489519e+01 -5.064751048e+02 -5.064751048e+02
% f evaluations | g evaluations | best noise-free fitness - Fopt (4.491000000000e+01) + sum g_i+ | measured fitness | best measured fitness or single-digit g-values | x1 | x2...
1 0 +8.202670839e+01 +1.269367084e+02 +1.269367084e+02
2 0 +8.173569746e+01 +1.266456975e+02 +1.266456975e+02
76 0 +8.096257495e+01 +1.258725749e+02 +1.258725749e+02
257 0 +7.938370826e+01 +1.242937083e+02 +1.242937083e+02
437 0 +7.706393004e+01 +1.219739300e+02 +1.219739300e+02
557 0 +7.517309304e+01 +1.200830930e+02 +1.200830930e+02
617 0 +7.365128238e+01 +1.185612824e+02 +1.185612824e+02
743 0 +7.219187272e+01 +1.171018727e+02 +1.171018727e+02
806 0 +7.068697043e+01 +1.155969704e+02 +1.155969704e+02
863 0 +6.911290326e+01 +1.140229033e+02 +1.140229033e+02
976 0 +6.573442428e+01 +1.106444243e+02 +1.106444243e+02
980 0 +6.391435596e+01 +1.088243560e+02 +1.088243560e+02
1044 0 +6.070147360e+01 +1.056114736e+02 +1.056114736e+02
1096 0 +5.817779683e+01 +1.030877968e+02 +1.030877968e+02
1111 0 +5.483590630e+01 +9.974590630e+01 +9.974590630e+01
1168 0 +4.978613356e+01 +9.469613356e+01 +9.469613356e+01
1175 0 +4.799421283e+01 +9.290421283e+01 +9.290421283e+01
1189 0 +4.542219435e+01 +9.033219435e+01 +9.033219435e+01
1225 0 +4.434143513e+01 +8.925143513e+01 +8.925143513e+01
1230 0 +3.302252692e+01 +7.793252692e+01 +7.793252692e+01
1275 0 +3.144732427e+01 +7.635732427e+01 +7.635732427e+01
1293 0 +2.862785156e+01 +7.353785156e+01 +7.353785156e+01
1748 0 +2.712269362e+01 +7.203269362e+01 +7.203269362e+01
1804 0 +2.515864768e+01 +7.006864768e+01 +7.006864768e+01
1839 0 +2.372150906e+01 +6.863150906e+01 +6.863150906e+01
2102 0 +2.023264460e+01 +6.514264460e+01 +6.514264460e+01
2353 0 +1.921528192e+01 +6.412528192e+01 +6.412528192e+01
2592 0 +1.814413389e+01 +6.305413389e+01 +6.305413389e+01
2728 0 +1.520303340e+01 +6.011303340e+01 +6.011303340e+01
2783 0 +1.192566123e+01 +5.683566123e+01 +5.683566123e+01
2844 0 +1.073263823e+01 +5.564263823e+01 +5.564263823e+01
2879 0 +1.019430109e+01 +5.510430109e+01 +5.510430109e+01
2888 0 +9.398162757e+00 +5.430816276e+01 +5.430816276e+01
3024 0 +9.162365306e+00 +5.407236531e+01 +5.407236531e+01
3145 0 +7.880377480e+00 +5.279037748e+01 +5.279037748e+01
3317 0 +7.167996542e+00 +5.207799654e+01 +5.207799654e+01
3436 0 +6.850183681e+00 +5.176018368e+01 +5.176018368e+01
3561 0 +6.676562689e+00 +5.158656269e+01 +5.158656269e+01
3679 0 +6.361568170e+00 +5.127156817e+01 +5.127156817e+01
3680 0 +6.287296730e+00 +5.119729673e+01 +5.119729673e+01
3809 0 +6.078445180e+00 +5.098844518e+01 +5.098844518e+01
3853 0 +6.005478425e+00 +5.091547842e+01 +5.091547842e+01
3864 0 +5.820555297e+00 +5.073055530e+01 +5.073055530e+01
3929 0 +5.377056227e+00 +5.028705623e+01 +5.028705623e+01
3976 0 +4.851572089e+00 +4.976157209e+01 +4.976157209e+01
4039 0 +4.307735309e+00 +4.921773531e+01 +4.921773531e+01
4050 0 +4.134840365e+00 +4.904484037e+01 +4.904484037e+01
4097 0 +4.058510793e+00 +4.896851079e+01 +4.896851079e+01
4392 0 +3.957591369e+00 +4.886759137e+01 +4.886759137e+01
4402 0 +3.734243955e+00 +4.864424395e+01 +4.864424395e+01
4499 0 +3.582883510e+00 +4.849288351e+01 +4.849288351e+01
4517 0 +3.495501001e+00 +4.840550100e+01 +4.840550100e+01
4647 0 +3.444913424e+00 +4.835491342e+01 +4.835491342e+01
4749 0 +3.361782888e+00 +4.827178289e+01 +4.827178289e+01
4761 0 +3.236086783e+00 +4.814608678e+01 +4.814608678e+01
4815 0 +3.110673737e+00 +4.802067374e+01 +4.802067374e+01
4881 0 +3.053281693e+00 +4.796328169e+01 +4.796328169e+01
4945 0 +3.019672620e+00 +4.792967262e+01 +4.792967262e+01
4996 0 +2.897576625e+00 +4.780757662e+01 +4.780757662e+01
5402 0 +2.869179696e+00 +4.777917970e+01 +4.777917970e+01
5591 0 +2.776391337e+00 +4.768639134e+01 +4.768639134e+01
5917 0 +2.736802161e+00 +4.764680216e+01 +4.764680216e+01
6187 0 +2.689581568e+00 +4.759958157e+01 +4.759958157e+01
6568 0 +2.623303723e+00 +4.753330372e+01 +4.753330372e+01
% f evaluations | g evaluations | best noise-free fitness - Fopt (2.742300000000e+02) + sum g_i+ | measured fitness | best measured fitness or single-digit g-values | x1 | x2...
1 0 +8.484760395e+01 +3.590776040e+02 +3.590776040e+02
3 0 +8.448385231e+01 +3.587138523e+02 +3.587138523e+02
113 0 +8.290424320e+01 +3.571342432e+02 +3.571342432e+02
376 0 +8.128011413e+01 +3.555101141e+02 +3.555101141e+02
497 0 +7.843786274e+01 +3.526678627e+02 +3.526678627e+02
587 0 +7.754601418e+01 +3.517760142e+02 +3.517760142e+02
678 0 +7.467710926e+01 +3.489071093e+02 +3.489071093e+02
749 0 +7.384846476e+01 +3.480784648e+02 +3.480784648e+02
807 0 +7.189950124e+01 +3.461295012e+02 +3.461295012e+02
823 0 +7.060432788e+01 +3.448343279e+02 +3.448343279e+02
863 0 +6.899447016e+01 +3.432244702e+02 +3.432244702e+02
983 0 +6.693133546e+01 +3.411613355e+02 +3.411613355e+02
985 0 +6.605759302e+01 +3.402875930e+02 +3.402875930e+02
1015 0 +6.302369838e+01 +3.372536984e+02 +3.372536984e+02
1097 0 +6.072855614e+01 +3.349585561e+02 +3.349585561e+02
1165 0 +5.424381318e+01 +3.284738132e+02 +3.284738132e+02
1189 0 +5.275875141e+01 +3.269887514e+02 +3.269887514e+02
1245 0 +4.117640252e+01 +3.154064025e+02 +3.154064025e+02
1628 0 +3.805097815e+01 +3.122809782e+02 +3.122809782e+02
2263 0 +3.657961158e+01 +3.108096116e+02 +3.108096116e+02
2519 0 +3.487275217e+01 +3.091027522e+02 +3.091027522e+02
2542 0 +3.331213734e+01 +3.075421373e+02 +3.075421373e+02
2898 0 +3.241272213e+01 +3.066427221e+02 +3.066427221e+02
2947 0 +2.824545993e+01 +3.024754599e+02 +3.024754599e+02
3024 0 +2.752303304e+01 +3.017530330e+02 +3.017530330e+02
3186 0 +2.575484420e+01 +2.999848442e+02 +2.999848442e+02
3717 0 +2.226141697e+01 +2.964914170e+02 +2.964914170e+02
3734 0 +2.161238400e+01 +2.958423840e+02 +2.958423840e+02
4005 0 +2.128867245e+01 +2.955186724e+02 +2.955186724e+02
4125 0 +2.058094764e+01 +2.948109476e+02 +2.948109476e+02
4219 0 +1.876751048e+01 +2.929975105e+02 +2.929975105e+02
4709 0 +1.832844917e+01 +2.925584492e+02 +2.925584492e+02
4761 0 +1.806825713e+01 +2.922982571e+02 +2.922982571e+02
4781 0 +1.704583358e+01 +2.912758336e+02 +2.912758336e+02
4806 0 +1.616682936e+01 +2.903968294e+02 +2.903968294e+02
5473 0 +1.572761753e+01 +2.899576175e+02 +2.899576175e+02
5635 0 +1.535745292e+01 +2.895874529e+02 +2.895874529e+02
6003 0 +1.491188746e+01 +2.891418875e+02 +2.891418875e+02
6021 0 +1.465110735e+01 +2.888811073e+02 +2.888811073e+02
6175 0 +1.411556729e+01 +2.883455673e+02 +2.883455673e+02
6215 0 +1.373645145e+01 +2.879664514e+02 +2.879664514e+02
6740 0 +1.347646485e+01 +2.877064648e+02 +2.877064648e+02
6988 0 +1.303837529e+01 +2.872683753e+02 +2.872683753e+02
7104 0 +1.279421273e+01 +2.870242127e+02 +2.870242127e+02
7201 0 +1.251035693e+01 +2.867403569e+02 +2.867403569e+02
7489 0 +1.218305683e+01 +2.864130568e+02 +2.864130568e+02
8287 0 +1.199111994e+01 +2.862211199e+02 +2.862211199e+02
9137 0 +1.171897279e+01 +2.859489728e+02 +2.859489728e+02
9624 0 +1.147938006e+01 +2.857093801e+02 +2.857093801e+02
11476 0 +1.121605810e+01 +2.854460581e+02 +2.854460581e+02
% f evaluations | g evaluations | best noise-free fitness - Fopt (6.897200000000e+02) + sum g_i+ | measured fitness | best measured fitness or single-digit g-values | x1 | x2...
1 0 +8.349916971e+01 +7.732191697e+02 +7.732191697e+02
3 0 +8.332212408e+01 +7.730421241e+02 +7.730421241e+02
8 0 +8.317172268e+01 +7.728917227e+02 +7.728917227e+02
265 0 +8.126791282e+01 +7.709879128e+02 +7.709879128e+02
377 0 +7.919560282e+01 +7.689156028e+02 +7.689156028e+02
537 0 +7.702340619e+01 +7.667434062e+02 +7.667434062e+02
619 0 +7.579321383e+01 +7.655132138e+02 +7.655132138e+02
679 0 +7.391309428e+01 +7.636330943e+02 +7.636330943e+02
864 0 +7.117733784e+01 +7.608973378e+02 +7.608973378e+02
917 0 +6.825736385e+01 +7.579773639e+02 +7.579773639e+02
977 0 +6.758039640e+01 +7.573003964e+02 +7.573003964e+02
1042 0 +6.462444842e+01 +7.543444484e+02 +7.543444484e+02
1101 0 +6.207148829e+01 +7.517914883e+02 +7.517914883e+02
1166 0 +5.839737467e+01 +7.481173747e+02 +7.481173747e+02
1211 0 +5.744004689e+01 +7.471600469e+02 +7.471600469e+02
1217 0 +5.320932480e+01 +7.429293248e+02 +7.429293248e+02
1243 0 +4.487533740e+01 +7.345953374e+02 +7.345953374e+02
1267 0 +4.438560396e+01 +7.341056040e+02 +7.341056040e+02
1276 0 +3.937421184e+01 +7.290942118e+02 +7.290942118e+02
1286 0 +3.163010458e+01 +7.213501046e+02 +7.213501046e+02
1331 0 +3.045648506e+01 +7.201764851e+02 +7.201764851e+02
1390 0 +2.861529910e+01 +7.183352991e+02 +7.183352991e+02
1573 0 +2.617566414e+01 +7.158956641e+02 +7.158956641e+02
2349 0 +2.315999556e+01 +7.128799956e+02 +7.128799956e+02
2417 0 +2.249105387e+01 +7.122110539e+02 +7.122110539e+02
2585 0 +2.217561739e+01 +7.118956174e+02 +7.118956174e+02
2598 0 +1.790951538e+01 +7.076295154e+02 +7.076295154e+02
2667 0 +1.434340463e+01 +7.040634046e+02 +7.040634046e+02
2828 0 +1.384506615e+01 +7.035650662e+02 +7.035650662e+02
2840 0 +1.284704742e+01 +7.025670474e+02 +7.025670474e+02
2843 0 +1.149327412e+01 +7.012132741e+02 +7.012132741e+02
2846 0 +9.412748154e+00 +6.991327482e+02 +6.991327482e+02
2893 0 +8.605354474e+00 +6.983253545e+02 +6.983253545e+02
3133 0 +7.248176040e+00 +6.969681760e+02 +6.969681760e+02
3145 0 +5.151284473e+00 +6.948712845e+02 +6.948712845e+02
3169 0 +4.721326767e+00 +6.944413268e+02 +6.944413268e+02
3433 0 +4.275828292e+00 +6.939958283e+02 +6.939958283e+02
3441 0 +3.446895215e+00 +6.931668952e+02 +6.931668952e+02
3510 0 +2.443537441e+00 +6.921635374e+02 +6.921635374e+02
3809 0 +2.174543856e+00 +6.918945439e+02 +6.918945439e+02
3978 0 +2.125585841e+00 +6.918455858e+02 +6.918455858e+02
4144 0 +2.037318339e+00 +6.917573183e+02 +6.917573183e+02
4204 0 +1.942628213e+00 +6.916626282e+02 +6.916626282e+02
4288 0 +1.895789726e+00 +6.916157897e+02 +6.916157897e+02
4398 0 +1.852771884e+00 +6.915727719e+02 +6.915727719e+02
4499 0 +1.762751656e+00 +6.914827517e+02 +6.914827517e+02
4519 0 +1.604288477e+00 +6.913242885e+02 +6.913242885e+02
4617 0 +1.398875103e+00 +6.911188751e+02 +6.911188751e+02
4777 0 +1.303967747e+00 +6.910239677e+02 +6.910239677e+02
4938 0 +1.159382511e+00 +6.908793825e+02 +6.908793825e+02
5069 0 +1.134470349e+00 +6.908544703e+02 +6.908544703e+02
5168 0 +1.060506307e+00 +6.907805063e+02 +6.907805063e+02
5215 0 +1.040034799e+00 +6.907600348e+02 +6.907600348e+02
5306 0 +9.568610276e-01 +6.906768610e+02 +6.906768610e+02
5365 0 +9.412197297e-01 +6.906612197e+02 +6.906612197e+02
5473 0 +9.292186511e-01 +6.906492187e+02 +6.906492187e+02
5541 0 +8.865966702e-01 +6.906065967e+02 +6.906065967e+02
5660 0 +8.239355129e-01 +6.905439355e+02 +6.905439355e+02
5985 0 +8.001866271e-01 +6.905201866e+02 +6.905201866e+02
6079 0 +7.906037294e-01 +6.905106037e+02 +6.905106037e+02
6197 0 +7.729464254e-01 +6.904929464e+02 +6.904929464e+02
6371 0 +7.583818626e-01 +6.904783819e+02 +6.904783819e+02
6687 0 +7.407040499e-01 +6.904607040e+02 +6.904607040e+02
6961 0 +7.175556189e-01 +6.904375556e+02 +6.904375556e+02
7463 0 +7.063418498e-01 +6.904263418e+02 +6.904263418e+02
