% f evaluations | g evaluations | best noise-free fitness - Fopt (4.078000000000e+01) + sum g_i+ | measured fitness | best measured fitness or single-digit g-values | x1 | x2...
1 0 +7.867964939e+01 +1.194596494e+02 +1.194596494e+02
8 0 +7.811567275e+01 +1.188956727e+02 +1.188956727e+02
77 0 +7.672555507e+01 +1.175055551e+02 +1.175055551e+02
177 0 +7.558449490e+01 +1.163644949e+02 +1.163644949e+02
263 0 +7.361477541e+01 +1.143947754e+02 +1.143947754e+02
339 0 +7.237455117e+01 +1.131545512e+02 +1.131545512e+02
447 0 +7.013213207e+01 +1.109121321e+02 +1.109121321e+02
557 0 +6.905559962e+01 +1.098355996e+02 +1.098355996e+02
568 0 +6.752296390e+01 +1.083029639e+02 +1.083029639e+02
643 0 +6.564462145e+01 +1.064246215e+02 +1.064246215e+02
681 0 +6.315440630e+01 +1.039344063e+02 +1.039344063e+02
739 0 +6.220394901e+01 +1.029839490e+02 +1.029839490e+02
757 0 +6.112927871e+01 +1.019092787e+02 +1.019092787e+02
802 0 +5.607090878e+01 +9.685090878e+01 +9.685090878e+01
808 0 +4.983803080e+01 +9.061803080e+01 +9.061803080e+01
922 0 +3.885449195e+01 +7.963449195e+01 +7.963449195e+01
976 0 +3.766627915e+01 +7.844627915e+01 +7.844627915e+01
987 0 +3.644647063e+01 +7.722647063e+01 +7.722647063e+01
1013 0 +3.444619145e+01 +7.522619145e+01 +7.522619145e+01
1039 0 +3.258713450e+01 +7.336713450e+01 +7.336713450e+01
1082 0 +3.185707042e+01 +7.263707042e+01 +7.263707042e+01
1096 0 +2.981928868e+01 +7.059928868e+01 +7.059928868e+01
1107 0 +2.445581641e+01 +6.523581641e+01 +6.523581641e+01
1166 0 +2.070665247e+01 +6.148665247e+01 +6.148665247e+01
1211 0 +1.977844483e+01 +6.055844483e+01 +6.055844483e+01
1221 0 +1.873736429e+01 +5.951736429e+01 +5.951736429e+01
1227 0 +1.771640863e+01 +5.849640863e+01 +5.849640863e+01
1307 0 +1.302248913e+01 +5.380248913e+01 +5.380248913e+01
1403 0 +1.081827073e+01 +5.159827073e+01 +5.159827073e+01
2271 0 +1.042241944e+01 +5.120241944e+01 +5.120241944e+01
2353 0 +9.923757142e+00 +5.070375714e+01 +5.070375714e+01
2412 0 +8.960784772e+00 +4.974078477e+01 +4.974078477e+01
2550 0 +7.432091079e+00 +4.821209108e+01 +4.821209108e+01
2718 0 +5.985790837e+00 +4.676579084e+01 +4.676579084e+01
2788 0 +5.642665936e+00 +4.642266594e+01 +4.642266594e+01
3002 0 +3.069685998e+00 +4.384968600e+01 +4.384968600e+01
3249 0 +2.428903910e+00 +4.320890391e+01 +4.320890391e+01
3304 0 +2.382995295e+00 +4.316299530e+01 +4.316299530e+01
3345 0 +2.125189276e+00 +4.290518928e+01 +4.290518928e+01
3421 0 +2.044058849e+00 +4.282405885e+01 +4.282405885e+01
3558 0 +2.038611732e+00 +4.281861173e+01 +4.281861173e+01
3564 0 +1.907595154e+00 +4.268759515e+01 +4.268759515e+01
3677 0 +1.864907060e+00 +4.264490706e+01 +4.264490706e+01
3749 0 +1.344924728e+00 +4.212492473e+01 +4.212492473e+01
3980 0 +7.918328693e-01 +4.157183287e+01 +4.157183287e+01
4151 0 +5.918773900e-01 +4.137187739e+01 +4.137187739e+01
4217 0 +5.600936856e-01 +4.134009369e+01 +4.134009369e+01
4223 0 +5.305062054e-01 +4.131050621e+01 +4.131050621e+01
4268 0 +5.020012779e-01 +4.128200128e+01 +4.128200128e+01
4278 0 +4.674635069e-01 +4.124746351e+01 +4.124746351e+01
4301 0 +3.976265851e-01 +4.117762659e+01 +4.117762659e+01
4382 0 +2.665099291e-01 +4.104650993e+01 +4.104650993e+01
4549 0 +1.495872383e-01 +4.092958724e+01 +4.092958724e+01
4570 0 +1.455026874e-01 +4.092550269e+01 +4.092550269e+01
4619 0 +1.421259641e-01 +4.092212596e+01 +4.092212596e+01
4635 0 +9.332434776e-02 +4.087332435e+01 +4.087332435e+01
5176 0 +7.532955883e-02 +4.085532956e+01 +4.085532956e+01
5235 0 +6.534742740e-02 +4.084534743e+01 +4.084534743e+01
5239 0 +5.066795000e-02 +4.083066795e+01 +4.083066795e+01
5346 0 +4.649984111e-02 +4.082649984e+01 +4.082649984e+01
5598 0 +3.348870309e-02 +4.081348870e+01 +4.081348870e+01
5602 0 +2.970631569e-02 +4.080970632e+01 +4.080970632e+01
5867 0 +2.906333662e-02 +4.080906334e+01 +4.080906334e+01
5900 0 +1.955457262e-02 +4.079955457e+01 +4.079955457e+01
6006 0 +1.716858458e-02 +4.079716858e+01 +4.079716858e+01
6021 0 +1.528137013e-02 +4.079528137e+01 +4.079528137e+01
6211 0 +1.492485265e-02 +4.079492485e+01 +4.079492485e+01
6505 0 +1.403311842e-02 +4.079403312e+01 +4.079403312e+01
6619 0 +1.247315026e-02 +4.079247315e+01 +4.079247315e+01
6684 0 +8.128186246e-03 +4.078812819e+01 +4.078812819e+01
6759 0 +7.695050068e-03 +4.078769505e+01 +4.078769505e+01
6797 0 +3.788796020e-03 +4.078378880e+01 +4.078378880e+01
6893 0 +3.557939935e-03 +4.078355794e+01 +4.078355794e+01
6912 0 +2.757893994e-03 +4.078275789e+01 +4.078275789e+01
7220 0 +2.631635694e-03 +4.078263164e+01 +4.078263164e+01
7226 0 +2.040572685e-03 +4.078204057e+01 +4.078204057e+01
7331 0 +1.888851030e-03 +4.078188885e+01 +4.078188885e+01
7383 0 +1.381466909e-03 +4.078138147e+01 +4.078138147e+01
7506 0 +1.267057875e-03 +4.078126706e+01 +4.078126706e+01
7935 0 +1.191836847e-03 +4.078119184e+01 +4.078119184e+01
7943 0 +1.139947000e-03 +4.078113995e+01 +4.078113995e+01
7988 0 +9.787861427e-04 +4.078097879e+01 +4.078097879e+01
8043 0 +9.588057866e-04 +4.078095881e+01 +4.078095881e+01
8238 0 +9.541122351e-04 +4.078095411e+01 +4.078095411e+01
8313 0 +8.857195258e-04 +4.078088572e+01 +4.078088572e+01
8482 0 +8.597164560e-04 +4.078085972e+01 +4.078085972e+01
8587 0 +8.296688048e-04 +4.078082967e+01 +4.078082967e+01
8830 0 +6.738990372e-04 +4.078067390e+01 +4.078067390e+01
8888 0 +6.010122611e-04 +4.078060101e+01 +4.078060101e+01
8957 0 +4.683423082e-04 +4.078046834e+01 +4.078046834e+01
8970 0 +4.463194359e-04 +4.078044632e+01 +4.078044632e+01
8987 0 +4.117039632e-04 +4.078041170e+01 +4.078041170e+01
9009 0 +2.891809413e-04 +4.078028918e+01 +4.078028918e+01
9067 0 +2.732735030e-04 +4.078027327e+01 +4.078027327e+01
9082 0 +1.674762938e-04 +4.078016748e+01 +4.078016748e+01
9086 0 +1.332503359e-04 +4.078013325e+01 +4.078013325e+01
9237 0 +1.145511536e-04 +4.078011455e+01 +4.078011455e+01
9264 0 +5.414714657e-05 +4.078005415e+01 +4.078005415e+01
9732 0 +5.134722582e-05 +4.078005135e+01 +4.078005135e+01
9781 0 +4.229047442e-05 +4.078004229e+01 +4.078004229e+01
9804 0 +4.004658628e-05 +4.078004005e+01 +4.078004005e+01
9919 0 +3.979760193e-05 +4.078003980e+01 +4.078003980e+01
9920 0 +3.073790195e-05 +4.078003074e+01 +4.078003074e+01
9969 0 +2.836925833e-05 +4.078002837e+01 +4.078002837e+01
10027 0 +2.186693786e-05 +4.078002187e+01 +4.078002187e+01
10392 0 +1.675664257e-05 +4.078001676e+01 +4.078001676e+01
10458 0 +9.931609839e-06 +4.078000993e+01 +4.078000993e+01
10516 0 +7.597857795e-06 +4.078000760e+01 +4.078000760e+01
10555 0 +6.644112617e-06 +4.078000664e+01 +4.078000664e+01
11721 0 +4.636591157e-06 +4.078000464e+01 +4.078000464e+01
12061 0 +4.115773748e-06 +4.078000412e+01 +4.078000412e+01
12139 0 +3.799650713e-06 +4.078000380e+01 +4.078000380e+01
12144 0 +1.914776711e-06 +4.078000191e+01 +4.078000191e+01
12199 0 +1.725923688e-06 +4.078000173e+01 +4.078000173e+01
12266 0 +1.651474740e-06 +4.078000165e+01 +4.078000165e+01
12363 0 +1.573866982e-06 +4.078000157e+01 +4.078000157e+01
12381 0 +1.545181050e-06 +4.078000155e+01 +4.078000155e+01
12425 0 +1.474896358e-06 +4.078000147e+01 +4.078000147e+01
12549 0 +1.267106335e-06 +4.078000127e+01 +4.078000127e+01
12601 0 +1.216516942e-06 +4.078000122e+01 +4.078000122e+01
12619 0 +7.882085526e-07 +4.078000079e+01 +4.078000079e+01
12798 0 +5.514083981e-07 +4.078000055e+01 +4.078000055e+01
12815 0 +5.013694420e-07 +4.078000050e+01 +4.078000050e+01
12853 0 +4.489754772e-07 +4.078000045e+01 +4.078000045e+01
12857 0 +4.300049383e-07 +4.078000043e+01 +4.078000043e+01
12963 0 +3.761208163e-07 +4.078000038e+01 +4.078000038e+01
13053 0 +3.073185795e-07 +4.078000031e+01 +4.078000031e+01
13193 0 +3.014761205e-07 +4.078000030e+01 +4.078000030e+01
13222 0 +2.564198738e-07 +4.078000026e+01 +4.078000026e+01
13343 0 +2.411204818e-07 +4.078000024e+01 +4.078000024e+01
13648 0 +1.906737737e-07 +4.078000019e+01 +4.078000019e+01
13861 0 +1.889881176e-07 +4.078000019e+01 +4.078000019e+01
13891 0 +1.586144620e-07 +4.078000016e+01 +4.078000016e+01
14057 0 +1.483304999e-07 +4.078000015e+01 +4.078000015e+01
14177 0 +1.181321352e-07 +4.078000012e+01 +4.078000012e+01
14222 0 +9.972990256e-08 +4.078000010e+01 +4.078000010e+01
14236 0 +9.745716056e-08 +4.078000010e+01 +4.078000010e+01
14293 0 +7.691915016e-08 +4.078000008e+01 +4.078000008e+01
14307 0 +5.680146131e-08 +4.078000006e+01 +4.078000006e+01
14381 0 +5.373058798e-08 +4.078000005e+01 +4.078000005e+01
14421 0 +4.926994279e-08 +4.078000005e+01 +4.078000005e+01
14476 0 +4.779581531e-08 +4.078000005e+01 +4.078000005e+01
14726 0 +4.312565238e-08 +4.078000004e+01 +4.078000004e+01
14777 0 +2.301394630e-08 +4.078000002e+01 +4.078000002e+01
14883 0 +1.939407923e-08 +4.078000002e+01 +4.078000002e+01
14906 0 +1.845374697e-08 +4.078000002e+01 +4.078000002e+01
15007 0 +1.389740589e-08 +4.078000001e+01 +4.078000001e+01
15088 0 +1.377433279e-08 +4.078000001e+01 +4.078000001e+01
15219 0 +1.227592605e-08 +4.078000001e+01 +4.078000001e+01
15359 0 +1.190117160e-08 +4.078000001e+01 +4.078000001e+01
15498 0 +9.669690826e-09 +4.078000001e+01 +4.078000001e+01
% f evaluations | g evaluations | best noise-free fitness - Fopt (-1.600000000000e+00) + sum g_i+ | measured fitness | best measured fitness or single-digit g-values | x1 | x2...
1 0 +8.308941293e+01 +8.148941293e+01 +8.148941293e+01
59 0 +8.305853153e+01 +8.145853153e+01 +8.145853153e+01
318 0 +8.127035497e+01 +7.967035497e+01 +7.967035497e+01
515 0 +7.937958394e+01 +7.777958394e+01 +7.777958394e+01
682 0 +7.738909542e+01 +7.578909542e+01 +7.578909542e+01
856 0 +7.544612717e+01 +7.384612717e+01 +7.384612717e+01
885 0 +7.331130907e+01 +7.171130907e+01 +7.171130907e+01
923 0 +7.220829675e+01 +7.060829675e+01 +7.060829675e+01
977 0 +7.078803151e+01 +6.918803151e+01 +6.918803151e+01
1043 0 +6.838015457e+01 +6.678015457e+01 +6.678015457e+01
1096 0 +6.359471798e+01 +6.199471798e+01 +6.199471798e+01
1156 0 +6.170168873e+01 +6.010168873e+01 +6.010168873e+01
1163 0 +6.112551726e+01 +5.952551726e+01 +5.952551726e+01
1204 0 +5.985188263e+01 +5.825188263e+01 +5.825188263e+01
1218 0 +5.815649042e+01 +5.655649042e+01 +5.655649042e+01
1276 0 +5.526210023e+01 +5.366210023e+01 +5.366210023e+01
1317 0 +5.377723027e+01 +5.217723027e+01 +5.217723027e+01
1334 0 +5.055713142e+01 +4.895713142e+01 +4.895713142e+01
1357 0 +4.792062779e+01 +4.632062779e+01 +4.632062779e+01
1389 0 +4.771204524e+01 +4.611204524e+01 +4.611204524e+01
1400 0 +4.397688999e+01 +4.237688999e+01 +4.237688999e+01
1487 0 +3.533585117e+01 +3.373585117e+01 +3.373585117e+01
2345 0 +3.098002141e+01 +2.938002141e+01 +2.938002141e+01
2409 0 +2.912744468e+01 +2.752744468e+01 +2.752744468e+01
2639 0 +2.772507926e+01 +2.612507926e+01 +2.612507926e+01
2653 0 +2.707977338e+01 +2.547977338e+01 +2.547977338e+01
2713 0 +2.586753855e+01 +2.426753855e+01 +2.426753855e+01
2724 0 +2.351997484e+01 +2.191997484e+01 +2.191997484e+01
2841 0 +2.307353397e+01 +2.147353397e+01 +2.147353397e+01
2900 0 +1.903754009e+01 +1.743754009e+01 +1.743754009e+01
3084 0 +1.857316747e+01 +1.697316747e+01 +1.697316747e+01
3173 0 +1.815206416e+01 +1.655206416e+01 +1.655206416e+01
3199 0 +1.699637794e+01 +1.539637794e+01 +1.539637794e+01
3382 0 +1.634344780e+01 +1.474344780e+01 +1.474344780e+01
3461 0 +1.587659603e+01 +1.427659603e+01 +1.427659603e+01
3465 0 +1.543849449e+01 +1.383849449e+01 +1.383849449e+01
3539 0 +1.486756482e+01 +1.326756482e+01 +1.326756482e+01
3561 0 +1.449015155e+01 +1.289015155e+01 +1.289015155e+01
3620 0 +1.361787563e+01 +1.201787563e+01 +1.201787563e+01
3741 0 +1.304302528e+01 +1.144302528e+01 +1.144302528e+01
3865 0 +1.282707378e+01 +1.122707378e+01 +1.122707378e+01
4096 0 +1.201135753e+01 +1.041135753e+01 +1.041135753e+01
4359 0 +1.173346248e+01 +1.013346248e+01 +1.013346248e+01
4442 0 +1.136081245e+01 +9.760812447e+00 +9.760812447e+00
4696 0 +1.112915611e+01 +9.529156113e+00 +9.529156113e+00
5006 0 +1.093272891e+01 +9.332728908e+00 +9.332728908e+00
5429 0 +1.071194033e+01 +9.111940334e+00 +9.111940334e+00
6859 0 +1.047044990e+01 +8.870449903e+00 +8.870449903e+00
% f evaluations | g evaluations | best noise-free fitness - Fopt (-3.708400000000e+02) + sum g_i+ | measured fitness | best measured fitness or single-digit g-values | x1 | x2...
1 0 +8.274811780e+01 -2.880918822e+02 -2.880918822e+02
10 0 +8.238329850e+01 -2.884567015e+02 -2.884567015e+02
% f evaluations | g evaluations | best noise-free fitness - Fopt (-3.256000000000e+01) + sum g_i+ | measured fitness | best measured fitness or single-digit g-values | x1 | x2...
1 0 +8.181208474e+01 +4.925208474e+01 +4.925208474e+01
2 0 +8.134192574e+01 +4.878192574e+01 +4.878192574e+01
4 0 +8.099576347e+01 +4.843576347e+01 +4.843576347e+01
159 0 +7.943276590e+01 +4.687276590e+01 +4.687276590e+01
329 0 +7.749727061e+01 +4.493727061e+01 +4.493727061e+01
448 0 +7.553479423e+01 +4.297479423e+01 +4.297479423e+01
559 0 +7.373961097e+01 +4.117961097e+01 +4.117961097e+01
677 0 +7.123449199e+01 +3.867449199e+01 +3.867449199e+01
736 0 +7.058223791e+01 +3.802223791e+01 +3.802223791e+01
803 0 +6.911556418e+01 +3.655556418e+01 +3.655556418e+01
858 0 +6.644267049e+01 +3.388267049e+01 +3.388267049e+01
919 0 +6.493077022e+01 +3.237077022e+01 +3.237077022e+01
941 0 +6.422495809e+01 +3.166495809e+01 +3.166495809e+01
987 0 +6.184060249e+01 +2.928060249e+01 +2.928060249e+01
1036 0 +6.163285892e+01 +2.907285892e+01 +2.907285892e+01
1038 0 +5.310910663e+01 +2.054910663e+01 +2.054910663e+01
1106 0 +4.890989709e+01 +1.634989709e+01 +1.634989709e+01
1156 0 +4.743965226e+01 +1.487965226e+01 +1.487965226e+01
1160 0 +4.515769789e+01 +1.259769789e+01 +1.259769789e+01
1205 0 +4.235676344e+01 +9.796763436e+00 +9.796763436e+00
1229 0 +3.752563889e+01 +4.965638894e+00 +4.965638894e+00
1291 0 +3.455647939e+01 +1.996479392e+00 +1.996479392e+00
1321 0 +2.939658616e+01 -3.163413835e+00 -3.163413835e+00
% f evaluations | g evaluations | best noise-free fitness - Fopt (5.154000000000e+02) + sum g_i+ | measured fitness | best measured fitness or single-digit g-values | x1 | x2...
1 0 +8.221583753e+01 +5.976158375e+02 +5.976158375e+02
2 0 +8.211983573e+01 +5.975198357e+02 +5.975198357e+02
14 0 +8.105952903e+01 +5.964595290e+02 +5.964595290e+02
256 0 +7.934864700e+01 +5.947486470e+02 +5.947486470e+02
438 0 +7.759327826e+01 +5.929932783e+02 +5.929932783e+02
559 0 +7.529825582e+01 +5.906982558e+02 +5.906982558e+02
621 0 +7.411447982e+01 +5.895144798e+02 +5.895144798e+02
689 0 +7.241445187e+01 +5.878144519e+02 +5.878144519e+02
796 0 +6.916166190e+01 +5.845616619e+02 +5.845616619e+02
858 0 +6.743664410e+01 +5.828366441e+02 +5.828366441e+02
916 0 +6.566854367e+01 +5.810685437e+02 +5.810685437e+02
976 0 +6.221706228e+01 +5.776170623e+02 +5.776170623e+02
1041 0 +6.094942512e+01 +5.763494251e+02 +5.763494251e+02
1043 0 +5.940967629e+01 +5.748096763e+02 +5.748096763e+02
1102 0 +5.870159247e+01 +5.741015925e+02 +5.741015925e+02
1106 0 +5.607419360e+01 +5.714741936e+02 +5.714741936e+02
1131 0 +5.424234648e+01 +5.696423465e+02 +5.696423465e+02
1166 0 +4.795781264e+01 +5.633578126e+02 +5.633578126e+02
1218 0 +4.597541143e+01 +5.613754114e+02 +5.613754114e+02
1220 0 +4.469773246e+01 +5.600977325e+02 +5.600977325e+02
1222 0 +3.799163659e+01 +5.533916366e+02 +5.533916366e+02
1284 0 +3.692919809e+01 +5.523291981e+02 +5.523291981e+02
1290 0 +2.980819717e+01 +5.452081972e+02 +5.452081972e+02
1337 0 +2.579837364e+01 +5.411983736e+02 +5.411983736e+02
1382 0 +2.538243739e+01 +5.407824374e+02 +5.407824374e+02
1649 0 +2.256383652e+01 +5.379638365e+02 +5.379638365e+02
2525 0 +1.886500962e+01 +5.342650096e+02 +5.342650096e+02
2642 0 +1.778946766e+01 +5.331894677e+02 +5.331894677e+02
2664 0 +1.601071317e+01 +5.314107132e+02 +5.314107132e+02
2785 0 +1.429044164e+01 +5.296904416e+02 +5.296904416e+02
3031 0 +9.034230078e+00 +5.244342301e+02 +5.244342301e+02
3381 0 +8.860627311e+00 +5.242606273e+02 +5.242606273e+02
3386 0 +8.505789808e+00 +5.239057898e+02 +5.239057898e+02
3387 0 +8.138117844e+00 +5.235381178e+02 +5.235381178e+02
3447 0 +7.778204138e+00 +5.231782041e+02 +5.231782041e+02
3563 0 +7.713490427e+00 +5.231134904e+02 +5.231134904e+02
3585 0 +7.457807279e+00 +5.228578073e+02 +5.228578073e+02
3678 0 +7.364958968e+00 +5.227649590e+02 +5.227649590e+02
3782 0 +7.028092525e+00 +5.224280925e+02 +5.224280925e+02
3801 0 +6.880794662e+00 +5.222807947e+02 +5.222807947e+02
3842 0 +6.759577612e+00 +5.221595776e+02 +5.221595776e+02
3870 0 +6.078920771e+00 +5.214789208e+02 +5.214789208e+02
4050 0 +5.910111959e+00 +5.213101120e+02 +5.213101120e+02
4230 0 +5.544683875e+00 +5.209446839e+02 +5.209446839e+02
4404 0 +5.176235151e+00 +5.205762352e+02 +5.205762352e+02
4465 0 +5.100193529e+00 +5.205001935e+02 +5.205001935e+02
4510 0 +4.482066288e+00 +5.198820663e+02 +5.198820663e+02
4907 0 +3.951440696e+00 +5.193514407e+02 +5.193514407e+02
5103 0 +3.708308513e+00 +5.191083085e+02 +5.191083085e+02
5277 0 +3.580285146e+00 +5.189802851e+02 +5.189802851e+02
5325 0 +3.510578371e+00 +5.189105784e+02 +5.189105784e+02
5351 0 +3.395480262e+00 +5.187954803e+02 +5.187954803e+02
5366 0 +3.345430570e+00 +5.187454306e+02 +5.187454306e+02
5476 0 +3.274650251e+00 +5.186746503e+02 +5.186746503e+02
5965 0 +3.152445076e+00 +5.185524451e+02 +5.185524451e+02
6085 0 +3.066347332e+00 +5.184663473e+02 +5.184663473e+02
6269 0 +3.017625416e+00 +5.184176254e+02 +5.184176254e+02
6375 0 +2.943824259e+00 +5.183438243e+02 +5.183438243e+02
6732 0 +2.879638327e+00 +5.182796383e+02 +5.182796383e+02
7779 0 +2.818103962e+00 +5.182181040e+02 +5.182181040e+02
% f evaluations | g evaluations | best noise-free fitness - Fopt (-1.000000000000e+03) + sum g_i+ | measured fitness | best measured fitness or single-digit g-values | x1 | x2...
1 0 +8.058269426e+01 -9.194173057e+02 -9.194173057e+02
135 0 +8.045037193e+01 -9.195496281e+02 -9.195496281e+02
% f evaluations | g evaluations | best noise-free fitness - Fopt (3.070000000000e+01) + sum g_i+ | measured fitness | best measured fitness or single-digit g-values | x1 | x2...
1 0 +7.728009257e+01 +1.079800926e+02 +1.079800926e+02
3 0 +7.668573745e+01 +1.073857374e+02 +1.073857374e+02
76 0 +7.565377453e+01 +1.063537745e+02 +1.063537745e+02
197 0 +7.411097577e+01 +1.048109758e+02 +1.048109758e+02
295 0 +7.224499349e+01 +1.029449935e+02 +1.029449935e+02
376 0 +7.073178465e+01 +1.014317846e+02 +1.014317846e+02
450 0 +6.902779366e+01 +9.972779366e+01 +9.972779366e+01
509 0 +6.672865785e+01 +9.742865785e+01 +9.742865785e+01
569 0 +6.606844972e+01 +9.676844972e+01 +9.676844972e+01
627 0 +6.343443949e+01 +9.413443949e+01 +9.413443949e+01
679 0 +6.035579934e+01 +9.105579934e+01 +9.105579934e+01
736 0 +5.751517600e+01 +8.821517600e+01 +8.821517600e+01
773 0 +5.612903984e+01 +8.682903984e+01 +8.682903984e+01
803 0 +5.452753150e+01 +8.522753150e+01 +8.522753150e+01
858 0 +5.277291987e+01 +8.347291987e+01 +8.347291987e+01
863 0 +4.993733131e+01 +8.063733131e+01 +8.063733131e+01
918 0 +4.447844367e+01 +7.517844367e+01 +7.517844367e+01
922 0 +4.315697732e+01 +7.385697732e+01 +7.385697732e+01
927 0 +3.990123645e+01 +7.060123645e+01 +7.060123645e+01
945 0 +3.658377238e+01 +6.728377238e+01 +6.728377238e+01
1001 0 +3.304591728e+01 +6.374591728e+01 +6.374591728e+01
1036 0 +3.146049231e+01 +6.216049231e+01 +6.216049231e+01
1045 0 +2.842400709e+01 +5.912400709e+01 +5.912400709e+01
1099 0 +2.705770463e+01 +5.775770463e+01 +5.775770463e+01
1104 0 +2.574177510e+01 +5.644177510e+01 +5.644177510e+01
1106 0 +2.426738562e+01 +5.496738562e+01 +5.496738562e+01
1151 0 +2.291986073e+01 +5.361986073e+01 +5.361986073e+01
1160 0 +2.081438155e+01 +5.151438155e+01 +5.151438155e+01
1161 0 +2.013150175e+01 +5.083150175e+01 +5.083150175e+01
1284 0 +1.827703101e+01 +4.897703101e+01 +4.897703101e+01
1347 0 +1.724031571e+01 +4.794031571e+01 +4.794031571e+01
1390 0 +1.557234715e+01 +4.627234715e+01 +4.627234715e+01
1468 0 +1.485284796e+01 +4.555284796e+01 +4.555284796e+01
1630 0 +1.278557272e+01 +4.348557272e+01 +4.348557272e+01
1879 0 +9.142902436e+00 +3.984290244e+01 +3.984290244e+01
1909 0 +6.957396603e+00 +3.765739660e+01 +3.765739660e+01
2041 0 +6.040285874e+00 +3.674028587e+01 +3.674028587e+01
2173 0 +5.743268674e+00 +3.644326867e+01 +3.644326867e+01
2195 0 +2.633663049e+00 +3.333366305e+01 +3.333366305e+01
3065 0 +2.295459260e+00 +3.299545926e+01 +3.299545926e+01
3318 0 +2.254380302e+00 +3.295438030e+01 +3.295438030e+01
3349 0 +2.042483273e+00 +3.274248327e+01 +3.274248327e+01
3424 0 +1.997704198e+00 +3.269770420e+01 +3.269770420e+01
3501 0 +1.930894755e+00 +3.263089476e+01 +3.263089476e+01
3622 0 +1.381474208e+00 +3.208147421e+01 +3.208147421e+01
3742 0 +8.579875551e-01 +3.155798756e+01 +3.155798756e+01
3747 0 +5.194720229e-01 +3.121947202e+01 +3.121947202e+01
3977 0 +4.915228556e-01 +3.119152286e+01 +3.119152286e+01
4129 0 +4.883759680e-01 +3.118837597e+01 +3.118837597e+01
4161 0 +4.753730152e-01 +3.117537302e+01 +3.117537302e+01
4229 0 +4.623330132e-01 +3.116233301e+01 +3.116233301e+01
4276 0 +2.171870549e-01 +3.091718705e+01 +3.091718705e+01
4280 0 +1.763225084e-01 +3.087632251e+01 +3.087632251e+01
4764 0 +1.540066858e-01 +3.085400669e+01 +3.085400669e+01
4949 0 +1.395659156e-01 +3.083956592e+01 +3.083956592e+01
5015 0 +1.188213432e-01 +3.081882134e+01 +3.081882134e+01
5043 0 +9.193550323e-02 +3.079193550e+01 +3.079193550e+01
5141 0 +4.331222291e-02 +3.074331222e+01 +3.074331222e+01
5538 0 +3.507716763e-02 +3.073507717e+01 +3.073507717e+01
5714 0 +3.288658268e-02 +3.073288658e+01 +3.073288658e+01
5779 0 +2.014919818e-02 +3.072014920e+01 +3.072014920e+01
6080 0 +1.523800509e-02 +3.071523801e+01 +3.071523801e+01
6137 0 +1.405856471e-02 +3.071405856e+01 +3.071405856e+01
6267 0 +1.231962725e-02 +3.071231963e+01 +3.071231963e+01
6312 0 +6.769681541e-03 +3.070676968e+01 +3.070676968e+01
6407 0 +4.791542973e-03 +3.070479154e+01 +3.070479154e+01
6439 0 +4.292676249e-03 +3.070429268e+01 +3.070429268e+01
6803 0 +4.111039021e-03 +3.070411104e+01 +3.070411104e+01
7397 0 +3.836652545e-03 +3.070383665e+01 +3.070383665e+01
7510 0 +3.780890321e-03 +3.070378089e+01 +3.070378089e+01
7578 0 +3.697853176e-03 +3.070369785e+01 +3.070369785e+01
7636 0 +3.453283927e-03 +3.070345328e+01 +3.070345328e+01
7644 0 +3.367637786e-03 +3.070336764e+01 +3.070336764e+01
7647 0 +2.860104015e-03 +3.070286010e+01 +3.070286010e+01
7745 0 +2.107842468e-03 +3.070210784e+01 +3.070210784e+01
7752 0 +1.820945348e-03 +3.070182095e+01 +3.070182095e+01
7818 0 +1.218659573e-03 +3.070121866e+01 +3.070121866e+01
7881 0 +9.290784766e-04 +3.070092908e+01 +3.070092908e+01
8044 0 +8.955750645e-04 +3.070089558e+01 +3.070089558e+01
8083 0 +8.864269929e-04 +3.070088643e+01 +3.070088643e+01
8184 0 +8.548418785e-04 +3.070085484e+01 +3.070085484e+01
8359 0 +8.171641973e-04 +3.070081716e+01 +3.070081716e+01
8407 0 +7.890244336e-04 +3.070078902e+01 +3.070078902e+01
8409 0 +6.806168688e-04 +3.070068062e+01 +3.070068062e+01
8455 0 +6.376964676e-04 +3.070063770e+01 +3.070063770e+01
8487 0 +6.302306757e-04 +3.070063023e+01 +3.070063023e+01
8538 0 +3.369402821e-04 +3.070033694e+01 +3.070033694e+01
8780 0 +2.869008507e-04 +3.070028690e+01 +3.070028690e+01
8896 0 +2.764277307e-04 +3.070027643e+01 +3.070027643e+01
8903 0 +2.600654216e-04 +3.070026007e+01 +3.070026007e+01
8929 0 +2.537722665e-04 +3.070025377e+01 +3.070025377e+01
9005 0 +2.254347151e-04 +3.070022543e+01 +3.070022543e+01
9017 0 +1.289131074e-04 +3.070012891e+01 +3.070012891e+01
9437 0 +1.151217638e-04 +3.070011512e+01 +3.070011512e+01
9482 0 +1.011874601e-04 +3.070010119e+01 +3.070010119e+01
9568 0 +8.850673623e-05 +3.070008851e+01 +3.070008851e+01
9670 0 +8.003195568e-05 +3.070008003e+01 +3.070008003e+01
9676 0 +6.442437550e-05 +3.070006442e+01 +3.070006442e+01
9858 0 +5.889148428e-05 +3.070005889e+01 +3.070005889e+01
9864 0 +4.722157864e-05 +3.070004722e+01 +3.070004722e+01
9903 0 +3.840494028e-05 +3.070003840e+01 +3.070003840e+01
9919 0 +3.369900639e-05 +3.070003370e+01 +3.070003370e+01
9924 0 +3.268727950e-05 +3.070003269e+01 +3.070003269e+01
10155 0 +2.860050341e-05 +3.070002860e+01 +3.070002860e+01
10158 0 +2.754118117e-05 +3.070002754e+01 +3.070002754e+01
10371 0 +2.607193669e-05 +3.070002607e+01 +3.070002607e+01
10444 0 +2.461947415e-05 +3.070002462e+01 +3.070002462e+01
10460 0 +2.417168299e-05 +3.070002417e+01 +3.070002417e+01
10463 0 +2.227382811e-05 +3.070002227e+01 +3.070002227e+01
10520 0 +1.112240793e-05 +3.070001112e+01 +3.070001112e+01
11057 0 +6.951597506e-06 +3.070000695e+01 +3.070000695e+01
11238 0 +6.565097795e-06 +3.070000657e+01 +3.070000657e+01
11466 0 +4.787742100e-06 +3.070000479e+01 +3.070000479e+01
11573 0 +3.382094103e-06 +3.070000338e+01 +3.070000338e+01
11961 0 +3.247520315e-06 +3.070000325e+01 +3.070000325e+01
12011 0 +2.877588269e-06 +3.070000288e+01 +3.070000288e+01
12080 0 +2.368763177e-06 +3.070000237e+01 +3.070000237e+01
12147 0 +1.802749804e-06 +3.070000180e+01 +3.070000180e+01
12306 0 +1.661450881e-06 +3.070000166e+01 +3.070000166e+01
12314 0 +1.625686913e-06 +3.070000163e+01 +3.070000163e+01
12552 0 +1.449863749e-06 +3.070000145e+01 +3.070000145e+01
12626 0 +8.057885594e-07 +3.070000081e+01 +3.070000081e+01
12829 0 +6.122254099e-07 +3.070000061e+01 +3.070000061e+01
13217 0 +4.910601206e-07 +3.070000049e+01 +3.070000049e+01
13218 0 +4.142774017e-07 +3.070000041e+01 +3.070000041e+01
13263 0 +1.718324825e-07 +3.070000017e+01 +3.070000017e+01
13938 0 +8.371029026e-08 +3.070000008e+01 +3.070000008e+01
14302 0 +5.014090121e-08 +3.070000005e+01 +3.070000005e+01
14405 0 +5.001333392e-08 +3.070000005e+01 +3.070000005e+01
14485 0 +4.273342924e-08 +3.070000004e+01 +3.070000004e+01
14718 0 +4.253257302e-08 +3.070000004e+01 +3.070000004e+01
14840 0 +3.206675103e-08 +3.070000003e+01 +3.070000003e+01
14959 0 +2.787630393e-08 +3.070000003e+01 +3.070000003e+01
15004 0 +1.248420745e-08 +3.070000001e+01 +3.070000001e+01
15139 0 +1.195218502e-08 +3.070000001e+01 +3.070000001e+01
15384 0 +1.172316999e-08 +3.070000001e+01 +3.070000001e+01
15446 0 +1.023082774e-08 +3.070000001e+01 +3.070000001e+01
15490 0 +5.421554761e-09 +3.070000001e+01 +3.070000001e+01
% f evaluations | g evaluations | best noise-free fitness - Fopt (2.284000000000e+01) + sum g_i+ | measured fitness | best measured fitness or single-digit g-values | x1 | x2...
1 0 +8.213393200e+01 +1.049739320e+02 +1.049739320e+02
3 0 +8.204322682e+01 +1.048832268e+02 +1.048832268e+02
90 0 +8.125670347e+01 +1.040967035e+02 +1.040967035e+02
259 0 +7.938277316e+01 +1.022227732e+02 +1.022227732e+02
449 0 +7.747882585e+01 +1.003188259e+02 +1.003188259e+02
559 0 +7.490524367e+01 +9.774524367e+01 +9.774524367e+01
736 0 +7.387255883e+01 +9.671255883e+01 +9.671255883e+01
810 0 +7.146130455e+01 +9.430130455e+01 +9.430130455e+01
918 0 +6.953121681e+01 +9.237121681e+01 +9.237121681e+01
921 0 +6.887992253e+01 +9.171992253e+01 +9.171992253e+01
987 0 +6.677704743e+01 +8.961704743e+01 +8.961704743e+01
1036 0 +6.325144665e+01 +8.609144665e+01 +8.609144665e+01
1156 0 +6.247079275e+01 +8.531079275e+01 +8.531079275e+01
1164 0 +6.143917874e+01 +8.427917874e+01 +8.427917874e+01
1217 0 +5.694000580e+01 +7.978000580e+01 +7.978000580e+01
1262 0 +5.567163464e+01 +7.851163464e+01 +7.851163464e+01
1340 0 +5.351983634e+01 +7.635983634e+01 +7.635983634e+01
1373 0 +4.804730241e+01 +7.088730241e+01 +7.088730241e+01
1399 0 +4.708778815e+01 +6.992778815e+01 +6.992778815e+01
1403 0 +4.450166919e+01 +6.734166919e+01 +6.734166919e+01
1415 0 +3.694527131e+01 +5.978527131e+01 +5.978527131e+01
1443 0 +3.486381249e+01 +5.770381249e+01 +5.770381249e+01
1517 0 +3.154019239e+01 +5.438019239e+01 +5.438019239e+01
1562 0 +3.078612457e+01 +5.362612457e+01 +5.362612457e+01
2175 0 +2.609839730e+01 +4.893839730e+01 +4.893839730e+01
2296 0 +2.543658509e+01 +4.827658509e+01 +4.827658509e+01
2391 0 +2.213350106e+01 +4.497350106e+01 +4.497350106e+01
2524 0 +2.174045508e+01 +4.458045508e+01 +4.458045508e+01
2551 0 +1.916735845e+01 +4.200735845e+01 +4.200735845e+01
2768 0 +1.539315005e+01 +3.823315005e+01 +3.823315005e+01
3065 0 +1.486500208e+01 +3.770500208e+01 +3.770500208e+01
3076 0 +1.375167791e+01 +3.659167791e+01 +3.659167791e+01
3142 0 +1.297781504e+01 +3.581781504e+01 +3.581781504e+01
3182 0 +1.220733831e+01 +3.504733831e+01 +3.504733831e+01
3347 0 +1.090685305e+01 +3.374685305e+01 +3.374685305e+01
3370 0 +1.045638702e+01 +3.329638702e+01 +3.329638702e+01
3614 0 +9.795149448e+00 +3.263514945e+01 +3.263514945e+01
3690 0 +9.677968449e+00 +3.251796845e+01 +3.251796845e+01
3691 0 +9.076143501e+00 +3.191614350e+01 +3.191614350e+01
3744 0 +8.829861022e+00 +3.166986102e+01 +3.166986102e+01
3761 0 +8.577775569e+00 +3.141777557e+01 +3.141777557e+01
3903 0 +8.417300369e+00 +3.125730037e+01 +3.125730037e+01
3918 0 +8.262511948e+00 +3.110251195e+01 +3.110251195e+01
4283 0 +8.100854886e+00 +3.094085489e+01 +3.094085489e+01
4503 0 +7.886151734e+00 +3.072615173e+01 +3.072615173e+01
4694 0 +7.651155665e+00 +3.049115567e+01 +3.049115567e+01
4824 0 +7.517804178e+00 +3.035780418e+01 +3.035780418e+01
5455 0 +7.407742872e+00 +3.024774287e+01 +3.024774287e+01
5762 0 +7.237143783e+00 +3.007714378e+01 +3.007714378e+01
6384 0 +7.072014533e+00 +2.991201453e+01 +2.991201453e+01
% f evaluations | g evaluations | best noise-free fitness - Fopt (2.473000000000e+01) + sum g_i+ | measured fitness | best measured fitness or single-digit g-values | x1 | x2...
1 0 +8.299641034e+01 +1.077264103e+02 +1.077264103e+02
2 0 +8.285698967e+01 +1.075869897e+02 +1.075869897e+02
136 0 +8.123293303e+01 +1.059629330e+02 +1.059629330e+02
321 0 +7.934110449e+01 +1.040711045e+02 +1.040711045e+02
451 0 +7.729281460e+01 +1.020228146e+02 +1.020228146e+02
559 0 +7.560002275e+01 +1.003300227e+02 +1.003300227e+02
676 0 +7.280703306e+01 +9.753703306e+01 +9.753703306e+01
747 0 +7.229781251e+01 +9.702781251e+01 +9.702781251e+01
798 0 +7.058612979e+01 +9.531612979e+01 +9.531612979e+01
861 0 +6.711751637e+01 +9.184751637e+01 +9.184751637e+01
985 0 +6.420402373e+01 +8.893402373e+01 +8.893402373e+01
1007 0 +6.298229851e+01 +8.771229851e+01 +8.771229851e+01
1103 0 +5.665876585e+01 +8.138876585e+01 +8.138876585e+01
1266 0 +5.608438631e+01 +8.081438631e+01 +8.081438631e+01
1345 0 +5.094651584e+01 +7.567651584e+01 +7.567651584e+01
1348 0 +4.620442137e+01 +7.093442137e+01 +7.093442137e+01
1429 0 +4.027576174e+01 +6.500576174e+01 +6.500576174e+01
1561 0 +3.628037496e+01 +6.101037496e+01 +6.101037496e+01
2359 0 +2.513387806e+01 +4.986387806e+01 +4.986387806e+01
2665 0 +2.374900289e+01 +4.847900289e+01 +4.847900289e+01
2846 0 +2.234784211e+01 +4.707784211e+01 +4.707784211e+01
2906 0 +2.116503725e+01 +4.589503725e+01 +4.589503725e+01
2933 0 +1.980294725e+01 +4.453294725e+01 +4.453294725e+01
2952 0 +1.837962209e+01 +4.310962209e+01 +4.310962209e+01
3062 0 +1.674453759e+01 +4.147453759e+01 +4.147453759e+01
3070 0 +1.499878177e+01 +3.972878177e+01 +3.972878177e+01
3198 0 +1.469641650e+01 +3.942641650e+01 +3.942641650e+01
3211 0 +1.320032804e+01 +3.793032804e+01 +3.793032804e+01
3371 0 +1.253811126e+01 +3.726811126e+01 +3.726811126e+01
3389 0 +1.187785159e+01 +3.660785159e+01 +3.660785159e+01
3813 0 +1.174747103e+01 +3.647747103e+01 +3.647747103e+01
3868 0 +1.071388527e+01 +3.544388527e+01 +3.544388527e+01
3925 0 +1.038518925e+01 +3.511518925e+01 +3.511518925e+01
4092 0 +1.006291205e+01 +3.479291205e+01 +3.479291205e+01
4155 0 +9.492273015e+00 +3.422227302e+01 +3.422227302e+01
4319 0 +9.077914759e+00 +3.380791476e+01 +3.380791476e+01
4403 0 +8.840272088e+00 +3.357027209e+01 +3.357027209e+01
4521 0 +8.585700864e+00 +3.331570086e+01 +3.331570086e+01
4847 0 +8.416495282e+00 +3.314649528e+01 +3.314649528e+01
4859 0 +8.286931115e+00 +3.301693111e+01 +3.301693111e+01
5122 0 +8.111423437e+00 +3.284142344e+01 +3.284142344e+01
5946 0 +7.932801639e+00 +3.266280164e+01 +3.266280164e+01
6389 0 +7.753466776e+00 +3.248346678e+01 +3.248346678e+01
% f evaluations | g evaluations | best noise-free fitness - Fopt (1.000000000000e+03) + sum g_i+ | measured fitness | best measured fitness or single-digit g-values | x1 | x2...
1 0 +8.192573891e+01 +1.081925739e+03 +1.081925739e+03
2 0 +8.181147102e+01 +1.081811471e+03 +1.081811471e+03
3 0 +8.114122190e+01 +1.081141222e+03 +1.081141222e+03
179 0 +7.936102206e+01 +1.079361022e+03 +1.079361022e+03
376 0 +7.714886147e+01 +1.077148861e+03 +1.077148861e+03
498 0 +7.511705588e+01 +1.075117056e+03 +1.075117056e+03
583 0 +7.397859714e+01 +1.073978597e+03 +1.073978597e+03
687 0 +7.241186488e+01 +1.072411865e+03 +1.072411865e+03
742 0 +7.078068648e+01 +1.070780686e+03 +1.070780686e+03
865 0 +6.829110632e+01 +1.068291106e+03 +1.068291106e+03
926 0 +6.701896721e+01 +1.067018967e+03 +1.067018967e+03
953 0 +6.583988851e+01 +1.065839889e+03 +1.065839889e+03
978 0 +6.303338071e+01 +1.063033381e+03 +1.063033381e+03
1013 0 +5.940423219e+01 +1.059404232e+03 +1.059404232e+03
1043 0 +5.708408620e+01 +1.057084086e+03 +1.057084086e+03
1111 0 +5.479765730e+01 +1.054797657e+03 +1.054797657e+03
1161 0 +5.217924477e+01 +1.052179245e+03 +1.052179245e+03
1167 0 +4.963941750e+01 +1.049639418e+03 +1.049639418e+03
1224 0 +4.497445787e+01 +1.044974458e+03 +1.044974458e+03
1284 0 +4.191719257e+01 +1.041917193e+03 +1.041917193e+03
1398 0 +3.456535125e+01 +1.034565351e+03 +1.034565351e+03
1415 0 +2.901824576e+01 +1.029018246e+03 +1.029018246e+03
1589 0 +2.831748362e+01 +1.028317484e+03 +1.028317484e+03
1709 0 +2.783549347e+01 +1.027835493e+03 +1.027835493e+03
2282 0 +2.685148636e+01 +1.026851486e+03 +1.026851486e+03
2285 0 +2.455245543e+01 +1.024552455e+03 +1.024552455e+03
2301 0 +2.420244414e+01 +1.024202444e+03 +1.024202444e+03
2369 0 +2.311956849e+01 +1.023119568e+03 +1.023119568e+03
2408 0 +2.254580783e+01 +1.022545808e+03 +1.022545808e+03
2534 0 +2.193662460e+01 +1.021936625e+03 +1.021936625e+03
2600 0 +1.811250513e+01 +1.018112505e+03 +1.018112505e+03
2713 0 +1.633589834e+01 +1.016335898e+03 +1.016335898e+03
2844 0 +1.596985057e+01 +1.015969851e+03 +1.015969851e+03
2919 0 +1.486413464e+01 +1.014864135e+03 +1.014864135e+03
3087 0 +1.386528645e+01 +1.013865286e+03 +1.013865286e+03
3132 0 +1.299320576e+01 +1.012993206e+03 +1.012993206e+03
3253 0 +1.256957835e+01 +1.012569578e+03 +1.012569578e+03
3257 0 +1.118678273e+01 +1.011186783e+03 +1.011186783e+03
3343 0 +1.064333765e+01 +1.010643338e+03 +1.010643338e+03
3486 0 +1.036278945e+01 +1.010362789e+03 +1.010362789e+03
3487 0 +1.005973780e+01 +1.010059738e+03 +1.010059738e+03
3622 0 +9.928441241e+00 +1.009928441e+03 +1.009928441e+03
3647 0 +9.537594302e+00 +1.009537594e+03 +1.009537594e+03
3917 0 +9.196176300e+00 +1.009196176e+03 +1.009196176e+03
3962 0 +8.872783042e+00 +1.008872783e+03 +1.008872783e+03
4043 0 +8.695538505e+00 +1.008695539e+03 +1.008695539e+03
4154 0 +8.276460737e+00 +1.008276461e+03 +1.008276461e+03
4942 0 +8.091822796e+00 +1.008091823e+03 +1.008091823e+03
5780 0 +7.937492336e+00 +1.007937492e+03 +1.007937492e+03
% f evaluations | g evaluations | best noise-free fitness - Fopt (-3.153700000000e+02) + sum g_i+ | measured fitness | best measured fitness or single-digit g-values | x1 | x2...
1 0 +8.048046311e+01 -2.348895369e+02 -2.348895369e+02
7 0 +7.984562174e+01 -2.355243783e+02 -2.355243783e+02
259 0 +7.939174145e+01 -2.359782585e+02 -2.359782585e+02
% f evaluations | g evaluations | best noise-free fitness - Fopt (7.019000000000e+01) + sum g_i+ | measured fitness | best measured fitness or single-digit g-values | x1 | x2...
1 0 +8.041882816e+01 +1.506088282e+02 +1.506088282e+02
2 0 +7.957704340e+01 +1.497670434e+02 +1.497670434e+02
7 0 +7.926050201e+01 +1.494505020e+02 +1.494505020e+02
167 0 +7.757610475e+01 +1.477661048e+02 +1.477661048e+02
264 0 +7.585314335e+01 +1.460431433e+02 +1.460431433e+02
409 0 +7.400402561e+01 +1.441940256e+02 +1.441940256e+02
502 0 +7.181565536e+01 +1.420056554e+02 +1.420056554e+02
559 0 +7.047681330e+01 +1.406668133e+02 +1.406668133e+02
609 0 +6.910170799e+01 +1.392917080e+02 +1.392917080e+02
738 0 +6.682942505e+01 +1.370194251e+02 +1.370194251e+02
796 0 +6.511699760e+01 +1.353069976e+02 +1.353069976e+02
800 0 +6.191377257e+01 +1.321037726e+02 +1.321037726e+02
801 0 +6.129815791e+01 +1.314881579e+02 +1.314881579e+02
867 0 +5.776080639e+01 +1.279508064e+02 +1.279508064e+02
871 0 +5.638324233e+01 +1.265732423e+02 +1.265732423e+02
917 0 +5.145619289e+01 +1.216461929e+02 +1.216461929e+02
979 0 +4.325240939e+01 +1.134424094e+02 +1.134424094e+02
986 0 +4.185023855e+01 +1.120402385e+02 +1.120402385e+02
1089 0 +4.105115144e+01 +1.112411514e+02 +1.112411514e+02
1106 0 +3.841310737e+01 +1.086031074e+02 +1.086031074e+02
1152 0 +3.694032454e+01 +1.071303245e+02 +1.071303245e+02
1207 0 +3.565650469e+01 +1.058465047e+02 +1.058465047e+02
1224 0 +3.428733005e+01 +1.044773300e+02 +1.044773300e+02
1225 0 +3.010467761e+01 +1.002946776e+02 +1.002946776e+02
1229 0 +2.830125667e+01 +9.849125667e+01 +9.849125667e+01
1230 0 +2.807469961e+01 +9.826469961e+01 +9.826469961e+01
1274 0 +2.557288055e+01 +9.576288055e+01 +9.576288055e+01
1385 0 +2.465057386e+01 +9.484057386e+01 +9.484057386e+01
1463 0 +2.099253840e+01 +9.118253840e+01 +9.118253840e+01
1574 0 +1.969969104e+01 +8.988969104e+01 +8.988969104e+01
1623 0 +1.728886438e+01 +8.747886438e+01 +8.747886438e+01
1650 0 +1.673729445e+01 +8.692729445e+01 +8.692729445e+01
2397 0 +1.423349129e+01 +8.442349129e+01 +8.442349129e+01
2410 0 +1.404217150e+01 +8.423217150e+01 +8.423217150e+01
2445 0 +1.149270291e+01 +8.168270291e+01 +8.168270291e+01
2449 0 +1.119380564e+01 +8.138380564e+01 +8.138380564e+01
2468 0 +9.718070604e+00 +7.990807060e+01 +7.990807060e+01
2470 0 +9.036555800e+00 +7.922655580e+01 +7.922655580e+01
2588 0 +8.577042585e+00 +7.876704259e+01 +7.876704259e+01
2593 0 +6.895615642e+00 +7.708561564e+01 +7.708561564e+01
2784 0 +5.994408878e+00 +7.618440888e+01 +7.618440888e+01
2966 0 +3.883068327e+00 +7.407306833e+01 +7.407306833e+01
2969 0 +3.203339024e+00 +7.339333902e+01 +7.339333902e+01
3001 0 +2.821077829e+00 +7.301107783e+01 +7.301107783e+01
3136 0 +2.626671345e+00 +7.281667135e+01 +7.281667135e+01
3389 0 +2.536374529e+00 +7.272637453e+01 +7.272637453e+01
3440 0 +1.914046911e+00 +7.210404691e+01 +7.210404691e+01
3560 0 +5.709800507e-01 +7.076098005e+01 +7.076098005e+01
3930 0 +5.031513505e-01 +7.069315135e+01 +7.069315135e+01
4021 0 +4.933081888e-01 +7.068330819e+01 +7.068330819e+01
4044 0 +4.859337035e-01 +7.067593370e+01 +7.067593370e+01
4106 0 +4.681589529e-01 +7.065815895e+01 +7.065815895e+01
4153 0 +4.357540693e-01 +7.062575407e+01 +7.062575407e+01
4216 0 +3.755233986e-01 +7.056552340e+01 +7.056552340e+01
4261 0 +3.190433536e-01 +7.050904335e+01 +7.050904335e+01
4285 0 +2.686170081e-01 +7.045861701e+01 +7.045861701e+01
4289 0 +2.214158283e-01 +7.041141583e+01 +7.041141583e+01
4408 0 +1.343477977e-01 +7.032434780e+01 +7.032434780e+01
4746 0 +1.264954168e-01 +7.031649542e+01 +7.031649542e+01
4749 0 +1.043678840e-01 +7.029436788e+01 +7.029436788e+01
5162 0 +6.532024616e-02 +7.025532025e+01 +7.025532025e+01
5241 0 +3.949968726e-02 +7.022949969e+01 +7.022949969e+01
5565 0 +3.518335876e-02 +7.022518336e+01 +7.022518336e+01
5782 0 +3.390052968e-02 +7.022390053e+01 +7.022390053e+01
5788 0 +2.975097591e-02 +7.021975098e+01 +7.021975098e+01
5815 0 +1.883168077e-02 +7.020883168e+01 +7.020883168e+01
6076 0 +1.505726057e-02 +7.020505726e+01 +7.020505726e+01
6139 0 +1.475405319e-02 +7.020475405e+01 +7.020475405e+01
6304 0 +1.251363817e-02 +7.020251364e+01 +7.020251364e+01
6314 0 +1.037721438e-02 +7.020037721e+01 +7.020037721e+01
6649 0 +9.885208282e-03 +7.019988521e+01 +7.019988521e+01
6661 0 +6.692517409e-03 +7.019669252e+01 +7.019669252e+01
6773 0 +5.938549768e-03 +7.019593855e+01 +7.019593855e+01
7034 0 +4.442398835e-03 +7.019444240e+01 +7.019444240e+01
7098 0 +3.753501888e-03 +7.019375350e+01 +7.019375350e+01
7142 0 +3.358582487e-03 +7.019335858e+01 +7.019335858e+01
7573 0 +3.290518551e-03 +7.019329052e+01 +7.019329052e+01
7695 0 +3.020954432e-03 +7.019302095e+01 +7.019302095e+01
7873 0 +1.248687095e-03 +7.019124869e+01 +7.019124869e+01
7993 0 +1.004446890e-03 +7.019100445e+01 +7.019100445e+01
8002 0 +9.651503075e-04 +7.019096515e+01 +7.019096515e+01
8189 0 +7.756019644e-04 +7.019077560e+01 +7.019077560e+01
8414 0 +7.441347873e-04 +7.019074413e+01 +7.019074413e+01
8424 0 +6.773461507e-04 +7.019067735e+01 +7.019067735e+01
8490 0 +6.167594084e-04 +7.019061676e+01 +7.019061676e+01
8540 0 +3.973372522e-04 +7.019039734e+01 +7.019039734e+01
8658 0 +3.719768908e-04 +7.019037198e+01 +7.019037198e+01
8721 0 +3.525415695e-04 +7.019035254e+01 +7.019035254e+01
8722 0 +2.563326197e-04 +7.019025633e+01 +7.019025633e+01
8766 0 +2.204119791e-04 +7.019022041e+01 +7.019022041e+01
8767 0 +2.012128819e-04 +7.019020121e+01 +7.019020121e+01
8789 0 +1.625642106e-04 +7.019016256e+01 +7.019016256e+01
9027 0 +1.480335729e-04 +7.019014803e+01 +7.019014803e+01
9031 0 +1.311930982e-04 +7.019013119e+01 +7.019013119e+01
9140 0 +1.263230135e-04 +7.019012632e+01 +7.019012632e+01
9320 0 +9.984273203e-05 +7.019009984e+01 +7.019009984e+01
9365 0 +9.398847108e-05 +7.019009399e+01 +7.019009399e+01
10017 0 +8.891682398e-05 +7.019008892e+01 +7.019008892e+01
10032 0 +5.129095845e-05 +7.019005129e+01 +7.019005129e+01
10039 0 +4.607884625e-05 +7.019004608e+01 +7.019004608e+01
10109 0 +4.170096656e-05 +7.019004170e+01 +7.019004170e+01
10137 0 +3.927713115e-05 +7.019003928e+01 +7.019003928e+01
10503 0 +3.318617954e-05 +7.019003319e+01 +7.019003319e+01
10525 0 +3.292474528e-05 +7.019003292e+01 +7.019003292e+01
10563 0 +2.825155194e-05 +7.019002825e+01 +7.019002825e+01
10571 0 +2.484173787e-05 +7.019002484e+01 +7.019002484e+01
10644 0 +1.987052036e-05 +7.019001987e+01 +7.019001987e+01
10698 0 +1.488614492e-05 +7.019001489e+01 +7.019001489e+01
10959 0 +8.642553894e-06 +7.019000864e+01 +7.019000864e+01
11001 0 +8.247660475e-06 +7.019000825e+01 +7.019000825e+01
11041 0 +7.295358628e-06 +7.019000730e+01 +7.019000730e+01
11129 0 +7.165982240e-06 +7.019000717e+01 +7.019000717e+01
11294 0 +6.619344717e-06 +7.019000662e+01 +7.019000662e+01
11346 0 +6.454103271e-06 +7.019000645e+01 +7.019000645e+01
11416 0 +6.245621847e-06 +7.019000625e+01 +7.019000625e+01
11449 0 +6.135272798e-06 +7.019000614e+01 +7.019000614e+01
11486 0 +5.964260708e-06 +7.019000596e+01 +7.019000596e+01
11585 0 +5.499230653e-06 +7.019000550e+01 +7.019000550e+01
11712 0 +5.118830359e-06 +7.019000512e+01 +7.019000512e+01
11850 0 +4.481571807e-06 +7.019000448e+01 +7.019000448e+01
11873 0 +3.108801408e-06 +7.019000311e+01 +7.019000311e+01
12071 0 +2.854307752e-06 +7.019000285e+01 +7.019000285e+01
12173 0 +2.097889208e-06 +7.019000210e+01 +7.019000210e+01
12243 0 +2.020329987e-06 +7.019000202e+01 +7.019000202e+01
12246 0 +1.842493916e-06 +7.019000184e+01 +7.019000184e+01
12305 0 +1.705336700e-06 +7.019000171e+01 +7.019000171e+01
12378 0 +1.660746378e-06 +7.019000166e+01 +7.019000166e+01
12445 0 +1.402192922e-06 +7.019000140e+01 +7.019000140e+01
12605 0 +1.086049210e-06 +7.019000109e+01 +7.019000109e+01
12612 0 +6.633951983e-07 +7.019000066e+01 +7.019000066e+01
12623 0 +5.862348047e-07 +7.019000059e+01 +7.019000059e+01
13025 0 +5.555629770e-07 +7.019000056e+01 +7.019000056e+01
13295 0 +5.310122617e-07 +7.019000053e+01 +7.019000053e+01
13344 0 +3.800935389e-07 +7.019000038e+01 +7.019000038e+01
13458 0 +3.249148648e-07 +7.019000032e+01 +7.019000032e+01
13696 0 +3.009924399e-07 +7.019000030e+01 +7.019000030e+01
13881 0 +2.908358994e-07 +7.019000029e+01 +7.019000029e+01
13921 0 +2.139330348e-07 +7.019000021e+01 +7.019000021e+01
13926 0 +2.057136754e-07 +7.019000021e+01 +7.019000021e+01
14002 0 +1.786177251e-07 +7.019000018e+01 +7.019000018e+01
14184 0 +1.634778641e-07 +7.019000016e+01 +7.019000016e+01
14227 0 +1.493254160e-07 +7.019000015e+01 +7.019000015e+01
14347 0 +1.329092640e-07 +7.019000013e+01 +7.019000013e+01
14365 0 +1.065494786e-07 +7.019000011e+01 +7.019000011e+01
14367 0 +8.016014874e-08 +7.019000008e+01 +7.019000008e+01
14393 0 +7.008883074e-08 +7.019000007e+01 +7.019000007e+01
14482 0 +4.764854111e-08 +7.019000005e+01 +7.019000005e+01
14662 0 +4.433884726e-08 +7.019000004e+01 +7.019000004e+01
14729 0 +3.244784352e-08 +7.019000003e+01 +7.019000003e+01
14783 0 +3.084997502e-08 +7.019000003e+01 +7.019000003e+01
14995 0 +2.109352693e-08 +7.019000002e+01 +7.019000002e+01
15013 0 +1.460021792e-08 +7.019000001e+01 +7.019000001e+01
15142 0 +1.432736951e-08 +7.019000001e+01 +7.019000001e+01
15273 0 +1.371638803e-08 +7.019000001e+01 +7.019000001e+01
15311 0 +1.101439295e-08 +7.019000001e+01 +7.019000001e+01
15869 0 +9.162022252e-09 +7.019000001e+01 +7.019000001e+01
24920 0 +0.000000000e+00 +7.019000000e+01 +7.019000000e+01
% f evaluations | g evaluations | best noise-free fitness - Fopt (-1.123100000000e+02) + sum g_i+ | measured fitness | best measured fitness or single-digit g-values | x1 | x2...
1 0 +8.282376787e+01 -2.948623213e+01 -2.948623213e+01
2 0 +8.171115616e+01 -3.059884384e+01 -3.059884384e+01
% f evaluations | g evaluations | best noise-free fitness - Fopt (4.463000000000e+01) + sum g_i+ | measured fitness | best measured fitness or single-digit g-values | x1 | x2...
1 0 +7.986243319e+01 +1.244924332e+02 +1.244924332e+02
2 0 +7.913354191e+01 +1.237635419e+02 +1.237635419e+02
99 0 +7.760497839e+01 +1.222349784e+02 +1.222349784e+02
256 0 +7.557965915e+01 +1.202096591e+02 +1.202096591e+02
381 0 +7.326604936e+01 +1.178960494e+02 +1.178960494e+02
457 0 +7.233240573e+01 +1.169624057e+02 +1.169624057e+02
575 0 +7.053435258e+01 +1.151643526e+02 +1.151643526e+02
682 0 +6.911651493e+01 +1.137465149e+02 +1.137465149e+02
738 0 +6.644114040e+01 +1.110711404e+02 +1.110711404e+02
798 0 +6.448574714e+01 +1.091157471e+02 +1.091157471e+02
817 0 +6.277784757e+01 +1.074078476e+02 +1.074078476e+02
861 0 +6.102679927e+01 +1.056567993e+02 +1.056567993e+02
869 0 +6.012676617e+01 +1.047567662e+02 +1.047567662e+02
897 0 +5.870561495e+01 +1.033356150e+02 +1.033356150e+02
921 0 +5.366010050e+01 +9.829010050e+01 +9.829010050e+01
976 0 +4.687800298e+01 +9.150800298e+01 +9.150800298e+01
980 0 +4.549484296e+01 +9.012484296e+01 +9.012484296e+01
985 0 +4.332720456e+01 +8.795720456e+01 +8.795720456e+01
999 0 +4.184061760e+01 +8.647061760e+01 +8.647061760e+01
1046 0 +4.118151534e+01 +8.581151534e+01 +8.581151534e+01
1047 0 +3.377090746e+01 +7.840090746e+01 +7.840090746e+01
1098 0 +2.913639137e+01 +7.376639137e+01 +7.376639137e+01
1099 0 +2.417181500e+01 +6.880181500e+01 +6.880181500e+01
1158 0 +2.089714861e+01 +6.552714861e+01 +6.552714861e+01
1334 0 +1.962906368e+01 +6.425906368e+01 +6.425906368e+01
1335 0 +1.843624638e+01 +6.306624638e+01 +6.306624638e+01
2297 0 +1.738242114e+01 +6.201242114e+01 +6.201242114e+01
2313 0 +1.631735300e+01 +6.094735300e+01 +6.094735300e+01
2445 0 +1.615362014e+01 +6.078362014e+01 +6.078362014e+01
2522 0 +1.271595130e+01 +5.734595130e+01 +5.734595130e+01
2527 0 +1.116411523e+01 +5.579411523e+01 +5.579411523e+01
2559 0 +9.542947136e+00 +5.417294714e+01 +5.417294714e+01
2777 0 +8.728842061e+00 +5.335884206e+01 +5.335884206e+01
2842 0 +7.731885351e+00 +5.236188535e+01 +5.236188535e+01
2845 0 +7.235456229e+00 +5.186545623e+01 +5.186545623e+01
2913 0 +6.955312705e+00 +5.158531271e+01 +5.158531271e+01
3041 0 +6.663329075e+00 +5.129332908e+01 +5.129332908e+01
3076 0 +6.170640333e+00 +5.080064033e+01 +5.080064033e+01
3135 0 +4.995336736e+00 +4.962533674e+01 +4.962533674e+01
3161 0 +4.452122095e+00 +4.908212210e+01 +4.908212210e+01
3318 0 +2.965336390e+00 +4.759533639e+01 +4.759533639e+01
3335 0 +2.899796262e+00 +4.752979626e+01 +4.752979626e+01
3624 0 +2.788983881e+00 +4.741898388e+01 +4.741898388e+01
3647 0 +2.486976327e+00 +4.711697633e+01 +4.711697633e+01
3953 0 +2.299371974e+00 +4.692937197e+01 +4.692937197e+01
3977 0 +2.287462697e+00 +4.691746270e+01 +4.691746270e+01
4049 0 +2.104783511e+00 +4.673478351e+01 +4.673478351e+01
4162 0 +2.065185584e+00 +4.669518558e+01 +4.669518558e+01
4169 0 +2.027676496e+00 +4.665767650e+01 +4.665767650e+01
4270 0 +1.977655960e+00 +4.660765596e+01 +4.660765596e+01
4286 0 +1.896500079e+00 +4.652650008e+01 +4.652650008e+01
4387 0 +1.798174400e+00 +4.642817440e+01 +4.642817440e+01
4877 0 +1.768545826e+00 +4.639854583e+01 +4.639854583e+01
4948 0 +1.673462160e+00 +4.630346216e+01 +4.630346216e+01
5000 0 +1.651742362e+00 +4.628174236e+01 +4.628174236e+01
5009 0 +1.548814079e+00 +4.617881408e+01 +4.617881408e+01
5085 0 +1.468128634e+00 +4.609812863e+01 +4.609812863e+01
5184 0 +1.422628071e+00 +4.605262807e+01 +4.605262807e+01
5226 0 +1.393042362e+00 +4.602304236e+01 +4.602304236e+01
5250 0 +1.324855532e+00 +4.595485553e+01 +4.595485553e+01
5350 0 +1.315613038e+00 +4.594561304e+01 +4.594561304e+01
5416 0 +1.234816548e+00 +4.586481655e+01 +4.586481655e+01
5521 0 +1.211562508e+00 +4.584156251e+01 +4.584156251e+01
5707 0 +1.182026946e+00 +4.581202695e+01 +4.581202695e+01
5766 0 +1.147562817e+00 +4.577756282e+01 +4.577756282e+01
5913 0 +1.116517563e+00 +4.574651756e+01 +4.574651756e+01
5956 0 +1.094488112e+00 +4.572448811e+01 +4.572448811e+01
6137 0 +1.071058744e+00 +4.570105874e+01 +4.570105874e+01
6175 0 +1.041758668e+00 +4.567175867e+01 +4.567175867e+01
6376 0 +1.002756472e+00 +4.563275647e+01 +4.563275647e+01
6503 0 +9.929181778e-01 +4.562291818e+01 +4.562291818e+01
6687 0 +9.766577326e-01 +4.560665773e+01 +4.560665773e+01
7517 0 +9.548412946e-01 +4.558484129e+01 +4.558484129e+01
9019 0 +9.331585403e-01 +4.556315854e+01 +4.556315854e+01
% f evaluations | g evaluations | best noise-free fitness - Fopt (-9.422000000000e+01) + sum g_i+ | measured fitness | best measured fitness or single-digit g-values | x1 | x2...
1 0 +8.091246831e+01 -1.330753169e+01 -1.330753169e+01
10 0 +8.085954133e+01 -1.336045867e+01 -1.336045867e+01
