% f evaluations | g evaluations | best noise-free fitness - Fopt (-1.025500000000e+02) + sum g_i+ | measured fitness | best measured fitness or single-digit g-values | x1 | x2...
1 0 +1.934933290e+01 -8.320066710e+01 -8.320066710e+01
3 0 +1.767319346e+01 -8.487680654e+01 -8.487680654e+01
10 0 +1.680868399e+01 -8.574131601e+01 -8.574131601e+01
16 0 +1.416804504e+01 -8.838195496e+01 -8.838195496e+01
80 0 +1.385983369e+01 -8.869016631e+01 -8.869016631e+01
288 0 +1.230587987e+01 -9.024412013e+01 -9.024412013e+01
3472 0 +1.113670476e+01 -9.141329524e+01 -9.141329524e+01
% f evaluations | g evaluations | best noise-free fitness - Fopt (7.169000000000e+01) + sum g_i+ | measured fitness | best measured fitness or single-digit g-values | x1 | x2...
1 0 +1.781565807e+01 +8.950565807e+01 +8.950565807e+01
4 0 +1.300875908e+01 +8.469875908e+01 +8.469875908e+01
93 0 +1.165371187e+01 +8.334371187e+01 +8.334371187e+01
179 0 +1.133232333e+01 +8.302232333e+01 +8.302232333e+01
199 0 +1.109708058e+01 +8.278708058e+01 +8.278708058e+01
221 0 +1.095837894e+01 +8.264837894e+01 +8.264837894e+01
233 0 +1.018154421e+01 +8.187154421e+01 +8.187154421e+01
250 0 +9.211141781e+00 +8.090114178e+01 +8.090114178e+01
260 0 +9.056002175e+00 +8.074600217e+01 +8.074600217e+01
287 0 +8.438981169e+00 +8.012898117e+01 +8.012898117e+01
328 0 +8.141579546e+00 +7.983157955e+01 +7.983157955e+01
509 0 +7.872095436e+00 +7.956209544e+01 +7.956209544e+01
1213 0 +7.578944456e+00 +7.926894446e+01 +7.926894446e+01
1311 0 +6.921325952e+00 +7.861132595e+01 +7.861132595e+01
1355 0 +6.851806570e+00 +7.854180657e+01 +7.854180657e+01
4071 0 +6.368721474e+00 +7.805872147e+01 +7.805872147e+01
4846 0 +5.567521551e+00 +7.725752155e+01 +7.725752155e+01
11138 0 +5.076738508e+00 +7.676673851e+01 +7.676673851e+01
14409 0 +4.934865399e+00 +7.662486540e+01 +7.662486540e+01
14884 0 +4.675797728e+00 +7.636579773e+01 +7.636579773e+01
15628 0 +4.468276682e+00 +7.615827668e+01 +7.615827668e+01
15725 0 +4.328548332e+00 +7.601854833e+01 +7.601854833e+01
15801 0 +4.174686012e+00 +7.586468601e+01 +7.586468601e+01
15912 0 +3.954455965e+00 +7.564445597e+01 +7.564445597e+01
16297 0 +3.795466358e+00 +7.548546636e+01 +7.548546636e+01
16312 0 +3.261103345e+00 +7.495110335e+01 +7.495110335e+01
16362 0 +3.213144959e+00 +7.490314496e+01 +7.490314496e+01
16381 0 +3.143799433e+00 +7.483379943e+01 +7.483379943e+01
16406 0 +2.164616997e+00 +7.385461700e+01 +7.385461700e+01
16837 0 +2.042900039e+00 +7.373290004e+01 +7.373290004e+01
16872 0 +1.936343073e+00 +7.362634307e+01 +7.362634307e+01
17052 0 +1.894596147e+00 +7.358459615e+01 +7.358459615e+01
17057 0 +1.834297279e+00 +7.352429728e+01 +7.352429728e+01
17169 0 +1.818455096e+00 +7.350845510e+01 +7.350845510e+01
17179 0 +1.634511254e+00 +7.332451125e+01 +7.332451125e+01
17223 0 +1.585596674e+00 +7.327559667e+01 +7.327559667e+01
17235 0 +1.532976212e+00 +7.322297621e+01 +7.322297621e+01
17484 0 +1.505232062e+00 +7.319523206e+01 +7.319523206e+01
17553 0 +1.478814648e+00 +7.316881465e+01 +7.316881465e+01
17596 0 +1.426006215e+00 +7.311600622e+01 +7.311600622e+01
17624 0 +1.377321691e+00 +7.306732169e+01 +7.306732169e+01
17717 0 +1.329215164e+00 +7.301921516e+01 +7.301921516e+01
17815 0 +1.303008138e+00 +7.299300814e+01 +7.299300814e+01
17859 0 +1.277985477e+00 +7.296798548e+01 +7.296798548e+01
17878 0 +1.234570039e+00 +7.292457004e+01 +7.292457004e+01
17919 0 +1.206132429e+00 +7.289613243e+01 +7.289613243e+01
18092 0 +1.195780818e+00 +7.288578082e+01 +7.288578082e+01
18251 0 +1.169016793e+00 +7.285901679e+01 +7.285901679e+01
18368 0 +1.132398135e+00 +7.282239813e+01 +7.282239813e+01
18393 0 +1.118193368e+00 +7.280819337e+01 +7.280819337e+01
18411 0 +1.092760372e+00 +7.278276037e+01 +7.278276037e+01
18503 0 +1.066438399e+00 +7.275643840e+01 +7.275643840e+01
18575 0 +1.033730325e+00 +7.272373033e+01 +7.272373033e+01
18621 0 +1.019675274e+00 +7.270967527e+01 +7.270967527e+01
18708 0 +9.907098184e-01 +7.268070982e+01 +7.268070982e+01
18817 0 +9.736427871e-01 +7.266364279e+01 +7.266364279e+01
18887 0 +9.456379031e-01 +7.263563790e+01 +7.263563790e+01
19025 0 +9.313557945e-01 +7.262135579e+01 +7.262135579e+01
19179 0 +9.113914626e-01 +7.260139146e+01 +7.260139146e+01
19309 0 +8.905635211e-01 +7.258056352e+01 +7.258056352e+01
19427 0 +8.666658269e-01 +7.255666583e+01 +7.255666583e+01
19572 0 +8.486155521e-01 +7.253861555e+01 +7.253861555e+01
19702 0 +8.314578558e-01 +7.252145786e+01 +7.252145786e+01
19813 0 +8.120381948e-01 +7.250203819e+01 +7.250203819e+01
20011 0 +7.935515966e-01 +7.248355160e+01 +7.248355160e+01
20241 0 +7.718217827e-01 +7.246182178e+01 +7.246182178e+01
20514 0 +7.572670641e-01 +7.244726706e+01 +7.244726706e+01
20894 0 +7.393931530e-01 +7.242939315e+01 +7.242939315e+01
21226 0 +7.236554827e-01 +7.241365548e+01 +7.241365548e+01
21886 0 +7.053509229e-01 +7.239535092e+01 +7.239535092e+01
24247 0 +6.918270200e-01 +7.238182702e+01 +7.238182702e+01
29165 0 +6.760431482e-01 +7.236604315e+01 +7.236604315e+01
29954 0 +6.599649293e-01 +7.234996493e+01 +7.234996493e+01
30454 0 +6.455525747e-01 +7.233555257e+01 +7.233555257e+01
31088 0 +6.307262919e-01 +7.232072629e+01 +7.232072629e+01
36276 0 +6.165714772e-01 +7.230657148e+01 +7.230657148e+01
37880 0 +6.018885473e-01 +7.229188855e+01 +7.229188855e+01
45553 0 +5.887719307e-01 +7.227877193e+01 +7.227877193e+01
404971 0 +5.754378742e-01 +7.226543787e+01 +7.226543787e+01
% f evaluations | g evaluations | best noise-free fitness - Fopt (2.140100000000e+02) + sum g_i+ | measured fitness | best measured fitness or single-digit g-values | x1 | x2...
1 0 +2.674108372e+01 +2.407510837e+02 +2.407510837e+02
2 0 +1.953788474e+01 +2.335478847e+02 +2.335478847e+02
6 0 +1.766556535e+01 +2.316755654e+02 +2.316755654e+02
12 0 +1.478848822e+01 +2.287984882e+02 +2.287984882e+02
52 0 +1.412277109e+01 +2.281327711e+02 +2.281327711e+02
110 0 +1.332227549e+01 +2.273322755e+02 +2.273322755e+02
176 0 +1.295497848e+01 +2.269649785e+02 +2.269649785e+02
180 0 +1.271702799e+01 +2.267270280e+02 +2.267270280e+02
197 0 +1.153036572e+01 +2.255403657e+02 +2.255403657e+02
213 0 +1.116410882e+01 +2.251741088e+02 +2.251741088e+02
215 0 +1.063368956e+01 +2.246436896e+02 +2.246436896e+02
218 0 +9.829541281e+00 +2.238395413e+02 +2.238395413e+02
308 0 +9.534823518e+00 +2.235448235e+02 +2.235448235e+02
400 0 +9.061107028e+00 +2.230711070e+02 +2.230711070e+02
433 0 +8.095983357e+00 +2.221059834e+02 +2.221059834e+02
764 0 +7.849044100e+00 +2.218590441e+02 +2.218590441e+02
845 0 +7.589894703e+00 +2.215998947e+02 +2.215998947e+02
1732 0 +7.418913338e+00 +2.214289133e+02 +2.214289133e+02
2041 0 +6.991810713e+00 +2.210018107e+02 +2.210018107e+02
4613 0 +6.302892234e+00 +2.203128922e+02 +2.203128922e+02
14754 0 +6.108799526e+00 +2.201187995e+02 +2.201187995e+02
16997 0 +5.521562690e+00 +2.195315627e+02 +2.195315627e+02
17946 0 +5.435390174e+00 +2.194453902e+02 +2.194453902e+02
18146 0 +5.353841395e+00 +2.193638414e+02 +2.193638414e+02
18424 0 +4.705917270e+00 +2.187159173e+02 +2.187159173e+02
18813 0 +4.278063048e+00 +2.182880630e+02 +2.182880630e+02
19284 0 +4.240512277e+00 +2.182505123e+02 +2.182505123e+02
19347 0 +3.872473814e+00 +2.178824738e+02 +2.178824738e+02
19411 0 +3.791565578e+00 +2.178015656e+02 +2.178015656e+02
19437 0 +3.700294533e+00 +2.177102945e+02 +2.177102945e+02
19474 0 +3.177004274e+00 +2.171870043e+02 +2.171870043e+02
19492 0 +2.651755349e+00 +2.166617553e+02 +2.166617553e+02
20332 0 +2.481623457e+00 +2.164916235e+02 +2.164916235e+02
20545 0 +2.358969704e+00 +2.163689697e+02 +2.163689697e+02
20668 0 +2.226520799e+00 +2.162365208e+02 +2.162365208e+02
20855 0 +2.181511890e+00 +2.161915119e+02 +2.161915119e+02
21053 0 +2.136234933e+00 +2.161462349e+02 +2.161462349e+02
21097 0 +2.068131892e+00 +2.160781319e+02 +2.160781319e+02
21180 0 +2.007276295e+00 +2.160172763e+02 +2.160172763e+02
21220 0 +1.942004039e+00 +2.159520040e+02 +2.159520040e+02
21369 0 +1.878050349e+00 +2.158880503e+02 +2.158880503e+02
21582 0 +1.853520240e+00 +2.158635202e+02 +2.158635202e+02
21668 0 +1.816020548e+00 +2.158260205e+02 +2.158260205e+02
21813 0 +1.766210260e+00 +2.157762103e+02 +2.157762103e+02
21926 0 +1.735544323e+00 +2.157455443e+02 +2.157455443e+02
22122 0 +1.686931260e+00 +2.156969313e+02 +2.156969313e+02
22433 0 +1.658187562e+00 +2.156681876e+02 +2.156681876e+02
22639 0 +1.620823289e+00 +2.156308233e+02 +2.156308233e+02
22852 0 +1.583290064e+00 +2.155932901e+02 +2.155932901e+02
23195 0 +1.546487344e+00 +2.155564873e+02 +2.155564873e+02
23709 0 +1.513543030e+00 +2.155235430e+02 +2.155235430e+02
24542 0 +1.477724547e+00 +2.154877245e+02 +2.154877245e+02
25018 0 +1.444075445e+00 +2.154540754e+02 +2.154540754e+02
25406 0 +1.407903365e+00 +2.154179034e+02 +2.154179034e+02
25752 0 +1.378740787e+00 +2.153887408e+02 +2.153887408e+02
26269 0 +1.348594673e+00 +2.153585947e+02 +2.153585947e+02
27149 0 +1.318032020e+00 +2.153280320e+02 +2.153280320e+02
27898 0 +1.286694359e+00 +2.152966944e+02 +2.152966944e+02
28684 0 +1.255976364e+00 +2.152659764e+02 +2.152659764e+02
29751 0 +1.229991609e+00 +2.152399916e+02 +2.152399916e+02
31048 0 +1.202007652e+00 +2.152120077e+02 +2.152120077e+02
31641 0 +1.174325362e+00 +2.151843254e+02 +2.151843254e+02
32112 0 +1.148043137e+00 +2.151580431e+02 +2.151580431e+02
32584 0 +1.121372175e+00 +2.151313722e+02 +2.151313722e+02
33139 0 +1.095965927e+00 +2.151059659e+02 +2.151059659e+02
33803 0 +1.070940269e+00 +2.150809403e+02 +2.150809403e+02
35635 0 +1.046162018e+00 +2.150561620e+02 +2.150561620e+02
36765 0 +1.021742354e+00 +2.150317424e+02 +2.150317424e+02
37239 0 +9.995774103e-01 +2.150095774e+02 +2.150095774e+02
37529 0 +9.771421277e-01 +2.149871421e+02 +2.149871421e+02
38056 0 +9.524058397e-01 +2.149624058e+02 +2.149624058e+02
38444 0 +9.313641116e-01 +2.149413641e+02 +2.149413641e+02
38815 0 +9.114254986e-01 +2.149214255e+02 +2.149214255e+02
39720 0 +8.910813207e-01 +2.149010813e+02 +2.149010813e+02
44640 0 +8.709616230e-01 +2.148809616e+02 +2.148809616e+02
46212 0 +8.510993118e-01 +2.148610993e+02 +2.148610993e+02
% f evaluations | g evaluations | best noise-free fitness - Fopt (-5.848000000000e+01) + sum g_i+ | measured fitness | best measured fitness or single-digit g-values | x1 | x2...
1 0 +2.426562899e+01 -3.421437101e+01 -3.421437101e+01
3 0 +2.108433529e+01 -3.739566471e+01 -3.739566471e+01
4 0 +1.881813632e+01 -3.966186368e+01 -3.966186368e+01
8 0 +1.370070415e+01 -4.477929585e+01 -4.477929585e+01
16 0 +1.022286825e+01 -4.825713175e+01 -4.825713175e+01
% f evaluations | g evaluations | best noise-free fitness - Fopt (-6.130800000000e+02) + sum g_i+ | measured fitness | best measured fitness or single-digit g-values | x1 | x2...
1 0 +2.265614870e+01 -5.904238513e+02 -5.904238513e+02
3 0 +1.585547505e+01 -5.972245249e+02 -5.972245249e+02
8 0 +1.445848465e+01 -5.986215153e+02 -5.986215153e+02
16 0 +9.208095676e+00 -6.038719043e+02 -6.038719043e+02
% f evaluations | g evaluations | best noise-free fitness - Fopt (-1.573300000000e+02) + sum g_i+ | measured fitness | best measured fitness or single-digit g-values | x1 | x2...
1 0 +1.600707328e+01 -1.413229267e+02 -1.413229267e+02
6 0 +1.467162883e+01 -1.426583712e+02 -1.426583712e+02
16 0 +1.268994536e+01 -1.446400546e+02 -1.446400546e+02
% f evaluations | g evaluations | best noise-free fitness - Fopt (-5.738000000000e+01) + sum g_i+ | measured fitness | best measured fitness or single-digit g-values | x1 | x2...
1 0 +2.300625099e+01 -3.437374901e+01 -3.437374901e+01
3 0 +1.668007340e+01 -4.069992660e+01 -4.069992660e+01
5 0 +1.424253440e+01 -4.313746560e+01 -4.313746560e+01
16 0 +1.019345582e+01 -4.718654418e+01 -4.718654418e+01
% f evaluations | g evaluations | best noise-free fitness - Fopt (3.301100000000e+02) + sum g_i+ | measured fitness | best measured fitness or single-digit g-values | x1 | x2...
1 0 +1.514813294e+01 +3.452581329e+02 +3.452581329e+02
13 0 +1.486772069e+01 +3.449777207e+02 +3.449777207e+02
99 0 +1.266851058e+01 +3.427785106e+02 +3.427785106e+02
155 0 +1.230433149e+01 +3.424143315e+02 +3.424143315e+02
171 0 +1.171197570e+01 +3.418219757e+02 +3.418219757e+02
221 0 +1.063890013e+01 +3.407489001e+02 +3.407489001e+02
455 0 +1.042851504e+01 +3.405385150e+02 +3.405385150e+02
471 0 +9.567226753e+00 +3.396772268e+02 +3.396772268e+02
528 0 +9.519203722e+00 +3.396292037e+02 +3.396292037e+02
537 0 +8.645243590e+00 +3.387552436e+02 +3.387552436e+02
645 0 +8.406303007e+00 +3.385163030e+02 +3.385163030e+02
772 0 +7.587951959e+00 +3.376979520e+02 +3.376979520e+02
1162 0 +7.076896617e+00 +3.371868966e+02 +3.371868966e+02
7049 0 +6.665863069e+00 +3.367758631e+02 +3.367758631e+02
10528 0 +6.593689853e+00 +3.367036899e+02 +3.367036899e+02
14247 0 +5.629277596e+00 +3.357392776e+02 +3.357392776e+02
42504 0 +5.577865695e+00 +3.356878657e+02 +3.356878657e+02
42595 0 +4.955968947e+00 +3.350659689e+02 +3.350659689e+02
44244 0 +4.854046551e+00 +3.349640466e+02 +3.349640466e+02
44327 0 +4.764658973e+00 +3.348746590e+02 +3.348746590e+02
44334 0 +4.240499638e+00 +3.343504996e+02 +3.343504996e+02
45057 0 +3.545992567e+00 +3.336559926e+02 +3.336559926e+02
46888 0 +2.996042803e+00 +3.331060428e+02 +3.331060428e+02
47779 0 +2.915641357e+00 +3.330256414e+02 +3.330256414e+02
47805 0 +2.657703825e+00 +3.327677038e+02 +3.327677038e+02
48062 0 +2.528518139e+00 +3.326385181e+02 +3.326385181e+02
48064 0 +2.452017412e+00 +3.325620174e+02 +3.325620174e+02
48144 0 +2.389608904e+00 +3.324996089e+02 +3.324996089e+02
48159 0 +2.205115005e+00 +3.323151150e+02 +3.323151150e+02
48224 0 +2.161549032e+00 +3.322715490e+02 +3.322715490e+02
48246 0 +2.128957693e+00 +3.322389577e+02 +3.322389577e+02
48360 0 +1.970570339e+00 +3.320805703e+02 +3.320805703e+02
48375 0 +1.893571908e+00 +3.320035719e+02 +3.320035719e+02
48382 0 +1.835026111e+00 +3.319450261e+02 +3.319450261e+02
48423 0 +1.594088798e+00 +3.317040888e+02 +3.317040888e+02
48546 0 +1.507365369e+00 +3.316173654e+02 +3.316173654e+02
48788 0 +1.421457266e+00 +3.315314573e+02 +3.315314573e+02
48853 0 +1.412425639e+00 +3.315224256e+02 +3.315224256e+02
48978 0 +1.345587402e+00 +3.314555874e+02 +3.314555874e+02
49051 0 +1.299328597e+00 +3.314093286e+02 +3.314093286e+02
49286 0 +1.253721538e+00 +3.313637215e+02 +3.313637215e+02
49472 0 +1.198416302e+00 +3.313084163e+02 +3.313084163e+02
50021 0 +1.172019479e+00 +3.312820195e+02 +3.312820195e+02
50496 0 +1.147367340e+00 +3.312573673e+02 +3.312573673e+02
50948 0 +1.120957421e+00 +3.312309574e+02 +3.312309574e+02
51535 0 +1.096297505e+00 +3.312062975e+02 +3.312062975e+02
52134 0 +1.069767836e+00 +3.311797678e+02 +3.311797678e+02
52698 0 +1.046751766e+00 +3.311567518e+02 +3.311567518e+02
53169 0 +1.022620070e+00 +3.311326201e+02 +3.311326201e+02
53687 0 +9.996957692e-01 +3.311096958e+02 +3.311096958e+02
54093 0 +9.770271856e-01 +3.310870272e+02 +3.310870272e+02
54632 0 +9.546293113e-01 +3.310646293e+02 +3.310646293e+02
55245 0 +9.330705360e-01 +3.310430705e+02 +3.310430705e+02
57231 0 +9.118790597e-01 +3.310218791e+02 +3.310218791e+02
60946 0 +8.912402135e-01 +3.310012402e+02 +3.310012402e+02
64896 0 +8.706981803e-01 +3.309806982e+02 +3.309806982e+02
66406 0 +8.510737348e-01 +3.309610737e+02 +3.309610737e+02
73179 0 +8.317597405e-01 +3.309417597e+02 +3.309417597e+02
75423 0 +8.127049249e-01 +3.309227049e+02 +3.309227049e+02
79379 0 +7.941658940e-01 +3.309041659e+02 +3.309041659e+02
80399 0 +7.759708732e-01 +3.308859709e+02 +3.308859709e+02
% f evaluations | g evaluations | best noise-free fitness - Fopt (-2.440000000000e+00) + sum g_i+ | measured fitness | best measured fitness or single-digit g-values | x1 | x2...
1 0 +2.261459296e+01 +2.017459296e+01 +2.017459296e+01
5 0 +2.115611872e+01 +1.871611872e+01 +1.871611872e+01
6 0 +1.677403096e+01 +1.433403096e+01 +1.433403096e+01
9 0 +1.569330697e+01 +1.325330697e+01 +1.325330697e+01
26 0 +1.281815981e+01 +1.037815981e+01 +1.037815981e+01
112 0 +1.148216495e+01 +9.042164946e+00 +9.042164946e+00
253 0 +1.129393398e+01 +8.853933981e+00 +8.853933981e+00
259 0 +1.044720041e+01 +8.007200414e+00 +8.007200414e+00
301 0 +1.021228514e+01 +7.772285142e+00 +7.772285142e+00
327 0 +9.408783881e+00 +6.968783881e+00 +6.968783881e+00
347 0 +9.284415265e+00 +6.844415265e+00 +6.844415265e+00
351 0 +9.057971096e+00 +6.617971096e+00 +6.617971096e+00
352 0 +8.554013840e+00 +6.114013840e+00 +6.114013840e+00
367 0 +7.943493608e+00 +5.503493608e+00 +5.503493608e+00
866 0 +7.878032448e+00 +5.438032448e+00 +5.438032448e+00
1641 0 +7.657309660e+00 +5.217309660e+00 +5.217309660e+00
1730 0 +6.700808345e+00 +4.260808345e+00 +4.260808345e+00
9468 0 +6.248434486e+00 +3.808434486e+00 +3.808434486e+00
9866 0 +5.636263270e+00 +3.196263270e+00 +3.196263270e+00
16311 0 +5.035111877e+00 +2.595111877e+00 +2.595111877e+00
18368 0 +4.807732880e+00 +2.367732880e+00 +2.367732880e+00
18501 0 +4.661176127e+00 +2.221176127e+00 +2.221176127e+00
18937 0 +4.441974622e+00 +2.001974622e+00 +2.001974622e+00
19194 0 +4.110190369e+00 +1.670190369e+00 +1.670190369e+00
19229 0 +3.949052644e+00 +1.509052644e+00 +1.509052644e+00
19610 0 +3.885428993e+00 +1.445428993e+00 +1.445428993e+00
19662 0 +3.792491026e+00 +1.352491026e+00 +1.352491026e+00
19714 0 +3.615327617e+00 +1.175327617e+00 +1.175327617e+00
19884 0 +3.446281774e+00 +1.006281774e+00 +1.006281774e+00
20189 0 +3.253652137e+00 +8.136521365e-01 +8.136521365e-01
20297 0 +3.193429637e+00 +7.534296375e-01 +7.534296375e-01
20303 0 +2.931067294e+00 +4.910672944e-01 +4.910672944e-01
20671 0 +2.876037550e+00 +4.360375504e-01 +4.360375504e-01
20692 0 +2.774734072e+00 +3.347340717e-01 +3.347340717e-01
20746 0 +2.666492049e+00 +2.264920487e-01 +2.264920487e-01
20855 0 +2.612116252e+00 +1.721162518e-01 +1.721162518e-01
21252 0 +2.550932370e+00 +1.109323703e-01 +1.109323703e-01
21257 0 +2.497790409e+00 +5.779040865e-02 +5.779040865e-02
21325 0 +2.448080555e+00 +8.080554963e-03 +8.080554963e-03
21541 0 +2.391760474e+00 -4.823952614e-02 -4.823952614e-02
% f evaluations | g evaluations | best noise-free fitness - Fopt (1.240000000000e+00) + sum g_i+ | measured fitness | best measured fitness or single-digit g-values | x1 | x2...
1 0 +1.706139976e+01 +1.830139976e+01 +1.830139976e+01
21 0 +1.674301194e+01 +1.798301194e+01 +1.798301194e+01
22 0 +1.539032030e+01 +1.663032030e+01 +1.663032030e+01
26 0 +1.271790234e+01 +1.395790234e+01 +1.395790234e+01
202 0 +1.229528599e+01 +1.353528599e+01 +1.353528599e+01
227 0 +1.167323588e+01 +1.291323588e+01 +1.291323588e+01
263 0 +1.131962260e+01 +1.255962260e+01 +1.255962260e+01
304 0 +9.711746478e+00 +1.095174648e+01 +1.095174648e+01
343 0 +8.814664457e+00 +1.005466446e+01 +1.005466446e+01
646 0 +8.326794956e+00 +9.566794956e+00 +9.566794956e+00
755 0 +7.554985174e+00 +8.794985174e+00 +8.794985174e+00
1823 0 +7.170886853e+00 +8.410886853e+00 +8.410886853e+00
4806 0 +6.707567804e+00 +7.947567804e+00 +7.947567804e+00
15946 0 +6.183345556e+00 +7.423345556e+00 +7.423345556e+00
30972 0 +5.615130277e+00 +6.855130277e+00 +6.855130277e+00
37588 0 +5.397247764e+00 +6.637247764e+00 +6.637247764e+00
42545 0 +5.241333536e+00 +6.481333536e+00 +6.481333536e+00
43088 0 +5.105719067e+00 +6.345719067e+00 +6.345719067e+00
43123 0 +4.881716514e+00 +6.121716514e+00 +6.121716514e+00
43932 0 +4.638113898e+00 +5.878113898e+00 +5.878113898e+00
44128 0 +4.450085841e+00 +5.690085841e+00 +5.690085841e+00
44167 0 +4.353475337e+00 +5.593475337e+00 +5.593475337e+00
44270 0 +4.189271558e+00 +5.429271558e+00 +5.429271558e+00
44358 0 +4.076816917e+00 +5.316816917e+00 +5.316816917e+00
44389 0 +3.839958256e+00 +5.079958256e+00 +5.079958256e+00
44409 0 +3.432733414e+00 +4.672733414e+00 +4.672733414e+00
44805 0 +3.242675563e+00 +4.482675563e+00 +4.482675563e+00
44817 0 +3.093917487e+00 +4.333917487e+00 +4.333917487e+00
44864 0 +3.004413733e+00 +4.244413733e+00 +4.244413733e+00
45162 0 +2.438679939e+00 +3.678679939e+00 +3.678679939e+00
45630 0 +2.326954242e+00 +3.566954242e+00 +3.566954242e+00
45781 0 +1.944524315e+00 +3.184524315e+00 +3.184524315e+00
46128 0 +1.879853149e+00 +3.119853149e+00 +3.119853149e+00
46330 0 +1.619741316e+00 +2.859741316e+00 +2.859741316e+00
46429 0 +1.583765353e+00 +2.823765353e+00 +2.823765353e+00
46443 0 +1.529535485e+00 +2.769535485e+00 +2.769535485e+00
46494 0 +1.500813226e+00 +2.740813226e+00 +2.740813226e+00
46783 0 +1.476772894e+00 +2.716772894e+00 +2.716772894e+00
46789 0 +1.444296557e+00 +2.684296557e+00 +2.684296557e+00
47073 0 +1.399389725e+00 +2.639389725e+00 +2.639389725e+00
47141 0 +1.379257138e+00 +2.619257138e+00 +2.619257138e+00
47375 0 +1.341221325e+00 +2.581221325e+00 +2.581221325e+00
47464 0 +1.316706673e+00 +2.556706673e+00 +2.556706673e+00
47752 0 +1.285737726e+00 +2.525737726e+00 +2.525737726e+00
48311 0 +1.256048767e+00 +2.496048767e+00 +2.496048767e+00
48711 0 +1.228921502e+00 +2.468921502e+00 +2.468921502e+00
49187 0 +1.200501979e+00 +2.440501979e+00 +2.440501979e+00
49724 0 +1.174128909e+00 +2.414128909e+00 +2.414128909e+00
50664 0 +1.147440721e+00 +2.387440721e+00 +2.387440721e+00
51341 0 +1.117993596e+00 +2.357993596e+00 +2.357993596e+00
51825 0 +1.096284653e+00 +2.336284653e+00 +2.336284653e+00
52301 0 +1.070326725e+00 +2.310326725e+00 +2.310326725e+00
52891 0 +1.045828496e+00 +2.285828496e+00 +2.285828496e+00
53279 0 +1.023135957e+00 +2.263135957e+00 +2.263135957e+00
53765 0 +9.996012885e-01 +2.239601289e+00 +2.239601289e+00
54225 0 +9.743570003e-01 +2.214357000e+00 +2.214357000e+00
54755 0 +9.537347306e-01 +2.193734731e+00 +2.193734731e+00
55468 0 +9.330870938e-01 +2.173087094e+00 +2.173087094e+00
56200 0 +9.116418362e-01 +2.151641836e+00 +2.151641836e+00
58618 0 +8.912103979e-01 +2.131210398e+00 +2.131210398e+00
60827 0 +8.708545135e-01 +2.110854514e+00 +2.110854514e+00
61512 0 +8.492800620e-01 +2.089280062e+00 +2.089280062e+00
62176 0 +8.316412500e-01 +2.071641250e+00 +2.071641250e+00
66765 0 +8.128272760e-01 +2.052827276e+00 +2.052827276e+00
71322 0 +7.943009593e-01 +2.034300959e+00 +2.034300959e+00
76549 0 +7.761620501e-01 +2.016162050e+00 +2.016162050e+00
80200 0 +7.585770222e-01 +1.998577022e+00 +1.998577022e+00
83920 0 +7.412140585e-01 +1.981214059e+00 +1.981214059e+00
85419 0 +7.242226489e-01 +1.964222649e+00 +1.964222649e+00
85996 0 +7.068250073e-01 +1.946825007e+00 +1.946825007e+00
86827 0 +6.916167643e-01 +1.931616764e+00 +1.931616764e+00
119167 0 +6.760606504e-01 +1.916060650e+00 +1.916060650e+00
195751 0 +6.606922953e-01 +1.900692295e+00 +1.900692295e+00
% f evaluations | g evaluations | best noise-free fitness - Fopt (4.701000000000e+01) + sum g_i+ | measured fitness | best measured fitness or single-digit g-values | x1 | x2...
1 0 +3.937716433e+01 +8.638716433e+01 +8.638716433e+01
2 0 +3.142672369e+01 +7.843672369e+01 +7.843672369e+01
3 0 +2.255370839e+01 +6.956370839e+01 +6.956370839e+01
4 0 +1.719489158e+01 +6.420489158e+01 +6.420489158e+01
5 0 +1.664230582e+01 +6.365230582e+01 +6.365230582e+01
6 0 +1.452398757e+01 +6.153398757e+01 +6.153398757e+01
28 0 +1.339134564e+01 +6.040134564e+01 +6.040134564e+01
44 0 +1.279094967e+01 +5.980094967e+01 +5.980094967e+01
85 0 +1.172752162e+01 +5.873752162e+01 +5.873752162e+01
89 0 +1.096511721e+01 +5.797511721e+01 +5.797511721e+01
146 0 +1.087872650e+01 +5.788872650e+01 +5.788872650e+01
254 0 +9.841810718e+00 +5.685181072e+01 +5.685181072e+01
347 0 +9.281696537e+00 +5.629169654e+01 +5.629169654e+01
377 0 +8.429875186e+00 +5.543987519e+01 +5.543987519e+01
848 0 +7.908844812e+00 +5.491884481e+01 +5.491884481e+01
1506 0 +7.706697666e+00 +5.471669767e+01 +5.471669767e+01
1833 0 +6.521820205e+00 +5.353182021e+01 +5.353182021e+01
20571 0 +6.073833843e+00 +5.308383384e+01 +5.308383384e+01
% f evaluations | g evaluations | best noise-free fitness - Fopt (3.758000000000e+01) + sum g_i+ | measured fitness | best measured fitness or single-digit g-values | x1 | x2...
1 0 +2.396168108e+01 +6.154168108e+01 +6.154168108e+01
2 0 +1.923895183e+01 +5.681895183e+01 +5.681895183e+01
4 0 +1.292274492e+01 +5.050274492e+01 +5.050274492e+01
179 0 +1.221859300e+01 +4.979859300e+01 +4.979859300e+01
187 0 +1.156553657e+01 +4.914553657e+01 +4.914553657e+01
212 0 +1.121735719e+01 +4.879735719e+01 +4.879735719e+01
214 0 +9.654443335e+00 +4.723444334e+01 +4.723444334e+01
305 0 +9.051397206e+00 +4.663139721e+01 +4.663139721e+01
399 0 +7.932050575e+00 +4.551205058e+01 +4.551205058e+01
1233 0 +7.650197680e+00 +4.523019768e+01 +4.523019768e+01
1494 0 +7.113170918e+00 +4.469317092e+01 +4.469317092e+01
1583 0 +7.077415190e+00 +4.465741519e+01 +4.465741519e+01
2186 0 +6.706866462e+00 +4.428686646e+01 +4.428686646e+01
3094 0 +6.514910795e+00 +4.409491080e+01 +4.409491080e+01
19646 0 +6.199156342e+00 +4.377915634e+01 +4.377915634e+01
19884 0 +5.811634811e+00 +4.339163481e+01 +4.339163481e+01
22650 0 +5.692185336e+00 +4.327218534e+01 +4.327218534e+01
22791 0 +5.154186154e+00 +4.273418615e+01 +4.273418615e+01
24084 0 +5.048648669e+00 +4.262864867e+01 +4.262864867e+01
24432 0 +4.849888282e+00 +4.242988828e+01 +4.242988828e+01
24618 0 +4.733828059e+00 +4.231382806e+01 +4.231382806e+01
24751 0 +4.661631518e+00 +4.224163152e+01 +4.224163152e+01
24793 0 +4.403311681e+00 +4.198331168e+01 +4.198331168e+01
24805 0 +4.282880140e+00 +4.186288014e+01 +4.186288014e+01
25317 0 +4.206750211e+00 +4.178675021e+01 +4.178675021e+01
25341 0 +4.109074031e+00 +4.168907403e+01 +4.168907403e+01
26072 0 +3.971812921e+00 +4.155181292e+01 +4.155181292e+01
26438 0 +3.886935098e+00 +4.146693510e+01 +4.146693510e+01
26488 0 +3.140260870e+00 +4.072026087e+01 +4.072026087e+01
26598 0 +2.783200924e+00 +4.036320092e+01 +4.036320092e+01
26942 0 +2.615148138e+00 +4.019514814e+01 +4.019514814e+01
27113 0 +2.458440724e+00 +4.003844072e+01 +4.003844072e+01
27168 0 +2.432450867e+00 +4.001245087e+01 +4.001245087e+01
27743 0 +2.382892594e+00 +3.996289259e+01 +3.996289259e+01
28219 0 +2.246257818e+00 +3.982625782e+01 +3.982625782e+01
28268 0 +2.147055131e+00 +3.972705513e+01 +3.972705513e+01
28413 0 +2.007320584e+00 +3.958732058e+01 +3.958732058e+01
28512 0 +1.937427279e+00 +3.951742728e+01 +3.951742728e+01
28570 0 +1.803891658e+00 +3.938389166e+01 +3.938389166e+01
29222 0 +1.744444640e+00 +3.932444464e+01 +3.932444464e+01
29342 0 +1.735384145e+00 +3.931538414e+01 +3.931538414e+01
29621 0 +1.668061474e+00 +3.924806147e+01 +3.924806147e+01
29732 0 +1.643672398e+00 +3.922367240e+01 +3.922367240e+01
29735 0 +1.588537732e+00 +3.916853773e+01 +3.916853773e+01
29850 0 +1.576944595e+00 +3.915694459e+01 +3.915694459e+01
29867 0 +1.537358251e+00 +3.911735825e+01 +3.911735825e+01
30153 0 +1.489170452e+00 +3.906917045e+01 +3.906917045e+01
30376 0 +1.476279928e+00 +3.905627993e+01 +3.905627993e+01
30487 0 +1.438724014e+00 +3.901872401e+01 +3.901872401e+01
31126 0 +1.393774353e+00 +3.897377435e+01 +3.897377435e+01
31326 0 +1.379178987e+00 +3.895917899e+01 +3.895917899e+01
31931 0 +1.348661034e+00 +3.892866103e+01 +3.892866103e+01
32359 0 +1.317059459e+00 +3.889705946e+01 +3.889705946e+01
33034 0 +1.282981989e+00 +3.886298199e+01 +3.886298199e+01
33455 0 +1.258685184e+00 +3.883868518e+01 +3.883868518e+01
33844 0 +1.230031225e+00 +3.881003122e+01 +3.881003122e+01
34023 0 +1.199208491e+00 +3.877920849e+01 +3.877920849e+01
34269 0 +1.174522989e+00 +3.875452299e+01 +3.875452299e+01
34714 0 +1.146333788e+00 +3.872633379e+01 +3.872633379e+01
35053 0 +1.121517268e+00 +3.870151727e+01 +3.870151727e+01
35404 0 +1.093216755e+00 +3.867321676e+01 +3.867321676e+01
35717 0 +1.069517774e+00 +3.864951777e+01 +3.864951777e+01
36009 0 +1.047037964e+00 +3.862703796e+01 +3.862703796e+01
36338 0 +1.021253397e+00 +3.860125340e+01 +3.860125340e+01
36570 0 +9.970768190e-01 +3.857707682e+01 +3.857707682e+01
36887 0 +9.727524835e-01 +3.855275248e+01 +3.855275248e+01
37204 0 +9.545492053e-01 +3.853454921e+01 +3.853454921e+01
37407 0 +9.326939258e-01 +3.851269393e+01 +3.851269393e+01
37769 0 +9.112895804e-01 +3.849128958e+01 +3.849128958e+01
38149 0 +8.908975299e-01 +3.847089753e+01 +3.847089753e+01
38674 0 +8.691336878e-01 +3.844913369e+01 +3.844913369e+01
39542 0 +8.500105875e-01 +3.843001059e+01 +3.843001059e+01
40656 0 +8.316131186e-01 +3.841161312e+01 +3.841161312e+01
41389 0 +8.118959298e-01 +3.839189593e+01 +3.839189593e+01
42023 0 +7.942976087e-01 +3.837429761e+01 +3.837429761e+01
42862 0 +7.762389711e-01 +3.835623897e+01 +3.835623897e+01
44426 0 +7.580562937e-01 +3.833805629e+01 +3.833805629e+01
46704 0 +7.410214763e-01 +3.832102148e+01 +3.832102148e+01
48437 0 +7.243887393e-01 +3.830438874e+01 +3.830438874e+01
50174 0 +7.078533941e-01 +3.828785339e+01 +3.828785339e+01
52845 0 +6.917654058e-01 +3.827176541e+01 +3.827176541e+01
59761 0 +6.760070565e-01 +3.825600706e+01 +3.825600706e+01
% f evaluations | g evaluations | best noise-free fitness - Fopt (6.440000000000e+01) + sum g_i+ | measured fitness | best measured fitness or single-digit g-values | x1 | x2...
1 0 +1.667946191e+01 +8.107946191e+01 +8.107946191e+01
7 0 +1.646062587e+01 +8.086062587e+01 +8.086062587e+01
9 0 +1.141926422e+01 +7.581926422e+01 +7.581926422e+01
125 0 +1.055512936e+01 +7.495512936e+01 +7.495512936e+01
185 0 +9.800659482e+00 +7.420065948e+01 +7.420065948e+01
246 0 +9.254974022e+00 +7.365497402e+01 +7.365497402e+01
380 0 +8.600225370e+00 +7.300022537e+01 +7.300022537e+01
441 0 +7.976863212e+00 +7.237686321e+01 +7.237686321e+01
633 0 +7.721825364e+00 +7.212182536e+01 +7.212182536e+01
899 0 +7.311457706e+00 +7.171145771e+01 +7.171145771e+01
1663 0 +6.902388435e+00 +7.130238843e+01 +7.130238843e+01
15440 0 +6.655126027e+00 +7.105512603e+01 +7.105512603e+01
22403 0 +6.394996040e+00 +7.079499604e+01 +7.079499604e+01
23253 0 +6.200654165e+00 +7.060065417e+01 +7.060065417e+01
23275 0 +6.112165002e+00 +7.051216500e+01 +7.051216500e+01
23531 0 +5.671876313e+00 +7.007187631e+01 +7.007187631e+01
23566 0 +5.288095149e+00 +6.968809515e+01 +6.968809515e+01
23632 0 +5.197188047e+00 +6.959718805e+01 +6.959718805e+01
23691 0 +4.966738375e+00 +6.936673837e+01 +6.936673837e+01
23883 0 +4.867406074e+00 +6.926740607e+01 +6.926740607e+01
23906 0 +4.356258271e+00 +6.875625827e+01 +6.875625827e+01
24264 0 +4.160447791e+00 +6.856044779e+01 +6.856044779e+01
24324 0 +3.762427158e+00 +6.816242716e+01 +6.816242716e+01
24743 0 +3.531165865e+00 +6.793116587e+01 +6.793116587e+01
24772 0 +3.036875312e+00 +6.743687531e+01 +6.743687531e+01
25557 0 +2.737925991e+00 +6.713792599e+01 +6.713792599e+01
25878 0 +2.681429419e+00 +6.708142942e+01 +6.708142942e+01
26042 0 +2.553384293e+00 +6.695338429e+01 +6.695338429e+01
26315 0 +2.462704064e+00 +6.686270406e+01 +6.686270406e+01
26352 0 +2.449481184e+00 +6.684948118e+01 +6.684948118e+01
26358 0 +2.389247355e+00 +6.678924736e+01 +6.678924736e+01
26407 0 +2.294821320e+00 +6.669482132e+01 +6.669482132e+01
26465 0 +2.225045937e+00 +6.662504594e+01 +6.662504594e+01
27079 0 +2.164168272e+00 +6.656416827e+01 +6.656416827e+01
27268 0 +2.134976134e+00 +6.653497613e+01 +6.653497613e+01
27496 0 +2.072325741e+00 +6.647232574e+01 +6.647232574e+01
27938 0 +2.019473712e+00 +6.641947371e+01 +6.641947371e+01
28227 0 +1.984910853e+00 +6.638491085e+01 +6.638491085e+01
28581 0 +1.945921827e+00 +6.634592183e+01 +6.634592183e+01
29035 0 +1.905228608e+00 +6.630522861e+01 +6.630522861e+01
29810 0 +1.862073326e+00 +6.626207333e+01 +6.626207333e+01
30665 0 +1.819069306e+00 +6.621906931e+01 +6.621906931e+01
32268 0 +1.777013703e+00 +6.617701370e+01 +6.617701370e+01
33860 0 +1.737346352e+00 +6.613734635e+01 +6.613734635e+01
35835 0 +1.697586448e+00 +6.609758645e+01 +6.609758645e+01
36964 0 +1.658837139e+00 +6.605883714e+01 +6.605883714e+01
37844 0 +1.621421738e+00 +6.602142174e+01 +6.602142174e+01
38522 0 +1.584496130e+00 +6.598449613e+01 +6.598449613e+01
40021 0 +1.548469475e+00 +6.594846948e+01 +6.594846948e+01
44209 0 +1.513112341e+00 +6.591311234e+01 +6.591311234e+01
52007 0 +1.479003400e+00 +6.587900340e+01 +6.587900340e+01
57636 0 +1.444659830e+00 +6.584465983e+01 +6.584465983e+01
62356 0 +1.412476331e+00 +6.581247633e+01 +6.581247633e+01
73257 0 +1.380315545e+00 +6.578031555e+01 +6.578031555e+01
% f evaluations | g evaluations | best noise-free fitness - Fopt (4.033700000000e+02) + sum g_i+ | measured fitness | best measured fitness or single-digit g-values | x1 | x2...
1 0 +2.874296955e+01 +4.321129696e+02 +4.321129696e+02
2 0 +2.314001102e+01 +4.265100110e+02 +4.265100110e+02
3 0 +2.175494076e+01 +4.251249408e+02 +4.251249408e+02
5 0 +1.832298086e+01 +4.216929809e+02 +4.216929809e+02
9 0 +1.709121425e+01 +4.204612143e+02 +4.204612143e+02
11 0 +1.607213746e+01 +4.194421375e+02 +4.194421375e+02
19 0 +1.458754810e+01 +4.179575481e+02 +4.179575481e+02
35 0 +1.444652221e+01 +4.178165222e+02 +4.178165222e+02
116 0 +1.320152025e+01 +4.165715202e+02 +4.165715202e+02
123 0 +1.083766749e+01 +4.142076675e+02 +4.142076675e+02
169 0 +9.906417568e+00 +4.132764176e+02 +4.132764176e+02
321 0 +9.574089235e+00 +4.129440892e+02 +4.129440892e+02
388 0 +8.182145163e+00 +4.115521452e+02 +4.115521452e+02
605 0 +8.123782761e+00 +4.114937828e+02 +4.114937828e+02
651 0 +7.275657304e+00 +4.106456573e+02 +4.106456573e+02
2438 0 +6.484140295e+00 +4.098541403e+02 +4.098541403e+02
12167 0 +6.408736777e+00 +4.097787368e+02 +4.097787368e+02
16797 0 +6.239534028e+00 +4.096095340e+02 +4.096095340e+02
20176 0 +5.930817712e+00 +4.093008177e+02 +4.093008177e+02
22295 0 +5.514133456e+00 +4.088841335e+02 +4.088841335e+02
22584 0 +5.343906657e+00 +4.087139067e+02 +4.087139067e+02
23598 0 +5.247959412e+00 +4.086179594e+02 +4.086179594e+02
25246 0 +5.066735145e+00 +4.084367351e+02 +4.084367351e+02
25666 0 +4.948995510e+00 +4.083189955e+02 +4.083189955e+02
26326 0 +4.865226130e+00 +4.082352261e+02 +4.082352261e+02
26523 0 +4.568620937e+00 +4.079386209e+02 +4.079386209e+02
26751 0 +4.340117807e+00 +4.077101178e+02 +4.077101178e+02
26795 0 +4.091556414e+00 +4.074615564e+02 +4.074615564e+02
26971 0 +3.901622972e+00 +4.072716230e+02 +4.072716230e+02
27398 0 +3.836650967e+00 +4.072066510e+02 +4.072066510e+02
27942 0 +3.671681315e+00 +4.070416813e+02 +4.070416813e+02
28045 0 +2.977799816e+00 +4.063477998e+02 +4.063477998e+02
28865 0 +2.882043915e+00 +4.062520439e+02 +4.062520439e+02
29041 0 +2.684521026e+00 +4.060545210e+02 +4.060545210e+02
29128 0 +2.483133425e+00 +4.058531334e+02 +4.058531334e+02
29183 0 +2.446821092e+00 +4.058168211e+02 +4.058168211e+02
29213 0 +2.377155220e+00 +4.057471552e+02 +4.057471552e+02
29288 0 +2.176620225e+00 +4.055466202e+02 +4.055466202e+02
29628 0 +2.119818500e+00 +4.054898185e+02 +4.054898185e+02
29738 0 +2.088348143e+00 +4.054583481e+02 +4.054583481e+02
29784 0 +2.000723347e+00 +4.053707233e+02 +4.053707233e+02
30063 0 +1.985370783e+00 +4.053553708e+02 +4.053553708e+02
30163 0 +1.944210054e+00 +4.053142101e+02 +4.053142101e+02
30366 0 +1.904239125e+00 +4.052742391e+02 +4.052742391e+02
30914 0 +1.856896953e+00 +4.052268970e+02 +4.052268970e+02
31146 0 +1.819147250e+00 +4.051891472e+02 +4.051891472e+02
31480 0 +1.775841809e+00 +4.051458418e+02 +4.051458418e+02
32098 0 +1.735702710e+00 +4.051057027e+02 +4.051057027e+02
32551 0 +1.694500822e+00 +4.050645008e+02 +4.050645008e+02
32878 0 +1.658615599e+00 +4.050286156e+02 +4.050286156e+02
33274 0 +1.613494660e+00 +4.049834947e+02 +4.049834947e+02
33535 0 +1.584687268e+00 +4.049546873e+02 +4.049546873e+02
34006 0 +1.543971303e+00 +4.049139713e+02 +4.049139713e+02
34350 0 +1.508307192e+00 +4.048783072e+02 +4.048783072e+02
34765 0 +1.477973277e+00 +4.048479733e+02 +4.048479733e+02
34991 0 +1.444534394e+00 +4.048145344e+02 +4.048145344e+02
35472 0 +1.399255962e+00 +4.047692560e+02 +4.047692560e+02
35818 0 +1.379634792e+00 +4.047496348e+02 +4.047496348e+02
36576 0 +1.348149750e+00 +4.047181497e+02 +4.047181497e+02
37361 0 +1.317498555e+00 +4.046874986e+02 +4.046874986e+02
38181 0 +1.287845589e+00 +4.046578456e+02 +4.046578456e+02
39567 0 +1.258568575e+00 +4.046285686e+02 +4.046285686e+02
40698 0 +1.229572028e+00 +4.045995720e+02 +4.045995720e+02
41776 0 +1.201756994e+00 +4.045717570e+02 +4.045717570e+02
42559 0 +1.172568927e+00 +4.045425689e+02 +4.045425689e+02
43122 0 +1.147612034e+00 +4.045176120e+02 +4.045176120e+02
43798 0 +1.121637315e+00 +4.044916373e+02 +4.044916373e+02
44545 0 +1.096063063e+00 +4.044660631e+02 +4.044660631e+02
45229 0 +1.071500898e+00 +4.044415009e+02 +4.044415009e+02
45777 0 +1.046563531e+00 +4.044165635e+02 +4.044165635e+02
46202 0 +1.023234551e+00 +4.043932346e+02 +4.043932346e+02
46659 0 +9.997693789e-01 +4.043697694e+02 +4.043697694e+02
46985 0 +9.752167753e-01 +4.043452168e+02 +4.043452168e+02
47748 0 +9.541021271e-01 +4.043241021e+02 +4.043241021e+02
55914 0 +9.332520990e-01 +4.043032521e+02 +4.043032521e+02
% f evaluations | g evaluations | best noise-free fitness - Fopt (-4.895600000000e+02) + sum g_i+ | measured fitness | best measured fitness or single-digit g-values | x1 | x2...
1 0 +4.343288542e+01 -4.461271146e+02 -4.461271146e+02
3 0 +2.027037622e+01 -4.692896238e+02 -4.692896238e+02
4 0 +1.606887889e+01 -4.734911211e+02 -4.734911211e+02
6 0 +1.400837311e+01 -4.755516269e+02 -4.755516269e+02
16 0 +8.942186611e+00 -4.806178134e+02 -4.806178134e+02
