% f evaluations | g evaluations | best noise-free fitness - Fopt (3.590000000000e+01) + sum g_i+ | measured fitness | best measured fitness or single-digit g-values | x1 | x2...
1 0 +1.180849659e+05 +1.181208659e+05 +1.181208659e+05 -1.4325e+00 +6.3969e-02 -1.4744e+00 -3.7260e+00 -1.8491e+00
6 0 +3.557995656e+04 +3.561585656e+04 +3.561585656e+04 -3.6396e-01 +6.6795e-01 -3.5390e+00 +9.8400e-01 -2.9096e+00
11 0 +3.482618531e+01 +7.072618531e+01 +7.072618531e+01 -2.6179e-01 +1.4956e+00 +1.8856e+00 +2.8644e+00 -2.6798e+00
115 0 +3.058631102e+01 +6.648631102e+01 +6.648631102e+01 +1.3044e+00 -2.8827e-03 +3.1968e+00 +2.9431e+00 -5.0000e+00
355 0 +3.014059007e+01 +6.604059007e+01 +6.604059007e+01 +1.3044e+00 -4.4229e-01 +3.7694e+00 +2.9431e+00 -5.0000e+00
401 0 +1.268039697e+01 +4.858039697e+01 +4.858039697e+01 +1.2232e+00 +1.4956e+00 +1.8856e+00 +2.8644e+00 -2.6798e+00
661 0 +1.243303160e+01 +4.833303160e+01 +4.833303160e+01 +1.0667e+00 +1.8980e+00 +2.9595e+00 +3.1839e+00 -2.3792e+00
761 0 +1.173815939e+01 +4.763815939e+01 +4.763815939e+01 +1.2232e+00 +1.4956e+00 +3.0836e+00 +2.8644e+00 -2.6798e+00
841 0 +9.765612460e+00 +4.566561246e+01 +4.566561246e+01 +1.4086e+00 +1.4956e+00 +3.0836e+00 +2.8644e+00 -2.6798e+00
901 0 +7.426848160e+00 +4.332684816e+01 +4.332684816e+01 +1.5737e+00 +1.8980e+00 +2.9595e+00 +3.1839e+00 -2.3792e+00
1281 0 +7.016907737e+00 +4.291690774e+01 +4.291690774e+01 +1.4086e+00 +1.4956e+00 +2.2700e+00 +2.8644e+00 -2.1272e+00
1375 0 +5.486051525e+00 +4.138605153e+01 +4.138605153e+01 +1.7542e+00 +1.0636e+00 +2.7854e+00 +2.9344e+00 -2.4096e+00
1559 0 +4.039304394e+00 +3.993930439e+01 +3.993930439e+01 +1.9783e+00 +1.0448e+00 +2.9233e+00 +2.5424e+00 -2.2086e+00
1811 0 +1.725482339e+00 +3.762548234e+01 +3.762548234e+01 +2.3870e+00 +9.9110e-01 +2.9230e+00 +3.5294e+00 -1.9599e+00
2289 0 +1.501232129e+00 +3.740123213e+01 +3.740123213e+01 +2.3457e+00 +1.1341e+00 +2.8165e+00 +3.0631e+00 -1.9669e+00
2565 0 +1.445067409e+00 +3.734506741e+01 +3.734506741e+01 +2.5689e+00 +1.0461e+00 +2.7615e+00 +3.4838e+00 -2.1228e+00
2585 0 +1.389492741e+00 +3.728949274e+01 +3.728949274e+01 +2.4771e+00 +1.1978e+00 +2.3199e+00 +3.4765e+00 -1.8056e+00
2627 0 +8.000871470e-01 +3.670008715e+01 +3.670008715e+01 +2.7350e+00 +1.0492e+00 +2.5973e+00 +3.5600e+00 -1.9256e+00
2809 0 +7.358722771e-01 +3.663587228e+01 +3.663587228e+01 +2.4599e+00 +1.0013e+00 +2.6007e+00 +3.0631e+00 -1.7505e+00
3105 0 +3.912634162e-01 +3.629126342e+01 +3.629126342e+01 +2.5742e+00 +1.1978e+00 +2.5195e+00 +3.4765e+00 -1.5693e+00
3225 0 +3.842045006e-01 +3.628420450e+01 +3.628420450e+01 +2.5944e+00 +1.1347e+00 +2.5195e+00 +3.4765e+00 -1.5693e+00
3929 0 +3.736142403e-01 +3.627361424e+01 +3.627361424e+01 +2.5738e+00 +1.0769e+00 +2.5979e+00 +3.3201e+00 -1.6678e+00
% f evaluations | g evaluations | best noise-free fitness - Fopt (3.137000000000e+01) + sum g_i+ | measured fitness | best measured fitness or single-digit g-values | x1 | x2...
1 0 +3.304246912e+05 +3.304560612e+05 +3.304560612e+05 +1.6539e+00 -4.8176e-01 +2.1242e+00 -1.0482e-01 +3.1935e+00
2 0 +1.168343875e+05 +1.168657575e+05 +1.168657575e+05 -2.2534e+00 +4.7051e+00 -2.4425e+00 +1.3253e+00 +3.2038e+00
7 0 +1.160173872e+02 +1.473873872e+02 +1.473873872e+02 +7.9768e-02 -3.7507e+00 -3.5130e+00 -1.8702e+00 -1.2403e+00
139 0 +1.007875605e+02 +1.321575605e+02 +1.321575605e+02 -1.7957e+00 -5.3405e-01 -3.2523e+00 -1.6515e+00 -3.2372e-01
153 0 +7.475922786e+01 +1.061292279e+02 +1.061292279e+02 -6.3132e-01 +6.6545e-01 -3.5130e+00 -1.8702e+00 -4.8741e-01
157 0 +4.070081261e+01 +7.207081261e+01 +7.207081261e+01 +7.1155e-01 -1.5104e+00 -4.2408e+00 +7.7355e-01 -2.0948e+00
173 0 +3.890707448e+01 +7.027707448e+01 +7.027707448e+01 -5.8762e-01 -1.7787e+00 -5.0000e+00 +2.3071e+00 -3.1517e+00
203 0 +3.797461675e+01 +6.934461675e+01 +6.934461675e+01 +3.3493e-01 -1.4917e+00 -2.9580e+00 +8.8771e-01 -3.1003e+00
293 0 +2.653514044e+01 +5.790514044e+01 +5.790514044e+01 -5.8762e-01 -1.4595e+00 -4.4259e+00 +2.3071e+00 -3.1517e+00
333 0 +1.246187076e+01 +4.383187076e+01 +4.383187076e+01 +1.7089e-01 +5.5029e-01 -4.3096e+00 +2.3071e+00 -3.1517e+00
607 0 +7.222165537e+00 +3.859216554e+01 +3.859216554e+01 -1.9561e-01 +4.1731e-01 -3.3304e+00 +2.5555e+00 -2.4441e+00
1147 0 +6.787419296e+00 +3.815741930e+01 +3.815741930e+01 -7.8861e-01 +1.2750e+00 -3.7744e+00 +2.5116e+00 -2.0586e+00
1243 0 +5.057000615e+00 +3.642700061e+01 +3.642700061e+01 +6.7574e-02 +1.3930e+00 -4.2200e+00 +2.4991e+00 -2.0048e+00
1309 0 +4.522461062e+00 +3.589246106e+01 +3.589246106e+01 -1.2081e-01 +1.4633e+00 -4.0157e+00 +2.5613e+00 -2.2057e+00
1357 0 +4.444249753e+00 +3.581424975e+01 +3.581424975e+01 +2.6364e-01 +1.4086e+00 -4.1493e+00 +2.6220e+00 -2.2349e+00
1395 0 +3.775146259e+00 +3.514514626e+01 +3.514514626e+01 -1.5088e-01 +1.4103e+00 -3.8752e+00 +2.6626e+00 -2.0835e+00
1635 0 +2.854494768e+00 +3.422449477e+01 +3.422449477e+01 -1.5088e-01 +1.4103e+00 -3.8752e+00 +2.8232e+00 -2.0835e+00
1757 0 +2.795927888e+00 +3.416592789e+01 +3.416592789e+01 +2.6364e-01 +1.4086e+00 -4.1493e+00 +2.9465e+00 -1.7984e+00
1795 0 +2.587050299e+00 +3.395705030e+01 +3.395705030e+01 -1.5088e-01 +1.6895e+00 -3.8752e+00 +2.8232e+00 -2.0835e+00
1895 0 +1.167044287e+00 +3.253704429e+01 +3.253704429e+01 -2.3064e-01 +1.3782e+00 -3.7199e+00 +3.3410e+00 -2.0599e+00
2095 0 +7.525243449e-01 +3.212252434e+01 +3.212252434e+01 -3.1609e-01 +1.6431e+00 -3.9050e+00 +3.3410e+00 -2.0599e+00
2255 0 +7.267335240e-01 +3.209673352e+01 +3.209673352e+01 -3.1609e-01 +1.6431e+00 -3.7931e+00 +3.3410e+00 -1.9123e+00
2615 0 +7.196872095e-01 +3.208968721e+01 +3.208968721e+01 -3.1609e-01 +1.6431e+00 -3.7931e+00 +3.3410e+00 -1.9791e+00
2723 0 +6.585343316e-01 +3.202853433e+01 +3.202853433e+01 -3.0559e-01 +1.8327e+00 -3.9065e+00 +3.3365e+00 -1.9277e+00
2803 0 +6.386505924e-01 +3.200865059e+01 +3.200865059e+01 -3.0559e-01 +1.8680e+00 -3.9065e+00 +3.3365e+00 -1.9277e+00
2843 0 +6.053833177e-01 +3.197538332e+01 +3.197538332e+01 -3.0559e-01 +1.8311e+00 -3.8616e+00 +3.3365e+00 -1.9277e+00
2883 0 +5.967984041e-01 +3.196679840e+01 +3.196679840e+01 -8.8962e-02 +1.8311e+00 -3.9768e+00 +3.3365e+00 -1.9277e+00
3253 0 +3.970325464e-01 +3.176703255e+01 +3.176703255e+01 -1.6350e-01 +1.9817e+00 -4.0718e+00 +3.4182e+00 -1.8507e+00
3291 0 +3.820208735e-01 +3.175202087e+01 +3.175202087e+01 -2.6569e-01 +1.8086e+00 -3.8004e+00 +3.4594e+00 -1.8095e+00
3315 0 +3.096720757e-01 +3.167967208e+01 +3.167967208e+01 -1.9015e-01 +1.6895e+00 -3.9152e+00 +3.5316e+00 -1.8817e+00
3355 0 +2.835651503e-01 +3.165356515e+01 +3.165356515e+01 -1.9015e-01 +1.8958e+00 -4.0935e+00 +3.5316e+00 -1.8817e+00
3615 0 +2.081163632e-01 +3.157811636e+01 +3.157811636e+01 -3.1609e-01 +1.8069e+00 -3.8548e+00 +3.5291e+00 -1.9791e+00
3737 0 +1.737144972e-01 +3.154371450e+01 +3.154371450e+01 -2.2365e-01 +1.8800e+00 -3.9447e+00 +3.5200e+00 -1.9352e+00
3867 0 +1.275698943e-01 +3.149756989e+01 +3.149756989e+01 -2.8183e-01 +1.8757e+00 -3.9166e+00 +3.5955e+00 -1.9823e+00
% f evaluations | g evaluations | best noise-free fitness - Fopt (-1.000000000000e+03) + sum g_i+ | measured fitness | best measured fitness or single-digit g-values | x1 | x2...
1 0 +1.135666793e+05 +1.125666793e+05 +1.125666793e+05 +2.9103e+00 -4.7852e+00 +1.1949e+00 +3.0617e+00 +2.7141e+00
7 0 +1.071267616e+05 +1.061267616e+05 +1.061267616e+05 -4.8507e+00 -3.2186e+00 +8.9332e-01 -3.0210e+00 +9.6211e-01
8 0 +3.732230645e+04 +3.632230645e+04 +3.632230645e+04 -3.8321e+00 -4.1699e+00 +2.9669e+00 +2.4704e+00 -2.7981e+00
13 0 +9.864117050e+03 +8.864117050e+03 +8.864117050e+03 -1.7087e+00 +1.5955e-01 +4.4361e+00 -1.9813e+00 +4.8352e+00
85 0 +8.010030812e+03 +7.010030812e+03 +7.010030812e+03 -3.6967e+00 +1.5955e-01 +3.2513e+00 -1.9813e+00 +4.8352e+00
89 0 +1.009536245e+02 -8.990463755e+02 -8.990463755e+02 -4.3434e+00 -1.8718e-01 +4.5162e+00 +1.6365e+00 +1.9349e+00
233 0 +5.936193408e+01 -9.406380659e+02 -9.406380659e+02 -4.8507e+00 -3.3892e-01 +5.0000e+00 +5.0000e+00 -1.8458e+00
265 0 +4.185631085e+01 -9.581436892e+02 -9.581436892e+02 -5.0000e+00 -1.1897e+00 +5.0000e+00 +2.0854e+00 -1.6662e+00
413 0 +3.582795342e+01 -9.641720466e+02 -9.641720466e+02 -4.9878e+00 -2.7054e+00 +4.0516e+00 +1.8767e+00 -1.4732e+00
497 0 +2.359429125e+01 -9.764057088e+02 -9.764057088e+02 -3.8837e+00 -2.5837e+00 +4.9943e+00 +3.3182e+00 -1.7909e+00
713 0 +2.206488434e+01 -9.779351157e+02 -9.779351157e+02 -3.7270e+00 -2.9647e+00 +4.5953e+00 +3.1404e+00 -1.8458e+00
1021 0 +1.408531155e+01 -9.859146884e+02 -9.859146884e+02 -2.8392e+00 -2.6320e+00 +4.8680e+00 +2.6363e+00 -1.4482e+00
1207 0 +1.259372763e+01 -9.874062724e+02 -9.874062724e+02 -2.3893e+00 -2.6927e+00 +4.7696e+00 +3.5109e+00 -1.1874e+00
1367 0 +1.254860518e+01 -9.874513948e+02 -9.874513948e+02 -2.6755e+00 -2.6927e+00 +4.5968e+00 +2.8444e+00 -1.1874e+00
1443 0 +7.693299072e+00 -9.923067009e+02 -9.923067009e+02 -1.9808e+00 -3.0057e+00 +4.2883e+00 +2.7761e+00 -1.4046e+00
1835 0 +7.534521301e+00 -9.924654787e+02 -9.924654787e+02 -2.0587e+00 -2.6565e+00 +4.1019e+00 +2.8773e+00 -1.4300e+00
2043 0 +7.328456199e+00 -9.926715438e+02 -9.926715438e+02 -1.9808e+00 -2.9703e+00 +4.2136e+00 +2.7761e+00 -8.2098e-01
2101 0 +7.137688397e+00 -9.928623116e+02 -9.928623116e+02 -1.8492e+00 -3.4290e+00 +4.3328e+00 +2.6159e+00 -8.0288e-01
2109 0 +6.924454868e+00 -9.930755451e+02 -9.930755451e+02 -1.8033e+00 -2.9800e+00 +4.2780e+00 +3.2113e+00 -1.3224e+00
2149 0 +6.905519052e+00 -9.930944809e+02 -9.930944809e+02 -1.8033e+00 -2.9800e+00 +4.2780e+00 +3.2113e+00 -1.2894e+00
2303 0 +6.758113970e+00 -9.932418860e+02 -9.932418860e+02 -1.7466e+00 -2.7861e+00 +4.1651e+00 +3.3309e+00 -1.0805e+00
2381 0 +5.302354931e+00 -9.946976451e+02 -9.946976451e+02 -1.5048e+00 -3.4290e+00 +4.0280e+00 +3.4369e+00 -1.1363e+00
2541 0 +5.079796936e+00 -9.949202031e+02 -9.949202031e+02 -1.5048e+00 -3.4290e+00 +4.0280e+00 +3.4369e+00 -9.0798e-01
2567 0 +3.157210661e+00 -9.968427893e+02 -9.968427893e+02 -1.2740e+00 -3.2886e+00 +3.7317e+00 +3.2308e+00 -8.2503e-01
2651 0 +2.751310893e+00 -9.972486891e+02 -9.972486891e+02 -1.2347e+00 -2.9845e+00 +3.4174e+00 +2.9811e+00 -7.8880e-01
3127 0 +2.579792108e+00 -9.974202079e+02 -9.974202079e+02 -1.2740e+00 -3.2844e+00 +3.5267e+00 +3.1102e+00 -8.2503e-01
3167 0 +2.437127522e+00 -9.975628725e+02 -9.975628725e+02 -1.2740e+00 -3.2844e+00 +3.1991e+00 +3.0790e+00 -8.2503e-01
3243 0 +2.194636937e+00 -9.978053631e+02 -9.978053631e+02 -1.1961e+00 -3.2388e+00 +3.4246e+00 +3.2973e+00 -1.0328e+00
3247 0 +2.171053004e+00 -9.978289470e+02 -9.978289470e+02 -1.2102e+00 -3.2844e+00 +3.1991e+00 +3.0790e+00 -8.2503e-01
3399 0 +1.957446389e+00 -9.980425536e+02 -9.980425536e+02 -8.4375e-01 -3.2761e+00 +3.3607e+00 +2.9755e+00 -5.4937e-01
3417 0 +1.710663740e+00 -9.982893363e+02 -9.982893363e+02 -4.8352e-01 -2.8144e+00 +3.1276e+00 +3.3422e+00 -6.4639e-01
3443 0 +1.446154126e+00 -9.985538459e+02 -9.985538459e+02 -9.5627e-01 -3.3212e+00 +3.4246e+00 +3.2973e+00 -1.0328e+00
3635 0 +7.609599169e-01 -9.992390401e+02 -9.992390401e+02 -6.9531e-01 -3.0582e+00 +3.1417e+00 +3.4717e+00 -9.8387e-01
3727 0 +6.229550199e-01 -9.993770450e+02 -9.993770450e+02 -5.6761e-01 -3.2844e+00 +3.1991e+00 +3.5298e+00 -8.8624e-01
3767 0 +6.070641779e-01 -9.993929358e+02 -9.993929358e+02 -5.6761e-01 -3.3373e+00 +3.1991e+00 +3.5298e+00 -8.8624e-01
4007 0 +5.922233223e-01 -9.994077767e+02 -9.994077767e+02 -5.6761e-01 -3.3373e+00 +3.1991e+00 +3.4708e+00 -8.8624e-01
% f evaluations | g evaluations | best noise-free fitness - Fopt (1.319200000000e+02) + sum g_i+ | measured fitness | best measured fitness or single-digit g-values | x1 | x2...
1 0 +7.814418526e+05 +7.815737726e+05 +7.815737726e+05 -8.5646e-01 -9.7906e-02 +2.1865e+00 -4.3816e+00 +2.8593e+00
2 0 +5.873585565e+05 +5.874904765e+05 +5.874904765e+05 +4.2558e-01 -1.4697e+00 -8.3530e-01 -9.4447e-01 -1.4222e+00
4 0 +2.549644202e+05 +2.550963402e+05 +2.550963402e+05 -3.9907e+00 +1.2874e-01 +1.8520e+00 +4.4271e-01 +4.6590e+00
29 0 +1.847710726e+05 +1.849029926e+05 +1.849029926e+05 -3.8430e+00 -2.2535e+00 -4.2011e+00 -4.0364e+00 +4.0390e+00
149 0 +1.590370544e+05 +1.591689744e+05 +1.591689744e+05 -3.8430e+00 -3.4051e+00 -4.2011e+00 -4.0364e+00 -4.3729e-01
159 0 +1.360357536e+04 +1.373549536e+04 +1.373549536e+04 -5.0000e+00 +3.8143e+00 -4.9281e+00 +1.2900e+00 -1.9757e+00
213 0 +1.121631644e+04 +1.134823644e+04 +1.134823644e+04 -4.1359e+00 +3.0118e+00 -3.8828e+00 +6.5806e-01 -3.6720e+00
279 0 +8.307467387e+03 +8.439387387e+03 +8.439387387e+03 -5.0000e+00 +5.0000e+00 -5.0000e+00 +1.2900e+00 -1.9757e+00
397 0 +4.949350390e+03 +5.081270390e+03 +5.081270390e+03 -4.0545e+00 +1.5561e+00 -3.8206e+00 +1.0377e-01 -2.3362e+00
459 0 +3.676006005e+03 +3.807926005e+03 +3.807926005e+03 -4.9788e+00 +5.0000e+00 -3.2413e+00 -1.5800e+00 -3.0059e+00
479 0 +1.956751875e+03 +2.088671875e+03 +2.088671875e+03 -5.0000e+00 +5.0000e+00 -3.0411e+00 +1.2900e+00 -1.9757e+00
499 0 +1.210005404e+03 +1.341925404e+03 +1.341925404e+03 -4.9788e+00 +2.2838e+00 -3.2413e+00 -1.5800e+00 -3.0059e+00
597 0 +7.993072276e+02 +9.312272276e+02 +9.312272276e+02 -5.0000e+00 +5.0000e+00 -4.0094e+00 +1.0377e-01 -2.3362e+00
611 0 +2.162056504e+01 +1.535405650e+02 +1.535405650e+02 -4.9968e+00 +5.0000e+00 -2.8264e+00 +3.1350e-01 -3.3083e-01
681 0 +1.255881422e+01 +1.444788142e+02 +1.444788142e+02 -5.0000e+00 +4.2181e+00 -3.2482e+00 -2.5016e-02 -1.0456e+00
917 0 +6.726657022e+00 +1.386466570e+02 +1.386466570e+02 -5.0000e+00 +3.1023e+00 -3.5435e+00 +2.8376e-01 -1.4928e+00
1121 0 +5.068337739e+00 +1.369883377e+02 +1.369883377e+02 -5.0000e+00 +2.8331e+00 -3.2482e+00 -4.6689e-01 -1.0456e+00
1161 0 +4.837265734e+00 +1.367572657e+02 +1.367572657e+02 -5.0000e+00 +2.8331e+00 -3.1282e+00 -4.6689e-01 -1.0456e+00
1187 0 +3.455301139e+00 +1.353753011e+02 +1.353753011e+02 -4.8798e+00 +2.4249e+00 -3.4938e+00 -5.6766e-02 -1.6844e+00
1203 0 +2.980619560e+00 +1.349006196e+02 +1.349006196e+02 -4.9511e+00 +2.2388e+00 -2.8576e+00 -3.1671e-01 -5.8841e-01
1361 0 +2.723587629e+00 +1.346435876e+02 +1.346435876e+02 -5.0000e+00 +2.1874e+00 -3.1282e+00 -4.6689e-01 -1.0456e+00
1409 0 +2.670880210e+00 +1.345908802e+02 +1.345908802e+02 -5.0000e+00 +1.9300e+00 -3.1107e+00 -1.9118e-01 -1.3300e+00
1493 0 +2.241293911e+00 +1.341612939e+02 +1.341612939e+02 -4.5191e+00 +2.5090e+00 -3.5740e+00 -2.4340e-01 -1.1692e+00
1677 0 +2.051238328e+00 +1.339712383e+02 +1.339712383e+02 -4.8798e+00 +1.8907e+00 -3.0576e+00 -3.3378e-01 -1.0610e+00
1739 0 +1.924420562e+00 +1.338444206e+02 +1.338444206e+02 -4.7229e+00 +2.1837e+00 -3.2413e+00 -2.9760e-01 -8.7289e-01
1765 0 +1.736334032e+00 +1.336563340e+02 +1.336563340e+02 -4.7596e+00 +2.1058e+00 -3.3663e+00 -2.8950e-01 -1.3051e+00
1887 0 +1.589592768e+00 +1.335095928e+02 +1.335095928e+02 -4.6699e+00 +2.1611e+00 -3.4367e+00 -2.4470e-01 -1.1961e+00
1917 0 +1.186578953e+00 +1.331065790e+02 +1.331065790e+02 -4.6001e+00 +1.8907e+00 -3.4360e+00 -3.7771e-01 -1.4485e+00
2005 0 +1.173804638e+00 +1.330938046e+02 +1.330938046e+02 -4.5836e+00 +2.1058e+00 -3.3663e+00 -3.7553e-01 -1.3051e+00
2065 0 +7.708656527e-01 +1.326908657e+02 +1.326908657e+02 -4.5043e+00 +1.9275e+00 -3.4228e+00 -6.0458e-01 -1.2080e+00
2357 0 +7.393966221e-01 +1.326593966e+02 +1.326593966e+02 -4.4868e+00 +1.8907e+00 -3.4360e+00 -4.4693e-01 -1.4485e+00
2399 0 +6.565207973e-01 +1.325765208e+02 +1.325765208e+02 -4.4569e+00 +1.8727e+00 -3.4028e+00 -5.2107e-01 -1.2257e+00
2437 0 +4.719705811e-01 +1.323919706e+02 +1.323919706e+02 -4.3982e+00 +1.9289e+00 -3.4360e+00 -4.4693e-01 -1.3571e+00
3027 0 +4.315720373e-01 +1.323515720e+02 +1.323515720e+02 -4.3307e+00 +2.0067e+00 -3.4008e+00 -4.9950e-01 -1.2925e+00
3055 0 +3.694198762e-01 +1.322894199e+02 +1.322894199e+02 -4.2884e+00 +1.8806e+00 -3.5138e+00 -5.4506e-01 -1.1782e+00
3095 0 +3.209387812e-01 +1.322409388e+02 +1.322409388e+02 -4.2884e+00 +1.8806e+00 -3.4727e+00 -5.4506e-01 -1.2365e+00
3135 0 +3.119085292e-01 +1.322319085e+02 +1.322319085e+02 -4.2884e+00 +1.8806e+00 -3.4727e+00 -4.4270e-01 -1.2365e+00
3385 0 +2.614531538e-01 +1.321814532e+02 +1.321814532e+02 -4.2673e+00 +1.9275e+00 -3.4716e+00 -4.5225e-01 -1.3376e+00
3509 0 +2.440882375e-01 +1.321640882e+02 +1.321640882e+02 -4.2379e+00 +1.9280e+00 -3.5640e+00 -4.0506e-01 -1.3285e+00
3643 0 +2.301065385e-01 +1.321501065e+02 +1.321501065e+02 -4.2332e+00 +1.9387e+00 -3.6072e+00 -4.4804e-01 -1.4114e+00
3789 0 +2.227262073e-01 +1.321427262e+02 +1.321427262e+02 -4.2379e+00 +1.9171e+00 -3.5640e+00 -4.9111e-01 -1.3285e+00
3843 0 +1.627077852e-01 +1.320827078e+02 +1.320827078e+02 -4.2054e+00 +1.9387e+00 -3.5354e+00 -4.4804e-01 -1.4114e+00
4011 0 +1.620188387e-01 +1.320820188e+02 +1.320820188e+02 -4.2093e+00 +1.9344e+00 -3.5647e+00 -4.5520e-01 -1.4221e+00
% f evaluations | g evaluations | best noise-free fitness - Fopt (5.908400000000e+02) + sum g_i+ | measured fitness | best measured fitness or single-digit g-values | x1 | x2...
1 0 +6.172917343e+05 +6.178825743e+05 +6.178825743e+05 +6.4967e-01 +1.8221e+00 -4.9200e-01 -1.3948e+00 +6.2459e-01
2 0 +3.263252092e+04 +3.322336092e+04 +3.322336092e+04 +4.8483e+00 -3.3655e+00 -2.5754e+00 -3.5555e+00 -2.7302e+00
97 0 +7.052351177e+03 +7.643191177e+03 +7.643191177e+03 +3.8922e-01 -4.6165e+00 -5.0000e+00 -3.5501e+00 +3.2640e+00
107 0 +4.076627709e+02 +9.985027709e+02 +9.985027709e+02 -2.9041e+00 -3.3628e+00 -3.9339e+00 -6.3106e-01 -3.7375e+00
215 0 +3.499452687e+01 +6.258345269e+02 +6.258345269e+02 -9.5779e-01 -2.9071e+00 -3.9790e+00 -3.3716e+00 -1.9926e+00
415 0 +2.794822357e+01 +6.187882236e+02 +6.187882236e+02 +1.3306e+00 -2.9071e+00 -5.0000e+00 -3.3716e+00 -1.9926e+00
425 0 +1.246641354e+01 +6.033064135e+02 +6.033064135e+02 +7.9875e-01 -3.9185e+00 -3.0610e+00 -2.2912e+00 -1.4740e+00
491 0 +6.036270238e+00 +5.968762702e+02 +5.968762702e+02 +2.0577e+00 -3.4664e+00 -3.0658e+00 -2.9772e+00 -8.4275e-01
1211 0 +5.889059099e+00 +5.967290591e+02 +5.967290591e+02 +2.0577e+00 -3.4325e+00 -3.0658e+00 -2.9772e+00 -8.4275e-01
1315 0 +2.421181398e+00 +5.932611814e+02 +5.932611814e+02 +1.1825e+00 -3.4779e+00 -3.4030e+00 -1.8157e+00 -6.8863e-01
1915 0 +1.488183095e+00 +5.923281831e+02 +5.923281831e+02 +1.7166e+00 -3.4779e+00 -3.4030e+00 -1.8157e+00 -6.8863e-01
2339 0 +1.477460298e+00 +5.923174603e+02 +5.923174603e+02 +1.5386e+00 -3.3368e+00 -3.3507e+00 -2.0230e+00 -4.7919e-01
2395 0 +1.402504011e+00 +5.922425040e+02 +5.922425040e+02 +1.7166e+00 -3.3775e+00 -3.4030e+00 -1.9014e+00 -6.8863e-01
2421 0 +1.287799922e+00 +5.921277999e+02 +5.921277999e+02 +1.6672e+00 -3.4249e+00 -3.1334e+00 -1.8652e+00 -6.2753e-01
2815 0 +1.257360394e+00 +5.920973604e+02 +5.920973604e+02 +1.6636e+00 -3.3687e+00 -3.1745e+00 -1.8874e+00 -6.7941e-01
3143 0 +7.269940026e-01 +5.915669940e+02 +5.915669940e+02 +1.6598e+00 -3.3486e+00 -3.1744e+00 -1.6729e+00 -6.3988e-01
3223 0 +7.240137663e-01 +5.915640138e+02 +5.915640138e+02 +1.6598e+00 -3.3486e+00 -3.2793e+00 -1.6729e+00 -6.3988e-01
3419 0 +6.330077017e-01 +5.914730077e+02 +5.914730077e+02 +1.5386e+00 -3.2957e+00 -3.3183e+00 -1.6632e+00 -6.2218e-01
3607 0 +6.071643233e-01 +5.914471643e+02 +5.914471643e+02 +1.4620e+00 -3.3678e+00 -3.2729e+00 -1.5113e+00 -6.4929e-01
3727 0 +4.103933228e-01 +5.912503933e+02 +5.912503933e+02 +1.4620e+00 -3.3781e+00 -3.2729e+00 -1.5113e+00 -5.2709e-01
3901 0 +3.660050601e-01 +5.912060051e+02 +5.912060051e+02 +1.5383e+00 -3.3577e+00 -3.4516e+00 -1.4572e+00 -5.1124e-01
3941 0 +3.072075940e-01 +5.911472076e+02 +5.911472076e+02 +1.5383e+00 -3.3577e+00 -3.3711e+00 -1.4572e+00 -5.1124e-01
% f evaluations | g evaluations | best noise-free fitness - Fopt (2.156100000000e+02) + sum g_i+ | measured fitness | best measured fitness or single-digit g-values | x1 | x2...
1 0 +3.660047936e+02 +5.816147936e+02 +5.816147936e+02 +3.5692e+00 -2.8657e+00 -2.2950e+00 -4.1892e+00 -1.7166e+00
11 0 +3.340529745e+02 +5.496629745e+02 +5.496629745e+02 +7.9297e-01 -4.8744e+00 +1.4246e+00 +1.4310e+00 -1.0339e-01
12 0 +2.814510029e+02 +4.970610029e+02 +4.970610029e+02 +2.1888e+00 -2.8960e+00 -1.3005e+00 -3.4224e+00 -4.1135e-01
13 0 +2.157040931e+02 +4.313140931e+02 +4.313140931e+02 +3.9914e+00 +3.3389e+00 +2.9978e+00 -3.7322e+00 -2.6660e+00
57 0 +1.231641768e+02 +3.387741768e+02 +3.387741768e+02 -2.7885e+00 -2.1508e+00 +1.4160e+00 -1.2494e+00 -2.5798e+00
103 0 +1.156070124e+02 +3.312170124e+02 +3.312170124e+02 -1.5606e+00 +1.1820e+00 +1.4857e+00 -2.0752e+00 -4.5438e+00
227 0 +1.029456889e+02 +3.185556889e+02 +3.185556889e+02 -1.4004e+00 +1.0770e+00 -1.0684e+00 -1.7221e+00 -3.3864e+00
277 0 +8.039728607e+01 +2.960072861e+02 +2.960072861e+02 +1.7952e+00 -2.7958e-01 -2.0895e+00 +4.0315e-01 -3.3139e+00
393 0 +6.639071876e+01 +2.820007188e+02 +2.820007188e+02 -9.7661e-01 +2.1629e+00 +4.9000e-01 -6.2314e-01 -1.7723e+00
673 0 +6.282587088e+01 +2.784358709e+02 +2.784358709e+02 -1.8430e+00 +2.1629e+00 +4.9000e-01 -3.9097e-01 -1.7723e+00
747 0 +5.479409125e+01 +2.704040913e+02 +2.704040913e+02 -3.2513e-01 +2.8950e+00 -1.7115e+00 -1.7965e-01 -2.3773e+00
913 0 +4.588695745e+01 +2.614969574e+02 +2.614969574e+02 -1.8430e+00 +2.1629e+00 -8.3998e-01 +1.3910e-01 -1.7723e+00
1095 0 +4.335777618e+01 +2.589677762e+02 +2.589677762e+02 -4.8229e-01 +1.2047e+00 -1.2459e+00 +6.8065e-01 -1.6092e+00
1107 0 +3.967546641e+01 +2.552854664e+02 +2.552854664e+02 -3.2513e-01 +2.8950e+00 -1.1886e+00 +9.3156e-01 -2.3773e+00
1297 0 +3.880500100e+01 +2.544150010e+02 +2.544150010e+02 +3.1058e-01 +2.2922e+00 -1.3099e+00 +1.1973e+00 +2.7442e-01
1347 0 +3.075393050e+01 +2.463639305e+02 +2.463639305e+02 -5.7232e-01 +2.8950e+00 -1.1886e+00 +9.3156e-01 -9.2602e-01
1519 0 +2.368529891e+01 +2.392952989e+02 +2.392952989e+02 -6.8477e-01 +2.7679e+00 -1.1635e+00 +1.6347e+00 -1.2071e+00
1651 0 +2.300521818e+01 +2.386152182e+02 +2.386152182e+02 -5.4663e-01 +2.5772e+00 -1.0347e+00 +1.7763e+00 +3.2584e-01
1675 0 +1.452677328e+01 +2.301367733e+02 +2.301367733e+02 -6.8950e-01 +2.9002e+00 -1.5835e+00 +2.1704e+00 -2.0999e-01
1683 0 +1.443054875e+01 +2.300405488e+02 +2.300405488e+02 -1.5419e+00 +2.6918e+00 -1.2894e+00 +2.2912e+00 -5.6088e-01
1827 0 +1.340656670e+01 +2.290165667e+02 +2.290165667e+02 -1.5926e+00 +2.8505e+00 -1.3233e+00 +2.3441e+00 -4.6378e-01
1879 0 +1.257945549e+01 +2.281894555e+02 +2.281894555e+02 -1.1332e+00 +2.5193e+00 -1.5591e+00 +2.4511e+00 -2.2922e-01
1987 0 +1.222719790e+01 +2.278371979e+02 +2.278371979e+02 -1.5603e+00 +2.8505e+00 -1.4356e+00 +2.7137e+00 -1.6174e-01
2199 0 +1.188777538e+01 +2.274977754e+02 +2.274977754e+02 -1.1332e+00 +2.3615e+00 -1.4268e+00 +2.6815e+00 +8.7317e-02
2205 0 +1.120878758e+01 +2.268187876e+02 +2.268187876e+02 -1.3186e+00 +2.9198e+00 -1.4232e+00 +2.7493e+00 +5.2075e-02
2281 0 +1.025643344e+01 +2.258664334e+02 +2.258664334e+02 -1.7313e+00 +2.6596e+00 -1.5522e+00 +2.6871e+00 +1.3032e-01
2285 0 +7.938343771e+00 +2.235483438e+02 +2.235483438e+02 -1.3186e+00 +3.0847e+00 -1.4232e+00 +2.7493e+00 +7.2518e-01
2307 0 +7.010566965e+00 +2.226205670e+02 +2.226205670e+02 -1.5603e+00 +3.1834e+00 -1.4356e+00 +2.8272e+00 +8.1301e-01
2427 0 +6.829227037e+00 +2.224392270e+02 +2.224392270e+02 -1.5603e+00 +3.1834e+00 -1.5242e+00 +2.8272e+00 +8.1301e-01
2613 0 +6.696633078e+00 +2.223066331e+02 +2.223066331e+02 -1.4197e+00 +3.0187e+00 -1.6711e+00 +2.9194e+00 +6.8481e-01
2689 0 +6.580720564e+00 +2.221907206e+02 +2.221907206e+02 -1.3120e+00 +3.0352e+00 -1.6183e+00 +2.9909e+00 +8.4134e-01
2733 0 +5.985753672e+00 +2.215957537e+02 +2.215957537e+02 -1.9179e+00 +3.4405e+00 -1.6711e+00 +2.8495e+00 +1.0160e+00
2909 0 +5.347867967e+00 +2.209578680e+02 +2.209578680e+02 -1.7775e+00 +3.0064e+00 -1.7238e+00 +2.9511e+00 +1.0585e+00
2949 0 +5.038398571e+00 +2.206483986e+02 +2.206483986e+02 -2.0914e+00 +3.3522e+00 -1.7238e+00 +2.9511e+00 +1.0585e+00
3051 0 +4.436138876e+00 +2.200461389e+02 +2.200461389e+02 -1.9278e+00 +3.0440e+00 -1.7708e+00 +3.0786e+00 +1.0500e+00
3135 0 +4.339312834e+00 +2.199493128e+02 +2.199493128e+02 -1.7192e+00 +3.2684e+00 -1.7287e+00 +3.2233e+00 +1.0853e+00
3161 0 +4.195805572e+00 +2.198058056e+02 +2.198058056e+02 -1.7995e+00 +3.0683e+00 -1.7952e+00 +3.1523e+00 +1.0694e+00
3175 0 +4.076014886e+00 +2.196860149e+02 +2.196860149e+02 -1.7192e+00 +2.9068e+00 -1.7287e+00 +3.3145e+00 +1.0853e+00
3437 0 +4.026767494e+00 +2.196367675e+02 +2.196367675e+02 -2.0074e+00 +3.0983e+00 -1.7604e+00 +3.1332e+00 +1.1679e+00
3451 0 +3.869546196e+00 +2.194795462e+02 +2.194795462e+02 -1.9278e+00 +3.1566e+00 -1.8335e+00 +3.3175e+00 +1.0500e+00
3497 0 +3.715994493e+00 +2.193259945e+02 +2.193259945e+02 -2.0609e+00 +2.9388e+00 -1.8020e+00 +3.2627e+00 +1.1513e+00
3571 0 +3.449870641e+00 +2.190598706e+02 +2.190598706e+02 -1.9278e+00 +3.1566e+00 -1.8335e+00 +3.3175e+00 +1.1773e+00
3691 0 +3.369288846e+00 +2.189792888e+02 +2.189792888e+02 -1.9278e+00 +3.1112e+00 -1.8335e+00 +3.3175e+00 +1.1980e+00
3847 0 +3.249516665e+00 +2.188595167e+02 +2.188595167e+02 -1.9970e+00 +3.2050e+00 -1.8769e+00 +3.2553e+00 +1.2347e+00
3887 0 +3.235881333e+00 +2.188458813e+02 +2.188458813e+02 -1.9970e+00 +3.2050e+00 -1.9359e+00 +3.2553e+00 +1.1920e+00
3977 0 +2.867059625e+00 +2.184770596e+02 +2.184770596e+02 -1.9772e+00 +3.1659e+00 -1.9033e+00 +3.3217e+00 +1.2996e+00
% f evaluations | g evaluations | best noise-free fitness - Fopt (1.936900000000e+02) + sum g_i+ | measured fitness | best measured fitness or single-digit g-values | x1 | x2...
1 0 +1.792260419e+05 +1.794197319e+05 +1.794197319e+05 +1.2304e+00 +8.8666e-01 -2.2624e-01 -4.3197e+00 +4.0142e+00
3 0 +1.641850865e+05 +1.643787765e+05 +1.643787765e+05 -2.6428e+00 +4.3082e-01 -1.7087e-01 +3.1834e+00 +1.2190e+00
10 0 +1.465439168e+05 +1.467376068e+05 +1.467376068e+05 +7.3044e-03 -2.2047e+00 +1.8070e+00 -1.6026e-01 +1.6051e+00
11 0 +6.289028232e+04 +6.308397232e+04 +6.308397232e+04 -2.7490e+00 +3.0604e+00 +6.2125e-01 -2.5178e+00 -4.4668e+00
14 0 +3.366799775e+04 +3.386168775e+04 +3.386168775e+04 +5.1133e-01 +1.8166e+00 -1.9051e+00 +9.9076e-01 +2.8405e+00
51 0 +3.280024543e+04 +3.299393543e+04 +3.299393543e+04 -2.7404e+00 +3.2369e+00 +2.1121e+00 +2.4841e+00 +8.7901e-01
63 0 +2.144206907e+04 +2.163575907e+04 +2.163575907e+04 +1.9397e+00 +5.0000e+00 +3.6626e+00 -5.0000e+00 -3.0092e-01
87 0 +4.252003228e+03 +4.445693228e+03 +4.445693228e+03 -4.0702e+00 +5.0000e+00 +1.1685e+00 +2.2280e+00 +2.8405e+00
91 0 +1.127530905e+03 +1.321220905e+03 +1.321220905e+03 -7.6459e-01 +3.2369e+00 +2.1121e+00 -2.5753e+00 +8.7901e-01
145 0 +6.773576705e+01 +2.614257670e+02 +2.614257670e+02 -2.6428e+00 +5.0000e+00 +9.3256e-01 +3.1834e+00 +1.2190e+00
207 0 +4.365763711e+01 +2.373476371e+02 +2.373476371e+02 -2.3090e+00 +5.0000e+00 -1.3736e+00 +2.2280e+00 +2.8405e+00
247 0 +3.016642442e+01 +2.238564244e+02 +2.238564244e+02 -2.0298e+00 +3.5520e+00 -1.3736e+00 +2.2280e+00 +2.8405e+00
587 0 +2.604150548e+01 +2.197315055e+02 +2.197315055e+02 -1.6415e+00 +3.7564e+00 +5.3499e-01 -3.8069e-01 +4.7558e-01
863 0 +2.465096265e+01 +2.183409627e+02 +2.183409627e+02 -1.4739e+00 +3.9468e+00 +2.6333e-01 -2.9309e-01 +5.7895e-01
903 0 +2.433654735e+01 +2.180265473e+02 +2.180265473e+02 -1.4739e+00 +3.9468e+00 +2.6333e-01 +1.1520e+00 +5.7895e-01
1049 0 +1.261212661e+01 +2.063021266e+02 +2.063021266e+02 -1.9425e+00 +4.1206e+00 -1.9205e+00 +1.7683e+00 +5.5364e-01
1223 0 +1.231027126e+01 +2.060002713e+02 +2.060002713e+02 -1.4739e+00 +3.7011e+00 -1.6726e+00 +1.1520e+00 +5.7895e-01
1383 0 +1.216855688e+01 +2.058585569e+02 +2.058585569e+02 -1.4911e+00 +3.6368e+00 -1.6726e+00 +1.1520e+00 +5.7895e-01
1413 0 +1.167798158e+01 +2.053679816e+02 +2.053679816e+02 -1.6540e+00 +3.0167e+00 -1.3430e+00 +1.0327e+00 +2.3911e-01
1463 0 +1.118398431e+01 +2.048739843e+02 +2.048739843e+02 -1.4911e+00 +3.6368e+00 -1.6726e+00 +1.1520e+00 +4.1100e-01
1505 0 +1.082969119e+01 +2.045196912e+02 +2.045196912e+02 -1.4631e+00 +3.4950e+00 -1.3768e+00 +6.5495e-01 +2.2485e-02
1523 0 +1.007607816e+01 +2.037660782e+02 +2.037660782e+02 -1.7287e+00 +3.9568e+00 -1.9421e+00 +1.0371e+00 +1.3384e-03
1543 0 +9.867311153e+00 +2.035573112e+02 +2.035573112e+02 -1.5433e+00 +3.6368e+00 -1.6726e+00 +2.0484e+00 +2.6338e-01
1559 0 +9.219417198e+00 +2.029094172e+02 +2.029094172e+02 -1.8644e+00 +3.9455e+00 -1.6148e+00 +1.5893e+00 -9.8612e-02
1639 0 +8.819537041e+00 +2.025095370e+02 +2.025095370e+02 -1.7618e+00 +3.9455e+00 -1.6148e+00 +1.5893e+00 -9.8612e-02
1663 0 +7.750702476e+00 +2.014407025e+02 +2.014407025e+02 -1.9003e+00 +3.6368e+00 -1.6726e+00 +1.3785e+00 -8.5547e-02
1771 0 +6.958620995e+00 +2.006486210e+02 +2.006486210e+02 -1.4202e+00 +3.6578e+00 -1.9421e+00 +1.0371e+00 -2.3045e-01
1789 0 +5.586205287e+00 +1.992762053e+02 +1.992762053e+02 -1.3775e+00 +3.2870e+00 -1.6629e+00 +1.3492e+00 -3.9260e-01
2059 0 +4.756975638e+00 +1.984469756e+02 +1.984469756e+02 -1.4899e+00 +3.4209e+00 -1.7353e+00 +1.4131e+00 -5.5454e-01
2137 0 +4.315545911e+00 +1.980055459e+02 +1.980055459e+02 -1.3002e+00 +3.3118e+00 -1.6097e+00 +1.2829e+00 -7.7668e-01
2193 0 +3.836239554e+00 +1.975262396e+02 +1.975262396e+02 -1.4015e+00 +3.3004e+00 -1.8131e+00 +1.5107e+00 -6.8602e-01
2261 0 +3.307784037e+00 +1.969977840e+02 +1.969977840e+02 -1.4515e+00 +3.2911e+00 -2.3088e+00 +1.5741e+00 -6.0028e-01
2365 0 +2.818624066e+00 +1.965086241e+02 +1.965086241e+02 -1.2441e+00 +3.4765e+00 -2.0113e+00 +1.3531e+00 -1.0113e+00
2459 0 +1.936748449e+00 +1.956267484e+02 +1.956267484e+02 -1.4190e+00 +3.2998e+00 -2.3284e+00 +1.5840e+00 -1.0482e+00
2551 0 +1.836829055e+00 +1.955268291e+02 +1.955268291e+02 -1.2915e+00 +3.3689e+00 -1.8886e+00 +1.3806e+00 -1.4691e+00
2593 0 +1.440186320e+00 +1.951301863e+02 +1.951301863e+02 -1.2955e+00 +3.2475e+00 -2.0670e+00 +1.7230e+00 -1.2353e+00
2677 0 +8.708436773e-01 +1.945608437e+02 +1.945608437e+02 -1.3874e+00 +3.2684e+00 -2.3530e+00 +1.7466e+00 -1.3876e+00
2837 0 +7.448152368e-01 +1.944348152e+02 +1.944348152e+02 -1.2748e+00 +3.2684e+00 -2.3530e+00 +1.7466e+00 -1.3876e+00
3071 0 +7.397928298e-01 +1.944297928e+02 +1.944297928e+02 -1.3745e+00 +3.4089e+00 -2.4171e+00 +1.7183e+00 -1.5080e+00
3185 0 +6.720850815e-01 +1.943620851e+02 +1.943620851e+02 -1.3156e+00 +3.5227e+00 -2.2962e+00 +1.6572e+00 -1.8190e+00
3331 0 +5.584253560e-01 +1.942484254e+02 +1.942484254e+02 -1.3136e+00 +3.3853e+00 -2.1987e+00 +1.7703e+00 -1.8234e+00
3343 0 +4.411924342e-01 +1.941311924e+02 +1.941311924e+02 -1.3531e+00 +3.5073e+00 -2.2783e+00 +1.6939e+00 -2.0134e+00
3443 0 +4.036027388e-01 +1.940936027e+02 +1.940936027e+02 -1.2915e+00 +3.2910e+00 -2.3854e+00 +1.8050e+00 -1.6152e+00
3483 0 +3.657022048e-01 +1.940557022e+02 +1.940557022e+02 -1.2915e+00 +3.3136e+00 -2.4753e+00 +1.8573e+00 -1.6152e+00
3537 0 +2.674469762e-01 +1.939574470e+02 +1.939574470e+02 -1.2813e+00 +3.3257e+00 -2.3971e+00 +1.7885e+00 -1.7714e+00
3831 0 +2.562853085e-01 +1.939462853e+02 +1.939462853e+02 -1.2854e+00 +3.3917e+00 -2.4171e+00 +1.8973e+00 -1.7937e+00
3843 0 +1.213063491e-01 +1.938113063e+02 +1.938113063e+02 -1.2301e+00 +3.3206e+00 -2.4753e+00 +1.8573e+00 -1.8596e+00
% f evaluations | g evaluations | best noise-free fitness - Fopt (3.513000000000e+01) + sum g_i+ | measured fitness | best measured fitness or single-digit g-values | x1 | x2...
1 0 +3.526401290e+04 +3.529914290e+04 +3.529914290e+04 +4.6755e+00 +1.0247e+00 -4.2071e+00 +3.1376e+00 -4.8531e-01
10 0 +3.292866914e+01 +6.805866914e+01 +6.805866914e+01 +4.1525e+00 +9.3451e-01 +3.0525e+00 +3.2998e+00 -1.0693e+00
199 0 +3.200074708e+01 +6.713074708e+01 +6.713074708e+01 +4.1525e+00 +9.3451e-01 +2.2759e+00 +3.2998e+00 -1.0693e+00
239 0 +1.559351349e+01 +5.072351349e+01 +5.072351349e+01 +3.3671e+00 +9.3451e-01 +2.2759e+00 +3.2998e+00 -2.0734e-01
749 0 +1.386790380e+01 +4.899790380e+01 +4.899790380e+01 +3.0135e+00 +2.1551e+00 +1.8692e+00 +3.7218e+00 -1.1274e-01
869 0 +1.308499727e+01 +4.821499727e+01 +4.821499727e+01 +3.0135e+00 +7.4604e-01 +1.8692e+00 +3.7218e+00 -1.1274e-01
907 0 +1.161862807e+01 +4.674862807e+01 +4.674862807e+01 +3.5112e+00 +1.8492e+00 +9.0163e-01 +2.3975e+00 +7.3908e-01
1165 0 +6.826135380e+00 +4.195613538e+01 +4.195613538e+01 +2.9299e+00 +1.4462e+00 +6.9631e-01 +2.6376e+00 +1.0248e+00
1205 0 +6.204327600e+00 +4.133432760e+01 +4.133432760e+01 +2.9299e+00 +1.9287e+00 +6.9631e-01 +2.6376e+00 +1.0248e+00
2035 0 +5.639797533e+00 +4.076979753e+01 +4.076979753e+01 +2.6727e+00 +1.3725e+00 +2.0869e+00 +3.4152e+00 +8.1347e-01
2085 0 +5.095682830e+00 +4.022568283e+01 +4.022568283e+01 +2.9344e+00 +1.9287e+00 +1.0797e+00 +2.6376e+00 +1.0248e+00
2247 0 +4.599349781e+00 +3.972934978e+01 +3.972934978e+01 +2.5170e+00 +9.0300e-01 +1.4756e+00 +3.1169e+00 +9.1830e-01
2317 0 +2.610150830e+00 +3.774015083e+01 +3.774015083e+01 +2.0652e+00 +1.2534e+00 +1.7714e+00 +3.0465e+00 +1.1294e+00
2747 0 +2.530828943e+00 +3.766082894e+01 +3.766082894e+01 +2.4780e+00 +1.0936e+00 +1.7271e+00 +3.3651e+00 +1.1998e+00
2777 0 +2.183551737e+00 +3.731355174e+01 +3.731355174e+01 +2.3710e+00 +1.3127e+00 +1.8373e+00 +3.2223e+00 +1.3070e+00
2863 0 +1.653889048e+00 +3.678388905e+01 +3.678388905e+01 +2.6393e+00 +1.3034e+00 +1.6012e+00 +2.8944e+00 +1.3829e+00
2955 0 +1.418394008e+00 +3.654839401e+01 +3.654839401e+01 +2.3846e+00 +1.1977e+00 +1.4133e+00 +3.0971e+00 +1.3596e+00
3103 0 +1.378239173e+00 +3.650823917e+01 +3.650823917e+01 +2.4096e+00 +1.1614e+00 +1.6447e+00 +3.1001e+00 +1.3829e+00
3255 0 +9.103240888e-01 +3.604032409e+01 +3.604032409e+01 +2.2535e+00 +1.2091e+00 +1.6093e+00 +2.9205e+00 +1.5332e+00
3399 0 +8.065736681e-01 +3.593657367e+01 +3.593657367e+01 +2.4184e+00 +1.2952e+00 +1.6248e+00 +3.0799e+00 +1.5959e+00
3429 0 +7.368386164e-01 +3.586683862e+01 +3.586683862e+01 +2.3868e+00 +1.2687e+00 +1.6057e+00 +3.0166e+00 +1.5862e+00
3593 0 +6.726935129e-01 +3.580269351e+01 +3.580269351e+01 +2.4668e+00 +1.2244e+00 +1.5638e+00 +2.9269e+00 +1.6468e+00
3833 0 +5.761916169e-01 +3.570619162e+01 +3.570619162e+01 +2.3696e+00 +1.2244e+00 +1.5279e+00 +2.9269e+00 +1.6468e+00
3873 0 +5.632882629e-01 +3.569328826e+01 +3.569328826e+01 +2.3696e+00 +1.2244e+00 +1.4944e+00 +2.9269e+00 +1.6468e+00
% f evaluations | g evaluations | best noise-free fitness - Fopt (-2.279900000000e+02) + sum g_i+ | measured fitness | best measured fitness or single-digit g-values | x1 | x2...
1 0 +1.934145474e+05 +1.931865574e+05 +1.931865574e+05 -1.6504e+00 -7.1906e-01 -4.9989e+00 -1.3814e+00 -3.2876e+00
2 0 +1.044863519e+05 +1.042583619e+05 +1.042583619e+05 -3.0711e+00 -2.2029e+00 -3.0013e+00 -3.7136e+00 -3.8227e+00
3 0 +6.835531110e+04 +6.812732110e+04 +6.812732110e+04 +1.3700e+00 +2.8451e+00 +3.0974e+00 -6.0648e-01 -2.2753e+00
11 0 +6.527451961e+04 +6.504652961e+04 +6.504652961e+04 +1.6790e+00 -2.6097e+00 -2.5776e+00 -2.4501e+00 +3.5697e+00
15 0 +6.228106846e+01 -1.657089315e+02 -1.657089315e+02 +1.4987e+00 -4.9195e+00 +3.5900e+00 -4.2901e-01 +1.0428e+00
209 0 +5.744654037e+01 -1.705434596e+02 -1.705434596e+02 +1.4987e+00 -4.9195e+00 +2.3116e+00 -4.2901e-01 +1.0428e+00
367 0 +4.604691201e+01 -1.819430880e+02 -1.819430880e+02 +3.3152e+00 -2.5147e+00 +3.7002e-01 +8.1612e-01 -2.2115e+00
647 0 +3.523546972e+01 -1.927545303e+02 -1.927545303e+02 +3.3152e+00 -2.5147e+00 +1.0476e+00 +8.1612e-01 -1.4904e+00
727 0 +2.319457913e+01 -2.047954209e+02 -2.047954209e+02 +3.3152e+00 -2.5147e+00 +2.3797e+00 +8.1612e-01 -1.4904e+00
767 0 +2.145129217e+01 -2.065387078e+02 -2.065387078e+02 +3.3152e+00 -2.5147e+00 +2.3797e+00 +1.1294e+00 -1.4904e+00
1367 0 +1.768349429e+01 -2.103065057e+02 -2.103065057e+02 +3.3152e+00 -2.4683e+00 +2.5803e+00 +1.1294e+00 -9.1969e-01
1469 0 +1.378501910e+01 -2.142049809e+02 -2.142049809e+02 +3.2510e+00 -1.5761e+00 +2.8035e+00 +1.1936e+00 -9.9048e-01
1669 0 +1.297369011e+01 -2.150163099e+02 -2.150163099e+02 +3.2510e+00 -2.1738e+00 +3.2655e+00 +1.2470e+00 -9.9048e-01
1805 0 +1.270265135e+01 -2.152873486e+02 -2.152873486e+02 +3.1106e+00 -2.2058e+00 +3.4139e+00 +1.4430e+00 -1.6319e-01
1925 0 +1.255400298e+01 -2.154359970e+02 -2.154359970e+02 +2.9483e+00 -1.5395e+00 +3.5907e+00 +1.4175e+00 -1.6319e-01
1949 0 +1.227027213e+01 -2.157197279e+02 -2.157197279e+02 +2.7205e+00 -1.6726e+00 +3.3390e+00 +1.2470e+00 -9.9048e-01
2033 0 +1.081430126e+01 -2.171756987e+02 -2.171756987e+02 +2.8302e+00 -1.3203e+00 +3.4927e+00 +1.4584e+00 -9.8825e-01
2069 0 +9.690993397e+00 -2.182990066e+02 -2.182990066e+02 +2.8039e+00 -2.0771e+00 +3.3390e+00 +2.0383e+00 -1.1816e+00
2293 0 +8.728820422e+00 -2.192611796e+02 -2.192611796e+02 +2.3894e+00 -1.3986e+00 +3.2234e+00 +1.7974e+00 -5.0213e-01
2309 0 +7.229772510e+00 -2.207602275e+02 -2.207602275e+02 +2.2869e+00 -1.0947e+00 +3.5289e+00 +1.6307e+00 -1.3054e+00
2379 0 +7.061577749e+00 -2.209284223e+02 -2.209284223e+02 +2.2966e+00 -1.3080e+00 +3.5951e+00 +1.7067e+00 -1.0310e+00
2619 0 +6.623658595e+00 -2.213663414e+02 -2.213663414e+02 +2.2966e+00 -1.2235e+00 +3.6494e+00 +1.8736e+00 -1.0665e+00
2629 0 +6.314637927e+00 -2.216753621e+02 -2.216753621e+02 +2.1403e+00 -1.0947e+00 +3.1301e+00 +2.0167e+00 -1.4375e+00
2681 0 +6.308358112e+00 -2.216816419e+02 -2.216816419e+02 +2.1978e+00 -1.3104e+00 +3.3488e+00 +1.9825e+00 -1.4328e+00
2747 0 +5.754770958e+00 -2.222352290e+02 -2.222352290e+02 +2.1382e+00 -1.0374e+00 +3.4949e+00 +1.9898e+00 -1.2578e+00
2787 0 +4.359997937e+00 -2.236300021e+02 -2.236300021e+02 +2.1076e+00 -1.0374e+00 +3.4949e+00 +2.2593e+00 -1.4681e+00
3137 0 +4.250064512e+00 -2.237399355e+02 -2.237399355e+02 +2.0044e+00 -1.0066e+00 +3.5294e+00 +2.2896e+00 -1.1745e+00
3265 0 +4.082587113e+00 -2.239074129e+02 -2.239074129e+02 +2.0023e+00 -9.4687e-01 +3.6491e+00 +2.2603e+00 -1.4209e+00
3347 0 +3.935374124e+00 -2.240546259e+02 -2.240546259e+02 +2.0250e+00 -1.1391e+00 +3.6114e+00 +2.4233e+00 -1.3160e+00
3427 0 +3.807560052e+00 -2.241824399e+02 -2.241824399e+02 +1.9771e+00 -1.1391e+00 +3.5651e+00 +2.4233e+00 -1.3160e+00
3467 0 +3.730063234e+00 -2.242599368e+02 -2.242599368e+02 +1.9811e+00 -9.3223e-01 +3.6811e+00 +2.4233e+00 -1.3160e+00
3559 0 +3.637906187e+00 -2.243520938e+02 -2.243520938e+02 +1.9288e+00 -1.0071e+00 +3.5625e+00 +2.3859e+00 -1.3596e+00
3679 0 +3.563710343e+00 -2.244262897e+02 -2.244262897e+02 +1.9133e+00 -8.8147e-01 +3.6503e+00 +2.3859e+00 -1.3596e+00
3687 0 +3.376845076e+00 -2.246131549e+02 -2.246131549e+02 +1.9097e+00 -9.9414e-01 +3.5687e+00 +2.4636e+00 -1.3712e+00
3717 0 +3.305281515e+00 -2.246847185e+02 -2.246847185e+02 +1.8466e+00 -1.0456e+00 +3.6080e+00 +2.4851e+00 -1.2681e+00
3797 0 +3.234181054e+00 -2.247558189e+02 -2.247558189e+02 +1.8466e+00 -8.0147e-01 +3.6080e+00 +2.4851e+00 -1.3137e+00
3897 0 +2.870848979e+00 -2.251191510e+02 -2.251191510e+02 +1.7461e+00 -9.1885e-01 +3.5705e+00 +2.5044e+00 -1.3240e+00
% f evaluations | g evaluations | best noise-free fitness - Fopt (-2.186000000000e+01) + sum g_i+ | measured fitness | best measured fitness or single-digit g-values | x1 | x2...
1 0 +4.935843831e+05 +4.935625231e+05 +4.935625231e+05 +2.1213e+00 +3.9985e+00 +1.8295e+00 +4.8369e+00 +5.2194e-01
2 0 +2.592937609e+03 +2.571077609e+03 +2.571077609e+03 +1.7880e+00 +6.7044e-01 -3.4183e+00 +1.1059e+00 +1.1472e+00
107 0 +2.040053587e+03 +2.018193587e+03 +2.018193587e+03 +2.5267e+00 -1.5583e-01 -3.3282e+00 +2.9550e-01 +2.2349e+00
127 0 +1.425564171e+03 +1.403704171e+03 +1.403704171e+03 +4.7803e+00 +1.2465e+00 -3.0634e+00 +2.1933e-01 +1.9220e+00
129 0 +4.570381867e+01 +2.384381867e+01 +2.384381867e+01 +2.5565e+00 -3.3388e-01 -4.4831e+00 -1.6657e+00 +2.5307e+00
297 0 +3.297198473e+01 +1.111198473e+01 +1.111198473e+01 +2.4489e+00 +8.8470e-01 -4.1958e+00 -1.0786e+00 +2.3884e+00
945 0 +2.823738713e+01 +6.377387129e+00 +6.377387129e+00 +1.5622e+00 +9.3116e-01 -4.1628e+00 -6.0955e-01 +3.0822e+00
969 0 +2.578142474e+01 +3.921424741e+00 +3.921424741e+00 +1.0796e+00 +1.4332e+00 -4.4831e+00 -7.2069e-01 +2.5307e+00
1003 0 +2.483212700e+01 +2.972126999e+00 +2.972126999e+00 +1.5208e+00 +1.7963e+00 -3.8786e+00 -7.7820e-01 +2.0391e+00
1043 0 +2.195968347e+01 +9.968346915e-02 +9.968346915e-02 +8.3536e-01 +1.1952e+00 -3.8786e+00 -7.7820e-01 +2.0391e+00
1181 0 +1.247636894e+01 -9.383631055e+00 -9.383631055e+00 -1.7118e-01 +1.4814e+00 -3.5390e+00 -1.0243e+00 +1.1339e+00
1351 0 +1.091776352e+01 -1.094223648e+01 -1.094223648e+01 -4.4024e-01 +8.9213e-01 -3.1889e+00 -1.1073e+00 +1.8783e+00
1495 0 +9.283963892e+00 -1.257603611e+01 -1.257603611e+01 -7.7536e-01 +1.1723e+00 -3.5048e+00 -1.3717e+00 +1.9471e+00
1525 0 +8.775978153e+00 -1.308402185e+01 -1.308402185e+01 -3.7665e-01 +8.4447e-01 -2.6118e+00 -9.8267e-01 +1.8069e+00
1565 0 +8.399361193e+00 -1.346063881e+01 -1.346063881e+01 -1.8320e-01 +1.5372e+00 -2.6118e+00 -9.8267e-01 +1.8069e+00
1597 0 +7.525289607e+00 -1.433471039e+01 -1.433471039e+01 -5.4419e-01 +9.8551e-01 -3.1084e+00 -1.4735e+00 +1.7241e+00
1693 0 +7.324552091e+00 -1.453544791e+01 -1.453544791e+01 -1.0428e-02 +1.1855e+00 -2.7202e+00 -1.5570e+00 +2.2922e+00
1705 0 +6.998863426e+00 -1.486113657e+01 -1.486113657e+01 -1.1224e+00 +9.3491e-01 -3.0932e+00 -1.3615e+00 +1.1623e+00
1713 0 +6.221247662e+00 -1.563875234e+01 -1.563875234e+01 -9.0745e-01 +1.0816e+00 -2.8990e+00 -1.6835e+00 +1.3693e+00
1775 0 +4.989393974e+00 -1.687060603e+01 -1.687060603e+01 -7.7536e-01 +1.2909e+00 -2.6708e+00 -1.3717e+00 +1.6650e+00
1969 0 +4.477156366e+00 -1.738284363e+01 -1.738284363e+01 -9.7189e-01 +1.1800e+00 -2.6684e+00 -1.4930e+00 +1.6618e+00
2025 0 +4.302417654e+00 -1.755758235e+01 -1.755758235e+01 -1.3441e+00 +1.1452e+00 -2.6266e+00 -1.3615e+00 +1.1623e+00
2065 0 +4.026979790e+00 -1.783302021e+01 -1.783302021e+01 -1.3441e+00 +1.2237e+00 -2.6266e+00 -1.3615e+00 +1.1623e+00
2099 0 +3.611813835e+00 -1.824818617e+01 -1.824818617e+01 -1.2561e+00 +1.2842e+00 -2.5621e+00 -1.3971e+00 +1.3771e+00
2115 0 +3.323762259e+00 -1.853623774e+01 -1.853623774e+01 -1.3732e+00 +1.2757e+00 -2.6003e+00 -1.5042e+00 +1.4267e+00
2203 0 +3.173431486e+00 -1.868656851e+01 -1.868656851e+01 -1.6945e+00 +1.3537e+00 -2.5467e+00 -1.4221e+00 +1.4825e+00
2219 0 +2.834543636e+00 -1.902545636e+01 -1.902545636e+01 -1.3649e+00 +1.4357e+00 -2.4539e+00 -1.3971e+00 +1.3771e+00
2243 0 +2.559852782e+00 -1.930014722e+01 -1.930014722e+01 -1.6945e+00 +1.3537e+00 -2.5467e+00 -1.6478e+00 +1.1462e+00
2331 0 +2.166029942e+00 -1.969397006e+01 -1.969397006e+01 -1.3510e+00 +1.3735e+00 -2.2091e+00 -1.5386e+00 +1.5788e+00
2399 0 +2.117329682e+00 -1.974267032e+01 -1.974267032e+01 -1.7704e+00 +1.3538e+00 -2.3875e+00 -1.6772e+00 +1.2349e+00
2435 0 +1.827339562e+00 -2.003266044e+01 -2.003266044e+01 -1.4188e+00 +1.3704e+00 -2.1699e+00 -1.5340e+00 +1.3645e+00
2515 0 +1.674353912e+00 -2.018564609e+01 -2.018564609e+01 -1.4188e+00 +1.3704e+00 -2.1699e+00 -1.5877e+00 +1.3645e+00
2535 0 +1.393581554e+00 -2.046641845e+01 -2.046641845e+01 -1.6159e+00 +1.3701e+00 -2.0887e+00 -1.6276e+00 +1.5067e+00
2603 0 +1.371380708e+00 -2.048861929e+01 -2.048861929e+01 -1.6945e+00 +1.3537e+00 -2.0121e+00 -1.6478e+00 +1.1462e+00
2659 0 +1.323314860e+00 -2.053668514e+01 -2.053668514e+01 -1.3985e+00 +1.4357e+00 -1.9508e+00 -1.5811e+00 +1.3771e+00
2721 0 +1.296771351e+00 -2.056322865e+01 -2.056322865e+01 -1.5965e+00 +1.4232e+00 -1.9412e+00 -1.5494e+00 +1.4198e+00
2897 0 +7.726611242e-01 -2.108733888e+01 -2.108733888e+01 -1.4775e+00 +1.4338e+00 -1.7504e+00 -1.6068e+00 +1.3791e+00
2977 0 +7.369889716e-01 -2.112301103e+01 -2.112301103e+01 -1.6234e+00 +1.4338e+00 -1.7504e+00 -1.6068e+00 +1.3791e+00
3057 0 +6.348088806e-01 -2.122519112e+01 -2.122519112e+01 -1.6234e+00 +1.4338e+00 -1.7138e+00 -1.7225e+00 +1.4284e+00
3399 0 +4.877449352e-01 -2.137225506e+01 -2.137225506e+01 -1.4883e+00 +1.4742e+00 -1.5642e+00 -1.7188e+00 +1.3487e+00
3511 0 +4.627534351e-01 -2.139724656e+01 -2.139724656e+01 -1.6661e+00 +1.4868e+00 -1.7084e+00 -1.7323e+00 +1.2670e+00
3535 0 +4.485724068e-01 -2.141142759e+01 -2.141142759e+01 -1.6164e+00 +1.4746e+00 -1.6945e+00 -1.7377e+00 +1.4013e+00
3575 0 +4.371992992e-01 -2.142280070e+01 -2.142280070e+01 -1.6442e+00 +1.4746e+00 -1.6945e+00 -1.7377e+00 +1.4013e+00
3591 0 +4.216428845e-01 -2.143835712e+01 -2.143835712e+01 -1.6661e+00 +1.4868e+00 -1.7084e+00 -1.7323e+00 +1.3773e+00
3639 0 +4.126363710e-01 -2.144736363e+01 -2.144736363e+01 -1.5936e+00 +1.4742e+00 -1.5929e+00 -1.7203e+00 +1.3487e+00
3735 0 +3.924545841e-01 -2.146754542e+01 -2.146754542e+01 -1.6536e+00 +1.5050e+00 -1.6779e+00 -1.7377e+00 +1.3152e+00
3749 0 +3.858068350e-01 -2.147419316e+01 -2.147419316e+01 -1.5508e+00 +1.5305e+00 -1.6279e+00 -1.7227e+00 +1.3226e+00
3769 0 +3.792825749e-01 -2.148071743e+01 -2.148071743e+01 -1.6386e+00 +1.4690e+00 -1.5489e+00 -1.7418e+00 +1.4013e+00
3783 0 +3.339299779e-01 -2.152607002e+01 -2.152607002e+01 -1.6107e+00 +1.5376e+00 -1.6084e+00 -1.6922e+00 +1.3676e+00
3823 0 +2.983642648e-01 -2.156163574e+01 -2.156163574e+01 -1.5889e+00 +1.5376e+00 -1.5964e+00 -1.7335e+00 +1.3676e+00
4005 0 +2.574877986e-01 -2.160251220e+01 -2.160251220e+01 -1.6485e+00 +1.5341e+00 -1.5994e+00 -1.7602e+00 +1.4161e+00
% f evaluations | g evaluations | best noise-free fitness - Fopt (-5.762300000000e+02) + sum g_i+ | measured fitness | best measured fitness or single-digit g-values | x1 | x2...
1 0 +6.779008065e+03 +6.202778065e+03 +6.202778065e+03 -3.8419e+00 +1.8732e+00 +4.4918e+00 +4.5484e-02 +1.4779e+00
6 0 +1.110794075e+03 +5.345640748e+02 +5.345640748e+02 +3.5505e+00 +3.4182e+00 -2.3740e+00 -2.6225e+00 -3.9581e+00
9 0 +2.499710874e+02 -3.262589126e+02 -3.262589126e+02 +2.2320e-01 -7.1802e-01 +1.9914e+00 -4.0884e+00 -1.7987e+00
109 0 +2.174106502e+02 -3.588193498e+02 -3.588193498e+02 +3.9502e+00 -4.4653e-01 -1.1943e+00 -2.5512e+00 -3.0661e+00
179 0 +1.921284086e+02 -3.841015914e+02 -3.841015914e+02 +1.6687e+00 +1.7790e+00 +2.9206e+00 +1.9563e+00 -2.1767e+00
219 0 +1.256046572e+02 -4.506253428e+02 -4.506253428e+02 +1.6687e+00 -5.8417e-01 +2.9206e+00 +2.3845e+00 -2.1767e+00
331 0 +9.606086846e+01 -4.801691315e+02 -4.801691315e+02 -7.3434e-02 -3.1866e+00 +2.2525e+00 +1.1252e+00 +7.4781e-01
467 0 +8.673100220e+01 -4.894989978e+02 -4.894989978e+02 +1.6309e+00 -1.6691e+00 -4.6411e-01 +8.9473e-01 -1.4097e-01
525 0 +6.312548569e+01 -5.131045143e+02 -5.131045143e+02 +1.6944e+00 -3.4438e+00 -1.4138e-01 +1.2788e+00 -1.8601e+00
587 0 +5.746072986e+01 -5.187692701e+02 -5.187692701e+02 +2.6761e+00 -1.6691e+00 -4.6411e-01 +4.3807e+00 +3.7643e-02
645 0 +4.498110127e+01 -5.312488987e+02 -5.312488987e+02 +3.3457e-01 -3.4438e+00 -1.4138e-01 +1.2788e+00 -1.8601e+00
971 0 +4.228741704e+01 -5.339425830e+02 -5.339425830e+02 -1.8578e+00 -1.5811e+00 +4.2414e-01 +1.1252e+00 -9.6634e-01
1067 0 +4.027675820e+01 -5.359532418e+02 -5.359532418e+02 +7.0956e-02 -1.6691e+00 -7.6697e-01 +2.0083e+00 +3.7643e-02
1117 0 +2.834139776e+01 -5.478886022e+02 -5.478886022e+02 -9.5715e-01 -1.0572e+00 -1.5313e+00 +1.4807e+00 -3.9919e-01
1277 0 +2.407707041e+01 -5.521529296e+02 -5.521529296e+02 -9.5715e-01 -1.4179e+00 -1.7645e+00 +1.4807e+00 -3.9919e-01
1537 0 +1.821361975e+01 -5.580163802e+02 -5.580163802e+02 -2.4200e-01 -2.3052e+00 -1.0990e+00 +2.9995e+00 +4.6106e-02
1627 0 +1.474111610e+01 -5.614888839e+02 -5.614888839e+02 -9.8839e-03 -3.0495e+00 -7.6697e-01 +3.5011e+00 +3.7643e-02
1937 0 +1.285912513e+01 -5.633708749e+02 -5.633708749e+02 -2.4200e-01 -2.8462e+00 -1.2423e+00 +2.9995e+00 +1.4650e-02
2037 0 +1.255698392e+01 -5.636730161e+02 -5.636730161e+02 -9.5715e-01 -4.0101e+00 -1.7645e+00 +1.4807e+00 -2.4358e-01
2045 0 +1.058331679e+01 -5.656466832e+02 -5.656466832e+02 -9.8170e-01 -4.2803e+00 -1.0690e+00 +2.0532e+00 +2.0264e-01
2165 0 +1.045877281e+01 -5.657712272e+02 -5.657712272e+02 -9.8170e-01 -5.0000e+00 -6.3157e-01 +2.1445e+00 +2.0264e-01
2207 0 +6.994904291e+00 -5.692350957e+02 -5.692350957e+02 -1.7070e+00 -3.6503e+00 -3.9403e-01 +2.5594e+00 -4.7282e-01
2477 0 +3.951536228e+00 -5.722784638e+02 -5.722784638e+02 -1.4054e+00 -4.1910e+00 -1.3414e+00 +2.2638e+00 -2.4358e-01
2771 0 +3.618492075e+00 -5.726115079e+02 -5.726115079e+02 -1.4969e+00 -4.4276e+00 -8.3606e-01 +2.7437e+00 -1.0056e-01
2837 0 +1.231345700e+00 -5.749986543e+02 -5.749986543e+02 -2.2143e+00 -4.2095e+00 -1.3414e+00 +2.2044e+00 -1.2713e-02
2983 0 +8.166162966e-01 -5.754133837e+02 -5.754133837e+02 -2.4323e+00 -4.0016e+00 -1.0224e+00 +2.4862e+00 +6.6952e-03
3503 0 +7.571350244e-01 -5.754728650e+02 -5.754728650e+02 -2.4323e+00 -4.1308e+00 -1.0224e+00 +2.4862e+00 +6.6952e-03
3847 0 +7.256338257e-01 -5.755043662e+02 -5.755043662e+02 -2.1140e+00 -3.9233e+00 -1.3688e+00 +2.5594e+00 +3.0142e-02
% f evaluations | g evaluations | best noise-free fitness - Fopt (7.936000000000e+01) + sum g_i+ | measured fitness | best measured fitness or single-digit g-values | x1 | x2...
1 0 +1.969448538e+05 +1.970242138e+05 +1.970242138e+05 +9.1272e-01 -2.6851e-03 -1.7302e+00 +4.8602e-01 +5.1777e-01
2 0 +1.332276279e+05 +1.333069879e+05 +1.333069879e+05 -4.3601e+00 -7.7906e-01 +1.1386e+00 +1.6252e+00 -2.4328e-01
3 0 +6.341445943e+04 +6.349381943e+04 +6.349381943e+04 -1.2460e+00 +2.8165e+00 +7.4574e-01 +3.6310e+00 -3.2185e+00
5 0 +1.161828216e+02 +1.955428216e+02 +1.955428216e+02 -4.5208e+00 +2.0284e+00 -4.4987e+00 +3.1317e+00 -4.9914e+00
10 0 +6.052277630e+01 +1.398827763e+02 +1.398827763e+02 -3.2014e+00 +4.0768e+00 -2.3891e+00 +4.3293e+00 +3.2028e-01
239 0 +2.313081298e+01 +1.024908130e+02 +1.024908130e+02 -2.1170e+00 +1.7518e+00 -2.3891e+00 +4.6032e+00 +3.2028e-01
519 0 +1.916377529e+01 +9.852377529e+01 +9.852377529e+01 -7.9196e-01 +1.7518e+00 -2.3891e+00 +4.6032e+00 +3.2028e-01
639 0 +1.251698981e+01 +9.187698981e+01 +9.187698981e+01 -7.9196e-01 +1.7518e+00 -1.7468e+00 +4.6032e+00 +3.2028e-01
799 0 +6.045264480e+00 +8.540526448e+01 +8.540526448e+01 -7.9196e-01 +1.7518e+00 -1.1244e+00 +3.5554e+00 +3.2028e-01
1159 0 +5.957128439e+00 +8.531712844e+01 +8.531712844e+01 -7.9196e-01 +1.7518e+00 -1.1244e+00 +3.5554e+00 +5.6757e-01
1399 0 +5.702064658e+00 +8.506206466e+01 +8.506206466e+01 -7.9196e-01 +1.7518e+00 -1.1244e+00 +3.5554e+00 +4.2593e-01
1719 0 +4.858215406e+00 +8.421821541e+01 +8.421821541e+01 -1.1833e+00 +1.7518e+00 -1.1244e+00 +3.5554e+00 +7.2007e-01
1933 0 +4.153482473e+00 +8.351348247e+01 +8.351348247e+01 -2.1427e+00 +1.8382e+00 -8.6694e-01 +3.5495e+00 +1.3050e+00
1951 0 +3.902587982e+00 +8.326258798e+01 +8.326258798e+01 -1.1648e+00 +1.7604e+00 -8.3924e-01 +3.6850e+00 +7.1447e-01
1971 0 +3.422408019e+00 +8.278240802e+01 +8.278240802e+01 -1.0265e+00 +1.8666e+00 -5.5502e-01 +3.5142e+00 +8.9206e-01
2023 0 +3.297121387e+00 +8.265712139e+01 +8.265712139e+01 -2.3498e+00 +1.8248e+00 -4.4467e-01 +3.5204e+00 +1.1040e+00
2079 0 +3.066224768e+00 +8.242622477e+01 +8.242622477e+01 -1.1833e+00 +1.7518e+00 -5.2731e-01 +3.5554e+00 +7.2007e-01
2091 0 +2.964732777e+00 +8.232473278e+01 +8.232473278e+01 -1.0265e+00 +1.7782e+00 -6.8118e-01 +3.5142e+00 +8.9206e-01
2103 0 +2.526383172e+00 +8.188638317e+01 +8.188638317e+01 -1.2343e+00 +1.8248e+00 -4.4467e-01 +3.5204e+00 +1.1040e+00
2297 0 +2.169826938e+00 +8.152982694e+01 +8.152982694e+01 -1.4248e+00 +1.7936e+00 -5.9940e-01 +3.4537e+00 +1.4479e+00
2333 0 +2.001819429e+00 +8.136181943e+01 +8.136181943e+01 -1.3090e+00 +1.7205e+00 -6.3883e-01 +3.5495e+00 +1.3050e+00
2349 0 +1.819191097e+00 +8.117919110e+01 +8.117919110e+01 -1.6938e+00 +1.6309e+00 -5.3550e-01 +3.4501e+00 +1.0003e+00
2453 0 +1.574102410e+00 +8.093410241e+01 +8.093410241e+01 -2.0508e+00 +1.7205e+00 -3.2362e-01 +3.5495e+00 +1.3050e+00
2457 0 +1.204575011e+00 +8.056457501e+01 +8.056457501e+01 -1.6742e+00 +1.5751e+00 -5.3421e-01 +3.4537e+00 +1.4479e+00
2657 0 +1.062739476e+00 +8.042273948e+01 +8.042273948e+01 -1.4874e+00 +1.5751e+00 -5.3421e-01 +3.5195e+00 +1.4479e+00
2689 0 +9.382549863e-01 +8.029825499e+01 +8.029825499e+01 -1.6638e+00 +1.6531e+00 -3.9547e-01 +3.6412e+00 +1.5777e+00
2729 0 +8.066746391e-01 +8.016667464e+01 +8.016667464e+01 -1.6638e+00 +1.6531e+00 -3.2873e-01 +3.6412e+00 +1.5777e+00
2773 0 +7.586474936e-01 +8.011864749e+01 +8.011864749e+01 -1.7334e+00 +1.6184e+00 -3.0761e-01 +3.5246e+00 +1.3915e+00
2813 0 +7.493774479e-01 +8.010937745e+01 +8.010937745e+01 -1.7334e+00 +1.6184e+00 -3.0761e-01 +3.4818e+00 +1.3915e+00
2867 0 +5.284594134e-01 +7.988845941e+01 +7.988845941e+01 -1.7080e+00 +1.5247e+00 -3.4574e-01 +3.6757e+00 +1.5138e+00
2907 0 +5.110782133e-01 +7.987107821e+01 +7.987107821e+01 -1.7080e+00 +1.5247e+00 -3.4574e-01 +3.4574e+00 +1.5138e+00
2959 0 +4.835743227e-01 +7.984357432e+01 +7.984357432e+01 -1.7944e+00 +1.5139e+00 -3.1599e-01 +3.5554e+00 +1.4619e+00
3001 0 +4.762614897e-01 +7.983626149e+01 +7.983626149e+01 -1.7855e+00 +1.4828e+00 -3.7101e-01 +3.5251e+00 +1.5437e+00
3093 0 +4.121518067e-01 +7.977215181e+01 +7.977215181e+01 -1.7334e+00 +1.5269e+00 -3.0761e-01 +3.4818e+00 +1.5735e+00
3133 0 +3.897611043e-01 +7.974976110e+01 +7.974976110e+01 -1.6032e+00 +1.5269e+00 -3.0761e-01 +3.5580e+00 +1.5838e+00
3201 0 +3.755854607e-01 +7.973558546e+01 +7.973558546e+01 -1.5616e+00 +1.4828e+00 -3.5030e-01 +3.5958e+00 +1.5437e+00
3209 0 +3.531426821e-01 +7.971314268e+01 +7.971314268e+01 -1.6630e+00 +1.4781e+00 -3.1904e-01 +3.5072e+00 +1.5549e+00
3279 0 +3.344619128e-01 +7.969446191e+01 +7.969446191e+01 -1.7040e+00 +1.5139e+00 -2.8353e-01 +3.5652e+00 +1.6066e+00
3401 0 +2.970679346e-01 +7.965706793e+01 +7.965706793e+01 -1.5616e+00 +1.4828e+00 -2.8763e-01 +3.5958e+00 +1.5437e+00
3409 0 +2.872470910e-01 +7.964724709e+01 +7.964724709e+01 -1.6630e+00 +1.4781e+00 -2.7854e-01 +3.5072e+00 +1.5549e+00
3439 0 +2.071156060e-01 +7.956711561e+01 +7.956711561e+01 -1.7040e+00 +1.4471e+00 -2.8353e-01 +3.6132e+00 +1.6042e+00
3559 0 +2.020589100e-01 +7.956205891e+01 +7.956205891e+01 -1.6555e+00 +1.4471e+00 -2.8353e-01 +3.5864e+00 +1.6042e+00
3679 0 +1.566500033e-01 +7.951665000e+01 +7.951665000e+01 -1.7562e+00 +1.4471e+00 -2.2081e-01 +3.5864e+00 +1.6042e+00
3899 0 +1.546813138e-01 +7.951468131e+01 +7.951468131e+01 -1.6799e+00 +1.4618e+00 -2.0679e-01 +3.5718e+00 +1.6174e+00
3907 0 +1.430004312e-01 +7.950300043e+01 +7.950300043e+01 -1.6743e+00 +1.4552e+00 -2.1871e-01 +3.6148e+00 +1.6972e+00
% f evaluations | g evaluations | best noise-free fitness - Fopt (-2.234600000000e+02) + sum g_i+ | measured fitness | best measured fitness or single-digit g-values | x1 | x2...
1 0 +3.931942034e+05 +3.929707434e+05 +3.929707434e+05 +3.4167e+00 -3.0878e+00 -3.8555e+00 +4.1405e+00 +3.2636e+00
2 0 +3.055026208e+05 +3.052791608e+05 +3.052791608e+05 -9.7231e-01 -4.3217e+00 -8.4681e-01 -4.2650e-01 +3.3673e+00
4 0 +1.253477175e+05 +1.251242575e+05 +1.251242575e+05 -1.5044e+00 +3.5705e+00 +2.7109e+00 +1.8766e+00 -2.2880e+00
5 0 +6.503194626e+04 +6.480848626e+04 +6.480848626e+04 -2.7419e-01 +1.9994e+00 -3.7290e+00 +2.5211e+00 -3.0984e+00
41 0 +5.954889035e+03 +5.731429035e+03 +5.731429035e+03 +1.8464e-01 +3.5394e+00 -3.8529e+00 +2.3412e+00 -1.0476e+00
95 0 +3.853098437e+03 +3.629638437e+03 +3.629638437e+03 +1.6325e+00 +4.5927e+00 -5.0000e+00 +1.3071e+00 +1.2886e+00
119 0 +9.792540109e+01 -1.255345989e+02 -1.255345989e+02 -4.3905e+00 +5.0000e+00 +1.4640e+00 +5.1006e-01 +4.8862e+00
169 0 +5.189018244e+01 -1.715698176e+02 -1.715698176e+02 -1.3223e+00 +4.7622e+00 -5.0000e+00 +2.9737e+00 +1.1549e+00
171 0 +4.060615252e+01 -1.828538475e+02 -1.828538475e+02 -9.2755e-01 +3.7742e+00 -4.6585e+00 +2.7136e+00 +1.6323e+00
299 0 +1.842160495e+01 -2.050383950e+02 -2.050383950e+02 +1.1005e+00 +4.5439e+00 -3.7897e+00 +2.0460e+00 +4.6466e-01
401 0 +1.377279991e+01 -2.096872001e+02 -2.096872001e+02 +1.8464e-01 +3.5394e+00 -1.7282e+00 +2.3412e+00 +1.8086e+00
799 0 +1.161994864e+01 -2.118400514e+02 -2.118400514e+02 +6.1372e-01 +4.0328e+00 -2.3684e+00 +2.2464e+00 +1.7187e+00
995 0 +1.086612804e+01 -2.125938720e+02 -2.125938720e+02 +7.2570e-01 +4.0108e+00 -1.9504e+00 +1.3580e+00 +1.2016e+00
1259 0 +9.577409471e+00 -2.138825905e+02 -2.138825905e+02 +1.1005e+00 +3.9645e+00 -2.4579e+00 +1.5476e+00 +8.2480e-01
1279 0 +6.554553584e+00 -2.169054464e+02 -2.169054464e+02 +1.1083e+00 +3.9311e+00 -2.1594e+00 +1.9323e+00 +1.7187e+00
1359 0 +6.192385485e+00 -2.172676145e+02 -2.172676145e+02 +1.1083e+00 +3.4652e+00 -2.1594e+00 +1.9323e+00 +1.4259e+00
1415 0 +3.592265740e+00 -2.198677343e+02 -2.198677343e+02 +1.4183e+00 +3.6040e+00 -2.3751e+00 +1.5538e+00 +1.3875e+00
1701 0 +3.421029837e+00 -2.200389702e+02 -2.200389702e+02 +1.6601e+00 +3.6592e+00 -2.4625e+00 +1.8730e+00 +1.5863e+00
1861 0 +3.352098908e+00 -2.201079011e+02 -2.201079011e+02 +1.6846e+00 +3.6592e+00 -2.4625e+00 +1.8730e+00 +1.5863e+00
1901 0 +2.827454015e+00 -2.206325460e+02 -2.206325460e+02 +1.6846e+00 +3.5103e+00 -2.2611e+00 +1.8730e+00 +1.5382e+00
2021 0 +2.391815929e+00 -2.210681841e+02 -2.210681841e+02 +1.6846e+00 +3.5103e+00 -2.2611e+00 +1.4697e+00 +1.5382e+00
2269 0 +2.052492961e+00 -2.214075070e+02 -2.214075070e+02 +1.7232e+00 +3.5455e+00 -2.2332e+00 +1.1468e+00 +1.4256e+00
2355 0 +1.654136948e+00 -2.218058631e+02 -2.218058631e+02 +1.7836e+00 +3.5123e+00 -2.3435e+00 +1.1610e+00 +1.4038e+00
2461 0 +1.537219094e+00 -2.219227809e+02 -2.219227809e+02 +1.8256e+00 +3.4676e+00 -2.2891e+00 +1.4697e+00 +1.3932e+00
2543 0 +1.439532107e+00 -2.220204679e+02 -2.220204679e+02 +1.8670e+00 +3.4354e+00 -2.2975e+00 +1.4074e+00 +1.4854e+00
2587 0 +1.355968094e+00 -2.221040319e+02 -2.221040319e+02 +1.8901e+00 +3.4082e+00 -2.3752e+00 +1.2270e+00 +1.4341e+00
2835 0 +1.228350247e+00 -2.222316498e+02 -2.222316498e+02 +1.9309e+00 +3.3641e+00 -2.3435e+00 +1.2740e+00 +1.4038e+00
3075 0 +1.193124029e+00 -2.222668760e+02 -2.222668760e+02 +1.9309e+00 +3.3641e+00 -2.4493e+00 +1.2740e+00 +1.3432e+00
3211 0 +1.133146059e+00 -2.223268539e+02 -2.223268539e+02 +1.9391e+00 +3.3568e+00 -2.4145e+00 +1.1838e+00 +1.3343e+00
3251 0 +9.595084762e-01 -2.225004915e+02 -2.225004915e+02 +1.9884e+00 +3.3568e+00 -2.5484e+00 +1.2217e+00 +1.3343e+00
3289 0 +9.349058184e-01 -2.225250942e+02 -2.225250942e+02 +1.9561e+00 +3.2746e+00 -2.4066e+00 +1.1583e+00 +1.3586e+00
3301 0 +7.368396921e-01 -2.227231603e+02 -2.227231603e+02 +2.0349e+00 +3.2525e+00 -2.6016e+00 +1.2476e+00 +1.2823e+00
3691 0 +7.161588724e-01 -2.227438411e+02 -2.227438411e+02 +2.0551e+00 +3.2004e+00 -2.4363e+00 +1.1721e+00 +1.3344e+00
3805 0 +4.079147399e-01 -2.230520853e+02 -2.230520853e+02 +2.1801e+00 +3.2307e+00 -2.5098e+00 +1.2429e+00 +1.2334e+00
% f evaluations | g evaluations | best noise-free fitness - Fopt (-6.793500000000e+02) + sum g_i+ | measured fitness | best measured fitness or single-digit g-values | x1 | x2...
1 0 +2.782566003e+05 +2.775772503e+05 +2.775772503e+05 +1.0149e+00 +1.2733e-01 +2.7284e+00 -4.1313e+00 +7.5077e-01
3 0 +1.295829311e+04 +1.227894311e+04 +1.227894311e+04 -4.1340e+00 +2.3002e-03 +4.4799e+00 +4.4214e+00 -1.3391e+00
127 0 +1.214362550e+01 -6.672063745e+02 -6.672063745e+02 -2.9895e+00 -2.1828e+00 +5.0000e+00 -1.3099e+00 +1.8248e+00
167 0 +1.037334994e+01 -6.689766501e+02 -6.689766501e+02 -2.9895e+00 -2.7151e+00 +5.0000e+00 -1.4433e+00 +1.8248e+00
647 0 +9.923589313e+00 -6.694264107e+02 -6.694264107e+02 -2.9895e+00 -2.6625e+00 +3.9989e+00 -1.4433e+00 +1.8248e+00
659 0 +8.845227285e+00 -6.705047727e+02 -6.705047727e+02 -3.7848e+00 -2.9855e+00 +5.0000e+00 -1.8993e+00 +2.9076e+00
739 0 +7.634166022e+00 -6.717158340e+02 -6.717158340e+02 -3.7848e+00 -2.9855e+00 +4.8035e+00 -1.8993e+00 +2.9076e+00
899 0 +7.367423959e+00 -6.719825760e+02 -6.719825760e+02 -3.7848e+00 -2.9855e+00 +4.5770e+00 -1.7501e+00 +2.9076e+00
1237 0 +4.728909117e+00 -6.746210909e+02 -6.746210909e+02 -2.3611e+00 -2.6521e+00 +4.0896e+00 -9.0661e-01 +3.1183e+00
2131 0 +4.622738736e+00 -6.747272613e+02 -6.747272613e+02 -2.4736e+00 -2.6256e+00 +4.7511e+00 -1.9314e+00 +2.3257e+00
2273 0 +3.989063293e+00 -6.753609367e+02 -6.753609367e+02 -2.3965e+00 -2.8975e+00 +3.8692e+00 -1.2587e+00 +2.1544e+00
2313 0 +3.873970031e+00 -6.754760300e+02 -6.754760300e+02 -2.3965e+00 -2.8975e+00 +4.0500e+00 -1.2587e+00 +2.1544e+00
2743 0 +2.545227115e+00 -6.768047729e+02 -6.768047729e+02 -2.4734e+00 -2.9550e+00 +3.8692e+00 -1.4174e+00 +2.5034e+00
2873 0 +2.441054079e+00 -6.769089459e+02 -6.769089459e+02 -2.2951e+00 -2.8691e+00 +4.0500e+00 -1.2587e+00 +2.5063e+00
2953 0 +1.836231632e+00 -6.775137684e+02 -6.775137684e+02 -2.2951e+00 -2.8691e+00 +4.0500e+00 -1.2587e+00 +2.9566e+00
2993 0 +1.371442023e+00 -6.779785580e+02 -6.779785580e+02 -2.2951e+00 -2.9707e+00 +3.7323e+00 -1.2587e+00 +2.9566e+00
3511 0 +1.335882252e+00 -6.780141177e+02 -6.780141177e+02 -2.0322e+00 -2.9312e+00 +3.9364e+00 -1.2985e+00 +2.6225e+00
3575 0 +6.895315749e-01 -6.786604684e+02 -6.786604684e+02 -1.9295e+00 -3.2791e+00 +3.5415e+00 -1.3385e+00 +2.5681e+00
3705 0 +4.298055467e-01 -6.789201945e+02 -6.789201945e+02 -2.0151e+00 -3.3075e+00 +3.5079e+00 -1.1887e+00 +2.8404e+00
3985 0 +4.177179601e-01 -6.789322820e+02 -6.789322820e+02 -2.0151e+00 -3.3075e+00 +3.6356e+00 -1.2954e+00 +2.8404e+00
% f evaluations | g evaluations | best noise-free fitness - Fopt (-1.293700000000e+02) + sum g_i+ | measured fitness | best measured fitness or single-digit g-values | x1 | x2...
1 0 +1.991963560e+05 +1.990669860e+05 +1.990669860e+05 -4.0092e+00 -3.9798e+00 +4.6241e+00 -6.1668e-02 -3.5324e+00
3 0 +6.379906104e+04 +6.366969104e+04 +6.366969104e+04 -2.1586e+00 +7.5692e-01 -6.3216e-01 +3.4041e+00 +1.3890e+00
4 0 +3.378158936e+04 +3.365221936e+04 +3.365221936e+04 +2.6128e+00 -2.6567e+00 -7.1773e-01 +4.6617e+00 -3.9586e+00
7 0 +1.493890280e+04 +1.480953280e+04 +1.480953280e+04 -3.2151e+00 +2.6181e+00 +3.5175e+00 +4.4656e+00 -1.1783e+00
8 0 +5.994851465e+03 +5.865481465e+03 +5.865481465e+03 -1.3363e+00 +1.6527e+00 -9.4167e-01 +3.7478e+00 -3.8254e+00
9 0 +3.423962256e+03 +3.294592256e+03 +3.294592256e+03 -3.1906e+00 -3.4172e+00 +4.7562e-01 +3.3497e+00 -3.2905e+00
19 0 +7.148610142e+01 -5.788389858e+01 -5.788389858e+01 -4.4511e+00 +1.0520e+00 +1.2766e+00 +4.8691e+00 +9.9404e-02
57 0 +5.993279781e+01 -6.943720219e+01 -6.943720219e+01 -4.6399e+00 +1.0520e+00 +1.2766e+00 +3.2700e+00 -3.8604e+00
99 0 +5.716533987e+01 -7.220466013e+01 -7.220466013e+01 -5.0000e+00 +7.3624e-01 +3.6366e-01 +2.8927e+00 -2.2708e+00
125 0 +5.125325224e+01 -7.811674776e+01 -7.811674776e+01 -3.9006e+00 -8.6313e-01 +7.3210e-01 +2.3224e+00 -2.7154e+00
175 0 +4.997772895e+01 -7.939227105e+01 -7.939227105e+01 -2.8163e+00 +1.1795e+00 +3.2524e-01 +2.8343e+00 -3.7391e+00
195 0 +4.370499669e+01 -8.566500331e+01 -8.566500331e+01 -2.0977e+00 +1.6527e+00 +1.2073e+00 +3.7478e+00 -3.8254e+00
219 0 +4.094438606e+01 -8.842561394e+01 -8.842561394e+01 -5.0000e+00 +7.3624e-01 +1.5577e+00 +2.3672e+00 -2.2708e+00
259 0 +3.022838565e+01 -9.914161435e+01 -9.914161435e+01 -3.0776e+00 +7.3624e-01 +8.8081e-01 +2.3672e+00 -2.2708e+00
325 0 +2.527935465e+01 -1.040906454e+02 -1.040906454e+02 -3.9006e+00 +2.0268e+00 +1.6732e+00 +2.3224e+00 -2.7154e+00
401 0 +2.297035409e+01 -1.063996459e+02 -1.063996459e+02 -2.5284e+00 +9.7260e-01 +2.0348e+00 +1.9355e+00 -3.6438e+00
515 0 +2.286769231e+01 -1.065023077e+02 -1.065023077e+02 -3.1363e+00 +1.2354e+00 +2.5861e+00 +2.4609e+00 -2.1481e+00
595 0 +1.805758813e+01 -1.113124119e+02 -1.113124119e+02 -3.1363e+00 +1.2354e+00 +2.5861e+00 +2.1002e+00 -2.1481e+00
655 0 +1.304755371e+01 -1.163224463e+02 -1.163224463e+02 -2.8617e+00 +1.0753e+00 +2.6917e+00 +1.7538e+00 -2.7206e+00
735 0 +1.263132592e+01 -1.167386741e+02 -1.167386741e+02 -2.8617e+00 +2.4390e+00 +2.6917e+00 +1.8077e+00 -1.9798e+00
841 0 +1.258075794e+01 -1.167892421e+02 -1.167892421e+02 -1.6632e+00 +9.7260e-01 +2.0348e+00 +1.9355e+00 -2.6412e+00
923 0 +1.212501984e+01 -1.172449802e+02 -1.172449802e+02 -3.6312e+00 +2.7281e+00 +3.0547e+00 +1.3541e+00 -2.9168e+00
1005 0 +1.130308051e+01 -1.180669195e+02 -1.180669195e+02 -3.1508e+00 +2.5695e+00 +3.0213e+00 +1.5516e+00 -2.5097e+00
1141 0 +3.980637839e+00 -1.253893622e+02 -1.253893622e+02 -2.3680e+00 +2.1097e+00 +3.2650e+00 +8.1618e-01 -3.2159e+00
1221 0 +3.619849296e+00 -1.257501507e+02 -1.257501507e+02 -2.3680e+00 +2.6514e+00 +3.2650e+00 +8.1618e-01 -3.2159e+00
1893 0 +3.492821249e+00 -1.258771788e+02 -1.258771788e+02 -2.0716e+00 +2.2263e+00 +3.1133e+00 +8.9176e-01 -3.2047e+00
1901 0 +3.152504438e+00 -1.262174956e+02 -1.262174956e+02 -2.1453e+00 +2.3749e+00 +3.1262e+00 +8.1618e-01 -3.1571e+00
1923 0 +2.928287732e+00 -1.264417123e+02 -1.264417123e+02 -1.8492e+00 +2.8684e+00 +3.0547e+00 +6.9879e-01 -2.9789e+00
1933 0 +2.810723424e+00 -1.265592766e+02 -1.265592766e+02 -1.7812e+00 +2.2263e+00 +3.1133e+00 +8.9176e-01 -3.2047e+00
2083 0 +2.644979035e+00 -1.267250210e+02 -1.267250210e+02 -1.8492e+00 +2.8684e+00 +3.2122e+00 +7.1656e-01 -2.9789e+00
2187 0 +2.559844599e+00 -1.268101554e+02 -1.268101554e+02 -1.7599e+00 +2.3547e+00 +3.3489e+00 +8.3109e-01 -3.3352e+00
2193 0 +2.453615849e+00 -1.269163842e+02 -1.269163842e+02 -1.8763e+00 +1.9828e+00 +3.1804e+00 +7.1261e-01 -3.0031e+00
2229 0 +2.276671916e+00 -1.270933281e+02 -1.270933281e+02 -1.6786e+00 +2.5167e+00 +3.2250e+00 +7.4030e-01 -2.9642e+00
2249 0 +2.220321124e+00 -1.271496789e+02 -1.271496789e+02 -1.7905e+00 +2.1232e+00 +3.1711e+00 +7.1445e-01 -3.1197e+00
2341 0 +1.743731399e+00 -1.276262686e+02 -1.276262686e+02 -1.9560e+00 +2.3454e+00 +3.2484e+00 +4.0138e-01 -3.3488e+00
2347 0 +1.402709219e+00 -1.279672908e+02 -1.279672908e+02 -1.7599e+00 +2.3547e+00 +3.3489e+00 +5.9724e-01 -3.2863e+00
2387 0 +1.366470371e+00 -1.280035296e+02 -1.280035296e+02 -1.4989e+00 +2.3547e+00 +3.3489e+00 +6.3481e-01 -3.2863e+00
2545 0 +1.010673554e+00 -1.283593264e+02 -1.283593264e+02 -1.8416e+00 +2.5641e+00 +3.4167e+00 +4.2149e-01 -3.1551e+00
2683 0 +8.506434324e-01 -1.285193566e+02 -1.285193566e+02 -1.7916e+00 +2.4095e+00 +3.4247e+00 +4.2766e-01 -3.1900e+00
2723 0 +7.167694787e-01 -1.286532305e+02 -1.286532305e+02 -1.7916e+00 +2.4095e+00 +3.4247e+00 +2.7894e-01 -3.2414e+00
2843 0 +6.603533170e-01 -1.287096467e+02 -1.287096467e+02 -1.7895e+00 +2.4095e+00 +3.4702e+00 +2.7894e-01 -3.2414e+00
3123 0 +3.318359722e-01 -1.290381640e+02 -1.290381640e+02 -1.4804e+00 +2.4095e+00 +3.4702e+00 +2.7894e-01 -3.2414e+00
3403 0 +3.223171555e-01 -1.290476828e+02 -1.290476828e+02 -1.4804e+00 +2.4095e+00 +3.4702e+00 +2.7894e-01 -3.2914e+00
3595 0 +2.773897678e-01 -1.290926102e+02 -1.290926102e+02 -1.5189e+00 +2.3343e+00 +3.4623e+00 +1.7775e-01 -3.3204e+00
3885 0 +2.367174806e-01 -1.291332825e+02 -1.291332825e+02 -1.3387e+00 +2.5089e+00 +3.4725e+00 +1.7704e-01 -3.3102e+00
3911 0 +2.093033986e-01 -1.291606966e+02 -1.291606966e+02 -1.4194e+00 +2.4567e+00 +3.5003e+00 +2.1191e-01 -3.3578e+00
4009 0 +2.068186530e-01 -1.291631813e+02 -1.291631813e+02 -1.3898e+00 +2.3486e+00 +3.4865e+00 +2.2551e-01 -3.3530e+00
