% f evaluations | g evaluations | best noise-free fitness - Fopt (3.590000000000e+01) + sum g_i+ | measured fitness | best measured fitness or single-digit g-values | x1 | x2...
1 0 +1.844319856e+01 +5.434319856e+01 +5.434319856e+01 +4.9448e+00 -1.2574e+00
95 0 +9.462937591e+00 +4.536293759e+01 +4.536293759e+01 +4.1573e+00 +2.6208e-01
111 0 +3.919053872e-01 +3.629190539e+01 +3.629190539e+01 +2.9834e+00 +1.1036e+00
289 0 +2.003764641e-01 +3.610037646e+01 +3.610037646e+01 +2.9200e+00 +1.1082e+00
334 0 +1.019510928e-01 +3.600195109e+01 +3.600195109e+01 +2.9006e+00 +1.0171e+00
360 0 +4.552756245e-02 +3.594552756e+01 +3.594552756e+01 +2.8653e+00 +9.9513e-01
387 0 +2.868412963e-02 +3.592868413e+01 +3.592868413e+01 +2.8440e+00 +1.0345e+00
389 0 +1.637951047e-02 +3.591637951e+01 +3.591637951e+01 +2.8153e+00 +1.1143e+00
598 0 +1.610718497e-02 +3.591610718e+01 +3.591610718e+01 +2.8228e+00 +1.0270e+00
611 0 +1.106720940e-02 +3.591106721e+01 +3.591106721e+01 +2.8100e+00 +1.1110e+00
643 0 +4.894409866e-03 +3.590489441e+01 +3.590489441e+01 +2.8057e+00 +1.0842e+00
655 0 +4.449132794e-03 +3.590444913e+01 +3.590444913e+01 +2.8026e+00 +1.0846e+00
725 0 +2.512119545e-03 +3.590251212e+01 +3.590251212e+01 +2.7975e+00 +1.0967e+00
728 0 +2.464014853e-03 +3.590246401e+01 +3.590246401e+01 +2.7971e+00 +1.0963e+00
752 0 +1.006328919e-03 +3.590100633e+01 +3.590100633e+01 +2.7911e+00 +1.0976e+00
812 0 +8.586587769e-05 +3.590008587e+01 +3.590008587e+01 +2.7840e+00 +1.1105e+00
821 0 +3.753338109e-05 +3.590003753e+01 +3.590003753e+01 +2.7826e+00 +1.1141e+00
1004 0 +3.649323184e-05 +3.590003649e+01 +3.590003649e+01 +2.7830e+00 +1.1106e+00
1006 0 +1.205979117e-05 +3.590001206e+01 +3.590001206e+01 +2.7823e+00 +1.1119e+00
1106 0 +8.493760170e-06 +3.590000849e+01 +3.590000849e+01 +2.7823e+00 +1.1126e+00
1118 0 +6.504821172e-06 +3.590000650e+01 +3.590000650e+01 +2.7822e+00 +1.1126e+00
1120 0 +4.251754220e-07 +3.590000043e+01 +3.590000043e+01 +2.7817e+00 +1.1135e+00
1147 0 +7.834614024e-08 +3.590000008e+01 +3.590000008e+01 +2.7816e+00 +1.1135e+00
1242 0 +3.684682781e-09 +3.590000000e+01 +3.590000000e+01 +2.7816e+00 +1.1136e+00
% f evaluations | g evaluations | best noise-free fitness - Fopt (3.137000000000e+01) + sum g_i+ | measured fitness | best measured fitness or single-digit g-values | x1 | x2...
1 0 +5.375404666e+00 +3.674540467e+01 +3.674540467e+01 +1.1558e-01 +3.7054e+00
121 0 +3.815338260e+00 +3.518533826e+01 +3.518533826e+01 +3.8540e-01 +2.0059e+00
125 0 +1.684877264e+00 +3.305487726e+01 +3.305487726e+01 +1.6933e-01 +1.8162e+00
167 0 +1.287400042e+00 +3.265740004e+01 +3.265740004e+01 +7.7481e-02 +1.8852e+00
180 0 +7.244837046e-01 +3.209448370e+01 +3.209448370e+01 -1.1186e-02 +1.9095e+00
221 0 +6.891994483e-01 +3.205919945e+01 +3.205919945e+01 -1.1103e-01 +2.3477e+00
238 0 +3.146815946e-01 +3.168468159e+01 +3.168468159e+01 -2.4748e-01 +2.3711e+00
248 0 +2.312882354e-01 +3.160128824e+01 +3.160128824e+01 -2.2528e-01 +2.2577e+00
264 0 +2.070055546e-01 +3.157700555e+01 +3.157700555e+01 -2.3550e-01 +2.2513e+00
305 0 +4.534414987e-02 +3.141534415e+01 +3.141534415e+01 -2.2423e-01 +1.9718e+00
350 0 +3.735600458e-02 +3.140735600e+01 +3.140735600e+01 -2.3101e-01 +1.9530e+00
363 0 +3.076774537e-02 +3.140076775e+01 +3.140076775e+01 -2.2930e-01 +1.9239e+00
391 0 +1.605847085e-02 +3.138605847e+01 +3.138605847e+01 -2.4366e-01 +1.9237e+00
402 0 +5.757297431e-03 +3.137575730e+01 +3.137575730e+01 -2.6491e-01 +1.9430e+00
416 0 +6.230729709e-04 +3.137062307e+01 +3.137062307e+01 -2.6655e-01 +1.8960e+00
863 0 +5.139035307e-04 +3.137051390e+01 +3.137051390e+01 -2.6811e-01 +1.9026e+00
877 0 +4.041768744e-04 +3.137040418e+01 +3.137040418e+01 -2.6812e-01 +1.8983e+00
880 0 +3.412509192e-04 +3.137034125e+01 +3.137034125e+01 -2.7032e-01 +1.9059e+00
892 0 +2.725726826e-04 +3.137027257e+01 +3.137027257e+01 -2.7169e-01 +1.9067e+00
905 0 +2.563421297e-04 +3.137025634e+01 +3.137025634e+01 -2.6985e-01 +1.9019e+00
910 0 +1.926164200e-04 +3.137019262e+01 +3.137019262e+01 -2.7227e-01 +1.9053e+00
922 0 +8.126062249e-05 +3.137008126e+01 +3.137008126e+01 -2.7099e-01 +1.9002e+00
950 0 +8.673954078e-06 +3.137000867e+01 +3.137000867e+01 -2.7205e-01 +1.8983e+00
1088 0 +1.731772681e-06 +3.137000173e+01 +3.137000173e+01 -2.7180e-01 +1.8968e+00
1162 0 +8.657898540e-07 +3.137000087e+01 +3.137000087e+01 -2.7194e-01 +1.8971e+00
1173 0 +4.835519576e-07 +3.137000048e+01 +3.137000048e+01 -2.7190e-01 +1.8968e+00
1200 0 +4.381859249e-07 +3.137000044e+01 +3.137000044e+01 -2.7193e-01 +1.8969e+00
1228 0 +4.349467844e-07 +3.137000043e+01 +3.137000043e+01 -2.7193e-01 +1.8969e+00
1255 0 +4.727039382e-08 +3.137000005e+01 +3.137000005e+01 -2.7199e-01 +1.8969e+00
1273 0 +4.622870975e-08 +3.137000005e+01 +3.137000005e+01 -2.7200e-01 +1.8969e+00
1298 0 +5.730246500e-09 +3.137000001e+01 +3.137000001e+01 -2.7199e-01 +1.8968e+00
% f evaluations | g evaluations | best noise-free fitness - Fopt (-1.000000000000e+03) + sum g_i+ | measured fitness | best measured fitness or single-digit g-values | x1 | x2...
1 0 +1.524189192e+05 +1.514189192e+05 +1.514189192e+05 -8.1481e-01 +7.3175e-01
3 0 +7.237702868e+03 +6.237702868e+03 +6.237702868e+03 -2.8558e-01 -2.5406e+00
7 0 +5.865569371e+01 -9.413443063e+02 -9.413443063e+02 +4.4376e+00 +4.1705e+00
53 0 +1.469907006e+01 -9.853009299e+02 -9.853009299e+02 +2.0821e+00 -4.2801e-01
206 0 +7.823622152e+00 -9.921763778e+02 -9.921763778e+02 +1.3744e+00 -8.0861e-01
380 0 +3.150157736e-01 -9.996849842e+02 -9.996849842e+02 -6.9321e-02 -3.4705e+00
472 0 +1.389293873e-01 -9.998610706e+02 -9.998610706e+02 -5.5408e-02 -3.2698e+00
12828 0 +6.380782679e-03 -9.999936192e+02 -9.999936192e+02 -1.6769e-01 -3.3351e+00
% f evaluations | g evaluations | best noise-free fitness - Fopt (1.319200000000e+02) + sum g_i+ | measured fitness | best measured fitness or single-digit g-values | x1 | x2...
1 0 +1.327951802e+02 +2.647151802e+02 +2.647151802e+02 -1.0641e+00 -3.8615e+00
3 0 +1.270525554e+02 +2.589725554e+02 +2.589725554e+02 -3.1636e+00 -3.3194e+00
6 0 +6.319636307e+01 +1.951163631e+02 +1.951163631e+02 -2.0300e+00 -1.8003e+00
7 0 +2.662969341e+01 +1.585496934e+02 +1.585496934e+02 -3.0632e+00 -3.9611e-01
9 0 +1.479472855e+01 +1.467147286e+02 +1.467147286e+02 +1.2391e-01 +2.7100e-01
14 0 +1.321336954e+01 +1.451333695e+02 +1.451333695e+02 +8.1639e-02 +4.5872e-01
24 0 +1.253202755e+01 +1.444520276e+02 +1.444520276e+02 -3.3827e-01 +4.7479e-01
65 0 +1.112001352e+01 +1.430400135e+02 +1.430400135e+02 -9.7078e-01 +5.2498e-01
79 0 +6.899323204e+00 +1.388193232e+02 +1.388193232e+02 -1.6405e+00 +7.4574e-01
96 0 +4.466158715e+00 +1.363861587e+02 +1.363861587e+02 -2.3051e+00 +9.8796e-01
111 0 +1.223893572e+00 +1.331438936e+02 +1.331438936e+02 -3.0632e+00 +1.5186e+00
122 0 +7.827125062e-01 +1.327027125e+02 +1.327027125e+02 -3.4268e+00 +1.5368e+00
124 0 +3.868856366e-01 +1.323068856e+02 +1.323068856e+02 -3.8066e+00 +1.6824e+00
139 0 +2.760666883e-01 +1.321960667e+02 +1.321960667e+02 -3.6057e+00 +1.7184e+00
224 0 +1.900042875e-01 +1.321100043e+02 +1.321100043e+02 -3.9858e+00 +1.7799e+00
236 0 +1.116567357e-01 +1.320316567e+02 +1.320316567e+02 -3.9485e+00 +1.8061e+00
266 0 +3.972125617e-02 +1.319597213e+02 +1.319597213e+02 -3.8335e+00 +1.8580e+00
444 0 +2.376695502e-02 +1.319437670e+02 +1.319437670e+02 -3.8962e+00 +1.8592e+00
445 0 +2.046776190e-02 +1.319404678e+02 +1.319404678e+02 -3.9343e+00 +1.8645e+00
446 0 +5.425449257e-03 +1.319254254e+02 +1.319254254e+02 -3.9320e+00 +1.8899e+00
458 0 +3.601907105e-03 +1.319236019e+02 +1.319236019e+02 -3.9786e+00 +1.8953e+00
545 0 +3.255918910e-03 +1.319232559e+02 +1.319232559e+02 -3.9612e+00 +1.8934e+00
557 0 +2.584013086e-03 +1.319225840e+02 +1.319225840e+02 -3.9517e+00 +1.8959e+00
585 0 +1.114564848e-03 +1.319211146e+02 +1.319211146e+02 -3.9732e+00 +1.9012e+00
588 0 +5.042959511e-04 +1.319205043e+02 +1.319205043e+02 -3.9703e+00 +1.9050e+00
612 0 +4.773088210e-04 +1.319204773e+02 +1.319204773e+02 -3.9813e+00 +1.9057e+00
639 0 +4.406430367e-04 +1.319204406e+02 +1.319204406e+02 -3.9810e+00 +1.9058e+00
653 0 +4.995302999e-05 +1.319200500e+02 +1.319200500e+02 -3.9797e+00 +1.9088e+00
727 0 +2.046418257e-05 +1.319200205e+02 +1.319200205e+02 -3.9803e+00 +1.9097e+00
780 0 +3.249708243e-06 +1.319200032e+02 +1.319200032e+02 -3.9822e+00 +1.9101e+00
963 0 +3.144642761e-06 +1.319200031e+02 +1.319200031e+02 -3.9821e+00 +1.9101e+00
1007 0 +2.364311371e-06 +1.319200024e+02 +1.319200024e+02 -3.9821e+00 +1.9101e+00
1019 0 +1.731050617e-06 +1.319200017e+02 +1.319200017e+02 -3.9819e+00 +1.9102e+00
1031 0 +8.294615270e-07 +1.319200008e+02 +1.319200008e+02 -3.9821e+00 +1.9102e+00
1045 0 +3.371894195e-07 +1.319200003e+02 +1.319200003e+02 -3.9825e+00 +1.9103e+00
1050 0 +1.891181398e-07 +1.319200002e+02 +1.319200002e+02 -3.9823e+00 +1.9103e+00
1143 0 +1.191063745e-07 +1.319200001e+02 +1.319200001e+02 -3.9823e+00 +1.9103e+00
1187 0 +1.010382960e-07 +1.319200001e+02 +1.319200001e+02 -3.9823e+00 +1.9103e+00
1201 0 +9.646313970e-08 +1.319200001e+02 +1.319200001e+02 -3.9823e+00 +1.9104e+00
1216 0 +7.129420965e-08 +1.319200001e+02 +1.319200001e+02 -3.9823e+00 +1.9104e+00
1218 0 +6.385559459e-08 +1.319200001e+02 +1.319200001e+02 -3.9823e+00 +1.9104e+00
1227 0 +2.686738299e-08 +1.319200000e+02 +1.319200000e+02 -3.9823e+00 +1.9104e+00
1229 0 +1.227220991e-08 +1.319200000e+02 +1.319200000e+02 -3.9824e+00 +1.9104e+00
1260 0 +8.859956324e-09 +1.319200000e+02 +1.319200000e+02 -3.9824e+00 +1.9104e+00
% f evaluations | g evaluations | best noise-free fitness - Fopt (5.908400000000e+02) + sum g_i+ | measured fitness | best measured fitness or single-digit g-values | x1 | x2...
1 0 +5.848961146e+05 +5.854869546e+05 +5.854869546e+05 +3.6033e+00 +3.5809e+00
2 0 +3.042834738e+05 +3.048743138e+05 +3.048743138e+05 +3.0933e+00 +1.0010e+00
3 0 +5.232347099e+01 +6.431634710e+02 +6.431634710e+02 -1.8523e+00 -2.9311e+00
5 0 +3.997577389e+01 +6.308157739e+02 +6.308157739e+02 -2.3041e+00 +2.5233e-01
39 0 +1.687478049e+01 +6.077147805e+02 +6.077147805e+02 -9.7588e-01 -8.3087e-01
66 0 +5.745156090e+00 +5.965851561e+02 +5.965851561e+02 +1.5867e-01 -2.0647e+00
166 0 +2.355230228e+00 +5.931952302e+02 +5.931952302e+02 +1.0411e+00 -3.6351e+00
180 0 +7.293372337e-01 +5.915693372e+02 +5.915693372e+02 +1.0666e+00 -3.0869e+00
191 0 +6.989389597e-01 +5.915389390e+02 +5.915389390e+02 +1.1397e+00 -3.2527e+00
249 0 +5.471244223e-01 +5.913871244e+02 +5.913871244e+02 +1.1769e+00 -3.2794e+00
263 0 +4.295053057e-01 +5.912695053e+02 +5.912695053e+02 +1.1194e+00 -2.9797e+00
278 0 +3.429784980e-01 +5.911829785e+02 +5.911829785e+02 +1.4523e+00 -3.6787e+00
303 0 +1.882313793e-01 +5.910282314e+02 +5.910282314e+02 +1.2902e+00 -3.2931e+00
322 0 +1.431534989e-01 +5.909831535e+02 +5.909831535e+02 +1.4010e+00 -3.4730e+00
362 0 +1.053221258e-01 +5.909453221e+02 +5.909453221e+02 +1.3993e+00 -3.4438e+00
388 0 +1.027163220e-01 +5.909427163e+02 +5.909427163e+02 +1.4304e+00 -3.4911e+00
390 0 +7.436792486e-02 +5.909143679e+02 +5.909143679e+02 +1.4326e+00 -3.4560e+00
402 0 +4.311284679e-02 +5.908831128e+02 +5.908831128e+02 +1.3972e+00 -3.3657e+00
405 0 +3.231033972e-02 +5.908723103e+02 +5.908723103e+02 +1.4377e+00 -3.4156e+00
457 0 +1.034117294e-02 +5.908503412e+02 +5.908503412e+02 +1.4349e+00 -3.3699e+00
472 0 +9.747782809e-03 +5.908497478e+02 +5.908497478e+02 +1.4298e+00 -3.3597e+00
555 0 +6.091258972e-03 +5.908460913e+02 +5.908460913e+02 +1.4382e+00 -3.3617e+00
559 0 +4.871059602e-03 +5.908448711e+02 +5.908448711e+02 +1.4325e+00 -3.3484e+00
570 0 +4.190256126e-03 +5.908441903e+02 +5.908441903e+02 +1.4230e+00 -3.3138e+00
572 0 +2.387175786e-03 +5.908423872e+02 +5.908423872e+02 +1.4360e+00 -3.3409e+00
584 0 +4.170392496e-04 +5.908404170e+02 +5.908404170e+02 +1.4429e+00 -3.3397e+00
681 0 +8.171932268e-05 +5.908400817e+02 +5.908400817e+02 +1.4446e+00 -3.3378e+00
839 0 +7.251887678e-05 +5.908400725e+02 +5.908400725e+02 +1.4436e+00 -3.3354e+00
853 0 +6.000816109e-05 +5.908400600e+02 +5.908400600e+02 +1.4436e+00 -3.3348e+00
864 0 +5.225114501e-05 +5.908400523e+02 +5.908400523e+02 +1.4446e+00 -3.3369e+00
877 0 +5.062888181e-05 +5.908400506e+02 +5.908400506e+02 +1.4453e+00 -3.3381e+00
879 0 +3.354359001e-05 +5.908400335e+02 +5.908400335e+02 +1.4458e+00 -3.3383e+00
909 0 +2.903135385e-05 +5.908400290e+02 +5.908400290e+02 +1.4446e+00 -3.3359e+00
920 0 +2.434124713e-05 +5.908400243e+02 +5.908400243e+02 +1.4444e+00 -3.3353e+00
924 0 +2.047680982e-05 +5.908400205e+02 +5.908400205e+02 +1.4445e+00 -3.3353e+00
937 0 +1.850693889e-05 +5.908400185e+02 +5.908400185e+02 +1.4444e+00 -3.3348e+00
950 0 +1.568914058e-05 +5.908400157e+02 +5.908400157e+02 +1.4451e+00 -3.3365e+00
976 0 +1.543277426e-05 +5.908400154e+02 +5.908400154e+02 +1.4455e+00 -3.3371e+00
979 0 +1.020341870e-05 +5.908400102e+02 +5.908400102e+02 +1.4450e+00 -3.3361e+00
1007 0 +2.103878387e-06 +5.908400021e+02 +5.908400021e+02 +1.4455e+00 -3.3363e+00
1076 0 +2.082709329e-06 +5.908400021e+02 +5.908400021e+02 +1.4454e+00 -3.3361e+00
1090 0 +5.166358505e-07 +5.908400005e+02 +5.908400005e+02 +1.4455e+00 -3.3361e+00
1230 0 +1.182573897e-07 +5.908400001e+02 +5.908400001e+02 +1.4456e+00 -3.3360e+00
1298 0 +4.171783985e-08 +5.908400000e+02 +5.908400000e+02 +1.4456e+00 -3.3360e+00
1454 0 +2.178296654e-08 +5.908400000e+02 +5.908400000e+02 +1.4456e+00 -3.3360e+00
1465 0 +1.943897132e-08 +5.908400000e+02 +5.908400000e+02 +1.4456e+00 -3.3360e+00
1493 0 +2.877527550e-09 +5.908400000e+02 +5.908400000e+02 +1.4456e+00 -3.3360e+00
% f evaluations | g evaluations | best noise-free fitness - Fopt (2.156100000000e+02) + sum g_i+ | measured fitness | best measured fitness or single-digit g-values | x1 | x2...
1 0 +1.974444501e+05 +1.976600601e+05 +1.976600601e+05 +3.5373e+00 -2.6516e+00
2 0 +5.293592392e+03 +5.509202392e+03 +5.509202392e+03 -3.4650e+00 +4.3159e+00
7 0 +5.879952585e+02 +8.036052585e+02 +8.036052585e+02 +2.9820e+00 +6.0096e-01
8 0 +6.168730467e+01 +2.772973047e+02 +2.772973047e+02 +3.9531e+00 +2.9367e+00
93 0 +1.855490655e+01 +2.341649065e+02 +2.341649065e+02 +1.7082e+00 +2.1003e+00
150 0 +1.172803189e+01 +2.273380319e+02 +2.273380319e+02 -1.1706e-01 +3.2776e+00
178 0 +4.705000731e+00 +2.203150007e+02 +2.203150007e+02 -1.0469e+00 +3.3652e+00
180 0 +4.218595158e+00 +2.198285952e+02 +2.198285952e+02 -1.8462e+00 +3.8642e+00
205 0 +3.923271624e+00 +2.195332716e+02 +2.195332716e+02 -8.4250e-01 +3.0299e+00
206 0 +1.765029791e+00 +2.173750298e+02 +2.173750298e+02 -1.8447e+00 +3.5306e+00
208 0 +1.367339697e+00 +2.169773397e+02 +2.169773397e+02 -1.9701e+00 +3.5303e+00
238 0 +7.912561362e-01 +2.164012561e+02 +2.164012561e+02 -2.4314e+00 +3.7094e+00
249 0 +4.108979972e-01 +2.160208980e+02 +2.160208980e+02 -2.0023e+00 +3.2081e+00
262 0 +1.098310425e-01 +2.157198310e+02 +2.157198310e+02 -2.3026e+00 +3.3249e+00
360 0 +3.151351452e-02 +2.156415135e+02 +2.156415135e+02 -2.4362e+00 +3.4022e+00
473 0 +3.076750475e-02 +2.156407675e+02 +2.156407675e+02 -2.5474e+00 +3.4929e+00
490 0 +8.939425267e-03 +2.156189394e+02 +2.156189394e+02 -2.4995e+00 +3.4217e+00
556 0 +8.446447909e-03 +2.156184464e+02 +2.156184464e+02 -2.5166e+00 +3.4434e+00
612 0 +4.652558394e-03 +2.156146526e+02 +2.156146526e+02 -2.5540e+00 +3.4628e+00
683 0 +7.711906428e-04 +2.156107712e+02 +2.156107712e+02 -2.5521e+00 +3.4481e+00
726 0 +5.935058085e-04 +2.156105935e+02 +2.156105935e+02 -2.5537e+00 +3.4487e+00
781 0 +5.457042050e-04 +2.156105457e+02 +2.156105457e+02 -2.5564e+00 +3.4508e+00
793 0 +1.682529436e-04 +2.156101683e+02 +2.156101683e+02 -2.5594e+00 +3.4491e+00
810 0 +1.496117992e-04 +2.156101496e+02 +2.156101496e+02 -2.5595e+00 +3.4486e+00
823 0 +8.503254261e-05 +2.156100850e+02 +2.156100850e+02 -2.5614e+00 +3.4491e+00
851 0 +1.777274181e-05 +2.156100178e+02 +2.156100178e+02 -2.5658e+00 +3.4517e+00
891 0 +1.575956995e-05 +2.156100158e+02 +2.156100158e+02 -2.5657e+00 +3.4516e+00
895 0 +6.256092206e-06 +2.156100063e+02 +2.156100063e+02 -2.5655e+00 +3.4511e+00
907 0 +3.162190183e-06 +2.156100032e+02 +2.156100032e+02 -2.5663e+00 +3.4514e+00
935 0 +2.265687783e-06 +2.156100023e+02 +2.156100023e+02 -2.5657e+00 +3.4509e+00
994 0 +2.552948786e-08 +2.156100000e+02 +2.156100000e+02 -2.5664e+00 +3.4512e+00
1245 0 +2.149769784e-08 +2.156100000e+02 +2.156100000e+02 -2.5664e+00 +3.4512e+00
1302 0 +2.129792165e-08 +2.156100000e+02 +2.156100000e+02 -2.5664e+00 +3.4512e+00
1312 0 +1.675107342e-08 +2.156100000e+02 +2.156100000e+02 -2.5664e+00 +3.4512e+00
1326 0 +5.411465054e-09 +2.156100000e+02 +2.156100000e+02 -2.5664e+00 +3.4512e+00
% f evaluations | g evaluations | best noise-free fitness - Fopt (1.936900000000e+02) + sum g_i+ | measured fitness | best measured fitness or single-digit g-values | x1 | x2...
1 0 +2.382246673e+01 +2.175124667e+02 +2.175124667e+02 -3.5969e-01 +2.9029e-01
9 0 +2.307165039e+01 +2.167616504e+02 +2.167616504e+02 +1.8143e-01 +1.1247e-01
38 0 +2.179978609e+01 +2.154897861e+02 +2.154897861e+02 +5.4566e-01 +3.1766e-02
39 0 +1.688867009e+01 +2.105786701e+02 +2.105786701e+02 +4.1967e-01 +3.0088e-01
41 0 +1.404011770e+01 +2.077301177e+02 +2.077301177e+02 +8.6159e-01 +2.4130e-01
54 0 +1.242778743e+01 +2.061177874e+02 +2.061177874e+02 +9.5016e-01 +5.0554e-01
66 0 +1.229217317e+01 +2.059821732e+02 +2.059821732e+02 -2.0828e-03 +9.2533e-01
67 0 +1.123966110e+01 +2.049296611e+02 +2.049296611e+02 +1.4891e+00 +7.1964e-01
121 0 +9.413518786e+00 +2.031035188e+02 +2.031035188e+02 +1.2623e+00 +8.4486e-01
126 0 +7.316908177e+00 +2.010069082e+02 +2.010069082e+02 +1.0532e+00 +1.0694e+00
137 0 +4.209877933e+00 +1.978998779e+02 +1.978998779e+02 +1.7134e-01 +1.6729e+00
153 0 +1.472267198e+00 +1.951622672e+02 +1.951622672e+02 -1.9882e-01 +2.3637e+00
207 0 +8.058417673e-01 +1.944958418e+02 +1.944958418e+02 -4.4034e-01 +2.6399e+00
235 0 +4.089214864e-01 +1.940989215e+02 +1.940989215e+02 -6.7278e-01 +2.8449e+00
305 0 +1.881980082e-01 +1.938781980e+02 +1.938781980e+02 -1.0308e+00 +2.9953e+00
322 0 +6.693119421e-02 +1.937569312e+02 +1.937569312e+02 -1.1376e+00 +3.1361e+00
377 0 +2.820065178e-04 +1.936902820e+02 +1.936902820e+02 -1.1470e+00 +3.2262e+00
583 0 +2.783957461e-04 +1.936902784e+02 +1.936902784e+02 -1.1446e+00 +3.2259e+00
625 0 +5.244341313e-05 +1.936900524e+02 +1.936900524e+02 -1.1496e+00 +3.2307e+00
852 0 +4.720206084e-05 +1.936900472e+02 +1.936900472e+02 -1.1503e+00 +3.2311e+00
863 0 +3.839490418e-05 +1.936900384e+02 +1.936900384e+02 -1.1503e+00 +3.2312e+00
864 0 +1.579006423e-05 +1.936900158e+02 +1.936900158e+02 -1.1507e+00 +3.2321e+00
891 0 +9.137215471e-06 +1.936900091e+02 +1.936900091e+02 -1.1509e+00 +3.2325e+00
938 0 +8.148317619e-06 +1.936900081e+02 +1.936900081e+02 -1.1510e+00 +3.2326e+00
1034 0 +4.845957363e-06 +1.936900048e+02 +1.936900048e+02 -1.1512e+00 +3.2328e+00
1088 0 +3.310390184e-06 +1.936900033e+02 +1.936900033e+02 -1.1517e+00 +3.2330e+00
1116 0 +1.213062319e-06 +1.936900012e+02 +1.936900012e+02 -1.1518e+00 +3.2333e+00
1147 0 +7.467261582e-07 +1.936900007e+02 +1.936900007e+02 -1.1519e+00 +3.2334e+00
1161 0 +6.846184704e-07 +1.936900007e+02 +1.936900007e+02 -1.1519e+00 +3.2334e+00
1202 0 +3.925765100e-07 +1.936900004e+02 +1.936900004e+02 -1.1520e+00 +3.2335e+00
1213 0 +3.492860685e-07 +1.936900003e+02 +1.936900003e+02 -1.1518e+00 +3.2334e+00
1228 0 +1.060020622e-07 +1.936900001e+02 +1.936900001e+02 -1.1519e+00 +3.2335e+00
1230 0 +8.070466606e-08 +1.936900001e+02 +1.936900001e+02 -1.1519e+00 +3.2335e+00
1297 0 +3.489566325e-08 +1.936900000e+02 +1.936900000e+02 -1.1519e+00 +3.2335e+00
1368 0 +2.018674650e-08 +1.936900000e+02 +1.936900000e+02 -1.1520e+00 +3.2336e+00
1372 0 +2.310713398e-09 +1.936900000e+02 +1.936900000e+02 -1.1520e+00 +3.2336e+00
% f evaluations | g evaluations | best noise-free fitness - Fopt (3.513000000000e+01) + sum g_i+ | measured fitness | best measured fitness or single-digit g-values | x1 | x2...
1 0 +4.778707453e+05 +4.779058753e+05 +4.779058753e+05 -2.5710e+00 -1.9179e+00
3 0 +1.464259236e+05 +1.464610536e+05 +1.464610536e+05 -6.1078e-01 +1.1818e+00
4 0 +6.166302994e+04 +6.169815994e+04 +6.169815994e+04 +1.0947e+00 -1.2141e+00
67 0 +3.946825660e+04 +3.950338660e+04 +3.950338660e+04 +1.0152e+00 +5.8951e-01
81 0 +2.902733601e+04 +2.906246601e+04 +2.906246601e+04 +1.2941e+00 +8.0044e-01
83 0 +1.905267750e+04 +1.908780750e+04 +1.908780750e+04 +1.4654e+00 +9.0163e-01
93 0 +1.581547535e+02 +1.932847535e+02 +1.932847535e+02 +2.2816e+00 +1.3807e+00
110 0 +1.378785848e+00 +3.650878585e+01 +3.650878585e+01 +2.6736e+00 +2.0995e+00
111 0 +7.652838720e-01 +3.589528387e+01 +3.589528387e+01 +2.6473e+00 +1.6988e+00
125 0 +1.478584493e-01 +3.527785845e+01 +3.527785845e+01 +2.3754e+00 +1.4506e+00
139 0 +3.734425221e-02 +3.516734425e+01 +3.516734425e+01 +2.3926e+00 +1.2809e+00
276 0 +2.736719777e-02 +3.515736720e+01 +3.515736720e+01 +2.3844e+00 +1.2543e+00
292 0 +8.589482676e-03 +3.513858948e+01 +3.513858948e+01 +2.4131e+00 +1.1876e+00
488 0 +2.675911922e-03 +3.513267591e+01 +3.513267591e+01 +2.3989e+00 +1.1691e+00
545 0 +1.694706739e-03 +3.513169471e+01 +3.513169471e+01 +2.3974e+00 +1.1591e+00
556 0 +6.733561728e-05 +3.513006734e+01 +3.513006734e+01 +2.3980e+00 +1.1352e+00
654 0 +5.165148575e-05 +3.513005165e+01 +3.513005165e+01 +2.3985e+00 +1.1337e+00
768 0 +8.695063890e-06 +3.513000870e+01 +3.513000870e+01 +2.3979e+00 +1.1319e+00
910 0 +3.607528008e-06 +3.513000361e+01 +3.513000361e+01 +2.3975e+00 +1.1313e+00
948 0 +1.846579956e-06 +3.513000185e+01 +3.513000185e+01 +2.3975e+00 +1.1310e+00
965 0 +2.128258387e-07 +3.513000021e+01 +3.513000021e+01 +2.3976e+00 +1.1306e+00
1019 0 +7.598586649e-09 +3.513000001e+01 +3.513000001e+01 +2.3976e+00 +1.1304e+00
% f evaluations | g evaluations | best noise-free fitness - Fopt (-2.279900000000e+02) + sum g_i+ | measured fitness | best measured fitness or single-digit g-values | x1 | x2...
1 0 +3.817414916e+04 +3.794615916e+04 +3.794615916e+04 +8.9285e-01 +3.2887e+00
4 0 +3.531593340e+01 -1.926740666e+02 -1.926740666e+02 +2.1303e+00 -3.5776e+00
8 0 +1.246535947e+01 -2.155246405e+02 -2.155246405e+02 +8.3439e-01 -3.5382e+00
76 0 +2.630803517e+00 -2.253591965e+02 -2.253591965e+02 +7.0510e-01 -1.6708e+00
391 0 +1.702235676e-01 -2.278197764e+02 -2.278197764e+02 +7.1215e-01 -3.9575e-01
543 0 +5.704859999e-02 -2.279329514e+02 -2.279329514e+02 +6.6046e-01 -3.5570e-01
1004 0 +5.339237302e-02 -2.279366076e+02 -2.279366076e+02 +5.7705e-01 -4.2760e-01
1470 0 +3.893029393e-02 -2.279510697e+02 -2.279510697e+02 +6.6017e-01 -3.0691e-01
1675 0 +1.909747418e-02 -2.279709025e+02 -2.279709025e+02 +6.3658e-01 -3.1870e-01
7933 0 +5.851507163e-04 -2.279894148e+02 -2.279894148e+02 +6.2887e-01 -2.4418e-01
52482 0 +2.059264016e-04 -2.279897941e+02 -2.279897941e+02 +6.2312e-01 -2.4708e-01
% f evaluations | g evaluations | best noise-free fitness - Fopt (-2.186000000000e+01) + sum g_i+ | measured fitness | best measured fitness or single-digit g-values | x1 | x2...
1 0 +1.049622260e+01 -1.136377740e+01 -1.136377740e+01 +2.8769e-02 +3.5295e+00
94 0 +4.088736336e-01 -2.145112637e+01 -2.145112637e+01 -1.2793e+00 +1.8406e+00
334 0 +2.489485774e-01 -2.161105142e+01 -2.161105142e+01 -1.3870e+00 +1.8676e+00
1946 0 +1.676658644e-01 -2.169233414e+01 -2.169233414e+01 -1.6686e+00 +1.8680e+00
7966 0 +1.615842480e-01 -2.169841575e+01 -2.169841575e+01 -1.5076e+00 +1.8789e+00
13607 0 +6.588800535e-02 -2.179411199e+01 -2.179411199e+01 -1.7581e+00 +1.6983e+00
23002 0 +4.495973281e-02 -2.181504027e+01 -2.181504027e+01 -1.6708e+00 +1.7856e+00
24234 0 +2.031799140e-02 -2.183968201e+01 -2.183968201e+01 -1.7370e+00 +1.7463e+00
28460 0 +9.948371860e-03 -2.185005163e+01 -2.185005163e+01 -1.7328e+00 +1.7229e+00
46604 0 +4.938856123e-03 -2.185506114e+01 -2.185506114e+01 -1.7673e+00 +1.7156e+00
87387 0 +1.577738562e-04 -2.185984223e+01 -2.185984223e+01 -1.7960e+00 +1.6892e+00
% f evaluations | g evaluations | best noise-free fitness - Fopt (-5.762300000000e+02) + sum g_i+ | measured fitness | best measured fitness or single-digit g-values | x1 | x2...
1 0 +1.953376310e+04 +1.895753310e+04 +1.895753310e+04 -5.1304e-01 -3.4924e+00
82 0 +6.478216742e+03 +5.901986742e+03 +5.901986742e+03 -2.9414e+00 -1.6622e+00
93 0 +2.604440282e+01 -5.501855972e+02 -5.501855972e+02 -4.3167e+00 -2.3433e+00
188 0 +2.112319307e+00 -5.741176807e+02 -5.741176807e+02 -3.5336e+00 -3.7549e+00
751 0 +4.051855504e-01 -5.758248144e+02 -5.758248144e+02 -3.1130e+00 -3.8957e+00
3791 0 +3.214993719e-01 -5.759085006e+02 -5.759085006e+02 -3.0352e+00 -3.8807e+00
6776 0 +2.080193741e-01 -5.760219806e+02 -5.760219806e+02 -2.9301e+00 -3.8518e+00
7849 0 +5.446076113e-02 -5.761755392e+02 -5.761755392e+02 -2.6681e+00 -3.7660e+00
13646 0 +4.136965083e-02 -5.761886303e+02 -5.761886303e+02 -2.6848e+00 -3.7907e+00
85402 0 +1.998605682e-02 -5.762100139e+02 -5.762100139e+02 -2.6834e+00 -3.8267e+00
% f evaluations | g evaluations | best noise-free fitness - Fopt (7.936000000000e+01) + sum g_i+ | measured fitness | best measured fitness or single-digit g-values | x1 | x2...
1 0 +8.467560925e+04 +8.475496925e+04 +8.475496925e+04 -4.0336e+00 +1.1266e+00
2 0 +6.139277951e+04 +6.147213951e+04 +6.147213951e+04 -4.3867e+00 +4.4351e+00
3 0 +2.152919051e+02 +2.946519051e+02 +2.946519051e+02 +3.1812e-01 +2.0870e+00
4 0 +4.204887756e+01 +1.214088776e+02 +1.214088776e+02 +4.2371e+00 -3.8275e+00
5 0 +4.023211075e+01 +1.195921108e+02 +1.195921108e+02 +3.9642e+00 -1.5981e+00
6 0 +7.902434223e+00 +8.726243422e+01 +8.726243422e+01 -5.0744e-01 +1.6419e+00
9 0 +3.083047138e+00 +8.244304714e+01 +8.244304714e+01 -2.5381e-01 +1.3076e-01
24 0 +2.855333315e+00 +8.221533331e+01 +8.221533331e+01 -3.0580e-01 +1.8056e-01
27 0 +2.552890539e+00 +8.191289054e+01 +8.191289054e+01 -4.4205e-01 +2.4103e-01
37 0 +1.533220890e+00 +8.089322089e+01 +8.089322089e+01 -6.9589e-01 +4.9006e-01
41 0 +1.383949947e+00 +8.074394995e+01 +8.074394995e+01 -7.9691e-01 +5.3262e-01
138 0 +1.348993404e+00 +8.070899340e+01 +8.070899340e+01 -8.0791e-01 +6.3893e-01
165 0 +7.900150049e-01 +8.015001500e+01 +8.015001500e+01 -9.8278e-01 +7.7928e-01
167 0 +2.612220401e-01 +7.962122204e+01 +7.962122204e+01 -1.4173e+00 +1.2575e+00
181 0 +1.231462260e-01 +7.948314623e+01 +7.948314623e+01 -1.4829e+00 +1.2291e+00
206 0 +8.128791406e-02 +7.944128791e+01 +7.944128791e+01 -1.5162e+00 +1.1689e+00
321 0 +8.101511633e-02 +7.944101512e+01 +7.944101512e+01 -1.5122e+00 +1.1735e+00
322 0 +2.389526763e-02 +7.938389527e+01 +7.938389527e+01 -1.6073e+00 +1.2584e+00
433 0 +5.114309854e-03 +7.936511431e+01 +7.936511431e+01 -1.6618e+00 +1.3116e+00
514 0 +5.242258368e-04 +7.936052423e+01 +7.936052423e+01 -1.6943e+00 +1.3337e+00
560 0 +1.416954539e-04 +7.936014170e+01 +7.936014170e+01 -1.7019e+00 +1.3387e+00
712 0 +1.403781221e-04 +7.936014038e+01 +7.936014038e+01 -1.7028e+00 +1.3397e+00
727 0 +7.565216592e-05 +7.936007565e+01 +7.936007565e+01 -1.7033e+00 +1.3393e+00
738 0 +4.211926907e-06 +7.936000421e+01 +7.936000421e+01 -1.7051e+00 +1.3392e+00
863 0 +8.555130790e-07 +7.936000086e+01 +7.936000086e+01 -1.7053e+00 +1.3391e+00
935 0 +2.990832115e-07 +7.936000030e+01 +7.936000030e+01 -1.7054e+00 +1.3391e+00
994 0 +2.865248803e-07 +7.936000029e+01 +7.936000029e+01 -1.7054e+00 +1.3391e+00
1050 0 +1.022947203e-07 +7.936000010e+01 +7.936000010e+01 -1.7055e+00 +1.3391e+00
1116 0 +4.994679159e-08 +7.936000005e+01 +7.936000005e+01 -1.7055e+00 +1.3392e+00
1144 0 +1.766930779e-08 +7.936000002e+01 +7.936000002e+01 -1.7056e+00 +1.3392e+00
1157 0 +1.161211571e-09 +7.936000000e+01 +7.936000000e+01 -1.7056e+00 +1.3392e+00
% f evaluations | g evaluations | best noise-free fitness - Fopt (-2.234600000000e+02) + sum g_i+ | measured fitness | best measured fitness or single-digit g-values | x1 | x2...
1 0 +1.436686623e+04 +1.414340623e+04 +1.414340623e+04 +3.5495e+00 +3.9637e+00
3 0 +1.472746658e+01 -2.087325334e+02 -2.087325334e+02 +2.8771e+00 +1.5841e+00
208 0 +1.270625957e+01 -2.107537404e+02 -2.107537404e+02 +2.3057e+00 +1.5363e+00
214 0 +7.098457292e-01 -2.227501543e+02 -2.227501543e+02 +3.2512e+00 +3.1563e+00
4136 0 +6.878301953e-01 -2.227721698e+02 -2.227721698e+02 +2.8639e+00 +2.8814e+00
27445 0 +2.666393936e-01 -2.231933606e+02 -2.231933606e+02 +2.6831e+00 +2.9072e+00
50601 0 +1.066903024e-01 -2.233533097e+02 -2.233533097e+02 +2.7903e+00 +3.0739e+00
56681 0 +5.380284720e-02 -2.234061972e+02 -2.234061972e+02 +2.7044e+00 +3.0486e+00
84996 0 +2.346995271e-02 -2.234365300e+02 -2.234365300e+02 +2.6358e+00 +3.0374e+00
% f evaluations | g evaluations | best noise-free fitness - Fopt (-6.793500000000e+02) + sum g_i+ | measured fitness | best measured fitness or single-digit g-values | x1 | x2...
1 0 +3.391940674e+04 +3.324005674e+04 +3.324005674e+04 +1.0134e+00 -3.7018e+00
3 0 +6.941300148e+03 +6.261950148e+03 +6.261950148e+03 -6.7519e-01 -4.3071e+00
4 0 +1.263442814e+02 -5.530057186e+02 -5.530057186e+02 -3.9980e+00 +4.9377e+00
6 0 +2.340915676e+01 -6.559408432e+02 -6.559408432e+02 -4.0602e+00 +6.2173e-01
58 0 +2.070708953e+01 -6.586429105e+02 -6.586429105e+02 -4.6152e+00 +4.6435e-01
63 0 +5.289793351e+00 -6.740602066e+02 -6.740602066e+02 -1.6175e+00 -2.2657e+00
329 0 +4.214608968e+00 -6.751353910e+02 -6.751353910e+02 -3.2164e+00 -1.7706e+00
635 0 +1.424917965e+00 -6.779250820e+02 -6.779250820e+02 -2.4119e+00 -2.3985e+00
1235 0 +1.466326792e-01 -6.792033673e+02 -6.792033673e+02 -1.8587e+00 -3.0977e+00
49902 0 +2.333313486e-02 -6.793266669e+02 -6.793266669e+02 -1.6733e+00 -3.2377e+00
% f evaluations | g evaluations | best noise-free fitness - Fopt (-1.293700000000e+02) + sum g_i+ | measured fitness | best measured fitness or single-digit g-values | x1 | x2...
1 0 +3.347900427e+05 +3.346606727e+05 +3.346606727e+05 +2.3841e+00 -1.2082e+00
2 0 +6.612363911e+03 +6.482993911e+03 +6.482993911e+03 -1.7139e+00 +3.0444e+00
3 0 +7.576331857e+02 +6.282631857e+02 +6.282631857e+02 -1.2165e+00 +2.9271e+00
5 0 +2.465041946e+01 -1.047195805e+02 -1.047195805e+02 +4.1133e+00 +4.4146e+00
277 0 +5.181350194e-02 -1.293181865e+02 -1.293181865e+02 -1.1715e+00 +2.5069e+00
714 0 +4.571106139e-02 -1.293242889e+02 -1.293242889e+02 -1.1791e+00 +2.4689e+00
8256 0 +4.324206056e-02 -1.293267579e+02 -1.293267579e+02 -1.2045e+00 +2.5052e+00
26149 0 +1.418766035e-02 -1.293558123e+02 -1.293558123e+02 -1.2611e+00 +2.4462e+00
43199 0 +1.023826085e-02 -1.293597617e+02 -1.293597617e+02 -1.3155e+00 +2.4506e+00
70376 0 +1.142190479e-03 -1.293688578e+02 -1.293688578e+02 -1.3240e+00 +2.4224e+00
