% f evaluations | g evaluations | best noise-free fitness - Fopt (-4.620900000000e+02) + sum g_i+ | measured fitness | best measured fitness or single-digit g-values | x1 | x2...
1 0 +6.219146942e+03 +5.757056942e+03 +5.757056942e+03
9 0 +5.751399051e+03 +5.289309051e+03 +5.289309051e+03
34 0 +3.323491974e+03 +2.861401974e+03 +2.861401974e+03
116 0 +2.636369780e+03 +2.174279780e+03 +2.174279780e+03
161 0 +1.281768916e+03 +8.196789160e+02 +8.196789160e+02
162 0 +1.257906830e+03 +7.958168305e+02 +7.958168305e+02
163 0 +1.227687389e+03 +7.655973895e+02 +7.655973895e+02
164 0 +1.171884221e+03 +7.097942205e+02 +7.097942205e+02
167 0 +1.092132660e+03 +6.300426598e+02 +6.300426598e+02
349 0 +1.012771880e+03 +5.506818802e+02 +5.506818802e+02
861 0 +9.958044007e+02 +5.337144007e+02 +5.337144007e+02
1212 0 +9.400649826e+02 +4.779749826e+02 +4.779749826e+02
2624 0 +9.224325831e+02 +4.603425831e+02 +4.603425831e+02
3136 0 +8.802432464e+02 +4.181532464e+02 +4.181532464e+02
3498 0 +8.610457159e+02 +3.989557159e+02 +3.989557159e+02
4017 0 +8.430299409e+02 +3.809399409e+02 +3.809399409e+02
4193 0 +7.674443694e+02 +3.053543694e+02 +3.053543694e+02
4548 0 +7.496015535e+02 +2.875115535e+02 +2.875115535e+02
4894 0 +7.335530076e+02 +2.714630076e+02 +2.714630076e+02
5067 0 +7.172701290e+02 +2.551801290e+02 +2.551801290e+02
5597 0 +6.511838222e+02 +1.890938222e+02 +1.890938222e+02
5762 0 +6.335656152e+02 +1.714756152e+02 +1.714756152e+02
5943 0 +6.108005088e+02 +1.487105088e+02 +1.487105088e+02
6300 0 +5.997899780e+02 +1.376999780e+02 +1.376999780e+02
6647 0 +5.794327452e+02 +1.173427452e+02 +1.173427452e+02
6811 0 +5.474118576e+02 +8.532185763e+01 +8.532185763e+01
7691 0 +5.083102679e+02 +4.622026786e+01 +4.622026786e+01
7875 0 +5.009407537e+02 +3.885075369e+01 +3.885075369e+01
12236 0 +4.806631305e+02 +1.857313051e+01 +1.857313051e+01
12769 0 +4.620892680e+02 -7.319868325e-04 -7.319868325e-04
28172 0 +4.567656126e+02 -5.324387430e+00 -5.324387430e+00
58273 0 +4.427007427e+02 -1.938925728e+01 -1.938925728e+01
% f evaluations | g evaluations | best noise-free fitness - Fopt (7.766000000000e+01) + sum g_i+ | measured fitness | best measured fitness or single-digit g-values | x1 | x2...
1 0 +6.322193096e+03 +6.399853096e+03 +6.399853096e+03
3 0 +5.777705781e+03 +5.855365781e+03 +5.855365781e+03
16 0 +5.573463616e+03 +5.651123616e+03 +5.651123616e+03
74 0 +5.326402526e+03 +5.404062526e+03 +5.404062526e+03
80 0 +5.223569363e+03 +5.301229363e+03 +5.301229363e+03
83 0 +4.792150223e+03 +4.869810223e+03 +4.869810223e+03
94 0 +4.592374654e+03 +4.670034654e+03 +4.670034654e+03
97 0 +3.551045397e+03 +3.628705397e+03 +3.628705397e+03
102 0 +2.316308144e+03 +2.393968144e+03 +2.393968144e+03
161 0 +1.486264653e+03 +1.563924653e+03 +1.563924653e+03
162 0 +1.446012295e+03 +1.523672295e+03 +1.523672295e+03
171 0 +1.410274602e+03 +1.487934602e+03 +1.487934602e+03
337 0 +1.371359501e+03 +1.449019501e+03 +1.449019501e+03
512 0 +1.347458903e+03 +1.425118903e+03 +1.425118903e+03
863 0 +1.295060583e+03 +1.372720583e+03 +1.372720583e+03
1037 0 +1.286909607e+03 +1.364569607e+03 +1.364569607e+03
1219 0 +1.224412783e+03 +1.302072783e+03 +1.302072783e+03
1393 0 +1.186861517e+03 +1.264521517e+03 +1.264521517e+03
1743 0 +1.135077165e+03 +1.212737165e+03 +1.212737165e+03
2274 0 +1.118368703e+03 +1.196028703e+03 +1.196028703e+03
2613 0 +1.064540762e+03 +1.142200762e+03 +1.142200762e+03
2615 0 +1.033720777e+03 +1.111380777e+03 +1.111380777e+03
2799 0 +1.022454832e+03 +1.100114832e+03 +1.100114832e+03
2970 0 +9.758646613e+02 +1.053524661e+03 +1.053524661e+03
3317 0 +9.482054255e+02 +1.025865425e+03 +1.025865425e+03
3844 0 +9.084055130e+02 +9.860655130e+02 +9.860655130e+02
4011 0 +8.798091068e+02 +9.574691068e+02 +9.574691068e+02
4186 0 +8.122853749e+02 +8.899453749e+02 +8.899453749e+02
4537 0 +7.834719422e+02 +8.611319422e+02 +8.611319422e+02
4539 0 +7.699686612e+02 +8.476286612e+02 +8.476286612e+02
5239 0 +7.555041014e+02 +8.331641014e+02 +8.331641014e+02
5246 0 +7.251621333e+02 +8.028221333e+02 +8.028221333e+02
5421 0 +7.061458695e+02 +7.838058695e+02 +7.838058695e+02
5767 0 +6.509269092e+02 +7.285869092e+02 +7.285869092e+02
5770 0 +6.189668625e+02 +6.966268625e+02 +6.966268625e+02
6290 0 +6.102947812e+02 +6.879547812e+02 +6.879547812e+02
6291 0 +5.907406206e+02 +6.684006206e+02 +6.684006206e+02
6813 0 +5.662414040e+02 +6.439014040e+02 +6.439014040e+02
7347 0 +5.578333444e+02 +6.354933444e+02 +6.354933444e+02
7521 0 +5.361389265e+02 +6.137989265e+02 +6.137989265e+02
8914 0 +4.826224709e+02 +5.602824709e+02 +5.602824709e+02
10486 0 +4.709826205e+02 +5.486426205e+02 +5.486426205e+02
11547 0 +4.548331309e+02 +5.324931309e+02 +5.324931309e+02
12074 0 +4.456168768e+02 +5.232768768e+02 +5.232768768e+02
12425 0 +4.232343125e+02 +5.008943125e+02 +5.008943125e+02
14688 0 +4.005033706e+02 +4.781633706e+02 +4.781633706e+02
15391 0 +3.964647108e+02 +4.741247108e+02 +4.741247108e+02
19597 0 +3.750548650e+02 +4.527148650e+02 +4.527148650e+02
19945 0 +3.714355937e+02 +4.490955937e+02 +4.490955937e+02
19949 0 +3.456781529e+02 +4.233381529e+02 +4.233381529e+02
20994 0 +3.336629051e+02 +4.113229051e+02 +4.113229051e+02
22042 0 +3.244868872e+02 +4.021468872e+02 +4.021468872e+02
22043 0 +3.111326302e+02 +3.887926302e+02 +3.887926302e+02
22567 0 +2.676604469e+02 +3.453204469e+02 +3.453204469e+02
24141 0 +2.569454071e+02 +3.346054071e+02 +3.346054071e+02
25197 0 +2.474109405e+02 +3.250709405e+02 +3.250709405e+02
26411 0 +2.348454720e+02 +3.125054720e+02 +3.125054720e+02
27288 0 +2.295702778e+02 +3.072302778e+02 +3.072302778e+02
27294 0 +2.267109929e+02 +3.043709929e+02 +3.043709929e+02
27297 0 +2.184053573e+02 +2.960653573e+02 +2.960653573e+02
27475 0 +2.083148944e+02 +2.859748944e+02 +2.859748944e+02
29387 0 +2.030306056e+02 +2.806906056e+02 +2.806906056e+02
29398 0 +1.986981942e+02 +2.763581942e+02 +2.763581942e+02
29744 0 +1.941406338e+02 +2.718006338e+02 +2.718006338e+02
30093 0 +1.896037419e+02 +2.672637419e+02 +2.672637419e+02
31323 0 +1.836457984e+02 +2.613057984e+02 +2.613057984e+02
32018 0 +1.808457591e+02 +2.585057591e+02 +2.585057591e+02
32721 0 +1.770723095e+02 +2.547323095e+02 +2.547323095e+02
33415 0 +1.716776277e+02 +2.493376277e+02 +2.493376277e+02
35517 0 +1.694033016e+02 +2.470633016e+02 +2.470633016e+02
36913 0 +1.651585439e+02 +2.428185439e+02 +2.428185439e+02
38498 0 +1.618270440e+02 +2.394870440e+02 +2.394870440e+02
46023 0 +1.584376324e+02 +2.360976324e+02 +2.360976324e+02
% f evaluations | g evaluations | best noise-free fitness - Fopt (1.156800000000e+02) + sum g_i+ | measured fitness | best measured fitness or single-digit g-values | x1 | x2...
1 0 +1.599491821e+04 +1.611059821e+04 +1.611059821e+04
2 0 +1.538068057e+04 +1.549636057e+04 +1.549636057e+04
3 0 +1.388149393e+04 +1.399717393e+04 +1.399717393e+04
4 0 +1.009078288e+04 +1.020646288e+04 +1.020646288e+04
7 0 +6.692238502e+03 +6.807918502e+03 +6.807918502e+03
9 0 +6.067001138e+03 +6.182681138e+03 +6.182681138e+03
13 0 +5.890045792e+03 +6.005725792e+03 +6.005725792e+03
21 0 +5.696467828e+03 +5.812147828e+03 +5.812147828e+03
25 0 +3.263393877e+03 +3.379073877e+03 +3.379073877e+03
161 0 +1.368180267e+03 +1.483860267e+03 +1.483860267e+03
341 0 +1.326249034e+03 +1.441929034e+03 +1.441929034e+03
350 0 +1.258293221e+03 +1.373973221e+03 +1.373973221e+03
873 0 +1.209090094e+03 +1.324770094e+03 +1.324770094e+03
1047 0 +1.190859005e+03 +1.306539005e+03 +1.306539005e+03
1220 0 +1.161194232e+03 +1.276874232e+03 +1.276874232e+03
1386 0 +1.109482426e+03 +1.225162426e+03 +1.225162426e+03
2093 0 +1.064432046e+03 +1.180112046e+03 +1.180112046e+03
3146 0 +1.040193428e+03 +1.155873428e+03 +1.155873428e+03
3842 0 +1.003125134e+03 +1.118805134e+03 +1.118805134e+03
3846 0 +9.985718794e+02 +1.114251879e+03 +1.114251879e+03
4014 0 +9.627760572e+02 +1.078456057e+03 +1.078456057e+03
4373 0 +9.437740549e+02 +1.059454055e+03 +1.059454055e+03
4375 0 +9.142583033e+02 +1.029938303e+03 +1.029938303e+03
4714 0 +8.074280897e+02 +9.231080897e+02 +9.231080897e+02
6120 0 +7.766552604e+02 +8.923352604e+02 +8.923352604e+02
6641 0 +7.343652410e+02 +8.500452410e+02 +8.500452410e+02
7346 0 +7.093510531e+02 +8.250310531e+02 +8.250310531e+02
8038 0 +6.999353120e+02 +8.156153120e+02 +8.156153120e+02
8041 0 +6.797179224e+02 +7.953979224e+02 +7.953979224e+02
8212 0 +6.605707961e+02 +7.762507961e+02 +7.762507961e+02
8215 0 +6.090795455e+02 +7.247595455e+02 +7.247595455e+02
9271 0 +5.412224750e+02 +6.569024750e+02 +6.569024750e+02
10488 0 +4.871951053e+02 +6.028751053e+02 +6.028751053e+02
12764 0 +4.763383310e+02 +5.920183310e+02 +5.920183310e+02
15047 0 +4.561229264e+02 +5.718029264e+02 +5.718029264e+02
25724 0 +4.392253046e+02 +5.549053046e+02 +5.549053046e+02
26069 0 +4.331502850e+02 +5.488302850e+02 +5.488302850e+02
26425 0 +4.081700017e+02 +5.238500017e+02 +5.238500017e+02
30787 0 +4.031262947e+02 +5.188062947e+02 +5.188062947e+02
30789 0 +3.878104487e+02 +5.034904487e+02 +5.034904487e+02
30975 0 +3.786884798e+02 +4.943684798e+02 +4.943684798e+02
33771 0 +3.668645166e+02 +4.825445166e+02 +4.825445166e+02
34119 0 +3.462387123e+02 +4.619187123e+02 +4.619187123e+02
36915 0 +2.921372388e+02 +4.078172388e+02 +4.078172388e+02
39721 0 +2.880774718e+02 +4.037574718e+02 +4.037574718e+02
39888 0 +2.774758354e+02 +3.931558354e+02 +3.931558354e+02
39892 0 +2.752535654e+02 +3.909335654e+02 +3.909335654e+02
40422 0 +2.654673769e+02 +3.811473769e+02 +3.811473769e+02
41290 0 +2.552561718e+02 +3.709361718e+02 +3.709361718e+02
41474 0 +2.318328540e+02 +3.475128540e+02 +3.475128540e+02
42687 0 +2.266710836e+02 +3.423510836e+02 +3.423510836e+02
43573 0 +2.185167037e+02 +3.341967037e+02 +3.341967037e+02
44093 0 +2.108391506e+02 +3.265191506e+02 +3.265191506e+02
44262 0 +2.079174460e+02 +3.235974460e+02 +3.235974460e+02
44265 0 +1.914954944e+02 +3.071754944e+02 +3.071754944e+02
44794 0 +1.876281980e+02 +3.033081980e+02 +3.033081980e+02
44969 0 +1.812501785e+02 +2.969301785e+02 +2.969301785e+02
46896 0 +1.692875410e+02 +2.849675410e+02 +2.849675410e+02
48123 0 +1.607939449e+02 +2.764739449e+02 +2.764739449e+02
48821 0 +1.583964939e+02 +2.740764939e+02 +2.740764939e+02
49698 0 +1.511084869e+02 +2.667884869e+02 +2.667884869e+02
50736 0 +1.472619108e+02 +2.629419108e+02 +2.629419108e+02
52313 0 +1.411639561e+02 +2.568439561e+02 +2.568439561e+02
54937 0 +1.369399307e+02 +2.526199307e+02 +2.526199307e+02
57221 0 +1.347877739e+02 +2.504677739e+02 +2.504677739e+02
60720 0 +1.316560516e+02 +2.473360516e+02 +2.473360516e+02
68415 0 +1.288176145e+02 +2.444976145e+02 +2.444976145e+02
% f evaluations | g evaluations | best noise-free fitness - Fopt (-3.710000000000e+00) + sum g_i+ | measured fitness | best measured fitness or single-digit g-values | x1 | x2...
1 0 +1.394487975e+04 +1.394116975e+04 +1.394116975e+04
3 0 +8.887478183e+03 +8.883768183e+03 +8.883768183e+03
6 0 +6.250398458e+03 +6.246688458e+03 +6.246688458e+03
7 0 +3.303404730e+03 +3.299694730e+03 +3.299694730e+03
26 0 +3.036339292e+03 +3.032629292e+03 +3.032629292e+03
161 0 +1.234232930e+03 +1.230522930e+03 +1.230522930e+03
164 0 +1.209263006e+03 +1.205553006e+03 +1.205553006e+03
165 0 +1.173104442e+03 +1.169394442e+03 +1.169394442e+03
169 0 +1.139155025e+03 +1.135445025e+03 +1.135445025e+03
175 0 +1.057069426e+03 +1.053359426e+03 +1.053359426e+03
697 0 +1.046014010e+03 +1.042304010e+03 +1.042304010e+03
1045 0 +9.863777381e+02 +9.826677381e+02 +9.826677381e+02
1395 0 +9.510142150e+02 +9.473042150e+02 +9.473042150e+02
2792 0 +9.320490886e+02 +9.283390886e+02 +9.283390886e+02
3139 0 +8.685109528e+02 +8.648009528e+02 +8.648009528e+02
4538 0 +8.307982987e+02 +8.270882987e+02 +8.270882987e+02
5067 0 +8.073624956e+02 +8.036524956e+02 +8.036524956e+02
5763 0 +7.931372260e+02 +7.894272260e+02 +7.894272260e+02
6286 0 +7.201020642e+02 +7.163920642e+02 +7.163920642e+02
7869 0 +6.992110841e+02 +6.955010841e+02 +6.955010841e+02
7875 0 +6.780785995e+02 +6.743685995e+02 +6.743685995e+02
8224 0 +6.639190622e+02 +6.602090622e+02 +6.602090622e+02
9613 0 +6.542374470e+02 +6.505274470e+02 +6.505274470e+02
9790 0 +6.260191709e+02 +6.223091709e+02 +6.223091709e+02
9965 0 +5.705417212e+02 +5.668317212e+02 +5.668317212e+02
11539 0 +5.527199460e+02 +5.490099460e+02 +5.490099460e+02
11898 0 +5.494112308e+02 +5.457012308e+02 +5.457012308e+02
13989 0 +4.792388461e+02 +4.755288461e+02 +4.755288461e+02
18725 0 +4.670176730e+02 +4.633076730e+02 +4.633076730e+02
19240 0 +4.201967082e+02 +4.164867082e+02 +4.164867082e+02
20814 0 +4.138398340e+02 +4.101298340e+02 +4.101298340e+02
21166 0 +3.861072956e+02 +3.823972956e+02 +3.823972956e+02
23095 0 +3.733170551e+02 +3.696070551e+02 +3.696070551e+02
25893 0 +3.680431585e+02 +3.643331585e+02 +3.643331585e+02
27461 0 +3.586570301e+02 +3.549470301e+02 +3.549470301e+02
27816 0 +3.104538367e+02 +3.067438367e+02 +3.067438367e+02
28686 0 +2.802950903e+02 +2.765850903e+02 +2.765850903e+02
29043 0 +2.708178893e+02 +2.671078893e+02 +2.671078893e+02
32362 0 +2.626635462e+02 +2.589535462e+02 +2.589535462e+02
33243 0 +2.403605716e+02 +2.366505716e+02 +2.366505716e+02
34287 0 +2.388857843e+02 +2.351757843e+02 +2.351757843e+02
34289 0 +2.328450353e+02 +2.291350353e+02 +2.291350353e+02
34474 0 +2.191985978e+02 +2.154885978e+02 +2.154885978e+02
34814 0 +2.186588505e+02 +2.149488505e+02 +2.149488505e+02
34987 0 +2.038659614e+02 +2.001559614e+02 +2.001559614e+02
35520 0 +1.985599064e+02 +1.948499064e+02 +1.948499064e+02
35869 0 +1.829882972e+02 +1.792782972e+02 +1.792782972e+02
36040 0 +1.798453250e+02 +1.761353250e+02 +1.761353250e+02
36399 0 +1.777161548e+02 +1.740061548e+02 +1.740061548e+02
36738 0 +1.573350861e+02 +1.536250861e+02 +1.536250861e+02
37790 0 +1.499503906e+02 +1.462403906e+02 +1.462403906e+02
38147 0 +1.470118080e+02 +1.433018080e+02 +1.433018080e+02
40413 0 +1.441655947e+02 +1.404555947e+02 +1.404555947e+02
40770 0 +1.385567902e+02 +1.348467902e+02 +1.348467902e+02
40939 0 +1.374188423e+02 +1.337088423e+02 +1.337088423e+02
41291 0 +1.329562539e+02 +1.292462539e+02 +1.292462539e+02
42516 0 +1.273573335e+02 +1.236473335e+02 +1.236473335e+02
43741 0 +1.256667818e+02 +1.219567818e+02 +1.219567818e+02
44093 0 +1.227904145e+02 +1.190804145e+02 +1.190804145e+02
44264 0 +1.198781216e+02 +1.161681216e+02 +1.161681216e+02
45845 0 +1.174390519e+02 +1.137290519e+02 +1.137290519e+02
47774 0 +1.143047004e+02 +1.105947004e+02 +1.105947004e+02
51617 0 +1.121184813e+02 +1.084084813e+02 +1.084084813e+02
% f evaluations | g evaluations | best noise-free fitness - Fopt (1.321800000000e+02) + sum g_i+ | measured fitness | best measured fitness or single-digit g-values | x1 | x2...
1 0 +1.065522072e+04 +1.078740072e+04 +1.078740072e+04
2 0 +8.672751274e+03 +8.804931274e+03 +8.804931274e+03
5 0 +4.435226769e+03 +4.567406769e+03 +4.567406769e+03
9 0 +3.089350782e+03 +3.221530782e+03 +3.221530782e+03
26 0 +2.230307822e+03 +2.362487822e+03 +2.362487822e+03
161 0 +1.420197519e+03 +1.552377519e+03 +1.552377519e+03
163 0 +1.342724781e+03 +1.474904781e+03 +1.474904781e+03
691 0 +1.301161914e+03 +1.433341914e+03 +1.433341914e+03
864 0 +1.276180845e+03 +1.408360845e+03 +1.408360845e+03
872 0 +1.236366213e+03 +1.368546213e+03 +1.368546213e+03
1736 0 +1.218018183e+03 +1.350198183e+03 +1.350198183e+03
1746 0 +1.189948691e+03 +1.322128691e+03 +1.322128691e+03
1912 0 +1.140403912e+03 +1.272583912e+03 +1.272583912e+03
2275 0 +1.097748767e+03 +1.229928767e+03 +1.229928767e+03
2446 0 +1.048778391e+03 +1.180958391e+03 +1.180958391e+03
2611 0 +1.005113358e+03 +1.137293358e+03 +1.137293358e+03
2967 0 +9.950206631e+02 +1.127200663e+03 +1.127200663e+03
3314 0 +9.535163493e+02 +1.085696349e+03 +1.085696349e+03
3317 0 +9.088131860e+02 +1.040993186e+03 +1.040993186e+03
4022 0 +8.231369819e+02 +9.553169819e+02 +9.553169819e+02
5074 0 +7.880403881e+02 +9.202203881e+02 +9.202203881e+02
6288 0 +7.659952443e+02 +8.981752443e+02 +8.981752443e+02
6290 0 +7.484994176e+02 +8.806794176e+02 +8.806794176e+02
6641 0 +7.354849026e+02 +8.676649026e+02 +8.676649026e+02
6993 0 +7.222158672e+02 +8.543958672e+02 +8.543958672e+02
6997 0 +6.862027127e+02 +8.183827127e+02 +8.183827127e+02
7173 0 +6.293111946e+02 +7.614911946e+02 +7.614911946e+02
10850 0 +6.130459866e+02 +7.452259866e+02 +7.452259866e+02
11191 0 +5.999962515e+02 +7.321762515e+02 +7.321762515e+02
12250 0 +5.805781443e+02 +7.127581443e+02 +7.127581443e+02
12596 0 +5.698602083e+02 +7.020402083e+02 +7.020402083e+02
14168 0 +5.557023531e+02 +6.878823531e+02 +6.878823531e+02
15739 0 +5.125885873e+02 +6.447685873e+02 +6.447685873e+02
18014 0 +4.997135824e+02 +6.318935824e+02 +6.318935824e+02
18712 0 +4.715679983e+02 +6.037479983e+02 +6.037479983e+02
19763 0 +4.582124932e+02 +5.903924932e+02 +5.903924932e+02
19949 0 +4.542364930e+02 +5.864164930e+02 +5.864164930e+02
22042 0 +4.341150880e+02 +5.662950880e+02 +5.662950880e+02
24313 0 +4.208327100e+02 +5.530127100e+02 +5.530127100e+02
24323 0 +4.107319160e+02 +5.429119160e+02 +5.429119160e+02
26247 0 +4.023736334e+02 +5.345536334e+02 +5.345536334e+02
26941 0 +3.972462545e+02 +5.294262545e+02 +5.294262545e+02
27812 0 +3.809850011e+02 +5.131650011e+02 +5.131650011e+02
28167 0 +3.612065094e+02 +4.933865094e+02 +4.933865094e+02
29048 0 +3.512102250e+02 +4.833902250e+02 +4.833902250e+02
29386 0 +3.323740318e+02 +4.645540318e+02 +4.645540318e+02
29563 0 +3.288393037e+02 +4.610193037e+02 +4.610193037e+02
29919 0 +3.113982133e+02 +4.435782133e+02 +4.435782133e+02
30788 0 +3.046085512e+02 +4.367885512e+02 +4.367885512e+02
30975 0 +2.944597717e+02 +4.266397717e+02 +4.266397717e+02
32191 0 +2.833843873e+02 +4.155643873e+02 +4.155643873e+02
32714 0 +2.710048009e+02 +4.031848009e+02 +4.031848009e+02
32887 0 +2.545815509e+02 +3.867615509e+02 +3.867615509e+02
33250 0 +2.471472175e+02 +3.793272175e+02 +3.793272175e+02
33766 0 +2.452231818e+02 +3.774031818e+02 +3.774031818e+02
34298 0 +2.335257978e+02 +3.657057978e+02 +3.657057978e+02
35523 0 +2.269592653e+02 +3.591392653e+02 +3.591392653e+02
35697 0 +2.235590070e+02 +3.557390070e+02 +3.557390070e+02
38498 0 +2.155072102e+02 +3.476872102e+02 +3.476872102e+02
41811 0 +2.137666612e+02 +3.459466612e+02 +3.459466612e+02
49348 0 +2.087599554e+02 +3.409399554e+02 +3.409399554e+02
% f evaluations | g evaluations | best noise-free fitness - Fopt (1.104800000000e+02) + sum g_i+ | measured fitness | best measured fitness or single-digit g-values | x1 | x2...
1 0 +1.573680943e+04 +1.584728943e+04 +1.584728943e+04
2 0 +7.679536194e+03 +7.790016194e+03 +7.790016194e+03
4 0 +5.241204810e+03 +5.351684810e+03 +5.351684810e+03
5 0 +3.347154659e+03 +3.457634659e+03 +3.457634659e+03
150 0 +3.149803426e+03 +3.260283426e+03 +3.260283426e+03
161 0 +1.326869831e+03 +1.437349831e+03 +1.437349831e+03
166 0 +1.280823905e+03 +1.391303905e+03 +1.391303905e+03
343 0 +1.204239372e+03 +1.314719372e+03 +1.314719372e+03
698 0 +1.197033798e+03 +1.307513798e+03 +1.307513798e+03
870 0 +1.142372568e+03 +1.252852568e+03 +1.252852568e+03
1561 0 +1.102609109e+03 +1.213089109e+03 +1.213089109e+03
1741 0 +1.036836032e+03 +1.147316032e+03 +1.147316032e+03
1923 0 +1.015191134e+03 +1.125671134e+03 +1.125671134e+03
2274 0 +9.741245233e+02 +1.084604523e+03 +1.084604523e+03
3139 0 +9.115594554e+02 +1.022039455e+03 +1.022039455e+03
3145 0 +8.855424805e+02 +9.960224805e+02 +9.960224805e+02
3486 0 +8.547558662e+02 +9.652358662e+02 +9.652358662e+02
5245 0 +7.587555149e+02 +8.692355149e+02 +8.692355149e+02
6296 0 +7.438118418e+02 +8.542918418e+02 +8.542918418e+02
6470 0 +7.269103740e+02 +8.373903740e+02 +8.373903740e+02
6820 0 +7.080305233e+02 +8.185105233e+02 +8.185105233e+02
6995 0 +6.960889115e+02 +8.065689115e+02 +8.065689115e+02
7343 0 +6.649640923e+02 +7.754440923e+02 +7.754440923e+02
7692 0 +6.582523751e+02 +7.687323751e+02 +7.687323751e+02
7697 0 +6.164581430e+02 +7.269381430e+02 +7.269381430e+02
8225 0 +6.012575739e+02 +7.117375739e+02 +7.117375739e+02
8739 0 +5.749533677e+02 +6.854333677e+02 +6.854333677e+02
8745 0 +5.431122389e+02 +6.535922389e+02 +6.535922389e+02
10667 0 +4.870755119e+02 +5.975555119e+02 +5.975555119e+02
12949 0 +4.530500422e+02 +5.635300422e+02 +5.635300422e+02
15042 0 +3.902778238e+02 +5.007578238e+02 +5.007578238e+02
20116 0 +3.854420479e+02 +4.959220479e+02 +4.959220479e+02
20467 0 +3.555260098e+02 +4.660060098e+02 +4.660060098e+02
25197 0 +3.505861151e+02 +4.610661151e+02 +4.610661151e+02
25372 0 +3.437744176e+02 +4.542544176e+02 +4.542544176e+02
26589 0 +3.303773824e+02 +4.408573824e+02 +4.408573824e+02
26598 0 +3.198974273e+02 +4.303774273e+02 +4.303774273e+02
27290 0 +2.987650401e+02 +4.092450401e+02 +4.092450401e+02
27814 0 +2.941800824e+02 +4.046600824e+02 +4.046600824e+02
27991 0 +2.883469080e+02 +3.988269080e+02 +3.988269080e+02
28345 0 +2.808206693e+02 +3.913006693e+02 +3.913006693e+02
29746 0 +2.753217382e+02 +3.858017382e+02 +3.858017382e+02
29911 0 +2.650570921e+02 +3.755370921e+02 +3.755370921e+02
30275 0 +2.607961510e+02 +3.712761510e+02 +3.712761510e+02
30445 0 +2.331855450e+02 +3.436655450e+02 +3.436655450e+02
30625 0 +2.275836245e+02 +3.380636245e+02 +3.380636245e+02
30975 0 +2.193882496e+02 +3.298682496e+02 +3.298682496e+02
32375 0 +2.092141906e+02 +3.196941906e+02 +3.196941906e+02
33242 0 +2.052956080e+02 +3.157756080e+02 +3.157756080e+02
33411 0 +2.026901743e+02 +3.131701743e+02 +3.131701743e+02
33763 0 +1.978504876e+02 +3.083304876e+02 +3.083304876e+02
33948 0 +1.912434154e+02 +3.017234154e+02 +3.017234154e+02
34125 0 +1.885648126e+02 +2.990448126e+02 +2.990448126e+02
34295 0 +1.776007500e+02 +2.880807500e+02 +2.880807500e+02
34994 0 +1.725999871e+02 +2.830799871e+02 +2.830799871e+02
35692 0 +1.646322268e+02 +2.751122268e+02 +2.751122268e+02
36041 0 +1.619463910e+02 +2.724263910e+02 +2.724263910e+02
37267 0 +1.578065279e+02 +2.682865279e+02 +2.682865279e+02
37800 0 +1.527139935e+02 +2.631939935e+02 +2.631939935e+02
38318 0 +1.503626249e+02 +2.608426249e+02 +2.608426249e+02
39363 0 +1.472278757e+02 +2.577078757e+02 +2.577078757e+02
41296 0 +1.441605020e+02 +2.546405020e+02 +2.546405020e+02
43924 0 +1.408366588e+02 +2.513166588e+02 +2.513166588e+02
49875 0 +1.378769447e+02 +2.483569447e+02 +2.483569447e+02
62463 0 +1.348074082e+02 +2.452874082e+02 +2.452874082e+02
% f evaluations | g evaluations | best noise-free fitness - Fopt (-1.509000000000e+01) + sum g_i+ | measured fitness | best measured fitness or single-digit g-values | x1 | x2...
1 0 +5.727504484e+03 +5.712414484e+03 +5.712414484e+03
8 0 +4.264193868e+03 +4.249103868e+03 +4.249103868e+03
37 0 +3.596279651e+03 +3.581189651e+03 +3.581189651e+03
105 0 +2.659692871e+03 +2.644602871e+03 +2.644602871e+03
161 0 +1.264412268e+03 +1.249322268e+03 +1.249322268e+03
162 0 +1.232969241e+03 +1.217879241e+03 +1.217879241e+03
170 0 +1.217771321e+03 +1.202681321e+03 +1.202681321e+03
172 0 +1.172815593e+03 +1.157725593e+03 +1.157725593e+03
340 0 +1.142706923e+03 +1.127616923e+03 +1.127616923e+03
687 0 +1.115496766e+03 +1.100406766e+03 +1.100406766e+03
699 0 +1.032115125e+03 +1.017025125e+03 +1.017025125e+03
2614 0 +9.669075724e+02 +9.518175724e+02 +9.518175724e+02
3322 0 +9.441670504e+02 +9.290770504e+02 +9.290770504e+02
3662 0 +9.297770146e+02 +9.146870146e+02 +9.146870146e+02
4539 0 +9.010486216e+02 +8.859586216e+02 +8.859586216e+02
4718 0 +8.876760264e+02 +8.725860264e+02 +8.725860264e+02
5248 0 +8.701916915e+02 +8.551016915e+02 +8.551016915e+02
7350 0 +8.124513320e+02 +7.973613320e+02 +7.973613320e+02
7517 0 +7.850989632e+02 +7.700089632e+02 +7.700089632e+02
8568 0 +7.230649004e+02 +7.079749004e+02 +7.079749004e+02
8917 0 +7.060076720e+02 +6.909176720e+02 +6.909176720e+02
10671 0 +6.783945279e+02 +6.633045279e+02 +6.633045279e+02
11186 0 +6.693098530e+02 +6.542198530e+02 +6.542198530e+02
11200 0 +6.559389316e+02 +6.408489316e+02 +6.408489316e+02
11723 0 +6.216019789e+02 +6.065119789e+02 +6.065119789e+02
12425 0 +6.123675352e+02 +5.972775352e+02 +5.972775352e+02
12938 0 +5.718922780e+02 +5.568022780e+02 +5.568022780e+02
13822 0 +5.544429743e+02 +5.393529743e+02 +5.393529743e+02
14168 0 +5.494452344e+02 +5.343552344e+02 +5.343552344e+02
16262 0 +5.244163209e+02 +5.093263209e+02 +5.093263209e+02
18189 0 +5.040109322e+02 +4.889209322e+02 +4.889209322e+02
18712 0 +4.960587789e+02 +4.809687789e+02 +4.809687789e+02
19595 0 +4.889870857e+02 +4.738970857e+02 +4.738970857e+02
19763 0 +4.619639051e+02 +4.468739051e+02 +4.468739051e+02
21349 0 +4.351748226e+02 +4.200848226e+02 +4.200848226e+02
23088 0 +3.956557686e+02 +3.805657686e+02 +3.805657686e+02
28170 0 +3.855977986e+02 +3.705077986e+02 +3.705077986e+02
29391 0 +3.689629415e+02 +3.538729415e+02 +3.538729415e+02
31322 0 +3.482645917e+02 +3.331745917e+02 +3.331745917e+02
31666 0 +3.301210985e+02 +3.150310985e+02 +3.150310985e+02
34987 0 +3.129081274e+02 +2.978181274e+02 +2.978181274e+02
34999 0 +2.969722787e+02 +2.818822787e+02 +2.818822787e+02
35172 0 +2.855491537e+02 +2.704591537e+02 +2.704591537e+02
35515 0 +2.718838932e+02 +2.567938932e+02 +2.567938932e+02
36391 0 +2.582512522e+02 +2.431612522e+02 +2.431612522e+02
36924 0 +2.512533366e+02 +2.361633366e+02 +2.361633366e+02
37272 0 +2.338237069e+02 +2.187337069e+02 +2.187337069e+02
38497 0 +2.273933635e+02 +2.123033635e+02 +2.123033635e+02
38663 0 +2.163850185e+02 +2.012950185e+02 +2.012950185e+02
39186 0 +1.979704040e+02 +1.828804040e+02 +1.828804040e+02
39886 0 +1.934737042e+02 +1.783837042e+02 +1.783837042e+02
40067 0 +1.904358697e+02 +1.753458697e+02 +1.753458697e+02
40762 0 +1.832237518e+02 +1.681337518e+02 +1.681337518e+02
40768 0 +1.771839542e+02 +1.620939542e+02 +1.620939542e+02
41821 0 +1.713807797e+02 +1.562907797e+02 +1.562907797e+02
42167 0 +1.690378214e+02 +1.539478214e+02 +1.539478214e+02
42867 0 +1.657417433e+02 +1.506517433e+02 +1.506517433e+02
43921 0 +1.606574464e+02 +1.455674464e+02 +1.455674464e+02
44790 0 +1.574504121e+02 +1.423604121e+02 +1.423604121e+02
45666 0 +1.542407087e+02 +1.391507087e+02 +1.391507087e+02
47243 0 +1.491336372e+02 +1.340436372e+02 +1.340436372e+02
47412 0 +1.471217308e+02 +1.320317308e+02 +1.320317308e+02
50568 0 +1.444748799e+02 +1.293848799e+02 +1.293848799e+02
58440 0 +1.411352671e+02 +1.260452671e+02 +1.260452671e+02
% f evaluations | g evaluations | best noise-free fitness - Fopt (-1.583000000000e+02) + sum g_i+ | measured fitness | best measured fitness or single-digit g-values | x1 | x2...
1 0 +1.193159957e+04 +1.177329957e+04 +1.177329957e+04
2 0 +1.104607140e+04 +1.088777140e+04 +1.088777140e+04
3 0 +3.692976013e+03 +3.534676013e+03 +3.534676013e+03
10 0 +3.447448251e+03 +3.289148251e+03 +3.289148251e+03
13 0 +3.150677025e+03 +2.992377025e+03 +2.992377025e+03
81 0 +2.934700010e+03 +2.776400010e+03 +2.776400010e+03
85 0 +2.752189567e+03 +2.593889567e+03 +2.593889567e+03
161 0 +1.345185372e+03 +1.186885372e+03 +1.186885372e+03
166 0 +1.275722523e+03 +1.117422523e+03 +1.117422523e+03
171 0 +1.256521584e+03 +1.098221584e+03 +1.098221584e+03
343 0 +1.210984657e+03 +1.052684657e+03 +1.052684657e+03
861 0 +1.180452079e+03 +1.022152079e+03 +1.022152079e+03
1387 0 +1.154581939e+03 +9.962819393e+02 +9.962819393e+02
1564 0 +1.138209832e+03 +9.799098318e+02 +9.799098318e+02
1571 0 +1.096794024e+03 +9.384940240e+02 +9.384940240e+02
1742 0 +1.078259253e+03 +9.199592527e+02 +9.199592527e+02
2095 0 +1.043603902e+03 +8.853039021e+02 +8.853039021e+02
3323 0 +1.018669770e+03 +8.603697697e+02 +8.603697697e+02
3490 0 +9.872504265e+02 +8.289504265e+02 +8.289504265e+02
4546 0 +9.716055598e+02 +8.133055598e+02 +8.133055598e+02
4717 0 +9.390206696e+02 +7.807206696e+02 +7.807206696e+02
6115 0 +9.238540237e+02 +7.655540237e+02 +7.655540237e+02
6474 0 +9.087878349e+02 +7.504878349e+02 +7.504878349e+02
6987 0 +8.312928842e+02 +6.729928842e+02 +6.729928842e+02
9786 0 +8.118785467e+02 +6.535785467e+02 +6.535785467e+02
10149 0 +7.628055513e+02 +6.045055513e+02 +6.045055513e+02
12240 0 +7.389955492e+02 +5.806955492e+02 +5.806955492e+02
13298 0 +6.829254832e+02 +5.246254832e+02 +5.246254832e+02
14512 0 +6.702896605e+02 +5.119896605e+02 +5.119896605e+02
16272 0 +6.469896007e+02 +4.886896007e+02 +4.886896007e+02
16445 0 +6.427283695e+02 +4.844283695e+02 +4.844283695e+02
18020 0 +6.126035385e+02 +4.543035385e+02 +4.543035385e+02
20293 0 +5.747956960e+02 +4.164956960e+02 +4.164956960e+02
21691 0 +5.520212335e+02 +3.937212335e+02 +3.937212335e+02
22920 0 +5.218754388e+02 +3.635754388e+02 +3.635754388e+02
24142 0 +4.611519547e+02 +3.028519547e+02 +3.028519547e+02
25725 0 +4.493624027e+02 +2.910624027e+02 +2.910624027e+02
26425 0 +4.426989120e+02 +2.843989120e+02 +2.843989120e+02
26771 0 +4.351765822e+02 +2.768765822e+02 +2.768765822e+02
27111 0 +4.149313064e+02 +2.566313064e+02 +2.566313064e+02
29921 0 +4.041232406e+02 +2.458232406e+02 +2.458232406e+02
31143 0 +3.946767403e+02 +2.363767403e+02 +2.363767403e+02
32368 0 +3.878659461e+02 +2.295659461e+02 +2.295659461e+02
32890 0 +3.780440920e+02 +2.197440920e+02 +2.197440920e+02
36387 0 +3.695660233e+02 +2.112660233e+02 +2.112660233e+02
39890 0 +3.629612918e+02 +2.046612918e+02 +2.046612918e+02
47243 0 +3.547717815e+02 +1.964717815e+02 +1.964717815e+02
% f evaluations | g evaluations | best noise-free fitness - Fopt (-4.071000000000e+01) + sum g_i+ | measured fitness | best measured fitness or single-digit g-values | x1 | x2...
1 0 +6.254837668e+03 +6.214127668e+03 +6.214127668e+03
26 0 +3.436308497e+03 +3.395598497e+03 +3.395598497e+03
43 0 +3.245107720e+03 +3.204397720e+03 +3.204397720e+03
102 0 +2.769253698e+03 +2.728543698e+03 +2.728543698e+03
161 0 +1.248466979e+03 +1.207756979e+03 +1.207756979e+03
162 0 +1.184787844e+03 +1.144077844e+03 +1.144077844e+03
164 0 +1.104319412e+03 +1.063609412e+03 +1.063609412e+03
165 0 +1.065633664e+03 +1.024923664e+03 +1.024923664e+03
693 0 +1.041922787e+03 +1.001212787e+03 +1.001212787e+03
1045 0 +1.012152984e+03 +9.714429838e+02 +9.714429838e+02
1220 0 +9.753241660e+02 +9.346141660e+02 +9.346141660e+02
1389 0 +8.886828015e+02 +8.479728015e+02 +8.479728015e+02
3140 0 +8.588250453e+02 +8.181150453e+02 +8.181150453e+02
4368 0 +8.272833288e+02 +7.865733288e+02 +7.865733288e+02
4712 0 +7.999846895e+02 +7.592746895e+02 +7.592746895e+02
4899 0 +7.769114927e+02 +7.362014927e+02 +7.362014927e+02
5765 0 +7.725898677e+02 +7.318798677e+02 +7.318798677e+02
5938 0 +7.543821738e+02 +7.136721738e+02 +7.136721738e+02
5949 0 +7.309113636e+02 +6.902013636e+02 +6.902013636e+02
6300 0 +7.100623924e+02 +6.693523924e+02 +6.693523924e+02
8036 0 +7.024512756e+02 +6.617412756e+02 +6.617412756e+02
8215 0 +6.890190865e+02 +6.483090865e+02 +6.483090865e+02
9786 0 +6.706268450e+02 +6.299168450e+02 +6.299168450e+02
10839 0 +6.086127519e+02 +5.679027519e+02 +5.679027519e+02
10848 0 +5.822765384e+02 +5.415665384e+02 +5.415665384e+02
16786 0 +5.355304538e+02 +4.948204538e+02 +4.948204538e+02
20636 0 +4.930875449e+02 +4.523775449e+02 +4.523775449e+02
21513 0 +4.723282161e+02 +4.316182161e+02 +4.316182161e+02
22741 0 +4.594508501e+02 +4.187408501e+02 +4.187408501e+02
22924 0 +4.506442761e+02 +4.099342761e+02 +4.099342761e+02
23094 0 +4.360056747e+02 +3.952956747e+02 +3.952956747e+02
25373 0 +4.193537308e+02 +3.786437308e+02 +3.786437308e+02
25715 0 +4.070270221e+02 +3.663170221e+02 +3.663170221e+02
26775 0 +3.970911186e+02 +3.563811186e+02 +3.563811186e+02
27115 0 +3.830914542e+02 +3.423814542e+02 +3.423814542e+02
27812 0 +3.793524458e+02 +3.386424458e+02 +3.386424458e+02
27986 0 +3.677758170e+02 +3.270658170e+02 +3.270658170e+02
28342 0 +3.624101388e+02 +3.217001388e+02 +3.217001388e+02
28864 0 +3.546112598e+02 +3.139012598e+02 +3.139012598e+02
29736 0 +3.456788654e+02 +3.049688654e+02 +3.049688654e+02
31661 0 +3.369615927e+02 +2.962515927e+02 +2.962515927e+02
34287 0 +3.303757290e+02 +2.896657290e+02 +2.896657290e+02
37089 0 +3.235703669e+02 +2.828603669e+02 +2.828603669e+02
57924 0 +3.162077849e+02 +2.754977849e+02 +2.754977849e+02
% f evaluations | g evaluations | best noise-free fitness - Fopt (8.139000000000e+01) + sum g_i+ | measured fitness | best measured fitness or single-digit g-values | x1 | x2...
1 0 +6.008618421e+03 +6.090008421e+03 +6.090008421e+03
9 0 +4.638573715e+03 +4.719963715e+03 +4.719963715e+03
25 0 +4.252118432e+03 +4.333508432e+03 +4.333508432e+03
44 0 +3.872926613e+03 +3.954316613e+03 +3.954316613e+03
115 0 +2.746998997e+03 +2.828388997e+03 +2.828388997e+03
161 0 +1.216699351e+03 +1.298089351e+03 +1.298089351e+03
165 0 +1.181744210e+03 +1.263134210e+03 +1.263134210e+03
171 0 +1.162185622e+03 +1.243575622e+03 +1.243575622e+03
699 0 +1.133460460e+03 +1.214850460e+03 +1.214850460e+03
874 0 +1.108220276e+03 +1.189610276e+03 +1.189610276e+03
1039 0 +1.051900484e+03 +1.133290484e+03 +1.133290484e+03
1218 0 +1.035573681e+03 +1.116963681e+03 +1.116963681e+03
3490 0 +9.709172272e+02 +1.052307227e+03 +1.052307227e+03
4022 0 +9.399517576e+02 +1.021341758e+03 +1.021341758e+03
4364 0 +9.231417330e+02 +1.004531733e+03 +1.004531733e+03
5414 0 +8.792918374e+02 +9.606818374e+02 +9.606818374e+02
5588 0 +8.372272957e+02 +9.186172957e+02 +9.186172957e+02
6291 0 +7.793532826e+02 +8.607432826e+02 +8.607432826e+02
6636 0 +7.687576307e+02 +8.501476307e+02 +8.501476307e+02
7163 0 +7.294746178e+02 +8.108646178e+02 +8.108646178e+02
7696 0 +7.100886758e+02 +7.914786758e+02 +7.914786758e+02
7867 0 +7.024793437e+02 +7.838693437e+02 +7.838693437e+02
8211 0 +6.449193835e+02 +7.263093835e+02 +7.263093835e+02
9444 0 +6.133493862e+02 +6.947393862e+02 +6.947393862e+02
9611 0 +5.641880580e+02 +6.455780580e+02 +6.455780580e+02
10493 0 +5.550513318e+02 +6.364413318e+02 +6.364413318e+02
10664 0 +5.352715818e+02 +6.166615818e+02 +6.166615818e+02
11363 0 +5.153855457e+02 +5.967755457e+02 +5.967755457e+02
12771 0 +4.989409150e+02 +5.803309150e+02 +5.803309150e+02
13647 0 +4.885555320e+02 +5.699455320e+02 +5.699455320e+02
15918 0 +4.014899945e+02 +4.828799945e+02 +4.828799945e+02
17499 0 +3.951733757e+02 +4.765633757e+02 +4.765633757e+02
25895 0 +3.600634435e+02 +4.414534435e+02 +4.414534435e+02
26762 0 +3.471626716e+02 +4.285526716e+02 +4.285526716e+02
27646 0 +3.319688026e+02 +4.133588026e+02 +4.133588026e+02
29923 0 +3.257950337e+02 +4.071850337e+02 +4.071850337e+02
31137 0 +3.222744988e+02 +4.036644988e+02 +4.036644988e+02
31314 0 +3.157061320e+02 +3.970961320e+02 +3.970961320e+02
34114 0 +2.837160583e+02 +3.651060583e+02 +3.651060583e+02
34986 0 +2.783746951e+02 +3.597646951e+02 +3.597646951e+02
35516 0 +2.678326980e+02 +3.492226980e+02 +3.492226980e+02
36736 0 +2.510508584e+02 +3.324408584e+02 +3.324408584e+02
37088 0 +2.302055085e+02 +3.115955085e+02 +3.115955085e+02
37273 0 +2.242090351e+02 +3.055990351e+02 +3.055990351e+02
38318 0 +2.219610957e+02 +3.033510957e+02 +3.033510957e+02
39371 0 +2.163227977e+02 +2.977127977e+02 +2.977127977e+02
39714 0 +1.977620455e+02 +2.791520455e+02 +2.791520455e+02
40244 0 +1.707146341e+02 +2.521046341e+02 +2.521046341e+02
40596 0 +1.687824681e+02 +2.501724681e+02 +2.501724681e+02
41643 0 +1.513839350e+02 +2.327739350e+02 +2.327739350e+02
43393 0 +1.491221623e+02 +2.305121623e+02 +2.305121623e+02
44971 0 +1.419386874e+02 +2.233286874e+02 +2.233286874e+02
45136 0 +1.351946220e+02 +2.165846220e+02 +2.165846220e+02
45140 0 +1.305316132e+02 +2.119216132e+02 +2.119216132e+02
45143 0 +1.278743173e+02 +2.092643173e+02 +2.092643173e+02
46363 0 +1.240059582e+02 +2.053959582e+02 +2.053959582e+02
46370 0 +1.198831870e+02 +2.012731870e+02 +2.012731870e+02
47064 0 +1.170480138e+02 +1.984380138e+02 +1.984380138e+02
47073 0 +1.118504718e+02 +1.932404718e+02 +1.932404718e+02
49161 0 +1.088301923e+02 +1.902201923e+02 +1.902201923e+02
49690 0 +1.071006438e+02 +1.884906438e+02 +1.884906438e+02
51617 0 +1.040701894e+02 +1.854601894e+02 +1.854601894e+02
52838 0 +1.019798349e+02 +1.833698349e+02 +1.833698349e+02
56172 0 +9.986841727e+01 +1.812584173e+02 +1.812584173e+02
77512 0 +9.772234373e+01 +1.791123437e+02 +1.791123437e+02
% f evaluations | g evaluations | best noise-free fitness - Fopt (4.144000000000e+01) + sum g_i+ | measured fitness | best measured fitness or single-digit g-values | x1 | x2...
1 0 +9.960799424e+03 +1.000223942e+04 +1.000223942e+04
2 0 +2.593124256e+03 +2.634564256e+03 +2.634564256e+03
53 0 +2.484798905e+03 +2.526238905e+03 +2.526238905e+03
161 0 +9.790197865e+02 +1.020459787e+03 +1.020459787e+03
163 0 +8.759397555e+02 +9.173797555e+02 +9.173797555e+02
168 0 +8.659167344e+02 +9.073567344e+02 +9.073567344e+02
350 0 +8.474539609e+02 +8.888939609e+02 +8.888939609e+02
870 0 +8.153156870e+02 +8.567556870e+02 +8.567556870e+02
873 0 +8.026758297e+02 +8.441158297e+02 +8.441158297e+02
1221 0 +7.493305046e+02 +7.907705046e+02 +7.907705046e+02
4188 0 +7.212758145e+02 +7.627158145e+02 +7.627158145e+02
4362 0 +6.946002516e+02 +7.360402516e+02 +7.360402516e+02
5073 0 +6.628832312e+02 +7.043232312e+02 +7.043232312e+02
6468 0 +6.463273427e+02 +6.877673427e+02 +6.877673427e+02
7873 0 +6.452224157e+02 +6.866624157e+02 +6.866624157e+02
8398 0 +6.274861131e+02 +6.689261131e+02 +6.689261131e+02
9622 0 +6.153315551e+02 +6.567715551e+02 +6.567715551e+02
10491 0 +6.020096587e+02 +6.434496587e+02 +6.434496587e+02
11368 0 +5.388824222e+02 +5.803224222e+02 +5.803224222e+02
11899 0 +5.177618906e+02 +5.592018906e+02 +5.592018906e+02
14511 0 +5.122466317e+02 +5.536866317e+02 +5.536866317e+02
16442 0 +4.721201013e+02 +5.135601013e+02 +5.135601013e+02
18011 0 +4.374962559e+02 +4.789362559e+02 +4.789362559e+02
18015 0 +4.300153924e+02 +4.714553924e+02 +4.714553924e+02
20646 0 +4.177940846e+02 +4.592340846e+02 +4.592340846e+02
22737 0 +4.073160642e+02 +4.487560642e+02 +4.487560642e+02
24148 0 +3.909543967e+02 +4.323943967e+02 +4.323943967e+02
24487 0 +3.848582432e+02 +4.262982432e+02 +4.262982432e+02
24662 0 +3.726511913e+02 +4.140911913e+02 +4.140911913e+02
24848 0 +3.630094631e+02 +4.044494631e+02 +4.044494631e+02
25362 0 +3.338834177e+02 +3.753234177e+02 +3.753234177e+02
26590 0 +3.297516430e+02 +3.711916430e+02 +3.711916430e+02
27113 0 +3.039019139e+02 +3.453419139e+02 +3.453419139e+02
28868 0 +2.989128616e+02 +3.403528616e+02 +3.403528616e+02
28872 0 +2.889994268e+02 +3.304394268e+02 +3.304394268e+02
29225 0 +2.844232163e+02 +3.258632163e+02 +3.258632163e+02
29390 0 +2.783316242e+02 +3.197716242e+02 +3.197716242e+02
30625 0 +2.510057013e+02 +2.924457013e+02 +2.924457013e+02
32361 0 +2.403947080e+02 +2.818347080e+02 +2.818347080e+02
32886 0 +2.276842953e+02 +2.691242953e+02 +2.691242953e+02
33244 0 +2.223799782e+02 +2.638199782e+02 +2.638199782e+02
33423 0 +2.172028117e+02 +2.586428117e+02 +2.586428117e+02
33949 0 +2.090381289e+02 +2.504781289e+02 +2.504781289e+02
35347 0 +2.034988650e+02 +2.449388650e+02 +2.449388650e+02
37087 0 +1.987671296e+02 +2.402071296e+02 +2.402071296e+02
37093 0 +1.946914480e+02 +2.361314480e+02 +2.361314480e+02
38673 0 +1.897458156e+02 +2.311858156e+02 +2.311858156e+02
39193 0 +1.847380684e+02 +2.261780684e+02 +2.261780684e+02
40245 0 +1.810133754e+02 +2.224533754e+02 +2.224533754e+02
42862 0 +1.773473135e+02 +2.187873135e+02 +2.187873135e+02
45486 0 +1.736101231e+02 +2.150501231e+02 +2.150501231e+02
49513 0 +1.696043039e+02 +2.110443039e+02 +2.110443039e+02
57569 0 +1.659555602e+02 +2.073955602e+02 +2.073955602e+02
% f evaluations | g evaluations | best noise-free fitness - Fopt (-2.709000000000e+01) + sum g_i+ | measured fitness | best measured fitness or single-digit g-values | x1 | x2...
1 0 +1.976522689e+04 +1.973813689e+04 +1.973813689e+04
2 0 +1.183474201e+04 +1.180765201e+04 +1.180765201e+04
3 0 +7.576784320e+03 +7.549694320e+03 +7.549694320e+03
7 0 +4.833566384e+03 +4.806476384e+03 +4.806476384e+03
13 0 +4.589464480e+03 +4.562374480e+03 +4.562374480e+03
21 0 +3.988553740e+03 +3.961463740e+03 +3.961463740e+03
34 0 +3.809895811e+03 +3.782805811e+03 +3.782805811e+03
87 0 +2.990119660e+03 +2.963029660e+03 +2.963029660e+03
161 0 +1.145417872e+03 +1.118327872e+03 +1.118327872e+03
163 0 +1.118179726e+03 +1.091089726e+03 +1.091089726e+03
343 0 +1.075399600e+03 +1.048309600e+03 +1.048309600e+03
346 0 +1.055690994e+03 +1.028600994e+03 +1.028600994e+03
524 0 +1.018960493e+03 +9.918704934e+02 +9.918704934e+02
1914 0 +9.994152477e+02 +9.723252477e+02 +9.723252477e+02
2448 0 +9.712390761e+02 +9.441490761e+02 +9.441490761e+02
2800 0 +9.473947353e+02 +9.203047353e+02 +9.203047353e+02
2964 0 +9.254146133e+02 +8.983246133e+02 +8.983246133e+02
3313 0 +8.985043018e+02 +8.714143018e+02 +8.714143018e+02
3488 0 +8.892486076e+02 +8.621586076e+02 +8.621586076e+02
3671 0 +8.563302479e+02 +8.292402479e+02 +8.292402479e+02
3842 0 +8.330626252e+02 +8.059726252e+02 +8.059726252e+02
4015 0 +7.948150578e+02 +7.677250578e+02 +7.677250578e+02
4193 0 +7.858229861e+02 +7.587329861e+02 +7.587329861e+02
4543 0 +7.688415569e+02 +7.417515569e+02 +7.417515569e+02
4711 0 +7.279088927e+02 +7.008188927e+02 +7.008188927e+02
6986 0 +7.114164316e+02 +6.843264316e+02 +6.843264316e+02
7339 0 +7.076685655e+02 +6.805785655e+02 +6.805785655e+02
8042 0 +6.836559437e+02 +6.565659437e+02 +6.565659437e+02
8225 0 +6.517176157e+02 +6.246276157e+02 +6.246276157e+02
8571 0 +6.440392398e+02 +6.169492398e+02 +6.169492398e+02
9786 0 +6.127482694e+02 +5.856582694e+02 +5.856582694e+02
9970 0 +5.962678735e+02 +5.691778735e+02 +5.691778735e+02
10839 0 +5.812036145e+02 +5.541136145e+02 +5.541136145e+02
11362 0 +5.425868137e+02 +5.154968137e+02 +5.154968137e+02
15038 0 +5.077925908e+02 +4.807025908e+02 +4.807025908e+02
16092 0 +4.794880246e+02 +4.523980246e+02 +4.523980246e+02
17486 0 +4.784383570e+02 +4.513483570e+02 +4.513483570e+02
17839 0 +4.583097155e+02 +4.312197155e+02 +4.312197155e+02
19244 0 +4.353716057e+02 +4.082816057e+02 +4.082816057e+02
21521 0 +4.213876180e+02 +3.942976180e+02 +3.942976180e+02
23797 0 +4.080779069e+02 +3.809879069e+02 +3.809879069e+02
23966 0 +3.725699924e+02 +3.454799924e+02 +3.454799924e+02
27294 0 +3.486620196e+02 +3.215720196e+02 +3.215720196e+02
32014 0 +3.283478754e+02 +3.012578754e+02 +3.012578754e+02
32900 0 +2.873044845e+02 +2.602144845e+02 +2.602144845e+02
35337 0 +2.809669870e+02 +2.538769870e+02 +2.538769870e+02
36391 0 +2.701950747e+02 +2.431050747e+02 +2.431050747e+02
36398 0 +2.433043650e+02 +2.162143650e+02 +2.162143650e+02
36917 0 +2.391935918e+02 +2.121035918e+02 +2.121035918e+02
37446 0 +2.294699867e+02 +2.023799867e+02 +2.023799867e+02
37795 0 +2.269290905e+02 +1.998390905e+02 +1.998390905e+02
38141 0 +2.132698122e+02 +1.861798122e+02 +1.861798122e+02
38499 0 +2.079600499e+02 +1.808700499e+02 +1.808700499e+02
39188 0 +1.982504305e+02 +1.711604305e+02 +1.711604305e+02
39193 0 +1.921044794e+02 +1.650144794e+02 +1.650144794e+02
39545 0 +1.820211457e+02 +1.549311457e+02 +1.549311457e+02
39890 0 +1.775262647e+02 +1.504362647e+02 +1.504362647e+02
40595 0 +1.697362563e+02 +1.426462563e+02 +1.426462563e+02
40949 0 +1.600113251e+02 +1.329213251e+02 +1.329213251e+02
42346 0 +1.519632238e+02 +1.248732238e+02 +1.248732238e+02
42690 0 +1.502659777e+02 +1.231759777e+02 +1.231759777e+02
43221 0 +1.478220642e+02 +1.207320642e+02 +1.207320642e+02
44445 0 +1.441022212e+02 +1.170122212e+02 +1.170122212e+02
45311 0 +1.407790892e+02 +1.136890892e+02 +1.136890892e+02
46892 0 +1.373943767e+02 +1.103043767e+02 +1.103043767e+02
47595 0 +1.345109017e+02 +1.074209017e+02 +1.074209017e+02
53361 0 +1.315628953e+02 +1.044728953e+02 +1.044728953e+02
60543 0 +1.287924563e+02 +1.017024563e+02 +1.017024563e+02
% f evaluations | g evaluations | best noise-free fitness - Fopt (5.175000000000e+01) + sum g_i+ | measured fitness | best measured fitness or single-digit g-values | x1 | x2...
1 0 +3.002430043e+04 +3.007605043e+04 +3.007605043e+04
2 0 +5.564117273e+03 +5.615867273e+03 +5.615867273e+03
22 0 +5.462469315e+03 +5.514219315e+03 +5.514219315e+03
43 0 +5.234328220e+03 +5.286078220e+03 +5.286078220e+03
88 0 +5.126076232e+03 +5.177826232e+03 +5.177826232e+03
156 0 +4.178903023e+03 +4.230653023e+03 +4.230653023e+03
161 0 +1.038669831e+03 +1.090419831e+03 +1.090419831e+03
164 0 +9.925211967e+02 +1.044271197e+03 +1.044271197e+03
340 0 +9.734248430e+02 +1.025174843e+03 +1.025174843e+03
514 0 +9.300027365e+02 +9.817527365e+02 +9.817527365e+02
523 0 +8.849680323e+02 +9.367180323e+02 +9.367180323e+02
1575 0 +8.659960465e+02 +9.177460465e+02 +9.177460465e+02
1746 0 +8.500862044e+02 +9.018362044e+02 +9.018362044e+02
3498 0 +8.161893399e+02 +8.679393399e+02 +8.679393399e+02
4189 0 +7.921699233e+02 +8.439199233e+02 +8.439199233e+02
4369 0 +7.731682915e+02 +8.249182915e+02 +8.249182915e+02
6118 0 +7.536118618e+02 +8.053618618e+02 +8.053618618e+02
6295 0 +7.382964694e+02 +7.900464694e+02 +7.900464694e+02
7164 0 +7.195199264e+02 +7.712699264e+02 +7.712699264e+02
7341 0 +6.996516162e+02 +7.514016162e+02 +7.514016162e+02
7869 0 +6.884886583e+02 +7.402386583e+02 +7.402386583e+02
7875 0 +6.518098368e+02 +7.035598368e+02 +7.035598368e+02
9968 0 +6.364967262e+02 +6.882467262e+02 +6.882467262e+02
12246 0 +6.205185357e+02 +6.722685357e+02 +6.722685357e+02
12587 0 +6.159838823e+02 +6.677338823e+02 +6.677338823e+02
12766 0 +5.864899709e+02 +6.382399709e+02 +6.382399709e+02
13463 0 +5.647853466e+02 +6.165353466e+02 +6.165353466e+02
14172 0 +5.611427139e+02 +6.128927139e+02 +6.128927139e+02
14693 0 +5.393473437e+02 +5.910973437e+02 +5.910973437e+02
14697 0 +5.215143080e+02 +5.732643080e+02 +5.732643080e+02
14861 0 +5.094075288e+02 +5.611575288e+02 +5.611575288e+02
17489 0 +4.657535441e+02 +5.175035441e+02 +5.175035441e+02
19064 0 +4.476068259e+02 +4.993568259e+02 +4.993568259e+02
20114 0 +4.459134115e+02 +4.976634115e+02 +4.976634115e+02
20643 0 +4.258415127e+02 +4.775915127e+02 +4.775915127e+02
21865 0 +4.110937940e+02 +4.628437940e+02 +4.628437940e+02
22386 0 +4.066869361e+02 +4.584369361e+02 +4.584369361e+02
22925 0 +3.972102355e+02 +4.489602355e+02 +4.489602355e+02
24492 0 +3.889564565e+02 +4.407064565e+02 +4.407064565e+02
25370 0 +3.799326699e+02 +4.316826699e+02 +4.316826699e+02
29212 0 +3.708587651e+02 +4.226087651e+02 +4.226087651e+02
% f evaluations | g evaluations | best noise-free fitness - Fopt (-5.541400000000e+02) + sum g_i+ | measured fitness | best measured fitness or single-digit g-values | x1 | x2...
1 0 +2.690660329e+04 +2.635246329e+04 +2.635246329e+04
2 0 +3.236140860e+03 +2.682000860e+03 +2.682000860e+03
28 0 +2.596635789e+03 +2.042495789e+03 +2.042495789e+03
119 0 +2.502490940e+03 +1.948350940e+03 +1.948350940e+03
161 0 +1.198334692e+03 +6.441946922e+02 +6.441946922e+02
163 0 +1.145874950e+03 +5.917349505e+02 +5.917349505e+02
167 0 +1.119607517e+03 +5.654675171e+02 +5.654675171e+02
171 0 +1.096061930e+03 +5.419219304e+02 +5.419219304e+02
337 0 +1.059068426e+03 +5.049284264e+02 +5.049284264e+02
694 0 +1.036360000e+03 +4.822200001e+02 +4.822200001e+02
868 0 +1.014219578e+03 +4.600795777e+02 +4.600795777e+02
1047 0 +9.976460124e+02 +4.435060124e+02 +4.435060124e+02
1211 0 +9.484619035e+02 +3.943219035e+02 +3.943219035e+02
2096 0 +9.266756926e+02 +3.725356926e+02 +3.725356926e+02
2788 0 +9.092291493e+02 +3.550891493e+02 +3.550891493e+02
2964 0 +8.887683484e+02 +3.346283484e+02 +3.346283484e+02
3146 0 +8.616158275e+02 +3.074758275e+02 +3.074758275e+02
3487 0 +8.470773475e+02 +2.929373475e+02 +2.929373475e+02
3670 0 +8.283468801e+02 +2.742068801e+02 +2.742068801e+02
3846 0 +8.050863172e+02 +2.509463172e+02 +2.509463172e+02
4366 0 +7.715992723e+02 +2.174592723e+02 +2.174592723e+02
5411 0 +7.404859794e+02 +1.863459794e+02 +1.863459794e+02
5771 0 +7.013840162e+02 +1.472440162e+02 +1.472440162e+02
6117 0 +6.793094809e+02 +1.251694809e+02 +1.251694809e+02
7868 0 +6.403647074e+02 +8.622470738e+01 +8.622470738e+01
8036 0 +6.281917417e+02 +7.405174167e+01 +7.405174167e+01
8391 0 +6.162676068e+02 +6.212760675e+01 +6.212760675e+01
8744 0 +5.958322708e+02 +4.169227081e+01 +4.169227081e+01
8925 0 +5.875054553e+02 +3.336545529e+01 +3.336545529e+01
9273 0 +5.236175470e+02 -3.052245301e+01 -3.052245301e+01
54072 0 +4.906092242e+02 -6.353077581e+01 -6.353077581e+01
% f evaluations | g evaluations | best noise-free fitness - Fopt (1.774000000000e+01) + sum g_i+ | measured fitness | best measured fitness or single-digit g-values | x1 | x2...
1 0 +1.219248215e+04 +1.221022215e+04 +1.221022215e+04
2 0 +7.044631147e+03 +7.062371147e+03 +7.062371147e+03
6 0 +4.187807322e+03 +4.205547322e+03 +4.205547322e+03
24 0 +3.632533331e+03 +3.650273331e+03 +3.650273331e+03
73 0 +3.345885702e+03 +3.363625702e+03 +3.363625702e+03
79 0 +2.449735509e+03 +2.467475509e+03 +2.467475509e+03
161 0 +1.123424811e+03 +1.141164811e+03 +1.141164811e+03
169 0 +1.097437450e+03 +1.115177450e+03 +1.115177450e+03
173 0 +1.093866754e+03 +1.111606754e+03 +1.111606754e+03
350 0 +1.054682365e+03 +1.072422365e+03 +1.072422365e+03
518 0 +1.044046686e+03 +1.061786686e+03 +1.061786686e+03
523 0 +9.908623671e+02 +1.008602367e+03 +1.008602367e+03
1394 0 +9.496519344e+02 +9.673919344e+02 +9.673919344e+02
2092 0 +8.826048812e+02 +9.003448812e+02 +9.003448812e+02
3849 0 +8.649592953e+02 +8.826992953e+02 +8.826992953e+02
4014 0 +8.207069409e+02 +8.384469409e+02 +8.384469409e+02
4896 0 +8.124118264e+02 +8.301518264e+02 +8.301518264e+02
5416 0 +7.739518510e+02 +7.916918510e+02 +7.916918510e+02
5592 0 +7.450880600e+02 +7.628280600e+02 +7.628280600e+02
6646 0 +7.374774910e+02 +7.552174910e+02 +7.552174910e+02
6814 0 +6.928429111e+02 +7.105829111e+02 +7.105829111e+02
7168 0 +6.743421883e+02 +6.920821883e+02 +6.920821883e+02
7514 0 +6.275126841e+02 +6.452526841e+02 +6.452526841e+02
7871 0 +6.000389870e+02 +6.177789870e+02 +6.177789870e+02
8387 0 +5.508338273e+02 +5.685738273e+02 +5.685738273e+02
9265 0 +4.939913358e+02 +5.117313358e+02 +5.117313358e+02
11014 0 +4.817783472e+02 +4.995183472e+02 +4.995183472e+02
11550 0 +4.582297577e+02 +4.759697577e+02 +4.759697577e+02
16261 0 +4.567696965e+02 +4.745096965e+02 +4.745096965e+02
16791 0 +4.355544598e+02 +4.532944598e+02 +4.532944598e+02
17673 0 +4.210944793e+02 +4.388344793e+02 +4.388344793e+02
18366 0 +3.830605348e+02 +4.008005348e+02 +4.008005348e+02
19236 0 +3.746945778e+02 +3.924345778e+02 +3.924345778e+02
20473 0 +3.653919296e+02 +3.831319296e+02 +3.831319296e+02
20811 0 +3.197415601e+02 +3.374815601e+02 +3.374815601e+02
24842 0 +2.916532463e+02 +3.093932463e+02 +3.093932463e+02
26071 0 +2.778292491e+02 +2.955692491e+02 +2.955692491e+02
26766 0 +2.699843503e+02 +2.877243503e+02 +2.877243503e+02
26939 0 +2.636058273e+02 +2.813458273e+02 +2.813458273e+02
27119 0 +2.485772112e+02 +2.663172112e+02 +2.663172112e+02
27300 0 +2.441145230e+02 +2.618545230e+02 +2.618545230e+02
27466 0 +2.353662929e+02 +2.531062929e+02 +2.531062929e+02
28343 0 +2.334675284e+02 +2.512075284e+02 +2.512075284e+02
28696 0 +2.199342697e+02 +2.376742697e+02 +2.376742697e+02
29038 0 +2.151499951e+02 +2.328899951e+02 +2.328899951e+02
29222 0 +2.058923812e+02 +2.236323812e+02 +2.236323812e+02
29738 0 +2.012593340e+02 +2.189993340e+02 +2.189993340e+02
29923 0 +1.989007358e+02 +2.166407358e+02 +2.166407358e+02
30261 0 +1.938604549e+02 +2.116004549e+02 +2.116004549e+02
30613 0 +1.886210593e+02 +2.063610593e+02 +2.063610593e+02
30621 0 +1.817560775e+02 +1.994960775e+02 +1.994960775e+02
32186 0 +1.757606901e+02 +1.935006901e+02 +1.935006901e+02
32713 0 +1.679914956e+02 +1.857314956e+02 +1.857314956e+02
34289 0 +1.640013375e+02 +1.817413375e+02 +1.817413375e+02
34471 0 +1.611023089e+02 +1.788423089e+02 +1.788423089e+02
35688 0 +1.582451517e+02 +1.759851517e+02 +1.759851517e+02
36572 0 +1.546297989e+02 +1.723697989e+02 +1.723697989e+02
38492 0 +1.495851413e+02 +1.673251413e+02 +1.673251413e+02
39714 0 +1.473277928e+02 +1.650677928e+02 +1.650677928e+02
42517 0 +1.444481980e+02 +1.621881980e+02 +1.621881980e+02
50046 0 +1.412333876e+02 +1.589733876e+02 +1.589733876e+02
