% f evaluations | g evaluations | best noise-free fitness - Fopt (7.135000000000e+01) + sum g_i+ | measured fitness | best measured fitness or single-digit g-values | x1 | x2...
1 0 +8.829953921e+01 +1.596495392e+02 +1.596495392e+02
2 0 +6.832316682e+01 +1.396731668e+02 +1.396731668e+02
7 0 +5.661739104e+01 +1.279673910e+02 +1.279673910e+02
46 0 +4.560473104e+01 +1.169547310e+02 +1.169547310e+02
1463 0 +4.282267293e+01 +1.141726729e+02 +1.141726729e+02
2142 0 +4.141802840e+01 +1.127680284e+02 +1.127680284e+02
2144 0 +3.871820586e+01 +1.100682059e+02 +1.100682059e+02
2208 0 +3.332222618e+01 +1.046722262e+02 +1.046722262e+02
2216 0 +3.114607308e+01 +1.024960731e+02 +1.024960731e+02
2457 0 +3.077805731e+01 +1.021280573e+02 +1.021280573e+02
2463 0 +2.997106850e+01 +1.013210685e+02 +1.013210685e+02
2474 0 +2.706249197e+01 +9.841249197e+01 +9.841249197e+01
2499 0 +2.404297207e+01 +9.539297207e+01 +9.539297207e+01
2666 0 +2.298004568e+01 +9.433004568e+01 +9.433004568e+01
2667 0 +2.095181560e+01 +9.230181560e+01 +9.230181560e+01
2766 0 +1.955000696e+01 +9.090000696e+01 +9.090000696e+01
2809 0 +1.777493424e+01 +8.912493424e+01 +8.912493424e+01
2821 0 +1.734277074e+01 +8.869277074e+01 +8.869277074e+01
2826 0 +1.518777167e+01 +8.653777167e+01 +8.653777167e+01
2897 0 +1.499086953e+01 +8.634086953e+01 +8.634086953e+01
2914 0 +1.400371801e+01 +8.535371801e+01 +8.535371801e+01
3042 0 +1.343479860e+01 +8.478479860e+01 +8.478479860e+01
3054 0 +1.298191819e+01 +8.433191819e+01 +8.433191819e+01
3086 0 +1.256847442e+01 +8.391847442e+01 +8.391847442e+01
3133 0 +1.209334989e+01 +8.344334989e+01 +8.344334989e+01
3191 0 +1.074750046e+01 +8.209750046e+01 +8.209750046e+01
3278 0 +9.595620187e+00 +8.094562019e+01 +8.094562019e+01
3308 0 +9.331028622e+00 +8.068102862e+01 +8.068102862e+01
3388 0 +8.840508024e+00 +8.019050802e+01 +8.019050802e+01
3621 0 +8.452583855e+00 +7.980258386e+01 +7.980258386e+01
3635 0 +7.821906375e+00 +7.917190638e+01 +7.917190638e+01
3841 0 +7.574935991e+00 +7.892493599e+01 +7.892493599e+01
3908 0 +7.242532683e+00 +7.859253268e+01 +7.859253268e+01
3935 0 +6.988030362e+00 +7.833803036e+01 +7.833803036e+01
3936 0 +6.614631769e+00 +7.796463177e+01 +7.796463177e+01
4060 0 +6.491921135e+00 +7.784192113e+01 +7.784192113e+01
4170 0 +6.445893673e+00 +7.779589367e+01 +7.779589367e+01
4279 0 +6.257126771e+00 +7.760712677e+01 +7.760712677e+01
4390 0 +6.162751021e+00 +7.751275102e+01 +7.751275102e+01
4459 0 +5.907098239e+00 +7.725709824e+01 +7.725709824e+01
4473 0 +5.750079793e+00 +7.710007979e+01 +7.710007979e+01
4626 0 +5.522022747e+00 +7.687202275e+01 +7.687202275e+01
4722 0 +5.415180986e+00 +7.676518099e+01 +7.676518099e+01
4795 0 +5.330531910e+00 +7.668053191e+01 +7.668053191e+01
4878 0 +5.232193200e+00 +7.658219320e+01 +7.658219320e+01
5076 0 +5.095121546e+00 +7.644512155e+01 +7.644512155e+01
5182 0 +5.009211796e+00 +7.635921180e+01 +7.635921180e+01
5432 0 +4.868199864e+00 +7.621819986e+01 +7.621819986e+01
5775 0 +4.779939000e+00 +7.612993900e+01 +7.612993900e+01
6190 0 +4.661752451e+00 +7.601175245e+01 +7.601175245e+01
6925 0 +4.562343711e+00 +7.591234371e+01 +7.591234371e+01
7972 0 +4.463119386e+00 +7.581311939e+01 +7.581311939e+01
% f evaluations | g evaluations | best noise-free fitness - Fopt (-3.552200000000e+02) + sum g_i+ | measured fitness | best measured fitness or single-digit g-values | x1 | x2...
1 0 +7.784819547e+01 -2.773718045e+02 -2.773718045e+02
3 0 +7.585097912e+01 -2.793690209e+02 -2.793690209e+02
4 0 +6.356157989e+01 -2.916584201e+02 -2.916584201e+02
17 0 +6.206000336e+01 -2.931599966e+02 -2.931599966e+02
18 0 +5.909393751e+01 -2.961260625e+02 -2.961260625e+02
23 0 +5.618536670e+01 -2.990346333e+02 -2.990346333e+02
145 0 +4.987210770e+01 -3.053478923e+02 -3.053478923e+02
178 0 +4.895957019e+01 -3.062604298e+02 -3.062604298e+02
485 0 +4.588098966e+01 -3.093390103e+02 -3.093390103e+02
588 0 +4.253029950e+01 -3.126897005e+02 -3.126897005e+02
3759 0 +4.152568813e+01 -3.136943119e+02 -3.136943119e+02
% f evaluations | g evaluations | best noise-free fitness - Fopt (9.917000000000e+01) + sum g_i+ | measured fitness | best measured fitness or single-digit g-values | x1 | x2...
1 0 +8.347002669e+01 +1.826400267e+02 +1.826400267e+02
2 0 +6.765124847e+01 +1.668212485e+02 +1.668212485e+02
6 0 +5.431261861e+01 +1.534826186e+02 +1.534826186e+02
230 0 +5.300207994e+01 +1.521720799e+02 +1.521720799e+02
294 0 +5.206570162e+01 +1.512357016e+02 +1.512357016e+02
317 0 +4.942481046e+01 +1.485948105e+02 +1.485948105e+02
323 0 +4.648091964e+01 +1.456509196e+02 +1.456509196e+02
804 0 +4.550156540e+01 +1.446715654e+02 +1.446715654e+02
913 0 +3.723229822e+01 +1.364022982e+02 +1.364022982e+02
1850 0 +3.372164089e+01 +1.328916409e+02 +1.328916409e+02
2001 0 +3.006800981e+01 +1.292380098e+02 +1.292380098e+02
2014 0 +2.699826439e+01 +1.261682644e+02 +1.261682644e+02
2174 0 +2.494706169e+01 +1.241170617e+02 +1.241170617e+02
2184 0 +2.181595803e+01 +1.209859580e+02 +1.209859580e+02
2374 0 +2.110362185e+01 +1.202736218e+02 +1.202736218e+02
2416 0 +2.029566283e+01 +1.194656628e+02 +1.194656628e+02
2442 0 +1.835397545e+01 +1.175239754e+02 +1.175239754e+02
2455 0 +1.810017733e+01 +1.172701773e+02 +1.172701773e+02
2636 0 +1.678130147e+01 +1.159513015e+02 +1.159513015e+02
2667 0 +1.565844393e+01 +1.148284439e+02 +1.148284439e+02
2721 0 +1.532496990e+01 +1.144949699e+02 +1.144949699e+02
2731 0 +1.443750461e+01 +1.136075046e+02 +1.136075046e+02
2810 0 +1.393766409e+01 +1.131076641e+02 +1.131076641e+02
2912 0 +1.353169651e+01 +1.127016965e+02 +1.127016965e+02
2933 0 +1.312099350e+01 +1.122909935e+02 +1.122909935e+02
2938 0 +1.153323440e+01 +1.107032344e+02 +1.107032344e+02
2991 0 +1.016047613e+01 +1.093304761e+02 +1.093304761e+02
3209 0 +9.673042705e+00 +1.088430427e+02 +1.088430427e+02
3303 0 +9.427764157e+00 +1.085977642e+02 +1.085977642e+02
3304 0 +9.285810790e+00 +1.084558108e+02 +1.084558108e+02
3320 0 +8.303615855e+00 +1.074736159e+02 +1.074736159e+02
3363 0 +8.001302076e+00 +1.071713021e+02 +1.071713021e+02
3383 0 +7.735251461e+00 +1.069052515e+02 +1.069052515e+02
3408 0 +6.910376403e+00 +1.060803764e+02 +1.060803764e+02
3556 0 +6.591444548e+00 +1.057614445e+02 +1.057614445e+02
3577 0 +6.434462926e+00 +1.056044629e+02 +1.056044629e+02
3679 0 +6.246098884e+00 +1.054160989e+02 +1.054160989e+02
3700 0 +5.764179421e+00 +1.049341794e+02 +1.049341794e+02
3778 0 +5.573776968e+00 +1.047437770e+02 +1.047437770e+02
4154 0 +5.379230500e+00 +1.045492305e+02 +1.045492305e+02
4262 0 +5.247791884e+00 +1.044177919e+02 +1.044177919e+02
4297 0 +4.994287330e+00 +1.041642873e+02 +1.041642873e+02
4323 0 +4.896641934e+00 +1.040666419e+02 +1.040666419e+02
4363 0 +4.599838425e+00 +1.037698384e+02 +1.037698384e+02
4391 0 +4.519958272e+00 +1.036899583e+02 +1.036899583e+02
4412 0 +4.094865349e+00 +1.032648653e+02 +1.032648653e+02
4741 0 +3.796828078e+00 +1.029668281e+02 +1.029668281e+02
4836 0 +3.704018492e+00 +1.028740185e+02 +1.028740185e+02
5016 0 +3.618687577e+00 +1.027886876e+02 +1.027886876e+02
5041 0 +3.490632575e+00 +1.026606326e+02 +1.026606326e+02
5072 0 +3.462020107e+00 +1.026320201e+02 +1.026320201e+02
5092 0 +3.234787032e+00 +1.024047870e+02 +1.024047870e+02
5441 0 +3.140052202e+00 +1.023100522e+02 +1.023100522e+02
5449 0 +3.080861123e+00 +1.022508611e+02 +1.022508611e+02
5521 0 +2.930848642e+00 +1.021008486e+02 +1.021008486e+02
5597 0 +2.870904623e+00 +1.020409046e+02 +1.020409046e+02
5751 0 +2.814786524e+00 +1.019847865e+02 +1.019847865e+02
5851 0 +2.707973895e+00 +1.018779739e+02 +1.018779739e+02
5919 0 +2.672308324e+00 +1.018423083e+02 +1.018423083e+02
6238 0 +2.629407735e+00 +1.017994077e+02 +1.017994077e+02
6532 0 +2.565615473e+00 +1.017356155e+02 +1.017356155e+02
6588 0 +2.493189462e+00 +1.016631895e+02 +1.016631895e+02
6980 0 +2.452224882e+00 +1.016222249e+02 +1.016222249e+02
7397 0 +2.390771947e+00 +1.015607719e+02 +1.015607719e+02
7776 0 +2.342940599e+00 +1.015129406e+02 +1.015129406e+02
8573 0 +2.290160955e+00 +1.014601610e+02 +1.014601610e+02
10459 0 +2.238184182e+00 +1.014081842e+02 +1.014081842e+02
% f evaluations | g evaluations | best noise-free fitness - Fopt (-5.179100000000e+02) + sum g_i+ | measured fitness | best measured fitness or single-digit g-values | x1 | x2...
1 0 +1.091245306e+02 -4.087854694e+02 -4.087854694e+02
2 0 +6.743519463e+01 -4.504748054e+02 -4.504748054e+02
6 0 +6.468353598e+01 -4.532264640e+02 -4.532264640e+02
13 0 +6.440598371e+01 -4.535040163e+02 -4.535040163e+02
16 0 +4.835926299e+01 -4.695507370e+02 -4.695507370e+02
63 0 +4.745083832e+01 -4.704591617e+02 -4.704591617e+02
125 0 +4.622452287e+01 -4.716854771e+02 -4.716854771e+02
134 0 +4.449105412e+01 -4.734189459e+02 -4.734189459e+02
925 0 +4.143711566e+01 -4.764728843e+02 -4.764728843e+02
1336 0 +3.982485387e+01 -4.780851461e+02 -4.780851461e+02
1787 0 +3.742802215e+01 -4.804819779e+02 -4.804819779e+02
% f evaluations | g evaluations | best noise-free fitness - Fopt (-5.721000000000e+01) + sum g_i+ | measured fitness | best measured fitness or single-digit g-values | x1 | x2...
1 0 +6.496228981e+01 +7.752289806e+00 +7.752289806e+00
2 0 +5.868385166e+01 +1.473851663e+00 +1.473851663e+00
13 0 +5.093303661e+01 -6.276963391e+00 -6.276963391e+00
56 0 +4.877130704e+01 -8.438692961e+00 -8.438692961e+00
421 0 +4.670029074e+01 -1.050970926e+01 -1.050970926e+01
560 0 +3.631541354e+01 -2.089458646e+01 -2.089458646e+01
% f evaluations | g evaluations | best noise-free fitness - Fopt (-9.250000000000e+00) + sum g_i+ | measured fitness | best measured fitness or single-digit g-values | x1 | x2...
1 0 +9.610434363e+01 +8.685434363e+01 +8.685434363e+01
3 0 +7.245843775e+01 +6.320843775e+01 +6.320843775e+01
4 0 +6.190203542e+01 +5.265203542e+01 +5.265203542e+01
6 0 +5.920592657e+01 +4.995592657e+01 +4.995592657e+01
10 0 +5.441592439e+01 +4.516592439e+01 +4.516592439e+01
16 0 +5.240085315e+01 +4.315085315e+01 +4.315085315e+01
231 0 +4.424670645e+01 +3.499670645e+01 +3.499670645e+01
2278 0 +4.093045402e+01 +3.168045402e+01 +3.168045402e+01
2497 0 +3.989226728e+01 +3.064226728e+01 +3.064226728e+01
2608 0 +3.736706297e+01 +2.811706297e+01 +2.811706297e+01
2612 0 +3.285577606e+01 +2.360577606e+01 +2.360577606e+01
2674 0 +3.171611273e+01 +2.246611273e+01 +2.246611273e+01
2762 0 +2.804736954e+01 +1.879736954e+01 +1.879736954e+01
2783 0 +2.616643352e+01 +1.691643352e+01 +1.691643352e+01
2869 0 +2.341581980e+01 +1.416581980e+01 +1.416581980e+01
2998 0 +2.133635820e+01 +1.208635820e+01 +1.208635820e+01
3037 0 +2.009512282e+01 +1.084512282e+01 +1.084512282e+01
3206 0 +1.983635011e+01 +1.058635011e+01 +1.058635011e+01
3241 0 +1.917012298e+01 +9.920122975e+00 +9.920122975e+00
3252 0 +1.903009240e+01 +9.780092404e+00 +9.780092404e+00
3262 0 +1.724515212e+01 +7.995152122e+00 +7.995152122e+00
3277 0 +1.610313869e+01 +6.853138687e+00 +6.853138687e+00
3356 0 +1.452148829e+01 +5.271488294e+00 +5.271488294e+00
3380 0 +1.408818231e+01 +4.838182307e+00 +4.838182307e+00
3459 0 +8.514410144e+00 -7.355898558e-01 -7.355898558e-01
% f evaluations | g evaluations | best noise-free fitness - Fopt (4.206100000000e+02) + sum g_i+ | measured fitness | best measured fitness or single-digit g-values | x1 | x2...
1 0 +7.190476301e+01 +4.925147630e+02 +4.925147630e+02
3 0 +7.153447741e+01 +4.921444774e+02 +4.921444774e+02
4 0 +6.258227790e+01 +4.831922779e+02 +4.831922779e+02
6 0 +5.431009236e+01 +4.749200924e+02 +4.749200924e+02
14 0 +5.163247716e+01 +4.722424772e+02 +4.722424772e+02
244 0 +4.872946938e+01 +4.693394694e+02 +4.693394694e+02
418 0 +3.563681455e+01 +4.562468145e+02 +4.562468145e+02
4653 0 +3.304577337e+01 +4.536557734e+02 +4.536557734e+02
5726 0 +2.949986479e+01 +4.501098648e+02 +4.501098648e+02
6025 0 +2.743193306e+01 +4.480419331e+02 +4.480419331e+02
6070 0 +2.609106760e+01 +4.467010676e+02 +4.467010676e+02
6077 0 +2.393142495e+01 +4.445414249e+02 +4.445414249e+02
6100 0 +1.653392019e+01 +4.371439202e+02 +4.371439202e+02
6463 0 +1.586419080e+01 +4.364741908e+02 +4.364741908e+02
6544 0 +1.474157024e+01 +4.353515702e+02 +4.353515702e+02
6601 0 +1.258355489e+01 +4.331935549e+02 +4.331935549e+02
6629 0 +1.162087005e+01 +4.322308701e+02 +4.322308701e+02
6697 0 +1.028960384e+01 +4.308996038e+02 +4.308996038e+02
6899 0 +1.021534875e+01 +4.308253487e+02 +4.308253487e+02
7328 0 +9.226370708e+00 +4.298363707e+02 +4.298363707e+02
7369 0 +9.059244532e+00 +4.296692445e+02 +4.296692445e+02
7409 0 +8.764525886e+00 +4.293745259e+02 +4.293745259e+02
7412 0 +8.526547924e+00 +4.291365479e+02 +4.291365479e+02
7554 0 +8.213905666e+00 +4.288239057e+02 +4.288239057e+02
7580 0 +7.941220798e+00 +4.285512208e+02 +4.285512208e+02
7585 0 +7.677634337e+00 +4.282876343e+02 +4.282876343e+02
7631 0 +7.345093653e+00 +4.279550937e+02 +4.279550937e+02
7704 0 +7.184814114e+00 +4.277948141e+02 +4.277948141e+02
7706 0 +6.914976194e+00 +4.275249762e+02 +4.275249762e+02
7723 0 +6.736597802e+00 +4.273465978e+02 +4.273465978e+02
7730 0 +6.154654078e+00 +4.267646541e+02 +4.267646541e+02
7951 0 +5.956384470e+00 +4.265663845e+02 +4.265663845e+02
7992 0 +5.699247679e+00 +4.263092477e+02 +4.263092477e+02
8041 0 +5.596116227e+00 +4.262061162e+02 +4.262061162e+02
8267 0 +5.261659476e+00 +4.258716595e+02 +4.258716595e+02
8302 0 +5.199899600e+00 +4.258098996e+02 +4.258098996e+02
8375 0 +4.963133544e+00 +4.255731335e+02 +4.255731335e+02
8564 0 +4.875608721e+00 +4.254856087e+02 +4.254856087e+02
8714 0 +4.752143444e+00 +4.253621434e+02 +4.253621434e+02
8731 0 +4.675694334e+00 +4.252856943e+02 +4.252856943e+02
8774 0 +4.545279296e+00 +4.251552793e+02 +4.251552793e+02
8965 0 +4.286701610e+00 +4.248967016e+02 +4.248967016e+02
9261 0 +4.261359039e+00 +4.248713590e+02 +4.248713590e+02
9691 0 +4.111431563e+00 +4.247214316e+02 +4.247214316e+02
9834 0 +4.065061986e+00 +4.246750620e+02 +4.246750620e+02
10301 0 +3.971216760e+00 +4.245812168e+02 +4.245812168e+02
11063 0 +3.886234638e+00 +4.244962346e+02 +4.244962346e+02
12265 0 +3.800106887e+00 +4.244101069e+02 +4.244101069e+02
% f evaluations | g evaluations | best noise-free fitness - Fopt (2.088100000000e+02) + sum g_i+ | measured fitness | best measured fitness or single-digit g-values | x1 | x2...
1 0 +7.839821478e+01 +2.872082148e+02 +2.872082148e+02
2 0 +7.559706327e+01 +2.844070633e+02 +2.844070633e+02
5 0 +6.813041025e+01 +2.769404102e+02 +2.769404102e+02
6 0 +6.261595094e+01 +2.714259509e+02 +2.714259509e+02
59 0 +5.238702220e+01 +2.611970222e+02 +2.611970222e+02
191 0 +5.099168570e+01 +2.598016857e+02 +2.598016857e+02
405 0 +4.978945461e+01 +2.585994546e+02 +2.585994546e+02
823 0 +4.129643291e+01 +2.501064329e+02 +2.501064329e+02
3395 0 +3.697916091e+01 +2.457891609e+02 +2.457891609e+02
3470 0 +3.504759662e+01 +2.438575966e+02 +2.438575966e+02
3700 0 +3.345071033e+01 +2.422607103e+02 +2.422607103e+02
3718 0 +2.792399524e+01 +2.367339952e+02 +2.367339952e+02
3821 0 +2.617615390e+01 +2.349861539e+02 +2.349861539e+02
3930 0 +2.417848896e+01 +2.329884890e+02 +2.329884890e+02
3974 0 +2.315220712e+01 +2.319622071e+02 +2.319622071e+02
4064 0 +2.185159776e+01 +2.306615978e+02 +2.306615978e+02
4166 0 +1.956722893e+01 +2.283772289e+02 +2.283772289e+02
4229 0 +1.897343858e+01 +2.277834386e+02 +2.277834386e+02
4289 0 +1.770254482e+01 +2.265125448e+02 +2.265125448e+02
4517 0 +1.487132247e+01 +2.236813225e+02 +2.236813225e+02
4637 0 +1.411111803e+01 +2.229211180e+02 +2.229211180e+02
4903 0 +1.345774589e+01 +2.222677459e+02 +2.222677459e+02
4947 0 +1.317885412e+01 +2.219888541e+02 +2.219888541e+02
5003 0 +1.265052028e+01 +2.214605203e+02 +2.214605203e+02
5050 0 +1.226914075e+01 +2.210791408e+02 +2.210791408e+02
5073 0 +1.154066708e+01 +2.203506671e+02 +2.203506671e+02
5260 0 +1.145594374e+01 +2.202659437e+02 +2.202659437e+02
5298 0 +1.118219278e+01 +2.199921928e+02 +2.199921928e+02
5371 0 +1.095374071e+01 +2.197637407e+02 +2.197637407e+02
5468 0 +1.067205233e+01 +2.194820523e+02 +2.194820523e+02
5565 0 +1.032718160e+01 +2.191371816e+02 +2.191371816e+02
5710 0 +1.010548351e+01 +2.189154835e+02 +2.189154835e+02
5879 0 +9.843382217e+00 +2.186533822e+02 +2.186533822e+02
5901 0 +9.750195392e+00 +2.185601954e+02 +2.185601954e+02
6348 0 +9.364077593e+00 +2.181740776e+02 +2.181740776e+02
6517 0 +9.170740586e+00 +2.179807406e+02 +2.179807406e+02
6818 0 +9.108560364e+00 +2.179185604e+02 +2.179185604e+02
7058 0 +8.874306207e+00 +2.176843062e+02 +2.176843062e+02
7494 0 +8.673437859e+00 +2.174834379e+02 +2.174834379e+02
8580 0 +8.502789741e+00 +2.173127897e+02 +2.173127897e+02
% f evaluations | g evaluations | best noise-free fitness - Fopt (-1.310000000000e+01) + sum g_i+ | measured fitness | best measured fitness or single-digit g-values | x1 | x2...
1 0 +5.000399611e+01 +3.690399611e+01 +3.690399611e+01
12 0 +4.559221671e+01 +3.249221671e+01 +3.249221671e+01
120 0 +4.100902829e+01 +2.790902829e+01 +2.790902829e+01
3956 0 +3.946688276e+01 +2.636688276e+01 +2.636688276e+01
4213 0 +3.758703587e+01 +2.448703587e+01 +2.448703587e+01
4241 0 +3.631365262e+01 +2.321365262e+01 +2.321365262e+01
4343 0 +3.426999020e+01 +2.116999020e+01 +2.116999020e+01
4495 0 +3.180296100e+01 +1.870296100e+01 +1.870296100e+01
4540 0 +2.993192417e+01 +1.683192417e+01 +1.683192417e+01
4611 0 +2.940961430e+01 +1.630961430e+01 +1.630961430e+01
4621 0 +2.835358848e+01 +1.525358848e+01 +1.525358848e+01
4622 0 +2.440135506e+01 +1.130135506e+01 +1.130135506e+01
4887 0 +2.236348757e+01 +9.263487572e+00 +9.263487572e+00
4930 0 +2.169029050e+01 +8.590290498e+00 +8.590290498e+00
4959 0 +2.064918078e+01 +7.549180779e+00 +7.549180779e+00
4972 0 +1.903099899e+01 +5.930998992e+00 +5.930998992e+00
4977 0 +1.789125925e+01 +4.791259251e+00 +4.791259251e+00
5056 0 +1.752839442e+01 +4.428394421e+00 +4.428394421e+00
5059 0 +1.544116300e+01 +2.341162999e+00 +2.341162999e+00
5247 0 +1.498890840e+01 +1.888908401e+00 +1.888908401e+00
5314 0 +1.115341819e+01 -1.946581808e+00 -1.946581808e+00
% f evaluations | g evaluations | best noise-free fitness - Fopt (1.311800000000e+02) + sum g_i+ | measured fitness | best measured fitness or single-digit g-values | x1 | x2...
1 0 +9.324521343e+01 +2.244252134e+02 +2.244252134e+02
2 0 +6.640371891e+01 +1.975837189e+02 +1.975837189e+02
3 0 +6.269620368e+01 +1.938762037e+02 +1.938762037e+02
13 0 +6.056854098e+01 +1.917485410e+02 +1.917485410e+02
27 0 +5.875642140e+01 +1.899364214e+02 +1.899364214e+02
29 0 +4.941517161e+01 +1.805951716e+02 +1.805951716e+02
1127 0 +3.867820735e+01 +1.698582073e+02 +1.698582073e+02
4140 0 +3.590500087e+01 +1.670850009e+02 +1.670850009e+02
4158 0 +3.313581309e+01 +1.643158131e+02 +1.643158131e+02
4326 0 +3.150939402e+01 +1.626893940e+02 +1.626893940e+02
4421 0 +2.786015519e+01 +1.590401552e+02 +1.590401552e+02
4532 0 +2.498491167e+01 +1.561649117e+02 +1.561649117e+02
4574 0 +2.242834851e+01 +1.536083485e+02 +1.536083485e+02
4686 0 +2.177303161e+01 +1.529530316e+02 +1.529530316e+02
4688 0 +2.077790276e+01 +1.519579028e+02 +1.519579028e+02
4824 0 +1.941007063e+01 +1.505900706e+02 +1.505900706e+02
4906 0 +1.690953442e+01 +1.480895344e+02 +1.480895344e+02
4966 0 +1.263677874e+01 +1.438167787e+02 +1.438167787e+02
5119 0 +1.177238928e+01 +1.429523893e+02 +1.429523893e+02
5191 0 +1.160537778e+01 +1.427853778e+02 +1.427853778e+02
5492 0 +1.139172855e+01 +1.425717285e+02 +1.425717285e+02
5495 0 +1.116968569e+01 +1.423496857e+02 +1.423496857e+02
5512 0 +1.064456991e+01 +1.418245699e+02 +1.418245699e+02
5519 0 +1.024622677e+01 +1.414262268e+02 +1.414262268e+02
5559 0 +9.831933339e+00 +1.410119333e+02 +1.410119333e+02
5617 0 +9.693204555e+00 +1.408732046e+02 +1.408732046e+02
5666 0 +9.484380908e+00 +1.406643809e+02 +1.406643809e+02
5670 0 +9.016059123e+00 +1.401960591e+02 +1.401960591e+02
5859 0 +8.875942145e+00 +1.400559421e+02 +1.400559421e+02
5894 0 +8.129461444e+00 +1.393094614e+02 +1.393094614e+02
5989 0 +8.066494398e+00 +1.392464944e+02 +1.392464944e+02
6198 0 +7.592368563e+00 +1.387723686e+02 +1.387723686e+02
6249 0 +7.315229769e+00 +1.384952298e+02 +1.384952298e+02
6558 0 +7.071534954e+00 +1.382515350e+02 +1.382515350e+02
6758 0 +6.868204766e+00 +1.380482048e+02 +1.380482048e+02
6809 0 +6.674145312e+00 +1.378541453e+02 +1.378541453e+02
6957 0 +6.592798485e+00 +1.377727985e+02 +1.377727985e+02
7002 0 +6.376632575e+00 +1.375566326e+02 +1.375566326e+02
7089 0 +6.250120580e+00 +1.374301206e+02 +1.374301206e+02
7362 0 +6.059660529e+00 +1.372396605e+02 +1.372396605e+02
7386 0 +6.018344086e+00 +1.371983441e+02 +1.371983441e+02
7696 0 +5.867739319e+00 +1.370477393e+02 +1.370477393e+02
7863 0 +5.729799729e+00 +1.369097997e+02 +1.369097997e+02
8043 0 +5.559947760e+00 +1.367399478e+02 +1.367399478e+02
8139 0 +5.456117206e+00 +1.366361172e+02 +1.366361172e+02
8672 0 +5.365150534e+00 +1.365451505e+02 +1.365451505e+02
9094 0 +5.245645975e+00 +1.364256460e+02 +1.364256460e+02
9741 0 +5.110233688e+00 +1.362902337e+02 +1.362902337e+02
10488 0 +5.003331708e+00 +1.361833317e+02 +1.361833317e+02
11669 0 +4.897310027e+00 +1.360773100e+02 +1.360773100e+02
% f evaluations | g evaluations | best noise-free fitness - Fopt (-2.984000000000e+01) + sum g_i+ | measured fitness | best measured fitness or single-digit g-values | x1 | x2...
1 0 +7.370163794e+01 +4.386163794e+01 +4.386163794e+01
2 0 +5.796646979e+01 +2.812646979e+01 +2.812646979e+01
20 0 +5.257618317e+01 +2.273618317e+01 +2.273618317e+01
45 0 +4.899001659e+01 +1.915001659e+01 +1.915001659e+01
111 0 +4.567154750e+01 +1.583154750e+01 +1.583154750e+01
296 0 +4.074509316e+01 +1.090509316e+01 +1.090509316e+01
999 0 +3.655614420e+01 +6.716144198e+00 +6.716144198e+00
1942 0 +3.502237537e+01 +5.182375370e+00 +5.182375370e+00
3172 0 +3.065871342e+01 +8.187134237e-01 +8.187134237e-01
3237 0 +2.865713808e+01 -1.182861919e+00 -1.182861919e+00
6458 0 +2.807993904e+01 -1.760060957e+00 -1.760060957e+00
6467 0 +2.393579167e+01 -5.904208328e+00 -5.904208328e+00
% f evaluations | g evaluations | best noise-free fitness - Fopt (-2.972800000000e+02) + sum g_i+ | measured fitness | best measured fitness or single-digit g-values | x1 | x2...
1 0 +5.801488475e+01 -2.392651152e+02 -2.392651152e+02
9 0 +5.355398017e+01 -2.437260198e+02 -2.437260198e+02
16 0 +5.228385775e+01 -2.449961423e+02 -2.449961423e+02
36 0 +4.584621568e+01 -2.514337843e+02 -2.514337843e+02
166 0 +4.079671425e+01 -2.564832857e+02 -2.564832857e+02
1620 0 +4.054528684e+01 -2.567347132e+02 -2.567347132e+02
2760 0 +3.938803154e+01 -2.578919685e+02 -2.578919685e+02
% f evaluations | g evaluations | best noise-free fitness - Fopt (6.878000000000e+01) + sum g_i+ | measured fitness | best measured fitness or single-digit g-values | x1 | x2...
1 0 +8.141831848e+01 +1.501983185e+02 +1.501983185e+02
2 0 +7.456977576e+01 +1.433497758e+02 +1.433497758e+02
8 0 +5.934533324e+01 +1.281253332e+02 +1.281253332e+02
32 0 +5.582869599e+01 +1.246086960e+02 +1.246086960e+02
64 0 +5.295640193e+01 +1.217364019e+02 +1.217364019e+02
104 0 +4.822388508e+01 +1.170038851e+02 +1.170038851e+02
147 0 +4.764564758e+01 +1.164256476e+02 +1.164256476e+02
435 0 +4.553057133e+01 +1.143105713e+02 +1.143105713e+02
1006 0 +4.415554452e+01 +1.129355445e+02 +1.129355445e+02
2336 0 +4.328734514e+01 +1.120673451e+02 +1.120673451e+02
2400 0 +4.071812052e+01 +1.094981205e+02 +1.094981205e+02
2743 0 +3.537491162e+01 +1.041549116e+02 +1.041549116e+02
2752 0 +3.319494731e+01 +1.019749473e+02 +1.019749473e+02
2762 0 +3.200364883e+01 +1.007836488e+02 +1.007836488e+02
2992 0 +2.875142651e+01 +9.753142651e+01 +9.753142651e+01
3033 0 +2.176937673e+01 +9.054937673e+01 +9.054937673e+01
3377 0 +2.105282726e+01 +8.983282726e+01 +8.983282726e+01
3418 0 +2.061807971e+01 +8.939807971e+01 +8.939807971e+01
3431 0 +1.943543404e+01 +8.821543404e+01 +8.821543404e+01
3536 0 +1.816793132e+01 +8.694793132e+01 +8.694793132e+01
3567 0 +1.702898608e+01 +8.580898608e+01 +8.580898608e+01
3609 0 +1.433147360e+01 +8.311147360e+01 +8.311147360e+01
3663 0 +1.222540153e+01 +8.100540153e+01 +8.100540153e+01
3852 0 +1.131911289e+01 +8.009911289e+01 +8.009911289e+01
3924 0 +1.093728626e+01 +7.971728626e+01 +7.971728626e+01
4036 0 +1.057306245e+01 +7.935306245e+01 +7.935306245e+01
4054 0 +1.032840012e+01 +7.910840012e+01 +7.910840012e+01
4079 0 +7.989366681e+00 +7.676936668e+01 +7.676936668e+01
4292 0 +7.599036123e+00 +7.637903612e+01 +7.637903612e+01
4295 0 +7.320480796e+00 +7.610048080e+01 +7.610048080e+01
4413 0 +7.213033600e+00 +7.599303360e+01 +7.599303360e+01
4437 0 +6.663457766e+00 +7.544345777e+01 +7.544345777e+01
4468 0 +6.482030217e+00 +7.526203022e+01 +7.526203022e+01
4484 0 +6.418740166e+00 +7.519874017e+01 +7.519874017e+01
4532 0 +6.077607756e+00 +7.485760776e+01 +7.485760776e+01
4641 0 +5.950738662e+00 +7.473073866e+01 +7.473073866e+01
4716 0 +5.641608393e+00 +7.442160839e+01 +7.442160839e+01
4884 0 +5.531731403e+00 +7.431173140e+01 +7.431173140e+01
4952 0 +5.459457078e+00 +7.423945708e+01 +7.423945708e+01
5067 0 +5.211784320e+00 +7.399178432e+01 +7.399178432e+01
5106 0 +5.122066441e+00 +7.390206644e+01 +7.390206644e+01
5210 0 +4.919165706e+00 +7.369916571e+01 +7.369916571e+01
5212 0 +4.746055952e+00 +7.352605595e+01 +7.352605595e+01
5337 0 +4.662074549e+00 +7.344207455e+01 +7.344207455e+01
5372 0 +4.360957842e+00 +7.314095784e+01 +7.314095784e+01
5550 0 +4.155310027e+00 +7.293531003e+01 +7.293531003e+01
5744 0 +4.010500996e+00 +7.279050100e+01 +7.279050100e+01
5775 0 +3.931977607e+00 +7.271197761e+01 +7.271197761e+01
5795 0 +3.827046870e+00 +7.260704687e+01 +7.260704687e+01
6045 0 +3.793641234e+00 +7.257364123e+01 +7.257364123e+01
6075 0 +3.700619040e+00 +7.248061904e+01 +7.248061904e+01
6150 0 +3.620737322e+00 +7.240073732e+01 +7.240073732e+01
6239 0 +3.522268031e+00 +7.230226803e+01 +7.230226803e+01
6279 0 +3.420970211e+00 +7.220097021e+01 +7.220097021e+01
6623 0 +3.360611961e+00 +7.214061196e+01 +7.214061196e+01
6796 0 +3.310708723e+00 +7.209070872e+01 +7.209070872e+01
7087 0 +3.222297613e+00 +7.200229761e+01 +7.200229761e+01
7405 0 +3.134757569e+00 +7.191475757e+01 +7.191475757e+01
7859 0 +3.085414820e+00 +7.186541482e+01 +7.186541482e+01
8703 0 +3.019516200e+00 +7.179951620e+01 +7.179951620e+01
11254 0 +2.951032376e+00 +7.173103238e+01 +7.173103238e+01
% f evaluations | g evaluations | best noise-free fitness - Fopt (-8.021800000000e+02) + sum g_i+ | measured fitness | best measured fitness or single-digit g-values | x1 | x2...
1 0 +6.033182711e+01 -7.418481729e+02 -7.418481729e+02
6 0 +5.719171897e+01 -7.449882810e+02 -7.449882810e+02
81 0 +5.487029513e+01 -7.473097049e+02 -7.473097049e+02
91 0 +4.762190523e+01 -7.545580948e+02 -7.545580948e+02
184 0 +4.592421789e+01 -7.562557821e+02 -7.562557821e+02
1076 0 +4.416487706e+01 -7.580151229e+02 -7.580151229e+02
1505 0 +4.082660596e+01 -7.613533940e+02 -7.613533940e+02
3880 0 +3.604161788e+01 -7.661383821e+02 -7.661383821e+02
% f evaluations | g evaluations | best noise-free fitness - Fopt (1.611200000000e+02) + sum g_i+ | measured fitness | best measured fitness or single-digit g-values | x1 | x2...
1 0 +6.597921389e+01 +2.270992139e+02 +2.270992139e+02
5 0 +6.477626216e+01 +2.258962622e+02 +2.258962622e+02
6 0 +5.259557761e+01 +2.137155776e+02 +2.137155776e+02
149 0 +4.801896507e+01 +2.091389651e+02 +2.091389651e+02
1099 0 +4.651298654e+01 +2.076329865e+02 +2.076329865e+02
2644 0 +4.255609063e+01 +2.036760906e+02 +2.036760906e+02
2762 0 +3.776133647e+01 +1.988813365e+02 +1.988813365e+02
2828 0 +3.485103178e+01 +1.959710318e+02 +1.959710318e+02
2921 0 +3.384880923e+01 +1.949688092e+02 +1.949688092e+02
2935 0 +3.307189960e+01 +1.941918996e+02 +1.941918996e+02
2978 0 +2.868501385e+01 +1.898050139e+02 +1.898050139e+02
3009 0 +2.764373145e+01 +1.887637314e+02 +1.887637314e+02
3045 0 +2.384431599e+01 +1.849643160e+02 +1.849643160e+02
3058 0 +2.160640746e+01 +1.827264075e+02 +1.827264075e+02
3162 0 +2.117665325e+01 +1.822966533e+02 +1.822966533e+02
3248 0 +1.983334079e+01 +1.809533408e+02 +1.809533408e+02
3299 0 +1.886387089e+01 +1.799838709e+02 +1.799838709e+02
3347 0 +1.853853791e+01 +1.796585379e+02 +1.796585379e+02
3363 0 +1.712468653e+01 +1.782446865e+02 +1.782446865e+02
3378 0 +1.608408190e+01 +1.772040819e+02 +1.772040819e+02
3410 0 +1.386783897e+01 +1.749878390e+02 +1.749878390e+02
3453 0 +1.368378814e+01 +1.748037881e+02 +1.748037881e+02
3486 0 +1.195961151e+01 +1.730796115e+02 +1.730796115e+02
3733 0 +1.085604639e+01 +1.719760464e+02 +1.719760464e+02
3743 0 +1.059204062e+01 +1.717120406e+02 +1.717120406e+02
3748 0 +9.924945145e+00 +1.710449451e+02 +1.710449451e+02
3764 0 +8.479132411e+00 +1.695991324e+02 +1.695991324e+02
3955 0 +7.871247083e+00 +1.689912471e+02 +1.689912471e+02
4053 0 +7.486365767e+00 +1.686063658e+02 +1.686063658e+02
4086 0 +6.971733078e+00 +1.680917331e+02 +1.680917331e+02
4098 0 +6.876045242e+00 +1.679960452e+02 +1.679960452e+02
4135 0 +6.680113513e+00 +1.678001135e+02 +1.678001135e+02
4349 0 +6.335371416e+00 +1.674553714e+02 +1.674553714e+02
4376 0 +6.251370149e+00 +1.673713701e+02 +1.673713701e+02
4400 0 +5.894332333e+00 +1.670143323e+02 +1.670143323e+02
4403 0 +5.675779969e+00 +1.667957800e+02 +1.667957800e+02
4447 0 +5.577666726e+00 +1.666976667e+02 +1.666976667e+02
4486 0 +5.477092361e+00 +1.665970924e+02 +1.665970924e+02
4514 0 +5.327254302e+00 +1.664472543e+02 +1.664472543e+02
4586 0 +5.172213503e+00 +1.662922135e+02 +1.662922135e+02
4592 0 +5.004226004e+00 +1.661242260e+02 +1.661242260e+02
4701 0 +4.798934921e+00 +1.659189349e+02 +1.659189349e+02
4814 0 +4.595083039e+00 +1.657150830e+02 +1.657150830e+02
4820 0 +4.429840017e+00 +1.655498400e+02 +1.655498400e+02
4895 0 +4.182738680e+00 +1.653027387e+02 +1.653027387e+02
4924 0 +4.012548694e+00 +1.651325487e+02 +1.651325487e+02
4963 0 +3.933513254e+00 +1.650535133e+02 +1.650535133e+02
4966 0 +3.866455793e+00 +1.649864558e+02 +1.649864558e+02
4968 0 +3.732530110e+00 +1.648525301e+02 +1.648525301e+02
5086 0 +3.703813399e+00 +1.648238134e+02 +1.648238134e+02
5166 0 +3.609545376e+00 +1.647295454e+02 +1.647295454e+02
5222 0 +3.523177918e+00 +1.646431779e+02 +1.646431779e+02
5238 0 +3.434141875e+00 +1.645541419e+02 +1.645541419e+02
5308 0 +3.357221021e+00 +1.644772210e+02 +1.644772210e+02
5386 0 +3.298730617e+00 +1.644187306e+02 +1.644187306e+02
5552 0 +3.213080661e+00 +1.643330807e+02 +1.643330807e+02
5715 0 +3.159131277e+00 +1.642791313e+02 +1.642791313e+02
6199 0 +3.090014557e+00 +1.642100146e+02 +1.642100146e+02
6271 0 +3.000700535e+00 +1.641207005e+02 +1.641207005e+02
6524 0 +2.948462416e+00 +1.640684624e+02 +1.640684624e+02
7178 0 +2.872642994e+00 +1.639926430e+02 +1.639926430e+02
7718 0 +2.813067058e+00 +1.639330671e+02 +1.639330671e+02
8788 0 +2.752316969e+00 +1.638723170e+02 +1.638723170e+02
