% f evaluations | g evaluations | best noise-free fitness - Fopt (-6.211100000000e+02) + sum g_i+ | measured fitness | best measured fitness or single-digit g-values | x1 | x2...
1 0 +6.734048328e+07 +6.733986217e+07 +6.733986217e+07 -1.9446e+00 -4.2081e+00 +3.4538e+00
2 0 +3.356027665e+07 +3.355965554e+07 +3.355965554e+07 +3.1622e+00 -3.7784e+00 +2.9442e+00
4 0 +2.560694561e+07 +2.560632450e+07 +2.560632450e+07 +1.4820e+00 +4.3703e+00 +4.6490e+00
6 0 +1.393744663e+07 +1.393682552e+07 +1.393682552e+07 +2.7211e+00 -1.7055e+00 +1.6919e+00
13 0 +6.996951826e+06 +6.996330716e+06 +6.996330716e+06 +7.7431e-02 -5.1196e-02 +1.5018e-01
14 0 +5.569440070e+06 +5.568818960e+06 +5.568818960e+06 +3.7523e-01 +1.1869e-01 +1.9108e-01
32 0 +4.067252915e+06 +4.066631805e+06 +4.066631805e+06 +6.8287e-01 +2.4432e-01 -8.1534e-02
57 0 +3.874345372e+06 +3.873724262e+06 +3.873724262e+06 +7.0374e-01 +3.1468e-01 -4.4149e-03
71 0 +2.458557558e+06 +2.457936448e+06 +2.457936448e+06 +7.1844e-01 +8.8242e-01 +1.0921e-01
72 0 +1.779589103e+06 +1.778967993e+06 +1.778967993e+06 +1.4257e+00 +7.0315e-01 +2.3612e-02
89 0 +1.147091498e+06 +1.146470388e+06 +1.146470388e+06 +2.0653e+00 +1.0692e+00 +1.4781e-01
90 0 +1.092091777e+06 +1.091470667e+06 +1.091470667e+06 +9.7531e-01 +1.1995e+00 -4.9820e-01
108 0 +2.789024563e+05 +2.782813463e+05 +2.782813463e+05 +1.6391e+00 +1.7480e+00 -1.5073e-01
130 0 +3.555251468e+04 +3.493140468e+04 +3.493140468e+04 +1.9581e+00 +1.6534e+00 -7.2263e-01
285 0 +3.097970589e+04 +3.035859589e+04 +3.035859589e+04 +2.4042e+00 +1.5461e+00 -7.5822e-01
320 0 +1.931729455e+04 +1.869618455e+04 +1.869618455e+04 +2.0843e+00 +1.4715e+00 -6.3915e-01
359 0 +1.578190363e+03 +9.570803628e+02 +9.570803628e+02 +2.1384e+00 +1.5711e+00 -6.0085e-01
453 0 +1.331236953e+03 +7.101269535e+02 +7.101269535e+02 +2.1682e+00 +1.5272e+00 -6.2331e-01
471 0 +1.035529648e+03 +4.144196478e+02 +4.144196478e+02 +2.2086e+00 +1.5014e+00 -6.3428e-01
508 0 +3.563733008e+02 -2.647366992e+02 -2.647366992e+02 +2.3644e+00 +1.4462e+00 -6.6181e-01
944 0 +3.205950080e+02 -3.005149920e+02 -3.005149920e+02 +1.6964e+00 +1.9425e+00 -5.5293e-01
1308 0 +4.562366807e+01 -5.754863319e+02 -5.754863319e+02 +2.3872e-01 +3.0456e+00 -2.4259e-01
10597 0 +4.011361788e+01 -5.809963821e+02 -5.809963821e+02 +5.2739e-01 +2.8316e+00 -3.2172e-01
23465 0 +3.377777474e+01 -5.873322253e+02 -5.873322253e+02 +1.4683e+00 +2.1017e+00 -5.1803e-01
24491 0 +8.031202509e+00 -6.130787975e+02 -6.130787975e+02 +3.4973e-01 +2.9681e+00 -2.7179e-01
% f evaluations | g evaluations | best noise-free fitness - Fopt (-2.548200000000e+02) + sum g_i+ | measured fitness | best measured fitness or single-digit g-values | x1 | x2...
1 0 +2.288432474e+08 +2.288429926e+08 +2.288429926e+08 +2.9961e+00 -5.5369e-01 +3.3364e+00
2 0 +3.962854048e+05 +3.960305848e+05 +3.960305848e+05 +1.4431e+00 -3.1976e+00 -1.6491e+00
151 0 +1.408768258e+05 +1.406220058e+05 +1.406220058e+05 +3.1259e+00 +2.6549e+00 +2.6358e-02
166 0 +1.017549462e+05 +1.015001262e+05 +1.015001262e+05 +3.0016e+00 +1.0982e+00 -6.8689e-01
190 0 +3.456086435e+04 +3.430604435e+04 +3.430604435e+04 +3.2336e+00 +3.0530e+00 -1.5688e-01
203 0 +3.951589511e+03 +3.696769511e+03 +3.696769511e+03 +3.2886e+00 +2.8278e+00 -3.4129e-01
300 0 +7.927941285e+01 -1.755405871e+02 -1.755405871e+02 +3.3011e+00 +2.7256e+00 -3.0774e-01
1155 0 +4.749362236e+01 -2.073263776e+02 -2.073263776e+02 +1.4346e+00 -2.4032e+00 -1.8410e+00
2867 0 +1.448479411e+01 -2.403352059e+02 -2.403352059e+02 +4.0345e+00 +4.4655e+00 +8.9589e-02
23518 0 +9.583998987e+00 -2.452360010e+02 -2.452360010e+02 +2.8305e+00 +1.5421e+00 -6.1086e-01
52781 0 +7.177635363e+00 -2.476423646e+02 -2.476423646e+02 +3.1765e+00 +2.4319e+00 -3.8298e-01
% f evaluations | g evaluations | best noise-free fitness - Fopt (5.661000000000e+01) + sum g_i+ | measured fitness | best measured fitness or single-digit g-values | x1 | x2...
1 0 +1.637777867e+05 +1.638343967e+05 +1.638343967e+05 -2.1634e+00 -3.2243e+00 -4.3384e+00
205 0 +1.315365073e+05 +1.315931173e+05 +1.315931173e+05 -2.2646e+00 -3.2385e+00 -4.3009e+00
263 0 +3.462591859e+04 +3.468252859e+04 +3.468252859e+04 -3.1193e+00 -2.4978e+00 -4.2780e+00
359 0 +1.114948381e+04 +1.120609381e+04 +1.120609381e+04 -3.7869e+00 -2.2206e+00 -3.7621e+00
397 0 +7.545229545e+03 +7.601839545e+03 +7.601839545e+03 -3.5146e+00 -2.3477e+00 -3.9735e+00
413 0 +4.943244896e+02 +5.509344896e+02 +5.509344896e+02 -3.9628e+00 -2.1910e+00 -3.8123e+00
507 0 +4.503186785e+02 +5.069286785e+02 +5.069286785e+02 -3.6639e+00 -2.3844e+00 -3.9737e+00
528 0 +1.539771220e+02 +2.105871220e+02 +2.105871220e+02 -3.3010e+00 -2.5573e+00 -4.1287e+00
530 0 +4.708433350e+01 +1.036943335e+02 +1.036943335e+02 -3.8294e+00 -2.2954e+00 -3.8848e+00
644 0 +3.073437161e+01 +8.734437161e+01 +8.734437161e+01 -3.7313e+00 -2.3404e+00 -3.9270e+00
741 0 +2.439964763e+01 +8.100964763e+01 +8.100964763e+01 -3.6510e+00 -2.3795e+00 -3.9623e+00
755 0 +1.669832562e+01 +7.330832562e+01 +7.330832562e+01 -3.7387e+00 -2.3376e+00 -3.9220e+00
759 0 +1.548514189e+01 +7.209514189e+01 +7.209514189e+01 -3.6702e+00 -2.3716e+00 -3.9521e+00
774 0 +3.335724171e+00 +5.994572417e+01 +5.994572417e+01 -3.7725e+00 -2.3185e+00 -3.9042e+00
795 0 +9.297672403e-01 +5.753976724e+01 +5.753976724e+01 -3.7381e+00 -2.3364e+00 -3.9171e+00
831 0 +4.618391711e-01 +5.707183917e+01 +5.707183917e+01 -3.7218e+00 -2.3429e+00 -3.9254e+00
849 0 +1.547900119e-01 +5.676479001e+01 +5.676479001e+01 -3.6547e+00 -2.3764e+00 -3.9549e+00
887 0 +1.424389511e-01 +5.675243895e+01 +5.675243895e+01 -3.7066e+00 -2.3508e+00 -3.9315e+00
927 0 +1.339620734e-01 +5.674396207e+01 +5.674396207e+01 -3.6956e+00 -2.3558e+00 -3.9368e+00
969 0 +1.142326969e-01 +5.672423270e+01 +5.672423270e+01 -3.7011e+00 -2.3532e+00 -3.9342e+00
987 0 +3.144722901e-02 +5.664144723e+01 +5.664144723e+01 -3.6972e+00 -2.3555e+00 -3.9360e+00
1025 0 +2.486883394e-02 +5.663486883e+01 +5.663486883e+01 -3.7103e+00 -2.3490e+00 -3.9301e+00
1078 0 +2.335072600e-02 +5.663335073e+01 +5.663335073e+01 -3.7113e+00 -2.3486e+00 -3.9298e+00
1192 0 +2.285518016e-02 +5.663285518e+01 +5.663285518e+01 -3.7143e+00 -2.3471e+00 -3.9284e+00
1194 0 +2.238182899e-02 +5.663238183e+01 +5.663238183e+01 -3.7208e+00 -2.3441e+00 -3.9256e+00
1213 0 +2.090605975e-02 +5.663090606e+01 +5.663090606e+01 -3.7220e+00 -2.3435e+00 -3.9250e+00
1233 0 +1.973898237e-02 +5.662973898e+01 +5.662973898e+01 -3.7260e+00 -2.3415e+00 -3.9232e+00
1248 0 +1.917735794e-02 +5.662917736e+01 +5.662917736e+01 -3.7250e+00 -2.3420e+00 -3.9236e+00
1272 0 +1.836542314e-02 +5.662836542e+01 +5.662836542e+01 -3.7301e+00 -2.3396e+00 -3.9214e+00
1273 0 +1.796408352e-02 +5.662796408e+01 +5.662796408e+01 -3.7288e+00 -2.3402e+00 -3.9220e+00
1289 0 +1.642589677e-02 +5.662642590e+01 +5.662642590e+01 -3.7485e+00 -2.3307e+00 -3.9132e+00
1306 0 +1.424531010e-02 +5.662424531e+01 +5.662424531e+01 -3.7592e+00 -2.3256e+00 -3.9084e+00
1311 0 +1.259894178e-02 +5.662259894e+01 +5.662259894e+01 -3.7488e+00 -2.3307e+00 -3.9131e+00
1346 0 +1.048893204e-02 +5.662048893e+01 +5.662048893e+01 -3.7605e+00 -2.3250e+00 -3.9079e+00
1364 0 +9.613125365e-03 +5.661961313e+01 +5.661961313e+01 -3.7682e+00 -2.3214e+00 -3.9045e+00
1425 0 +9.086710707e-03 +5.661908671e+01 +5.661908671e+01 -3.7728e+00 -2.3192e+00 -3.9024e+00
1440 0 +8.347055399e-03 +5.661834706e+01 +5.661834706e+01 -3.7782e+00 -2.3167e+00 -3.9000e+00
1441 0 +8.115428758e-03 +5.661811543e+01 +5.661811543e+01 -3.7932e+00 -2.3094e+00 -3.8934e+00
1458 0 +4.362286318e-03 +5.661436229e+01 +5.661436229e+01 -3.7982e+00 -2.3071e+00 -3.8911e+00
1477 0 +4.100355317e-03 +5.661410036e+01 +5.661410036e+01 -3.7940e+00 -2.3091e+00 -3.8930e+00
1517 0 +2.831313237e-03 +5.661283131e+01 +5.661283131e+01 -3.8132e+00 -2.2999e+00 -3.8845e+00
1556 0 +1.303403553e-03 +5.661130340e+01 +5.661130340e+01 -3.8222e+00 -2.2956e+00 -3.8805e+00
1590 0 +1.195848769e-03 +5.661119585e+01 +5.661119585e+01 -3.8242e+00 -2.2946e+00 -3.8796e+00
1630 0 +8.450753788e-04 +5.661084508e+01 +5.661084508e+01 -3.8285e+00 -2.2925e+00 -3.8776e+00
1669 0 +8.049886337e-04 +5.661080499e+01 +5.661080499e+01 -3.8264e+00 -2.2935e+00 -3.8786e+00
1763 0 +7.697342880e-04 +5.661076973e+01 +5.661076973e+01 -3.8274e+00 -2.2930e+00 -3.8781e+00
1823 0 +7.536491843e-04 +5.661075365e+01 +5.661075365e+01 -3.8276e+00 -2.2929e+00 -3.8780e+00
1838 0 +7.037093462e-04 +5.661070371e+01 +5.661070371e+01 -3.8288e+00 -2.2923e+00 -3.8775e+00
1862 0 +6.525948654e-04 +5.661065259e+01 +5.661065259e+01 -3.8289e+00 -2.2923e+00 -3.8775e+00
1878 0 +6.020096428e-04 +5.661060201e+01 +5.661060201e+01 -3.8297e+00 -2.2919e+00 -3.8771e+00
1899 0 +5.297995346e-04 +5.661052980e+01 +5.661052980e+01 -3.8310e+00 -2.2912e+00 -3.8765e+00
1976 0 +5.064761573e-04 +5.661050648e+01 +5.661050648e+01 -3.8327e+00 -2.2904e+00 -3.8758e+00
1990 0 +4.614322881e-04 +5.661046143e+01 +5.661046143e+01 -3.8327e+00 -2.2904e+00 -3.8758e+00
2009 0 +4.416372337e-04 +5.661044164e+01 +5.661044164e+01 -3.8330e+00 -2.2903e+00 -3.8756e+00
2027 0 +4.114142876e-04 +5.661041141e+01 +5.661041141e+01 -3.8337e+00 -2.2899e+00 -3.8753e+00
2104 0 +3.960549963e-04 +5.661039605e+01 +5.661039605e+01 -3.8345e+00 -2.2895e+00 -3.8749e+00
2108 0 +3.872802001e-04 +5.661038728e+01 +5.661038728e+01 -3.8346e+00 -2.2894e+00 -3.8749e+00
2127 0 +3.714783794e-04 +5.661037148e+01 +5.661037148e+01 -3.8344e+00 -2.2896e+00 -3.8750e+00
2144 0 +3.251631708e-04 +5.661032516e+01 +5.661032516e+01 -3.8355e+00 -2.2890e+00 -3.8745e+00
2182 0 +2.693118030e-04 +5.661026931e+01 +5.661026931e+01 -3.8370e+00 -2.2882e+00 -3.8738e+00
2236 0 +2.381123676e-04 +5.661023811e+01 +5.661023811e+01 -3.8388e+00 -2.2874e+00 -3.8730e+00
2260 0 +1.947829485e-04 +5.661019478e+01 +5.661019478e+01 -3.8394e+00 -2.2870e+00 -3.8727e+00
2275 0 +1.842975380e-04 +5.661018430e+01 +5.661018430e+01 -3.8400e+00 -2.2867e+00 -3.8724e+00
2299 0 +1.396230832e-04 +5.661013962e+01 +5.661013962e+01 -3.8412e+00 -2.2861e+00 -3.8719e+00
2352 0 +1.265178534e-04 +5.661012652e+01 +5.661012652e+01 -3.8423e+00 -2.2856e+00 -3.8714e+00
2371 0 +1.034582086e-04 +5.661010346e+01 +5.661010346e+01 -3.8428e+00 -2.2853e+00 -3.8711e+00
2484 0 +9.378026178e-05 +5.661009378e+01 +5.661009378e+01 -3.8436e+00 -2.2849e+00 -3.8708e+00
2597 0 +9.235120537e-05 +5.661009235e+01 +5.661009235e+01 -3.8432e+00 -2.2851e+00 -3.8710e+00
2601 0 +9.037215663e-05 +5.661009037e+01 +5.661009037e+01 -3.8435e+00 -2.2849e+00 -3.8708e+00
2622 0 +8.345118825e-05 +5.661008345e+01 +5.661008345e+01 -3.8434e+00 -2.2850e+00 -3.8709e+00
2636 0 +8.302341188e-05 +5.661008302e+01 +5.661008302e+01 -3.8436e+00 -2.2849e+00 -3.8708e+00
2658 0 +8.021992160e-05 +5.661008022e+01 +5.661008022e+01 -3.8440e+00 -2.2847e+00 -3.8706e+00
2676 0 +7.008379902e-05 +5.661007008e+01 +5.661007008e+01 -3.8441e+00 -2.2846e+00 -3.8705e+00
2712 0 +5.947262119e-05 +5.661005947e+01 +5.661005947e+01 -3.8448e+00 -2.2843e+00 -3.8702e+00
2733 0 +5.869057183e-05 +5.661005869e+01 +5.661005869e+01 -3.8450e+00 -2.2842e+00 -3.8701e+00
2735 0 +4.720800592e-05 +5.661004721e+01 +5.661004721e+01 -3.8459e+00 -2.2837e+00 -3.8697e+00
2812 0 +4.445414083e-05 +5.661004445e+01 +5.661004445e+01 -3.8456e+00 -2.2838e+00 -3.8698e+00
2844 0 +3.741804787e-05 +5.661003742e+01 +5.661003742e+01 -3.8461e+00 -2.2836e+00 -3.8696e+00
2863 0 +3.440679851e-05 +5.661003441e+01 +5.661003441e+01 -3.8466e+00 -2.2833e+00 -3.8694e+00
3000 0 +3.134775606e-05 +5.661003135e+01 +5.661003135e+01 -3.8476e+00 -2.2828e+00 -3.8689e+00
3019 0 +2.576173040e-05 +5.661002576e+01 +5.661002576e+01 -3.8470e+00 -2.2831e+00 -3.8692e+00
3153 0 +2.005675158e-05 +5.661002006e+01 +5.661002006e+01 -3.8475e+00 -2.2829e+00 -3.8690e+00
3230 0 +1.930434682e-05 +5.661001930e+01 +5.661001930e+01 -3.8477e+00 -2.2827e+00 -3.8689e+00
3320 0 +1.845010284e-05 +5.661001845e+01 +5.661001845e+01 -3.8476e+00 -2.2828e+00 -3.8689e+00
3341 0 +1.794739339e-05 +5.661001795e+01 +5.661001795e+01 -3.8477e+00 -2.2827e+00 -3.8689e+00
3358 0 +1.724214651e-05 +5.661001724e+01 +5.661001724e+01 -3.8478e+00 -2.2827e+00 -3.8688e+00
3361 0 +1.672376253e-05 +5.661001672e+01 +5.661001672e+01 -3.8478e+00 -2.2827e+00 -3.8688e+00
3399 0 +1.598390035e-05 +5.661001598e+01 +5.661001598e+01 -3.8480e+00 -2.2826e+00 -3.8687e+00
3401 0 +1.499707690e-05 +5.661001500e+01 +5.661001500e+01 -3.8481e+00 -2.2825e+00 -3.8687e+00
3417 0 +1.380578128e-05 +5.661001381e+01 +5.661001381e+01 -3.8483e+00 -2.2824e+00 -3.8686e+00
3472 0 +1.194416329e-05 +5.661001194e+01 +5.661001194e+01 -3.8485e+00 -2.2823e+00 -3.8685e+00
3475 0 +1.147549513e-05 +5.661001148e+01 +5.661001148e+01 -3.8484e+00 -2.2824e+00 -3.8686e+00
3495 0 +9.218124504e-06 +5.661000922e+01 +5.661000922e+01 -3.8487e+00 -2.2822e+00 -3.8684e+00
3529 0 +9.065739128e-06 +5.661000907e+01 +5.661000907e+01 -3.8489e+00 -2.2821e+00 -3.8683e+00
3533 0 +8.024905917e-06 +5.661000802e+01 +5.661000802e+01 -3.8490e+00 -2.2820e+00 -3.8683e+00
3569 0 +6.840479017e-06 +5.661000684e+01 +5.661000684e+01 -3.8492e+00 -2.2819e+00 -3.8681e+00
3681 0 +6.707236579e-06 +5.661000671e+01 +5.661000671e+01 -3.8491e+00 -2.2820e+00 -3.8682e+00
3684 0 +6.335627958e-06 +5.661000634e+01 +5.661000634e+01 -3.8491e+00 -2.2820e+00 -3.8682e+00
3720 0 +6.283097953e-06 +5.661000628e+01 +5.661000628e+01 -3.8491e+00 -2.2820e+00 -3.8682e+00
3737 0 +6.146160352e-06 +5.661000615e+01 +5.661000615e+01 -3.8492e+00 -2.2819e+00 -3.8682e+00
3758 0 +5.861065389e-06 +5.661000586e+01 +5.661000586e+01 -3.8492e+00 -2.2819e+00 -3.8682e+00
3794 0 +5.577029768e-06 +5.661000558e+01 +5.661000558e+01 -3.8494e+00 -2.2818e+00 -3.8681e+00
3818 0 +5.338626039e-06 +5.661000534e+01 +5.661000534e+01 -3.8494e+00 -2.2818e+00 -3.8681e+00
3855 0 +4.782921366e-06 +5.661000478e+01 +5.661000478e+01 -3.8495e+00 -2.2818e+00 -3.8680e+00
3876 0 +4.669389597e-06 +5.661000467e+01 +5.661000467e+01 -3.8495e+00 -2.2817e+00 -3.8680e+00
3894 0 +3.046599360e-06 +5.661000305e+01 +5.661000305e+01 -3.8498e+00 -2.2816e+00 -3.8679e+00
3914 0 +1.736796435e-06 +5.661000174e+01 +5.661000174e+01 -3.8502e+00 -2.2814e+00 -3.8677e+00
4102 0 +1.678506393e-06 +5.661000168e+01 +5.661000168e+01 -3.8502e+00 -2.2814e+00 -3.8677e+00
4119 0 +1.281141991e-06 +5.661000128e+01 +5.661000128e+01 -3.8503e+00 -2.2813e+00 -3.8676e+00
4158 0 +1.175117980e-06 +5.661000118e+01 +5.661000118e+01 -3.8503e+00 -2.2813e+00 -3.8676e+00
4177 0 +1.172413263e-06 +5.661000117e+01 +5.661000117e+01 -3.8505e+00 -2.2812e+00 -3.8676e+00
4194 0 +9.909588172e-07 +5.661000099e+01 +5.661000099e+01 -3.8505e+00 -2.2812e+00 -3.8675e+00
4216 0 +8.063301138e-07 +5.661000081e+01 +5.661000081e+01 -3.8505e+00 -2.2812e+00 -3.8675e+00
4217 0 +7.857074991e-07 +5.661000079e+01 +5.661000079e+01 -3.8506e+00 -2.2812e+00 -3.8675e+00
4254 0 +7.334807748e-07 +5.661000073e+01 +5.661000073e+01 -3.8506e+00 -2.2812e+00 -3.8675e+00
4273 0 +5.816810713e-07 +5.661000058e+01 +5.661000058e+01 -3.8506e+00 -2.2812e+00 -3.8675e+00
4289 0 +5.215080492e-07 +5.661000052e+01 +5.661000052e+01 -3.8506e+00 -2.2811e+00 -3.8675e+00
4350 0 +4.426426869e-07 +5.661000044e+01 +5.661000044e+01 -3.8507e+00 -2.2811e+00 -3.8674e+00
4387 0 +4.106108804e-07 +5.661000041e+01 +5.661000041e+01 -3.8507e+00 -2.2811e+00 -3.8674e+00
4421 0 +4.026928835e-07 +5.661000040e+01 +5.661000040e+01 -3.8507e+00 -2.2811e+00 -3.8674e+00
4425 0 +3.631348662e-07 +5.661000036e+01 +5.661000036e+01 -3.8507e+00 -2.2811e+00 -3.8674e+00
4440 0 +3.201633234e-07 +5.661000032e+01 +5.661000032e+01 -3.8508e+00 -2.2811e+00 -3.8674e+00
4503 0 +3.011123866e-07 +5.661000030e+01 +5.661000030e+01 -3.8508e+00 -2.2811e+00 -3.8674e+00
4521 0 +2.828501948e-07 +5.661000028e+01 +5.661000028e+01 -3.8508e+00 -2.2810e+00 -3.8674e+00
4537 0 +2.632951350e-07 +5.661000026e+01 +5.661000026e+01 -3.8508e+00 -2.2810e+00 -3.8674e+00
4576 0 +2.385447928e-07 +5.661000024e+01 +5.661000024e+01 -3.8508e+00 -2.2810e+00 -3.8674e+00
4577 0 +2.340960989e-07 +5.661000023e+01 +5.661000023e+01 -3.8508e+00 -2.2810e+00 -3.8674e+00
4615 0 +2.118451334e-07 +5.661000021e+01 +5.661000021e+01 -3.8508e+00 -2.2810e+00 -3.8674e+00
4616 0 +1.930394689e-07 +5.661000019e+01 +5.661000019e+01 -3.8509e+00 -2.2810e+00 -3.8674e+00
4631 0 +1.890271761e-07 +5.661000019e+01 +5.661000019e+01 -3.8509e+00 -2.2810e+00 -3.8674e+00
4668 0 +1.770856457e-07 +5.661000018e+01 +5.661000018e+01 -3.8509e+00 -2.2810e+00 -3.8674e+00
4690 0 +1.639877922e-07 +5.661000016e+01 +5.661000016e+01 -3.8509e+00 -2.2810e+00 -3.8673e+00
4730 0 +1.441424615e-07 +5.661000014e+01 +5.661000014e+01 -3.8509e+00 -2.2810e+00 -3.8673e+00
4769 0 +1.261871390e-07 +5.661000013e+01 +5.661000013e+01 -3.8509e+00 -2.2810e+00 -3.8673e+00
4802 0 +1.147403736e-07 +5.661000011e+01 +5.661000011e+01 -3.8509e+00 -2.2810e+00 -3.8673e+00
4858 0 +9.190502226e-08 +5.661000009e+01 +5.661000009e+01 -3.8510e+00 -2.2809e+00 -3.8673e+00
4877 0 +8.735140966e-08 +5.661000009e+01 +5.661000009e+01 -3.8510e+00 -2.2809e+00 -3.8673e+00
4880 0 +7.969911309e-08 +5.661000008e+01 +5.661000008e+01 -3.8510e+00 -2.2809e+00 -3.8673e+00
4918 0 +7.026982018e-08 +5.661000007e+01 +5.661000007e+01 -3.8510e+00 -2.2809e+00 -3.8673e+00
4937 0 +6.235347172e-08 +5.661000006e+01 +5.661000006e+01 -3.8510e+00 -2.2809e+00 -3.8673e+00
4957 0 +6.159433497e-08 +5.661000006e+01 +5.661000006e+01 -3.8510e+00 -2.2809e+00 -3.8673e+00
5013 0 +5.862263208e-08 +5.661000006e+01 +5.661000006e+01 -3.8510e+00 -2.2809e+00 -3.8673e+00
5030 0 +5.245384216e-08 +5.661000005e+01 +5.661000005e+01 -3.8510e+00 -2.2809e+00 -3.8673e+00
5054 0 +4.807173326e-08 +5.661000005e+01 +5.661000005e+01 -3.8510e+00 -2.2809e+00 -3.8673e+00
5088 0 +4.241701390e-08 +5.661000004e+01 +5.661000004e+01 -3.8511e+00 -2.2809e+00 -3.8673e+00
5130 0 +3.081490973e-08 +5.661000003e+01 +5.661000003e+01 -3.8511e+00 -2.2809e+00 -3.8673e+00
5258 0 +2.711891511e-08 +5.661000003e+01 +5.661000003e+01 -3.8511e+00 -2.2809e+00 -3.8673e+00
5277 0 +2.664695842e-08 +5.661000003e+01 +5.661000003e+01 -3.8511e+00 -2.2809e+00 -3.8673e+00
5295 0 +2.327914217e-08 +5.661000002e+01 +5.661000002e+01 -3.8511e+00 -2.2809e+00 -3.8673e+00
5314 0 +2.133587174e-08 +5.661000002e+01 +5.661000002e+01 -3.8511e+00 -2.2809e+00 -3.8673e+00
5315 0 +2.049333858e-08 +5.661000002e+01 +5.661000002e+01 -3.8511e+00 -2.2809e+00 -3.8673e+00
5316 0 +1.831328689e-08 +5.661000002e+01 +5.661000002e+01 -3.8511e+00 -2.2809e+00 -3.8673e+00
5318 0 +1.797538118e-08 +5.661000002e+01 +5.661000002e+01 -3.8511e+00 -2.2809e+00 -3.8672e+00
5334 0 +1.454611720e-08 +5.661000001e+01 +5.661000001e+01 -3.8511e+00 -2.2809e+00 -3.8672e+00
5430 0 +1.406792194e-08 +5.661000001e+01 +5.661000001e+01 -3.8511e+00 -2.2809e+00 -3.8672e+00
5431 0 +1.353121348e-08 +5.661000001e+01 +5.661000001e+01 -3.8511e+00 -2.2809e+00 -3.8672e+00
5468 0 +1.255875759e-08 +5.661000001e+01 +5.661000001e+01 -3.8511e+00 -2.2808e+00 -3.8672e+00
5524 0 +1.200884014e-08 +5.661000001e+01 +5.661000001e+01 -3.8511e+00 -2.2809e+00 -3.8672e+00
5526 0 +1.092902835e-08 +5.661000001e+01 +5.661000001e+01 -3.8511e+00 -2.2808e+00 -3.8672e+00
5548 0 +9.472010731e-09 +5.661000001e+01 +5.661000001e+01 -3.8511e+00 -2.2808e+00 -3.8672e+00
% f evaluations | g evaluations | best noise-free fitness - Fopt (-1.810000000000e+01) + sum g_i+ | measured fitness | best measured fitness or single-digit g-values | x1 | x2...
1 0 +1.740725213e+07 +1.740723403e+07 +1.740723403e+07 +4.0996e+00 +6.0588e-01 +4.9004e+00
2 0 +6.225136031e+06 +6.225117931e+06 +6.225117931e+06 -5.3557e-01 +2.1922e+00 +4.9091e+00
51 0 +5.899020403e+06 +5.899002303e+06 +5.899002303e+06 +2.0844e-01 +7.1979e-01 +6.3971e-01
52 0 +4.549578936e+06 +4.549560836e+06 +4.549560836e+06 +6.2292e-01 +5.7300e-01 +8.1997e-01
53 0 +4.335562847e+06 +4.335544747e+06 +4.335544747e+06 -3.4509e-01 +8.3185e-01 +9.5582e-01
72 0 +3.277398541e+06 +3.277380441e+06 +3.277380441e+06 -5.7527e-01 +9.7673e-01 +1.2100e+00
89 0 +2.671935888e+06 +2.671917788e+06 +2.671917788e+06 -6.9666e-01 +1.7270e+00 +1.5756e+00
92 0 +1.453245915e+06 +1.453227815e+06 +1.453227815e+06 +2.3054e-01 +1.0952e+00 +1.4071e+00
108 0 +8.389242908e+05 +8.389061908e+05 +8.389061908e+05 +1.7555e-01 +1.6006e+00 +1.7259e+00
148 0 +5.572420819e+05 +5.572239819e+05 +5.572239819e+05 -4.3519e-02 +8.8279e-01 +1.8531e+00
149 0 +4.641949653e+04 +4.640139653e+04 +4.640139653e+04 -8.7500e-01 +7.2428e-01 +2.7691e+00
166 0 +3.425872350e+04 +3.424062350e+04 +3.424062350e+04 -1.0308e+00 +6.3385e-01 +3.2031e+00
169 0 +1.585875668e+04 +1.584065668e+04 +1.584065668e+04 -5.8379e-01 +7.2385e-01 +3.0199e+00
285 0 +1.027567818e+04 +1.025757818e+04 +1.025757818e+04 +4.5230e-02 +1.1549e+00 +2.4644e+00
299 0 +8.485052368e+03 +8.466952368e+03 +8.466952368e+03 -2.1817e-01 +1.0343e+00 +2.6178e+00
323 0 +7.968047927e+03 +7.949947927e+03 +7.949947927e+03 +1.6994e-02 +9.0358e-01 +2.5788e+00
337 0 +5.633476055e+03 +5.615376055e+03 +5.615376055e+03 -7.0435e-02 +1.0622e+00 +2.5367e+00
339 0 +2.044424208e+03 +2.026324208e+03 +2.026324208e+03 -8.4587e-02 +1.0589e+00 +2.5956e+00
357 0 +6.943185931e+02 +6.762185931e+02 +6.762185931e+02 -2.3058e-02 +9.9249e-01 +2.5766e+00
434 0 +2.404823305e+02 +2.223823305e+02 +2.223823305e+02 -2.5278e-03 +1.0103e+00 +2.5844e+00
450 0 +1.059199442e+02 +8.781994415e+01 +8.781994415e+01 -5.3187e-02 +9.9533e-01 +2.6042e+00
489 0 +2.005686721e+00 -1.609431328e+01 -1.609431328e+01 -2.1963e-02 +1.0238e+00 +2.5948e+00
20629 0 +1.879475233e+00 -1.622052477e+01 -1.622052477e+01 +2.3532e-01 +1.1533e+00 +2.4751e+00
23519 0 +8.664980529e-01 -1.723350195e+01 -1.723350195e+01 -7.4410e-01 +6.5218e-01 +2.9517e+00
26197 0 +7.496320912e-01 -1.735036791e+01 -1.735036791e+01 -2.9892e-01 +8.8635e-01 +2.7316e+00
33567 0 +5.068587287e-01 -1.759314127e+01 -1.759314127e+01 -4.7358e-01 +7.9409e-01 +2.8241e+00
41225 0 +4.364964624e-01 -1.766350354e+01 -1.766350354e+01 -9.0288e-01 +5.6723e-01 +3.0194e+00
% f evaluations | g evaluations | best noise-free fitness - Fopt (3.777000000000e+01) + sum g_i+ | measured fitness | best measured fitness or single-digit g-values | x1 | x2...
1 0 +2.870517633e+05 +2.870895333e+05 +2.870895333e+05 +2.5547e+00 +4.5605e+00 -4.7000e-01
133 0 +2.506970878e+05 +2.507348578e+05 +2.507348578e+05 -1.0753e+00 +1.4136e+00 +3.5912e-01
148 0 +1.679379035e+05 +1.679756735e+05 +1.679756735e+05 -8.7570e-01 +1.7412e+00 +2.1779e-01
149 0 +8.832642226e+04 +8.836419226e+04 +8.836419226e+04 -1.3145e+00 +1.4881e+00 +8.6546e-01
228 0 +4.465033980e+04 +4.468810980e+04 +4.468810980e+04 -7.5775e-01 +2.2867e+00 +1.4990e-01
243 0 +1.065565682e+04 +1.069342682e+04 +1.069342682e+04 -8.4932e-01 +2.0695e+00 +5.2537e-01
265 0 +1.518001195e+03 +1.555771195e+03 +1.555771195e+03 -1.1893e+00 +1.8715e+00 +5.8925e-01
282 0 +6.362421806e+02 +6.740121806e+02 +6.740121806e+02 -1.3552e+00 +1.8095e+00 +5.9026e-01
337 0 +2.631498994e+02 +3.009198994e+02 +3.009198994e+02 -1.0711e+00 +1.9713e+00 +5.0905e-01
378 0 +2.015227617e+01 +5.792227617e+01 +5.792227617e+01 -9.6048e-01 +2.0685e+00 +4.6647e-01
489 0 +7.473284116e+00 +4.524328412e+01 +4.524328412e+01 -9.8753e-01 +2.0569e+00 +4.7728e-01
531 0 +4.286672476e+00 +4.205667248e+01 +4.205667248e+01 -9.9365e-01 +2.0461e+00 +4.8153e-01
566 0 +6.419356810e-01 +3.841193568e+01 +3.841193568e+01 -9.6216e-01 +2.0727e+00 +4.6699e-01
584 0 +2.063157709e-01 +3.797631577e+01 +3.797631577e+01 -9.7705e-01 +2.0608e+00 +4.7476e-01
661 0 +4.689053185e-02 +3.781689053e+01 +3.781689053e+01 -9.7076e-01 +2.0659e+00 +4.7133e-01
678 0 +3.483793300e-02 +3.780483793e+01 +3.780483793e+01 -9.9797e-01 +2.0461e+00 +4.8150e-01
737 0 +3.201364233e-02 +3.780201364e+01 +3.780201364e+01 -9.7537e-01 +2.0624e+00 +4.7359e-01
757 0 +5.080530329e-03 +3.777508053e+01 +3.777508053e+01 -9.8496e-01 +2.0549e+00 +4.7727e-01
849 0 +4.443350399e-03 +3.777444335e+01 +3.777444335e+01 -9.8211e-01 +2.0570e+00 +4.7629e-01
893 0 +7.131732718e-04 +3.777071317e+01 +3.777071317e+01 -9.8502e-01 +2.0549e+00 +4.7734e-01
963 0 +1.093554076e-04 +3.777010936e+01 +3.777010936e+01 -9.8389e-01 +2.0558e+00 +4.7693e-01
1041 0 +5.337219341e-05 +3.777005337e+01 +3.777005337e+01 -9.8260e-01 +2.0567e+00 +4.7646e-01
1173 0 +4.930818132e-05 +3.777004931e+01 +3.777004931e+01 -9.8432e-01 +2.0555e+00 +4.7708e-01
1177 0 +4.570350108e-05 +3.777004570e+01 +3.777004570e+01 -9.8382e-01 +2.0558e+00 +4.7690e-01
1214 0 +3.678039511e-05 +3.777003678e+01 +3.777003678e+01 -9.8378e-01 +2.0559e+00 +4.7688e-01
1235 0 +2.983202883e-05 +3.777002983e+01 +3.777002983e+01 -9.8413e-01 +2.0556e+00 +4.7701e-01
1268 0 +2.682506686e-05 +3.777002683e+01 +3.777002683e+01 -9.8390e-01 +2.0558e+00 +4.7693e-01
1385 0 +2.550612195e-05 +3.777002551e+01 +3.777002551e+01 -9.8381e-01 +2.0558e+00 +4.7690e-01
1439 0 +2.215042083e-05 +3.777002215e+01 +3.777002215e+01 -9.8349e-01 +2.0561e+00 +4.7678e-01
1457 0 +2.125477961e-05 +3.777002125e+01 +3.777002125e+01 -9.8333e-01 +2.0562e+00 +4.7673e-01
1536 0 +1.883229500e-05 +3.777001883e+01 +3.777001883e+01 -9.8309e-01 +2.0564e+00 +4.7664e-01
1554 0 +1.857991013e-05 +3.777001858e+01 +3.777001858e+01 -9.8304e-01 +2.0564e+00 +4.7662e-01
1556 0 +1.753445385e-05 +3.777001753e+01 +3.777001753e+01 -9.8294e-01 +2.0565e+00 +4.7659e-01
1593 0 +1.476237993e-05 +3.777001476e+01 +3.777001476e+01 -9.8253e-01 +2.0568e+00 +4.7644e-01
1648 0 +1.308751192e-05 +3.777001309e+01 +3.777001309e+01 -9.8220e-01 +2.0570e+00 +4.7633e-01
1690 0 +1.193775059e-05 +3.777001194e+01 +3.777001194e+01 -9.8191e-01 +2.0572e+00 +4.7622e-01
1725 0 +1.038609292e-05 +3.777001039e+01 +3.777001039e+01 -9.8183e-01 +2.0573e+00 +4.7619e-01
1729 0 +1.022551649e-05 +3.777001023e+01 +3.777001023e+01 -9.8181e-01 +2.0573e+00 +4.7619e-01
1747 0 +9.631593528e-06 +3.777000963e+01 +3.777000963e+01 -9.8128e-01 +2.0577e+00 +4.7599e-01
1786 0 +7.078325019e-06 +3.777000708e+01 +3.777000708e+01 -9.8145e-01 +2.0575e+00 +4.7606e-01
1841 0 +5.983973409e-06 +3.777000598e+01 +3.777000598e+01 -9.8129e-01 +2.0576e+00 +4.7600e-01
1857 0 +5.145134715e-06 +3.777000515e+01 +3.777000515e+01 -9.8111e-01 +2.0578e+00 +4.7593e-01
1933 0 +3.818304748e-06 +3.777000382e+01 +3.777000382e+01 -9.8086e-01 +2.0580e+00 +4.7584e-01
1974 0 +3.547515696e-06 +3.777000355e+01 +3.777000355e+01 -9.8075e-01 +2.0580e+00 +4.7580e-01
2030 0 +3.352954025e-06 +3.777000335e+01 +3.777000335e+01 -9.8075e-01 +2.0580e+00 +4.7580e-01
2065 0 +3.199798968e-06 +3.777000320e+01 +3.777000320e+01 -9.8073e-01 +2.0581e+00 +4.7579e-01
2090 0 +2.854967029e-06 +3.777000285e+01 +3.777000285e+01 -9.8064e-01 +2.0581e+00 +4.7576e-01
2106 0 +2.587317468e-06 +3.777000259e+01 +3.777000259e+01 -9.8055e-01 +2.0582e+00 +4.7572e-01
2123 0 +2.427045665e-06 +3.777000243e+01 +3.777000243e+01 -9.8053e-01 +2.0582e+00 +4.7571e-01
2179 0 +2.393348240e-06 +3.777000239e+01 +3.777000239e+01 -9.8048e-01 +2.0582e+00 +4.7570e-01
2204 0 +2.252008038e-06 +3.777000225e+01 +3.777000225e+01 -9.8041e-01 +2.0583e+00 +4.7567e-01
2221 0 +2.199467815e-06 +3.777000220e+01 +3.777000220e+01 -9.8039e-01 +2.0583e+00 +4.7566e-01
2236 0 +2.058343071e-06 +3.777000206e+01 +3.777000206e+01 -9.8041e-01 +2.0583e+00 +4.7567e-01
2240 0 +1.865305592e-06 +3.777000187e+01 +3.777000187e+01 -9.8036e-01 +2.0583e+00 +4.7565e-01
2313 0 +1.741924287e-06 +3.777000174e+01 +3.777000174e+01 -9.8032e-01 +2.0584e+00 +4.7564e-01
2356 0 +1.656489431e-06 +3.777000166e+01 +3.777000166e+01 -9.8028e-01 +2.0584e+00 +4.7562e-01
2370 0 +1.615975151e-06 +3.777000162e+01 +3.777000162e+01 -9.8026e-01 +2.0584e+00 +4.7561e-01
2374 0 +1.583154081e-06 +3.777000158e+01 +3.777000158e+01 -9.8023e-01 +2.0584e+00 +4.7560e-01
2388 0 +1.450602433e-06 +3.777000145e+01 +3.777000145e+01 -9.8022e-01 +2.0584e+00 +4.7560e-01
2393 0 +1.426572844e-06 +3.777000143e+01 +3.777000143e+01 -9.8020e-01 +2.0584e+00 +4.7559e-01
2429 0 +1.318564465e-06 +3.777000132e+01 +3.777000132e+01 -9.8014e-01 +2.0585e+00 +4.7557e-01
2464 0 +1.254829606e-06 +3.777000125e+01 +3.777000125e+01 -9.8009e-01 +2.0585e+00 +4.7555e-01
2503 0 +1.039556984e-06 +3.777000104e+01 +3.777000104e+01 -9.8005e-01 +2.0586e+00 +4.7553e-01
2561 0 +1.016852693e-06 +3.777000102e+01 +3.777000102e+01 -9.7998e-01 +2.0586e+00 +4.7551e-01
2600 0 +9.862416874e-07 +3.777000099e+01 +3.777000099e+01 -9.8002e-01 +2.0586e+00 +4.7552e-01
2616 0 +9.300889090e-07 +3.777000093e+01 +3.777000093e+01 -9.7996e-01 +2.0586e+00 +4.7550e-01
2658 0 +8.361655759e-07 +3.777000084e+01 +3.777000084e+01 -9.7992e-01 +2.0587e+00 +4.7549e-01
2715 0 +7.924330845e-07 +3.777000079e+01 +3.777000079e+01 -9.7986e-01 +2.0587e+00 +4.7546e-01
2716 0 +6.456390622e-07 +3.777000065e+01 +3.777000065e+01 -9.7979e-01 +2.0588e+00 +4.7543e-01
2733 0 +5.406412598e-07 +3.777000054e+01 +3.777000054e+01 -9.7976e-01 +2.0588e+00 +4.7542e-01
2787 0 +4.567983254e-07 +3.777000046e+01 +3.777000046e+01 -9.7967e-01 +2.0588e+00 +4.7539e-01
2793 0 +3.223095817e-07 +3.777000032e+01 +3.777000032e+01 -9.7966e-01 +2.0588e+00 +4.7539e-01
2866 0 +3.137699238e-07 +3.777000031e+01 +3.777000031e+01 -9.7965e-01 +2.0589e+00 +4.7538e-01
2905 0 +3.067225407e-07 +3.777000031e+01 +3.777000031e+01 -9.7958e-01 +2.0589e+00 +4.7535e-01
2922 0 +2.921829889e-07 +3.777000029e+01 +3.777000029e+01 -9.7963e-01 +2.0589e+00 +4.7537e-01
2939 0 +2.720918459e-07 +3.777000027e+01 +3.777000027e+01 -9.7960e-01 +2.0589e+00 +4.7536e-01
2940 0 +2.662333713e-07 +3.777000027e+01 +3.777000027e+01 -9.7961e-01 +2.0589e+00 +4.7537e-01
2943 0 +2.234471737e-07 +3.777000022e+01 +3.777000022e+01 -9.7954e-01 +2.0589e+00 +4.7534e-01
2980 0 +2.120539406e-07 +3.777000021e+01 +3.777000021e+01 -9.7957e-01 +2.0589e+00 +4.7535e-01
2983 0 +1.866997366e-07 +3.777000019e+01 +3.777000019e+01 -9.7954e-01 +2.0589e+00 +4.7534e-01
3015 0 +1.740666349e-07 +3.777000017e+01 +3.777000017e+01 -9.7953e-01 +2.0589e+00 +4.7533e-01
3020 0 +1.459791932e-07 +3.777000015e+01 +3.777000015e+01 -9.7951e-01 +2.0590e+00 +4.7532e-01
3055 0 +1.205846232e-07 +3.777000012e+01 +3.777000012e+01 -9.7948e-01 +2.0590e+00 +4.7531e-01
3076 0 +1.140234502e-07 +3.777000011e+01 +3.777000011e+01 -9.7946e-01 +2.0590e+00 +4.7531e-01
3093 0 +1.093279920e-07 +3.777000011e+01 +3.777000011e+01 -9.7946e-01 +2.0590e+00 +4.7531e-01
3110 0 +9.454177530e-08 +3.777000009e+01 +3.777000009e+01 -9.7944e-01 +2.0590e+00 +4.7530e-01
3167 0 +8.951008823e-08 +3.777000009e+01 +3.777000009e+01 -9.7942e-01 +2.0590e+00 +4.7529e-01
3169 0 +8.346609093e-08 +3.777000008e+01 +3.777000008e+01 -9.7939e-01 +2.0591e+00 +4.7528e-01
3188 0 +6.271549324e-08 +3.777000006e+01 +3.777000006e+01 -9.7940e-01 +2.0591e+00 +4.7528e-01
3228 0 +4.182327729e-08 +3.777000004e+01 +3.777000004e+01 -9.7935e-01 +2.0591e+00 +4.7526e-01
3321 0 +4.066620107e-08 +3.777000004e+01 +3.777000004e+01 -9.7932e-01 +2.0591e+00 +4.7525e-01
3363 0 +3.615534894e-08 +3.777000004e+01 +3.777000004e+01 -9.7932e-01 +2.0591e+00 +4.7525e-01
3380 0 +2.622304862e-08 +3.777000003e+01 +3.777000003e+01 -9.7933e-01 +2.0591e+00 +4.7525e-01
3434 0 +2.519296771e-08 +3.777000003e+01 +3.777000003e+01 -9.7932e-01 +2.0591e+00 +4.7525e-01
3437 0 +2.124185983e-08 +3.777000002e+01 +3.777000002e+01 -9.7931e-01 +2.0591e+00 +4.7525e-01
3472 0 +1.945447536e-08 +3.777000002e+01 +3.777000002e+01 -9.7931e-01 +2.0591e+00 +4.7524e-01
3493 0 +1.644225023e-08 +3.777000002e+01 +3.777000002e+01 -9.7929e-01 +2.0591e+00 +4.7524e-01
3513 0 +1.571822139e-08 +3.777000002e+01 +3.777000002e+01 -9.7928e-01 +2.0591e+00 +4.7523e-01
3552 0 +1.332575295e-08 +3.777000001e+01 +3.777000001e+01 -9.7929e-01 +2.0591e+00 +4.7524e-01
3569 0 +1.268920613e-08 +3.777000001e+01 +3.777000001e+01 -9.7928e-01 +2.0591e+00 +4.7523e-01
3585 0 +1.101123814e-08 +3.777000001e+01 +3.777000001e+01 -9.7928e-01 +2.0591e+00 +4.7523e-01
3590 0 +1.083071766e-08 +3.777000001e+01 +3.777000001e+01 -9.7927e-01 +2.0591e+00 +4.7523e-01
3623 0 +9.448278604e-09 +3.777000001e+01 +3.777000001e+01 -9.7927e-01 +2.0591e+00 +4.7523e-01
% f evaluations | g evaluations | best noise-free fitness - Fopt (5.951800000000e+02) + sum g_i+ | measured fitness | best measured fitness or single-digit g-values | x1 | x2...
1 0 +4.776274363e+06 +4.776869543e+06 +4.776869543e+06 -5.7744e-01 +4.1717e+00 +1.1395e+00
11 0 +4.678567060e+06 +4.679162240e+06 +4.679162240e+06 +6.9756e-01 +3.6682e+00 +1.2472e+00
34 0 +3.492672235e+06 +3.493267415e+06 +3.493267415e+06 -5.8720e-01 +5.2414e-01 +8.1563e-01
71 0 +3.428316823e+06 +3.428912003e+06 +3.428912003e+06 -5.3289e-01 +5.5617e-01 +8.4362e-01
74 0 +1.594266480e+06 +1.594861660e+06 +1.594861660e+06 -6.1994e-01 +9.5933e-01 +1.4201e+00
91 0 +1.138651885e+06 +1.139247065e+06 +1.139247065e+06 -9.5557e-01 +1.0492e+00 +2.0904e+00
112 0 +6.323212036e+05 +6.329163836e+05 +6.329163836e+05 -7.1883e-01 +1.4270e+00 +2.6392e+00
127 0 +2.336953112e+05 +2.342904912e+05 +2.342904912e+05 -7.6664e-01 +1.7376e+00 +2.4663e+00
130 0 +2.020183884e+05 +2.026135684e+05 +2.026135684e+05 -6.5588e-01 +2.3919e+00 +1.6786e+00
189 0 +1.619521469e+05 +1.625473269e+05 +1.625473269e+05 +1.1928e+00 +2.0551e+00 +3.4841e+00
206 0 +1.333680895e+05 +1.339632695e+05 +1.339632695e+05 +1.9681e+00 +2.3605e+00 +4.0482e+00
260 0 +5.982237988e+04 +6.041755988e+04 +6.041755988e+04 +4.8963e+00 +2.9667e+00 +6.8715e+00
299 0 +1.012359464e+04 +1.071877464e+04 +1.071877464e+04 +4.2057e+00 +2.7422e+00 +6.3947e+00
319 0 +9.373712538e+03 +9.968892538e+03 +9.968892538e+03 +7.5032e+00 +3.2672e+00 +9.5376e+00
361 0 +6.769491906e+03 +7.364671906e+03 +7.364671906e+03 +8.9609e+00 +3.3994e+00 +1.0890e+01
431 0 +3.741330318e+03 +4.336510318e+03 +4.336510318e+03 +8.3265e+00 +3.2345e+00 +1.0164e+01
452 0 +3.078374580e+03 +3.673554580e+03 +3.673554580e+03 +7.7640e+00 +3.1780e+00 +9.6552e+00
471 0 +2.692614583e+03 +3.287794583e+03 +3.287794583e+03 +5.8489e+00 +2.9182e+00 +7.9905e+00
491 0 +9.384040073e+02 +1.533584007e+03 +1.533584007e+03 +6.3133e+00 +3.0415e+00 +8.3857e+00
512 0 +2.520246006e+02 +8.472046006e+02 +8.472046006e+02 +6.7170e+00 +3.0676e+00 +8.7877e+00
529 0 +1.209241654e+02 +7.161041654e+02 +7.161041654e+02 +5.8561e+00 +2.9718e+00 +8.0007e+00
643 0 +1.151289564e+02 +7.103089564e+02 +7.103089564e+02 +6.8198e+00 +3.0903e+00 +8.8704e+00
718 0 +1.105301153e+02 +7.057101153e+02 +7.057101153e+02 +6.3502e+00 +3.0352e+00 +8.4508e+00
739 0 +1.032024550e+02 +6.983824550e+02 +6.983824550e+02 +5.8192e+00 +2.9652e+00 +7.9695e+00
798 0 +8.901760151e+01 +6.841976015e+02 +6.841976015e+02 +5.7321e+00 +2.9562e+00 +7.8946e+00
888 0 +8.559043885e+01 +6.807704388e+02 +6.807704388e+02 +5.7797e+00 +2.9612e+00 +7.9404e+00
945 0 +8.449999351e+01 +6.796799935e+02 +6.796799935e+02 +5.7358e+00 +2.9554e+00 +7.9011e+00
965 0 +8.291145999e+01 +6.780914600e+02 +6.780914600e+02 +5.5989e+00 +2.9397e+00 +7.7784e+00
1025 0 +7.997428981e+01 +6.751542898e+02 +6.751542898e+02 +5.5600e+00 +2.9331e+00 +7.7430e+00
1026 0 +7.861141847e+01 +6.737914185e+02 +6.737914185e+02 +5.4084e+00 +2.9146e+00 +7.6087e+00
1082 0 +7.585426398e+01 +6.710342640e+02 +6.710342640e+02 +5.1417e+00 +2.8808e+00 +7.3706e+00
1096 0 +7.330078686e+01 +6.684807869e+02 +6.684807869e+02 +4.7762e+00 +2.8376e+00 +7.0437e+00
1115 0 +7.181963792e+01 +6.669996379e+02 +6.669996379e+02 +5.0309e+00 +2.8672e+00 +7.2709e+00
1117 0 +6.939936617e+01 +6.645793662e+02 +6.645793662e+02 +4.7857e+00 +2.8362e+00 +7.0516e+00
1137 0 +6.694406920e+01 +6.621240692e+02 +6.621240692e+02 +4.7176e+00 +2.8289e+00 +6.9905e+00
1154 0 +5.986074930e+01 +6.550407493e+02 +6.550407493e+02 +4.3993e+00 +2.7884e+00 +6.7049e+00
1192 0 +5.447399630e+01 +6.496539963e+02 +6.496539963e+02 +4.0636e+00 +2.7465e+00 +6.4041e+00
1248 0 +4.583820482e+01 +6.410182048e+02 +6.410182048e+02 +3.4019e+00 +2.6674e+00 +5.8091e+00
1268 0 +3.692385437e+01 +6.321038544e+02 +6.321038544e+02 +3.2155e+00 +2.6423e+00 +5.6425e+00
1292 0 +3.153784047e+01 +6.267178405e+02 +6.267178405e+02 +2.4002e+00 +2.5397e+00 +4.9133e+00
1305 0 +2.719567068e+01 +6.223756707e+02 +6.223756707e+02 +2.4007e+00 +2.5402e+00 +4.9126e+00
1325 0 +2.267807841e+01 +6.178580784e+02 +6.178580784e+02 +2.1528e+00 +2.5079e+00 +4.6896e+00
1343 0 +1.359090496e+01 +6.087709050e+02 +6.087709050e+02 +1.5933e+00 +2.4398e+00 +4.1859e+00
1404 0 +1.028163310e+01 +6.054616331e+02 +6.054616331e+02 +3.8390e-01 +2.2886e+00 +3.1044e+00
1420 0 +6.587113077e+00 +6.017671131e+02 +6.017671131e+02 +4.4753e-01 +2.2977e+00 +3.1579e+00
1425 0 +5.489392732e+00 +6.006693927e+02 +6.006693927e+02 -9.6436e-02 +2.2277e+00 +2.6727e+00
1438 0 +1.297536955e+00 +5.964775370e+02 +5.964775370e+02 -4.4437e-01 +2.1842e+00 +2.3584e+00
1515 0 +1.062884392e+00 +5.962428844e+02 +5.962428844e+02 -7.0478e-01 +2.1527e+00 +2.1260e+00
1533 0 +4.673535265e-01 +5.956473535e+02 +5.956473535e+02 -5.8518e-01 +2.1675e+00 +2.2323e+00
1591 0 +2.195109574e-01 +5.953995110e+02 +5.953995110e+02 -8.0863e-01 +2.1392e+00 +2.0315e+00
1647 0 +1.880688474e-01 +5.953680688e+02 +5.953680688e+02 -8.5388e-01 +2.1341e+00 +1.9907e+00
1666 0 +1.303391925e-01 +5.953103392e+02 +5.953103392e+02 -9.7982e-01 +2.1184e+00 +1.8778e+00
1668 0 +8.957652812e-02 +5.952695765e+02 +5.952695765e+02 -8.6918e-01 +2.1321e+00 +1.9772e+00
1688 0 +7.996431533e-02 +5.952599643e+02 +5.952599643e+02 -9.8031e-01 +2.1184e+00 +1.8777e+00
1742 0 +5.331689725e-02 +5.952333169e+02 +5.952333169e+02 -9.4003e-01 +2.1233e+00 +1.9137e+00
1744 0 +3.898792872e-02 +5.952189879e+02 +5.952189879e+02 -1.0435e+00 +2.1104e+00 +1.8211e+00
1761 0 +3.640181374e-02 +5.952164018e+02 +5.952164018e+02 -9.7561e-01 +2.1188e+00 +1.8821e+00
1784 0 +1.059986257e-02 +5.951905999e+02 +5.951905999e+02 -1.0379e+00 +2.1110e+00 +1.8260e+00
1786 0 +1.897670540e-03 +5.951818977e+02 +5.951818977e+02 -1.0651e+00 +2.1078e+00 +1.8018e+00
1989 0 +1.101828907e-03 +5.951811018e+02 +5.951811018e+02 -1.0410e+00 +2.1106e+00 +1.8233e+00
2012 0 +9.394158170e-04 +5.951809394e+02 +5.951809394e+02 -1.0569e+00 +2.1086e+00 +1.8090e+00
2106 0 +1.215491352e-04 +5.951801215e+02 +5.951801215e+02 -1.0609e+00 +2.1081e+00 +1.8054e+00
2144 0 +9.308763538e-05 +5.951800931e+02 +5.951800931e+02 -1.0569e+00 +2.1086e+00 +1.8090e+00
2160 0 +4.743950797e-05 +5.951800474e+02 +5.951800474e+02 -1.0616e+00 +2.1080e+00 +1.8048e+00
2161 0 +8.763758046e-06 +5.951800088e+02 +5.951800088e+02 -1.0615e+00 +2.1080e+00 +1.8049e+00
2298 0 +5.238588528e-06 +5.951800052e+02 +5.951800052e+02 -1.0601e+00 +2.1082e+00 +1.8061e+00
2408 0 +3.912928264e-06 +5.951800039e+02 +5.951800039e+02 -1.0606e+00 +2.1081e+00 +1.8057e+00
2427 0 +3.237622764e-06 +5.951800032e+02 +5.951800032e+02 -1.0607e+00 +2.1081e+00 +1.8056e+00
2431 0 +2.070974006e-06 +5.951800021e+02 +5.951800021e+02 -1.0608e+00 +2.1081e+00 +1.8055e+00
2451 0 +1.677185423e-06 +5.951800017e+02 +5.951800017e+02 -1.0608e+00 +2.1081e+00 +1.8055e+00
2506 0 +1.114930456e-06 +5.951800011e+02 +5.951800011e+02 -1.0610e+00 +2.1081e+00 +1.8053e+00
2508 0 +4.683021189e-07 +5.951800005e+02 +5.951800005e+02 -1.0613e+00 +2.1080e+00 +1.8051e+00
2540 0 +6.231198313e-08 +5.951800001e+02 +5.951800001e+02 -1.0615e+00 +2.1080e+00 +1.8048e+00
2618 0 +6.492882676e-09 +5.951800000e+02 +5.951800000e+02 -1.0617e+00 +2.1080e+00 +1.8048e+00
% f evaluations | g evaluations | best noise-free fitness - Fopt (-1.547100000000e+02) + sum g_i+ | measured fitness | best measured fitness or single-digit g-values | x1 | x2...
1 0 +4.014822546e+06 +4.014667836e+06 +4.014667836e+06 +4.3108e+00 -3.6386e-01 +6.6370e-01
7 0 +8.990291698e+05 +8.988744598e+05 +8.988744598e+05 +2.7417e+00 +2.6996e+00 -1.7424e+00
90 0 +2.457504761e+05 +2.455957661e+05 +2.455957661e+05 +2.9512e+00 +1.9422e+00 +2.5409e-01
112 0 +6.094590109e+04 +6.079119109e+04 +6.079119109e+04 +3.1139e+00 +2.0834e+00 +3.6803e-01
166 0 +5.043734713e+04 +5.028263713e+04 +5.028263713e+04 +3.2406e+00 +2.1718e+00 +1.0766e-01
262 0 +4.960505277e+04 +4.945034277e+04 +4.945034277e+04 +3.2889e+00 +1.6787e+00 +5.9917e-01
279 0 +2.644862810e+04 +2.629391810e+04 +2.629391810e+04 +3.4645e+00 +1.9099e+00 +5.1712e-01
283 0 +2.970997571e+03 +2.816287571e+03 +2.816287571e+03 +3.2318e+00 +1.7505e+00 +8.8261e-01
358 0 +4.537362766e+02 +2.990262766e+02 +2.990262766e+02 +3.2833e+00 +1.6752e+00 +8.8756e-01
434 0 +3.435408042e+02 +1.888308042e+02 +1.888308042e+02 +3.2990e+00 +1.8206e+00 +8.1068e-01
564 0 +1.586867464e+02 +3.976746447e+00 +3.976746447e+00 +3.2753e+00 +1.5884e+00 +9.9367e-01
587 0 +1.119698649e+01 -1.435130135e+02 -1.435130135e+02 +3.2012e+00 +1.3963e+00 +1.1595e+00
17936 0 +7.895604345e+00 -1.468143957e+02 -1.468143957e+02 +2.8993e+00 -6.5708e-02 +2.5815e+00
35528 0 +5.304254339e+00 -1.494057457e+02 -1.494057457e+02 +2.9130e+00 +1.1265e-03 +2.5198e+00
43599 0 +4.260599625e+00 -1.504494004e+02 -1.504494004e+02 +3.1249e+00 +1.0540e+00 +1.4842e+00
% f evaluations | g evaluations | best noise-free fitness - Fopt (1.060400000000e+02) + sum g_i+ | measured fitness | best measured fitness or single-digit g-values | x1 | x2...
1 0 +5.630693167e+07 +5.630703771e+07 +5.630703771e+07 -3.6711e+00 +8.9812e-01 +3.8642e+00
2 0 +4.142055474e+07 +4.142066078e+07 +4.142066078e+07 -1.8299e+00 +7.7511e-01 -2.9027e+00
3 0 +5.273923256e+05 +5.274983656e+05 +5.274983656e+05 -2.4541e+00 -3.5103e+00 +1.7307e+00
223 0 +4.960214897e+05 +4.961275297e+05 +4.961275297e+05 -7.5559e-01 -2.5000e+00 +2.3118e+00
224 0 +2.046999915e+04 +2.057603915e+04 +2.057603915e+04 +1.7526e+00 -2.5083e+00 +1.5566e+00
436 0 +1.152770672e+04 +1.163374672e+04 +1.163374672e+04 +1.6101e+00 -2.5622e+00 +1.6191e+00
530 0 +2.139071679e+03 +2.245111679e+03 +2.245111679e+03 +1.8399e+00 -2.6438e+00 +1.6033e+00
551 0 +6.460072204e+02 +7.520472204e+02 +7.520472204e+02 +2.5275e+00 -2.4360e+00 +1.5150e+00
623 0 +3.731517420e+02 +4.791917420e+02 +4.791917420e+02 +2.3409e+00 -2.4795e+00 +1.5200e+00
662 0 +1.978349469e+02 +3.038749469e+02 +3.038749469e+02 +2.4586e+00 -2.4710e+00 +1.4976e+00
663 0 +9.962914731e+01 +2.056691473e+02 +2.056691473e+02 +2.4022e+00 -2.4861e+00 +1.5255e+00
758 0 +7.023632997e+01 +1.762763300e+02 +1.762763300e+02 +2.5745e+00 -2.4426e+00 +1.4821e+00
793 0 +5.322156754e+01 +1.592615675e+02 +1.592615675e+02 +2.5318e+00 -2.4533e+00 +1.4938e+00
812 0 +4.845096739e+01 +1.544909674e+02 +1.544909674e+02 +2.5854e+00 -2.4369e+00 +1.4840e+00
835 0 +4.596691700e+01 +1.520069170e+02 +1.520069170e+02 +2.5847e+00 -2.4381e+00 +1.4856e+00
850 0 +4.465367299e+01 +1.506936730e+02 +1.506936730e+02 +2.4760e+00 -2.4642e+00 +1.5067e+00
1077 0 +4.328225963e+01 +1.493222596e+02 +1.493222596e+02 +2.4223e+00 -2.4749e+00 +1.5170e+00
1140 0 +4.249070777e+01 +1.485307078e+02 +1.485307078e+02 +2.3778e+00 -2.4858e+00 +1.5256e+00
1195 0 +4.155139431e+01 +1.475913943e+02 +1.475913943e+02 +2.2145e+00 -2.5210e+00 +1.5574e+00
1196 0 +4.060047018e+01 +1.466404702e+02 +1.466404702e+02 +2.2446e+00 -2.5158e+00 +1.5515e+00
1232 0 +3.931395587e+01 +1.453539559e+02 +1.453539559e+02 +1.9277e+00 -2.5885e+00 +1.6142e+00
1234 0 +3.756358369e+01 +1.436035837e+02 +1.436035837e+02 +1.8882e+00 -2.5959e+00 +1.6224e+00
1267 0 +3.606093659e+01 +1.421009366e+02 +1.421009366e+02 +1.3871e+00 -2.7101e+00 +1.7214e+00
1273 0 +3.041469974e+01 +1.364546997e+02 +1.364546997e+02 +1.1427e+00 -2.7625e+00 +1.7660e+00
1286 0 +2.718616178e+01 +1.332261618e+02 +1.332261618e+02 +9.0527e-01 -2.8162e+00 +1.8124e+00
1306 0 +2.208676470e+01 +1.281267647e+02 +1.281267647e+02 +1.4906e-01 -2.9890e+00 +1.9632e+00
1307 0 +2.133202180e+01 +1.273720218e+02 +1.273720218e+02 +2.1949e-01 -2.9710e+00 +1.9461e+00
1326 0 +1.407357945e+01 +1.201135794e+02 +1.201135794e+02 -1.2367e+00 -3.2985e+00 +2.2324e+00
1343 0 +5.004411182e+00 +1.110444112e+02 +1.110444112e+02 -2.4204e+00 -3.5698e+00 +2.4630e+00
1400 0 +3.743482963e+00 +1.097834830e+02 +1.097834830e+02 -2.6193e+00 -3.6145e+00 +2.5024e+00
1476 0 +3.327767859e+00 +1.093677679e+02 +1.093677679e+02 -2.1504e+00 -3.5073e+00 +2.4110e+00
1518 0 +1.831236654e+00 +1.078712367e+02 +1.078712367e+02 -3.0559e+00 -3.7125e+00 +2.5882e+00
1556 0 +1.796560369e+00 +1.078365604e+02 +1.078365604e+02 -2.6635e+00 -3.6233e+00 +2.5113e+00
1573 0 +1.329816030e+00 +1.073698160e+02 +1.073698160e+02 -2.8773e+00 -3.6707e+00 +2.5527e+00
1575 0 +7.832976205e-01 +1.068232976e+02 +1.068232976e+02 -3.3214e+00 -3.7722e+00 +2.6396e+00
1591 0 +6.042287967e-01 +1.066442288e+02 +1.066442288e+02 -3.5945e+00 -3.8333e+00 +2.6936e+00
1615 0 +5.561501856e-01 +1.065961502e+02 +1.065961502e+02 -3.3265e+00 -3.7723e+00 +2.6400e+00
1671 0 +1.131740141e-01 +1.061531740e+02 +1.061531740e+02 -3.7475e+00 -3.8673e+00 +2.7228e+00
1708 0 +2.586637902e-02 +1.060658664e+02 +1.060658664e+02 -3.7301e+00 -3.8638e+00 +2.7193e+00
1818 0 +2.002721369e-02 +1.060600272e+02 +1.060600272e+02 -3.7516e+00 -3.8685e+00 +2.7235e+00
1821 0 +2.220714596e-03 +1.060422207e+02 +1.060422207e+02 -3.8161e+00 -3.8831e+00 +2.7362e+00
1955 0 +1.067798616e-03 +1.060410678e+02 +1.060410678e+02 -3.8543e+00 -3.8917e+00 +2.7438e+00
2048 0 +6.750914794e-04 +1.060406751e+02 +1.060406751e+02 -3.8295e+00 -3.8861e+00 +2.7388e+00
2068 0 +2.102296703e-05 +1.060400210e+02 +1.060400210e+02 -3.8482e+00 -3.8903e+00 +2.7425e+00
2219 0 +1.662382361e-05 +1.060400166e+02 +1.060400166e+02 -3.8499e+00 -3.8907e+00 +2.7428e+00
2278 0 +2.309787021e-06 +1.060400023e+02 +1.060400023e+02 -3.8524e+00 -3.8913e+00 +2.7433e+00
2602 0 +1.981248488e-06 +1.060400020e+02 +1.060400020e+02 -3.8507e+00 -3.8909e+00 +2.7429e+00
2636 0 +1.109976992e-06 +1.060400011e+02 +1.060400011e+02 -3.8520e+00 -3.8912e+00 +2.7432e+00
2639 0 +6.791014044e-07 +1.060400007e+02 +1.060400007e+02 -3.8515e+00 -3.8911e+00 +2.7431e+00
2714 0 +4.166484189e-07 +1.060400004e+02 +1.060400004e+02 -3.8519e+00 -3.8912e+00 +2.7432e+00
2733 0 +1.879546545e-07 +1.060400002e+02 +1.060400002e+02 -3.8517e+00 -3.8911e+00 +2.7431e+00
2749 0 +1.313417215e-07 +1.060400001e+02 +1.060400001e+02 -3.8519e+00 -3.8912e+00 +2.7432e+00
2825 0 +4.947993659e-08 +1.060400000e+02 +1.060400000e+02 -3.8519e+00 -3.8912e+00 +2.7432e+00
2866 0 +8.784468264e-09 +1.060400000e+02 +1.060400000e+02 -3.8520e+00 -3.8912e+00 +2.7432e+00
% f evaluations | g evaluations | best noise-free fitness - Fopt (1.374500000000e+02) + sum g_i+ | measured fitness | best measured fitness or single-digit g-values | x1 | x2...
1 0 +4.426071030e+08 +4.426072405e+08 +4.426072405e+08 -4.9698e+00 -4.9359e+00 -2.0856e+00
2 0 +4.552167890e+07 +4.552181635e+07 +4.552181635e+07 +2.7539e+00 -1.8626e+00 -3.6357e+00
3 0 +3.386753698e+07 +3.386767443e+07 +3.386767443e+07 -1.6716e+00 -2.2334e+00 -1.4670e+00
5 0 +3.300125976e+07 +3.300139721e+07 +3.300139721e+07 -1.3222e+00 -1.8542e+00 -3.9087e+00
6 0 +1.028485008e+07 +1.028498753e+07 +1.028498753e+07 -3.9093e-01 +9.5718e-01 -3.5930e+00
10 0 +9.196970631e+06 +9.197108081e+06 +9.197108081e+06 +3.6858e+00 +3.4764e+00 +2.4965e+00
14 0 +7.209023741e+06 +7.209161191e+06 +7.209161191e+06 -7.7294e-02 +9.1704e-02 -1.0477e-01
15 0 +6.133786402e+06 +6.133923852e+06 +6.133923852e+06 +4.6956e-02 +1.5047e-01 +3.0267e-01
34 0 +5.009042805e+06 +5.009180255e+06 +5.009180255e+06 +1.5035e-01 +4.0847e-01 +3.7748e-01
36 0 +4.813870646e+06 +4.814008096e+06 +4.814008096e+06 +8.8231e-02 +4.0220e-01 +4.9292e-01
56 0 +3.379963083e+06 +3.380100533e+06 +3.380100533e+06 +4.1561e-02 +7.7121e-01 +5.8930e-01
72 0 +2.600081571e+06 +2.600219021e+06 +2.600219021e+06 +1.3293e-01 +1.0175e+00 +5.4501e-01
89 0 +2.207003187e+06 +2.207140637e+06 +2.207140637e+06 -5.5792e-01 +1.4019e+00 -9.0628e-02
91 0 +8.188548019e+05 +8.189922519e+05 +8.189922519e+05 -3.1664e-01 +2.0071e+00 -1.8760e-01
109 0 +5.460687139e+05 +5.462061639e+05 +5.462061639e+05 -2.9836e-01 +2.2824e+00 -4.3144e-01
110 0 +3.416559736e+05 +3.417934236e+05 +3.417934236e+05 -1.2689e+00 +2.7933e+00 -9.8682e-01
130 0 +6.603350009e+04 +6.617095009e+04 +6.617095009e+04 +4.2017e-01 +2.5212e+00 +1.0102e+00
260 0 +4.590045799e+04 +4.603790799e+04 +4.603790799e+04 -2.7932e-01 +2.7403e+00 +6.6452e-01
261 0 +4.288228890e+04 +4.301973890e+04 +4.301973890e+04 -7.4337e-02 +2.6248e+00 +1.0496e+00
262 0 +2.416330926e+04 +2.430075926e+04 +2.430075926e+04 -1.4455e-01 +2.7125e+00 +7.8628e-01
265 0 +9.143788852e+03 +9.281238852e+03 +9.281238852e+03 +4.3203e-02 +2.5124e+00 +9.9133e-01
336 0 +6.560632429e+03 +6.698082429e+03 +6.698082429e+03 +2.4514e-01 +2.4249e+00 +1.4106e+00
342 0 +5.214103934e+03 +5.351553934e+03 +5.351553934e+03 +1.0551e-01 +2.5136e+00 +9.2712e-01
360 0 +1.668609490e+03 +1.806059490e+03 +1.806059490e+03 +2.0202e-01 +2.4996e+00 +1.2376e+00
378 0 +1.621937037e+02 +2.996437037e+02 +2.996437037e+02 +2.2354e-01 +2.4946e+00 +1.1762e+00
470 0 +1.576478110e+02 +2.950978110e+02 +2.950978110e+02 +4.8185e-02 +2.6054e+00 +8.4063e-01
550 0 +5.531335980e+00 +1.429813360e+02 +1.429813360e+02 +1.5918e-01 +2.5431e+00 +1.0639e+00
664 0 +4.709170480e+00 +1.421591705e+02 +1.421591705e+02 +1.7654e-01 +2.5336e+00 +1.0970e+00
684 0 +4.502279785e+00 +1.419522798e+02 +1.419522798e+02 +1.6632e-01 +2.5395e+00 +1.0769e+00
798 0 +4.162285148e+00 +1.416122851e+02 +1.416122851e+02 +2.1724e-01 +2.5053e+00 +1.1790e+00
817 0 +3.746507580e+00 +1.411965076e+02 +1.411965076e+02 +2.6220e-01 +2.4757e+00 +1.2685e+00
874 0 +3.196689087e+00 +1.406466891e+02 +1.406466891e+02 +3.3861e-01 +2.4255e+00 +1.4205e+00
912 0 +2.986899732e+00 +1.404368997e+02 +1.404368997e+02 +3.2740e-01 +2.4333e+00 +1.3972e+00
925 0 +2.853013628e+00 +1.403030136e+02 +1.403030136e+02 +4.3128e-01 +2.3637e+00 +1.6047e+00
928 0 +2.569685407e+00 +1.400196854e+02 +1.400196854e+02 +3.8499e-01 +2.3954e+00 +1.5109e+00
948 0 +2.251306813e+00 +1.397013068e+02 +1.397013068e+02 +5.1047e-01 +2.3123e+00 +1.7588e+00
950 0 +1.775416689e+00 +1.392254167e+02 +1.392254167e+02 +5.1320e-01 +2.3104e+00 +1.7663e+00
967 0 +1.716820524e+00 +1.391668205e+02 +1.391668205e+02 +5.9188e-01 +2.2591e+00 +1.9203e+00
969 0 +1.462132738e+00 +1.389121327e+02 +1.389121327e+02 +5.7265e-01 +2.2712e+00 +1.8844e+00
1023 0 +7.801687129e-01 +1.382301687e+02 +1.382301687e+02 +6.9667e-01 +2.1894e+00 +2.1294e+00
1135 0 +5.642619047e-01 +1.380142619e+02 +1.380142619e+02 +7.5286e-01 +2.1523e+00 +2.2409e+00
1153 0 +2.877909057e-01 +1.377377909e+02 +1.377377909e+02 +8.9020e-01 +2.0610e+00 +2.5142e+00
1196 0 +2.005073496e-01 +1.376505073e+02 +1.376505073e+02 +9.8967e-01 +1.9961e+00 +2.7112e+00
1211 0 +1.663430753e-01 +1.376163431e+02 +1.376163431e+02 +9.3774e-01 +2.0302e+00 +2.6074e+00
1251 0 +1.505489936e-01 +1.376005490e+02 +1.376005490e+02 +9.6074e-01 +2.0152e+00 +2.6533e+00
1253 0 +1.353123773e-01 +1.375853124e+02 +1.375853124e+02 +9.4287e-01 +2.0264e+00 +2.6183e+00
1267 0 +8.237401479e-02 +1.375323740e+02 +1.375323740e+02 +1.0190e+00 +1.9761e+00 +2.7697e+00
1287 0 +7.075198232e-02 +1.375207520e+02 +1.375207520e+02 +9.7965e-01 +2.0025e+00 +2.6911e+00
1291 0 +1.936372508e-02 +1.374693637e+02 +1.374693637e+02 +1.0205e+00 +1.9753e+00 +2.7723e+00
1308 0 +8.888557482e-03 +1.374588886e+02 +1.374588886e+02 +1.0577e+00 +1.9507e+00 +2.8462e+00
1421 0 +5.105772066e-03 +1.374551058e+02 +1.374551058e+02 +1.0401e+00 +1.9624e+00 +2.8111e+00
1422 0 +1.831154897e-03 +1.374518312e+02 +1.374518312e+02 +1.0627e+00 +1.9474e+00 +2.8560e+00
1555 0 +9.265731688e-04 +1.374509266e+02 +1.374509266e+02 +1.0645e+00 +1.9463e+00 +2.8595e+00
1592 0 +6.558063268e-04 +1.374506558e+02 +1.374506558e+02 +1.0669e+00 +1.9447e+00 +2.8642e+00
1648 0 +1.024532995e-04 +1.374501025e+02 +1.374501025e+02 +1.0683e+00 +1.9438e+00 +2.8671e+00
1819 0 +8.418415612e-05 +1.374500842e+02 +1.374500842e+02 +1.0700e+00 +1.9427e+00 +2.8703e+00
1838 0 +5.260106218e-05 +1.374500526e+02 +1.374500526e+02 +1.0677e+00 +1.9442e+00 +2.8658e+00
1842 0 +4.254865470e-05 +1.374500425e+02 +1.374500425e+02 +1.0701e+00 +1.9426e+00 +2.8706e+00
1862 0 +1.460489599e-05 +1.374500146e+02 +1.374500146e+02 +1.0696e+00 +1.9429e+00 +2.8696e+00
1876 0 +6.442089756e-06 +1.374500064e+02 +1.374500064e+02 +1.0694e+00 +1.9430e+00 +2.8693e+00
1918 0 +3.647564796e-06 +1.374500036e+02 +1.374500036e+02 +1.0700e+00 +1.9427e+00 +2.8703e+00
2012 0 +2.920862102e-06 +1.374500029e+02 +1.374500029e+02 +1.0699e+00 +1.9427e+00 +2.8702e+00
2032 0 +1.818091363e-06 +1.374500018e+02 +1.374500018e+02 +1.0699e+00 +1.9427e+00 +2.8702e+00
2048 0 +9.692868446e-07 +1.374500010e+02 +1.374500010e+02 +1.0704e+00 +1.9424e+00 +2.8712e+00
2066 0 +1.790384374e-07 +1.374500002e+02 +1.374500002e+02 +1.0703e+00 +1.9424e+00 +2.8711e+00
2141 0 +6.739233527e-08 +1.374500001e+02 +1.374500001e+02 +1.0704e+00 +1.9424e+00 +2.8712e+00
2277 0 +3.887035405e-08 +1.374500000e+02 +1.374500000e+02 +1.0703e+00 +1.9425e+00 +2.8710e+00
2314 0 +5.148422133e-09 +1.374500000e+02 +1.374500000e+02 +1.0704e+00 +1.9424e+00 +2.8712e+00
% f evaluations | g evaluations | best noise-free fitness - Fopt (1.588000000000e+02) + sum g_i+ | measured fitness | best measured fitness or single-digit g-values | x1 | x2...
1 0 +1.914658034e+08 +1.914659622e+08 +1.914659622e+08 -4.3420e+00 +9.4864e-01 -1.1919e-01
2 0 +7.861611374e+07 +7.861627254e+07 +7.861627254e+07 +1.8447e+00 +3.0174e+00 -4.0192e+00
4 0 +3.762515786e+07 +3.762531666e+07 +3.762531666e+07 -1.4400e-02 +6.1129e-01 -4.8715e-01
6 0 +3.070150566e+07 +3.070166446e+07 +3.070166446e+07 -2.4242e-01 -2.4068e-01 -1.2397e-01
8 0 +9.476640449e+06 +9.476799249e+06 +9.476799249e+06 -7.8056e-01 -1.6380e+00 +3.0886e+00
89 0 +8.616274951e+06 +8.616433751e+06 +8.616433751e+06 +1.1622e+00 -2.0598e+00 +5.3053e-01
91 0 +1.763408172e+06 +1.763566972e+06 +1.763566972e+06 +8.7477e-01 -2.8224e+00 +2.6475e+00
109 0 +2.022873425e+05 +2.024461425e+05 +2.024461425e+05 +1.1704e+00 -3.6666e+00 +2.9068e+00
147 0 +5.932986569e+04 +5.948866569e+04 +5.948866569e+04 +1.8753e+00 -4.0616e+00 +2.9362e+00
280 0 +8.128669393e+03 +8.287469393e+03 +8.287469393e+03 +2.3388e+00 -3.9355e+00 +2.5551e+00
321 0 +2.706808090e+03 +2.865608090e+03 +2.865608090e+03 +2.6706e+00 -3.6993e+00 +2.3070e+00
341 0 +5.685240365e+02 +7.273240365e+02 +7.273240365e+02 +2.7804e+00 -3.7396e+00 +2.2554e+00
342 0 +5.340351723e+02 +6.928351723e+02 +6.928351723e+02 +2.7178e+00 -3.7192e+00 +2.2949e+00
433 0 +1.756968554e+02 +3.344968554e+02 +3.344968554e+02 +2.7675e+00 -3.7194e+00 +2.2871e+00
474 0 +4.712969051e+00 +1.635129691e+02 +1.635129691e+02 +2.5552e+00 -3.7801e+00 +2.3706e+00
661 0 +4.254908602e-01 +1.592254909e+02 +1.592254909e+02 +2.5748e+00 -3.7754e+00 +2.3648e+00
760 0 +1.227436248e-01 +1.589227436e+02 +1.589227436e+02 +2.5543e+00 -3.7801e+00 +2.3739e+00
891 0 +1.092486255e-01 +1.589092486e+02 +1.589092486e+02 +2.5065e+00 -3.7941e+00 +2.3969e+00
925 0 +2.429110000e-02 +1.588242911e+02 +1.588242911e+02 +2.5131e+00 -3.7925e+00 +2.3942e+00
950 0 +1.440868944e-02 +1.588144087e+02 +1.588144087e+02 +2.5302e+00 -3.7875e+00 +2.3857e+00
1100 0 +1.380222474e-02 +1.588138022e+02 +1.588138022e+02 +2.5151e+00 -3.7918e+00 +2.3932e+00
1154 0 +1.334677653e-02 +1.588133468e+02 +1.588133468e+02 +2.5182e+00 -3.7909e+00 +2.3916e+00
1156 0 +1.273037491e-02 +1.588127304e+02 +1.588127304e+02 +2.5199e+00 -3.7904e+00 +2.3908e+00
1172 0 +1.199797535e-02 +1.588119980e+02 +1.588119980e+02 +2.5208e+00 -3.7901e+00 +2.3904e+00
1196 0 +1.166095797e-02 +1.588116610e+02 +1.588116610e+02 +2.5209e+00 -3.7901e+00 +2.3903e+00
1253 0 +1.146654074e-02 +1.588114665e+02 +1.588114665e+02 +2.5219e+00 -3.7898e+00 +2.3898e+00
1290 0 +1.084051074e-02 +1.588108405e+02 +1.588108405e+02 +2.5246e+00 -3.7890e+00 +2.3885e+00
1307 0 +1.057493133e-02 +1.588105749e+02 +1.588105749e+02 +2.5263e+00 -3.7886e+00 +2.3877e+00
1326 0 +1.011826677e-02 +1.588101183e+02 +1.588101183e+02 +2.5317e+00 -3.7870e+00 +2.3851e+00
1344 0 +9.613168345e-03 +1.588096132e+02 +1.588096132e+02 +2.5377e+00 -3.7853e+00 +2.3822e+00
1348 0 +8.252073046e-03 +1.588082521e+02 +1.588082521e+02 +2.5413e+00 -3.7842e+00 +2.3804e+00
1404 0 +7.467977004e-03 +1.588074680e+02 +1.588074680e+02 +2.5502e+00 -3.7817e+00 +2.3762e+00
1442 0 +6.346253532e-03 +1.588063463e+02 +1.588063463e+02 +2.5524e+00 -3.7810e+00 +2.3751e+00
1463 0 +6.257388349e-03 +1.588062574e+02 +1.588062574e+02 +2.5675e+00 -3.7767e+00 +2.3678e+00
1481 0 +5.397218690e-03 +1.588053972e+02 +1.588053972e+02 +2.5586e+00 -3.7793e+00 +2.3721e+00
1495 0 +4.846530912e-03 +1.588048465e+02 +1.588048465e+02 +2.5700e+00 -3.7760e+00 +2.3666e+00
1516 0 +4.667051451e-03 +1.588046671e+02 +1.588046671e+02 +2.5754e+00 -3.7745e+00 +2.3640e+00
1517 0 +3.810925890e-03 +1.588038109e+02 +1.588038109e+02 +2.5730e+00 -3.7752e+00 +2.3652e+00
1613 0 +3.704564431e-03 +1.588037046e+02 +1.588037046e+02 +2.5742e+00 -3.7748e+00 +2.3646e+00
1671 0 +3.415859330e-03 +1.588034159e+02 +1.588034159e+02 +2.5812e+00 -3.7728e+00 +2.3612e+00
1685 0 +3.004087395e-03 +1.588030041e+02 +1.588030041e+02 +2.5795e+00 -3.7733e+00 +2.3621e+00
1690 0 +2.705270711e-03 +1.588027053e+02 +1.588027053e+02 +2.5870e+00 -3.7712e+00 +2.3585e+00
1708 0 +2.691009223e-03 +1.588026910e+02 +1.588026910e+02 +2.5826e+00 -3.7724e+00 +2.3606e+00
1726 0 +2.576659205e-03 +1.588025767e+02 +1.588025767e+02 +2.5844e+00 -3.7720e+00 +2.3598e+00
1803 0 +2.554737028e-03 +1.588025547e+02 +1.588025547e+02 +2.5846e+00 -3.7719e+00 +2.3597e+00
1878 0 +2.509070309e-03 +1.588025091e+02 +1.588025091e+02 +2.5847e+00 -3.7719e+00 +2.3596e+00
1879 0 +2.281893074e-03 +1.588022819e+02 +1.588022819e+02 +2.5882e+00 -3.7709e+00 +2.3580e+00
1900 0 +2.228637526e-03 +1.588022286e+02 +1.588022286e+02 +2.5905e+00 -3.7702e+00 +2.3569e+00
1913 0 +2.072546113e-03 +1.588020725e+02 +1.588020725e+02 +2.5938e+00 -3.7693e+00 +2.3553e+00
1933 0 +1.968048544e-03 +1.588019680e+02 +1.588019680e+02 +2.5931e+00 -3.7695e+00 +2.3556e+00
1989 0 +1.756905740e-03 +1.588017569e+02 +1.588017569e+02 +2.5997e+00 -3.7676e+00 +2.3525e+00
2142 0 +1.684898070e-03 +1.588016849e+02 +1.588016849e+02 +2.5978e+00 -3.7682e+00 +2.3535e+00
2160 0 +1.653646335e-03 +1.588016536e+02 +1.588016536e+02 +2.5976e+00 -3.7682e+00 +2.3535e+00
2199 0 +1.534550572e-03 +1.588015346e+02 +1.588015346e+02 +2.5976e+00 -3.7683e+00 +2.3536e+00
2242 0 +1.464781722e-03 +1.588014648e+02 +1.588014648e+02 +2.6011e+00 -3.7673e+00 +2.3519e+00
2296 0 +1.388119348e-03 +1.588013881e+02 +1.588013881e+02 +2.6027e+00 -3.7668e+00 +2.3512e+00
2312 0 +1.336140107e-03 +1.588013361e+02 +1.588013361e+02 +2.5999e+00 -3.7676e+00 +2.3525e+00
2331 0 +1.261690918e-03 +1.588012617e+02 +1.588012617e+02 +2.6007e+00 -3.7674e+00 +2.3521e+00
2370 0 +1.248122664e-03 +1.588012481e+02 +1.588012481e+02 +2.6037e+00 -3.7665e+00 +2.3507e+00
2390 0 +1.227867237e-03 +1.588012279e+02 +1.588012279e+02 +2.6031e+00 -3.7667e+00 +2.3510e+00
2409 0 +1.166281953e-03 +1.588011663e+02 +1.588011663e+02 +2.6024e+00 -3.7669e+00 +2.3513e+00
2431 0 +1.054420726e-03 +1.588010544e+02 +1.588010544e+02 +2.6044e+00 -3.7664e+00 +2.3504e+00
2445 0 +1.020100068e-03 +1.588010201e+02 +1.588010201e+02 +2.6061e+00 -3.7659e+00 +2.3496e+00
2465 0 +8.845306160e-04 +1.588008845e+02 +1.588008845e+02 +2.6078e+00 -3.7654e+00 +2.3488e+00
2582 0 +8.694041202e-04 +1.588008694e+02 +1.588008694e+02 +2.6080e+00 -3.7654e+00 +2.3487e+00
2600 0 +8.379312218e-04 +1.588008379e+02 +1.588008379e+02 +2.6089e+00 -3.7652e+00 +2.3483e+00
2616 0 +7.874580502e-04 +1.588007875e+02 +1.588007875e+02 +2.6094e+00 -3.7650e+00 +2.3481e+00
2639 0 +7.349935006e-04 +1.588007350e+02 +1.588007350e+02 +2.6101e+00 -3.7648e+00 +2.3478e+00
2675 0 +7.185491325e-04 +1.588007185e+02 +1.588007185e+02 +2.6135e+00 -3.7639e+00 +2.3462e+00
2694 0 +6.512441269e-04 +1.588006512e+02 +1.588006512e+02 +2.6117e+00 -3.7644e+00 +2.3470e+00
2732 0 +6.172609620e-04 +1.588006173e+02 +1.588006173e+02 +2.6126e+00 -3.7642e+00 +2.3466e+00
2752 0 +5.901278768e-04 +1.588005901e+02 +1.588005901e+02 +2.6135e+00 -3.7639e+00 +2.3462e+00
2790 0 +5.876436628e-04 +1.588005876e+02 +1.588005876e+02 +2.6149e+00 -3.7635e+00 +2.3456e+00
2809 0 +5.552798987e-04 +1.588005553e+02 +1.588005553e+02 +2.6137e+00 -3.7638e+00 +2.3461e+00
2812 0 +5.382076693e-04 +1.588005382e+02 +1.588005382e+02 +2.6142e+00 -3.7637e+00 +2.3459e+00
2827 0 +5.289661398e-04 +1.588005290e+02 +1.588005290e+02 +2.6143e+00 -3.7637e+00 +2.3459e+00
2829 0 +5.157443523e-04 +1.588005157e+02 +1.588005157e+02 +2.6152e+00 -3.7634e+00 +2.3454e+00
2848 0 +4.674205196e-04 +1.588004674e+02 +1.588004674e+02 +2.6171e+00 -3.7629e+00 +2.3445e+00
2869 0 +4.226675608e-04 +1.588004227e+02 +1.588004227e+02 +2.6180e+00 -3.7627e+00 +2.3442e+00
2886 0 +3.450714198e-04 +1.588003451e+02 +1.588003451e+02 +2.6205e+00 -3.7620e+00 +2.3430e+00
2958 0 +3.367273353e-04 +1.588003367e+02 +1.588003367e+02 +2.6212e+00 -3.7619e+00 +2.3427e+00
3019 0 +3.127594996e-04 +1.588003128e+02 +1.588003128e+02 +2.6218e+00 -3.7617e+00 +2.3424e+00
3057 0 +3.078782477e-04 +1.588003079e+02 +1.588003079e+02 +2.6206e+00 -3.7620e+00 +2.3430e+00
3076 0 +2.771761426e-04 +1.588002772e+02 +1.588002772e+02 +2.6215e+00 -3.7618e+00 +2.3426e+00
3114 0 +2.300553393e-04 +1.588002301e+02 +1.588002301e+02 +2.6228e+00 -3.7614e+00 +2.3420e+00
3167 0 +2.015770223e-04 +1.588002016e+02 +1.588002016e+02 +2.6244e+00 -3.7610e+00 +2.3413e+00
3210 0 +1.756848710e-04 +1.588001757e+02 +1.588001757e+02 +2.6249e+00 -3.7609e+00 +2.3411e+00
3224 0 +1.673964322e-04 +1.588001674e+02 +1.588001674e+02 +2.6261e+00 -3.7606e+00 +2.3405e+00
3246 0 +1.498845435e-04 +1.588001499e+02 +1.588001499e+02 +2.6272e+00 -3.7603e+00 +2.3400e+00
3264 0 +1.312315808e-04 +1.588001312e+02 +1.588001312e+02 +2.6272e+00 -3.7603e+00 +2.3400e+00
3325 0 +1.017193152e-04 +1.588001017e+02 +1.588001017e+02 +2.6290e+00 -3.7598e+00 +2.3392e+00
3363 0 +9.371219787e-05 +1.588000937e+02 +1.588000937e+02 +2.6302e+00 -3.7596e+00 +2.3387e+00
3380 0 +9.235871508e-05 +1.588000924e+02 +1.588000924e+02 +2.6311e+00 -3.7593e+00 +2.3383e+00
3399 0 +8.422886540e-05 +1.588000842e+02 +1.588000842e+02 +2.6305e+00 -3.7595e+00 +2.3386e+00
3401 0 +5.981607163e-05 +1.588000598e+02 +1.588000598e+02 +2.6310e+00 -3.7593e+00 +2.3384e+00
3472 0 +5.633572059e-05 +1.588000563e+02 +1.588000563e+02 +2.6315e+00 -3.7592e+00 +2.3381e+00
3529 0 +4.991563742e-05 +1.588000499e+02 +1.588000499e+02 +2.6314e+00 -3.7592e+00 +2.3382e+00
3585 0 +3.992340589e-05 +1.588000399e+02 +1.588000399e+02 +2.6324e+00 -3.7590e+00 +2.3378e+00
3608 0 +3.872180559e-05 +1.588000387e+02 +1.588000387e+02 +2.6324e+00 -3.7590e+00 +2.3378e+00
3610 0 +3.774993303e-05 +1.588000377e+02 +1.588000377e+02 +2.6325e+00 -3.7590e+00 +2.3377e+00
3661 0 +3.637064887e-05 +1.588000364e+02 +1.588000364e+02 +2.6324e+00 -3.7590e+00 +2.3377e+00
3664 0 +3.617757545e-05 +1.588000362e+02 +1.588000362e+02 +2.6332e+00 -3.7588e+00 +2.3374e+00
3680 0 +2.743691829e-05 +1.588000274e+02 +1.588000274e+02 +2.6332e+00 -3.7588e+00 +2.3374e+00
3737 0 +2.044886321e-05 +1.588000204e+02 +1.588000204e+02 +2.6341e+00 -3.7586e+00 +2.3370e+00
3838 0 +1.725064635e-05 +1.588000173e+02 +1.588000173e+02 +2.6345e+00 -3.7585e+00 +2.3369e+00
3928 0 +1.674454731e-05 +1.588000167e+02 +1.588000167e+02 +2.6344e+00 -3.7585e+00 +2.3369e+00
3947 0 +1.545606196e-05 +1.588000155e+02 +1.588000155e+02 +2.6348e+00 -3.7584e+00 +2.3367e+00
3968 0 +1.376742244e-05 +1.588000138e+02 +1.588000138e+02 +2.6347e+00 -3.7584e+00 +2.3367e+00
3984 0 +1.339078207e-05 +1.588000134e+02 +1.588000134e+02 +2.6350e+00 -3.7584e+00 +2.3366e+00
4025 0 +1.309286486e-05 +1.588000131e+02 +1.588000131e+02 +2.6349e+00 -3.7584e+00 +2.3367e+00
4041 0 +1.255188093e-05 +1.588000126e+02 +1.588000126e+02 +2.6351e+00 -3.7584e+00 +2.3366e+00
4065 0 +1.175215749e-05 +1.588000118e+02 +1.588000118e+02 +2.6350e+00 -3.7584e+00 +2.3366e+00
4079 0 +1.161097612e-05 +1.588000116e+02 +1.588000116e+02 +2.6351e+00 -3.7584e+00 +2.3366e+00
4099 0 +1.106914860e-05 +1.588000111e+02 +1.588000111e+02 +2.6351e+00 -3.7583e+00 +2.3366e+00
4117 0 +1.044617903e-05 +1.588000104e+02 +1.588000104e+02 +2.6352e+00 -3.7583e+00 +2.3365e+00
4161 0 +1.021219720e-05 +1.588000102e+02 +1.588000102e+02 +2.6353e+00 -3.7583e+00 +2.3365e+00
4175 0 +9.114806744e-06 +1.588000091e+02 +1.588000091e+02 +2.6355e+00 -3.7583e+00 +2.3364e+00
4196 0 +8.880222765e-06 +1.588000089e+02 +1.588000089e+02 +2.6355e+00 -3.7582e+00 +2.3364e+00
4215 0 +8.663870602e-06 +1.588000087e+02 +1.588000087e+02 +2.6355e+00 -3.7582e+00 +2.3364e+00
4236 0 +8.270320166e-06 +1.588000083e+02 +1.588000083e+02 +2.6356e+00 -3.7582e+00 +2.3364e+00
4250 0 +7.556884782e-06 +1.588000076e+02 +1.588000076e+02 +2.6357e+00 -3.7582e+00 +2.3363e+00
4253 0 +7.372389291e-06 +1.588000074e+02 +1.588000074e+02 +2.6358e+00 -3.7582e+00 +2.3363e+00
4254 0 +6.985724241e-06 +1.588000070e+02 +1.588000070e+02 +2.6358e+00 -3.7582e+00 +2.3363e+00
4270 0 +6.195828206e-06 +1.588000062e+02 +1.588000062e+02 +2.6361e+00 -3.7581e+00 +2.3362e+00
4272 0 +6.127765147e-06 +1.588000061e+02 +1.588000061e+02 +2.6361e+00 -3.7581e+00 +2.3362e+00
4290 0 +5.436107529e-06 +1.588000054e+02 +1.588000054e+02 +2.6362e+00 -3.7581e+00 +2.3361e+00
4310 0 +4.759518418e-06 +1.588000048e+02 +1.588000048e+02 +2.6364e+00 -3.7580e+00 +2.3360e+00
4348 0 +3.635931648e-06 +1.588000036e+02 +1.588000036e+02 +2.6367e+00 -3.7580e+00 +2.3359e+00
4383 0 +3.280604403e-06 +1.588000033e+02 +1.588000033e+02 +2.6367e+00 -3.7580e+00 +2.3359e+00
4385 0 +2.915992212e-06 +1.588000029e+02 +1.588000029e+02 +2.6368e+00 -3.7579e+00 +2.3359e+00
4479 0 +2.453864909e-06 +1.588000025e+02 +1.588000025e+02 +2.6370e+00 -3.7579e+00 +2.3358e+00
4501 0 +2.136798258e-06 +1.588000021e+02 +1.588000021e+02 +2.6370e+00 -3.7579e+00 +2.3358e+00
4517 0 +1.991628380e-06 +1.588000020e+02 +1.588000020e+02 +2.6370e+00 -3.7579e+00 +2.3358e+00
4556 0 +1.806908358e-06 +1.588000018e+02 +1.588000018e+02 +2.6371e+00 -3.7579e+00 +2.3357e+00
4592 0 +1.690519412e-06 +1.588000017e+02 +1.588000017e+02 +2.6372e+00 -3.7579e+00 +2.3357e+00
4611 0 +1.613557373e-06 +1.588000016e+02 +1.588000016e+02 +2.6372e+00 -3.7579e+00 +2.3357e+00
4631 0 +1.560485600e-06 +1.588000016e+02 +1.588000016e+02 +2.6373e+00 -3.7578e+00 +2.3357e+00
4634 0 +1.479199369e-06 +1.588000015e+02 +1.588000015e+02 +2.6373e+00 -3.7578e+00 +2.3357e+00
4652 0 +1.428375697e-06 +1.588000014e+02 +1.588000014e+02 +2.6374e+00 -3.7578e+00 +2.3356e+00
4668 0 +1.408281094e-06 +1.588000014e+02 +1.588000014e+02 +2.6373e+00 -3.7578e+00 +2.3356e+00
4672 0 +1.314274357e-06 +1.588000013e+02 +1.588000013e+02 +2.6373e+00 -3.7578e+00 +2.3357e+00
4711 0 +1.254329248e-06 +1.588000013e+02 +1.588000013e+02 +2.6373e+00 -3.7578e+00 +2.3356e+00
4712 0 +1.173226082e-06 +1.588000012e+02 +1.588000012e+02 +2.6374e+00 -3.7578e+00 +2.3356e+00
4726 0 +1.116773745e-06 +1.588000011e+02 +1.588000011e+02 +2.6374e+00 -3.7578e+00 +2.3356e+00
4786 0 +1.087060440e-06 +1.588000011e+02 +1.588000011e+02 +2.6375e+00 -3.7578e+00 +2.3356e+00
4787 0 +9.931809473e-07 +1.588000010e+02 +1.588000010e+02 +2.6375e+00 -3.7578e+00 +2.3356e+00
4806 0 +9.452546692e-07 +1.588000009e+02 +1.588000009e+02 +2.6375e+00 -3.7578e+00 +2.3356e+00
4825 0 +9.131806564e-07 +1.588000009e+02 +1.588000009e+02 +2.6375e+00 -3.7578e+00 +2.3356e+00
4839 0 +8.928518014e-07 +1.588000009e+02 +1.588000009e+02 +2.6376e+00 -3.7578e+00 +2.3355e+00
4841 0 +8.306185180e-07 +1.588000008e+02 +1.588000008e+02 +2.6376e+00 -3.7578e+00 +2.3355e+00
4859 0 +7.492540135e-07 +1.588000007e+02 +1.588000007e+02 +2.6376e+00 -3.7578e+00 +2.3355e+00
4864 0 +7.329304026e-07 +1.588000007e+02 +1.588000007e+02 +2.6376e+00 -3.7578e+00 +2.3355e+00
4897 0 +6.860392148e-07 +1.588000007e+02 +1.588000007e+02 +2.6377e+00 -3.7578e+00 +2.3355e+00
4902 0 +5.811716903e-07 +1.588000006e+02 +1.588000006e+02 +2.6377e+00 -3.7578e+00 +2.3355e+00
4954 0 +5.494374875e-07 +1.588000005e+02 +1.588000005e+02 +2.6377e+00 -3.7577e+00 +2.3355e+00
4997 0 +4.586760838e-07 +1.588000005e+02 +1.588000005e+02 +2.6378e+00 -3.7577e+00 +2.3355e+00
5015 0 +4.189169545e-07 +1.588000004e+02 +1.588000004e+02 +2.6378e+00 -3.7577e+00 +2.3355e+00
5031 0 +3.917670028e-07 +1.588000004e+02 +1.588000004e+02 +2.6378e+00 -3.7577e+00 +2.3354e+00
5070 0 +3.740977093e-07 +1.588000004e+02 +1.588000004e+02 +2.6378e+00 -3.7577e+00 +2.3354e+00
5071 0 +3.120213989e-07 +1.588000003e+02 +1.588000003e+02 +2.6379e+00 -3.7577e+00 +2.3354e+00
5162 0 +3.054783519e-07 +1.588000003e+02 +1.588000003e+02 +2.6379e+00 -3.7577e+00 +2.3354e+00
5163 0 +2.344060022e-07 +1.588000002e+02 +1.588000002e+02 +2.6380e+00 -3.7577e+00 +2.3354e+00
5219 0 +1.954095978e-07 +1.588000002e+02 +1.588000002e+02 +2.6380e+00 -3.7577e+00 +2.3354e+00
5238 0 +1.609311084e-07 +1.588000002e+02 +1.588000002e+02 +2.6380e+00 -3.7577e+00 +2.3353e+00
5242 0 +1.556061306e-07 +1.588000002e+02 +1.588000002e+02 +2.6380e+00 -3.7577e+00 +2.3353e+00
5259 0 +1.179523395e-07 +1.588000001e+02 +1.588000001e+02 +2.6381e+00 -3.7577e+00 +2.3353e+00
5282 0 +1.150397111e-07 +1.588000001e+02 +1.588000001e+02 +2.6381e+00 -3.7577e+00 +2.3353e+00
5296 0 +1.035323010e-07 +1.588000001e+02 +1.588000001e+02 +2.6382e+00 -3.7576e+00 +2.3353e+00
5297 0 +7.312746675e-08 +1.588000001e+02 +1.588000001e+02 +2.6382e+00 -3.7576e+00 +2.3353e+00
5320 0 +5.030466355e-08 +1.588000001e+02 +1.588000001e+02 +2.6382e+00 -3.7576e+00 +2.3353e+00
5411 0 +3.346036692e-08 +1.588000000e+02 +1.588000000e+02 +2.6383e+00 -3.7576e+00 +2.3353e+00
5432 0 +1.800620453e-08 +1.588000000e+02 +1.588000000e+02 +2.6383e+00 -3.7576e+00 +2.3352e+00
5448 0 +1.407218519e-08 +1.588000000e+02 +1.588000000e+02 +2.6383e+00 -3.7576e+00 +2.3352e+00
5700 0 +1.303195063e-08 +1.588000000e+02 +1.588000000e+02 +2.6383e+00 -3.7576e+00 +2.3352e+00
5757 0 +1.209630796e-08 +1.588000000e+02 +1.588000000e+02 +2.6383e+00 -3.7576e+00 +2.3352e+00
5775 0 +1.050742071e-08 +1.588000000e+02 +1.588000000e+02 +2.6383e+00 -3.7576e+00 +2.3352e+00
5791 0 +1.045921749e-08 +1.588000000e+02 +1.588000000e+02 +2.6383e+00 -3.7576e+00 +2.3352e+00
5829 0 +9.918210253e-09 +1.588000000e+02 +1.588000000e+02 +2.6383e+00 -3.7576e+00 +2.3352e+00
% f evaluations | g evaluations | best noise-free fitness - Fopt (-1.000000000000e+03) + sum g_i+ | measured fitness | best measured fitness or single-digit g-values | x1 | x2...
1 0 +1.366020769e+08 +1.366010769e+08 +1.366010769e+08 +1.2788e+00 +2.7824e+00 +3.4486e+00
2 0 +8.226572723e+07 +8.226472723e+07 +8.226472723e+07 -4.3060e+00 -1.2161e+00 +3.3080e+00
3 0 +8.532097452e+06 +8.531097452e+06 +8.531097452e+06 -3.2558e+00 +1.7103e+00 -1.0355e+00
6 0 +6.422031498e+06 +6.421031498e+06 +6.421031498e+06 -3.3236e+00 +4.6860e+00 -1.5865e+00
224 0 +5.625509018e+06 +5.624509018e+06 +5.624509018e+06 +8.1157e-01 +2.0065e+00 -4.1575e+00
228 0 +4.511640544e+06 +4.510640544e+06 +4.510640544e+06 +6.7814e-02 +1.9707e+00 -3.7049e+00
247 0 +4.119117354e+06 +4.118117354e+06 +4.118117354e+06 +1.7791e+00 +2.1785e+00 -3.0736e+00
266 0 +2.713024421e+06 +2.712024421e+06 +2.712024421e+06 +3.2539e+00 +2.8657e+00 -3.4793e+00
279 0 +1.956041776e+06 +1.955041776e+06 +1.955041776e+06 +9.4010e-01 +2.7261e+00 -3.2224e+00
342 0 +4.286143954e+05 +4.276143954e+05 +4.276143954e+05 +3.3204e+00 +3.7710e+00 -2.8282e+00
357 0 +3.363628937e+05 +3.353628937e+05 +3.353628937e+05 +3.4439e+00 +4.0208e+00 -2.4443e+00
375 0 +6.993578619e+04 +6.893578619e+04 +6.893578619e+04 +4.0243e+00 +4.7819e+00 -2.7929e+00
452 0 +3.632093596e+04 +3.532093596e+04 +3.532093596e+04 +4.3617e+00 +4.7387e+00 -2.6222e+00
510 0 +1.075051379e+04 +9.750513790e+03 +9.750513790e+03 +3.8575e+00 +4.5561e+00 -2.9270e+00
528 0 +4.705193790e+03 +3.705193790e+03 +3.705193790e+03 +4.0627e+00 +4.5869e+00 -2.8687e+00
549 0 +1.840594497e+03 +8.405944973e+02 +8.405944973e+02 +3.6604e+00 +4.4846e+00 -2.8751e+00
604 0 +2.975627924e+02 -7.024372076e+02 -7.024372076e+02 +3.8538e+00 +4.5527e+00 -2.8404e+00
1288 0 +2.432834269e+02 -7.567165731e+02 -7.567165731e+02 -4.8661e+00 +3.4243e+00 -3.3687e+00
3094 0 +1.581918858e+02 -8.418081142e+02 -8.418081142e+02 -5.1699e+00 +3.3670e+00 -3.4068e+00
6194 0 +4.063230380e+01 -9.593676962e+02 -9.593676962e+02 +2.1066e-01 +4.0977e+00 -3.0746e+00
20365 0 +1.143577071e+01 -9.885642293e+02 -9.885642293e+02 -2.1092e+00 +3.7493e+00 -3.1912e+00
% f evaluations | g evaluations | best noise-free fitness - Fopt (-1.000000000000e+03) + sum g_i+ | measured fitness | best measured fitness or single-digit g-values | x1 | x2...
1 0 +2.515143922e+07 +2.515043922e+07 +2.515043922e+07 -1.7864e+00 +1.2186e+00 -2.7528e+00
2 0 +9.992062015e+06 +9.991062015e+06 +9.991062015e+06 +2.2706e+00 +1.9213e+00 -1.5938e+00
56 0 +7.716989921e+06 +7.715989921e+06 +7.715989921e+06 +4.5339e-01 +7.4439e-01 +6.8707e-01
70 0 +5.150865889e+06 +5.149865889e+06 +5.149865889e+06 +5.4115e-01 +1.3205e+00 +5.6660e-01
75 0 +4.704262006e+06 +4.703262006e+06 +4.703262006e+06 +3.3899e-01 +1.2677e+00 +1.1747e+00
90 0 +2.545575620e+06 +2.544575620e+06 +2.544575620e+06 +9.3043e-01 +1.9020e+00 +8.5760e-01
93 0 +1.524659121e+06 +1.523659121e+06 +1.523659121e+06 +2.5183e-01 +2.2926e+00 +2.0208e+00
109 0 +1.312091044e+05 +1.302091044e+05 +1.302091044e+05 +4.5217e-01 +3.0663e+00 +1.3702e+00
130 0 +6.432827313e+03 +5.432827313e+03 +5.432827313e+03 +2.5106e+00 +3.4096e+00 +1.3139e+00
302 0 +3.943220181e+03 +2.943220181e+03 +2.943220181e+03 +2.2315e+00 +3.4515e+00 +1.2202e+00
432 0 +1.400805630e+03 +4.008056304e+02 +4.008056304e+02 +1.9127e+00 +3.4530e+00 +1.2994e+00
433 0 +1.172765273e+03 +1.727652734e+02 +1.727652734e+02 +2.0651e+00 +3.4331e+00 +1.2946e+00
471 0 +2.273893466e+02 -7.726106534e+02 -7.726106534e+02 +1.7398e+00 +3.4182e+00 +1.2796e+00
1990 0 +1.807154205e+02 -8.192845795e+02 -8.192845795e+02 +4.0489e+00 +3.2373e+00 +1.0379e+00
5242 0 +1.462941106e+02 -8.537058894e+02 -8.537058894e+02 +1.6879e+00 +3.4218e+00 +1.2888e+00
6834 0 +1.275554886e+02 -8.724445114e+02 -8.724445114e+02 +1.8568e-01 +3.4499e+00 +1.5081e+00
10146 0 +8.683378129e+01 -9.131662187e+02 -9.131662187e+02 -1.3085e+00 +3.4469e+00 +1.7120e+00
14286 0 +8.377671561e+01 -9.162232844e+02 -9.162232844e+02 -2.3982e+00 +3.4912e+00 +1.8525e+00
17174 0 +5.398140973e+01 -9.460185903e+02 -9.460185903e+02 -1.3894e+00 +3.4531e+00 +1.7185e+00
23995 0 +1.742773784e+01 -9.825722622e+02 -9.825722622e+02 -9.3319e-01 +3.4427e+00 +1.6644e+00
% f evaluations | g evaluations | best noise-free fitness - Fopt (2.959000000000e+01) + sum g_i+ | measured fitness | best measured fitness or single-digit g-values | x1 | x2...
1 0 +3.786679532e+07 +3.786682491e+07 +3.786682491e+07 -3.2945e+00 +8.4843e-01 +3.8741e+00
2 0 +3.475148599e+03 +3.504738599e+03 +3.504738599e+03 -5.2741e-01 +2.6074e+00 -6.9764e-01
337 0 +2.004227991e+03 +2.033817991e+03 +2.033817991e+03 -2.6793e+00 +1.7295e+00 +1.2489e-02
341 0 +9.481185981e+02 +9.777085981e+02 +9.777085981e+02 -2.6086e+00 +1.7060e+00 -2.8297e-02
412 0 +1.182460428e+02 +1.478360428e+02 +1.478360428e+02 -2.4307e+00 +1.7879e+00 -1.1561e-01
513 0 +2.964152308e+01 +5.923152308e+01 +5.923152308e+01 -2.6148e+00 +1.7209e+00 -5.0034e-02
567 0 +6.799468056e+00 +3.638946806e+01 +3.638946806e+01 -2.6350e+00 +1.7205e+00 -4.6665e-02
643 0 +7.681694749e-01 +3.035816947e+01 +3.035816947e+01 -2.6634e+00 +1.7070e+00 -3.8136e-02
683 0 +6.994728224e-01 +3.028947282e+01 +3.028947282e+01 -2.6562e+00 +1.7092e+00 -3.9120e-02
699 0 +3.419761334e-01 +2.993197613e+01 +2.993197613e+01 -2.6447e+00 +1.7137e+00 -4.4581e-02
739 0 +2.820300801e-01 +2.987203008e+01 +2.987203008e+01 -2.6343e+00 +1.7178e+00 -4.6822e-02
740 0 +2.734729379e-01 +2.986347294e+01 +2.986347294e+01 -2.6443e+00 +1.7137e+00 -4.4633e-02
759 0 +1.251078521e-01 +2.971510785e+01 +2.971510785e+01 -2.6405e+00 +1.7154e+00 -4.4968e-02
854 0 +5.695272729e-02 +2.964695273e+01 +2.964695273e+01 -2.5876e+00 +1.7367e+00 -6.3007e-02
1213 0 +4.818126450e-02 +2.963818126e+01 +2.963818126e+01 -2.6059e+00 +1.7293e+00 -5.6836e-02
1232 0 +4.285935976e-02 +2.963285936e+01 +2.963285936e+01 -2.6167e+00 +1.7250e+00 -5.3274e-02
1253 0 +3.488684137e-02 +2.962488684e+01 +2.962488684e+01 -2.6335e+00 +1.7182e+00 -4.7683e-02
1289 0 +3.088672260e-02 +2.962088672e+01 +2.962088672e+01 -2.6464e+00 +1.7130e+00 -4.3397e-02
1305 0 +2.894408041e-02 +2.961894408e+01 +2.961894408e+01 -2.6586e+00 +1.7081e+00 -3.9277e-02
1306 0 +2.584116868e-02 +2.961584117e+01 +2.961584117e+01 -2.6672e+00 +1.7046e+00 -3.6392e-02
1324 0 +1.613823471e-02 +2.960613823e+01 +2.960613823e+01 -2.6971e+00 +1.6926e+00 -2.6307e-02
1344 0 +8.706869605e-03 +2.959870687e+01 +2.959870687e+01 -2.7543e+00 +1.6695e+00 -7.0330e-03
1441 0 +7.471402641e-03 +2.959747140e+01 +2.959747140e+01 -2.7398e+00 +1.6754e+00 -1.2033e-02
1458 0 +7.363610348e-03 +2.959736361e+01 +2.959736361e+01 -2.7318e+00 +1.6787e+00 -1.4707e-02
1482 0 +4.365257933e-03 +2.959436526e+01 +2.959436526e+01 -2.7523e+00 +1.6704e+00 -7.7379e-03
1498 0 +3.312549768e-03 +2.959331255e+01 +2.959331255e+01 -2.7487e+00 +1.6718e+00 -8.9806e-03
1519 0 +2.959542144e-03 +2.959295954e+01 +2.959295954e+01 -2.7513e+00 +1.6708e+00 -8.0978e-03
1590 0 +2.915356099e-03 +2.959291536e+01 +2.959291536e+01 -2.7557e+00 +1.6690e+00 -6.6113e-03
1609 0 +2.846674907e-03 +2.959284667e+01 +2.959284667e+01 -2.7554e+00 +1.6692e+00 -6.7271e-03
1612 0 +2.525575012e-03 +2.959252558e+01 +2.959252558e+01 -2.7560e+00 +1.6689e+00 -6.4978e-03
1630 0 +2.323129841e-03 +2.959232313e+01 +2.959232313e+01 -2.7577e+00 +1.6682e+00 -5.9213e-03
1648 0 +2.020287889e-03 +2.959202029e+01 +2.959202029e+01 -2.7651e+00 +1.6653e+00 -3.4266e-03
1670 0 +1.759470147e-03 +2.959175947e+01 +2.959175947e+01 -2.7617e+00 +1.6667e+00 -4.5777e-03
1687 0 +1.236964327e-03 +2.959123696e+01 +2.959123696e+01 -2.7699e+00 +1.6633e+00 -1.7803e-03
1689 0 +1.099141657e-03 +2.959109914e+01 +2.959109914e+01 -2.7707e+00 +1.6630e+00 -1.4838e-03
1709 0 +1.029888890e-03 +2.959102989e+01 +2.959102989e+01 -2.7739e+00 +1.6618e+00 -4.1368e-04
1747 0 +4.586948604e-04 +2.959045869e+01 +2.959045869e+01 -2.7878e+00 +1.6562e+00 +4.3400e-03
1804 0 +2.559007330e-04 +2.959025590e+01 +2.959025590e+01 -2.7861e+00 +1.6569e+00 +3.7589e-03
1820 0 +1.817878254e-04 +2.959018179e+01 +2.959018179e+01 -2.7866e+00 +1.6567e+00 +3.9300e-03
1935 0 +1.746369645e-04 +2.959017464e+01 +2.959017464e+01 -2.7879e+00 +1.6562e+00 +4.3751e-03
1936 0 +1.646473051e-04 +2.959016465e+01 +2.959016465e+01 -2.7887e+00 +1.6559e+00 +4.6448e-03
1993 0 +1.383139155e-04 +2.959013831e+01 +2.959013831e+01 -2.7891e+00 +1.6557e+00 +4.8027e-03
2010 0 +1.175012791e-04 +2.959011750e+01 +2.959011750e+01 -2.7895e+00 +1.6555e+00 +4.9234e-03
2012 0 +7.372860267e-05 +2.959007373e+01 +2.959007373e+01 -2.7924e+00 +1.6544e+00 +5.9346e-03
2084 0 +6.144592949e-05 +2.959006145e+01 +2.959006145e+01 -2.7932e+00 +1.6541e+00 +6.1892e-03
2089 0 +6.009526426e-05 +2.959006010e+01 +2.959006010e+01 -2.7934e+00 +1.6540e+00 +6.2634e-03
2106 0 +5.612655529e-05 +2.959005613e+01 +2.959005613e+01 -2.7921e+00 +1.6545e+00 +5.8079e-03
2108 0 +4.429538324e-05 +2.959004430e+01 +2.959004430e+01 -2.7929e+00 +1.6542e+00 +6.1010e-03
2142 0 +3.464394047e-05 +2.959003464e+01 +2.959003464e+01 -2.7935e+00 +1.6540e+00 +6.2851e-03
2179 0 +2.568857348e-05 +2.959002569e+01 +2.959002569e+01 -2.7941e+00 +1.6537e+00 +6.4934e-03
2183 0 +2.331130056e-05 +2.959002331e+01 +2.959002331e+01 -2.7943e+00 +1.6536e+00 +6.5932e-03
2220 0 +1.773551216e-05 +2.959001774e+01 +2.959001774e+01 -2.7949e+00 +1.6534e+00 +6.7857e-03
2239 0 +1.503252531e-05 +2.959001503e+01 +2.959001503e+01 -2.7954e+00 +1.6532e+00 +6.9447e-03
2275 0 +7.629021244e-06 +2.959000763e+01 +2.959000763e+01 -2.7960e+00 +1.6529e+00 +7.1790e-03
2314 0 +2.116817697e-06 +2.959000212e+01 +2.959000212e+01 -2.7974e+00 +1.6524e+00 +7.6384e-03
2355 0 +4.511712035e-07 +2.959000045e+01 +2.959000045e+01 -2.7983e+00 +1.6521e+00 +7.9495e-03
2562 0 +3.385671086e-07 +2.959000034e+01 +2.959000034e+01 -2.7983e+00 +1.6520e+00 +7.9745e-03
2598 0 +4.065423198e-08 +2.959000004e+01 +2.959000004e+01 -2.7985e+00 +1.6520e+00 +8.0300e-03
2674 0 +2.223960749e-08 +2.959000002e+01 +2.959000002e+01 -2.7984e+00 +1.6520e+00 +8.0113e-03
2712 0 +1.308291075e-08 +2.959000001e+01 +2.959000001e+01 -2.7985e+00 +1.6520e+00 +8.0186e-03
2734 0 +3.693067185e-09 +2.959000000e+01 +2.959000000e+01 -2.7984e+00 +1.6520e+00 +8.0123e-03
% f evaluations | g evaluations | best noise-free fitness - Fopt (7.100000000000e+01) + sum g_i+ | measured fitness | best measured fitness or single-digit g-values | x1 | x2...
1 0 +2.623892002e+07 +2.623899102e+07 +2.623899102e+07 +2.5187e+00 -3.5559e+00 -2.3096e+00
4 0 +2.291082475e+07 +2.291089575e+07 +2.291089575e+07 +4.5227e+00 +3.9175e+00 +2.9565e+00
5 0 +6.557700086e+06 +6.557771086e+06 +6.557771086e+06 +7.0511e-01 -2.2840e+00 +4.1350e-01
7 0 +6.107759046e+06 +6.107830046e+06 +6.107830046e+06 +2.2111e+00 +1.8725e+00 -4.0063e+00
13 0 +5.068988046e+06 +5.069059046e+06 +5.069059046e+06 -4.1985e-02 -2.5102e-02 +1.0935e-02
16 0 +4.310277409e+06 +4.310348409e+06 +4.310348409e+06 +2.3951e-01 +1.3774e-01 -1.2742e-01
17 0 +4.250301217e+06 +4.250372217e+06 +4.250372217e+06 +9.2676e-02 +5.2846e-02 -1.7929e-01
34 0 +3.812496764e+06 +3.812567764e+06 +3.812567764e+06 +3.5654e-01 -2.1947e-01 -1.0998e-01
36 0 +3.367664771e+06 +3.367735771e+06 +3.367735771e+06 +4.2888e-01 +7.3254e-02 -3.0214e-01
52 0 +2.781159732e+06 +2.781230732e+06 +2.781230732e+06 +2.9304e-01 +2.3775e-02 -5.5363e-01
73 0 +1.988116752e+06 +1.988187752e+06 +1.988187752e+06 +4.3673e-01 -4.1887e-01 -6.4405e-01
89 0 +4.163463626e+05 +4.164173626e+05 +4.164173626e+05 +1.2342e+00 -2.9668e-01 -1.2576e+00
109 0 +2.496650170e+05 +2.497360170e+05 +2.497360170e+05 +1.2273e+00 +1.2315e-01 -1.6121e+00
113 0 +2.163238997e+05 +2.163948997e+05 +2.163948997e+05 +1.3824e+00 -7.3961e-02 -1.4439e+00
132 0 +1.638026445e+05 +1.638736445e+05 +1.638736445e+05 +1.3186e+00 -1.6355e-01 -2.2759e+00
170 0 +1.578140069e+05 +1.578850069e+05 +1.578850069e+05 +1.6125e+00 -7.8768e-02 -1.4709e+00
184 0 +4.279717162e+03 +4.350717162e+03 +4.350717162e+03 +2.2893e+00 +4.8190e-01 -1.8855e+00
303 0 +2.514932344e+02 +3.224932344e+02 +3.224932344e+02 +1.6983e+00 -1.7442e-02 -1.8593e+00
396 0 +1.538889825e+02 +2.248889825e+02 +2.248889825e+02 +1.7616e+00 +2.2178e-02 -1.8514e+00
470 0 +4.427949809e+01 +1.152794981e+02 +1.152794981e+02 +1.7755e+00 +2.6915e-02 -1.8654e+00
564 0 +1.438787732e+01 +8.538787732e+01 +8.538787732e+01 +1.8073e+00 +5.1605e-02 -1.8583e+00
566 0 +1.365971456e+01 +8.465971456e+01 +8.465971456e+01 +1.7996e+00 +3.6857e-02 -1.8554e+00
567 0 +4.209524766e-01 +7.142095248e+01 +7.142095248e+01 +1.7843e+00 +2.8606e-02 -1.8597e+00
621 0 +1.460547417e-01 +7.114605474e+01 +7.114605474e+01 +1.8072e+00 +4.5395e-02 -1.8582e+00
852 0 +1.159111822e-01 +7.111591118e+01 +7.111591118e+01 +1.8405e+00 +7.1864e-02 -1.8563e+00
1174 0 +1.092357400e-01 +7.110923574e+01 +7.110923574e+01 +1.8369e+00 +6.9154e-02 -1.8564e+00
1214 0 +1.036016166e-01 +7.110360162e+01 +7.110360162e+01 +1.8298e+00 +6.3594e-02 -1.8569e+00
1249 0 +8.781902899e-02 +7.108781903e+01 +7.108781903e+01 +1.8020e+00 +4.1492e-02 -1.8585e+00
1269 0 +7.089868298e-02 +7.107089868e+01 +7.107089868e+01 +1.7737e+00 +1.9255e-02 -1.8601e+00
1271 0 +6.863525543e-02 +7.106863526e+01 +7.106863526e+01 +1.7689e+00 +1.5705e-02 -1.8604e+00
1288 0 +6.134003458e-02 +7.106134003e+01 +7.106134003e+01 +1.7716e+00 +1.7722e-02 -1.8602e+00
1310 0 +4.752137372e-02 +7.104752137e+01 +7.104752137e+01 +1.7272e+00 -1.7198e-02 -1.8629e+00
1345 0 +3.835169214e-02 +7.103835169e+01 +7.103835169e+01 +1.7201e+00 -2.2936e-02 -1.8632e+00
1366 0 +2.715741060e-02 +7.102715741e+01 +7.102715741e+01 +1.7062e+00 -3.3866e-02 -1.8640e+00
1402 0 +2.612601943e-02 +7.102612602e+01 +7.102612602e+01 +1.6824e+00 -5.2495e-02 -1.8653e+00
1419 0 +1.808202843e-02 +7.101808203e+01 +7.101808203e+01 +1.6762e+00 -5.7508e-02 -1.8657e+00
1425 0 +1.735976061e-02 +7.101735976e+01 +7.101735976e+01 +1.6672e+00 -6.4624e-02 -1.8662e+00
1444 0 +1.056235041e-02 +7.101056235e+01 +7.101056235e+01 +1.6506e+00 -7.7854e-02 -1.8671e+00
1538 0 +9.940599595e-03 +7.100994060e+01 +7.100994060e+01 +1.6460e+00 -8.1535e-02 -1.8674e+00
1555 0 +7.852707555e-03 +7.100785271e+01 +7.100785271e+01 +1.6366e+00 -8.8953e-02 -1.8679e+00
1575 0 +6.668547525e-03 +7.100666855e+01 +7.100666855e+01 +1.6347e+00 -9.0487e-02 -1.8680e+00
1628 0 +4.997672792e-03 +7.100499767e+01 +7.100499767e+01 +1.6317e+00 -9.2959e-02 -1.8682e+00
1670 0 +4.285807658e-03 +7.100428581e+01 +7.100428581e+01 +1.6271e+00 -9.6639e-02 -1.8685e+00
1710 0 +4.058096370e-03 +7.100405810e+01 +7.100405810e+01 +1.6227e+00 -1.0015e-01 -1.8687e+00
1727 0 +2.984751705e-03 +7.100298475e+01 +7.100298475e+01 +1.6188e+00 -1.0329e-01 -1.8689e+00
1747 0 +2.801100799e-03 +7.100280110e+01 +7.100280110e+01 +1.6183e+00 -1.0370e-01 -1.8690e+00
1780 0 +2.358893814e-03 +7.100235889e+01 +7.100235889e+01 +1.6121e+00 -1.0864e-01 -1.8693e+00
1819 0 +2.015387830e-03 +7.100201539e+01 +7.100201539e+01 +1.6086e+00 -1.1149e-01 -1.8695e+00
1858 0 +1.905978988e-03 +7.100190598e+01 +7.100190598e+01 +1.6088e+00 -1.1132e-01 -1.8695e+00
1876 0 +1.346754912e-03 +7.100134675e+01 +7.100134675e+01 +1.6017e+00 -1.1702e-01 -1.8699e+00
1955 0 +1.245368725e-03 +7.100124537e+01 +7.100124537e+01 +1.6006e+00 -1.1793e-01 -1.8699e+00
1976 0 +1.119961985e-03 +7.100111996e+01 +7.100111996e+01 +1.6024e+00 -1.1650e-01 -1.8699e+00
2048 0 +1.047231715e-03 +7.100104723e+01 +7.100104723e+01 +1.6012e+00 -1.1745e-01 -1.8699e+00
2068 0 +9.699803074e-04 +7.100096998e+01 +7.100096998e+01 +1.6012e+00 -1.1749e-01 -1.8699e+00
2124 0 +9.167988205e-04 +7.100091680e+01 +7.100091680e+01 +1.6001e+00 -1.1833e-01 -1.8700e+00
2143 0 +8.928390022e-04 +7.100089284e+01 +7.100089284e+01 +1.6007e+00 -1.1785e-01 -1.8699e+00
2161 0 +8.736953523e-04 +7.100087370e+01 +7.100087370e+01 +1.5999e+00 -1.1854e-01 -1.8700e+00
2166 0 +8.687303792e-04 +7.100086873e+01 +7.100086873e+01 +1.5994e+00 -1.1890e-01 -1.8700e+00
2199 0 +8.337163158e-04 +7.100083372e+01 +7.100083372e+01 +1.5969e+00 -1.2097e-01 -1.8702e+00
2202 0 +7.784666061e-04 +7.100077847e+01 +7.100077847e+01 +1.5976e+00 -1.2038e-01 -1.8701e+00
2217 0 +5.382936852e-04 +7.100053829e+01 +7.100053829e+01 +1.5946e+00 -1.2285e-01 -1.8703e+00
2238 0 +5.351113044e-04 +7.100053511e+01 +7.100053511e+01 +1.5945e+00 -1.2293e-01 -1.8703e+00
2255 0 +5.233854811e-04 +7.100052339e+01 +7.100052339e+01 +1.5953e+00 -1.2226e-01 -1.8702e+00
2256 0 +4.921947397e-04 +7.100049219e+01 +7.100049219e+01 +1.5945e+00 -1.2285e-01 -1.8703e+00
2280 0 +4.756183763e-04 +7.100047562e+01 +7.100047562e+01 +1.5921e+00 -1.2482e-01 -1.8704e+00
2293 0 +4.246569335e-04 +7.100042466e+01 +7.100042466e+01 +1.5916e+00 -1.2526e-01 -1.8704e+00
2317 0 +3.854031650e-04 +7.100038540e+01 +7.100038540e+01 +1.5923e+00 -1.2465e-01 -1.8704e+00
2331 0 +3.183589598e-04 +7.100031836e+01 +7.100031836e+01 +1.5894e+00 -1.2700e-01 -1.8706e+00
2354 0 +2.736283239e-04 +7.100027363e+01 +7.100027363e+01 +1.5880e+00 -1.2820e-01 -1.8706e+00
2410 0 +2.501375967e-04 +7.100025014e+01 +7.100025014e+01 +1.5887e+00 -1.2760e-01 -1.8706e+00
2432 0 +2.276021615e-04 +7.100022760e+01 +7.100022760e+01 +1.5882e+00 -1.2804e-01 -1.8706e+00
2466 0 +2.067527173e-04 +7.100020675e+01 +7.100020675e+01 +1.5864e+00 -1.2951e-01 -1.8707e+00
2467 0 +1.992334488e-04 +7.100019923e+01 +7.100019923e+01 +1.5874e+00 -1.2870e-01 -1.8707e+00
2489 0 +1.505011655e-04 +7.100015050e+01 +7.100015050e+01 +1.5865e+00 -1.2940e-01 -1.8707e+00
2503 0 +1.473574531e-04 +7.100014736e+01 +7.100014736e+01 +1.5866e+00 -1.2932e-01 -1.8707e+00
2524 0 +7.250071327e-05 +7.100007250e+01 +7.100007250e+01 +1.5841e+00 -1.3143e-01 -1.8709e+00
2542 0 +6.960956415e-05 +7.100006961e+01 +7.100006961e+01 +1.5838e+00 -1.3168e-01 -1.8709e+00
2578 0 +5.701632698e-05 +7.100005702e+01 +7.100005702e+01 +1.5827e+00 -1.3253e-01 -1.8709e+00
2618 0 +3.433284816e-05 +7.100003433e+01 +7.100003433e+01 +1.5793e+00 -1.3536e-01 -1.8711e+00
2694 0 +1.650767742e-05 +7.100001651e+01 +7.100001651e+01 +1.5796e+00 -1.3512e-01 -1.8711e+00
2769 0 +1.522372224e-05 +7.100001522e+01 +7.100001522e+01 +1.5802e+00 -1.3463e-01 -1.8711e+00
2806 0 +1.247317705e-05 +7.100001247e+01 +7.100001247e+01 +1.5803e+00 -1.3456e-01 -1.8711e+00
2844 0 +1.153059844e-05 +7.100001153e+01 +7.100001153e+01 +1.5798e+00 -1.3491e-01 -1.8711e+00
2849 0 +1.035597965e-05 +7.100001036e+01 +7.100001036e+01 +1.5799e+00 -1.3490e-01 -1.8711e+00
2886 0 +9.549472040e-06 +7.100000955e+01 +7.100000955e+01 +1.5799e+00 -1.3491e-01 -1.8711e+00
2905 0 +9.237643027e-06 +7.100000924e+01 +7.100000924e+01 +1.5799e+00 -1.3486e-01 -1.8711e+00
2907 0 +9.038915294e-06 +7.100000904e+01 +7.100000904e+01 +1.5799e+00 -1.3487e-01 -1.8711e+00
2921 0 +8.450392500e-06 +7.100000845e+01 +7.100000845e+01 +1.5797e+00 -1.3506e-01 -1.8711e+00
2922 0 +8.143714950e-06 +7.100000814e+01 +7.100000814e+01 +1.5797e+00 -1.3506e-01 -1.8711e+00
2940 0 +6.214088728e-06 +7.100000621e+01 +7.100000621e+01 +1.5792e+00 -1.3543e-01 -1.8711e+00
3132 0 +5.784348573e-06 +7.100000578e+01 +7.100000578e+01 +1.5794e+00 -1.3527e-01 -1.8711e+00
3149 0 +5.654483360e-06 +7.100000565e+01 +7.100000565e+01 +1.5793e+00 -1.3539e-01 -1.8711e+00
3169 0 +5.467627858e-06 +7.100000547e+01 +7.100000547e+01 +1.5793e+00 -1.3534e-01 -1.8711e+00
3172 0 +5.153542929e-06 +7.100000515e+01 +7.100000515e+01 +1.5793e+00 -1.3535e-01 -1.8711e+00
3186 0 +5.098088735e-06 +7.100000510e+01 +7.100000510e+01 +1.5791e+00 -1.3556e-01 -1.8711e+00
3190 0 +4.925530291e-06 +7.100000493e+01 +7.100000493e+01 +1.5793e+00 -1.3541e-01 -1.8711e+00
3205 0 +4.197545863e-06 +7.100000420e+01 +7.100000420e+01 +1.5791e+00 -1.3550e-01 -1.8711e+00
3229 0 +3.968285696e-06 +7.100000397e+01 +7.100000397e+01 +1.5791e+00 -1.3553e-01 -1.8711e+00
3263 0 +3.421202933e-06 +7.100000342e+01 +7.100000342e+01 +1.5790e+00 -1.3563e-01 -1.8711e+00
3281 0 +3.305004654e-06 +7.100000331e+01 +7.100000331e+01 +1.5789e+00 -1.3570e-01 -1.8711e+00
3286 0 +2.206910835e-06 +7.100000221e+01 +7.100000221e+01 +1.5785e+00 -1.3604e-01 -1.8712e+00
3341 0 +1.973555158e-06 +7.100000197e+01 +7.100000197e+01 +1.5784e+00 -1.3614e-01 -1.8712e+00
3358 0 +1.681727042e-06 +7.100000168e+01 +7.100000168e+01 +1.5785e+00 -1.3608e-01 -1.8712e+00
3376 0 +1.197289592e-06 +7.100000120e+01 +7.100000120e+01 +1.5783e+00 -1.3622e-01 -1.8712e+00
3382 0 +9.889060948e-07 +7.100000099e+01 +7.100000099e+01 +1.5782e+00 -1.3629e-01 -1.8712e+00
3397 0 +6.196747648e-07 +7.100000062e+01 +7.100000062e+01 +1.5781e+00 -1.3641e-01 -1.8712e+00
3418 0 +5.536032859e-07 +7.100000055e+01 +7.100000055e+01 +1.5780e+00 -1.3644e-01 -1.8712e+00
3434 0 +4.041869062e-07 +7.100000040e+01 +7.100000040e+01 +1.5778e+00 -1.3661e-01 -1.8712e+00
3549 0 +2.231952010e-07 +7.100000022e+01 +7.100000022e+01 +1.5779e+00 -1.3652e-01 -1.8712e+00
3623 0 +1.987834963e-07 +7.100000020e+01 +7.100000020e+01 +1.5779e+00 -1.3652e-01 -1.8712e+00
3643 0 +1.417661935e-07 +7.100000014e+01 +7.100000014e+01 +1.5778e+00 -1.3665e-01 -1.8712e+00
3662 0 +1.174190345e-07 +7.100000012e+01 +7.100000012e+01 +1.5778e+00 -1.3666e-01 -1.8712e+00
3739 0 +7.480475972e-08 +7.100000007e+01 +7.100000007e+01 +1.5778e+00 -1.3665e-01 -1.8712e+00
3760 0 +4.074117044e-08 +7.100000004e+01 +7.100000004e+01 +1.5777e+00 -1.3668e-01 -1.8712e+00
3833 0 +2.224606988e-08 +7.100000002e+01 +7.100000002e+01 +1.5777e+00 -1.3671e-01 -1.8712e+00
3851 0 +1.950209594e-08 +7.100000002e+01 +7.100000002e+01 +1.5777e+00 -1.3671e-01 -1.8712e+00
3871 0 +9.960885450e-09 +7.100000001e+01 +7.100000001e+01 +1.5777e+00 -1.3674e-01 -1.8712e+00
% f evaluations | g evaluations | best noise-free fitness - Fopt (-6.702000000000e+01) + sum g_i+ | measured fitness | best measured fitness or single-digit g-values | x1 | x2...
1 0 +1.660273372e+07 +1.660266670e+07 +1.660266670e+07 +2.6831e-01 -1.9734e+00 +7.7341e-01
3 0 +7.877651124e+06 +7.877584104e+06 +7.877584104e+06 +3.0734e+00 +2.7932e+00 -4.6767e+00
8 0 +5.934336174e+06 +5.934269154e+06 +5.934269154e+06 +1.1432e+00 +4.4395e+00 +1.3323e+00
13 0 +3.737225420e+06 +3.737158400e+06 +3.737158400e+06 +2.4828e-01 +1.8795e-01 +3.0974e-01
35 0 +2.951901641e+06 +2.951834621e+06 +2.951834621e+06 +2.7237e-02 +4.8039e-01 +1.0821e-01
55 0 +2.155714150e+06 +2.155647130e+06 +2.155647130e+06 +2.5217e-01 +6.4120e-01 -2.4740e-02
74 0 +2.000833932e+06 +2.000766912e+06 +2.000766912e+06 +4.8123e-01 +6.3150e-01 +1.7099e-01
91 0 +1.666022664e+06 +1.665955644e+06 +1.665955644e+06 +2.8312e-01 +8.4706e-01 +2.0406e-01
109 0 +8.427198147e+05 +8.426527947e+05 +8.426527947e+05 +5.6281e-01 +1.6287e+00 +8.5600e-01
127 0 +2.635751646e+05 +2.635081446e+05 +2.635081446e+05 +6.0276e-01 +2.0998e+00 +6.7929e-01
146 0 +1.919079160e+05 +1.918408960e+05 +1.918408960e+05 +3.2475e-01 +1.7837e+00 +3.2709e-01
165 0 +1.758667005e+05 +1.757996805e+05 +1.757996805e+05 +5.0577e-01 +2.5290e+00 +5.9874e-01
166 0 +5.120859890e+04 +5.114157890e+04 +5.114157890e+04 +4.1231e-01 +2.3481e+00 +5.1983e-01
190 0 +3.750098437e+04 +3.743396437e+04 +3.743396437e+04 +8.8996e-01 +2.1809e+00 +5.7780e-02
244 0 +3.372021725e+04 +3.365319725e+04 +3.365319725e+04 +7.1299e-01 +1.9912e+00 +2.5581e-01
264 0 +2.319200581e+04 +2.312498581e+04 +2.312498581e+04 +7.9952e-01 +2.0413e+00 +1.9923e-01
283 0 +1.177499280e+04 +1.170797280e+04 +1.170797280e+04 +6.4288e-01 +1.9753e+00 +1.3163e-01
357 0 +4.054269455e+03 +3.987249455e+03 +3.987249455e+03 +6.4088e-01 +2.1644e+00 +1.8297e-01
394 0 +2.268110615e+03 +2.201090615e+03 +2.201090615e+03 +7.0282e-01 +2.0686e+00 +1.5088e-01
415 0 +1.645405631e+03 +1.578385631e+03 +1.578385631e+03 +7.2712e-01 +2.0429e+00 +1.2233e-01
433 0 +1.196914466e+03 +1.129894466e+03 +1.129894466e+03 +6.9421e-01 +2.0389e+00 +1.2135e-01
454 0 +5.628628529e+02 +4.958428529e+02 +4.958428529e+02 +7.7886e-01 +2.0170e+00 +1.8361e-02
568 0 +5.500949458e+02 +4.830749458e+02 +4.830749458e+02 +6.1963e-01 +2.1194e+00 +1.8186e-01
569 0 +1.745876501e+02 +1.075676501e+02 +1.075676501e+02 +6.2610e-01 +2.0926e+00 +1.4134e-01
584 0 +8.988056707e+01 +2.286056707e+01 +2.286056707e+01 +7.8599e-01 +2.0092e+00 +3.4404e-02
606 0 +5.935163839e+01 -7.668361612e+00 -7.668361612e+00 +8.4601e-01 +1.9868e+00 -1.1924e-02
1669 0 +5.244679685e+01 -1.457320315e+01 -1.457320315e+01 +8.4528e-01 +1.9844e+00 +1.4042e-03
2297 0 +3.004313635e+01 -3.697686365e+01 -3.697686365e+01 +9.7510e-01 +1.9207e+00 -1.0644e-01
2844 0 +2.495184794e+01 -4.206815206e+01 -4.206815206e+01 +4.1308e-01 +2.2180e+00 +2.9317e-01
3264 0 +2.136061538e+01 -4.565938462e+01 -4.565938462e+01 +9.7197e-01 +1.9170e+00 -9.9538e-02
4289 0 +1.192662002e+01 -5.509337998e+01 -5.509337998e+01 +3.2465e+00 +7.7786e-01 -2.4938e+00
5432 0 +1.031899257e+01 -5.670100743e+01 -5.670100743e+01 +1.1636e+00 +1.8183e+00 -2.5702e-01
16815 0 +9.509664764e+00 -5.751033524e+01 -5.751033524e+01 +2.4461e+00 +1.1496e+00 -1.6136e+00
17136 0 +6.402038572e+00 -6.061796143e+01 -6.061796143e+01 +1.9351e+00 +1.4153e+00 -9.9532e-01
30151 0 +5.055729011e+00 -6.196427099e+01 -6.196427099e+01 +1.4142e+00 +1.6864e+00 -4.7479e-01
43699 0 +4.062171219e+00 -6.295782878e+01 -6.295782878e+01 +1.6167e+00 +1.5814e+00 -6.6545e-01
95242 0 +3.256188683e+00 -6.376381132e+01 -6.376381132e+01 +2.4434e+00 +1.1549e+00 -1.6065e+00
