% f evaluations | g evaluations | best noise-free fitness - Fopt (2.997000000000e+01) + sum g_i+ | measured fitness | best measured fitness or single-digit g-values | x1 | x2...
1 0 +2.791272974e+03 +2.821242974e+03 +2.821242974e+03
2 0 +2.757656200e+03 +2.787626200e+03 +2.787626200e+03
9 0 +2.751715470e+03 +2.781685470e+03 +2.781685470e+03
99 0 +2.681555278e+03 +2.711525278e+03 +2.711525278e+03
188 0 +2.628907193e+03 +2.658877193e+03 +2.658877193e+03
265 0 +2.546200711e+03 +2.576170711e+03 +2.576170711e+03
345 0 +2.477867594e+03 +2.507837594e+03 +2.507837594e+03
379 0 +2.454182813e+03 +2.484152813e+03 +2.484152813e+03
397 0 +2.366082684e+03 +2.396052684e+03 +2.396052684e+03
471 0 +2.325701397e+03 +2.355671397e+03 +2.355671397e+03
496 0 +2.287484803e+03 +2.317454803e+03 +2.317454803e+03
510 0 +2.238499667e+03 +2.268469667e+03 +2.268469667e+03
570 0 +2.158545902e+03 +2.188515902e+03 +2.188515902e+03
619 0 +2.113539659e+03 +2.143509659e+03 +2.143509659e+03
629 0 +2.047806749e+03 +2.077776749e+03 +2.077776749e+03
657 0 +2.027747972e+03 +2.057717972e+03 +2.057717972e+03
746 0 +1.982283236e+03 +2.012253236e+03 +2.012253236e+03
749 0 +1.920707726e+03 +1.950677726e+03 +1.950677726e+03
802 0 +1.857334293e+03 +1.887304293e+03 +1.887304293e+03
862 0 +1.808131613e+03 +1.838101613e+03 +1.838101613e+03
883 0 +1.775301437e+03 +1.805271437e+03 +1.805271437e+03
918 0 +1.722416530e+03 +1.752386530e+03 +1.752386530e+03
919 0 +1.685464202e+03 +1.715434202e+03 +1.715434202e+03
982 0 +1.599453275e+03 +1.629423275e+03 +1.629423275e+03
988 0 +1.574617708e+03 +1.604587708e+03 +1.604587708e+03
1015 0 +1.540659231e+03 +1.570629231e+03 +1.570629231e+03
1037 0 +1.501466844e+03 +1.531436844e+03 +1.531436844e+03
1103 0 +1.404384422e+03 +1.434354422e+03 +1.434354422e+03
1111 0 +1.353065375e+03 +1.383035375e+03 +1.383035375e+03
1219 0 +1.338798167e+03 +1.368768167e+03 +1.368768167e+03
1220 0 +1.274197352e+03 +1.304167352e+03 +1.304167352e+03
1263 0 +1.245134786e+03 +1.275104786e+03 +1.275104786e+03
1562 0 +1.230053854e+03 +1.260023854e+03 +1.260023854e+03
1585 0 +1.200309847e+03 +1.230279847e+03 +1.230279847e+03
1586 0 +1.109016187e+03 +1.138986187e+03 +1.138986187e+03
1627 0 +1.083018796e+03 +1.112988796e+03 +1.112988796e+03
2181 0 +1.039119577e+03 +1.069089577e+03 +1.069089577e+03
2646 0 +9.717334208e+02 +1.001703421e+03 +1.001703421e+03
2714 0 +9.495893604e+02 +9.795593604e+02 +9.795593604e+02
2764 0 +8.797922258e+02 +9.097622258e+02 +9.097622258e+02
2969 0 +8.547818352e+02 +8.847518352e+02 +8.847518352e+02
2970 0 +8.134474282e+02 +8.434174282e+02 +8.434174282e+02
2983 0 +7.520293575e+02 +7.819993575e+02 +7.819993575e+02
3017 0 +7.367846405e+02 +7.667546405e+02 +7.667546405e+02
3150 0 +6.665808962e+02 +6.965508962e+02 +6.965508962e+02
3355 0 +6.399911145e+02 +6.699611145e+02 +6.699611145e+02
3429 0 +5.746243588e+02 +6.045943588e+02 +6.045943588e+02
3561 0 +5.444302654e+02 +5.744002654e+02 +5.744002654e+02
3687 0 +5.263730336e+02 +5.563430336e+02 +5.563430336e+02
3957 0 +5.016760200e+02 +5.316460200e+02 +5.316460200e+02
4040 0 +4.849646531e+02 +5.149346531e+02 +5.149346531e+02
4167 0 +4.642360657e+02 +4.942060657e+02 +4.942060657e+02
4233 0 +4.545437594e+02 +4.845137594e+02 +4.845137594e+02
4268 0 +4.153549797e+02 +4.453249797e+02 +4.453249797e+02
4390 0 +4.025591152e+02 +4.325291152e+02 +4.325291152e+02
4409 0 +3.368884703e+02 +3.668584703e+02 +3.668584703e+02
4741 0 +3.234029775e+02 +3.533729775e+02 +3.533729775e+02
4764 0 +3.087640618e+02 +3.387340618e+02 +3.387340618e+02
4867 0 +2.895789980e+02 +3.195489980e+02 +3.195489980e+02
4879 0 +2.836170544e+02 +3.135870544e+02 +3.135870544e+02
5006 0 +2.711030065e+02 +3.010730065e+02 +3.010730065e+02
5541 0 +2.589884762e+02 +2.889584762e+02 +2.889584762e+02
5586 0 +2.524469903e+02 +2.824169903e+02 +2.824169903e+02
5660 0 +2.033296516e+02 +2.332996516e+02 +2.332996516e+02
5831 0 +1.788074933e+02 +2.087774933e+02 +2.087774933e+02
6136 0 +1.634040924e+02 +1.933740924e+02 +1.933740924e+02
6266 0 +1.559392270e+02 +1.859092270e+02 +1.859092270e+02
6267 0 +1.525116473e+02 +1.824816473e+02 +1.824816473e+02
6361 0 +1.427205064e+02 +1.726905064e+02 +1.726905064e+02
6427 0 +1.350963843e+02 +1.650663843e+02 +1.650663843e+02
6675 0 +1.262140896e+02 +1.561840896e+02 +1.561840896e+02
6723 0 +1.234851540e+02 +1.534551540e+02 +1.534551540e+02
6773 0 +1.214204452e+02 +1.513904452e+02 +1.513904452e+02
6913 0 +1.198855259e+02 +1.498555259e+02 +1.498555259e+02
7044 0 +1.143419836e+02 +1.443119836e+02 +1.443119836e+02
7047 0 +1.117998124e+02 +1.417698124e+02 +1.417698124e+02
7152 0 +1.032949180e+02 +1.332649180e+02 +1.332649180e+02
7160 0 +9.799171779e+01 +1.279617178e+02 +1.279617178e+02
7262 0 +9.695480819e+01 +1.269248082e+02 +1.269248082e+02
7341 0 +8.792683407e+01 +1.178968341e+02 +1.178968341e+02
7373 0 +7.971130849e+01 +1.096813085e+02 +1.096813085e+02
7517 0 +7.562004109e+01 +1.055900411e+02 +1.055900411e+02
7526 0 +6.957004783e+01 +9.954004783e+01 +9.954004783e+01
7743 0 +6.910767317e+01 +9.907767317e+01 +9.907767317e+01
7748 0 +6.150199653e+01 +9.147199653e+01 +9.147199653e+01
7890 0 +5.992726905e+01 +8.989726905e+01 +8.989726905e+01
7981 0 +5.772128339e+01 +8.769128339e+01 +8.769128339e+01
8042 0 +5.675914700e+01 +8.672914700e+01 +8.672914700e+01
8243 0 +5.365771863e+01 +8.362771863e+01 +8.362771863e+01
8305 0 +4.966867250e+01 +7.963867250e+01 +7.963867250e+01
8306 0 +4.684432011e+01 +7.681432011e+01 +7.681432011e+01
8315 0 +4.521369538e+01 +7.518369538e+01 +7.518369538e+01
8710 0 +4.207255796e+01 +7.204255796e+01 +7.204255796e+01
8777 0 +3.790459458e+01 +6.787459458e+01 +6.787459458e+01
8836 0 +3.521155168e+01 +6.518155168e+01 +6.518155168e+01
9041 0 +3.437816951e+01 +6.434816951e+01 +6.434816951e+01
9125 0 +2.998304404e+01 +5.995304404e+01 +5.995304404e+01
9321 0 +2.934571118e+01 +5.931571118e+01 +5.931571118e+01
9382 0 +2.808091948e+01 +5.805091948e+01 +5.805091948e+01
9547 0 +2.752832897e+01 +5.749832897e+01 +5.749832897e+01
9678 0 +2.594267180e+01 +5.591267180e+01 +5.591267180e+01
9695 0 +2.506448220e+01 +5.503448220e+01 +5.503448220e+01
9801 0 +2.452554630e+01 +5.449554630e+01 +5.449554630e+01
9854 0 +2.263149400e+01 +5.260149400e+01 +5.260149400e+01
10059 0 +2.234451286e+01 +5.231451286e+01 +5.231451286e+01
10079 0 +2.097055837e+01 +5.094055837e+01 +5.094055837e+01
10148 0 +2.007744545e+01 +5.004744545e+01 +5.004744545e+01
10157 0 +1.816094913e+01 +4.813094913e+01 +4.813094913e+01
10399 0 +1.722614540e+01 +4.719614540e+01 +4.719614540e+01
10444 0 +1.592447910e+01 +4.589447910e+01 +4.589447910e+01
10530 0 +1.381805082e+01 +4.378805082e+01 +4.378805082e+01
10871 0 +1.368766102e+01 +4.365766102e+01 +4.365766102e+01
10942 0 +1.348057405e+01 +4.345057405e+01 +4.345057405e+01
11001 0 +1.261881894e+01 +4.258881894e+01 +4.258881894e+01
11182 0 +1.070141071e+01 +4.067141071e+01 +4.067141071e+01
11789 0 +1.016757007e+01 +4.013757007e+01 +4.013757007e+01
11900 0 +9.715419291e+00 +3.968541929e+01 +3.968541929e+01
11959 0 +9.485121891e+00 +3.945512189e+01 +3.945512189e+01
12123 0 +9.072387811e+00 +3.904238781e+01 +3.904238781e+01
12371 0 +8.507475179e+00 +3.847747518e+01 +3.847747518e+01
12391 0 +8.249511012e+00 +3.821951101e+01 +3.821951101e+01
12677 0 +7.240173151e+00 +3.721017315e+01 +3.721017315e+01
12917 0 +6.710146060e+00 +3.668014606e+01 +3.668014606e+01
13099 0 +6.018432287e+00 +3.598843229e+01 +3.598843229e+01
13459 0 +5.670079721e+00 +3.564007972e+01 +3.564007972e+01
13576 0 +5.368524305e+00 +3.533852430e+01 +3.533852430e+01
13863 0 +5.245793761e+00 +3.521579376e+01 +3.521579376e+01
13946 0 +5.095623847e+00 +3.506562385e+01 +3.506562385e+01
14169 0 +4.871307881e+00 +3.484130788e+01 +3.484130788e+01
14387 0 +4.767566726e+00 +3.473756673e+01 +3.473756673e+01
14486 0 +4.456206806e+00 +3.442620681e+01 +3.442620681e+01
14659 0 +4.324653796e+00 +3.429465380e+01 +3.429465380e+01
14774 0 +4.230436888e+00 +3.420043689e+01 +3.420043689e+01
15018 0 +4.084734020e+00 +3.405473402e+01 +3.405473402e+01
15075 0 +4.042312965e+00 +3.401231297e+01 +3.401231297e+01
15148 0 +3.897789876e+00 +3.386778988e+01 +3.386778988e+01
15211 0 +3.866787222e+00 +3.383678722e+01 +3.383678722e+01
15251 0 +3.733525727e+00 +3.370352573e+01 +3.370352573e+01
15506 0 +3.682580520e+00 +3.365258052e+01 +3.365258052e+01
15808 0 +3.595871380e+00 +3.356587138e+01 +3.356587138e+01
15859 0 +3.547894126e+00 +3.351789413e+01 +3.351789413e+01
16290 0 +3.388634623e+00 +3.335863462e+01 +3.335863462e+01
16319 0 +3.381529255e+00 +3.335152925e+01 +3.335152925e+01
16335 0 +3.278124327e+00 +3.324812433e+01 +3.324812433e+01
16465 0 +3.218725206e+00 +3.318872521e+01 +3.318872521e+01
16944 0 +3.161091383e+00 +3.313109138e+01 +3.313109138e+01
17019 0 +3.064689492e+00 +3.303468949e+01 +3.303468949e+01
17170 0 +3.007210557e+00 +3.297721056e+01 +3.297721056e+01
17395 0 +2.935707037e+00 +3.290570704e+01 +3.290570704e+01
17729 0 +2.838232656e+00 +3.280823266e+01 +3.280823266e+01
17958 0 +2.780992430e+00 +3.275099243e+01 +3.275099243e+01
18603 0 +2.753946325e+00 +3.272394633e+01 +3.272394633e+01
19103 0 +2.670796678e+00 +3.264079668e+01 +3.264079668e+01
19679 0 +2.628827985e+00 +3.259882799e+01 +3.259882799e+01
20479 0 +2.568292658e+00 +3.253829266e+01 +3.253829266e+01
22267 0 +2.511033594e+00 +3.248103359e+01 +3.248103359e+01
% f evaluations | g evaluations | best noise-free fitness - Fopt (-5.171000000000e+01) + sum g_i+ | measured fitness | best measured fitness or single-digit g-values | x1 | x2...
1 0 +3.480266946e+03 +3.428556946e+03 +3.428556946e+03
2 0 +3.448023669e+03 +3.396313669e+03 +3.396313669e+03
101 0 +3.362133505e+03 +3.310423505e+03 +3.310423505e+03
145 0 +3.283190280e+03 +3.231480280e+03 +3.231480280e+03
171 0 +3.231260568e+03 +3.179550568e+03 +3.179550568e+03
327 0 +3.150255621e+03 +3.098545621e+03 +3.098545621e+03
376 0 +3.080208200e+03 +3.028498200e+03 +3.028498200e+03
450 0 +3.013813889e+03 +2.962103889e+03 +2.962103889e+03
496 0 +2.911833039e+03 +2.860123039e+03 +2.860123039e+03
558 0 +2.861527092e+03 +2.809817092e+03 +2.809817092e+03
620 0 +2.775968605e+03 +2.724258605e+03 +2.724258605e+03
676 0 +2.712032160e+03 +2.660322160e+03 +2.660322160e+03
740 0 +2.685867978e+03 +2.634157978e+03 +2.634157978e+03
749 0 +2.581075934e+03 +2.529365934e+03 +2.529365934e+03
799 0 +2.518552032e+03 +2.466842032e+03 +2.466842032e+03
837 0 +2.503103438e+03 +2.451393438e+03 +2.451393438e+03
856 0 +2.403142924e+03 +2.351432924e+03 +2.351432924e+03
895 0 +2.329242937e+03 +2.277532937e+03 +2.277532937e+03
918 0 +2.202876104e+03 +2.151166104e+03 +2.151166104e+03
988 0 +2.172728545e+03 +2.121018545e+03 +2.121018545e+03
1043 0 +2.096138182e+03 +2.044428182e+03 +2.044428182e+03
1047 0 +2.028684411e+03 +1.976974411e+03 +1.976974411e+03
1110 0 +1.966923584e+03 +1.915213584e+03 +1.915213584e+03
1117 0 +1.931236426e+03 +1.879526426e+03 +1.879526426e+03
1164 0 +1.756198006e+03 +1.704488006e+03 +1.704488006e+03
1221 0 +1.709771633e+03 +1.658061633e+03 +1.658061633e+03
1276 0 +1.462822921e+03 +1.411112921e+03 +1.411112921e+03
1401 0 +1.352405182e+03 +1.300695182e+03 +1.300695182e+03
1437 0 +1.298393533e+03 +1.246683533e+03 +1.246683533e+03
1446 0 +1.279127643e+03 +1.227417643e+03 +1.227417643e+03
2174 0 +1.242038884e+03 +1.190328884e+03 +1.190328884e+03
2302 0 +1.226616142e+03 +1.174906142e+03 +1.174906142e+03
2561 0 +1.161797149e+03 +1.110087149e+03 +1.110087149e+03
2727 0 +1.126557395e+03 +1.074847395e+03 +1.074847395e+03
2776 0 +1.092438996e+03 +1.040728996e+03 +1.040728996e+03
2892 0 +1.000748050e+03 +9.490380504e+02 +9.490380504e+02
2953 0 +9.365998786e+02 +8.848898786e+02 +8.848898786e+02
3067 0 +8.944680624e+02 +8.427580624e+02 +8.427580624e+02
3081 0 +7.936536856e+02 +7.419436856e+02 +7.419436856e+02
3246 0 +7.621826318e+02 +7.104726318e+02 +7.104726318e+02
3248 0 +6.368323234e+02 +5.851223234e+02 +5.851223234e+02
3631 0 +6.267701457e+02 +5.750601457e+02 +5.750601457e+02
3763 0 +6.000729727e+02 +5.483629727e+02 +5.483629727e+02
3864 0 +5.740496031e+02 +5.223396031e+02 +5.223396031e+02
4036 0 +5.286964210e+02 +4.769864210e+02 +4.769864210e+02
4089 0 +4.920281122e+02 +4.403181122e+02 +4.403181122e+02
4516 0 +4.581349250e+02 +4.064249250e+02 +4.064249250e+02
4586 0 +4.431884844e+02 +3.914784844e+02 +3.914784844e+02
4643 0 +4.358095656e+02 +3.840995656e+02 +3.840995656e+02
4649 0 +4.034545935e+02 +3.517445935e+02 +3.517445935e+02
4651 0 +3.662909242e+02 +3.145809242e+02 +3.145809242e+02
4801 0 +3.529846890e+02 +3.012746890e+02 +3.012746890e+02
5008 0 +3.453450451e+02 +2.936350451e+02 +2.936350451e+02
5164 0 +3.063563694e+02 +2.546463694e+02 +2.546463694e+02
5295 0 +2.830564333e+02 +2.313464333e+02 +2.313464333e+02
5364 0 +2.799292443e+02 +2.282192443e+02 +2.282192443e+02
5422 0 +2.666173415e+02 +2.149073415e+02 +2.149073415e+02
5439 0 +2.382091288e+02 +1.864991288e+02 +1.864991288e+02
5960 0 +2.313796120e+02 +1.796696120e+02 +1.796696120e+02
6015 0 +2.208541747e+02 +1.691441747e+02 +1.691441747e+02
6131 0 +2.115466518e+02 +1.598366518e+02 +1.598366518e+02
6195 0 +1.954197592e+02 +1.437097592e+02 +1.437097592e+02
6270 0 +1.928552117e+02 +1.411452117e+02 +1.411452117e+02
6320 0 +1.901437228e+02 +1.384337228e+02 +1.384337228e+02
6421 0 +1.699576959e+02 +1.182476959e+02 +1.182476959e+02
6678 0 +1.617824267e+02 +1.100724267e+02 +1.100724267e+02
6801 0 +1.412767814e+02 +8.956678142e+01 +8.956678142e+01
6866 0 +1.267949941e+02 +7.508499414e+01 +7.508499414e+01
6915 0 +1.253768032e+02 +7.366680318e+01 +7.366680318e+01
6984 0 +1.100323108e+02 +5.832231082e+01 +5.832231082e+01
7085 0 +1.066754646e+02 +5.496546458e+01 +5.496546458e+01
7285 0 +1.012566809e+02 +4.954668089e+01 +4.954668089e+01
7383 0 +9.584744658e+01 +4.413744658e+01 +4.413744658e+01
7399 0 +8.917446447e+01 +3.746446447e+01 +3.746446447e+01
7707 0 +8.374403896e+01 +3.203403896e+01 +3.203403896e+01
7733 0 +8.124354283e+01 +2.953354283e+01 +2.953354283e+01
7785 0 +7.558370826e+01 +2.387370826e+01 +2.387370826e+01
7822 0 +5.948013243e+01 +7.770132427e+00 +7.770132427e+00
7929 0 +5.435694788e+01 +2.646947879e+00 +2.646947879e+00
8250 0 +4.682819153e+01 -4.881808473e+00 -4.881808473e+00
% f evaluations | g evaluations | best noise-free fitness - Fopt (-2.799500000000e+02) + sum g_i+ | measured fitness | best measured fitness or single-digit g-values | x1 | x2...
1 0 +3.830028785e+03 +3.550078785e+03 +3.550078785e+03
2 0 +3.693784180e+03 +3.413834180e+03 +3.413834180e+03
77 0 +3.609406629e+03 +3.329456629e+03 +3.329456629e+03
142 0 +3.547169218e+03 +3.267219218e+03 +3.267219218e+03
287 0 +3.422352440e+03 +3.142402440e+03 +3.142402440e+03
324 0 +3.352757112e+03 +3.072807112e+03 +3.072807112e+03
385 0 +3.258870959e+03 +2.978920959e+03 +2.978920959e+03
436 0 +3.215988617e+03 +2.936038617e+03 +2.936038617e+03
496 0 +3.054346475e+03 +2.774396475e+03 +2.774396475e+03
585 0 +2.971519914e+03 +2.691569914e+03 +2.691569914e+03
621 0 +2.945216940e+03 +2.665266940e+03 +2.665266940e+03
629 0 +2.876573253e+03 +2.596623253e+03 +2.596623253e+03
688 0 +2.778247035e+03 +2.498297035e+03 +2.498297035e+03
740 0 +2.725371417e+03 +2.445421417e+03 +2.445421417e+03
801 0 +2.682420190e+03 +2.402470190e+03 +2.402470190e+03
808 0 +2.545478613e+03 +2.265528613e+03 +2.265528613e+03
857 0 +2.416563338e+03 +2.136613338e+03 +2.136613338e+03
863 0 +2.376270970e+03 +2.096320970e+03 +2.096320970e+03
873 0 +2.337211109e+03 +2.057261109e+03 +2.057261109e+03
928 0 +2.235807661e+03 +1.955857661e+03 +1.955857661e+03
1039 0 +2.061082019e+03 +1.781132019e+03 +1.781132019e+03
1096 0 +2.041090795e+03 +1.761140795e+03 +1.761140795e+03
1104 0 +1.842774003e+03 +1.562824003e+03 +1.562824003e+03
1165 0 +1.711653821e+03 +1.431703821e+03 +1.431703821e+03
1169 0 +1.622212091e+03 +1.342262091e+03 +1.342262091e+03
1189 0 +1.601226469e+03 +1.321276469e+03 +1.321276469e+03
1272 0 +1.576351282e+03 +1.296401282e+03 +1.296401282e+03
1274 0 +1.530247294e+03 +1.250297294e+03 +1.250297294e+03
1322 0 +1.470243051e+03 +1.190293051e+03 +1.190293051e+03
1343 0 +1.419051590e+03 +1.139101590e+03 +1.139101590e+03
1545 0 +1.408951621e+03 +1.129001621e+03 +1.129001621e+03
1575 0 +1.334024205e+03 +1.054074205e+03 +1.054074205e+03
1777 0 +1.303152247e+03 +1.023202247e+03 +1.023202247e+03
1804 0 +1.137755074e+03 +8.578050742e+02 +8.578050742e+02
2428 0 +1.043771693e+03 +7.638216928e+02 +7.638216928e+02
2429 0 +9.997449265e+02 +7.197949265e+02 +7.197949265e+02
2478 0 +9.457217221e+02 +6.657717221e+02 +6.657717221e+02
2605 0 +9.319798765e+02 +6.520298765e+02 +6.520298765e+02
2679 0 +9.080288627e+02 +6.280788627e+02 +6.280788627e+02
2785 0 +8.818057921e+02 +6.018557921e+02 +6.018557921e+02
2795 0 +8.473429470e+02 +5.673929470e+02 +5.673929470e+02
2898 0 +8.119599316e+02 +5.320099316e+02 +5.320099316e+02
2903 0 +7.915799258e+02 +5.116299258e+02 +5.116299258e+02
2907 0 +7.442387064e+02 +4.642887064e+02 +4.642887064e+02
2970 0 +6.150785279e+02 +3.351285279e+02 +3.351285279e+02
3319 0 +5.967298783e+02 +3.167798783e+02 +3.167798783e+02
3429 0 +5.650274294e+02 +2.850774294e+02 +2.850774294e+02
3508 0 +5.530517993e+02 +2.731017993e+02 +2.731017993e+02
3609 0 +5.445246918e+02 +2.645746918e+02 +2.645746918e+02
3847 0 +4.995214074e+02 +2.195714074e+02 +2.195714074e+02
3920 0 +4.594973996e+02 +1.795473996e+02 +1.795473996e+02
3941 0 +4.382974014e+02 +1.583474014e+02 +1.583474014e+02
3970 0 +3.936067122e+02 +1.136567122e+02 +1.136567122e+02
4211 0 +3.858986203e+02 +1.059486203e+02 +1.059486203e+02
4457 0 +3.560067056e+02 +7.605670561e+01 +7.605670561e+01
4561 0 +3.497203060e+02 +6.977030602e+01 +6.977030602e+01
4636 0 +3.370188732e+02 +5.706887320e+01 +5.706887320e+01
4646 0 +3.171503279e+02 +3.720032788e+01 +3.720032788e+01
4681 0 +3.064812962e+02 +2.653129619e+01 +2.653129619e+01
4702 0 +3.012070206e+02 +2.125702065e+01 +2.125702065e+01
4710 0 +2.886958603e+02 +8.745860311e+00 +8.745860311e+00
4936 0 +2.809475828e+02 +9.975827579e-01 +9.975827579e-01
5283 0 +2.587503536e+02 -2.119964640e+01 -2.119964640e+01
% f evaluations | g evaluations | best noise-free fitness - Fopt (9.319900000000e+02) + sum g_i+ | measured fitness | best measured fitness or single-digit g-values | x1 | x2...
1 0 +2.945092961e+03 +3.877082961e+03 +3.877082961e+03
2 0 +2.911962920e+03 +3.843952920e+03 +3.843952920e+03
6 0 +2.873264489e+03 +3.805254489e+03 +3.805254489e+03
47 0 +2.816006103e+03 +3.747996103e+03 +3.747996103e+03
107 0 +2.750633575e+03 +3.682623575e+03 +3.682623575e+03
196 0 +2.662838216e+03 +3.594828216e+03 +3.594828216e+03
263 0 +2.624400888e+03 +3.556390888e+03 +3.556390888e+03
293 0 +2.568600682e+03 +3.500590682e+03 +3.500590682e+03
355 0 +2.468295199e+03 +3.400285199e+03 +3.400285199e+03
376 0 +2.440228981e+03 +3.372218981e+03 +3.372218981e+03
391 0 +2.395192984e+03 +3.327182984e+03 +3.327182984e+03
439 0 +2.300058462e+03 +3.232048462e+03 +3.232048462e+03
498 0 +2.290459649e+03 +3.222449649e+03 +3.222449649e+03
556 0 +2.205074921e+03 +3.137064921e+03 +3.137064921e+03
558 0 +2.109877381e+03 +3.041867381e+03 +3.041867381e+03
622 0 +2.036019765e+03 +2.968009765e+03 +2.968009765e+03
679 0 +1.979881999e+03 +2.911871999e+03 +2.911871999e+03
737 0 +1.893402900e+03 +2.825392900e+03 +2.825392900e+03
806 0 +1.836100060e+03 +2.768090060e+03 +2.768090060e+03
858 0 +1.762226966e+03 +2.694216966e+03 +2.694216966e+03
919 0 +1.636220312e+03 +2.568210312e+03 +2.568210312e+03
977 0 +1.563290943e+03 +2.495280943e+03 +2.495280943e+03
989 0 +1.477436641e+03 +2.409426641e+03 +2.409426641e+03
1101 0 +1.444414036e+03 +2.376404036e+03 +2.376404036e+03
1133 0 +1.406267618e+03 +2.338257618e+03 +2.338257618e+03
1152 0 +1.370540508e+03 +2.302530508e+03 +2.302530508e+03
1158 0 +1.346029812e+03 +2.278019812e+03 +2.278019812e+03
1159 0 +1.297479320e+03 +2.229469320e+03 +2.229469320e+03
1204 0 +1.288066558e+03 +2.220056558e+03 +2.220056558e+03
1220 0 +1.241517556e+03 +2.173507556e+03 +2.173507556e+03
1341 0 +1.149421948e+03 +2.081411948e+03 +2.081411948e+03
1805 0 +1.115877030e+03 +2.047867030e+03 +2.047867030e+03
1843 0 +1.062841907e+03 +1.994831907e+03 +1.994831907e+03
1867 0 +9.678114204e+02 +1.899801420e+03 +1.899801420e+03
1987 0 +9.299725953e+02 +1.861962595e+03 +1.861962595e+03
2347 0 +8.844628150e+02 +1.816452815e+03 +1.816452815e+03
2371 0 +8.464174218e+02 +1.778407422e+03 +1.778407422e+03
2493 0 +7.966172641e+02 +1.728607264e+03 +1.728607264e+03
2587 0 +7.597918793e+02 +1.691781879e+03 +1.691781879e+03
2651 0 +7.071990693e+02 +1.639189069e+03 +1.639189069e+03
2958 0 +6.343880610e+02 +1.566378061e+03 +1.566378061e+03
3263 0 +6.170638584e+02 +1.549053858e+03 +1.549053858e+03
3308 0 +6.143501368e+02 +1.546340137e+03 +1.546340137e+03
3314 0 +5.912771719e+02 +1.523267172e+03 +1.523267172e+03
3495 0 +5.496636371e+02 +1.481653637e+03 +1.481653637e+03
3559 0 +5.264750892e+02 +1.458465089e+03 +1.458465089e+03
3617 0 +5.247854304e+02 +1.456775430e+03 +1.456775430e+03
3618 0 +4.618576023e+02 +1.393847602e+03 +1.393847602e+03
3737 0 +4.536473866e+02 +1.385637387e+03 +1.385637387e+03
3845 0 +4.414489869e+02 +1.373438987e+03 +1.373438987e+03
3849 0 +3.922209871e+02 +1.324210987e+03 +1.324210987e+03
3987 0 +3.751407867e+02 +1.307130787e+03 +1.307130787e+03
4013 0 +3.679687058e+02 +1.299958706e+03 +1.299958706e+03
4109 0 +3.436094781e+02 +1.275599478e+03 +1.275599478e+03
4152 0 +3.264362730e+02 +1.258426273e+03 +1.258426273e+03
4402 0 +3.131079354e+02 +1.245097935e+03 +1.245097935e+03
4507 0 +2.980770882e+02 +1.230067088e+03 +1.230067088e+03
4637 0 +2.930798752e+02 +1.225069875e+03 +1.225069875e+03
4744 0 +2.498757947e+02 +1.181865795e+03 +1.181865795e+03
4884 0 +2.453466642e+02 +1.177336664e+03 +1.177336664e+03
4945 0 +2.340031985e+02 +1.165993198e+03 +1.165993198e+03
5054 0 +2.188445284e+02 +1.150834528e+03 +1.150834528e+03
5126 0 +2.168856855e+02 +1.148875685e+03 +1.148875685e+03
5166 0 +2.092081597e+02 +1.141198160e+03 +1.141198160e+03
5170 0 +1.984349969e+02 +1.130424997e+03 +1.130424997e+03
5177 0 +1.914205032e+02 +1.123410503e+03 +1.123410503e+03
5253 0 +1.888369869e+02 +1.120826987e+03 +1.120826987e+03
5308 0 +1.854130020e+02 +1.117403002e+03 +1.117403002e+03
5415 0 +1.725345069e+02 +1.104524507e+03 +1.104524507e+03
5601 0 +1.613784759e+02 +1.093368476e+03 +1.093368476e+03
5757 0 +1.563891509e+02 +1.088379151e+03 +1.088379151e+03
5775 0 +1.454128265e+02 +1.077402826e+03 +1.077402826e+03
5787 0 +1.332520333e+02 +1.065242033e+03 +1.065242033e+03
5950 0 +1.240499099e+02 +1.056039910e+03 +1.056039910e+03
6084 0 +1.019111418e+02 +1.033901142e+03 +1.033901142e+03
6449 0 +9.947581609e+01 +1.031465816e+03 +1.031465816e+03
6488 0 +9.087409424e+01 +1.022864094e+03 +1.022864094e+03
6618 0 +8.769931820e+01 +1.019689318e+03 +1.019689318e+03
6745 0 +8.469063481e+01 +1.016680635e+03 +1.016680635e+03
6787 0 +7.934119642e+01 +1.011331196e+03 +1.011331196e+03
6863 0 +7.604891192e+01 +1.008038912e+03 +1.008038912e+03
6920 0 +6.766219361e+01 +9.996521936e+02 +9.996521936e+02
7048 0 +6.752090826e+01 +9.995109083e+02 +9.995109083e+02
7081 0 +6.156222589e+01 +9.935522259e+02 +9.935522259e+02
7110 0 +6.012240036e+01 +9.921124004e+02 +9.921124004e+02
7261 0 +5.352313420e+01 +9.855131342e+02 +9.855131342e+02
7461 0 +5.233568349e+01 +9.843256835e+02 +9.843256835e+02
7547 0 +5.026475964e+01 +9.822547596e+02 +9.822547596e+02
7583 0 +4.990823927e+01 +9.818982393e+02 +9.818982393e+02
7584 0 +4.820194800e+01 +9.801919480e+02 +9.801919480e+02
7641 0 +4.635685340e+01 +9.783468534e+02 +9.783468534e+02
7747 0 +4.263852369e+01 +9.746285237e+02 +9.746285237e+02
7824 0 +3.850190945e+01 +9.704919095e+02 +9.704919095e+02
7847 0 +3.779351457e+01 +9.697835146e+02 +9.697835146e+02
7942 0 +3.503452825e+01 +9.670245282e+02 +9.670245282e+02
8189 0 +3.324315230e+01 +9.652331523e+02 +9.652331523e+02
8293 0 +3.259073349e+01 +9.645807335e+02 +9.645807335e+02
8764 0 +2.930132105e+01 +9.612913210e+02 +9.612913210e+02
8782 0 +2.580875272e+01 +9.577987527e+02 +9.577987527e+02
8803 0 +2.188291114e+01 +9.538729111e+02 +9.538729111e+02
9192 0 +2.069331893e+01 +9.526833189e+02 +9.526833189e+02
9434 0 +1.979444986e+01 +9.517844499e+02 +9.517844499e+02
9624 0 +1.886089452e+01 +9.508508945e+02 +9.508508945e+02
9669 0 +1.721239786e+01 +9.492023979e+02 +9.492023979e+02
9808 0 +1.453259345e+01 +9.465225934e+02 +9.465225934e+02
10083 0 +1.332508083e+01 +9.453150808e+02 +9.453150808e+02
10458 0 +1.313073896e+01 +9.451207390e+02 +9.451207390e+02
10565 0 +1.260686319e+01 +9.445968632e+02 +9.445968632e+02
10579 0 +1.218026930e+01 +9.441702693e+02 +9.441702693e+02
10650 0 +1.196134594e+01 +9.439513459e+02 +9.439513459e+02
10679 0 +1.157268472e+01 +9.435626847e+02 +9.435626847e+02
10698 0 +1.035935895e+01 +9.423493589e+02 +9.423493589e+02
10880 0 +9.634521502e+00 +9.416245215e+02 +9.416245215e+02
11064 0 +8.333199330e+00 +9.403231993e+02 +9.403231993e+02
11105 0 +7.493759906e+00 +9.394837599e+02 +9.394837599e+02
11195 0 +7.320331586e+00 +9.393103316e+02 +9.393103316e+02
11251 0 +7.170500494e+00 +9.391605005e+02 +9.391605005e+02
11359 0 +6.992172342e+00 +9.389821723e+02 +9.389821723e+02
11478 0 +6.826042641e+00 +9.388160426e+02 +9.388160426e+02
11541 0 +6.681281703e+00 +9.386712817e+02 +9.386712817e+02
11601 0 +6.533399819e+00 +9.385233998e+02 +9.385233998e+02
11646 0 +5.998684747e+00 +9.379886847e+02 +9.379886847e+02
11779 0 +5.585994425e+00 +9.375759944e+02 +9.375759944e+02
11892 0 +5.415551706e+00 +9.374055517e+02 +9.374055517e+02
11952 0 +5.068743344e+00 +9.370587433e+02 +9.370587433e+02
12003 0 +4.987983140e+00 +9.369779831e+02 +9.369779831e+02
12147 0 +4.890922518e+00 +9.368809225e+02 +9.368809225e+02
12432 0 +4.780490461e+00 +9.367704905e+02 +9.367704905e+02
12440 0 +4.446807118e+00 +9.364368071e+02 +9.364368071e+02
12610 0 +4.361452629e+00 +9.363514526e+02 +9.363514526e+02
12620 0 +3.835321359e+00 +9.358253214e+02 +9.358253214e+02
12663 0 +3.757603564e+00 +9.357476036e+02 +9.357476036e+02
12701 0 +3.580890744e+00 +9.355708907e+02 +9.355708907e+02
12849 0 +3.471736444e+00 +9.354617364e+02 +9.354617364e+02
12976 0 +3.376022440e+00 +9.353660224e+02 +9.353660224e+02
13045 0 +3.269586620e+00 +9.352595866e+02 +9.352595866e+02
13087 0 +2.906580997e+00 +9.348965810e+02 +9.348965810e+02
13337 0 +2.825515556e+00 +9.348155156e+02 +9.348155156e+02
13339 0 +2.749889809e+00 +9.347398898e+02 +9.347398898e+02
13396 0 +2.322982867e+00 +9.343129829e+02 +9.343129829e+02
13707 0 +2.140027367e+00 +9.341300274e+02 +9.341300274e+02
13762 0 +2.072267944e+00 +9.340622679e+02 +9.340622679e+02
13880 0 +1.829638762e+00 +9.338196388e+02 +9.338196388e+02
14161 0 +1.799679945e+00 +9.337896799e+02 +9.337896799e+02
14271 0 +1.776703180e+00 +9.337667032e+02 +9.337667032e+02
14300 0 +1.665189283e+00 +9.336551893e+02 +9.336551893e+02
14358 0 +1.592710042e+00 +9.335827100e+02 +9.335827100e+02
14775 0 +1.396717885e+00 +9.333867179e+02 +9.333867179e+02
15020 0 +1.337704311e+00 +9.333277043e+02 +9.333277043e+02
15039 0 +1.299354420e+00 +9.332893544e+02 +9.332893544e+02
15090 0 +1.202109816e+00 +9.331921098e+02 +9.331921098e+02
15664 0 +1.117251693e+00 +9.331072517e+02 +9.331072517e+02
15726 0 +9.866753558e-01 +9.329766754e+02 +9.329766754e+02
15808 0 +9.583653347e-01 +9.329483653e+02 +9.329483653e+02
15867 0 +9.531793939e-01 +9.329431794e+02 +9.329431794e+02
16101 0 +9.155321154e-01 +9.329055321e+02 +9.329055321e+02
16167 0 +8.967982144e-01 +9.328867982e+02 +9.328867982e+02
16264 0 +8.107625645e-01 +9.328007626e+02 +9.328007626e+02
16757 0 +7.792407739e-01 +9.327692408e+02 +9.327692408e+02
16758 0 +7.716042539e-01 +9.327616043e+02 +9.327616043e+02
16773 0 +7.356920439e-01 +9.327256920e+02 +9.327256920e+02
17010 0 +7.242724233e-01 +9.327142724e+02 +9.327142724e+02
17039 0 +7.074118946e-01 +9.326974119e+02 +9.326974119e+02
17050 0 +6.880686492e-01 +9.326780686e+02 +9.326780686e+02
17190 0 +6.745605710e-01 +9.326645606e+02 +9.326645606e+02
17286 0 +6.367954861e-01 +9.326267955e+02 +9.326267955e+02
17677 0 +6.284881010e-01 +9.326184881e+02 +9.326184881e+02
17725 0 +6.145249992e-01 +9.326045250e+02 +9.326045250e+02
17726 0 +5.934787896e-01 +9.325834788e+02 +9.325834788e+02
17890 0 +5.812892287e-01 +9.325712892e+02 +9.325712892e+02
18145 0 +5.738039806e-01 +9.325638040e+02 +9.325638040e+02
18431 0 +5.544960046e-01 +9.325444960e+02 +9.325444960e+02
18469 0 +5.410790962e-01 +9.325310791e+02 +9.325310791e+02
18490 0 +5.289594844e-01 +9.325189595e+02 +9.325189595e+02
18553 0 +5.217386949e-01 +9.325117387e+02 +9.325117387e+02
18748 0 +4.995931257e-01 +9.324895931e+02 +9.324895931e+02
19272 0 +4.878540223e-01 +9.324778540e+02 +9.324778540e+02
19283 0 +4.781861540e-01 +9.324681862e+02 +9.324681862e+02
19399 0 +4.666828941e-01 +9.324566829e+02 +9.324566829e+02
19810 0 +4.568872376e-01 +9.324468872e+02 +9.324468872e+02
20061 0 +4.440931716e-01 +9.324340932e+02 +9.324340932e+02
20306 0 +4.291838768e-01 +9.324191839e+02 +9.324191839e+02
20763 0 +4.258253642e-01 +9.324158254e+02 +9.324158254e+02
20967 0 +4.154004694e-01 +9.324054005e+02 +9.324054005e+02
21629 0 +4.050875830e-01 +9.323950876e+02 +9.323950876e+02
22402 0 +3.975489065e-01 +9.323875489e+02 +9.323875489e+02
23843 0 +3.879816263e-01 +9.323779816e+02 +9.323779816e+02
27436 0 +3.801605954e-01 +9.323701606e+02 +9.323701606e+02
% f evaluations | g evaluations | best noise-free fitness - Fopt (1.133100000000e+02) + sum g_i+ | measured fitness | best measured fitness or single-digit g-values | x1 | x2...
1 0 +3.234622073e+03 +3.347932073e+03 +3.347932073e+03
2 0 +3.207183325e+03 +3.320493325e+03 +3.320493325e+03
5 0 +3.154155426e+03 +3.267465426e+03 +3.267465426e+03
149 0 +3.057278844e+03 +3.170588844e+03 +3.170588844e+03
198 0 +2.991713349e+03 +3.105023349e+03 +3.105023349e+03
256 0 +2.943807866e+03 +3.057117866e+03 +3.057117866e+03
326 0 +2.853018567e+03 +2.966328567e+03 +2.966328567e+03
378 0 +2.800959166e+03 +2.914269166e+03 +2.914269166e+03
384 0 +2.747422930e+03 +2.860732930e+03 +2.860732930e+03
438 0 +2.688612345e+03 +2.801922345e+03 +2.801922345e+03
497 0 +2.611119404e+03 +2.724429404e+03 +2.724429404e+03
556 0 +2.556094122e+03 +2.669404122e+03 +2.669404122e+03
573 0 +2.489452527e+03 +2.602762527e+03 +2.602762527e+03
577 0 +2.454267565e+03 +2.567577565e+03 +2.567577565e+03
677 0 +2.315249327e+03 +2.428559327e+03 +2.428559327e+03
737 0 +2.217424025e+03 +2.330734025e+03 +2.330734025e+03
746 0 +2.156588879e+03 +2.269898879e+03 +2.269898879e+03
805 0 +2.111382166e+03 +2.224692166e+03 +2.224692166e+03
863 0 +1.995993480e+03 +2.109303480e+03 +2.109303480e+03
887 0 +1.973216216e+03 +2.086526216e+03 +2.086526216e+03
918 0 +1.892003488e+03 +2.005313488e+03 +2.005313488e+03
984 0 +1.759089831e+03 +1.872399831e+03 +1.872399831e+03
986 0 +1.732058736e+03 +1.845368736e+03 +1.845368736e+03
1038 0 +1.670015302e+03 +1.783325302e+03 +1.783325302e+03
1050 0 +1.624007945e+03 +1.737317945e+03 +1.737317945e+03
1098 0 +1.524370917e+03 +1.637680917e+03 +1.637680917e+03
1162 0 +1.453064766e+03 +1.566374766e+03 +1.566374766e+03
1167 0 +1.414538532e+03 +1.527848532e+03 +1.527848532e+03
1202 0 +1.409780826e+03 +1.523090826e+03 +1.523090826e+03
1233 0 +1.342406263e+03 +1.455716263e+03 +1.455716263e+03
1247 0 +1.286655186e+03 +1.399965186e+03 +1.399965186e+03
1319 0 +1.228832670e+03 +1.342142670e+03 +1.342142670e+03
1344 0 +1.186976840e+03 +1.300286840e+03 +1.300286840e+03
1524 0 +1.084515243e+03 +1.197825243e+03 +1.197825243e+03
1815 0 +1.070747010e+03 +1.184057010e+03 +1.184057010e+03
2299 0 +1.010313964e+03 +1.123623964e+03 +1.123623964e+03
2315 0 +9.444433970e+02 +1.057753397e+03 +1.057753397e+03
2343 0 +8.594498371e+02 +9.727598371e+02 +9.727598371e+02
3006 0 +7.927307898e+02 +9.060407898e+02 +9.060407898e+02
3086 0 +7.330869937e+02 +8.463969937e+02 +8.463969937e+02
3323 0 +7.074574366e+02 +8.207674366e+02 +8.207674366e+02
3362 0 +6.659078118e+02 +7.792178118e+02 +7.792178118e+02
3389 0 +6.547095891e+02 +7.680195891e+02 +7.680195891e+02
3807 0 +6.271968212e+02 +7.405068212e+02 +7.405068212e+02
3849 0 +6.129317848e+02 +7.262417848e+02 +7.262417848e+02
3865 0 +6.007225320e+02 +7.140325320e+02 +7.140325320e+02
3902 0 +5.473869508e+02 +6.606969508e+02 +6.606969508e+02
3933 0 +5.058898363e+02 +6.191998363e+02 +6.191998363e+02
4103 0 +4.871397312e+02 +6.004497312e+02 +6.004497312e+02
4144 0 +4.677932264e+02 +5.811032264e+02 +5.811032264e+02
4156 0 +4.510125234e+02 +5.643225234e+02 +5.643225234e+02
4289 0 +4.418265140e+02 +5.551365140e+02 +5.551365140e+02
4409 0 +4.236183789e+02 +5.369283789e+02 +5.369283789e+02
4516 0 +3.457274220e+02 +4.590374220e+02 +4.590374220e+02
4621 0 +3.335187739e+02 +4.468287739e+02 +4.468287739e+02
4696 0 +3.287920048e+02 +4.421020048e+02 +4.421020048e+02
4764 0 +3.056014654e+02 +4.189114654e+02 +4.189114654e+02
5133 0 +3.011463079e+02 +4.144563079e+02 +4.144563079e+02
5248 0 +2.943070219e+02 +4.076170219e+02 +4.076170219e+02
5251 0 +2.779654312e+02 +3.912754312e+02 +3.912754312e+02
5281 0 +2.612619483e+02 +3.745719483e+02 +3.745719483e+02
5399 0 +2.536890476e+02 +3.669990476e+02 +3.669990476e+02
5461 0 +2.334500404e+02 +3.467600404e+02 +3.467600404e+02
5487 0 +2.272280020e+02 +3.405380020e+02 +3.405380020e+02
5600 0 +2.103511533e+02 +3.236611533e+02 +3.236611533e+02
5660 0 +2.040096816e+02 +3.173196816e+02 +3.173196816e+02
5757 0 +1.971182369e+02 +3.104282369e+02 +3.104282369e+02
5882 0 +1.816537243e+02 +2.949637243e+02 +2.949637243e+02
5897 0 +1.766984529e+02 +2.900084529e+02 +2.900084529e+02
5956 0 +1.712283447e+02 +2.845383447e+02 +2.845383447e+02
6157 0 +1.505902143e+02 +2.639002143e+02 +2.639002143e+02
6447 0 +1.443044984e+02 +2.576144984e+02 +2.576144984e+02
6492 0 +1.259349118e+02 +2.392449118e+02 +2.392449118e+02
6633 0 +1.251844656e+02 +2.384944656e+02 +2.384944656e+02
6866 0 +1.173958065e+02 +2.307058065e+02 +2.307058065e+02
6919 0 +1.123955148e+02 +2.257055148e+02 +2.257055148e+02
7038 0 +1.097966175e+02 +2.231066175e+02 +2.231066175e+02
7085 0 +1.093036751e+02 +2.226136751e+02 +2.226136751e+02
7210 0 +1.035061541e+02 +2.168161541e+02 +2.168161541e+02
7214 0 +1.003315766e+02 +2.136415766e+02 +2.136415766e+02
7321 0 +9.702508989e+01 +2.103350899e+02 +2.103350899e+02
7404 0 +8.232698244e+01 +1.956369824e+02 +1.956369824e+02
7655 0 +7.183034472e+01 +1.851403447e+02 +1.851403447e+02
7872 0 +6.786837449e+01 +1.811783745e+02 +1.811783745e+02
7890 0 +6.447092183e+01 +1.777809218e+02 +1.777809218e+02
8238 0 +6.175257478e+01 +1.750625748e+02 +1.750625748e+02
8273 0 +6.125319159e+01 +1.745631916e+02 +1.745631916e+02
8428 0 +5.781094038e+01 +1.711209404e+02 +1.711209404e+02
8473 0 +5.412653219e+01 +1.674365322e+02 +1.674365322e+02
8488 0 +5.216673654e+01 +1.654767365e+02 +1.654767365e+02
8546 0 +4.561651926e+01 +1.589265193e+02 +1.589265193e+02
8710 0 +4.394500317e+01 +1.572550032e+02 +1.572550032e+02
8840 0 +4.346296822e+01 +1.567729682e+02 +1.567729682e+02
8891 0 +3.856832353e+01 +1.518783235e+02 +1.518783235e+02
8963 0 +3.606978884e+01 +1.493797888e+02 +1.493797888e+02
9037 0 +3.317034482e+01 +1.464803448e+02 +1.464803448e+02
9345 0 +3.255002825e+01 +1.458600282e+02 +1.458600282e+02
9368 0 +2.989193855e+01 +1.432019385e+02 +1.432019385e+02
9662 0 +2.917224235e+01 +1.424822424e+02 +1.424822424e+02
9682 0 +2.710099208e+01 +1.404109921e+02 +1.404109921e+02
9722 0 +2.560589792e+01 +1.389158979e+02 +1.389158979e+02
9861 0 +2.245506001e+01 +1.357650600e+02 +1.357650600e+02
9990 0 +2.205209600e+01 +1.353620960e+02 +1.353620960e+02
10032 0 +2.103201741e+01 +1.343420174e+02 +1.343420174e+02
10043 0 +2.044121211e+01 +1.337512121e+02 +1.337512121e+02
10073 0 +1.993569575e+01 +1.332456958e+02 +1.332456958e+02
10156 0 +1.877871438e+01 +1.320887144e+02 +1.320887144e+02
10667 0 +1.814184197e+01 +1.314518420e+02 +1.314518420e+02
10699 0 +1.577162848e+01 +1.290816285e+02 +1.290816285e+02
10806 0 +1.408321001e+01 +1.273932100e+02 +1.273932100e+02
11050 0 +1.349424743e+01 +1.268042474e+02 +1.268042474e+02
11056 0 +1.120741048e+01 +1.245174105e+02 +1.245174105e+02
11356 0 +1.075831858e+01 +1.240683186e+02 +1.240683186e+02
11472 0 +1.028484014e+01 +1.235948401e+02 +1.235948401e+02
11479 0 +9.208547449e+00 +1.225185474e+02 +1.225185474e+02
11766 0 +7.928644036e+00 +1.212386440e+02 +1.212386440e+02
12215 0 +7.721126577e+00 +1.210311266e+02 +1.210311266e+02
12435 0 +7.160006188e+00 +1.204700062e+02 +1.204700062e+02
12501 0 +6.890129837e+00 +1.202001298e+02 +1.202001298e+02
12507 0 +6.522290561e+00 +1.198322906e+02 +1.198322906e+02
12563 0 +6.331850892e+00 +1.196418509e+02 +1.196418509e+02
12665 0 +6.162630522e+00 +1.194726305e+02 +1.194726305e+02
12679 0 +5.957511807e+00 +1.192675118e+02 +1.192675118e+02
12682 0 +5.856531635e+00 +1.191665316e+02 +1.191665316e+02
12854 0 +5.433334975e+00 +1.187433350e+02 +1.187433350e+02
12910 0 +5.219231392e+00 +1.185292314e+02 +1.185292314e+02
13022 0 +4.962392160e+00 +1.182723922e+02 +1.182723922e+02
13108 0 +4.781817835e+00 +1.180918178e+02 +1.180918178e+02
13283 0 +4.549525640e+00 +1.178595256e+02 +1.178595256e+02
13328 0 +4.356029737e+00 +1.176660297e+02 +1.176660297e+02
13339 0 +4.261626999e+00 +1.175716270e+02 +1.175716270e+02
13642 0 +4.109816696e+00 +1.174198167e+02 +1.174198167e+02
13699 0 +3.989702649e+00 +1.172997026e+02 +1.172997026e+02
13705 0 +3.489393919e+00 +1.167993939e+02 +1.167993939e+02
14110 0 +3.338540986e+00 +1.166485410e+02 +1.166485410e+02
14426 0 +3.306975762e+00 +1.166169758e+02 +1.166169758e+02
14528 0 +3.164764110e+00 +1.164747641e+02 +1.164747641e+02
14542 0 +3.153488072e+00 +1.164634881e+02 +1.164634881e+02
14669 0 +2.977936172e+00 +1.162879362e+02 +1.162879362e+02
14745 0 +2.831329365e+00 +1.161413294e+02 +1.161413294e+02
14887 0 +2.732900461e+00 +1.160429005e+02 +1.160429005e+02
15353 0 +2.587602922e+00 +1.158976029e+02 +1.158976029e+02
15421 0 +2.568435764e+00 +1.158784358e+02 +1.158784358e+02
15471 0 +2.467556486e+00 +1.157775565e+02 +1.157775565e+02
15791 0 +2.417437893e+00 +1.157274379e+02 +1.157274379e+02
15795 0 +2.397174983e+00 +1.157071750e+02 +1.157071750e+02
15806 0 +2.321427523e+00 +1.156314275e+02 +1.156314275e+02
15865 0 +2.268905291e+00 +1.155789053e+02 +1.155789053e+02
16330 0 +2.232026679e+00 +1.155420267e+02 +1.155420267e+02
16522 0 +2.178007433e+00 +1.154880074e+02 +1.154880074e+02
16570 0 +2.104235549e+00 +1.154142355e+02 +1.154142355e+02
16577 0 +2.070262495e+00 +1.153802625e+02 +1.153802625e+02
16820 0 +1.982691073e+00 +1.152926911e+02 +1.152926911e+02
17267 0 +1.942124663e+00 +1.152521247e+02 +1.152521247e+02
17429 0 +1.897875315e+00 +1.152078753e+02 +1.152078753e+02
17547 0 +1.843907521e+00 +1.151539075e+02 +1.151539075e+02
18131 0 +1.773467962e+00 +1.150834680e+02 +1.150834680e+02
18796 0 +1.730137249e+00 +1.150401372e+02 +1.150401372e+02
19049 0 +1.686438423e+00 +1.149964384e+02 +1.149964384e+02
20048 0 +1.658384356e+00 +1.149683844e+02 +1.149683844e+02
20945 0 +1.621051946e+00 +1.149310519e+02 +1.149310519e+02
23457 0 +1.584744468e+00 +1.148947445e+02 +1.148947445e+02
% f evaluations | g evaluations | best noise-free fitness - Fopt (-1.562000000000e+01) + sum g_i+ | measured fitness | best measured fitness or single-digit g-values | x1 | x2...
1 0 +3.018000445e+03 +3.002380445e+03 +3.002380445e+03
7 0 +2.948367640e+03 +2.932747640e+03 +2.932747640e+03
143 0 +2.855670734e+03 +2.840050734e+03 +2.840050734e+03
198 0 +2.792419721e+03 +2.776799721e+03 +2.776799721e+03
263 0 +2.750569919e+03 +2.734949919e+03 +2.734949919e+03
330 0 +2.687216385e+03 +2.671596385e+03 +2.671596385e+03
376 0 +2.613761713e+03 +2.598141713e+03 +2.598141713e+03
419 0 +2.536588956e+03 +2.520968956e+03 +2.520968956e+03
441 0 +2.501999083e+03 +2.486379083e+03 +2.486379083e+03
496 0 +2.453462770e+03 +2.437842770e+03 +2.437842770e+03
521 0 +2.369339901e+03 +2.353719901e+03 +2.353719901e+03
563 0 +2.344198197e+03 +2.328578197e+03 +2.328578197e+03
581 0 +2.281982049e+03 +2.266362049e+03 +2.266362049e+03
617 0 +2.176267461e+03 +2.160647461e+03 +2.160647461e+03
679 0 +2.125095559e+03 +2.109475559e+03 +2.109475559e+03
680 0 +2.086779443e+03 +2.071159443e+03 +2.071159443e+03
739 0 +2.029175884e+03 +2.013555884e+03 +2.013555884e+03
759 0 +1.993362985e+03 +1.977742985e+03 +1.977742985e+03
796 0 +1.882656697e+03 +1.867036697e+03 +1.867036697e+03
807 0 +1.852566611e+03 +1.836946611e+03 +1.836946611e+03
857 0 +1.765838140e+03 +1.750218140e+03 +1.750218140e+03
881 0 +1.690595359e+03 +1.674975359e+03 +1.674975359e+03
916 0 +1.612245667e+03 +1.596625667e+03 +1.596625667e+03
923 0 +1.556693614e+03 +1.541073614e+03 +1.541073614e+03
951 0 +1.524068537e+03 +1.508448537e+03 +1.508448537e+03
976 0 +1.461164996e+03 +1.445544996e+03 +1.445544996e+03
1028 0 +1.434734546e+03 +1.419114546e+03 +1.419114546e+03
1036 0 +1.302487643e+03 +1.286867643e+03 +1.286867643e+03
1051 0 +1.247290194e+03 +1.231670194e+03 +1.231670194e+03
1081 0 +1.220990116e+03 +1.205370116e+03 +1.205370116e+03
1108 0 +1.179682830e+03 +1.164062830e+03 +1.164062830e+03
1165 0 +1.126194956e+03 +1.110574956e+03 +1.110574956e+03
1270 0 +1.016742800e+03 +1.001122800e+03 +1.001122800e+03
2229 0 +9.909209506e+02 +9.753009506e+02 +9.753009506e+02
2357 0 +9.423866661e+02 +9.267666661e+02 +9.267666661e+02
2361 0 +7.900881205e+02 +7.744681205e+02 +7.744681205e+02
2651 0 +7.131297178e+02 +6.975097178e+02 +6.975097178e+02
2964 0 +6.672812433e+02 +6.516612433e+02 +6.516612433e+02
3021 0 +6.505501834e+02 +6.349301834e+02 +6.349301834e+02
3077 0 +6.393785896e+02 +6.237585896e+02 +6.237585896e+02
3122 0 +5.956492151e+02 +5.800292151e+02 +5.800292151e+02
3245 0 +5.805459316e+02 +5.649259316e+02 +5.649259316e+02
3361 0 +5.644431785e+02 +5.488231785e+02 +5.488231785e+02
3377 0 +5.547120272e+02 +5.390920272e+02 +5.390920272e+02
3389 0 +5.173556967e+02 +5.017356967e+02 +5.017356967e+02
3450 0 +4.838783620e+02 +4.682583620e+02 +4.682583620e+02
3492 0 +4.529941328e+02 +4.373741328e+02 +4.373741328e+02
3703 0 +4.104486287e+02 +3.948286287e+02 +3.948286287e+02
3857 0 +4.000392432e+02 +3.844192432e+02 +3.844192432e+02
3870 0 +3.950424980e+02 +3.794224980e+02 +3.794224980e+02
4015 0 +3.624648838e+02 +3.468448838e+02 +3.468448838e+02
4160 0 +3.497402843e+02 +3.341202843e+02 +3.341202843e+02
4219 0 +3.362275447e+02 +3.206075447e+02 +3.206075447e+02
4264 0 +2.921605265e+02 +2.765405265e+02 +2.765405265e+02
4507 0 +2.835335607e+02 +2.679135607e+02 +2.679135607e+02
4514 0 +2.684728352e+02 +2.528528352e+02 +2.528528352e+02
4636 0 +2.578207271e+02 +2.422007271e+02 +2.422007271e+02
4696 0 +2.524838883e+02 +2.368638883e+02 +2.368638883e+02
4749 0 +2.301943786e+02 +2.145743786e+02 +2.145743786e+02
5007 0 +2.264547916e+02 +2.108347916e+02 +2.108347916e+02
5010 0 +2.237537640e+02 +2.081337640e+02 +2.081337640e+02
5064 0 +2.107345019e+02 +1.951145019e+02 +1.951145019e+02
5143 0 +2.081854070e+02 +1.925654070e+02 +1.925654070e+02
5182 0 +2.012748050e+02 +1.856548050e+02 +1.856548050e+02
5296 0 +1.935115781e+02 +1.778915781e+02 +1.778915781e+02
5383 0 +1.890226109e+02 +1.734026109e+02 +1.734026109e+02
5439 0 +1.729981954e+02 +1.573781954e+02 +1.573781954e+02
5607 0 +1.608303211e+02 +1.452103211e+02 +1.452103211e+02
5650 0 +1.442716401e+02 +1.286516401e+02 +1.286516401e+02
5842 0 +1.275530671e+02 +1.119330671e+02 +1.119330671e+02
5900 0 +1.240547229e+02 +1.084347229e+02 +1.084347229e+02
6199 0 +1.197063142e+02 +1.040863142e+02 +1.040863142e+02
6205 0 +1.072772116e+02 +9.165721158e+01 +9.165721158e+01
6489 0 +1.055186952e+02 +8.989869525e+01 +8.989869525e+01
6556 0 +1.015381367e+02 +8.591813675e+01 +8.591813675e+01
6790 0 +9.677126579e+01 +8.115126579e+01 +8.115126579e+01
6968 0 +9.357785343e+01 +7.795785343e+01 +7.795785343e+01
7057 0 +9.317368584e+01 +7.755368584e+01 +7.755368584e+01
7448 0 +8.681788506e+01 +7.119788506e+01 +7.119788506e+01
7511 0 +8.331516716e+01 +6.769516716e+01 +6.769516716e+01
7519 0 +7.683676225e+01 +6.121676225e+01 +6.121676225e+01
7624 0 +7.119266256e+01 +5.557266256e+01 +5.557266256e+01
7640 0 +7.076104681e+01 +5.514104681e+01 +5.514104681e+01
7745 0 +6.874627114e+01 +5.312627114e+01 +5.312627114e+01
7746 0 +6.646822499e+01 +5.084822499e+01 +5.084822499e+01
7885 0 +6.394920155e+01 +4.832920155e+01 +4.832920155e+01
8021 0 +5.956579910e+01 +4.394579910e+01 +4.394579910e+01
8120 0 +5.530482298e+01 +3.968482298e+01 +3.968482298e+01
8179 0 +5.014276542e+01 +3.452276542e+01 +3.452276542e+01
8586 0 +4.900703891e+01 +3.338703891e+01 +3.338703891e+01
8654 0 +4.760858697e+01 +3.198858697e+01 +3.198858697e+01
8707 0 +4.563989634e+01 +3.001989634e+01 +3.001989634e+01
8776 0 +4.425250791e+01 +2.863250791e+01 +2.863250791e+01
8778 0 +4.337303453e+01 +2.775303453e+01 +2.775303453e+01
8846 0 +4.262396105e+01 +2.700396105e+01 +2.700396105e+01
8885 0 +3.819490822e+01 +2.257490822e+01 +2.257490822e+01
8961 0 +3.716344237e+01 +2.154344237e+01 +2.154344237e+01
9132 0 +3.690128989e+01 +2.128128989e+01 +2.128128989e+01
9217 0 +3.410683157e+01 +1.848683157e+01 +1.848683157e+01
9295 0 +3.243952116e+01 +1.681952116e+01 +1.681952116e+01
9621 0 +3.017146194e+01 +1.455146194e+01 +1.455146194e+01
9793 0 +2.865175081e+01 +1.303175081e+01 +1.303175081e+01
10022 0 +2.800982905e+01 +1.238982905e+01 +1.238982905e+01
10067 0 +2.627801932e+01 +1.065801932e+01 +1.065801932e+01
10151 0 +2.518336116e+01 +9.563361160e+00 +9.563361160e+00
10230 0 +2.448092492e+01 +8.860924921e+00 +8.860924921e+00
10404 0 +2.370404809e+01 +8.084048086e+00 +8.084048086e+00
10470 0 +2.304616668e+01 +7.426166676e+00 +7.426166676e+00
10947 0 +2.183356248e+01 +6.213562478e+00 +6.213562478e+00
11421 0 +2.061175478e+01 +4.991754784e+00 +4.991754784e+00
11441 0 +2.027650867e+01 +4.656508672e+00 +4.656508672e+00
11507 0 +1.963864359e+01 +4.018643591e+00 +4.018643591e+00
11550 0 +1.898047577e+01 +3.360475771e+00 +3.360475771e+00
11718 0 +1.836895085e+01 +2.748950853e+00 +2.748950853e+00
11840 0 +1.770809600e+01 +2.088096004e+00 +2.088096004e+00
11885 0 +1.730283432e+01 +1.682834315e+00 +1.682834315e+00
11973 0 +1.691578378e+01 +1.295783781e+00 +1.295783781e+00
12030 0 +1.637376879e+01 +7.537687912e-01 +7.537687912e-01
12037 0 +1.603482855e+01 +4.148285490e-01 +4.148285490e-01
12077 0 +1.547114965e+01 -1.488503492e-01 -1.488503492e-01
% f evaluations | g evaluations | best noise-free fitness - Fopt (-7.368000000000e+01) + sum g_i+ | measured fitness | best measured fitness or single-digit g-values | x1 | x2...
1 0 +2.916508744e+03 +2.842828744e+03 +2.842828744e+03
3 0 +2.880613138e+03 +2.806933138e+03 +2.806933138e+03
78 0 +2.816562284e+03 +2.742882284e+03 +2.742882284e+03
140 0 +2.732030772e+03 +2.658350772e+03 +2.658350772e+03
179 0 +2.645347256e+03 +2.571667256e+03 +2.571667256e+03
257 0 +2.625775635e+03 +2.552095635e+03 +2.552095635e+03
318 0 +2.560661244e+03 +2.486981244e+03 +2.486981244e+03
327 0 +2.508143413e+03 +2.434463413e+03 +2.434463413e+03
378 0 +2.418914331e+03 +2.345234331e+03 +2.345234331e+03
438 0 +2.365351655e+03 +2.291671655e+03 +2.291671655e+03
463 0 +2.328635942e+03 +2.254955942e+03 +2.254955942e+03
507 0 +2.276882688e+03 +2.203202688e+03 +2.203202688e+03
564 0 +2.137403531e+03 +2.063723531e+03 +2.063723531e+03
624 0 +2.087445613e+03 +2.013765613e+03 +2.013765613e+03
680 0 +1.953214748e+03 +1.879534748e+03 +1.879534748e+03
738 0 +1.791483894e+03 +1.717803894e+03 +1.717803894e+03
798 0 +1.767055539e+03 +1.693375539e+03 +1.693375539e+03
856 0 +1.719256430e+03 +1.645576430e+03 +1.645576430e+03
857 0 +1.583583851e+03 +1.509903851e+03 +1.509903851e+03
918 0 +1.485566227e+03 +1.411886227e+03 +1.411886227e+03
963 0 +1.473518112e+03 +1.399838112e+03 +1.399838112e+03
1090 0 +1.416577349e+03 +1.342897349e+03 +1.342897349e+03
1099 0 +1.328149385e+03 +1.254469385e+03 +1.254469385e+03
1144 0 +1.309057659e+03 +1.235377659e+03 +1.235377659e+03
1564 0 +1.262388202e+03 +1.188708202e+03 +1.188708202e+03
1866 0 +1.189729696e+03 +1.116049696e+03 +1.116049696e+03
1903 0 +1.171790280e+03 +1.098110280e+03 +1.098110280e+03
2065 0 +9.957861912e+02 +9.221061912e+02 +9.221061912e+02
2411 0 +9.253934573e+02 +8.517134573e+02 +8.517134573e+02
2477 0 +9.075580255e+02 +8.338780255e+02 +8.338780255e+02
2739 0 +8.761026257e+02 +8.024226257e+02 +8.024226257e+02
3006 0 +8.672573254e+02 +7.935773254e+02 +7.935773254e+02
3026 0 +8.387885891e+02 +7.651085891e+02 +7.651085891e+02
3029 0 +7.865774441e+02 +7.128974441e+02 +7.128974441e+02
3068 0 +7.672422936e+02 +6.935622936e+02 +6.935622936e+02
3099 0 +7.568056768e+02 +6.831256768e+02 +6.831256768e+02
3143 0 +7.340022623e+02 +6.603222623e+02 +6.603222623e+02
3177 0 +7.180288267e+02 +6.443488267e+02 +6.443488267e+02
3185 0 +7.041784302e+02 +6.304984302e+02 +6.304984302e+02
3190 0 +6.457634899e+02 +5.720834899e+02 +5.720834899e+02
3310 0 +6.399816668e+02 +5.663016668e+02 +5.663016668e+02
3485 0 +6.223007038e+02 +5.486207038e+02 +5.486207038e+02
3486 0 +5.887294998e+02 +5.150494998e+02 +5.150494998e+02
3503 0 +5.622557384e+02 +4.885757384e+02 +4.885757384e+02
3695 0 +5.481757571e+02 +4.744957571e+02 +4.744957571e+02
3723 0 +5.112130775e+02 +4.375330775e+02 +4.375330775e+02
3743 0 +4.603348043e+02 +3.866548043e+02 +3.866548043e+02
3953 0 +4.468429692e+02 +3.731629692e+02 +3.731629692e+02
4022 0 +4.457165397e+02 +3.720365397e+02 +3.720365397e+02
4044 0 +4.353484944e+02 +3.616684944e+02 +3.616684944e+02
4167 0 +3.929557083e+02 +3.192757083e+02 +3.192757083e+02
4187 0 +3.788824617e+02 +3.052024617e+02 +3.052024617e+02
4280 0 +3.258570209e+02 +2.521770209e+02 +2.521770209e+02
4377 0 +3.230351448e+02 +2.493551448e+02 +2.493551448e+02
4464 0 +3.048643170e+02 +2.311843170e+02 +2.311843170e+02
4566 0 +3.006800928e+02 +2.270000928e+02 +2.270000928e+02
4637 0 +2.779416073e+02 +2.042616073e+02 +2.042616073e+02
4746 0 +2.443552736e+02 +1.706752736e+02 +1.706752736e+02
4873 0 +2.317125460e+02 +1.580325460e+02 +1.580325460e+02
4994 0 +2.117653012e+02 +1.380853012e+02 +1.380853012e+02
5015 0 +1.944906511e+02 +1.208106511e+02 +1.208106511e+02
5097 0 +1.881298147e+02 +1.144498147e+02 +1.144498147e+02
5188 0 +1.853922467e+02 +1.117122467e+02 +1.117122467e+02
5232 0 +1.813017106e+02 +1.076217106e+02 +1.076217106e+02
5407 0 +1.759894830e+02 +1.023094830e+02 +1.023094830e+02
5417 0 +1.668621228e+02 +9.318212277e+01 +9.318212277e+01
5476 0 +1.633671317e+02 +8.968713172e+01 +8.968713172e+01
5489 0 +1.590729486e+02 +8.539294862e+01 +8.539294862e+01
5491 0 +1.576015369e+02 +8.392153688e+01 +8.392153688e+01
5501 0 +1.530277359e+02 +7.934773591e+01 +7.934773591e+01
5526 0 +1.494380851e+02 +7.575808515e+01 +7.575808515e+01
5608 0 +1.474990032e+02 +7.381900318e+01 +7.381900318e+01
5637 0 +1.399783495e+02 +6.629834954e+01 +6.629834954e+01
5654 0 +1.269544950e+02 +5.327449498e+01 +5.327449498e+01
5890 0 +1.226741064e+02 +4.899410639e+01 +4.899410639e+01
5919 0 +1.126869688e+02 +3.900696885e+01 +3.900696885e+01
5937 0 +1.114521895e+02 +3.777218954e+01 +3.777218954e+01
6126 0 +9.720455044e+01 +2.352455044e+01 +2.352455044e+01
6320 0 +8.751874436e+01 +1.383874436e+01 +1.383874436e+01
6449 0 +8.692244718e+01 +1.324244718e+01 +1.324244718e+01
6497 0 +8.437898291e+01 +1.069898291e+01 +1.069898291e+01
6627 0 +8.188059968e+01 +8.200599682e+00 +8.200599682e+00
6736 0 +7.894545525e+01 +5.265455247e+00 +5.265455247e+00
6787 0 +7.286129891e+01 -8.187010864e-01 -8.187010864e-01
% f evaluations | g evaluations | best noise-free fitness - Fopt (-9.632000000000e+01) + sum g_i+ | measured fitness | best measured fitness or single-digit g-values | x1 | x2...
1 0 +3.060925980e+03 +2.964605980e+03 +2.964605980e+03
2 0 +2.875639882e+03 +2.779319882e+03 +2.779319882e+03
79 0 +2.792001451e+03 +2.695681451e+03 +2.695681451e+03
161 0 +2.750556409e+03 +2.654236409e+03 +2.654236409e+03
256 0 +2.679623349e+03 +2.583303349e+03 +2.583303349e+03
325 0 +2.615264436e+03 +2.518944436e+03 +2.518944436e+03
407 0 +2.534626347e+03 +2.438306347e+03 +2.438306347e+03
463 0 +2.511227874e+03 +2.414907874e+03 +2.414907874e+03
557 0 +2.422582162e+03 +2.326262162e+03 +2.326262162e+03
558 0 +2.358120142e+03 +2.261800142e+03 +2.261800142e+03
624 0 +2.324684269e+03 +2.228364269e+03 +2.228364269e+03
678 0 +2.281345045e+03 +2.185025045e+03 +2.185025045e+03
699 0 +2.230284227e+03 +2.133964227e+03 +2.133964227e+03
745 0 +2.171796478e+03 +2.075476478e+03 +2.075476478e+03
806 0 +2.063742153e+03 +1.967422153e+03 +1.967422153e+03
916 0 +1.919302483e+03 +1.822982483e+03 +1.822982483e+03
981 0 +1.872058221e+03 +1.775738221e+03 +1.775738221e+03
987 0 +1.794354773e+03 +1.698034773e+03 +1.698034773e+03
1037 0 +1.771497223e+03 +1.675177223e+03 +1.675177223e+03
1038 0 +1.722581603e+03 +1.626261603e+03 +1.626261603e+03
1055 0 +1.654334580e+03 +1.558014580e+03 +1.558014580e+03
1110 0 +1.613060457e+03 +1.516740457e+03 +1.516740457e+03
1187 0 +1.572854699e+03 +1.476534699e+03 +1.476534699e+03
1221 0 +1.498236868e+03 +1.401916868e+03 +1.401916868e+03
1245 0 +1.397454282e+03 +1.301134282e+03 +1.301134282e+03
1333 0 +1.375645298e+03 +1.279325298e+03 +1.279325298e+03
1340 0 +1.316891954e+03 +1.220571954e+03 +1.220571954e+03
1396 0 +1.230281635e+03 +1.133961635e+03 +1.133961635e+03
1404 0 +1.218455540e+03 +1.122135540e+03 +1.122135540e+03
1435 0 +1.159315652e+03 +1.062995652e+03 +1.062995652e+03
1453 0 +1.122054227e+03 +1.025734227e+03 +1.025734227e+03
1597 0 +1.061067817e+03 +9.647478172e+02 +9.647478172e+02
1640 0 +9.992156069e+02 +9.028956069e+02 +9.028956069e+02
1682 0 +9.474978285e+02 +8.511778285e+02 +8.511778285e+02
2292 0 +9.071864105e+02 +8.108664105e+02 +8.108664105e+02
2653 0 +8.809720876e+02 +7.846520876e+02 +7.846520876e+02
2761 0 +8.365932212e+02 +7.402732212e+02 +7.402732212e+02
2775 0 +7.931076210e+02 +6.967876210e+02 +6.967876210e+02
2908 0 +7.588993774e+02 +6.625793774e+02 +6.625793774e+02
3014 0 +7.533261504e+02 +6.570061504e+02 +6.570061504e+02
3090 0 +6.878930756e+02 +5.915730756e+02 +5.915730756e+02
3208 0 +5.594960926e+02 +4.631760926e+02 +4.631760926e+02
3628 0 +5.275979268e+02 +4.312779268e+02 +4.312779268e+02
3855 0 +5.242767977e+02 +4.279567977e+02 +4.279567977e+02
3862 0 +4.611913539e+02 +3.648713539e+02 +3.648713539e+02
4107 0 +4.543059525e+02 +3.579859525e+02 +3.579859525e+02
4158 0 +4.368302232e+02 +3.405102232e+02 +3.405102232e+02
4228 0 +4.216658892e+02 +3.253458892e+02 +3.253458892e+02
4282 0 +4.165245632e+02 +3.202045632e+02 +3.202045632e+02
4349 0 +3.999388668e+02 +3.036188668e+02 +3.036188668e+02
4509 0 +3.975400151e+02 +3.012200151e+02 +3.012200151e+02
4590 0 +3.821937635e+02 +2.858737635e+02 +2.858737635e+02
4633 0 +3.509284730e+02 +2.546084730e+02 +2.546084730e+02
4810 0 +3.317703939e+02 +2.354503939e+02 +2.354503939e+02
4841 0 +2.625522369e+02 +1.662322369e+02 +1.662322369e+02
5113 0 +2.253226134e+02 +1.290026134e+02 +1.290026134e+02
5588 0 +2.093466596e+02 +1.130266596e+02 +1.130266596e+02
5782 0 +1.945872111e+02 +9.826721111e+01 +9.826721111e+01
5834 0 +1.841234098e+02 +8.780340980e+01 +8.780340980e+01
5945 0 +1.794709084e+02 +8.315090843e+01 +8.315090843e+01
5958 0 +1.758778730e+02 +7.955787304e+01 +7.955787304e+01
6064 0 +1.446906318e+02 +4.837063184e+01 +4.837063184e+01
6177 0 +1.423959025e+02 +4.607590254e+01 +4.607590254e+01
6242 0 +1.248181876e+02 +2.849818755e+01 +2.849818755e+01
6641 0 +1.205216584e+02 +2.420165837e+01 +2.420165837e+01
6676 0 +1.160961945e+02 +1.977619453e+01 +1.977619453e+01
6733 0 +1.101192591e+02 +1.379925907e+01 +1.379925907e+01
6866 0 +1.050049189e+02 +8.684918929e+00 +8.684918929e+00
6941 0 +1.046580357e+02 +8.338035705e+00 +8.338035705e+00
6961 0 +9.138046956e+01 -4.939530442e+00 -4.939530442e+00
% f evaluations | g evaluations | best noise-free fitness - Fopt (-3.080300000000e+02) + sum g_i+ | measured fitness | best measured fitness or single-digit g-values | x1 | x2...
1 0 +2.683069582e+03 +2.375039582e+03 +2.375039582e+03
4 0 +2.659713578e+03 +2.351683578e+03 +2.351683578e+03
12 0 +2.628210485e+03 +2.320180485e+03 +2.320180485e+03
84 0 +2.532357350e+03 +2.224327350e+03 +2.224327350e+03
207 0 +2.506935393e+03 +2.198905393e+03 +2.198905393e+03
256 0 +2.443783640e+03 +2.135753640e+03 +2.135753640e+03
321 0 +2.384658697e+03 +2.076628697e+03 +2.076628697e+03
387 0 +2.339011663e+03 +2.030981663e+03 +2.030981663e+03
438 0 +2.225076285e+03 +1.917046285e+03 +1.917046285e+03
503 0 +2.180309867e+03 +1.872279867e+03 +1.872279867e+03
556 0 +2.117286361e+03 +1.809256361e+03 +1.809256361e+03
618 0 +2.073471305e+03 +1.765441305e+03 +1.765441305e+03
641 0 +1.982341319e+03 +1.674311319e+03 +1.674311319e+03
680 0 +1.900029319e+03 +1.591999319e+03 +1.591999319e+03
736 0 +1.797591462e+03 +1.489561462e+03 +1.489561462e+03
807 0 +1.774825932e+03 +1.466795932e+03 +1.466795932e+03
859 0 +1.736604319e+03 +1.428574319e+03 +1.428574319e+03
916 0 +1.685017345e+03 +1.376987345e+03 +1.376987345e+03
919 0 +1.630263781e+03 +1.322233781e+03 +1.322233781e+03
925 0 +1.600814089e+03 +1.292784089e+03 +1.292784089e+03
978 0 +1.578939076e+03 +1.270909076e+03 +1.270909076e+03
981 0 +1.411647146e+03 +1.103617146e+03 +1.103617146e+03
1086 0 +1.379886858e+03 +1.071856858e+03 +1.071856858e+03
1096 0 +1.297781625e+03 +9.897516245e+02 +9.897516245e+02
1243 0 +1.217449433e+03 +9.094194332e+02 +9.094194332e+02
1267 0 +1.192346280e+03 +8.843162805e+02 +8.843162805e+02
1291 0 +1.148109807e+03 +8.400798070e+02 +8.400798070e+02
1990 0 +1.063638126e+03 +7.556081261e+02 +7.556081261e+02
2403 0 +9.481070482e+02 +6.400770482e+02 +6.400770482e+02
2538 0 +8.155161310e+02 +5.074861310e+02 +5.074861310e+02
2593 0 +7.738909904e+02 +4.658609904e+02 +4.658609904e+02
2905 0 +7.360418264e+02 +4.280118264e+02 +4.280118264e+02
3080 0 +6.695268646e+02 +3.614968646e+02 +3.614968646e+02
3235 0 +6.406139032e+02 +3.325839032e+02 +3.325839032e+02
3267 0 +5.928177375e+02 +2.847877375e+02 +2.847877375e+02
3364 0 +5.685175481e+02 +2.604875481e+02 +2.604875481e+02
3541 0 +5.447851299e+02 +2.367551299e+02 +2.367551299e+02
3559 0 +5.133395741e+02 +2.053095741e+02 +2.053095741e+02
3680 0 +5.098355537e+02 +2.018055537e+02 +2.018055537e+02
3746 0 +4.671494399e+02 +1.591194399e+02 +1.591194399e+02
3867 0 +4.483114134e+02 +1.402814134e+02 +1.402814134e+02
3957 0 +4.023751335e+02 +9.434513346e+01 +9.434513346e+01
3974 0 +3.647452148e+02 +5.671521484e+01 +5.671521484e+01
3985 0 +3.626309253e+02 +5.460092532e+01 +5.460092532e+01
4044 0 +3.431203011e+02 +3.509030109e+01 +3.509030109e+01
4429 0 +3.136016071e+02 +5.571607130e+00 +5.571607130e+00
4573 0 +2.968308553e+02 -1.119914468e+01 -1.119914468e+01
% f evaluations | g evaluations | best noise-free fitness - Fopt (1.746100000000e+02) + sum g_i+ | measured fitness | best measured fitness or single-digit g-values | x1 | x2...
1 0 +3.252578093e+03 +3.427188093e+03 +3.427188093e+03
3 0 +3.209458329e+03 +3.384068329e+03 +3.384068329e+03
57 0 +3.148407840e+03 +3.323017840e+03 +3.323017840e+03
139 0 +3.087170395e+03 +3.261780395e+03 +3.261780395e+03
233 0 +3.018312718e+03 +3.192922718e+03 +3.192922718e+03
318 0 +2.942536246e+03 +3.117146246e+03 +3.117146246e+03
379 0 +2.880188313e+03 +3.054798313e+03 +3.054798313e+03
438 0 +2.778951928e+03 +2.953561928e+03 +2.953561928e+03
496 0 +2.729839466e+03 +2.904449466e+03 +2.904449466e+03
557 0 +2.687650409e+03 +2.862260409e+03 +2.862260409e+03
573 0 +2.629784333e+03 +2.804394333e+03 +2.804394333e+03
624 0 +2.528310373e+03 +2.702920373e+03 +2.702920373e+03
680 0 +2.440849810e+03 +2.615459810e+03 +2.615459810e+03
739 0 +2.395723008e+03 +2.570333008e+03 +2.570333008e+03
797 0 +2.340075433e+03 +2.514685433e+03 +2.514685433e+03
806 0 +2.249362388e+03 +2.423972388e+03 +2.423972388e+03
827 0 +2.237193019e+03 +2.411803019e+03 +2.411803019e+03
861 0 +2.180309805e+03 +2.354919805e+03 +2.354919805e+03
881 0 +2.133169421e+03 +2.307779421e+03 +2.307779421e+03
918 0 +2.047372947e+03 +2.221982947e+03 +2.221982947e+03
982 0 +2.040595566e+03 +2.215205566e+03 +2.215205566e+03
983 0 +1.942110151e+03 +2.116720151e+03 +2.116720151e+03
1037 0 +1.884354581e+03 +2.058964581e+03 +2.058964581e+03
1077 0 +1.822908019e+03 +1.997518019e+03 +1.997518019e+03
1097 0 +1.803039883e+03 +1.977649883e+03 +1.977649883e+03
1113 0 +1.772471854e+03 +1.947081854e+03 +1.947081854e+03
1162 0 +1.484748239e+03 +1.659358239e+03 +1.659358239e+03
1283 0 +1.476609134e+03 +1.651219134e+03 +1.651219134e+03
1339 0 +1.381429460e+03 +1.556039460e+03 +1.556039460e+03
1402 0 +1.372766458e+03 +1.547376458e+03 +1.547376458e+03
1445 0 +1.342748725e+03 +1.517358725e+03 +1.517358725e+03
1467 0 +1.261405329e+03 +1.436015329e+03 +1.436015329e+03
1518 0 +1.241152684e+03 +1.415762684e+03 +1.415762684e+03
1545 0 +1.215462047e+03 +1.390072047e+03 +1.390072047e+03
1568 0 +1.098179594e+03 +1.272789594e+03 +1.272789594e+03
2484 0 +1.071193731e+03 +1.245803731e+03 +1.245803731e+03
2713 0 +9.825767835e+02 +1.157186784e+03 +1.157186784e+03
2739 0 +8.786835259e+02 +1.053293526e+03 +1.053293526e+03
3070 0 +8.703355985e+02 +1.044945599e+03 +1.044945599e+03
3080 0 +7.905801459e+02 +9.651901459e+02 +9.651901459e+02
3383 0 +7.493723007e+02 +9.239823007e+02 +9.239823007e+02
3506 0 +7.026447740e+02 +8.772547740e+02 +8.772547740e+02
3511 0 +6.572790604e+02 +8.318890604e+02 +8.318890604e+02
3551 0 +5.899187562e+02 +7.645287562e+02 +7.645287562e+02
3735 0 +5.887048599e+02 +7.633148599e+02 +7.633148599e+02
3798 0 +5.241514926e+02 +6.987614926e+02 +6.987614926e+02
4043 0 +5.054093001e+02 +6.800193001e+02 +6.800193001e+02
4096 0 +4.557526317e+02 +6.303626317e+02 +6.303626317e+02
4288 0 +4.283119038e+02 +6.029219038e+02 +6.029219038e+02
4337 0 +4.112955314e+02 +5.859055314e+02 +5.859055314e+02
4348 0 +3.865956977e+02 +5.612056977e+02 +5.612056977e+02
4373 0 +3.646911744e+02 +5.393011744e+02 +5.393011744e+02
4577 0 +3.231165461e+02 +4.977265461e+02 +4.977265461e+02
4649 0 +3.100300699e+02 +4.846400699e+02 +4.846400699e+02
4870 0 +2.916362213e+02 +4.662462213e+02 +4.662462213e+02
4988 0 +2.762666172e+02 +4.508766172e+02 +4.508766172e+02
5342 0 +2.513413860e+02 +4.259513860e+02 +4.259513860e+02
5427 0 +2.336646006e+02 +4.082746006e+02 +4.082746006e+02
5524 0 +2.025206370e+02 +3.771306370e+02 +3.771306370e+02
5780 0 +1.700801966e+02 +3.446901966e+02 +3.446901966e+02
6065 0 +1.623768782e+02 +3.369868782e+02 +3.369868782e+02
6136 0 +1.493693458e+02 +3.239793458e+02 +3.239793458e+02
6187 0 +1.455418227e+02 +3.201518227e+02 +3.201518227e+02
6265 0 +1.399238530e+02 +3.145338530e+02 +3.145338530e+02
6309 0 +1.361357810e+02 +3.107457810e+02 +3.107457810e+02
6446 0 +1.306431653e+02 +3.052531653e+02 +3.052531653e+02
6487 0 +1.227780137e+02 +2.973880137e+02 +2.973880137e+02
6557 0 +1.193402820e+02 +2.939502820e+02 +2.939502820e+02
6602 0 +1.065211513e+02 +2.811311513e+02 +2.811311513e+02
6792 0 +9.954414761e+01 +2.741541476e+02 +2.741541476e+02
7282 0 +8.651694626e+01 +2.611269463e+02 +2.611269463e+02
7502 0 +8.443182045e+01 +2.590418204e+02 +2.590418204e+02
7530 0 +8.289578389e+01 +2.575057839e+02 +2.575057839e+02
7636 0 +7.726468911e+01 +2.518746891e+02 +2.518746891e+02
7857 0 +7.578660517e+01 +2.503966052e+02 +2.503966052e+02
7921 0 +6.654658575e+01 +2.411565858e+02 +2.411565858e+02
8129 0 +6.603710416e+01 +2.406471042e+02 +2.406471042e+02
8182 0 +6.206664410e+01 +2.366766441e+02 +2.366766441e+02
8293 0 +5.678615555e+01 +2.313961556e+02 +2.313961556e+02
8395 0 +5.022391233e+01 +2.248339123e+02 +2.248339123e+02
8413 0 +4.713135661e+01 +2.217413566e+02 +2.217413566e+02
8550 0 +4.545257451e+01 +2.200625745e+02 +2.200625745e+02
8941 0 +4.361454843e+01 +2.182245484e+02 +2.182245484e+02
9017 0 +4.201217591e+01 +2.166221759e+02 +2.166221759e+02
9075 0 +4.145943240e+01 +2.160694324e+02 +2.160694324e+02
9132 0 +4.028370024e+01 +2.148937002e+02 +2.148937002e+02
9249 0 +3.690886401e+01 +2.115188640e+02 +2.115188640e+02
9315 0 +3.521806597e+01 +2.098280660e+02 +2.098280660e+02
9440 0 +3.463815786e+01 +2.092481579e+02 +2.092481579e+02
9502 0 +3.259046111e+01 +2.072004611e+02 +2.072004611e+02
9610 0 +3.119250786e+01 +2.058025079e+02 +2.058025079e+02
9680 0 +2.782586987e+01 +2.024358699e+02 +2.024358699e+02
9939 0 +2.607483000e+01 +2.006848300e+02 +2.006848300e+02
10104 0 +2.523310360e+01 +1.998431036e+02 +1.998431036e+02
10109 0 +2.454744252e+01 +1.991574425e+02 +1.991574425e+02
10218 0 +2.373800777e+01 +1.983480078e+02 +1.983480078e+02
10227 0 +2.172274651e+01 +1.963327465e+02 +1.963327465e+02
10276 0 +2.033106697e+01 +1.949410670e+02 +1.949410670e+02
10299 0 +1.847109581e+01 +1.930810958e+02 +1.930810958e+02
10351 0 +1.714630895e+01 +1.917563089e+02 +1.917563089e+02
10635 0 +1.570505665e+01 +1.903150566e+02 +1.903150566e+02
10819 0 +1.468962393e+01 +1.892996239e+02 +1.892996239e+02
11166 0 +1.403091344e+01 +1.886409134e+02 +1.886409134e+02
11247 0 +1.137727391e+01 +1.859872739e+02 +1.859872739e+02
11715 0 +1.059810210e+01 +1.852081021e+02 +1.852081021e+02
12011 0 +1.013929308e+01 +1.847492931e+02 +1.847492931e+02
12074 0 +9.988539277e+00 +1.845985393e+02 +1.845985393e+02
12345 0 +9.562578568e+00 +1.841725786e+02 +1.841725786e+02
12442 0 +9.193956975e+00 +1.838039570e+02 +1.838039570e+02
12496 0 +8.741579623e+00 +1.833515796e+02 +1.833515796e+02
12620 0 +8.387227305e+00 +1.829972273e+02 +1.829972273e+02
12639 0 +7.764041374e+00 +1.823740414e+02 +1.823740414e+02
12746 0 +7.626858806e+00 +1.822368588e+02 +1.822368588e+02
12853 0 +7.391839082e+00 +1.820018391e+02 +1.820018391e+02
12963 0 +7.163856774e+00 +1.817738568e+02 +1.817738568e+02
13086 0 +7.010853351e+00 +1.816208534e+02 +1.816208534e+02
13121 0 +6.719288617e+00 +1.813292886e+02 +1.813292886e+02
13224 0 +6.565838580e+00 +1.811758386e+02 +1.811758386e+02
13276 0 +6.397546831e+00 +1.810075468e+02 +1.810075468e+02
13291 0 +6.019387139e+00 +1.806293871e+02 +1.806293871e+02
13321 0 +5.628370064e+00 +1.802383701e+02 +1.802383701e+02
13392 0 +5.525571178e+00 +1.801355712e+02 +1.801355712e+02
13801 0 +5.486818575e+00 +1.800968186e+02 +1.800968186e+02
14107 0 +5.237976266e+00 +1.798479763e+02 +1.798479763e+02
14238 0 +5.027627508e+00 +1.796376275e+02 +1.796376275e+02
14350 0 +4.989504718e+00 +1.795995047e+02 +1.795995047e+02
14406 0 +4.772699796e+00 +1.793826998e+02 +1.793826998e+02
14470 0 +4.657406908e+00 +1.792674069e+02 +1.792674069e+02
14837 0 +4.547231041e+00 +1.791572310e+02 +1.791572310e+02
15023 0 +4.449618963e+00 +1.790596190e+02 +1.790596190e+02
15491 0 +4.364117777e+00 +1.789741178e+02 +1.789741178e+02
15796 0 +4.262115498e+00 +1.788721155e+02 +1.788721155e+02
15858 0 +4.138354387e+00 +1.787483544e+02 +1.787483544e+02
15920 0 +3.963134309e+00 +1.785731343e+02 +1.785731343e+02
16049 0 +3.857187865e+00 +1.784671879e+02 +1.784671879e+02
16403 0 +3.788097000e+00 +1.783980970e+02 +1.783980970e+02
16704 0 +3.694506512e+00 +1.783045065e+02 +1.783045065e+02
16998 0 +3.630111714e+00 +1.782401117e+02 +1.782401117e+02
17299 0 +3.513742203e+00 +1.781237422e+02 +1.781237422e+02
17389 0 +3.446298286e+00 +1.780562983e+02 +1.780562983e+02
17697 0 +3.382013592e+00 +1.779920136e+02 +1.779920136e+02
18082 0 +3.290043543e+00 +1.779000435e+02 +1.779000435e+02
18969 0 +3.210904134e+00 +1.778209041e+02 +1.778209041e+02
19584 0 +3.159163935e+00 +1.777691639e+02 +1.777691639e+02
20827 0 +3.087806573e+00 +1.776978066e+02 +1.776978066e+02
25706 0 +3.019421098e+00 +1.776294211e+02 +1.776294211e+02
% f evaluations | g evaluations | best noise-free fitness - Fopt (2.342000000000e+01) + sum g_i+ | measured fitness | best measured fitness or single-digit g-values | x1 | x2...
1 0 +3.098621604e+03 +3.122041604e+03 +3.122041604e+03
5 0 +3.053798618e+03 +3.077218618e+03 +3.077218618e+03
78 0 +2.995368794e+03 +3.018788794e+03 +3.018788794e+03
149 0 +2.933557474e+03 +2.956977474e+03 +2.956977474e+03
257 0 +2.844006754e+03 +2.867426754e+03 +2.867426754e+03
263 0 +2.816940489e+03 +2.840360489e+03 +2.840360489e+03
383 0 +2.708754286e+03 +2.732174286e+03 +2.732174286e+03
450 0 +2.675985108e+03 +2.699405108e+03 +2.699405108e+03
504 0 +2.614892796e+03 +2.638312796e+03 +2.638312796e+03
558 0 +2.558381680e+03 +2.581801680e+03 +2.581801680e+03
616 0 +2.477035799e+03 +2.500455799e+03 +2.500455799e+03
678 0 +2.392517999e+03 +2.415937999e+03 +2.415937999e+03
743 0 +2.329966676e+03 +2.353386676e+03 +2.353386676e+03
779 0 +2.284258105e+03 +2.307678105e+03 +2.307678105e+03
825 0 +2.230912119e+03 +2.254332119e+03 +2.254332119e+03
837 0 +2.173543024e+03 +2.196963024e+03 +2.196963024e+03
861 0 +2.130667683e+03 +2.154087683e+03 +2.154087683e+03
920 0 +2.015704823e+03 +2.039124823e+03 +2.039124823e+03
978 0 +1.910242549e+03 +1.933662549e+03 +1.933662549e+03
1036 0 +1.879248079e+03 +1.902668079e+03 +1.902668079e+03
1049 0 +1.834723484e+03 +1.858143484e+03 +1.858143484e+03
1077 0 +1.802821813e+03 +1.826241813e+03 +1.826241813e+03
1102 0 +1.735928971e+03 +1.759348971e+03 +1.759348971e+03
1168 0 +1.608307511e+03 +1.631727511e+03 +1.631727511e+03
1228 0 +1.537890003e+03 +1.561310003e+03 +1.561310003e+03
1255 0 +1.355954017e+03 +1.379374017e+03 +1.379374017e+03
1406 0 +1.342245752e+03 +1.365665752e+03 +1.365665752e+03
1409 0 +1.242838256e+03 +1.266258256e+03 +1.266258256e+03
1475 0 +1.182095885e+03 +1.205515885e+03 +1.205515885e+03
1705 0 +1.160682650e+03 +1.184102650e+03 +1.184102650e+03
1901 0 +1.062281592e+03 +1.085701592e+03 +1.085701592e+03
2120 0 +9.751614744e+02 +9.985814744e+02 +9.985814744e+02
2726 0 +8.961222397e+02 +9.195422397e+02 +9.195422397e+02
2751 0 +8.503683310e+02 +8.737883310e+02 +8.737883310e+02
2849 0 +8.267049781e+02 +8.501249781e+02 +8.501249781e+02
2907 0 +6.791365574e+02 +7.025565574e+02 +7.025565574e+02
3089 0 +6.497408788e+02 +6.731608788e+02 +6.731608788e+02
3205 0 +5.831303716e+02 +6.065503716e+02 +6.065503716e+02
3277 0 +5.553890753e+02 +5.788090753e+02 +5.788090753e+02
3606 0 +5.228333858e+02 +5.462533858e+02 +5.462533858e+02
3619 0 +5.115635828e+02 +5.349835828e+02 +5.349835828e+02
3798 0 +4.622821752e+02 +4.857021752e+02 +4.857021752e+02
3843 0 +4.520229933e+02 +4.754429933e+02 +4.754429933e+02
3929 0 +4.401283247e+02 +4.635483247e+02 +4.635483247e+02
4033 0 +4.342249972e+02 +4.576449972e+02 +4.576449972e+02
4069 0 +3.579189288e+02 +3.813389288e+02 +3.813389288e+02
4279 0 +3.513249724e+02 +3.747449724e+02 +3.747449724e+02
4398 0 +3.349602943e+02 +3.583802943e+02 +3.583802943e+02
4579 0 +3.141852528e+02 +3.376052528e+02 +3.376052528e+02
4624 0 +3.025797494e+02 +3.259997494e+02 +3.259997494e+02
5060 0 +2.846354965e+02 +3.080554965e+02 +3.080554965e+02
5236 0 +2.816114562e+02 +3.050314562e+02 +3.050314562e+02
5298 0 +2.719769885e+02 +2.953969885e+02 +2.953969885e+02
5304 0 +2.659350043e+02 +2.893550043e+02 +2.893550043e+02
5350 0 +2.548262451e+02 +2.782462451e+02 +2.782462451e+02
5422 0 +2.205335522e+02 +2.439535522e+02 +2.439535522e+02
5610 0 +2.152264923e+02 +2.386464923e+02 +2.386464923e+02
5772 0 +2.122484495e+02 +2.356684495e+02 +2.356684495e+02
5783 0 +2.057753092e+02 +2.291953092e+02 +2.291953092e+02
5834 0 +2.031891352e+02 +2.266091352e+02 +2.266091352e+02
5840 0 +1.771159046e+02 +2.005359046e+02 +2.005359046e+02
5886 0 +1.672519901e+02 +1.906719901e+02 +1.906719901e+02
5948 0 +1.590054666e+02 +1.824254666e+02 +1.824254666e+02
5955 0 +1.572130220e+02 +1.806330220e+02 +1.806330220e+02
5959 0 +1.513671178e+02 +1.747871178e+02 +1.747871178e+02
6315 0 +1.456148904e+02 +1.690348904e+02 +1.690348904e+02
6429 0 +1.399193645e+02 +1.633393645e+02 +1.633393645e+02
6549 0 +1.324942760e+02 +1.559142760e+02 +1.559142760e+02
6601 0 +1.219009556e+02 +1.453209556e+02 +1.453209556e+02
6687 0 +1.199758983e+02 +1.433958983e+02 +1.433958983e+02
6703 0 +1.151138583e+02 +1.385338583e+02 +1.385338583e+02
6746 0 +1.124062434e+02 +1.358262434e+02 +1.358262434e+02
7042 0 +1.058007337e+02 +1.292207337e+02 +1.292207337e+02
7265 0 +1.016803680e+02 +1.251003680e+02 +1.251003680e+02
7276 0 +9.768028572e+01 +1.211002857e+02 +1.211002857e+02
7398 0 +8.376171929e+01 +1.071817193e+02 +1.071817193e+02
7752 0 +7.498508471e+01 +9.840508471e+01 +9.840508471e+01
8185 0 +7.168059148e+01 +9.510059148e+01 +9.510059148e+01
8245 0 +7.077387141e+01 +9.419387141e+01 +9.419387141e+01
8246 0 +6.742548809e+01 +9.084548809e+01 +9.084548809e+01
8329 0 +6.386816961e+01 +8.728816961e+01 +8.728816961e+01
8358 0 +6.198249854e+01 +8.540249854e+01 +8.540249854e+01
8415 0 +5.836546555e+01 +8.178546555e+01 +8.178546555e+01
8489 0 +5.743426375e+01 +8.085426375e+01 +8.085426375e+01
8600 0 +5.602127621e+01 +7.944127621e+01 +7.944127621e+01
8666 0 +5.085508181e+01 +7.427508181e+01 +7.427508181e+01
8717 0 +4.966607234e+01 +7.308607234e+01 +7.308607234e+01
8842 0 +4.856066818e+01 +7.198066818e+01 +7.198066818e+01
9051 0 +4.725880853e+01 +7.067880853e+01 +7.067880853e+01
9057 0 +4.371357747e+01 +6.713357747e+01 +6.713357747e+01
9115 0 +4.159014249e+01 +6.501014249e+01 +6.501014249e+01
9140 0 +4.018630901e+01 +6.360630901e+01 +6.360630901e+01
9242 0 +3.847806549e+01 +6.189806549e+01 +6.189806549e+01
9438 0 +3.675700943e+01 +6.017700943e+01 +6.017700943e+01
9977 0 +3.551911610e+01 +5.893911610e+01 +5.893911610e+01
10093 0 +3.352489077e+01 +5.694489077e+01 +5.694489077e+01
10215 0 +3.182570486e+01 +5.524570486e+01 +5.524570486e+01
10235 0 +2.973032935e+01 +5.315032935e+01 +5.315032935e+01
10327 0 +2.872670806e+01 +5.214670806e+01 +5.214670806e+01
10400 0 +2.725781256e+01 +5.067781256e+01 +5.067781256e+01
10522 0 +2.554569470e+01 +4.896569470e+01 +4.896569470e+01
10633 0 +2.508083387e+01 +4.850083387e+01 +4.850083387e+01
10650 0 +2.391214799e+01 +4.733214799e+01 +4.733214799e+01
10655 0 +2.054964467e+01 +4.396964467e+01 +4.396964467e+01
11062 0 +1.614560658e+01 +3.956560658e+01 +3.956560658e+01
11544 0 +1.562197169e+01 +3.904197169e+01 +3.904197169e+01
11567 0 +1.461257302e+01 +3.803257302e+01 +3.803257302e+01
11607 0 +1.381243646e+01 +3.723243646e+01 +3.723243646e+01
11765 0 +1.369834724e+01 +3.711834724e+01 +3.711834724e+01
11767 0 +1.305305214e+01 +3.647305214e+01 +3.647305214e+01
11787 0 +1.232887178e+01 +3.574887178e+01 +3.574887178e+01
11841 0 +1.216943349e+01 +3.558943349e+01 +3.558943349e+01
11955 0 +1.190258089e+01 +3.532258089e+01 +3.532258089e+01
11963 0 +1.095851281e+01 +3.437851281e+01 +3.437851281e+01
12199 0 +1.065505048e+01 +3.407505048e+01 +3.407505048e+01
12265 0 +1.040560933e+01 +3.382560933e+01 +3.382560933e+01
12389 0 +1.018699466e+01 +3.360699466e+01 +3.360699466e+01
12436 0 +9.942257824e+00 +3.336225782e+01 +3.336225782e+01
12451 0 +9.742710252e+00 +3.316271025e+01 +3.316271025e+01
12622 0 +9.521356292e+00 +3.294135629e+01 +3.294135629e+01
12685 0 +9.265471249e+00 +3.268547125e+01 +3.268547125e+01
12688 0 +9.116130135e+00 +3.253613013e+01 +3.253613013e+01
12839 0 +8.861340824e+00 +3.228134082e+01 +3.228134082e+01
12913 0 +8.259593097e+00 +3.167959310e+01 +3.167959310e+01
13030 0 +8.066431143e+00 +3.148643114e+01 +3.148643114e+01
13151 0 +7.938728462e+00 +3.135872846e+01 +3.135872846e+01
13152 0 +7.708812649e+00 +3.112881265e+01 +3.112881265e+01
13157 0 +7.289006034e+00 +3.070900603e+01 +3.070900603e+01
13202 0 +6.960019943e+00 +3.038001994e+01 +3.038001994e+01
13331 0 +6.820196084e+00 +3.024019608e+01 +3.024019608e+01
13642 0 +6.545785694e+00 +2.996578569e+01 +2.996578569e+01
14059 0 +6.431426658e+00 +2.985142666e+01 +2.985142666e+01
14107 0 +6.256828236e+00 +2.967682824e+01 +2.967682824e+01
14179 0 +5.913837887e+00 +2.933383789e+01 +2.933383789e+01
14182 0 +5.887692543e+00 +2.930769254e+01 +2.930769254e+01
14298 0 +5.744469088e+00 +2.916446909e+01 +2.916446909e+01
14681 0 +5.563608637e+00 +2.898360864e+01 +2.898360864e+01
14763 0 +5.464670122e+00 +2.888467012e+01 +2.888467012e+01
14929 0 +5.194145080e+00 +2.861414508e+01 +2.861414508e+01
14949 0 +5.001193883e+00 +2.842119388e+01 +2.842119388e+01
15390 0 +4.749848159e+00 +2.816984816e+01 +2.816984816e+01
15666 0 +4.645248638e+00 +2.806524864e+01 +2.806524864e+01
15797 0 +4.523718307e+00 +2.794371831e+01 +2.794371831e+01
15865 0 +4.329528527e+00 +2.774952853e+01 +2.774952853e+01
16040 0 +4.207628429e+00 +2.762762843e+01 +2.762762843e+01
16264 0 +4.119926357e+00 +2.753992636e+01 +2.753992636e+01
16288 0 +4.068753438e+00 +2.748875344e+01 +2.748875344e+01
16826 0 +3.951327486e+00 +2.737132749e+01 +2.737132749e+01
17227 0 +3.834359463e+00 +2.725435946e+01 +2.725435946e+01
17427 0 +3.787664057e+00 +2.720766406e+01 +2.720766406e+01
17599 0 +3.681190195e+00 +2.710119020e+01 +2.710119020e+01
17947 0 +3.626606148e+00 +2.704660615e+01 +2.704660615e+01
18113 0 +3.545894636e+00 +2.696589464e+01 +2.696589464e+01
19147 0 +3.466248497e+00 +2.688624850e+01 +2.688624850e+01
19750 0 +3.379219880e+00 +2.679921988e+01 +2.679921988e+01
20766 0 +3.311040837e+00 +2.673104084e+01 +2.673104084e+01
26711 0 +3.235431392e+00 +2.665543139e+01 +2.665543139e+01
% f evaluations | g evaluations | best noise-free fitness - Fopt (-7.764000000000e+01) + sum g_i+ | measured fitness | best measured fitness or single-digit g-values | x1 | x2...
1 0 +2.862329563e+03 +2.784689563e+03 +2.784689563e+03
7 0 +2.833914754e+03 +2.756274754e+03 +2.756274754e+03
78 0 +2.796613368e+03 +2.718973368e+03 +2.718973368e+03
169 0 +2.740514187e+03 +2.662874187e+03 +2.662874187e+03
258 0 +2.686346442e+03 +2.608706442e+03 +2.608706442e+03
316 0 +2.594610210e+03 +2.516970210e+03 +2.516970210e+03
322 0 +2.565374560e+03 +2.487734560e+03 +2.487734560e+03
409 0 +2.491758216e+03 +2.414118216e+03 +2.414118216e+03
437 0 +2.368948117e+03 +2.291308117e+03 +2.291308117e+03
508 0 +2.320476055e+03 +2.242836055e+03 +2.242836055e+03
513 0 +2.277127819e+03 +2.199487819e+03 +2.199487819e+03
561 0 +2.226630780e+03 +2.148990780e+03 +2.148990780e+03
564 0 +2.163664979e+03 +2.086024979e+03 +2.086024979e+03
677 0 +2.102332386e+03 +2.024692386e+03 +2.024692386e+03
737 0 +2.062982664e+03 +1.985342664e+03 +1.985342664e+03
741 0 +2.012484624e+03 +1.934844624e+03 +1.934844624e+03
744 0 +1.990764640e+03 +1.913124640e+03 +1.913124640e+03
801 0 +1.920098109e+03 +1.842458109e+03 +1.842458109e+03
804 0 +1.782925294e+03 +1.705285294e+03 +1.705285294e+03
916 0 +1.752917603e+03 +1.675277603e+03 +1.675277603e+03
917 0 +1.692441233e+03 +1.614801233e+03 +1.614801233e+03
930 0 +1.658209887e+03 +1.580569887e+03 +1.580569887e+03
986 0 +1.486461228e+03 +1.408821228e+03 +1.408821228e+03
1101 0 +1.421946644e+03 +1.344306644e+03 +1.344306644e+03
1168 0 +1.369864685e+03 +1.292224685e+03 +1.292224685e+03
1219 0 +1.188985324e+03 +1.111345324e+03 +1.111345324e+03
1701 0 +1.133421413e+03 +1.055781413e+03 +1.055781413e+03
1890 0 +1.093372137e+03 +1.015732137e+03 +1.015732137e+03
2057 0 +1.009579164e+03 +9.319391645e+02 +9.319391645e+02
2110 0 +9.900972332e+02 +9.124572332e+02 +9.124572332e+02
2290 0 +9.292348644e+02 +8.515948644e+02 +8.515948644e+02
2724 0 +8.952045967e+02 +8.175645967e+02 +8.175645967e+02
2891 0 +8.753481932e+02 +7.977081932e+02 +7.977081932e+02
2896 0 +8.557217985e+02 +7.780817985e+02 +7.780817985e+02
2964 0 +7.636346291e+02 +6.859946291e+02 +6.859946291e+02
3141 0 +6.585340159e+02 +5.808940159e+02 +5.808940159e+02
3457 0 +6.305573487e+02 +5.529173487e+02 +5.529173487e+02
3497 0 +5.564430164e+02 +4.788030164e+02 +4.788030164e+02
3568 0 +5.368985203e+02 +4.592585203e+02 +4.592585203e+02
3665 0 +5.213570935e+02 +4.437170935e+02 +4.437170935e+02
3732 0 +4.499569744e+02 +3.723169744e+02 +3.723169744e+02
3746 0 +4.275884551e+02 +3.499484551e+02 +3.499484551e+02
3806 0 +4.188385315e+02 +3.411985315e+02 +3.411985315e+02
4384 0 +4.109260034e+02 +3.332860034e+02 +3.332860034e+02
4396 0 +3.622880814e+02 +2.846480814e+02 +2.846480814e+02
4577 0 +3.471613752e+02 +2.695213752e+02 +2.695213752e+02
4584 0 +3.337243918e+02 +2.560843918e+02 +2.560843918e+02
4696 0 +3.234612576e+02 +2.458212576e+02 +2.458212576e+02
4703 0 +2.914417459e+02 +2.138017459e+02 +2.138017459e+02
4725 0 +2.858070659e+02 +2.081670659e+02 +2.081670659e+02
4781 0 +2.706468834e+02 +1.930068834e+02 +1.930068834e+02
4869 0 +2.549897233e+02 +1.773497233e+02 +1.773497233e+02
5472 0 +2.458234968e+02 +1.681834968e+02 +1.681834968e+02
5497 0 +2.452570486e+02 +1.676170486e+02 +1.676170486e+02
5507 0 +2.371382803e+02 +1.594982803e+02 +1.594982803e+02
5597 0 +2.271523552e+02 +1.495123552e+02 +1.495123552e+02
5602 0 +1.976168295e+02 +1.199768295e+02 +1.199768295e+02
5838 0 +1.873422749e+02 +1.097022749e+02 +1.097022749e+02
5849 0 +1.856904418e+02 +1.080504418e+02 +1.080504418e+02
5855 0 +1.777918156e+02 +1.001518156e+02 +1.001518156e+02
6047 0 +1.604177585e+02 +8.277775854e+01 +8.277775854e+01
6083 0 +1.472868498e+02 +6.964684981e+01 +6.964684981e+01
6105 0 +1.309673902e+02 +5.332739020e+01 +5.332739020e+01
6425 0 +1.252402863e+02 +4.760028626e+01 +4.760028626e+01
6620 0 +1.161469249e+02 +3.850692488e+01 +3.850692488e+01
6679 0 +1.133621026e+02 +3.572210260e+01 +3.572210260e+01
6686 0 +1.058620144e+02 +2.822201444e+01 +2.822201444e+01
6911 0 +9.983866964e+01 +2.219866964e+01 +2.219866964e+01
6982 0 +9.609275090e+01 +1.845275090e+01 +1.845275090e+01
7115 0 +9.545055206e+01 +1.781055206e+01 +1.781055206e+01
7152 0 +9.103346236e+01 +1.339346236e+01 +1.339346236e+01
7299 0 +8.649329357e+01 +8.853293573e+00 +8.853293573e+00
7410 0 +8.036110061e+01 +2.721100612e+00 +2.721100612e+00
7461 0 +7.652696682e+01 -1.113033184e+00 -1.113033184e+00
7462 0 +7.380680171e+01 -3.833198291e+00 -3.833198291e+00
% f evaluations | g evaluations | best noise-free fitness - Fopt (-6.007000000000e+01) + sum g_i+ | measured fitness | best measured fitness or single-digit g-values | x1 | x2...
1 0 +3.260686685e+03 +3.200616685e+03 +3.200616685e+03
10 0 +3.229179139e+03 +3.169109139e+03 +3.169109139e+03
84 0 +3.156917910e+03 +3.096847910e+03 +3.096847910e+03
165 0 +3.038356543e+03 +2.978286543e+03 +2.978286543e+03
233 0 +3.000496049e+03 +2.940426049e+03 +2.940426049e+03
268 0 +2.931336106e+03 +2.871266106e+03 +2.871266106e+03
326 0 +2.862873443e+03 +2.802803443e+03 +2.802803443e+03
377 0 +2.772523094e+03 +2.712453094e+03 +2.712453094e+03
500 0 +2.740625863e+03 +2.680555863e+03 +2.680555863e+03
556 0 +2.680360814e+03 +2.620290814e+03 +2.620290814e+03
565 0 +2.623188024e+03 +2.563118024e+03 +2.563118024e+03
619 0 +2.533723395e+03 +2.473653395e+03 +2.473653395e+03
653 0 +2.484612138e+03 +2.424542138e+03 +2.424542138e+03
677 0 +2.388790185e+03 +2.328720185e+03 +2.328720185e+03
736 0 +2.332897527e+03 +2.272827527e+03 +2.272827527e+03
803 0 +2.255369362e+03 +2.195299362e+03 +2.195299362e+03
819 0 +2.212248504e+03 +2.152178504e+03 +2.152178504e+03
858 0 +2.136352444e+03 +2.076282444e+03 +2.076282444e+03
918 0 +2.086493835e+03 +2.026423835e+03 +2.026423835e+03
921 0 +1.989987610e+03 +1.929917610e+03 +1.929917610e+03
951 0 +1.930479388e+03 +1.870409388e+03 +1.870409388e+03
976 0 +1.790465881e+03 +1.730395881e+03 +1.730395881e+03
1037 0 +1.742775458e+03 +1.682705458e+03 +1.682705458e+03
1051 0 +1.705393909e+03 +1.645323909e+03 +1.645323909e+03
1099 0 +1.674416137e+03 +1.614346137e+03 +1.614346137e+03
1113 0 +1.514253623e+03 +1.454183623e+03 +1.454183623e+03
1157 0 +1.478015811e+03 +1.417945811e+03 +1.417945811e+03
1224 0 +1.429751542e+03 +1.369681542e+03 +1.369681542e+03
1251 0 +1.330249175e+03 +1.270179175e+03 +1.270179175e+03
1547 0 +1.276790281e+03 +1.216720281e+03 +1.216720281e+03
1586 0 +1.233816110e+03 +1.173746110e+03 +1.173746110e+03
2295 0 +1.199017319e+03 +1.138947319e+03 +1.138947319e+03
2420 0 +1.152643148e+03 +1.092573148e+03 +1.092573148e+03
2581 0 +1.137391219e+03 +1.077321219e+03 +1.077321219e+03
2621 0 +1.070462601e+03 +1.010392601e+03 +1.010392601e+03
2659 0 +9.828875888e+02 +9.228175888e+02 +9.228175888e+02
2721 0 +9.455063719e+02 +8.854363719e+02 +8.854363719e+02
2888 0 +9.115272143e+02 +8.514572143e+02 +8.514572143e+02
2951 0 +8.308951461e+02 +7.708251461e+02 +7.708251461e+02
3057 0 +7.398539574e+02 +6.797839574e+02 +6.797839574e+02
3563 0 +7.138113769e+02 +6.537413769e+02 +6.537413769e+02
3605 0 +6.774574096e+02 +6.173874096e+02 +6.173874096e+02
3672 0 +5.836916814e+02 +5.236216814e+02 +5.236216814e+02
3796 0 +5.642444658e+02 +5.041744658e+02 +5.041744658e+02
3837 0 +5.614376793e+02 +5.013676793e+02 +5.013676793e+02
3858 0 +5.202363165e+02 +4.601663165e+02 +4.601663165e+02
3928 0 +4.882117482e+02 +4.281417482e+02 +4.281417482e+02
4011 0 +4.564803259e+02 +3.964103259e+02 +3.964103259e+02
4031 0 +4.378779680e+02 +3.778079680e+02 +3.778079680e+02
4158 0 +3.997588461e+02 +3.396888461e+02 +3.396888461e+02
4399 0 +3.940838263e+02 +3.340138263e+02 +3.340138263e+02
4400 0 +3.760647323e+02 +3.159947323e+02 +3.159947323e+02
4516 0 +3.177696679e+02 +2.576996679e+02 +2.576996679e+02
4771 0 +3.129037531e+02 +2.528337531e+02 +2.528337531e+02
4873 0 +2.969319843e+02 +2.368619843e+02 +2.368619843e+02
4929 0 +2.927321641e+02 +2.326621641e+02 +2.326621641e+02
4932 0 +2.783208620e+02 +2.182508620e+02 +2.182508620e+02
5001 0 +2.646474779e+02 +2.045774779e+02 +2.045774779e+02
5041 0 +2.629268123e+02 +2.028568123e+02 +2.028568123e+02
5159 0 +2.450310660e+02 +1.849610660e+02 +1.849610660e+02
5186 0 +2.312730292e+02 +1.712030292e+02 +1.712030292e+02
5404 0 +2.275721843e+02 +1.675021843e+02 +1.675021843e+02
5411 0 +2.168924974e+02 +1.568224974e+02 +1.568224974e+02
5540 0 +1.889751859e+02 +1.289051859e+02 +1.289051859e+02
5585 0 +1.725125594e+02 +1.124425594e+02 +1.124425594e+02
5849 0 +1.686053335e+02 +1.085353335e+02 +1.085353335e+02
5894 0 +1.493279338e+02 +8.925793383e+01 +8.925793383e+01
6136 0 +1.466778073e+02 +8.660780730e+01 +8.660780730e+01
6436 0 +1.442930093e+02 +8.422300931e+01 +8.422300931e+01
6499 0 +1.290712077e+02 +6.900120769e+01 +6.900120769e+01
6517 0 +1.216773741e+02 +6.160737415e+01 +6.160737415e+01
6556 0 +1.196442639e+02 +5.957426392e+01 +5.957426392e+01
6569 0 +1.138827321e+02 +5.381273213e+01 +5.381273213e+01
6990 0 +1.101223885e+02 +5.005238849e+01 +5.005238849e+01
7081 0 +1.076125688e+02 +4.754256876e+01 +4.754256876e+01
7103 0 +1.057752372e+02 +4.570523724e+01 +4.570523724e+01
7153 0 +1.006587747e+02 +4.058877474e+01 +4.058877474e+01
7191 0 +9.919035010e+01 +3.912035010e+01 +3.912035010e+01
7274 0 +9.378331299e+01 +3.371331299e+01 +3.371331299e+01
7509 0 +9.274545736e+01 +3.267545736e+01 +3.267545736e+01
7709 0 +8.808420426e+01 +2.801420426e+01 +2.801420426e+01
7949 0 +8.632863867e+01 +2.625863867e+01 +2.625863867e+01
7994 0 +8.138193458e+01 +2.131193458e+01 +2.131193458e+01
8005 0 +7.573043578e+01 +1.566043578e+01 +1.566043578e+01
8120 0 +6.488675218e+01 +4.816752178e+00 +4.816752178e+00
8261 0 +6.430167264e+01 +4.231672639e+00 +4.231672639e+00
8360 0 +5.841007505e+01 -1.659924946e+00 -1.659924946e+00
% f evaluations | g evaluations | best noise-free fitness - Fopt (-1.317500000000e+02) + sum g_i+ | measured fitness | best measured fitness or single-digit g-values | x1 | x2...
1 0 +2.386264572e+03 +2.254514572e+03 +2.254514572e+03
4 0 +2.372040380e+03 +2.240290380e+03 +2.240290380e+03
5 0 +2.338045317e+03 +2.206295317e+03 +2.206295317e+03
78 0 +2.288378802e+03 +2.156628802e+03 +2.156628802e+03
148 0 +2.224318350e+03 +2.092568350e+03 +2.092568350e+03
223 0 +2.183000192e+03 +2.051250192e+03 +2.051250192e+03
320 0 +2.044852520e+03 +1.913102520e+03 +1.913102520e+03
380 0 +1.982181721e+03 +1.850431721e+03 +1.850431721e+03
441 0 +1.946117153e+03 +1.814367153e+03 +1.814367153e+03
500 0 +1.897742493e+03 +1.765992493e+03 +1.765992493e+03
561 0 +1.847395735e+03 +1.715645735e+03 +1.715645735e+03
563 0 +1.804253688e+03 +1.672503688e+03 +1.672503688e+03
585 0 +1.773443710e+03 +1.641693710e+03 +1.641693710e+03
630 0 +1.734654140e+03 +1.602904140e+03 +1.602904140e+03
678 0 +1.691843187e+03 +1.560093187e+03 +1.560093187e+03
737 0 +1.653670550e+03 +1.521920550e+03 +1.521920550e+03
744 0 +1.592782564e+03 +1.461032564e+03 +1.461032564e+03
746 0 +1.561423443e+03 +1.429673443e+03 +1.429673443e+03
798 0 +1.541871399e+03 +1.410121399e+03 +1.410121399e+03
841 0 +1.508636741e+03 +1.376886741e+03 +1.376886741e+03
861 0 +1.415980803e+03 +1.284230803e+03 +1.284230803e+03
916 0 +1.306662657e+03 +1.174912657e+03 +1.174912657e+03
983 0 +1.283336342e+03 +1.151586342e+03 +1.151586342e+03
1005 0 +1.243835421e+03 +1.112085421e+03 +1.112085421e+03
1028 0 +1.195561517e+03 +1.063811517e+03 +1.063811517e+03
1063 0 +1.168609970e+03 +1.036859970e+03 +1.036859970e+03
1100 0 +1.144760222e+03 +1.013010222e+03 +1.013010222e+03
1169 0 +1.064350346e+03 +9.326003457e+02 +9.326003457e+02
1349 0 +1.012075097e+03 +8.803250973e+02 +8.803250973e+02
1578 0 +9.930674301e+02 +8.613174301e+02 +8.613174301e+02
2401 0 +9.668938117e+02 +8.351438117e+02 +8.351438117e+02
2465 0 +8.920200237e+02 +7.602700237e+02 +7.602700237e+02
2479 0 +8.525447729e+02 +7.207947729e+02 +7.207947729e+02
2585 0 +7.942836664e+02 +6.625336664e+02 +6.625336664e+02
2867 0 +7.713702151e+02 +6.396202151e+02 +6.396202151e+02
2908 0 +6.817012167e+02 +5.499512167e+02 +5.499512167e+02
3191 0 +6.652381393e+02 +5.334881393e+02 +5.334881393e+02
3305 0 +6.253699472e+02 +4.936199472e+02 +4.936199472e+02
3397 0 +6.007684358e+02 +4.690184358e+02 +4.690184358e+02
3473 0 +5.630616387e+02 +4.313116387e+02 +4.313116387e+02
3617 0 +5.540832203e+02 +4.223332203e+02 +4.223332203e+02
3629 0 +5.493040550e+02 +4.175540550e+02 +4.175540550e+02
3788 0 +5.208057959e+02 +3.890557959e+02 +3.890557959e+02
3953 0 +4.970817545e+02 +3.653317545e+02 +3.653317545e+02
3983 0 +4.653003658e+02 +3.335503658e+02 +3.335503658e+02
4039 0 +4.564664546e+02 +3.247164546e+02 +3.247164546e+02
4059 0 +4.465301225e+02 +3.147801225e+02 +3.147801225e+02
4085 0 +4.060157077e+02 +2.742657077e+02 +2.742657077e+02
4133 0 +3.684986298e+02 +2.367486298e+02 +2.367486298e+02
4278 0 +3.226892236e+02 +1.909392236e+02 +1.909392236e+02
4453 0 +3.145537961e+02 +1.828037961e+02 +1.828037961e+02
4487 0 +2.973837676e+02 +1.656337676e+02 +1.656337676e+02
4522 0 +2.772004065e+02 +1.454504065e+02 +1.454504065e+02
4686 0 +2.690099692e+02 +1.372599692e+02 +1.372599692e+02
4984 0 +2.457012857e+02 +1.139512857e+02 +1.139512857e+02
5042 0 +2.453623130e+02 +1.136123130e+02 +1.136123130e+02
5106 0 +2.309834702e+02 +9.923347020e+01 +9.923347020e+01
5215 0 +2.194335268e+02 +8.768352679e+01 +8.768352679e+01
5237 0 +2.147725274e+02 +8.302252736e+01 +8.302252736e+01
5249 0 +1.902453222e+02 +5.849532218e+01 +5.849532218e+01
5790 0 +1.771870393e+02 +4.543703933e+01 +4.543703933e+01
5823 0 +1.707362343e+02 +3.898623432e+01 +3.898623432e+01
6016 0 +1.597553254e+02 +2.800532545e+01 +2.800532545e+01
6077 0 +1.548590859e+02 +2.310908595e+01 +2.310908595e+01
6084 0 +1.466343857e+02 +1.488438573e+01 +1.488438573e+01
6192 0 +1.297513693e+02 -1.998630740e+00 -1.998630740e+00
% f evaluations | g evaluations | best noise-free fitness - Fopt (-9.099000000000e+01) + sum g_i+ | measured fitness | best measured fitness or single-digit g-values | x1 | x2...
1 0 +3.378522959e+03 +3.287532959e+03 +3.287532959e+03
2 0 +3.370414817e+03 +3.279424817e+03 +3.279424817e+03
4 0 +3.217656688e+03 +3.126666688e+03 +3.126666688e+03
137 0 +3.151334422e+03 +3.060344422e+03 +3.060344422e+03
198 0 +3.053291588e+03 +2.962301588e+03 +2.962301588e+03
317 0 +2.963269895e+03 +2.872279895e+03 +2.872279895e+03
333 0 +2.944051206e+03 +2.853061206e+03 +2.853061206e+03
405 0 +2.862384688e+03 +2.771394688e+03 +2.771394688e+03
443 0 +2.763472642e+03 +2.672482642e+03 +2.672482642e+03
496 0 +2.733102796e+03 +2.642112796e+03 +2.642112796e+03
557 0 +2.691291497e+03 +2.600301497e+03 +2.600301497e+03
559 0 +2.617356365e+03 +2.526366365e+03 +2.526366365e+03
659 0 +2.530364481e+03 +2.439374481e+03 +2.439374481e+03
676 0 +2.373501656e+03 +2.282511656e+03 +2.282511656e+03
691 0 +2.335602870e+03 +2.244612870e+03 +2.244612870e+03
797 0 +2.258725319e+03 +2.167735319e+03 +2.167735319e+03
857 0 +2.159195391e+03 +2.068205391e+03 +2.068205391e+03
917 0 +2.038009421e+03 +1.947019421e+03 +1.947019421e+03
977 0 +1.962279193e+03 +1.871289193e+03 +1.871289193e+03
978 0 +1.830133864e+03 +1.739143864e+03 +1.739143864e+03
1099 0 +1.797243256e+03 +1.706253256e+03 +1.706253256e+03
1104 0 +1.759190499e+03 +1.668200499e+03 +1.668200499e+03
1127 0 +1.623921274e+03 +1.532931274e+03 +1.532931274e+03
1183 0 +1.569460894e+03 +1.478470894e+03 +1.478470894e+03
1287 0 +1.485934854e+03 +1.394944854e+03 +1.394944854e+03
1351 0 +1.398134729e+03 +1.307144729e+03 +1.307144729e+03
1361 0 +1.372169429e+03 +1.281179429e+03 +1.281179429e+03
1389 0 +1.326733710e+03 +1.235743710e+03 +1.235743710e+03
1404 0 +1.143491306e+03 +1.052501306e+03 +1.052501306e+03
1427 0 +1.080069473e+03 +9.890794735e+02 +9.890794735e+02
1467 0 +9.971890605e+02 +9.061990605e+02 +9.061990605e+02
2487 0 +9.441685122e+02 +8.531785122e+02 +8.531785122e+02
2901 0 +8.469453705e+02 +7.559553705e+02 +7.559553705e+02
2960 0 +6.902748855e+02 +5.992848855e+02 +5.992848855e+02
3366 0 +6.334729112e+02 +5.424829112e+02 +5.424829112e+02
3467 0 +6.219711331e+02 +5.309811331e+02 +5.309811331e+02
3504 0 +5.861874178e+02 +4.951974178e+02 +4.951974178e+02
3568 0 +5.633027287e+02 +4.723127287e+02 +4.723127287e+02
3621 0 +5.193071382e+02 +4.283171382e+02 +4.283171382e+02
3845 0 +5.103992359e+02 +4.194092359e+02 +4.194092359e+02
3953 0 +4.997636630e+02 +4.087736630e+02 +4.087736630e+02
4027 0 +4.778310530e+02 +3.868410530e+02 +3.868410530e+02
4040 0 +4.593572597e+02 +3.683672597e+02 +3.683672597e+02
4127 0 +4.503916649e+02 +3.594016649e+02 +3.594016649e+02
4150 0 +4.326380151e+02 +3.416480151e+02 +3.416480151e+02
4247 0 +4.153168102e+02 +3.243268102e+02 +3.243268102e+02
4269 0 +3.481988976e+02 +2.572088976e+02 +2.572088976e+02
4405 0 +3.338040650e+02 +2.428140650e+02 +2.428140650e+02
4711 0 +3.087982359e+02 +2.178082359e+02 +2.178082359e+02
4820 0 +2.983942296e+02 +2.074042296e+02 +2.074042296e+02
4935 0 +2.505383420e+02 +1.595483420e+02 +1.595483420e+02
5184 0 +2.440730689e+02 +1.530830689e+02 +1.530830689e+02
5244 0 +2.375504824e+02 +1.465604824e+02 +1.465604824e+02
5418 0 +2.124328971e+02 +1.214428971e+02 +1.214428971e+02
5483 0 +1.790528856e+02 +8.806288564e+01 +8.806288564e+01
5642 0 +1.751734040e+02 +8.418340402e+01 +8.418340402e+01
5782 0 +1.716198607e+02 +8.062986068e+01 +8.062986068e+01
5822 0 +1.643326125e+02 +7.334261248e+01 +7.334261248e+01
5961 0 +1.602125309e+02 +6.922253089e+01 +6.922253089e+01
6134 0 +1.546577345e+02 +6.366773445e+01 +6.366773445e+01
6182 0 +1.504724909e+02 +5.948249089e+01 +5.948249089e+01
6339 0 +1.455192819e+02 +5.452928185e+01 +5.452928185e+01
6390 0 +1.433994595e+02 +5.240945948e+01 +5.240945948e+01
6435 0 +1.389289280e+02 +4.793892796e+01 +4.793892796e+01
6453 0 +1.363373351e+02 +4.534733509e+01 +4.534733509e+01
6463 0 +1.332022580e+02 +4.221225804e+01 +4.221225804e+01
6487 0 +1.283416396e+02 +3.735163956e+01 +3.735163956e+01
6490 0 +1.256665253e+02 +3.467652532e+01 +3.467652532e+01
6569 0 +1.198127304e+02 +2.882273041e+01 +2.882273041e+01
6614 0 +1.153413169e+02 +2.435131692e+01 +2.435131692e+01
6679 0 +1.093753510e+02 +1.838535099e+01 +1.838535099e+01
6831 0 +1.068829165e+02 +1.589291653e+01 +1.589291653e+01
6865 0 +1.046625008e+02 +1.367250077e+01 +1.367250077e+01
6889 0 +1.017177104e+02 +1.072771038e+01 +1.072771038e+01
6989 0 +8.889762899e+01 -2.092371012e+00 -2.092371012e+00
