% f evaluations | g evaluations | best noise-free fitness - Fopt (3.590000000000e+01) + sum g_i+ | measured fitness | best measured fitness or single-digit g-values | x1 | x2...
1 0 +2.361987225e+05 +2.362346225e+05 +2.362346225e+05 -4.1794e-02 -1.8278e-02
3 0 +2.086930582e+05 +2.087289582e+05 +2.087289582e+05 +1.1204e-01 +6.4848e-02
6 0 +1.810063491e+05 +1.810422491e+05 +1.810422491e+05 +3.8547e-01 -1.1122e-02
31 0 +1.538116731e+05 +1.538475731e+05 +1.538475731e+05 +6.8081e-01 -1.9063e-01
36 0 +1.398875495e+05 +1.399234495e+05 +1.399234495e+05 +7.7880e-01 -1.5417e-01
37 0 +1.207929676e+05 +1.208288676e+05 +1.208288676e+05 +1.0068e+00 -1.9063e-01
55 0 +7.402389531e+04 +7.405979531e+04 +7.405979531e+04 +1.4484e+00 -6.2379e-02
61 0 +7.156737510e+04 +7.160327510e+04 +7.160327510e+04 +1.4484e+00 +1.4769e-04
79 0 +5.951902820e+04 +5.955492820e+04 +5.955492820e+04 +1.5899e+00 +4.2639e-01
93 0 +4.835528857e+04 +4.839118857e+04 +4.839118857e+04 +1.7535e+00 +2.8582e-01
104 0 +3.753706159e+00 +3.965370616e+01 +3.965370616e+01 +3.7073e+00 -1.1962e-01
150 0 +3.522984462e+00 +3.942298446e+01 +3.942298446e+01 +3.6223e+00 -5.7061e-01
152 0 +2.819879479e+00 +3.871987948e+01 +3.871987948e+01 +3.5677e+00 -2.6044e-01
155 0 +2.418478268e+00 +3.831847827e+01 +3.831847827e+01 +3.2342e+00 +1.3457e+00
217 0 +2.349297052e+00 +3.824929705e+01 +3.824929705e+01 +3.4672e+00 +3.2191e-01
220 0 +1.399488769e+00 +3.729948877e+01 +3.729948877e+01 +3.3179e+00 +1.4532e-01
276 0 +1.215914879e+00 +3.711591488e+01 +3.711591488e+01 +3.2357e+00 +6.9022e-01
277 0 +1.186684527e+00 +3.708668453e+01 +3.708668453e+01 +3.2437e+00 +5.9506e-01
320 0 +1.073187447e+00 +3.697318745e+01 +3.697318745e+01 +3.1297e+00 +1.0872e+00
391 0 +1.043133149e+00 +3.694313315e+01 +3.694313315e+01 +3.2285e+00 +5.7204e-01
393 0 +9.363542340e-01 +3.683635423e+01 +3.683635423e+01 +3.2127e+00 +6.0935e-01
395 0 +6.782151285e-01 +3.657821513e+01 +3.657821513e+01 +3.1246e+00 +6.6722e-01
410 0 +4.486761993e-01 +3.634867620e+01 +3.634867620e+01 +3.0626e+00 +5.8111e-01
423 0 +2.889284211e-01 +3.618892842e+01 +3.618892842e+01 +2.9835e+00 +6.7671e-01
429 0 +1.875162912e-01 +3.608751629e+01 +3.608751629e+01 +2.9468e+00 +9.8372e-01
540 0 +1.504036461e-01 +3.605040365e+01 +3.605040365e+01 +2.9278e+00 +8.2252e-01
562 0 +8.004282048e-02 +3.598004282e+01 +3.598004282e+01 +2.8850e+00 +9.0660e-01
683 0 +7.525272785e-02 +3.597525273e+01 +3.597525273e+01 +2.8641e+00 +9.0456e-01
778 0 +7.171773777e-02 +3.597171774e+01 +3.597171774e+01 +2.8691e+00 +9.1824e-01
798 0 +5.216580838e-02 +3.595216581e+01 +3.595216581e+01 +2.8584e+00 +9.3423e-01
800 0 +4.843713477e-02 +3.594843713e+01 +3.594843713e+01 +2.8569e+00 +9.3983e-01
827 0 +4.592133581e-02 +3.594592134e+01 +3.594592134e+01 +2.8629e+00 +9.6407e-01
863 0 +2.950659497e-02 +3.592950659e+01 +3.592950659e+01 +2.8401e+00 +9.9172e-01
919 0 +2.373706572e-02 +3.592373707e+01 +3.592373707e+01 +2.8276e+00 +9.9650e-01
920 0 +1.557007038e-02 +3.591557007e+01 +3.591557007e+01 +2.8239e+00 +1.0352e+00
944 0 +1.165268372e-02 +3.591165268e+01 +3.591165268e+01 +2.8017e+00 +1.0611e+00
948 0 +1.563216264e-03 +3.590156322e+01 +3.590156322e+01 +2.7937e+00 +1.1015e+00
1187 0 +1.035173075e-03 +3.590103517e+01 +3.590103517e+01 +2.7914e+00 +1.0987e+00
1189 0 +5.116688212e-04 +3.590051167e+01 +3.590051167e+01 +2.7882e+00 +1.1042e+00
1378 0 +3.566785907e-04 +3.590035668e+01 +3.590035668e+01 +2.7871e+00 +1.1055e+00
1380 0 +2.640315761e-04 +3.590026403e+01 +3.590026403e+01 +2.7854e+00 +1.1046e+00
1400 0 +8.149183110e-05 +3.590008149e+01 +3.590008149e+01 +2.7838e+00 +1.1118e+00
1423 0 +5.937257740e-05 +3.590005937e+01 +3.590005937e+01 +2.7836e+00 +1.1115e+00
1474 0 +1.463272734e-05 +3.590001463e+01 +3.590001463e+01 +2.7824e+00 +1.1120e+00
1569 0 +1.089866977e-06 +3.590000109e+01 +3.590000109e+01 +2.7817e+00 +1.1137e+00
1783 0 +9.192284267e-07 +3.590000092e+01 +3.590000092e+01 +2.7818e+00 +1.1134e+00
1829 0 +8.723550593e-08 +3.590000009e+01 +3.590000009e+01 +2.7816e+00 +1.1136e+00
2026 0 +3.181792607e-08 +3.590000003e+01 +3.590000003e+01 +2.7816e+00 +1.1135e+00
2047 0 +2.700802781e-08 +3.590000003e+01 +3.590000003e+01 +2.7816e+00 +1.1136e+00
2091 0 +1.797207005e-08 +3.590000002e+01 +3.590000002e+01 +2.7816e+00 +1.1136e+00
2145 0 +5.854175811e-09 +3.590000001e+01 +3.590000001e+01 +2.7816e+00 +1.1136e+00
% f evaluations | g evaluations | best noise-free fitness - Fopt (3.137000000000e+01) + sum g_i+ | measured fitness | best measured fitness or single-digit g-values | x1 | x2...
1 0 +1.109946390e+04 +1.113083390e+04 +1.113083390e+04 -1.4797e-02 +1.0272e-01
2 0 +7.929354974e+03 +7.960724974e+03 +7.960724974e+03 +2.9529e-01 +2.4106e-01
17 0 +7.523678810e+03 +7.555048810e+03 +7.555048810e+03 +1.8340e-01 +3.2094e-01
31 0 +5.919699401e+03 +5.951069401e+03 +5.951069401e+03 +4.2706e-01 +4.7790e-01
35 0 +2.665184293e+03 +2.696554293e+03 +2.696554293e+03 +7.4025e-01 +7.5925e-01
80 0 +7.422719736e+02 +7.736419736e+02 +7.736419736e+02 +1.3340e+00 +9.4773e-01
87 0 +3.969010733e+02 +4.282710733e+02 +4.282710733e+02 +1.3340e+00 +1.0658e+00
131 0 +1.998990113e+02 +2.312690113e+02 +2.312690113e+02 +1.8038e+00 +9.9410e-01
151 0 +5.752339301e+01 +8.889339301e+01 +8.889339301e+01 +2.7462e+00 +1.8795e+00
153 0 +4.682354392e+01 +7.819354392e+01 +7.819354392e+01 +2.4883e+00 +1.2418e+00
169 0 +4.591764155e+01 +7.728764155e+01 +7.728764155e+01 +2.4264e+00 +1.6344e+00
171 0 +4.386171943e+01 +7.523171943e+01 +7.523171943e+01 +2.3718e+00 +1.2094e+00
177 0 +3.770611158e+01 +6.907611158e+01 +6.907611158e+01 +2.1040e+00 +1.3668e+00
203 0 +2.982337413e+01 +6.119337413e+01 +6.119337413e+01 +1.9003e+00 +1.3266e+00
205 0 +2.384082003e+01 +5.521082003e+01 +5.521082003e+01 +1.6407e+00 +1.4944e+00
211 0 +2.120198956e+01 +5.257198956e+01 +5.257198956e+01 +1.3940e+00 +1.8001e+00
217 0 +1.179667249e+01 +4.316667249e+01 +4.316667249e+01 +9.5017e-01 +1.5548e+00
223 0 +2.760170168e+00 +3.413017017e+01 +3.413017017e+01 +2.8509e-01 +1.9873e+00
324 0 +1.415654723e-01 +3.151156547e+01 +3.151156547e+01 -2.6265e-01 +2.2011e+00
539 0 +1.393426457e-01 +3.150934265e+01 +3.150934265e+01 -2.0928e-01 +2.0955e+00
543 0 +8.052698099e-02 +3.145052698e+01 +3.145052698e+01 -2.1093e-01 +2.0102e+00
588 0 +7.401263279e-02 +3.144401263e+01 +3.144401263e+01 -2.0664e-01 +1.9437e+00
621 0 +3.066507471e-02 +3.140066507e+01 +3.140066507e+01 -2.4021e-01 +1.9738e+00
651 0 +5.171369003e-03 +3.137517137e+01 +3.137517137e+01 -2.5886e-01 +1.9239e+00
802 0 +1.104759045e-03 +3.137110476e+01 +3.137110476e+01 -2.6458e-01 +1.8947e+00
873 0 +9.192190032e-04 +3.137091922e+01 +3.137091922e+01 -2.6610e-01 +1.9013e+00
1136 0 +5.972212532e-05 +3.137005972e+01 +3.137005972e+01 -2.7058e-01 +1.8970e+00
1235 0 +5.710690276e-05 +3.137005711e+01 +3.137005711e+01 -2.7193e-01 +1.9010e+00
1393 0 +5.373112604e-05 +3.137005373e+01 +3.137005373e+01 -2.7219e-01 +1.9009e+00
1407 0 +4.671673527e-05 +3.137004672e+01 +3.137004672e+01 -2.7099e-01 +1.8982e+00
1424 0 +1.599947968e-05 +3.137001600e+01 +3.137001600e+01 -2.7151e-01 +1.8980e+00
1492 0 +3.983203563e-06 +3.137000398e+01 +3.137000398e+01 -2.7182e-01 +1.8975e+00
1549 0 +1.721967745e-06 +3.137000172e+01 +3.137000172e+01 -2.7183e-01 +1.8970e+00
1747 0 +9.388035096e-07 +3.137000094e+01 +3.137000094e+01 -2.7193e-01 +1.8971e+00
1765 0 +6.858833679e-07 +3.137000069e+01 +3.137000069e+01 -2.7188e-01 +1.8968e+00
1836 0 +4.532953213e-07 +3.137000045e+01 +3.137000045e+01 -2.7194e-01 +1.8970e+00
1853 0 +1.915256043e-07 +3.137000019e+01 +3.137000019e+01 -2.7196e-01 +1.8969e+00
1905 0 +1.013434527e-07 +3.137000010e+01 +3.137000010e+01 -2.7196e-01 +1.8968e+00
1941 0 +8.773734450e-08 +3.137000009e+01 +3.137000009e+01 -2.7200e-01 +1.8969e+00
1955 0 +8.463029388e-09 +3.137000001e+01 +3.137000001e+01 -2.7199e-01 +1.8968e+00
3078 0 +0.000000000e+00 +3.137000000e+01 +3.137000000e+01 -2.7200e-01 +1.8968e+00
% f evaluations | g evaluations | best noise-free fitness - Fopt (-1.000000000000e+03) + sum g_i+ | measured fitness | best measured fitness or single-digit g-values | x1 | x2...
1 0 +6.719677150e+04 +6.619677150e+04 +6.619677150e+04 -1.4331e-01 +1.7854e-01
2 0 +5.728828009e+04 +5.628828009e+04 +5.628828009e+04 +1.4161e-01 +1.4239e-01
4 0 +5.578737265e+04 +5.478737265e+04 +5.478737265e+04 +2.7563e-02 -9.8630e-02
6 0 +5.116479586e+04 +5.016479586e+04 +5.016479586e+04 +1.4020e-01 +2.2688e-02
15 0 +4.345544451e+04 +4.245544451e+04 +4.245544451e+04 +1.4161e-01 -1.0710e-01
33 0 +4.001611896e+04 +3.901611896e+04 +3.901611896e+04 +2.7067e-01 +6.0393e-02
36 0 +3.258041744e+04 +3.158041744e+04 +3.158041744e+04 +4.1986e-01 -9.5985e-02
57 0 +2.168080471e+04 +2.068080471e+04 +2.068080471e+04 +5.3193e-01 -2.1947e-01
63 0 +2.064107896e+04 +1.964107896e+04 +1.964107896e+04 +5.3045e-01 -2.6209e-01
79 0 +1.509816804e+04 +1.409816804e+04 +1.409816804e+04 +7.0177e-01 -2.8324e-01
84 0 +1.196350488e+04 +1.096350488e+04 +1.096350488e+04 +7.1597e-01 -4.1952e-01
103 0 +8.206321844e+00 -9.917936782e+02 -9.917936782e+02 +1.3681e+00 -6.2165e-01
182 0 +5.328607770e+00 -9.946713922e+02 -9.946713922e+02 +9.9832e-01 -1.2840e+00
% f evaluations | g evaluations | best noise-free fitness - Fopt (1.319200000000e+02) + sum g_i+ | measured fitness | best measured fitness or single-digit g-values | x1 | x2...
1 0 +1.532386892e+01 +1.472438689e+02 +1.472438689e+02 -2.1966e-01 +1.0697e-01
2 0 +1.433139253e+01 +1.462513925e+02 +1.462513925e+02 -7.4370e-02 +2.2170e-01
32 0 +1.266141713e+01 +1.445814171e+02 +1.445814171e+02 -1.9570e-01 +4.4838e-01
33 0 +1.255186546e+01 +1.444718655e+02 +1.444718655e+02 -4.4631e-01 +4.0348e-01
63 0 +1.229505943e+01 +1.442150594e+02 +1.442150594e+02 -6.5661e-01 +4.6927e-01
69 0 +1.166315966e+01 +1.435831597e+02 +1.435831597e+02 -6.5661e-01 +5.9222e-01
141 0 +1.118068468e+01 +1.431006847e+02 +1.431006847e+02 -9.5384e-01 +5.2480e-01
151 0 +7.748030874e+00 +1.396680309e+02 +1.396680309e+02 -9.9672e-01 +8.5726e-01
175 0 +6.766628563e+00 +1.386866286e+02 +1.386866286e+02 -1.3402e+00 +9.0441e-01
199 0 +2.968792683e+00 +1.348887927e+02 +1.348887927e+02 -2.3742e+00 +1.2366e+00
248 0 +1.391772839e+00 +1.333117728e+02 +1.333117728e+02 -2.8388e+00 +1.5106e+00
329 0 +7.839540588e-01 +1.327039541e+02 +1.327039541e+02 -3.5035e+00 +1.5371e+00
379 0 +2.032545758e-01 +1.321232546e+02 +1.321232546e+02 -3.6850e+00 +1.7451e+00
403 0 +5.733751579e-02 +1.319773375e+02 +1.319773375e+02 -3.8128e+00 +1.8328e+00
440 0 +1.117581944e-02 +1.319311758e+02 +1.319311758e+02 -3.9429e+00 +1.8767e+00
584 0 +1.381017287e-03 +1.319213810e+02 +1.319213810e+02 -3.9585e+00 +1.9019e+00
659 0 +1.206481575e-03 +1.319212065e+02 +1.319212065e+02 -3.9680e+00 +1.9006e+00
681 0 +1.480636793e-04 +1.319201481e+02 +1.319201481e+02 -3.9754e+00 +1.9079e+00
802 0 +1.488853809e-05 +1.319200149e+02 +1.319200149e+02 -3.9811e+00 +1.9096e+00
1233 0 +4.944213686e-06 +1.319200049e+02 +1.319200049e+02 -3.9817e+00 +1.9099e+00
1327 0 +3.232494748e-06 +1.319200032e+02 +1.319200032e+02 -3.9820e+00 +1.9100e+00
1328 0 +2.737160571e-06 +1.319200027e+02 +1.319200027e+02 -3.9821e+00 +1.9101e+00
1329 0 +2.384704800e-06 +1.319200024e+02 +1.319200024e+02 -3.9821e+00 +1.9101e+00
1352 0 +1.896105204e-06 +1.319200019e+02 +1.319200019e+02 -3.9819e+00 +1.9101e+00
1394 0 +1.101530302e-06 +1.319200011e+02 +1.319200011e+02 -3.9822e+00 +1.9102e+00
1427 0 +1.052656103e-06 +1.319200011e+02 +1.319200011e+02 -3.9822e+00 +1.9102e+00
1448 0 +6.440882316e-07 +1.319200006e+02 +1.319200006e+02 -3.9822e+00 +1.9103e+00
1476 0 +3.750209316e-07 +1.319200004e+02 +1.319200004e+02 -3.9822e+00 +1.9103e+00
1500 0 +1.288335341e-07 +1.319200001e+02 +1.319200001e+02 -3.9823e+00 +1.9103e+00
1599 0 +2.979106739e-08 +1.319200000e+02 +1.319200000e+02 -3.9824e+00 +1.9104e+00
1617 0 +1.124411142e-08 +1.319200000e+02 +1.319200000e+02 -3.9824e+00 +1.9104e+00
1715 0 +4.966665301e-09 +1.319200000e+02 +1.319200000e+02 -3.9824e+00 +1.9104e+00
2581 0 +0.000000000e+00 +1.319200000e+02 +1.319200000e+02 -3.9824e+00 +1.9104e+00
% f evaluations | g evaluations | best noise-free fitness - Fopt (5.908400000000e+02) + sum g_i+ | measured fitness | best measured fitness or single-digit g-values | x1 | x2...
1 0 +3.358617365e+04 +3.417701365e+04 +3.417701365e+04 +1.5843e-01 +1.2765e-01
2 0 +1.736385933e+04 +1.795469933e+04 +1.795469933e+04 -5.9588e-02 -2.4785e-01
4 0 +1.573536799e+04 +1.632620799e+04 +1.632620799e+04 -2.0664e-01 -1.6296e-01
6 0 +1.033801639e+04 +1.092885639e+04 +1.092885639e+04 -1.6400e-01 -4.7968e-01
37 0 +7.710086820e+03 +8.300926820e+03 +8.300926820e+03 -8.4803e-02 -6.9872e-01
57 0 +2.984524905e+03 +3.575364905e+03 +3.575364905e+03 -4.3482e-01 -7.0869e-01
75 0 +2.122448093e+03 +2.713288093e+03 +2.713288093e+03 -4.6559e-01 -7.3176e-01
79 0 +2.266512717e+01 +6.135051272e+02 +6.135051272e+02 -1.2661e+00 -6.1909e-01
83 0 +1.256386548e+01 +6.034038655e+02 +6.034038655e+02 -5.8738e-01 -1.4078e+00
211 0 +1.139705963e+01 +6.022370596e+02 +6.022370596e+02 -3.5623e-01 -1.7024e+00
225 0 +1.055584496e+01 +6.013958450e+02 +6.013958450e+02 -3.6161e-01 -1.4094e+00
233 0 +1.039436977e+01 +6.012343698e+02 +6.012343698e+02 -3.6161e-01 -1.3464e+00
259 0 +8.927634895e+00 +5.997676349e+02 +5.997676349e+02 -2.3903e-01 -1.6761e+00
266 0 +6.914205383e+00 +5.977542054e+02 +5.977542054e+02 -7.1368e-02 -1.6871e+00
271 0 +6.753268283e+00 +5.975932683e+02 +5.975932683e+02 +2.7553e-02 -2.0662e+00
295 0 +3.665558542e+00 +5.945055585e+02 +5.945055585e+02 +5.0698e-01 -2.6877e+00
313 0 +2.906599610e+00 +5.937465996e+02 +5.937465996e+02 +6.5018e-01 -2.8997e+00
322 0 +2.395835970e+00 +5.932358360e+02 +5.932358360e+02 +1.0798e+00 -3.7242e+00
324 0 +1.376097987e+00 +5.922160980e+02 +5.922160980e+02 +1.0891e+00 -3.4720e+00
362 0 +6.211071438e-01 +5.914611071e+02 +5.914611071e+02 +1.3208e+00 -3.6033e+00
447 0 +5.658237686e-01 +5.914058238e+02 +5.914058238e+02 +1.1936e+00 -3.3283e+00
463 0 +3.549953864e-01 +5.911949954e+02 +5.911949954e+02 +1.2643e+00 -3.3608e+00
511 0 +2.739826648e-01 +5.911139827e+02 +5.911139827e+02 +1.2034e+00 -3.0972e+00
516 0 +1.476043569e-01 +5.909876044e+02 +5.909876044e+02 +1.3039e+00 -3.2741e+00
565 0 +8.235378940e-02 +5.909223538e+02 +5.909223538e+02 +1.3983e+00 -3.4232e+00
578 0 +7.838066115e-02 +5.909183807e+02 +5.909183807e+02 +1.3477e+00 -3.2916e+00
632 0 +4.348226668e-02 +5.908834823e+02 +5.908834823e+02 +1.3640e+00 -3.2826e+00
657 0 +2.554091024e-02 +5.908655409e+02 +5.908655409e+02 +1.3881e+00 -3.3053e+00
708 0 +7.468009012e-03 +5.908474680e+02 +5.908474680e+02 +1.4433e+00 -3.3718e+00
713 0 +4.503801154e-04 +5.908404504e+02 +5.908404504e+02 +1.4461e+00 -3.3448e+00
833 0 +2.701215135e-04 +5.908402701e+02 +5.908402701e+02 +1.4411e+00 -3.3333e+00
943 0 +2.907875023e-05 +5.908400291e+02 +5.908400291e+02 +1.4449e+00 -3.3367e+00
1145 0 +2.548907889e-05 +5.908400255e+02 +5.908400255e+02 +1.4445e+00 -3.3356e+00
1187 0 +8.174893992e-06 +5.908400082e+02 +5.908400082e+02 +1.4452e+00 -3.3363e+00
1195 0 +1.807531589e-06 +5.908400018e+02 +5.908400018e+02 +1.4453e+00 -3.3356e+00
1295 0 +9.124770486e-07 +5.908400009e+02 +5.908400009e+02 +1.4456e+00 -3.3362e+00
1447 0 +2.667886747e-07 +5.908400003e+02 +5.908400003e+02 +1.4456e+00 -3.3362e+00
1453 0 +1.820448006e-07 +5.908400002e+02 +5.908400002e+02 +1.4456e+00 -3.3361e+00
1498 0 +1.633953843e-07 +5.908400002e+02 +5.908400002e+02 +1.4455e+00 -3.3360e+00
1523 0 +1.074140528e-07 +5.908400001e+02 +5.908400001e+02 +1.4455e+00 -3.3359e+00
1583 0 +8.254585282e-08 +5.908400001e+02 +5.908400001e+02 +1.4456e+00 -3.3360e+00
1592 0 +5.489357591e-08 +5.908400001e+02 +5.908400001e+02 +1.4456e+00 -3.3361e+00
1627 0 +8.010260899e-09 +5.908400000e+02 +5.908400000e+02 +1.4456e+00 -3.3360e+00
2574 0 +0.000000000e+00 +5.908400000e+02 +5.908400000e+02 +1.4456e+00 -3.3360e+00
% f evaluations | g evaluations | best noise-free fitness - Fopt (2.156100000000e+02) + sum g_i+ | measured fitness | best measured fitness or single-digit g-values | x1 | x2...
1 0 +1.002728351e+05 +1.004884451e+05 +1.004884451e+05 +1.3832e-01 +5.9459e-02
5 0 +7.956841714e+04 +7.978402714e+04 +7.978402714e+04 +1.9590e-01 +1.9258e-01
23 0 +7.049633901e+04 +7.071194901e+04 +7.071194901e+04 +1.9006e-01 +2.8096e-01
33 0 +6.272224671e+04 +6.293785671e+04 +6.293785671e+04 +6.3835e-01 +2.8137e-01
41 0 +6.013295232e+04 +6.034856232e+04 +6.034856232e+04 +6.3835e-01 +3.5381e-01
60 0 +4.084277799e+04 +4.105838799e+04 +4.105838799e+04 +5.6691e-01 +5.8351e-01
80 0 +3.343169482e+04 +3.364730482e+04 +3.364730482e+04 +8.0531e-01 +6.5880e-01
81 0 +3.209648990e+04 +3.231209990e+04 +3.231209990e+04 +8.6156e-01 +6.8229e-01
84 0 +3.080787987e+04 +3.102348987e+04 +3.102348987e+04 +6.7539e-01 +8.0016e-01
104 0 +1.193676050e+04 +1.215237050e+04 +1.215237050e+04 +8.6228e-01 +1.1157e+00
109 0 +1.011700695e+04 +1.033261695e+04 +1.033261695e+04 +7.6504e-01 +1.2228e+00
121 0 +9.403829775e+03 +9.619439775e+03 +9.619439775e+03 +7.6610e-01 +1.2415e+00
127 0 +1.229499326e+01 +2.279049933e+02 +2.279049933e+02 +9.2816e-01 +2.1005e+00
139 0 +1.173052370e+01 +2.273405237e+02 +2.273405237e+02 +8.0869e-01 +1.8217e+00
174 0 +1.146745935e+01 +2.270774594e+02 +2.270774594e+02 +7.6181e-01 +2.1399e+00
178 0 +7.764742632e+00 +2.233747426e+02 +2.233747426e+02 +4.6702e-02 +2.7993e+00
248 0 +6.801616519e+00 +2.224116165e+02 +2.224116165e+02 +9.4414e-02 +2.2471e+00
391 0 +6.468727977e+00 +2.220787280e+02 +2.220787280e+02 -5.4144e-02 +2.2755e+00
395 0 +6.452767381e+00 +2.220627674e+02 +2.220627674e+02 -5.3829e-02 +2.3514e+00
416 0 +4.993585233e+00 +2.206035852e+02 +2.206035852e+02 -4.7229e-01 +2.7911e+00
429 0 +4.290155377e+00 +2.199001554e+02 +2.199001554e+02 -7.1805e-01 +2.9724e+00
444 0 +4.057056441e+00 +2.196670564e+02 +2.196670564e+02 -8.3195e-01 +3.0513e+00
471 0 +2.337959611e+00 +2.179479596e+02 +2.179479596e+02 -1.1642e+00 +2.7821e+00
477 0 +2.029765756e+00 +2.176397658e+02 +2.176397658e+02 -1.2469e+00 +2.8737e+00
490 0 +7.744933567e-01 +2.163844934e+02 +2.163844934e+02 -1.7486e+00 +3.1266e+00
514 0 +4.157605095e-01 +2.160257605e+02 +2.160257605e+02 -2.4845e+00 +3.6329e+00
540 0 +1.662550764e-01 +2.157762551e+02 +2.157762551e+02 -2.3240e+00 +3.4370e+00
560 0 +1.389888730e-01 +2.157489889e+02 +2.157489889e+02 -2.3515e+00 +3.4327e+00
567 0 +2.229804309e-02 +2.156322980e+02 +2.156322980e+02 -2.4738e+00 +3.4327e+00
728 0 +1.897632605e-02 +2.156289763e+02 +2.156289763e+02 -2.4668e+00 +3.4074e+00
900 0 +9.007072049e-03 +2.156190071e+02 +2.156190071e+02 -2.4992e+00 +3.4234e+00
918 0 +8.836770525e-03 +2.156188368e+02 +2.156188368e+02 -2.5004e+00 +3.4223e+00
969 0 +7.474538489e-03 +2.156174745e+02 +2.156174745e+02 -2.5089e+00 +3.4266e+00
991 0 +6.412896376e-03 +2.156164129e+02 +2.156164129e+02 -2.5129e+00 +3.4318e+00
992 0 +1.471295605e-03 +2.156114713e+02 +2.156114713e+02 -2.5479e+00 +3.4492e+00
1041 0 +1.018966245e-03 +2.156110190e+02 +2.156110190e+02 -2.5503e+00 +3.4486e+00
1067 0 +3.118290299e-04 +2.156103118e+02 +2.156103118e+02 -2.5623e+00 +3.4532e+00
1175 0 +2.737683470e-04 +2.156102738e+02 +2.156102738e+02 -2.5573e+00 +3.4486e+00
1202 0 +1.228497072e-04 +2.156101228e+02 +2.156101228e+02 -2.5605e+00 +3.4487e+00
1213 0 +5.432920796e-05 +2.156100543e+02 +2.156100543e+02 -2.5626e+00 +3.4494e+00
1282 0 +9.962010495e-06 +2.156100100e+02 +2.156100100e+02 -2.5654e+00 +3.4512e+00
1527 0 +1.552724029e-06 +2.156100016e+02 +2.156100016e+02 -2.5659e+00 +3.4511e+00
1638 0 +1.179866445e-07 +2.156100001e+02 +2.156100001e+02 -2.5663e+00 +3.4512e+00
1644 0 +2.976827318e-08 +2.156100000e+02 +2.156100000e+02 -2.5663e+00 +3.4512e+00
1930 0 +5.779270396e-09 +2.156100000e+02 +2.156100000e+02 -2.5664e+00 +3.4512e+00
3058 0 +0.000000000e+00 +2.156100000e+02 +2.156100000e+02 -2.5664e+00 +3.4512e+00
% f evaluations | g evaluations | best noise-free fitness - Fopt (1.936900000000e+02) + sum g_i+ | measured fitness | best measured fitness or single-digit g-values | x1 | x2...
1 0 +2.609974221e+01 +2.197897422e+02 +2.197897422e+02 -1.1974e-01 -4.1599e-02
2 0 +2.433086433e+01 +2.180208643e+02 +2.180208643e+02 -1.9430e-01 +1.2204e-01
6 0 +2.362964363e+01 +2.173196436e+02 +2.173196436e+02 -8.4387e-03 +1.0815e-01
35 0 +2.310503605e+01 +2.167950360e+02 +2.167950360e+02 -1.2111e-01 +2.8480e-01
55 0 +2.279404620e+01 +2.164840462e+02 +2.164840462e+02 -5.2024e-02 +2.8266e-01
56 0 +2.194838254e+01 +2.156383825e+02 +2.156383825e+02 +1.0774e-01 +2.5658e-01
61 0 +2.021579591e+01 +2.139057959e+02 +2.139057959e+02 +1.4604e-01 +3.1976e-01
65 0 +1.912850102e+01 +2.128185010e+02 +2.128185010e+02 +1.6519e-01 +3.5135e-01
81 0 +1.818878681e+01 +2.118787868e+02 +2.118787868e+02 +3.3807e-01 +2.9391e-01
82 0 +1.494006006e+01 +2.086300601e+02 +2.086300601e+02 +7.0937e-02 +5.6212e-01
103 0 +1.198592831e+01 +2.056759283e+02 +2.056759283e+02 +1.6563e-01 +8.8381e-01
109 0 +8.536866920e+00 +2.022268669e+02 +2.022268669e+02 +1.6563e-01 +1.0973e+00
132 0 +6.697424062e+00 +2.003874241e+02 +2.003874241e+02 -7.5024e-02 +1.4149e+00
152 0 +4.454507793e+00 +1.981445078e+02 +1.981445078e+02 +4.3903e-01 +1.6293e+00
177 0 +3.851643055e+00 +1.975416431e+02 +1.975416431e+02 +4.3310e-01 +1.8328e+00
199 0 +3.421603495e+00 +1.971116035e+02 +1.971116035e+02 +3.0109e-01 +1.8907e+00
223 0 +3.277645020e+00 +1.969676450e+02 +1.969676450e+02 +3.1099e-01 +1.9534e+00
227 0 +2.825354289e+00 +1.965153543e+02 +1.965153543e+02 -6.2214e-02 +1.9696e+00
251 0 +2.551435623e+00 +1.962414356e+02 +1.962414356e+02 +7.5574e-02 +2.1001e+00
307 0 +2.350013168e+00 +1.960400132e+02 +1.960400132e+02 -2.2692e-01 +2.1428e+00
322 0 +2.175656535e+00 +1.958656565e+02 +1.958656565e+02 -1.1398e-02 +2.2625e+00
346 0 +1.410491150e+00 +1.951004911e+02 +1.951004911e+02 -2.0451e-01 +2.4158e+00
465 0 +1.354625648e+00 +1.950446256e+02 +1.950446256e+02 -2.9087e-01 +2.4668e+00
511 0 +1.275143047e+00 +1.949651430e+02 +1.949651430e+02 -3.6124e-01 +2.4904e+00
561 0 +9.333156409e-01 +1.946233156e+02 +1.946233156e+02 -4.4223e-01 +2.5659e+00
562 0 +7.937026631e-01 +1.944837027e+02 +1.944837027e+02 -4.4692e-01 +2.6416e+00
588 0 +6.189785514e-01 +1.943089786e+02 +1.943089786e+02 -6.1651e-01 +2.7268e+00
589 0 +4.848447232e-01 +1.941748447e+02 +1.941748447e+02 -6.6080e-01 +2.7677e+00
609 0 +3.999211211e-01 +1.940899211e+02 +1.940899211e+02 -6.9075e-01 +2.8369e+00
633 0 +3.935156023e-01 +1.940835156e+02 +1.940835156e+02 -7.0711e-01 +2.8329e+00
703 0 +2.563599366e-01 +1.939463599e+02 +1.939463599e+02 -8.1398e-01 +2.9129e+00
708 0 +2.135243365e-01 +1.939035243e+02 +1.939035243e+02 -8.4254e-01 +2.9475e+00
754 0 +1.448343620e-01 +1.938348344e+02 +1.938348344e+02 -9.2225e-01 +3.0011e+00
778 0 +1.258329048e-01 +1.938158329e+02 +1.938158329e+02 -9.1500e-01 +3.0419e+00
825 0 +8.036464255e-02 +1.937703646e+02 +1.937703646e+02 -9.7436e-01 +3.0608e+00
827 0 +4.519708002e-02 +1.937351971e+02 +1.937351971e+02 -1.0240e+00 +3.1031e+00
845 0 +1.466086234e-02 +1.937046609e+02 +1.937046609e+02 -1.0839e+00 +3.1688e+00
970 0 +1.362679434e-02 +1.937036268e+02 +1.937036268e+02 -1.0832e+00 +3.1746e+00
1025 0 +1.068912214e-02 +1.937006891e+02 +1.937006891e+02 -1.0896e+00 +3.1808e+00
1088 0 +1.001090423e-02 +1.937000109e+02 +1.937000109e+02 -1.0961e+00 +3.1786e+00
1114 0 +9.000522236e-03 +1.936990005e+02 +1.936990005e+02 -1.1029e+00 +3.1814e+00
1135 0 +4.650355791e-03 +1.936946504e+02 +1.936946504e+02 -1.1155e+00 +3.1991e+00
1153 0 +4.002834926e-03 +1.936940028e+02 +1.936940028e+02 -1.1194e+00 +3.2032e+00
1161 0 +4.671220107e-04 +1.936904671e+02 +1.936904671e+02 -1.1438e+00 +3.2242e+00
1202 0 +3.002372108e-05 +1.936900300e+02 +1.936900300e+02 -1.1507e+00 +3.2316e+00
1540 0 +1.574630625e-05 +1.936900157e+02 +1.936900157e+02 -1.1510e+00 +3.2322e+00
1629 0 +9.223818637e-06 +1.936900092e+02 +1.936900092e+02 -1.1510e+00 +3.2325e+00
1639 0 +4.227611583e-06 +1.936900042e+02 +1.936900042e+02 -1.1518e+00 +3.2330e+00
1692 0 +2.499311762e-06 +1.936900025e+02 +1.936900025e+02 -1.1521e+00 +3.2333e+00
1713 0 +9.321567802e-07 +1.936900009e+02 +1.936900009e+02 -1.1517e+00 +3.2333e+00
1823 0 +5.908103162e-07 +1.936900006e+02 +1.936900006e+02 -1.1518e+00 +3.2334e+00
2052 0 +5.700142367e-07 +1.936900006e+02 +1.936900006e+02 -1.1517e+00 +3.2334e+00
2120 0 +4.809519112e-07 +1.936900005e+02 +1.936900005e+02 -1.1518e+00 +3.2334e+00
2145 0 +3.749073869e-07 +1.936900004e+02 +1.936900004e+02 -1.1518e+00 +3.2334e+00
2159 0 +3.325933733e-07 +1.936900003e+02 +1.936900003e+02 -1.1518e+00 +3.2334e+00
2167 0 +3.221344684e-07 +1.936900003e+02 +1.936900003e+02 -1.1518e+00 +3.2334e+00
2169 0 +3.091695930e-07 +1.936900003e+02 +1.936900003e+02 -1.1518e+00 +3.2334e+00
2192 0 +1.920445527e-07 +1.936900002e+02 +1.936900002e+02 -1.1519e+00 +3.2335e+00
2216 0 +1.091340209e-07 +1.936900001e+02 +1.936900001e+02 -1.1519e+00 +3.2335e+00
2263 0 +3.348208111e-08 +1.936900000e+02 +1.936900000e+02 -1.1520e+00 +3.2336e+00
2289 0 +2.794382681e-08 +1.936900000e+02 +1.936900000e+02 -1.1520e+00 +3.2336e+00
2297 0 +1.089748025e-08 +1.936900000e+02 +1.936900000e+02 -1.1520e+00 +3.2336e+00
2362 0 +1.792216153e-09 +1.936900000e+02 +1.936900000e+02 -1.1520e+00 +3.2336e+00
3251 0 +0.000000000e+00 +1.936900000e+02 +1.936900000e+02 -1.1520e+00 +3.2336e+00
% f evaluations | g evaluations | best noise-free fitness - Fopt (3.513000000000e+01) + sum g_i+ | measured fitness | best measured fitness or single-digit g-values | x1 | x2...
1 0 +1.206998881e+05 +1.207350181e+05 +1.207350181e+05 -1.1912e-01 +3.0179e-01
2 0 +1.200561429e+05 +1.200912729e+05 +1.200912729e+05 -5.9716e-02 +6.6132e-02
4 0 +1.165318529e+05 +1.165669829e+05 +1.165669829e+05 +1.5742e-02 +7.5146e-02
17 0 +1.079747040e+05 +1.080098340e+05 +1.080098340e+05 +8.9991e-02 +5.0072e-01
34 0 +9.607755392e+04 +9.611268392e+04 +9.611268392e+04 +2.3356e-01 +4.2750e-01
35 0 +9.058154463e+04 +9.061667463e+04 +9.061667463e+04 +3.0562e-01 +3.0650e-01
39 0 +7.341487684e+04 +7.345000684e+04 +7.345000684e+04 +4.2227e-01 +5.1233e-01
56 0 +7.054699002e+04 +7.058212002e+04 +7.058212002e+04 +4.9278e-01 +3.3140e-01
57 0 +6.629428683e+04 +6.632941683e+04 +6.632941683e+04 +6.9671e-01 -3.4044e-01
59 0 +6.406236824e+04 +6.409749824e+04 +6.409749824e+04 +6.0808e-01 +4.8769e-01
85 0 +5.462923269e+04 +5.466436269e+04 +5.466436269e+04 +9.5345e-01 +8.3157e-02
91 0 +4.174512500e+04 +4.178025500e+04 +4.178025500e+04 +9.2684e-01 +8.9311e-01
93 0 +7.513859504e+03 +7.548989504e+03 +7.548989504e+03 +1.8503e+00 +9.4434e-01
104 0 +4.822469775e+03 +4.857599775e+03 +4.857599775e+03 +1.9943e+00 +8.8744e-01
106 0 +3.741565117e+03 +3.776695117e+03 +3.776695117e+03 +2.5534e+00 +3.4838e-01
124 0 +2.111634511e+03 +2.146764511e+03 +2.146764511e+03 +2.3651e+00 +3.9592e-01
154 0 +2.268233484e+00 +3.739823348e+01 +3.739823348e+01 +2.1790e+00 +2.3778e+00
172 0 +6.616841560e-01 +3.579168416e+01 +3.579168416e+01 +2.4158e+00 +1.8901e+00
283 0 +5.648296604e-01 +3.569482966e+01 +3.569482966e+01 +2.5829e+00 +1.6395e+00
364 0 +2.542147243e-01 +3.538421472e+01 +3.538421472e+01 +2.4658e+00 +1.5728e+00
441 0 +2.312240576e-01 +3.536122406e+01 +3.536122406e+01 +2.4114e+00 +1.5696e+00
464 0 +2.061060232e-01 +3.533610602e+01 +3.533610602e+01 +2.3953e+00 +1.5396e+00
507 0 +1.778645964e-01 +3.530786460e+01 +3.530786460e+01 +2.3652e+00 +1.4866e+00
511 0 +1.727579958e-01 +3.530275800e+01 +3.530275800e+01 +2.4594e+00 +1.4884e+00
537 0 +1.395446085e-01 +3.526954461e+01 +3.526954461e+01 +2.4199e+00 +1.4529e+00
541 0 +2.206535854e-02 +3.515206536e+01 +3.515206536e+01 +2.4245e+00 +1.2275e+00
561 0 +3.476005987e-03 +3.513347601e+01 +3.513347601e+01 +2.4057e+00 +1.1683e+00
669 0 +2.544589653e-03 +3.513254459e+01 +3.513254459e+01 +2.4037e+00 +1.1648e+00
845 0 +1.141586973e-03 +3.513114159e+01 +3.513114159e+01 +2.3998e+00 +1.1534e+00
919 0 +1.112775572e-03 +3.513111278e+01 +3.513111278e+01 +2.3965e+00 +1.1523e+00
921 0 +2.290843229e-04 +3.513022908e+01 +3.513022908e+01 +2.3976e+00 +1.1395e+00
983 0 +2.173658931e-04 +3.513021737e+01 +3.513021737e+01 +2.3995e+00 +1.1380e+00
1088 0 +7.549860511e-05 +3.513007550e+01 +3.513007550e+01 +2.3972e+00 +1.1351e+00
1095 0 +6.439064870e-05 +3.513006439e+01 +3.513006439e+01 +2.3980e+00 +1.1351e+00
1163 0 +2.957408905e-05 +3.513002957e+01 +3.513002957e+01 +2.3980e+00 +1.1333e+00
1209 0 +1.857756001e-05 +3.513001858e+01 +3.513001858e+01 +2.3975e+00 +1.1328e+00
1234 0 +1.512208719e-05 +3.513001512e+01 +3.513001512e+01 +2.3981e+00 +1.1319e+00
1256 0 +1.241482803e-05 +3.513001241e+01 +3.513001241e+01 +2.3978e+00 +1.1322e+00
1307 0 +5.507532080e-06 +3.513000551e+01 +3.513000551e+01 +2.3976e+00 +1.1316e+00
1349 0 +3.311740706e-06 +3.513000331e+01 +3.513000331e+01 +2.3978e+00 +1.1312e+00
1407 0 +3.004290335e-06 +3.513000300e+01 +3.513000300e+01 +2.3977e+00 +1.1312e+00
1424 0 +5.270573524e-07 +3.513000053e+01 +3.513000053e+01 +2.3976e+00 +1.1307e+00
1524 0 +2.748823604e-07 +3.513000027e+01 +3.513000027e+01 +2.3977e+00 +1.1306e+00
1543 0 +1.912670839e-07 +3.513000019e+01 +3.513000019e+01 +2.3977e+00 +1.1305e+00
1567 0 +1.898855686e-07 +3.513000019e+01 +3.513000019e+01 +2.3976e+00 +1.1306e+00
1592 0 +1.031496026e-07 +3.513000010e+01 +3.513000010e+01 +2.3976e+00 +1.1305e+00
1620 0 +1.698840180e-08 +3.513000002e+01 +3.513000002e+01 +2.3976e+00 +1.1304e+00
1644 0 +1.260898586e-08 +3.513000001e+01 +3.513000001e+01 +2.3976e+00 +1.1304e+00
1692 0 +1.096582736e-08 +3.513000001e+01 +3.513000001e+01 +2.3976e+00 +1.1304e+00
1707 0 +2.077001682e-09 +3.513000000e+01 +3.513000000e+01 +2.3976e+00 +1.1304e+00
2813 0 +0.000000000e+00 +3.513000000e+01 +3.513000000e+01 +2.3976e+00 +1.1304e+00
% f evaluations | g evaluations | best noise-free fitness - Fopt (-2.279900000000e+02) + sum g_i+ | measured fitness | best measured fitness or single-digit g-values | x1 | x2...
1 0 +1.976632631e+04 +1.953833631e+04 +1.953833631e+04 -1.6744e-01 -3.4813e-02
2 0 +2.585490325e+03 +2.357500325e+03 +2.357500325e+03 +3.5118e-01 -2.5915e-01
5 0 +2.016102165e+03 +1.788112165e+03 +1.788112165e+03 +4.2215e-01 -9.8268e-02
32 0 +5.738629196e+02 +3.458729196e+02 +3.458729196e+02 +5.5240e-01 -8.2116e-02
36 0 +2.222641676e+02 -5.725832396e+00 -5.725832396e+00 +5.6080e-01 -2.1155e-01
157 0 +2.162322716e+02 -1.175772845e+01 -1.175772845e+01 +5.7206e-01 -1.7888e-01
238 0 +1.808744408e+02 -4.711555918e+01 -4.711555918e+01 +5.2592e-01 -3.9403e-01
243 0 +4.721039477e-01 -2.275178961e+02 -2.275178961e+02 +6.4970e-01 -2.6038e-01
% f evaluations | g evaluations | best noise-free fitness - Fopt (-2.186000000000e+01) + sum g_i+ | measured fitness | best measured fitness or single-digit g-values | x1 | x2...
1 0 +7.215096643e+04 +7.212910643e+04 +7.212910643e+04 +6.3081e-02 +2.3717e-01
3 0 +6.608495391e+04 +6.606309391e+04 +6.606309391e+04 -3.7846e-01 +2.0486e-01
33 0 +5.506030498e+04 +5.503844498e+04 +5.503844498e+04 -2.1360e-01 +5.6410e-01
60 0 +4.917188510e+04 +4.915002510e+04 +4.915002510e+04 -5.7702e-01 +5.2004e-01
80 0 +3.831610735e+04 +3.829424735e+04 +3.829424735e+04 -3.2910e-01 +7.0520e-01
89 0 +2.665752995e+04 +2.663566995e+04 +2.663566995e+04 -1.0009e+00 +8.3842e-01
127 0 +6.325312342e+03 +6.303452342e+03 +6.303452342e+03 -9.1971e-01 +1.4610e+00
133 0 +3.558311198e+03 +3.536451198e+03 +3.536451198e+03 -1.3911e+00 +1.4610e+00
139 0 +9.661847391e+01 +7.475847391e+01 +7.475847391e+01 -1.5012e+00 +1.7241e+00
153 0 +1.287950683e-02 -2.184712049e+01 -2.184712049e+01 -1.7287e+00 +1.7305e+00
161 0 +1.125342006e-02 -2.184874658e+01 -2.184874658e+01 -1.7287e+00 +1.7241e+00
% f evaluations | g evaluations | best noise-free fitness - Fopt (-5.762300000000e+02) + sum g_i+ | measured fitness | best measured fitness or single-digit g-values | x1 | x2...
1 0 +6.449771893e+04 +6.392148893e+04 +6.392148893e+04 -8.1867e-02 +1.5785e-01
2 0 +6.367834501e+04 +6.310211501e+04 +6.310211501e+04 -2.2463e-01 +1.5369e-01
5 0 +6.236122663e+04 +6.178499663e+04 +6.178499663e+04 -2.4398e-01 -1.6809e-01
34 0 +6.074072582e+04 +6.016449582e+04 +6.016449582e+04 -3.8046e-01 -1.9365e-01
35 0 +5.840383227e+04 +5.782760227e+04 +5.782760227e+04 -4.0426e-01 -3.1289e-01
39 0 +5.681353796e+04 +5.623730796e+04 +5.623730796e+04 -4.4910e-01 -3.3972e-01
41 0 +5.230256947e+04 +5.172633947e+04 +5.172633947e+04 -5.2830e-01 -4.2873e-01
77 0 +4.966705565e+04 +4.909082565e+04 +4.909082565e+04 -2.5332e-01 -8.1650e-01
80 0 +3.489534621e+04 +3.431911621e+04 +3.431911621e+04 -6.9249e-01 -1.0384e+00
82 0 +3.155441962e+04 +3.097818962e+04 +3.097818962e+04 -1.3385e+00 -9.6086e-01
91 0 +2.641735405e+04 +2.584112405e+04 +2.584112405e+04 -1.3385e+00 -1.2576e+00
106 0 +1.916837234e+04 +1.859214234e+04 +1.859214234e+04 -1.3366e+00 -1.7648e+00
115 0 +1.303354699e+04 +1.245731699e+04 +1.245731699e+04 -1.9955e+00 -1.7648e+00
132 0 +4.462227241e+01 -5.316077276e+02 -5.316077276e+02 -5.1847e+00 -2.0597e+00
151 0 +7.384808010e-01 -5.754915192e+02 -5.754915192e+02 -3.3899e+00 -4.1000e+00
165 0 +4.092191232e-01 -5.758207809e+02 -5.758207809e+02 -3.0144e+00 -3.8033e+00
% f evaluations | g evaluations | best noise-free fitness - Fopt (7.936000000000e+01) + sum g_i+ | measured fitness | best measured fitness or single-digit g-values | x1 | x2...
1 0 +5.952667816e+00 +8.531266782e+01 +8.531266782e+01 +3.7002e-01 -2.4475e-01
2 0 +4.449163352e+00 +8.380916335e+01 +8.380916335e+01 +1.2049e-01 +1.1262e-02
3 0 +3.869741411e+00 +8.322974141e+01 +8.322974141e+01 -1.0920e-01 -5.2610e-02
4 0 +2.940274046e+00 +8.230027405e+01 +8.230027405e+01 -2.7572e-01 +1.7477e-01
53 0 +2.614190644e+00 +8.197419064e+01 +8.197419064e+01 -4.6098e-01 +1.8839e-01
58 0 +2.545755470e+00 +8.190575547e+01 +8.190575547e+01 -3.8064e-01 +4.2186e-01
83 0 +1.367906346e+00 +8.072790635e+01 +8.072790635e+01 -7.6912e-01 +6.6103e-01
85 0 +6.492600088e-01 +8.000926001e+01 +8.000926001e+01 -1.1181e+00 +8.6458e-01
172 0 +5.717648649e-01 +7.993176486e+01 +7.993176486e+01 -1.2521e+00 +1.1947e+00
211 0 +1.415462885e-01 +7.950154629e+01 +7.950154629e+01 -1.4982e+00 +1.2713e+00
345 0 +8.206536151e-02 +7.944206536e+01 +7.944206536e+01 -1.6107e+00 +1.3639e+00
368 0 +6.045833736e-02 +7.942045834e+01 +7.942045834e+01 -1.6240e+00 +1.3539e+00
388 0 +1.893155391e-02 +7.937893155e+01 +7.937893155e+01 -1.6535e+00 +1.3376e+00
391 0 +1.336739074e-02 +7.937336739e+01 +7.937336739e+01 -1.6766e+00 +1.3479e+00
535 0 +2.721753023e-03 +7.936272175e+01 +7.936272175e+01 -1.6745e+00 +1.3172e+00
553 0 +1.864368026e-03 +7.936186437e+01 +7.936186437e+01 -1.6818e+00 +1.3209e+00
676 0 +2.678662320e-04 +7.936026787e+01 +7.936026787e+01 -1.6992e+00 +1.3372e+00
804 0 +1.414080527e-04 +7.936014141e+01 +7.936014141e+01 -1.7002e+00 +1.3362e+00
825 0 +1.406397439e-04 +7.936014064e+01 +7.936014064e+01 -1.7010e+00 +1.3377e+00
831 0 +1.138455933e-04 +7.936011385e+01 +7.936011385e+01 -1.7006e+00 +1.3361e+00
851 0 +4.379131876e-05 +7.936004379e+01 +7.936004379e+01 -1.7036e+00 +1.3389e+00
867 0 +2.984378506e-05 +7.936002984e+01 +7.936002984e+01 -1.7040e+00 +1.3390e+00
874 0 +2.480207966e-05 +7.936002480e+01 +7.936002480e+01 -1.7044e+00 +1.3392e+00
883 0 +2.148679869e-05 +7.936002149e+01 +7.936002149e+01 -1.7037e+00 +1.3382e+00
896 0 +3.699551598e-06 +7.936000370e+01 +7.936000370e+01 -1.7048e+00 +1.3387e+00
1017 0 +1.502249617e-06 +7.936000150e+01 +7.936000150e+01 -1.7052e+00 +1.3390e+00
1045 0 +7.968766056e-07 +7.936000080e+01 +7.936000080e+01 -1.7053e+00 +1.3390e+00
1064 0 +7.154966113e-07 +7.936000072e+01 +7.936000072e+01 -1.7054e+00 +1.3392e+00
1135 0 +1.895494108e-07 +7.936000019e+01 +7.936000019e+01 -1.7055e+00 +1.3392e+00
1257 0 +8.427075215e-08 +7.936000008e+01 +7.936000008e+01 -1.7055e+00 +1.3392e+00
1273 0 +7.848858274e-08 +7.936000008e+01 +7.936000008e+01 -1.7055e+00 +1.3391e+00
1407 0 +6.659763585e-08 +7.936000007e+01 +7.936000007e+01 -1.7055e+00 +1.3391e+00
1424 0 +5.496256961e-08 +7.936000005e+01 +7.936000005e+01 -1.7055e+00 +1.3391e+00
1428 0 +3.280158012e-08 +7.936000003e+01 +7.936000003e+01 -1.7055e+00 +1.3392e+00
1451 0 +1.954063578e-08 +7.936000002e+01 +7.936000002e+01 -1.7056e+00 +1.3392e+00
1476 0 +1.900090751e-09 +7.936000000e+01 +7.936000000e+01 -1.7056e+00 +1.3392e+00
2578 0 +0.000000000e+00 +7.936000000e+01 +7.936000000e+01 -1.7056e+00 +1.3392e+00
% f evaluations | g evaluations | best noise-free fitness - Fopt (-2.234600000000e+02) + sum g_i+ | measured fitness | best measured fitness or single-digit g-values | x1 | x2...
1 0 +1.508163067e+04 +1.485817067e+04 +1.485817067e+04 +5.3375e-02 +1.4514e-01
3 0 +1.154672796e+04 +1.132326796e+04 +1.132326796e+04 +2.6922e-01 -4.9919e-03
17 0 +1.043473013e+04 +1.021127013e+04 +1.021127013e+04 +2.6922e-01 -4.4384e-01
31 0 +9.519553091e+03 +9.296093091e+03 +9.296093091e+03 +3.5123e-01 -3.6230e-01
56 0 +5.014591917e+03 +4.791131917e+03 +4.791131917e+03 +8.6754e-01 +2.9756e-02
57 0 +4.220681016e+03 +3.997221016e+03 +3.997221016e+03 +7.9816e-01 -5.7321e-01
81 0 +1.843577272e+03 +1.620117272e+03 +1.620117272e+03 +1.3388e+00 +9.2765e-02
84 0 +1.817632366e+03 +1.594172366e+03 +1.594172366e+03 +1.2695e+00 -2.6189e-01
91 0 +3.142518461e+02 +9.079184606e+01 +9.079184606e+01 +1.6966e+00 +9.8854e-02
103 0 +2.890140558e+02 +6.555405580e+01 +6.555405580e+01 +1.4797e+00 -1.0092e+00
106 0 +4.933377124e+01 -1.741262288e+02 -1.741262288e+02 +2.0917e+00 -3.4048e-02
115 0 +2.406903775e+01 -1.993909623e+02 -1.993909623e+02 +2.0917e+00 +8.9228e-01
% f evaluations | g evaluations | best noise-free fitness - Fopt (-6.793500000000e+02) + sum g_i+ | measured fitness | best measured fitness or single-digit g-values | x1 | x2...
1 0 +8.944557638e+03 +8.265207638e+03 +8.265207638e+03 -1.0332e-01 -8.8903e-02
2 0 +6.897752635e+03 +6.218402635e+03 +6.218402635e+03 -2.7892e-01 +6.9456e-03
31 0 +5.973624964e+03 +5.294274964e+03 +5.294274964e+03 -3.9342e-01 -3.7364e-02
56 0 +4.444272396e+03 +3.764922396e+03 +3.764922396e+03 -4.7127e-01 +1.4913e-01
59 0 +3.816332602e+03 +3.136982602e+03 +3.136982602e+03 -5.4071e-01 +5.3481e-02
79 0 +3.798187588e+03 +3.118837588e+03 +3.118837588e+03 -5.4011e-01 +1.0891e-01
83 0 +8.004926622e+02 +1.211426622e+02 +1.211426622e+02 -1.0460e+00 -1.9297e-01
103 0 +5.164340909e+01 -6.277065909e+02 -6.277065909e+02 -1.3381e+00 +2.5400e-01
121 0 +5.028466775e+01 -6.290653323e+02 -6.290653323e+02 -1.4619e+00 +3.0472e-01
183 0 +4.159687405e+01 -6.377531259e+02 -6.377531259e+02 -1.6170e+00 -1.4080e-02
% f evaluations | g evaluations | best noise-free fitness - Fopt (-1.293700000000e+02) + sum g_i+ | measured fitness | best measured fitness or single-digit g-values | x1 | x2...
1 0 +1.437477187e+05 +1.436183487e+05 +1.436183487e+05 +3.8077e-01 +5.0674e-02
17 0 +1.412959183e+05 +1.411665483e+05 +1.411665483e+05 -1.0110e-01 -5.6882e-02
31 0 +1.266314446e+05 +1.265020746e+05 +1.265020746e+05 -2.4148e-01 +6.5966e-02
34 0 +1.179628913e+05 +1.178335213e+05 +1.178335213e+05 -1.4562e-01 +2.4185e-01
45 0 +1.139007714e+05 +1.137714014e+05 +1.137714014e+05 -3.0775e-01 +2.8339e-01
56 0 +1.052831449e+05 +1.051537749e+05 +1.051537749e+05 -9.9862e-02 +4.6837e-01
59 0 +6.477492453e+04 +6.464555453e+04 +6.464555453e+04 -9.7906e-01 +6.5785e-01
80 0 +5.313357580e+04 +5.300420580e+04 +5.300420580e+04 -1.0207e+00 +9.4487e-01
85 0 +5.150727382e+04 +5.137790382e+04 +5.137790382e+04 -8.6747e-01 +1.0022e+00
91 0 +4.444619533e+04 +4.431682533e+04 +4.431682533e+04 +9.9907e-03 +1.3066e+00
104 0 +3.096484028e+04 +3.083547028e+04 +3.083547028e+04 -1.4832e+00 +1.2303e+00
105 0 +1.868431347e+04 +1.855494347e+04 +1.855494347e+04 -8.2375e-01 +1.6388e+00
119 0 +1.696799709e+04 +1.683862709e+04 +1.683862709e+04 -5.4501e-01 +1.7844e+00
127 0 +1.250438213e+04 +1.237501213e+04 +1.237501213e+04 -1.7063e+00 +3.5784e+00
129 0 +1.139692780e+04 +1.126755780e+04 +1.126755780e+04 -1.4925e+00 +1.6916e+00
130 0 +6.704948118e+02 +5.411248118e+02 +5.411248118e+02 +1.0916e-01 +2.6655e+00
152 0 +2.520588838e+00 -1.268494112e+02 -1.268494112e+02 +1.3290e-01 +3.1589e+00
304 0 +2.423214127e+00 -1.269467859e+02 -1.269467859e+02 +9.4555e-02 +2.9907e+00
313 0 +2.367367425e+00 -1.270026326e+02 -1.270026326e+02 +7.1719e-02 +2.9907e+00
319 0 +1.634990499e+00 -1.277350095e+02 -1.277350095e+02 -1.2723e-01 +2.8923e+00
