% f evaluations | g evaluations | best noise-free fitness - Fopt (1.491500000000e+02) + sum g_i+ | measured fitness | best measured fitness or single-digit g-values | x1 | x2...
1 0 +4.449226225e+02 +5.940726225e+02 +5.940726225e+02 -3.6104e-01 +1.2202e+00
2 0 +2.549121101e+01 +1.746412110e+02 +1.746412110e+02 -8.7319e-01 -8.3946e-01
5 0 +8.979214701e-01 +1.500479215e+02 +1.500479215e+02 -1.4510e-01 -4.4819e-01
107 0 +7.433914995e-01 +1.498933915e+02 +1.498933915e+02 -9.0297e-01 -1.3319e+00
109 0 +6.946502741e-01 +1.498446503e+02 +1.498446503e+02 -8.8730e-01 -1.3379e+00
136 0 +6.267655810e-01 +1.497767656e+02 +1.497767656e+02 -8.4633e-01 -1.3301e+00
157 0 +5.430001024e-01 +1.496930001e+02 +1.496930001e+02 -7.6973e-01 -1.2713e+00
165 0 +5.123280444e-01 +1.496623280e+02 +1.496623280e+02 -7.6789e-01 -1.2816e+00
171 0 +4.948351240e-01 +1.496448351e+02 +1.496448351e+02 -6.7152e-01 -1.2575e+00
173 0 +4.715777828e-01 +1.496215778e+02 +1.496215778e+02 -7.1043e-01 -1.2314e+00
184 0 +3.319503789e-01 +1.494819504e+02 +1.494819504e+02 -6.3128e-01 -1.1920e+00
212 0 +3.111171079e-01 +1.494611171e+02 +1.494611171e+02 -6.0302e-01 -1.1558e+00
213 0 +2.677233714e-01 +1.494177234e+02 +1.494177234e+02 -5.7261e-01 -1.1377e+00
220 0 +2.407112356e-01 +1.493907112e+02 +1.493907112e+02 -5.4524e-01 -1.1084e+00
236 0 +2.230782434e-01 +1.493730782e+02 +1.493730782e+02 -5.1233e-01 -1.0880e+00
241 0 +2.007010006e-01 +1.493507010e+02 +1.493507010e+02 -4.5050e-01 -1.0262e+00
247 0 +1.629773599e-01 +1.493129774e+02 +1.493129774e+02 -3.8462e-01 -9.4446e-01
257 0 +1.588479693e-01 +1.493088480e+02 +1.493088480e+02 -3.2264e-01 -8.6371e-01
268 0 +5.387588988e-02 +1.492038759e+02 +1.492038759e+02 -2.8290e-01 -7.6986e-01
290 0 +5.336436460e-02 +1.492033644e+02 +1.492033644e+02 -2.7604e-01 -7.5693e-01
291 0 +3.449067988e-02 +1.491844907e+02 +1.491844907e+02 -1.9604e-01 -6.4475e-01
295 0 +3.133546636e-02 +1.491813355e+02 +1.491813355e+02 -2.0324e-01 -6.5466e-01
298 0 +1.028294471e-02 +1.491602829e+02 +1.491602829e+02 -7.9756e-02 -4.2915e-01
334 0 +3.578963061e-03 +1.491535790e+02 +1.491535790e+02 -1.1157e-01 -4.7836e-01
345 0 +2.121263898e-04 +1.491502121e+02 +1.491502121e+02 -5.4398e-02 -3.7065e-01
379 0 +6.777245602e-05 +1.491500678e+02 +1.491500678e+02 -6.0126e-02 -3.8129e-01
386 0 +1.971847098e-06 +1.491500020e+02 +1.491500020e+02 -5.3820e-02 -3.6806e-01
410 0 +1.716788802e-06 +1.491500017e+02 +1.491500017e+02 -5.4583e-02 -3.6945e-01
458 0 +1.637422088e-06 +1.491500016e+02 +1.491500016e+02 -5.3943e-02 -3.6831e-01
466 0 +1.580351551e-06 +1.491500016e+02 +1.491500016e+02 -5.4099e-02 -3.6866e-01
470 0 +4.487898195e-07 +1.491500004e+02 +1.491500004e+02 -5.4842e-02 -3.7014e-01
502 0 +2.804837322e-07 +1.491500003e+02 +1.491500003e+02 -5.5059e-02 -3.7057e-01
510 0 +1.122423896e-07 +1.491500001e+02 +1.491500001e+02 -5.4865e-02 -3.7013e-01
533 0 +6.446464340e-08 +1.491500001e+02 +1.491500001e+02 -5.5286e-02 -3.7100e-01
538 0 +9.092644859e-09 +1.491500000e+02 +1.491500000e+02 -5.5284e-02 -3.7096e-01
740 0 +0.000000000e+00 +1.491500000e+02 +1.491500000e+02 -5.5200e-02 -3.7080e-01
% f evaluations | g evaluations | best noise-free fitness - Fopt (-1.000000000000e+03) + sum g_i+ | measured fitness | best measured fitness or single-digit g-values | x1 | x2...
1 0 +2.877214714e+04 +2.777214714e+04 +2.777214714e+04 +2.2751e-01 -1.7158e-01
3 0 +1.808267134e+04 +1.708267134e+04 +1.708267134e+04 -3.9986e-01 -1.3773e+00
13 0 +1.494602222e+04 +1.394602222e+04 +1.394602222e+04 -3.8650e-01 -6.2922e-02
16 0 +7.530417452e+03 +6.530417452e+03 +6.530417452e+03 -1.0593e+00 -7.2158e-01
18 0 +2.969167545e+03 +1.969167545e+03 +1.969167545e+03 -1.8484e+00 -1.2721e+00
19 0 +8.186192019e+02 -1.813807981e+02 -1.813807981e+02 -2.9565e+00 -1.8894e+00
21 0 +2.316766331e+02 -7.683233669e+02 -7.683233669e+02 -2.6311e+00 +1.3598e-01
75 0 +1.267603405e+02 -8.732396595e+02 -8.732396595e+02 -1.2855e+00 +5.6288e+00
120 0 +1.181334491e+02 -8.818665509e+02 -8.818665509e+02 -3.9850e+00 -8.8562e-01
142 0 +8.529014655e+01 -9.147098534e+02 -9.147098534e+02 -2.3090e+00 +1.6237e+00
145 0 +5.143079410e+01 -9.485692059e+02 -9.485692059e+02 -2.3031e+00 +1.8489e+00
146 0 +3.758664589e+01 -9.624133541e+02 -9.624133541e+02 -4.6376e+00 +2.1337e-01
152 0 +6.387801460e+00 -9.936121985e+02 -9.936121985e+02 -4.2336e+00 +5.3650e-01
165 0 +2.263852752e+00 -9.977361472e+02 -9.977361472e+02 -3.1129e+00 +8.6533e-01
200 0 +1.695103572e+00 -9.983048964e+02 -9.983048964e+02 -3.8000e+00 +9.0088e-02
207 0 +8.493447360e-01 -9.991506553e+02 -9.991506553e+02 -3.5611e+00 +2.0063e-01
796 0 +1.209711726e-01 -9.998790288e+02 -9.998790288e+02 -3.0166e+00 +8.9868e-01
803 0 +4.392916244e-02 -9.999560708e+02 -9.999560708e+02 -3.0522e+00 +8.0545e-01
1165 0 +1.837417402e-02 -9.999816258e+02 -9.999816258e+02 -2.7191e+00 +1.4556e+00
12445 0 +1.488834967e-03 -9.999985112e+02 -9.999985112e+02 -2.8096e+00 +1.2553e+00
% f evaluations | g evaluations | best noise-free fitness - Fopt (9.862000000000e+01) + sum g_i+ | measured fitness | best measured fitness or single-digit g-values | x1 | x2...
1 0 +2.748795445e+04 +2.758657445e+04 +2.758657445e+04 +2.2357e+00 -2.3957e+00
2 0 +6.334894561e+02 +7.321094561e+02 +7.321094561e+02 -2.8546e+00 -3.5551e+00
4 0 +6.266812577e+01 +1.612881258e+02 +1.612881258e+02 -1.3458e+00 -1.1470e+00
19 0 +1.626183455e+00 +1.002461835e+02 +1.002461835e+02 -7.6487e-01 -1.1930e+00
27 0 +6.119477006e-01 +9.923194770e+01 +9.923194770e+01 -1.4431e+00 -2.0620e+00
76 0 +2.852428105e-01 +9.890524281e+01 +9.890524281e+01 -1.2910e+00 -1.8613e+00
91 0 +2.105152199e-01 +9.883051522e+01 +9.883051522e+01 -1.2128e+00 -1.8179e+00
121 0 +1.896240158e-01 +9.880962402e+01 +9.880962402e+01 -1.2386e+00 -1.8310e+00
199 0 +1.857320119e-01 +9.880573201e+01 +9.880573201e+01 -1.2279e+00 -1.8229e+00
205 0 +1.800216414e-01 +9.880002164e+01 +9.880002164e+01 -1.2110e+00 -1.7823e+00
209 0 +1.658410296e-01 +9.878584103e+01 +9.878584103e+01 -1.2089e+00 -1.7869e+00
212 0 +1.580262630e-01 +9.877802626e+01 +9.877802626e+01 -1.1054e+00 -1.6842e+00
217 0 +1.542677243e-01 +9.877426772e+01 +9.877426772e+01 -1.1862e+00 -1.7551e+00
218 0 +1.047059856e-01 +9.872470599e+01 +9.872470599e+01 -1.1278e+00 -1.6914e+00
220 0 +8.520249305e-02 +9.870520249e+01 +9.870520249e+01 -1.0959e+00 -1.6473e+00
226 0 +7.842593155e-02 +9.869842593e+01 +9.869842593e+01 -1.0552e+00 -1.5980e+00
240 0 +4.382508290e-02 +9.866382508e+01 +9.866382508e+01 -1.0138e+00 -1.5233e+00
278 0 +4.293817563e-02 +9.866293818e+01 +9.866293818e+01 -9.9970e-01 -1.5061e+00
290 0 +3.922924314e-02 +9.865922924e+01 +9.865922924e+01 -9.8489e-01 -1.4832e+00
295 0 +2.432557247e-02 +9.864432557e+01 +9.864432557e+01 -9.5225e-01 -1.4255e+00
311 0 +2.081294994e-02 +9.864081295e+01 +9.864081295e+01 -9.2902e-01 -1.3875e+00
312 0 +1.623756587e-02 +9.863623757e+01 +9.863623757e+01 -9.1951e-01 -1.3690e+00
315 0 +1.508339791e-02 +9.863508340e+01 +9.863508340e+01 -9.0698e-01 -1.3479e+00
319 0 +7.298461473e-03 +9.862729846e+01 +9.862729846e+01 -8.7137e-01 -1.2704e+00
330 0 +6.641153101e-03 +9.862664115e+01 +9.862664115e+01 -8.3430e-01 -1.2128e+00
343 0 +3.294381344e-03 +9.862329438e+01 +9.862329438e+01 -8.5949e-01 -1.2553e+00
359 0 +3.117971474e-03 +9.862311797e+01 +9.862311797e+01 -7.9238e-01 -1.1274e+00
403 0 +1.772047000e-03 +9.862177205e+01 +9.862177205e+01 -8.4221e-01 -1.2185e+00
405 0 +5.168519723e-04 +9.862051685e+01 +9.862051685e+01 -7.9351e-01 -1.1223e+00
416 0 +1.625373584e-04 +9.862016254e+01 +9.862016254e+01 -8.0701e-01 -1.1502e+00
433 0 +7.105835326e-05 +9.862007106e+01 +9.862007106e+01 -8.0518e-01 -1.1469e+00
442 0 +5.128667115e-05 +9.862005129e+01 +9.862005129e+01 -8.0681e-01 -1.1517e+00
443 0 +2.019249585e-05 +9.862002019e+01 +9.862002019e+01 -8.0494e-01 -1.1477e+00
447 0 +3.140549921e-06 +9.862000314e+01 +9.862000314e+01 -8.0423e-01 -1.1460e+00
459 0 +2.361973316e-06 +9.862000236e+01 +9.862000236e+01 -8.0476e-01 -1.1471e+00
465 0 +1.700095197e-06 +9.862000170e+01 +9.862000170e+01 -8.0480e-01 -1.1469e+00
467 0 +5.741140257e-07 +9.862000057e+01 +9.862000057e+01 -8.0581e-01 -1.1491e+00
470 0 +3.255737795e-07 +9.862000033e+01 +9.862000033e+01 -8.0505e-01 -1.1475e+00
477 0 +2.375707169e-07 +9.862000024e+01 +9.862000024e+01 -8.0558e-01 -1.1485e+00
481 0 +1.330727173e-08 +9.862000001e+01 +9.862000001e+01 -8.0515e-01 -1.1477e+00
519 0 +1.255634174e-08 +9.862000001e+01 +9.862000001e+01 -8.0528e-01 -1.1479e+00
521 0 +8.163510756e-09 +9.862000001e+01 +9.862000001e+01 -8.0511e-01 -1.1476e+00
704 0 +0.000000000e+00 +9.862000000e+01 +9.862000000e+01 -8.0520e-01 -1.1478e+00
% f evaluations | g evaluations | best noise-free fitness - Fopt (-4.715000000000e+01) + sum g_i+ | measured fitness | best measured fitness or single-digit g-values | x1 | x2...
1 0 +8.473500711e+01 +3.758500711e+01 +3.758500711e+01 -1.9685e+00 -2.2999e+00
2 0 +1.559470851e+01 -3.155529149e+01 -3.155529149e+01 +1.6160e-01 +8.1749e-01
14 0 +1.443183613e+01 -3.271816387e+01 -3.271816387e+01 -1.6258e+00 -2.0710e+00
18 0 +7.818655567e+00 -3.933134443e+01 -3.933134443e+01 -2.2045e+00 -1.2448e+00
21 0 +4.160709171e+00 -4.298929083e+01 -4.298929083e+01 -2.2628e+00 -8.6663e-01
64 0 +1.312786862e+00 -4.583721314e+01 -4.583721314e+01 +6.0229e-01 +2.0016e+00
82 0 +1.143386400e+00 -4.600661360e+01 -4.600661360e+01 +6.0767e-01 +2.0072e+00
140 0 +6.744195651e-01 -4.647558043e+01 -4.647558043e+01 +2.3204e-01 +5.8102e-01
440 0 +3.293877068e-01 -4.682061229e+01 -4.682061229e+01 -1.0715e-01 -3.5703e-01
581 0 +1.903058451e-01 -4.695969415e+01 -4.695969415e+01 -7.1725e-01 -1.4450e+00
784 0 +5.716292897e-02 -4.709283707e+01 -4.709283707e+01 -5.6957e-01 -1.2226e+00
1573 0 +4.187992254e-02 -4.710812008e+01 -4.710812008e+01 -1.2834e-01 -3.5245e-01
6048 0 +2.828079970e-02 -4.712171920e+01 -4.712171920e+01 -2.2972e-01 -6.0251e-01
12303 0 +2.248147987e-02 -4.712751852e+01 -4.712751852e+01 -4.1495e-01 -9.7498e-01
18295 0 +1.350260257e-02 -4.713649740e+01 -4.713649740e+01 -3.6098e-01 -8.7206e-01
38357 0 +1.249266329e-02 -4.713750734e+01 -4.713750734e+01 -3.6622e-01 -8.6037e-01
46061 0 +3.355773608e-03 -4.714664423e+01 -4.714664423e+01 -2.9613e-01 -7.2622e-01
% f evaluations | g evaluations | best noise-free fitness - Fopt (3.752000000000e+01) + sum g_i+ | measured fitness | best measured fitness or single-digit g-values | x1 | x2...
1 0 +4.618200542e+02 +4.993400542e+02 +4.993400542e+02 -3.7819e-01 -1.6088e+00
3 0 +4.365904694e+02 +4.741104694e+02 +4.741104694e+02 +2.3661e+00 -1.1223e-01
4 0 +8.233930068e+00 +4.575393007e+01 +4.575393007e+01 -3.4829e-01 +3.6792e-01
12 0 +6.817502232e+00 +4.433750223e+01 +4.433750223e+01 -8.5264e-02 -5.3081e-01
51 0 +6.259031754e+00 +4.377903175e+01 +4.377903175e+01 -1.0101e-03 -7.2287e-01
57 0 +5.316477677e+00 +4.283647768e+01 +4.283647768e+01 +2.2078e-01 -1.3992e+00
108 0 +4.905775247e+00 +4.242577525e+01 +4.242577525e+01 +2.8039e-01 -1.4907e+00
110 0 +4.259895941e+00 +4.177989594e+01 +4.177989594e+01 +4.4637e-01 -1.9089e+00
112 0 +3.966199403e+00 +4.148619940e+01 +4.148619940e+01 +5.4592e-01 -2.1211e+00
127 0 +3.612174300e+00 +4.113217430e+01 +4.113217430e+01 +5.8948e-01 -2.1597e+00
129 0 +3.527515040e+00 +4.104751504e+01 +4.104751504e+01 +7.4702e-01 -2.4871e+00
137 0 +3.264189908e+00 +4.078418991e+01 +4.078418991e+01 +7.6739e-01 -2.5015e+00
141 0 +2.984926731e+00 +4.050492673e+01 +4.050492673e+01 +7.6284e-01 -2.4447e+00
154 0 +2.798582655e+00 +4.031858265e+01 +4.031858265e+01 +8.1980e-01 -2.5295e+00
162 0 +2.550472011e+00 +4.007047201e+01 +4.007047201e+01 +8.9751e-01 -2.6302e+00
165 0 +2.343984917e+00 +3.986398492e+01 +3.986398492e+01 +9.6037e-01 -2.6952e+00
181 0 +1.776250453e+00 +3.929625045e+01 +3.929625045e+01 +1.1729e+00 -2.8483e+00
188 0 +1.375527025e+00 +3.889552703e+01 +3.889552703e+01 +1.3578e+00 -2.9823e+00
217 0 +1.189356430e+00 +3.870935643e+01 +3.870935643e+01 +1.4448e+00 -2.9360e+00
219 0 +1.097866792e+00 +3.861786679e+01 +3.861786679e+01 +1.4449e+00 -2.9596e+00
223 0 +7.742815814e-01 +3.829428158e+01 +3.829428158e+01 +1.6407e+00 -2.9695e+00
229 0 +6.460525272e-01 +3.816605253e+01 +3.816605253e+01 +1.6866e+00 -2.9280e+00
230 0 +5.562270940e-01 +3.807622709e+01 +3.807622709e+01 +1.7652e+00 -2.8759e+00
258 0 +5.186392940e-01 +3.803863929e+01 +3.803863929e+01 +1.8011e+00 -2.8934e+00
265 0 +4.305734438e-01 +3.795057344e+01 +3.795057344e+01 +2.0776e+00 -2.6750e+00
274 0 +3.746575722e-01 +3.789465757e+01 +3.789465757e+01 +2.0668e+00 -2.6807e+00
307 0 +3.108781928e-01 +3.783087819e+01 +3.783087819e+01 +1.9335e+00 -2.7692e+00
313 0 +2.778645594e-01 +3.779786456e+01 +3.779786456e+01 +1.9649e+00 -2.7391e+00
319 0 +2.348414495e-01 +3.775484145e+01 +3.775484145e+01 +2.0265e+00 -2.6956e+00
329 0 +2.083258910e-01 +3.772832589e+01 +3.772832589e+01 +2.0833e+00 -2.6379e+00
330 0 +1.526653211e-01 +3.767266532e+01 +3.767266532e+01 +2.1078e+00 -2.5956e+00
337 0 +1.502674038e-01 +3.767026740e+01 +3.767026740e+01 +2.1315e+00 -2.5430e+00
354 0 +1.301484728e-01 +3.765014847e+01 +3.765014847e+01 +2.1366e+00 -2.5438e+00
355 0 +1.245648812e-01 +3.764456488e+01 +3.764456488e+01 +2.1762e+00 -2.4822e+00
365 0 +1.038233177e-01 +3.762382332e+01 +3.762382332e+01 +2.1837e+00 -2.4980e+00
366 0 +6.315444867e-02 +3.758315445e+01 +3.758315445e+01 +2.2422e+00 -2.4076e+00
378 0 +6.079420885e-02 +3.758079421e+01 +3.758079421e+01 +2.2541e+00 -2.3925e+00
386 0 +3.254434042e-02 +3.755254434e+01 +3.755254434e+01 +2.3197e+00 -2.2749e+00
392 0 +2.147531641e-02 +3.754147532e+01 +3.754147532e+01 +2.3780e+00 -2.1713e+00
399 0 +9.040919032e-03 +3.752904092e+01 +3.752904092e+01 +2.4246e+00 -2.0888e+00
406 0 +7.276035309e-03 +3.752727604e+01 +3.752727604e+01 +2.4055e+00 -2.1322e+00
426 0 +3.150780943e-03 +3.752315078e+01 +3.752315078e+01 +2.4525e+00 -2.0469e+00
443 0 +1.033382402e-03 +3.752103338e+01 +3.752103338e+01 +2.4608e+00 -2.0255e+00
455 0 +2.478449167e-04 +3.752024784e+01 +3.752024784e+01 +2.4744e+00 -2.0003e+00
478 0 +1.698004850e-04 +3.752016980e+01 +3.752016980e+01 +2.4855e+00 -1.9793e+00
500 0 +7.132744958e-05 +3.752007133e+01 +3.752007133e+01 +2.4847e+00 -1.9804e+00
511 0 +6.614937860e-05 +3.752006615e+01 +3.752006615e+01 +2.4897e+00 -1.9706e+00
513 0 +1.689714315e-05 +3.752001690e+01 +3.752001690e+01 +2.4908e+00 -1.9671e+00
525 0 +3.977663212e-06 +3.752000398e+01 +3.752000398e+01 +2.4900e+00 -1.9693e+00
563 0 +5.337945836e-07 +3.752000053e+01 +3.752000053e+01 +2.4907e+00 -1.9679e+00
578 0 +1.759065427e-07 +3.752000018e+01 +3.752000018e+01 +2.4898e+00 -1.9696e+00
581 0 +1.345425176e-07 +3.752000013e+01 +3.752000013e+01 +2.4900e+00 -1.9692e+00
615 0 +1.902733970e-08 +3.752000002e+01 +3.752000002e+01 +2.4900e+00 -1.9692e+00
626 0 +8.855671751e-09 +3.752000001e+01 +3.752000001e+01 +2.4901e+00 -1.9690e+00
797 0 +0.000000000e+00 +3.752000000e+01 +3.752000000e+01 +2.4900e+00 -1.9692e+00
% f evaluations | g evaluations | best noise-free fitness - Fopt (1.699800000000e+02) + sum g_i+ | measured fitness | best measured fitness or single-digit g-values | x1 | x2...
1 0 +1.713429686e+03 +1.883409686e+03 +1.883409686e+03 -2.5927e+00 +2.7727e+00
3 0 +1.269286956e+02 +2.969086956e+02 +2.969086956e+02 -1.8230e+00 +1.0614e+00
4 0 +1.222903395e+02 +2.922703395e+02 +2.922703395e+02 -1.4630e+00 -1.5405e-01
14 0 +4.648383960e+01 +2.164638396e+02 +2.164638396e+02 -3.0669e+00 -9.0400e-01
23 0 +3.111967948e+01 +2.010996795e+02 +2.010996795e+02 -3.5963e+00 -1.8195e+00
35 0 +6.517479261e-02 +1.700451748e+02 +1.700451748e+02 -2.2778e+00 -9.6502e-01
356 0 +5.719203293e-02 +1.700371920e+02 +1.700371920e+02 -2.2920e+00 -1.0003e+00
372 0 +5.610277432e-02 +1.700361028e+02 +1.700361028e+02 -2.2619e+00 -9.6345e-01
375 0 +5.001133964e-02 +1.700300113e+02 +1.700300113e+02 -2.2626e+00 -9.6114e-01
376 0 +4.389725951e-02 +1.700238973e+02 +1.700238973e+02 -2.2489e+00 -9.3899e-01
391 0 +4.126753775e-02 +1.700212675e+02 +1.700212675e+02 -2.2503e+00 -9.2885e-01
403 0 +3.865668251e-02 +1.700186567e+02 +1.700186567e+02 -2.2110e+00 -8.8075e-01
405 0 +2.526329059e-02 +1.700052633e+02 +1.700052633e+02 -2.2016e+00 -8.5887e-01
414 0 +1.460778092e-02 +1.699946078e+02 +1.699946078e+02 -2.1668e+00 -7.9683e-01
429 0 +1.006447888e-02 +1.699900645e+02 +1.699900645e+02 -2.1507e+00 -7.6622e-01
447 0 +5.528257059e-03 +1.699855283e+02 +1.699855283e+02 -2.1266e+00 -7.1861e-01
452 0 +1.913161526e-03 +1.699819132e+02 +1.699819132e+02 -2.0944e+00 -6.6064e-01
467 0 +8.851998356e-04 +1.699808852e+02 +1.699808852e+02 -2.0828e+00 -6.3637e-01
470 0 +6.662472874e-04 +1.699806662e+02 +1.699806662e+02 -2.0481e+00 -5.6558e-01
491 0 +5.739277263e-04 +1.699805739e+02 +1.699805739e+02 -2.0448e+00 -5.6373e-01
495 0 +3.173419667e-04 +1.699803173e+02 +1.699803173e+02 -2.0524e+00 -5.7858e-01
498 0 +1.188397572e-04 +1.699801188e+02 +1.699801188e+02 -2.0423e+00 -5.5649e-01
499 0 +8.098316511e-05 +1.699800810e+02 +1.699800810e+02 -2.0610e+00 -5.9437e-01
507 0 +4.039662602e-05 +1.699800404e+02 +1.699800404e+02 -2.0551e+00 -5.8271e-01
514 0 +1.808872040e-05 +1.699800181e+02 +1.699800181e+02 -2.0575e+00 -5.8689e-01
537 0 +1.738889631e-05 +1.699800174e+02 +1.699800174e+02 -2.0506e+00 -5.7292e-01
539 0 +1.533261536e-05 +1.699800153e+02 +1.699800153e+02 -2.0545e+00 -5.8132e-01
548 0 +4.998236193e-06 +1.699800050e+02 +1.699800050e+02 -2.0536e+00 -5.7936e-01
549 0 +3.839103982e-06 +1.699800038e+02 +1.699800038e+02 -2.0522e+00 -5.7657e-01
563 0 +3.159977211e-06 +1.699800032e+02 +1.699800032e+02 -2.0547e+00 -5.8146e-01
564 0 +3.079579784e-06 +1.699800031e+02 +1.699800031e+02 -2.0535e+00 -5.7927e-01
577 0 +2.858328031e-06 +1.699800029e+02 +1.699800029e+02 -2.0549e+00 -5.8175e-01
579 0 +8.131538607e-07 +1.699800008e+02 +1.699800008e+02 -2.0524e+00 -5.7672e-01
582 0 +8.003962648e-08 +1.699800001e+02 +1.699800001e+02 -2.0534e+00 -5.7873e-01
597 0 +4.931166586e-11 +1.699800000e+02 +1.699800000e+02 -2.0532e+00 -5.7841e-01
777 0 +0.000000000e+00 +1.699800000e+02 +1.699800000e+02 -2.0532e+00 -5.7840e-01
% f evaluations | g evaluations | best noise-free fitness - Fopt (-2.347800000000e+02) + sum g_i+ | measured fitness | best measured fitness or single-digit g-values | x1 | x2...
1 0 +2.287629688e+03 +2.052849688e+03 +2.052849688e+03 -2.0146e-01 -2.3118e+00
2 0 +1.977745303e+03 +1.742965303e+03 +1.742965303e+03 -3.9489e-01 -2.6921e+00
4 0 +1.775865361e+03 +1.541085361e+03 +1.541085361e+03 -1.4520e+00 +3.3785e+00
7 0 +3.968892086e+02 +1.621092086e+02 +1.621092086e+02 -3.9436e+00 -7.0062e-02
8 0 +2.927619852e+02 +5.798198518e+01 +5.798198518e+01 -1.2429e+00 +1.2106e+00
10 0 +2.750804653e+02 +4.030046527e+01 +4.030046527e+01 -8.7662e-01 -1.3613e+00
18 0 +1.104397879e+02 -1.243402121e+02 -1.243402121e+02 -2.5588e+00 -1.1061e-01
19 0 +9.111834753e+00 -2.256681652e+02 -2.256681652e+02 -2.2772e+00 -1.0238e+00
26 0 +5.036228299e+00 -2.297437717e+02 -2.297437717e+02 -2.6998e+00 -1.1785e+00
32 0 +2.951969880e+00 -2.318280301e+02 -2.318280301e+02 -8.9164e-01 +8.9171e-02
48 0 +2.642632388e+00 -2.321373676e+02 -2.321373676e+02 -2.2000e+00 -1.1938e+00
165 0 +1.474554008e+00 -2.333054460e+02 -2.333054460e+02 -9.4520e-01 +2.4700e-01
192 0 +8.048646058e-01 -2.339751354e+02 -2.339751354e+02 -1.8763e+00 -1.2988e+00
517 0 +1.330860120e-01 -2.346469140e+02 -2.346469140e+02 -9.3066e-01 +1.3322e-01
590 0 +8.627246038e-02 -2.346937275e+02 -2.346937275e+02 -8.5503e-01 +3.5384e-01
1535 0 +1.278469712e-02 -2.347672153e+02 -2.347672153e+02 -1.1936e+00 -4.1916e-01
14137 0 +6.277710012e-03 -2.347737223e+02 -2.347737223e+02 -1.2237e+00 -4.6780e-01
66628 0 +5.163329050e-03 -2.347748367e+02 -2.347748367e+02 -1.2067e+00 -4.2941e-01
94281 0 +4.527853691e-03 -2.347754721e+02 -2.347754721e+02 -1.0981e+00 -2.1278e-01
% f evaluations | g evaluations | best noise-free fitness - Fopt (-9.473000000000e+01) + sum g_i+ | measured fitness | best measured fitness or single-digit g-values | x1 | x2...
1 0 +6.930590041e+03 +6.835860041e+03 +6.835860041e+03 +7.2499e-01 -1.1867e+00
4 0 +6.916897594e+02 +5.969597594e+02 +5.969597594e+02 -2.8127e+00 -2.1332e-01
7 0 +4.090907604e+02 +3.143607604e+02 +3.143607604e+02 -8.5435e-01 -8.9439e-02
10 0 +1.341411613e+02 +3.941116125e+01 +3.941116125e+01 -2.5150e+00 +2.9857e+00
12 0 +7.845850084e+01 -1.627149916e+01 -1.627149916e+01 -2.4536e+00 +2.6153e+00
14 0 +7.674844544e+01 -1.798155456e+01 -1.798155456e+01 -2.3676e+00 +7.6645e-01
15 0 +4.360548288e+01 -5.112451712e+01 -5.112451712e+01 -1.4955e+00 +1.8998e+00
20 0 +2.331928058e+00 -9.239807194e+01 -9.239807194e+01 -1.6480e+00 +1.0806e+00
45 0 +1.614531844e+00 -9.311546816e+01 -9.311546816e+01 -1.1199e+00 +1.6684e+00
104 0 +5.445991678e-01 -9.418540083e+01 -9.418540083e+01 -4.0196e-01 +2.8470e+00
798 0 +3.262143070e-01 -9.440378569e+01 -9.440378569e+01 -3.8789e-01 +2.9980e+00
1793 0 +1.148164068e-01 -9.461518359e+01 -9.461518359e+01 -6.2120e-01 +2.4201e+00
2150 0 +7.106329861e-02 -9.465893670e+01 -9.465893670e+01 -7.3677e-01 +2.1752e+00
3305 0 +2.858329979e-02 -9.470141670e+01 -9.470141670e+01 -7.9494e-01 +2.0238e+00
17792 0 +9.095469657e-03 -9.472090453e+01 -9.472090453e+01 -6.8848e-01 +2.2360e+00
47974 0 +1.486610927e-03 -9.472851339e+01 -9.472851339e+01 -7.5031e-01 +2.1230e+00
94847 0 +3.342087873e-04 -9.472966579e+01 -9.472966579e+01 -7.0285e-01 +2.2144e+00
% f evaluations | g evaluations | best noise-free fitness - Fopt (-7.158000000000e+02) + sum g_i+ | measured fitness | best measured fitness or single-digit g-values | x1 | x2...
1 0 +4.009331532e+02 -3.148668468e+02 -3.148668468e+02 -1.8244e+00 -2.4115e+00
7 0 +3.155073071e+02 -4.002926929e+02 -4.002926929e+02 -1.3546e+00 -1.3571e+00
10 0 +1.640599811e+01 -6.993940019e+02 -6.993940019e+02 -4.0872e+00 +2.0930e+00
36 0 +4.698835257e-01 -7.153301165e+02 -7.153301165e+02 -1.1977e+00 +8.5683e-01
99 0 +7.510566297e-02 -7.157248943e+02 -7.157248943e+02 -1.4928e+00 +1.5686e-01
3680 0 +6.099127579e-02 -7.157390087e+02 -7.157390087e+02 -1.2772e+00 +6.1314e-01
3778 0 +3.699008047e-04 -7.157996301e+02 -7.157996301e+02 -1.4535e+00 +2.0719e-01
% f evaluations | g evaluations | best noise-free fitness - Fopt (2.545000000000e+01) + sum g_i+ | measured fitness | best measured fitness or single-digit g-values | x1 | x2...
1 0 +1.065883444e+01 +3.610883444e+01 +3.610883444e+01 +9.7502e-02 -1.6618e+00
11 0 +5.288440953e+00 +3.073844095e+01 +3.073844095e+01 +2.5096e+00 -3.1763e+00
43 0 +2.515524051e-01 +2.570155241e+01 +2.570155241e+01 +2.8973e+00 -2.1422e+00
111 0 +1.874215088e-01 +2.563742151e+01 +2.563742151e+01 +3.0362e+00 -1.7158e+00
114 0 +1.116668922e-01 +2.556166689e+01 +2.556166689e+01 +2.8884e+00 -2.1428e+00
120 0 +5.156830070e-02 +2.550156830e+01 +2.550156830e+01 +2.7899e+00 -2.3796e+00
132 0 +3.838687634e-02 +2.548838688e+01 +2.548838688e+01 +2.7849e+00 -2.3677e+00
154 0 +1.074129223e-02 +2.546074129e+01 +2.546074129e+01 +2.7099e+00 -2.5508e+00
204 0 +2.537343488e-03 +2.545253734e+01 +2.545253734e+01 +2.6616e+00 -2.6522e+00
212 0 +2.498348650e-03 +2.545249835e+01 +2.545249835e+01 +2.6573e+00 -2.6574e+00
225 0 +2.162190324e-03 +2.545216219e+01 +2.545216219e+01 +2.6405e+00 -2.6984e+00
230 0 +2.049407945e-03 +2.545204941e+01 +2.545204941e+01 +2.6335e+00 -2.7129e+00
235 0 +9.978575940e-04 +2.545099786e+01 +2.545099786e+01 +2.6287e+00 -2.7214e+00
243 0 +4.298319961e-06 +2.545000430e+01 +2.545000430e+01 +2.6119e+00 -2.7524e+00
303 0 +3.207193018e-07 +2.545000032e+01 +2.545000032e+01 +2.6127e+00 -2.7510e+00
362 0 +2.071143932e-07 +2.545000021e+01 +2.545000021e+01 +2.6134e+00 -2.7496e+00
372 0 +2.136105337e-08 +2.545000002e+01 +2.545000002e+01 +2.6131e+00 -2.7501e+00
385 0 +6.996735635e-09 +2.545000001e+01 +2.545000001e+01 +2.6130e+00 -2.7503e+00
578 0 +0.000000000e+00 +2.545000000e+01 +2.545000000e+01 +2.6130e+00 -2.7504e+00
% f evaluations | g evaluations | best noise-free fitness - Fopt (1.592800000000e+02) + sum g_i+ | measured fitness | best measured fitness or single-digit g-values | x1 | x2...
1 0 +8.302412890e+01 +2.423041289e+02 +2.423041289e+02 -8.4417e-03 -1.0309e+00
8 0 +7.489610441e+00 +1.667696104e+02 +1.667696104e+02 +1.6944e+00 -6.4263e-01
31 0 +3.142933745e+00 +1.624229337e+02 +1.624229337e+02 +4.0908e-01 -8.2737e-01
32 0 +3.494311299e-01 +1.596294311e+02 +1.596294311e+02 +1.3201e+00 -8.1972e-01
68 0 +2.748372318e-01 +1.595548372e+02 +1.595548372e+02 +1.4966e+00 -6.7294e-01
77 0 +1.292911891e-01 +1.594092912e+02 +1.594092912e+02 +1.6112e+00 -4.7329e-01
263 0 +1.119061575e-01 +1.593919062e+02 +1.593919062e+02 +1.5762e+00 -5.4257e-01
282 0 +8.867295277e-02 +1.593686730e+02 +1.593686730e+02 +1.6173e+00 -4.8992e-01
292 0 +7.006442344e-02 +1.593500644e+02 +1.593500644e+02 +1.6465e+00 -4.4460e-01
298 0 +5.067559335e-02 +1.593306756e+02 +1.593306756e+02 +1.6917e+00 -3.7934e-01
306 0 +4.502012337e-02 +1.593250201e+02 +1.593250201e+02 +1.7314e+00 -3.2171e-01
313 0 +2.749778566e-02 +1.593074978e+02 +1.593074978e+02 +1.7521e+00 -2.7098e-01
317 0 +2.640393216e-02 +1.593064039e+02 +1.593064039e+02 +1.7503e+00 -2.8170e-01
319 0 +8.669976612e-03 +1.592886700e+02 +1.592886700e+02 +1.8183e+00 -1.6152e-01
337 0 +8.228101375e-03 +1.592882281e+02 +1.592882281e+02 +1.8259e+00 -1.4287e-01
348 0 +2.981802466e-03 +1.592829818e+02 +1.592829818e+02 +1.8626e+00 -7.5105e-02
360 0 +2.485312061e-03 +1.592824853e+02 +1.592824853e+02 +1.8861e+00 -2.8073e-02
361 0 +2.025041780e-03 +1.592820250e+02 +1.592820250e+02 +1.8841e+00 -3.2563e-02
362 0 +8.159553315e-04 +1.592808160e+02 +1.592808160e+02 +1.8844e+00 -3.4523e-02
367 0 +4.870681471e-05 +1.592800487e+02 +1.592800487e+02 +1.9174e+00 +2.9566e-02
404 0 +1.403212539e-05 +1.592800140e+02 +1.592800140e+02 +1.9119e+00 +1.8886e-02
421 0 +7.505361395e-06 +1.592800075e+02 +1.592800075e+02 +1.9131e+00 +2.0928e-02
423 0 +3.267381771e-06 +1.592800033e+02 +1.592800033e+02 +1.9086e+00 +1.1984e-02
433 0 +8.690147695e-07 +1.592800009e+02 +1.592800009e+02 +1.9110e+00 +1.6923e-02
439 0 +3.663416521e-07 +1.592800004e+02 +1.592800004e+02 +1.9098e+00 +1.4521e-02
446 0 +1.038185360e-07 +1.592800001e+02 +1.592800001e+02 +1.9104e+00 +1.5595e-02
473 0 +4.349985261e-08 +1.592800000e+02 +1.592800000e+02 +1.9102e+00 +1.5203e-02
489 0 +2.262606813e-08 +1.592800000e+02 +1.592800000e+02 +1.9104e+00 +1.5591e-02
506 0 +1.485193479e-08 +1.592800000e+02 +1.592800000e+02 +1.9105e+00 +1.5804e-02
510 0 +1.391123305e-08 +1.592800000e+02 +1.592800000e+02 +1.9104e+00 +1.5681e-02
516 0 +5.665242497e-09 +1.592800000e+02 +1.592800000e+02 +1.9105e+00 +1.5750e-02
666 0 +0.000000000e+00 +1.592800000e+02 +1.592800000e+02 +1.9104e+00 +1.5600e-02
% f evaluations | g evaluations | best noise-free fitness - Fopt (5.100000000000e-01) + sum g_i+ | measured fitness | best measured fitness or single-digit g-values | x1 | x2...
1 0 +5.425431567e+01 +5.476431567e+01 +5.476431567e+01 +9.5071e-01 -1.0113e+00
2 0 +5.601653984e+00 +6.111653984e+00 +6.111653984e+00 -4.1500e-01 -2.0821e+00
22 0 +6.065009158e-01 +1.116500916e+00 +1.116500916e+00 +3.3189e-01 -2.4224e+00
82 0 +5.831118168e-01 +1.093111817e+00 +1.093111817e+00 +3.8230e-01 -2.3851e+00
87 0 +5.722404566e-01 +1.082240457e+00 +1.082240457e+00 +5.0012e-01 -2.2822e+00
95 0 +3.574074214e-01 +8.674074214e-01 +8.674074214e-01 +6.9317e-01 -2.1765e+00
99 0 +3.349797142e-01 +8.449797142e-01 +8.449797142e-01 +4.9951e-01 -2.3325e+00
123 0 +2.892377402e-01 +7.992377402e-01 +7.992377402e-01 +5.5989e-01 -2.2913e+00
124 0 +2.775024222e-01 +7.875024222e-01 +7.875024222e-01 +7.1619e-01 -2.1402e+00
128 0 +1.666940746e-01 +6.766940746e-01 +6.766940746e-01 +6.7077e-01 -2.1605e+00
132 0 +1.153468675e-01 +6.253468675e-01 +6.253468675e-01 +8.6009e-01 -1.9237e+00
172 0 +8.855752990e-02 +5.985575299e-01 +5.985575299e-01 +7.8077e-01 -2.0144e+00
173 0 +6.933437799e-02 +5.793343780e-01 +5.793343780e-01 +8.2960e-01 -1.9357e+00
179 0 +3.736078338e-02 +5.473607834e-01 +5.473607834e-01 +8.9361e-01 -1.8384e+00
186 0 +1.840845359e-02 +5.284084536e-01 +5.284084536e-01 +9.8036e-01 -1.7045e+00
278 0 +1.432430238e-02 +5.243243024e-01 +5.243243024e-01 +9.6771e-01 -1.7224e+00
279 0 +1.026587361e-02 +5.202658736e-01 +5.202658736e-01 +9.7905e-01 -1.6996e+00
298 0 +8.222979545e-03 +5.182229795e-01 +5.182229795e-01 +9.9204e-01 -1.6767e+00
301 0 +7.116934341e-03 +5.171169343e-01 +5.171169343e-01 +1.0088e+00 -1.6478e+00
302 0 +4.594981695e-03 +5.145949817e-01 +5.145949817e-01 +1.0106e+00 -1.6401e+00
310 0 +2.332824692e-03 +5.123328247e-01 +5.123328247e-01 +1.0311e+00 -1.5999e+00
313 0 +2.114530828e-03 +5.121145308e-01 +5.121145308e-01 +1.0493e+00 -1.5695e+00
324 0 +1.460387679e-03 +5.114603877e-01 +5.114603877e-01 +1.0589e+00 -1.5505e+00
326 0 +5.403590465e-04 +5.105403590e-01 +5.105403590e-01 +1.0637e+00 -1.5396e+00
338 0 +4.885707206e-04 +5.104885707e-01 +5.104885707e-01 +1.0608e+00 -1.5422e+00
339 0 +2.471242706e-05 +5.100247124e-01 +5.100247124e-01 +1.0732e+00 -1.5189e+00
365 0 +2.395400183e-05 +5.100239540e-01 +5.100239540e-01 +1.0789e+00 -1.5071e+00
376 0 +1.002416547e-05 +5.100100242e-01 +5.100100242e-01 +1.0765e+00 -1.5121e+00
377 0 +5.754923557e-06 +5.100057549e-01 +5.100057549e-01 +1.0804e+00 -1.5045e+00
409 0 +2.662996587e-06 +5.100026630e-01 +5.100026630e-01 +1.0795e+00 -1.5062e+00
417 0 +2.121620657e-06 +5.100021216e-01 +5.100021216e-01 +1.0796e+00 -1.5062e+00
421 0 +1.698850492e-06 +5.100016989e-01 +5.100016989e-01 +1.0793e+00 -1.5068e+00
426 0 +7.788509870e-07 +5.100007789e-01 +5.100007789e-01 +1.0791e+00 -1.5072e+00
453 0 +5.275930511e-07 +5.100005276e-01 +5.100005276e-01 +1.0787e+00 -1.5079e+00
459 0 +2.410253264e-08 +5.100000241e-01 +5.100000241e-01 +1.0782e+00 -1.5090e+00
466 0 +2.217908612e-08 +5.100000222e-01 +5.100000222e-01 +1.0783e+00 -1.5087e+00
478 0 +2.245467479e-09 +5.100000022e-01 +5.100000022e-01 +1.0782e+00 -1.5091e+00
% f evaluations | g evaluations | best noise-free fitness - Fopt (6.433000000000e+01) + sum g_i+ | measured fitness | best measured fitness or single-digit g-values | x1 | x2...
1 0 +5.689436368e+03 +5.753766368e+03 +5.753766368e+03 -7.4795e-01 -2.6014e+00
2 0 +1.480915229e+02 +2.124215229e+02 +2.124215229e+02 -5.2622e-01 +2.7369e+00
7 0 +5.299248479e+01 +1.173224848e+02 +1.173224848e+02 +2.5015e-01 +4.1895e-01
12 0 +6.053040430e+00 +7.038304043e+01 +7.038304043e+01 +5.4248e-01 +4.8536e-01
41 0 +1.775431850e+00 +6.610543185e+01 +6.610543185e+01 +1.4187e+00 -7.9834e-01
55 0 +1.464879492e+00 +6.579487949e+01 +6.579487949e+01 +1.4585e+00 -8.6197e-01
69 0 +1.296763906e+00 +6.562676391e+01 +6.562676391e+01 +1.8657e+00 -7.8748e-01
84 0 +9.211116334e-01 +6.525111163e+01 +6.525111163e+01 +1.7105e+00 -9.0001e-01
111 0 +7.662204606e-01 +6.509622046e+01 +6.509622046e+01 +1.8826e+00 -8.9977e-01
127 0 +7.249884871e-01 +6.505498849e+01 +6.505498849e+01 +1.8174e+00 -8.8416e-01
131 0 +6.842186347e-01 +6.501421863e+01 +6.501421863e+01 +1.8453e+00 -8.6806e-01
132 0 +3.987909653e-01 +6.472879097e+01 +6.472879097e+01 +2.1139e+00 -7.3901e-01
152 0 +3.493604479e-01 +6.467936045e+01 +6.467936045e+01 +2.1314e+00 -7.1760e-01
158 0 +2.591070920e-01 +6.458910709e+01 +6.458910709e+01 +2.1602e+00 -6.6759e-01
182 0 +2.569808987e-01 +6.458698090e+01 +6.458698090e+01 +2.1971e+00 -6.4644e-01
183 0 +2.479337124e-01 +6.457793371e+01 +6.457793371e+01 +2.2254e+00 -6.1982e-01
193 0 +2.246515715e-01 +6.455465157e+01 +6.455465157e+01 +2.2290e+00 -6.1089e-01
199 0 +2.221651648e-01 +6.455216516e+01 +6.455216516e+01 +2.2000e+00 -6.2972e-01
208 0 +2.115392604e-01 +6.454153926e+01 +6.454153926e+01 +2.2103e+00 -6.1741e-01
211 0 +2.057539664e-01 +6.453575397e+01 +6.453575397e+01 +2.2156e+00 -6.0987e-01
216 0 +1.859238313e-01 +6.451592383e+01 +6.451592383e+01 +2.2416e+00 -5.8475e-01
223 0 +1.693055668e-01 +6.449930557e+01 +6.449930557e+01 +2.2575e+00 -5.6156e-01
227 0 +1.652471356e-01 +6.449524714e+01 +6.449524714e+01 +2.2850e+00 -5.4073e-01
228 0 +1.612042874e-01 +6.449120429e+01 +6.449120429e+01 +2.2824e+00 -5.4141e-01
229 0 +1.473070646e-01 +6.447730706e+01 +6.447730706e+01 +2.2888e+00 -5.1714e-01
232 0 +1.348900299e-01 +6.446489003e+01 +6.446489003e+01 +2.3360e+00 -4.7733e-01
236 0 +1.078872297e-01 +6.443788723e+01 +6.443788723e+01 +2.3654e+00 -4.3431e-01
239 0 +1.069489963e-01 +6.443694900e+01 +6.443694900e+01 +2.3455e+00 -4.4407e-01
245 0 +7.805708259e-02 +6.440805708e+01 +6.440805708e+01 +2.4131e+00 -3.6423e-01
266 0 +5.919634054e-02 +6.438919634e+01 +6.438919634e+01 +2.4350e+00 -3.2668e-01
280 0 +5.866236665e-02 +6.438866237e+01 +6.438866237e+01 +2.4286e+00 -3.3279e-01
281 0 +5.386441876e-02 +6.438386442e+01 +6.438386442e+01 +2.4367e+00 -3.1759e-01
291 0 +5.130441620e-02 +6.438130442e+01 +6.438130442e+01 +2.4454e+00 -3.0760e-01
295 0 +4.414222873e-02 +6.437414223e+01 +6.437414223e+01 +2.4654e+00 -2.7763e-01
307 0 +3.420828825e-02 +6.436420829e+01 +6.436420829e+01 +2.5043e+00 -2.1743e-01
327 0 +3.316373339e-02 +6.436316373e+01 +6.436316373e+01 +2.5105e+00 -2.0760e-01
328 0 +3.134915932e-02 +6.436134916e+01 +6.436134916e+01 +2.5089e+00 -2.0887e-01
331 0 +2.640387650e-02 +6.435640388e+01 +6.435640388e+01 +2.5072e+00 -2.0579e-01
343 0 +2.433349351e-02 +6.435433349e+01 +6.435433349e+01 +2.5147e+00 -1.9383e-01
347 0 +2.065054034e-02 +6.435065054e+01 +6.435065054e+01 +2.5259e+00 -1.7082e-01
353 0 +1.435723399e-02 +6.434435723e+01 +6.434435723e+01 +2.5494e+00 -1.3253e-01
357 0 +1.036408955e-02 +6.434036409e+01 +6.434036409e+01 +2.5718e+00 -9.4696e-02
358 0 +4.804732401e-03 +6.433480473e+01 +6.433480473e+01 +2.6033e+00 -3.5956e-02
375 0 +3.944995962e-03 +6.433394500e+01 +6.433394500e+01 +2.6063e+00 -2.8734e-02
385 0 +1.926197075e-03 +6.433192620e+01 +6.433192620e+01 +2.6314e+00 +1.7371e-02
394 0 +1.700814456e-03 +6.433170081e+01 +6.433170081e+01 +2.6276e+00 +1.2116e-02
395 0 +4.402394813e-04 +6.433044024e+01 +6.433044024e+01 +2.6478e+00 +5.1630e-02
403 0 +3.017360447e-04 +6.433030174e+01 +6.433030174e+01 +2.6520e+00 +6.0204e-02
423 0 +2.436845950e-04 +6.433024368e+01 +6.433024368e+01 +2.6656e+00 +8.8171e-02
425 0 +5.542043495e-05 +6.433005542e+01 +6.433005542e+01 +2.6646e+00 +8.5250e-02
430 0 +5.402491109e-05 +6.433005402e+01 +6.433005402e+01 +2.6762e+00 +1.0775e-01
448 0 +2.945931709e-05 +6.433002946e+01 +6.433002946e+01 +2.6634e+00 +8.2173e-02
474 0 +1.445869866e-05 +6.433001446e+01 +6.433001446e+01 +2.6671e+00 +8.9183e-02
481 0 +6.872645884e-07 +6.433000069e+01 +6.433000069e+01 +2.6696e+00 +9.4628e-02
486 0 +3.741860155e-09 +6.433000000e+01 +6.433000000e+01 +2.6688e+00 +9.2900e-02
793 0 +0.000000000e+00 +6.433000000e+01 +6.433000000e+01 +2.6688e+00 +9.3000e-02
% f evaluations | g evaluations | best noise-free fitness - Fopt (2.223100000000e+02) + sum g_i+ | measured fitness | best measured fitness or single-digit g-values | x1 | x2...
1 0 +5.898022690e+02 +8.121122690e+02 +8.121122690e+02 -2.5224e+00 +1.8064e+00
7 0 +4.239431919e+02 +6.462531919e+02 +6.462531919e+02 -8.6833e-01 +1.9535e-02
8 0 +2.805989390e+02 +5.029089390e+02 +5.029089390e+02 -1.9348e+00 +1.3862e+00
10 0 +1.561086674e+02 +3.784186674e+02 +3.784186674e+02 -3.0414e+00 +9.0134e-01
12 0 +3.572405387e+00 +2.258824054e+02 +2.258824054e+02 -1.1709e+00 +1.3612e+00
117 0 +3.441796053e+00 +2.257517961e+02 +2.257517961e+02 -3.3651e+00 +1.0366e-01
119 0 +3.321684959e+00 +2.256316850e+02 +2.256316850e+02 -3.3318e+00 +6.1328e-02
120 0 +3.145874794e+00 +2.254558748e+02 +2.254558748e+02 -3.2599e+00 -2.9673e-02
150 0 +3.023594057e+00 +2.253335941e+02 +2.253335941e+02 -3.2382e+00 -7.1150e-02
157 0 +2.948625725e+00 +2.252586257e+02 +2.252586257e+02 -3.1481e+00 -1.6225e-01
159 0 +2.831990363e+00 +2.251419904e+02 +2.251419904e+02 -3.1664e+00 -1.6019e-01
163 0 +2.777964830e+00 +2.250879648e+02 +2.250879648e+02 -3.1775e+00 -1.7458e-01
165 0 +2.423348725e+00 +2.247333487e+02 +2.247333487e+02 -3.0379e+00 -3.7256e-01
170 0 +2.368815714e+00 +2.246788157e+02 +2.246788157e+02 -2.9154e+00 -5.1947e-01
180 0 +2.262157948e+00 +2.245721579e+02 +2.245721579e+02 -2.9859e+00 -4.2378e-01
213 0 +2.217880504e+00 +2.245278805e+02 +2.245278805e+02 -2.9977e+00 -3.9147e-01
214 0 +2.140306475e+00 +2.244503065e+02 +2.244503065e+02 -2.9644e+00 -4.3093e-01
218 0 +2.074218731e+00 +2.243842187e+02 +2.243842187e+02 -2.9089e+00 -4.9623e-01
241 0 +1.916703381e+00 +2.242267034e+02 +2.242267034e+02 -2.8772e+00 -5.0822e-01
253 0 +1.834365723e+00 +2.241443657e+02 +2.241443657e+02 -2.8652e+00 -4.9495e-01
261 0 +1.734671338e+00 +2.240446713e+02 +2.240446713e+02 -2.8278e+00 -5.1816e-01
269 0 +1.650038685e+00 +2.239600387e+02 +2.239600387e+02 -2.7772e+00 -5.7077e-01
273 0 +1.612631179e+00 +2.239226312e+02 +2.239226312e+02 -2.7803e+00 -5.4441e-01
274 0 +1.570530136e+00 +2.238805301e+02 +2.238805301e+02 -2.7632e+00 -5.6094e-01
275 0 +1.440168714e+00 +2.237501687e+02 +2.237501687e+02 -2.7106e+00 -5.7784e-01
292 0 +1.262077204e+00 +2.235720772e+02 +2.235720772e+02 -2.6329e+00 -6.1064e-01
297 0 +1.256361626e+00 +2.235663616e+02 +2.235663616e+02 -2.6097e+00 -6.3253e-01
306 0 +1.223084878e+00 +2.235330849e+02 +2.235330849e+02 -2.5752e+00 -6.4609e-01
312 0 +1.156348467e+00 +2.234663485e+02 +2.234663485e+02 -2.5853e+00 -6.1051e-01
315 0 +1.144464329e+00 +2.234544643e+02 +2.234544643e+02 -2.5749e+00 -6.2710e-01
320 0 +1.105542811e+00 +2.234155428e+02 +2.234155428e+02 -2.5608e+00 -6.2326e-01
321 0 +1.090913908e+00 +2.234009139e+02 +2.234009139e+02 -2.5544e+00 -6.2260e-01
329 0 +9.792885008e-01 +2.232892885e+02 +2.232892885e+02 -2.4936e+00 -6.3144e-01
340 0 +8.713421432e-01 +2.231813421e+02 +2.231813421e+02 -2.4394e+00 -6.2458e-01
350 0 +8.443630439e-01 +2.231543630e+02 +2.231543630e+02 -2.4289e+00 -6.1725e-01
355 0 +8.240275155e-01 +2.231340275e+02 +2.231340275e+02 -2.3749e+00 -6.2954e-01
357 0 +8.055984742e-01 +2.231155985e+02 +2.231155985e+02 -2.4071e+00 -6.1424e-01
363 0 +7.777276920e-01 +2.230877277e+02 +2.230877277e+02 -2.3400e+00 -6.2105e-01
369 0 +7.714848329e-01 +2.230814848e+02 +2.230814848e+02 -2.2972e+00 -6.1370e-01
375 0 +6.926902555e-01 +2.230026903e+02 +2.230026903e+02 -2.3403e+00 -5.9794e-01
386 0 +6.686100522e-01 +2.229786101e+02 +2.229786101e+02 -2.3256e+00 -5.7902e-01
392 0 +6.190188758e-01 +2.229290189e+02 +2.229290189e+02 -2.2762e+00 -5.4692e-01
399 0 +5.769695526e-01 +2.228869696e+02 +2.228869696e+02 -2.2655e+00 -5.5146e-01
417 0 +5.540219071e-01 +2.228640219e+02 +2.228640219e+02 -2.2144e+00 -5.5662e-01
419 0 +5.451811871e-01 +2.228551812e+02 +2.228551812e+02 -2.1874e+00 -5.4516e-01
422 0 +4.775399301e-01 +2.227875399e+02 +2.227875399e+02 -2.2014e+00 -5.2694e-01
432 0 +4.401363103e-01 +2.227501363e+02 +2.227501363e+02 -2.1734e+00 -5.0312e-01
444 0 +3.976719814e-01 +2.227076720e+02 +2.227076720e+02 -2.1292e+00 -4.6222e-01
451 0 +3.010093843e-01 +2.226110094e+02 +2.226110094e+02 -2.0453e+00 -3.9118e-01
457 0 +2.855300994e-01 +2.225955301e+02 +2.225955301e+02 -2.0445e+00 -4.0541e-01
458 0 +2.243307898e-01 +2.225343308e+02 +2.225343308e+02 -1.9843e+00 -3.4397e-01
465 0 +2.193700235e-01 +2.225293700e+02 +2.225293700e+02 -1.9737e+00 -3.2455e-01
506 0 +1.792751484e-01 +2.224892751e+02 +2.224892751e+02 -1.9074e+00 -2.7095e-01
524 0 +1.552646934e-01 +2.224652647e+02 +2.224652647e+02 -1.9005e+00 -2.4195e-01
525 0 +1.272126910e-01 +2.224372127e+02 +2.224372127e+02 -1.8525e+00 -1.9704e-01
529 0 +7.987406400e-02 +2.223898741e+02 +2.223898741e+02 -1.7927e+00 -1.0258e-01
547 0 +5.913848886e-02 +2.223691385e+02 +2.223691385e+02 -1.7451e+00 -4.0410e-02
558 0 +5.534138610e-02 +2.223653414e+02 +2.223653414e+02 -1.7460e+00 -3.4795e-02
559 0 +4.497832305e-02 +2.223549783e+02 +2.223549783e+02 -1.7199e+00 +1.8259e-03
562 0 +2.166469418e-02 +2.223316647e+02 +2.223316647e+02 -1.6580e+00 +1.0692e-01
577 0 +1.743461472e-02 +2.223274346e+02 +2.223274346e+02 -1.6411e+00 +1.3824e-01
601 0 +1.383559594e-02 +2.223238356e+02 +2.223238356e+02 -1.6276e+00 +1.5845e-01
610 0 +1.139147583e-02 +2.223213915e+02 +2.223213915e+02 -1.6159e+00 +1.8247e-01
611 0 +1.005770833e-02 +2.223200577e+02 +2.223200577e+02 -1.5916e+00 +2.3058e-01
622 0 +7.396532845e-03 +2.223173965e+02 +2.223173965e+02 -1.5966e+00 +2.1496e-01
623 0 +5.662434317e-03 +2.223156624e+02 +2.223156624e+02 -1.5739e+00 +2.5356e-01
624 0 +5.531447263e-03 +2.223155314e+02 +2.223155314e+02 -1.5730e+00 +2.6337e-01
636 0 +6.068480988e-04 +2.223106068e+02 +2.223106068e+02 -1.5347e+00 +3.3323e-01
645 0 +4.739910025e-04 +2.223104740e+02 +2.223104740e+02 -1.5310e+00 +3.4069e-01
653 0 +1.762634622e-04 +2.223101763e+02 +2.223101763e+02 -1.5004e+00 +3.9994e-01
680 0 +6.312838312e-05 +2.223100631e+02 +2.223100631e+02 -1.5168e+00 +3.6732e-01
684 0 +4.400962496e-06 +2.223100044e+02 +2.223100044e+02 -1.5097e+00 +3.8188e-01
710 0 +2.812143890e-06 +2.223100028e+02 +2.223100028e+02 -1.5095e+00 +3.8232e-01
719 0 +2.050641683e-07 +2.223100002e+02 +2.223100002e+02 -1.5104e+00 +3.8069e-01
734 0 +1.523548576e-07 +2.223100002e+02 +2.223100002e+02 -1.5110e+00 +3.7942e-01
757 0 +6.938307706e-08 +2.223100001e+02 +2.223100001e+02 -1.5111e+00 +3.7929e-01
758 0 +5.916038504e-08 +2.223100001e+02 +2.223100001e+02 -1.5108e+00 +3.7980e-01
770 0 +1.748588829e-09 +2.223100000e+02 +2.223100000e+02 -1.5108e+00 +3.7984e-01
967 0 +0.000000000e+00 +2.223100000e+02 +2.223100000e+02 -1.5108e+00 +3.7980e-01
% f evaluations | g evaluations | best noise-free fitness - Fopt (9.175000000000e+01) + sum g_i+ | measured fitness | best measured fitness or single-digit g-values | x1 | x2...
1 0 +1.723773849e+05 +1.724691349e+05 +1.724691349e+05 +3.6628e+00 +1.1104e+00
2 0 +5.958464164e+03 +6.050214164e+03 +6.050214164e+03 -3.6709e-01 -6.2666e-01
6 0 +1.998995006e+03 +2.090745006e+03 +2.090745006e+03 -6.5404e-01 +1.3300e+00
10 0 +1.095664709e+01 +1.027066471e+02 +1.027066471e+02 -2.1919e+00 +1.3560e+00
13 0 +3.282179211e+00 +9.503217921e+01 +9.503217921e+01 -2.5591e+00 +1.2385e+00
15 0 +1.132380291e+00 +9.288238029e+01 +9.288238029e+01 -2.3168e+00 +1.4669e+00
83 0 +8.327997815e-01 +9.258279978e+01 +9.258279978e+01 -2.5897e+00 +1.4279e+00
84 0 +7.726739332e-01 +9.252267393e+01 +9.252267393e+01 -2.4290e+00 +1.5277e+00
88 0 +6.641424582e-01 +9.241414246e+01 +9.241414246e+01 -2.4612e+00 +1.4086e+00
103 0 +5.024881678e-01 +9.225248817e+01 +9.225248817e+01 -2.4505e+00 +1.4404e+00
105 0 +4.904484216e-01 +9.224044842e+01 +9.224044842e+01 -2.4591e+00 +1.4459e+00
106 0 +4.652337433e-01 +9.221523374e+01 +9.221523374e+01 -2.4398e+00 +1.4702e+00
109 0 +3.605984992e-01 +9.211059850e+01 +9.211059850e+01 -2.3329e+00 +1.5620e+00
116 0 +3.034222806e-01 +9.205342228e+01 +9.205342228e+01 -2.3108e+00 +1.5597e+00
120 0 +2.896583303e-01 +9.203965833e+01 +9.203965833e+01 -2.2990e+00 +1.5751e+00
127 0 +2.806113848e-01 +9.203061138e+01 +9.203061138e+01 -2.2685e+00 +1.5878e+00
129 0 +1.599564927e-01 +9.190995649e+01 +9.190995649e+01 -2.1556e+00 +1.7334e+00
160 0 +1.046673911e-01 +9.185466739e+01 +9.185466739e+01 -1.9795e+00 +1.9472e+00
164 0 +2.625318326e-02 +9.177625318e+01 +9.177625318e+01 -1.9192e+00 +2.0725e+00
172 0 +2.877615875e-03 +9.175287762e+01 +9.175287762e+01 -1.7901e+00 +2.2986e+00
185 0 +2.186414549e-04 +9.175021864e+01 +9.175021864e+01 -1.7498e+00 +2.3820e+00
267 0 +5.139576733e-05 +9.175005140e+01 +9.175005140e+01 -1.7656e+00 +2.3507e+00
315 0 +3.339534356e-05 +9.175003340e+01 +9.175003340e+01 -1.7651e+00 +2.3527e+00
321 0 +1.665390360e-05 +9.175001665e+01 +9.175001665e+01 -1.7572e+00 +2.3679e+00
323 0 +1.357141009e-05 +9.175001357e+01 +9.175001357e+01 -1.7573e+00 +2.3678e+00
325 0 +7.123110663e-06 +9.175000712e+01 +9.175000712e+01 -1.7592e+00 +2.3642e+00
326 0 +6.105175004e-06 +9.175000611e+01 +9.175000611e+01 -1.7598e+00 +2.3626e+00
338 0 +5.888484225e-07 +9.175000059e+01 +9.175000059e+01 -1.7603e+00 +2.3618e+00
357 0 +4.219567700e-07 +9.175000042e+01 +9.175000042e+01 -1.7615e+00 +2.3594e+00
366 0 +3.618692119e-07 +9.175000036e+01 +9.175000036e+01 -1.7614e+00 +2.3596e+00
372 0 +3.048852903e-07 +9.175000030e+01 +9.175000030e+01 -1.7609e+00 +2.3605e+00
376 0 +4.477487892e-08 +9.175000004e+01 +9.175000004e+01 -1.7608e+00 +2.3608e+00
386 0 +1.063330046e-08 +9.175000001e+01 +9.175000001e+01 -1.7611e+00 +2.3602e+00
404 0 +2.541455046e-09 +9.175000000e+01 +9.175000000e+01 -1.7610e+00 +2.3604e+00
584 0 +0.000000000e+00 +9.175000000e+01 +9.175000000e+01 -1.7610e+00 +2.3604e+00
