% f evaluations | g evaluations | best noise-free fitness - Fopt (-1.694000000000e+01) + sum g_i+ | measured fitness | best measured fitness or single-digit g-values | x1 | x2...
1 0 +6.653790393e+01 +4.959790393e+01 +4.959790393e+01 -4.3054e+00 +2.3913e+00 +3.1668e+00 -1.2500e+00 -2.6962e+00 -2.8489e+00 +1.9986e+00 +4.8115e+00 -3.7461e+00 -2.4543e+00
9 0 +1.206882223e+01 -4.871177773e+00 -4.871177773e+00 +2.9372e+00 +1.2559e+00 -3.2039e+00 +8.8184e-01 +4.6841e+00 -2.2724e+00 +6.5189e-01 -4.0294e+00 -1.4057e+00 -8.0521e-01
77 0 +6.947895241e+00 -9.992104759e+00 -9.992104759e+00 +2.9372e+00 +2.4252e+00 -3.2039e+00 +8.8184e-01 +4.6841e+00 -2.2724e+00 +6.5189e-01 -3.2918e+00 -1.4057e+00 -8.0521e-01
291 0 +4.921627961e+00 -1.201837204e+01 -1.201837204e+01 +3.0352e+00 +5.6376e-01 -2.7548e+00 +1.7865e+00 +3.6913e+00 -1.5334e+00 +4.7353e+00 -2.4030e+00 -2.2683e+00 -2.7184e+00
451 0 +4.413628094e+00 -1.252637191e+01 -1.252637191e+01 +3.0352e+00 +5.6376e-01 -2.7548e+00 +1.7865e+00 +3.6913e+00 -3.3786e+00 +4.7353e+00 -1.5156e-01 -1.3238e+00 -2.7184e+00
763 0 +4.076495862e+00 -1.286350414e+01 -1.286350414e+01 +2.6020e+00 +2.2118e+00 -5.0000e+00 +1.2635e+00 +4.5073e+00 -2.5957e+00 +5.0000e+00 -5.0000e+00 -8.3122e-01 -1.5741e+00
901 0 +3.871461343e+00 -1.306853866e+01 -1.306853866e+01 +3.1788e+00 +1.6459e+00 -3.1320e+00 +1.5082e-01 +4.6976e+00 -2.8489e+00 +2.1802e+00 -3.8263e+00 -7.3405e-01 -1.1801e+00
923 0 +2.953776342e+00 -1.398622366e+01 -1.398622366e+01 +4.4257e+00 +2.2118e+00 -5.0000e+00 +7.2328e-01 +4.5073e+00 -2.5957e+00 +2.8313e+00 -4.7624e+00 -8.3122e-01 -1.5741e+00
1523 0 +2.458673213e+00 -1.448132679e+01 -1.448132679e+01 +2.1908e+00 +2.2118e+00 -5.0000e+00 +1.6172e+00 +4.5073e+00 -2.4749e+00 +5.0000e+00 -4.7624e+00 -4.1387e-01 -1.5741e+00
1699 0 +1.629310307e+00 -1.531068969e+01 -1.531068969e+01 +4.1173e+00 +2.5497e+00 -2.7342e+00 +1.1355e+00 +9.9290e-01 -2.5849e+00 +3.1278e+00 -2.3123e+00 -5.7700e-02 -1.4271e+00
2735 0 +1.013807598e+00 -1.592619240e+01 -1.592619240e+01 +3.9928e+00 +2.3980e+00 -4.2807e+00 +1.1344e+00 +1.9860e+00 -2.4738e+00 +3.1692e+00 -3.2263e+00 -1.3274e+00 -1.6416e+00
3739 0 +9.404171563e-01 -1.599958284e+01 -1.599958284e+01 +3.0498e+00 +2.6762e+00 -1.2422e+00 +1.0751e+00 +1.6509e+00 -2.2465e+00 +3.7077e+00 -2.3123e+00 -4.4383e-01 -1.6065e+00
3821 0 +8.926431933e-01 -1.604735681e+01 -1.604735681e+01 +3.8578e+00 +2.1165e+00 -2.7132e+00 +5.7688e-01 +1.8940e+00 -1.6350e+00 +3.4658e+00 -2.3760e+00 -2.9252e-01 -1.6796e+00
% f evaluations | g evaluations | best noise-free fitness - Fopt (1.881000000000e+01) + sum g_i+ | measured fitness | best measured fitness or single-digit g-values | x1 | x2...
1 0 +2.870352806e+01 +4.751352806e+01 +4.751352806e+01 -1.3889e+00 +2.6519e+00 +3.8469e+00 -4.5893e+00 +3.8420e+00 +4.5979e+00 +5.5607e-01 -4.6067e-02 -3.9593e+00 +3.6053e+00
3 0 +2.149962367e+01 +4.030962367e+01 +4.030962367e+01 +2.2345e+00 -2.6074e+00 +2.1565e+00 +4.4271e+00 +1.7217e+00 -4.3487e+00 -1.0930e+00 +4.8803e+00 -4.4113e+00 -3.7862e+00
4 0 +2.078082840e+01 +3.959082840e+01 +3.959082840e+01 -1.3176e+00 +1.5902e+00 +2.0972e+00 +1.1457e+00 +6.2705e-01 +2.2384e+00 +3.3052e+00 +1.8858e+00 -1.6960e+00 +1.0473e+00
5 0 +1.957048552e+01 +3.838048552e+01 +3.838048552e+01 -4.8853e+00 -4.1342e+00 +4.6708e-01 -2.1295e+00 +3.3610e+00 +4.6268e+00 +4.9312e+00 -1.1080e+00 -6.8721e-01 +2.5504e+00
6 0 +1.895818555e+01 +3.776818555e+01 +3.776818555e+01 +2.6802e+00 -3.4966e+00 +4.3367e+00 +3.7318e+00 -3.6285e+00 -4.4534e+00 +3.3840e+00 -3.0772e+00 -1.7565e-01 +4.6981e+00
7 0 +1.429836654e+01 +3.310836654e+01 +3.310836654e+01 +4.3812e+00 -8.2284e-01 -5.9286e-01 +3.0027e+00 +3.0191e-01 +3.6921e+00 +2.3438e+00 +3.5857e+00 -5.4250e-01 +2.7218e+00
16 0 +1.361106754e+01 +3.242106754e+01 +3.242106754e+01 +3.3623e+00 -4.1781e+00 +1.8803e+00 -1.3002e+00 -1.4976e+00 +1.9418e+00 +3.2329e+00 -3.1360e+00 -3.8225e+00 +4.1497e+00
65 0 +1.031285260e+01 +2.912285260e+01 +2.912285260e+01 +2.2345e+00 -3.8052e-01 +2.1565e+00 +5.0000e+00 +1.7217e+00 +1.2018e+00 +3.4791e-01 +4.8803e+00 +2.5507e-01 +4.6634e+00
101 0 +8.625124530e+00 +2.743512453e+01 +2.743512453e+01 +4.0918e+00 +2.6519e+00 +3.8469e+00 +2.5662e+00 +5.3977e-01 +1.8557e+00 +5.5607e-01 +4.4320e-01 -4.3208e+00 +2.3530e+00
213 0 +8.029247886e+00 +2.683924789e+01 +2.683924789e+01 -3.0270e+00 +6.7780e-01 +1.3927e+00 -1.2669e+00 +3.1365e+00 +6.1511e-01 +5.0000e+00 -3.7949e+00 +1.7248e+00 +2.3301e+00
401 0 +4.625953862e+00 +2.343595386e+01 +2.343595386e+01 +2.9096e-01 +6.7792e-01 +1.9363e+00 +1.1001e+00 +4.1502e-01 -2.6487e+00 +6.9342e-01 -2.0844e-01 -2.9076e+00 +2.7267e+00
927 0 +2.723787884e+00 +2.153378788e+01 +2.153378788e+01 -1.1426e-02 +1.1622e+00 +1.4046e+00 +4.7570e-01 +2.4682e+00 -1.0060e+00 +6.9342e-01 +5.7817e-01 -8.9987e-01 +1.9510e+00
3043 0 +2.252936200e+00 +2.106293620e+01 +2.106293620e+01 +1.8162e+00 +1.9731e+00 +1.3847e-01 +4.1859e-03 +1.2677e+00 -2.8680e+00 -1.5185e-01 +4.2261e-01 +3.6064e-02 +3.4921e+00
3237 0 +1.867310441e+00 +2.067731044e+01 +2.067731044e+01 -1.6412e-03 +1.9202e+00 -1.0835e+00 -5.6764e-01 +5.5474e-01 -3.7415e+00 +1.3183e-01 +1.7179e-01 +8.5415e-01 +2.5781e+00
3507 0 +1.793677557e+00 +2.060367756e+01 +2.060367756e+01 -7.6427e-01 +1.9990e+00 -4.0015e-01 -4.1315e-01 +1.6986e+00 -3.3316e+00 +6.2265e-01 -4.2770e-01 +5.4343e-01 +2.7979e+00
3873 0 +1.418819198e+00 +2.022881920e+01 +2.022881920e+01 -1.3981e-01 +2.2145e+00 -2.0223e-01 -3.0263e-02 +1.4282e+00 -3.5476e+00 +9.2022e-01 +6.5374e-01 -5.9454e-01 +2.4852e+00
% f evaluations | g evaluations | best noise-free fitness - Fopt (2.731500000000e+02) + sum g_i+ | measured fitness | best measured fitness or single-digit g-values | x1 | x2...
1 0 +3.023392024e+01 +3.033839202e+02 +3.033839202e+02 +1.4155e+00 +3.3511e+00 +3.1793e+00 -1.2527e+00 +9.5872e-01 -2.6097e-01 +3.5402e+00 +2.5613e+00 +1.8739e+00 +2.7246e+00
2 0 +2.567190930e+01 +2.988219093e+02 +2.988219093e+02 +1.7011e+00 +3.3467e+00 -1.8369e+00 +1.1598e+00 -2.5296e+00 -1.1612e+00 -2.5092e+00 +7.6794e-01 +8.2786e-01 +2.7191e+00
10 0 +2.253392450e+01 +2.956839245e+02 +2.956839245e+02 -2.4345e+00 -1.4647e+00 -4.1943e+00 -2.9412e+00 -2.9666e-01 -2.9770e+00 -1.1767e+00 -3.6340e+00 -3.2650e+00 +2.7624e+00
11 0 +1.761843068e+01 +2.907684307e+02 +2.907684307e+02 -2.6032e+00 +4.5246e+00 -6.7779e-01 -4.7392e+00 +1.0045e+00 -2.9071e+00 -6.1432e-01 -3.3256e+00 -4.5635e+00 -2.2647e+00
23 0 +1.267628082e+01 +2.858262808e+02 +2.858262808e+02 +1.7011e+00 +3.3467e+00 -1.8369e+00 +1.1598e+00 -2.5296e+00 -1.1612e+00 +5.7624e-01 -5.0000e+00 +8.2786e-01 +5.0000e+00
41 0 +1.099895250e+01 +2.841489525e+02 +2.841489525e+02 -1.3109e+00 -1.9419e+00 -6.7779e-01 +4.5439e+00 +7.3122e-01 -2.9071e+00 -6.1432e-01 -3.3256e+00 -4.5635e+00 +2.7748e+00
71 0 +6.866808165e+00 +2.800168082e+02 +2.800168082e+02 +8.6566e-02 +4.4933e+00 +1.5429e+00 +3.2616e+00 +1.4576e+00 -2.5990e+00 -3.4417e-01 +6.3074e-01 -2.7514e+00 +1.5090e+00
233 0 +6.149779831e+00 +2.792997798e+02 +2.792997798e+02 -1.7774e-01 +2.9388e+00 -1.8529e+00 +1.7094e+00 +1.9613e+00 -3.1214e+00 -1.6401e+00 -3.6486e+00 -2.1657e+00 +2.7671e+00
277 0 +4.138826890e+00 +2.772888269e+02 +2.772888269e+02 -2.0823e+00 +1.2223e+00 +1.5690e+00 +3.3507e+00 -2.0261e-01 -4.7828e+00 -4.4141e-01 -2.2814e+00 -3.9666e+00 +2.5009e+00
475 0 +2.794401163e+00 +2.759444012e+02 +2.759444012e+02 -3.9487e+00 +2.9863e+00 -4.5776e-03 +2.5909e+00 -1.2336e+00 -3.9994e+00 +2.8923e-01 -5.4614e-01 -2.2420e+00 +3.6602e+00
1155 0 +2.553039098e+00 +2.757030391e+02 +2.757030391e+02 -3.9487e+00 +2.9863e+00 -1.4959e+00 +2.5909e+00 +1.5536e+00 -3.9994e+00 +2.8923e-01 -5.4614e-01 -2.2420e+00 +3.6602e+00
1661 0 +2.225274352e+00 +2.753752744e+02 +2.753752744e+02 -2.9855e+00 +2.4979e+00 -2.2508e-01 +2.1348e+00 +2.1302e+00 -2.8483e+00 +5.5447e-01 -2.2395e+00 -1.6700e+00 +3.3864e+00
2021 0 +2.126460127e+00 +2.752764601e+02 +2.752764601e+02 -2.9855e+00 +2.9030e+00 -8.6178e-01 +2.4672e+00 +2.1302e+00 -2.8483e+00 -1.1410e+00 -2.2395e+00 -1.6700e+00 +3.3864e+00
2483 0 +1.563643938e+00 +2.747136439e+02 +2.747136439e+02 -3.5034e+00 +4.1577e+00 -6.1246e-01 +2.2326e+00 +1.4454e+00 -4.2090e+00 -1.1190e+00 -6.4194e-01 -1.4317e+00 +4.0511e+00
3283 0 +1.069416434e+00 +2.742194164e+02 +2.742194164e+02 -3.5034e+00 +3.4489e+00 -6.1246e-01 +2.2326e+00 +2.2196e+00 -3.6394e+00 -1.1190e+00 -9.0096e-01 -1.4274e+00 +4.0511e+00
% f evaluations | g evaluations | best noise-free fitness - Fopt (3.718000000000e+01) + sum g_i+ | measured fitness | best measured fitness or single-digit g-values | x1 | x2...
1 0 +2.381555052e+01 +6.099555052e+01 +6.099555052e+01 +2.1041e+00 +2.6292e+00 +3.0674e-01 +2.4273e+00 -2.4730e-01 -1.6794e+00 +1.5468e+00 +2.2988e+00 +1.8512e+00 -7.6558e-02
2 0 +1.863416288e+01 +5.581416288e+01 +5.581416288e+01 -2.3983e+00 +3.7705e+00 +1.6158e+00 +3.2263e+00 -3.1894e+00 +2.5614e+00 +1.7082e+00 -3.1973e+00 -6.1978e-01 -4.3521e+00
9 0 +1.261151460e+01 +4.979151460e+01 +4.979151460e+01 -1.9265e+00 +3.5571e+00 +1.3150e+00 -2.4013e-01 -3.7815e+00 -2.0616e+00 +1.0738e+00 -1.5059e+00 +3.2048e+00 +3.2333e+00
37 0 +1.187026904e+01 +4.905026904e+01 +4.905026904e+01 +1.6935e+00 +3.5571e+00 +1.3150e+00 -2.4013e-01 -3.7815e+00 -2.0616e+00 +1.0738e+00 -1.5059e+00 -1.3884e+00 +3.2333e+00
235 0 +1.009801986e+01 +4.727801986e+01 +4.727801986e+01 -2.3188e+00 +5.0000e+00 +7.6210e-01 +5.0000e+00 +2.8206e-01 -1.2690e+00 -3.3476e+00 -2.7688e+00 -1.7389e+00 +2.9749e+00
299 0 +9.804789451e+00 +4.698478945e+01 +4.698478945e+01 -9.6278e-01 +1.0053e+00 -9.0937e-01 +3.5069e+00 -4.5238e+00 +6.6438e-02 -3.3312e+00 -2.0419e+00 -1.6517e+00 -1.5248e+00
311 0 +9.392481113e+00 +4.657248111e+01 +4.657248111e+01 +9.7800e-01 +5.0000e+00 +2.6204e+00 +2.4273e+00 -1.5880e+00 -2.8329e-01 +7.2061e-01 -2.6112e+00 -3.5950e+00 -2.2301e+00
347 0 +8.771442869e+00 +4.595144287e+01 +4.595144287e+01 -5.0000e+00 +1.2505e+00 +1.3145e+00 +4.5552e+00 -5.0000e+00 -3.5696e+00 -4.3983e+00 +5.1790e-01 -2.2900e+00 +2.4181e+00
405 0 +7.740215877e+00 +4.492021588e+01 +4.492021588e+01 -5.4779e-01 +3.3295e+00 +4.5439e+00 +4.1031e+00 -1.5901e+00 +1.3283e+00 -4.0804e+00 -3.9350e+00 -4.8818e-01 +5.0000e+00
517 0 +7.512924622e+00 +4.469292462e+01 +4.469292462e+01 -3.7693e+00 +8.3678e-01 +2.7965e+00 +4.5513e+00 -3.7815e+00 -2.0149e+00 -1.9497e+00 -1.5059e+00 -4.7662e+00 +3.2333e+00
557 0 +7.291013282e+00 +4.447101328e+01 +4.447101328e+01 -3.7693e+00 +8.3678e-01 +3.2149e+00 +3.1780e+00 -3.7815e+00 -2.0149e+00 -1.9497e+00 -1.5059e+00 -5.0000e+00 +3.0701e+00
585 0 +6.738094367e+00 +4.391809437e+01 +4.391809437e+01 -4.1096e+00 -9.0517e-02 -1.0210e+00 +4.0838e+00 -1.6278e+00 -2.2878e+00 -4.7053e-01 -4.5536e+00 -2.8979e+00 +7.3503e-01
677 0 +6.520799137e+00 +4.370079914e+01 +4.370079914e+01 -3.0916e+00 +7.8428e-01 +2.7232e+00 +3.1780e+00 -3.7815e+00 -2.0149e+00 -1.9497e+00 -1.5059e+00 -1.3962e-01 +3.0701e+00
691 0 +6.372864963e+00 +4.355286496e+01 +4.355286496e+01 -5.0000e+00 +1.2127e+00 +4.6425e+00 +1.9574e+00 -2.1724e+00 -6.1201e-01 -1.0149e+00 -1.7864e+00 -3.3162e+00 -7.0493e-01
769 0 +5.449762207e+00 +4.262976221e+01 +4.262976221e+01 -5.0000e+00 +9.6651e-01 +2.6624e+00 +3.7163e+00 -3.8937e+00 -1.4264e+00 -3.2288e+00 -3.5360e+00 -3.4706e+00 +1.6826e+00
807 0 +4.835953020e+00 +4.201595302e+01 +4.201595302e+01 -1.2705e-01 +1.5118e+00 +1.1971e+00 +2.9951e+00 -1.9789e+00 -1.5510e+00 +3.3887e-01 -3.5821e+00 -2.5684e+00 +2.6633e+00
865 0 +3.947972468e+00 +4.112797247e+01 +4.112797247e+01 -4.1096e+00 -9.0517e-02 -1.0210e+00 +3.6939e+00 -1.6278e+00 -2.2878e+00 -4.7053e-01 -4.5536e+00 -2.8979e+00 +7.3503e-01
867 0 +2.130245295e+00 +3.931024530e+01 +3.931024530e+01 -4.8298e+00 +2.3159e+00 +1.8983e+00 +2.7356e+00 -4.4954e+00 -1.9215e+00 +1.1733e+00 -3.1034e+00 -2.2900e+00 +3.1111e+00
1833 0 +1.605164583e+00 +3.878516458e+01 +3.878516458e+01 -4.6702e+00 +2.4923e+00 +1.7130e+00 +1.8000e+00 -3.4715e+00 -1.8992e+00 +1.2642e+00 -3.1615e+00 -2.3745e+00 +2.9366e+00
2983 0 +1.558988546e+00 +3.873898855e+01 +3.873898855e+01 -4.5782e+00 +2.1118e+00 +1.5198e+00 +9.8229e-01 -3.9032e+00 -1.0827e+00 +6.8771e-02 -3.2576e+00 -1.4591e+00 +3.4440e+00
3063 0 +1.353217875e+00 +3.853321787e+01 +3.853321787e+01 -4.5782e+00 +3.0938e+00 +1.5198e+00 +9.8229e-01 -3.9032e+00 -1.0827e+00 +6.8771e-02 -3.2576e+00 -1.4591e+00 +3.3392e+00
3109 0 +1.258305221e+00 +3.843830522e+01 +3.843830522e+01 -3.9246e+00 +2.0828e+00 +2.3477e+00 +2.0894e+00 -3.6836e+00 -1.2398e+00 +4.0941e-01 -3.2068e+00 -1.7141e+00 +3.5683e+00
3549 0 +1.152713542e+00 +3.833271354e+01 +3.833271354e+01 -3.8584e+00 +2.0828e+00 +2.3477e+00 +1.7896e+00 -3.0098e+00 -1.2398e+00 +4.0941e-01 -3.0057e+00 -1.7141e+00 +3.5683e+00
3589 0 +1.133572733e+00 +3.831357273e+01 +3.831357273e+01 -3.8584e+00 +2.0828e+00 +2.3477e+00 +1.7896e+00 -3.3904e+00 -1.2398e+00 +9.8900e-01 -3.0057e+00 -1.7141e+00 +3.5683e+00
3659 0 +1.058884975e+00 +3.823888498e+01 +3.823888498e+01 -3.8950e+00 +2.0306e+00 +1.7290e+00 +1.4310e+00 -3.7596e+00 -1.1925e+00 +2.0062e-02 -3.1707e+00 -1.7428e+00 +2.8328e+00
3903 0 +9.909884989e-01 +3.817098850e+01 +3.817098850e+01 -4.5782e+00 +3.1523e+00 +1.6316e+00 +9.8229e-01 -3.9032e+00 -1.0827e+00 +6.8771e-02 -3.2576e+00 -1.2600e+00 +3.3392e+00
% f evaluations | g evaluations | best noise-free fitness - Fopt (-1.479000000000e+02) + sum g_i+ | measured fitness | best measured fitness or single-digit g-values | x1 | x2...
1 0 +3.633746674e+01 -1.115625333e+02 -1.115625333e+02 +3.6588e+00 -4.0777e+00 +3.6818e+00 -1.6747e+00 +2.9881e+00 +1.9816e+00 -2.5764e+00 +1.1852e+00 -3.7207e+00 -2.9981e+00
2 0 +1.836542472e+01 -1.295345753e+02 -1.295345753e+02 +3.1022e+00 +2.9295e+00 -1.8126e-01 +1.8906e+00 -2.8702e+00 -1.2405e+00 +1.3594e+00 -4.8319e+00 +1.8214e+00 -8.9376e-01
3 0 +1.134099577e+01 -1.365590042e+02 -1.365590042e+02 -5.3551e-01 +2.8306e+00 +9.7729e-01 -4.2682e+00 +3.0526e+00 +1.1381e+00 +4.1557e+00 +2.9301e+00 +1.3503e+00 -1.6481e+00
4 0 +7.328892525e+00 -1.405711075e+02 -1.405711075e+02 +1.7877e+00 +1.1683e+00 +1.0056e+00 -1.6653e+00 -3.8422e-01 +3.1098e+00 -9.5222e-01 -3.0183e+00 -1.4113e+00 +1.5288e-01
227 0 +5.226443085e+00 -1.426735569e+02 -1.426735569e+02 -4.5905e-01 +1.1683e+00 +1.0056e+00 -1.6653e+00 -2.2523e+00 +3.1098e+00 -9.5222e-01 -3.5362e+00 -1.4113e+00 +1.5288e-01
1027 0 +5.082265723e+00 -1.428177343e+02 -1.428177343e+02 -2.3728e+00 +1.1683e+00 +1.0056e+00 -1.6653e+00 -2.2523e+00 +3.1098e+00 -9.5222e-01 -3.5362e+00 -1.4113e+00 +1.5288e-01
1409 0 +4.852821109e+00 -1.430471789e+02 -1.430471789e+02 -8.4168e-01 +4.0667e+00 +1.9052e+00 -9.6384e-01 +3.5264e-01 +4.3435e+00 +5.5404e-01 -2.3737e+00 -6.1030e-01 -8.7936e-01
1615 0 +4.147318276e+00 -1.437526817e+02 -1.437526817e+02 -2.4782e+00 -7.8555e-01 +1.7450e+00 -3.9867e+00 -2.7226e+00 +2.0299e+00 -1.6428e-01 -4.2775e+00 -4.7492e+00 +2.7773e+00
1677 0 +3.711996335e+00 -1.441880037e+02 -1.441880037e+02 -2.0016e-02 +1.6898e+00 +2.8562e+00 -1.5454e+00 -3.0342e+00 +1.7694e+00 -1.2455e+00 -3.4420e+00 -2.7530e+00 +1.7275e+00
2147 0 +3.508634475e+00 -1.443913655e+02 -1.443913655e+02 -2.3728e+00 +8.3905e-01 +1.0056e+00 -1.6653e+00 -3.9860e+00 +1.9820e+00 -9.5222e-01 -3.5362e+00 -1.4113e+00 +1.5288e-01
2157 0 +3.167063220e+00 -1.447329368e+02 -1.447329368e+02 -1.2563e+00 +1.6898e+00 +2.7746e+00 -1.5454e+00 -3.0342e+00 +1.7694e+00 -1.2455e+00 -3.4420e+00 -2.7753e+00 +1.7275e+00
2267 0 +3.137424928e+00 -1.447625751e+02 -1.447625751e+02 -2.3728e+00 -3.7672e-01 +1.0056e+00 -4.3422e+00 -2.6267e+00 +2.2235e+00 -9.5222e-01 -3.6360e+00 -5.0000e+00 +2.6537e+00
2397 0 +2.258275195e+00 -1.456417248e+02 -1.456417248e+02 -1.2563e+00 +1.6898e+00 +2.7746e+00 -1.2393e+00 -3.0342e+00 +1.7694e+00 -1.2096e+00 -3.4420e+00 -2.7753e+00 +2.7103e+00
% f evaluations | g evaluations | best noise-free fitness - Fopt (1.699300000000e+02) + sum g_i+ | measured fitness | best measured fitness or single-digit g-values | x1 | x2...
1 0 +3.706004530e+01 +2.069900453e+02 +2.069900453e+02 +3.3060e+00 +5.0055e-01 +2.3541e+00 +3.2232e+00 -4.5630e+00 +3.9472e+00 +9.4947e-01 +2.8024e+00 -4.7550e+00 +4.9262e+00
2 0 +1.991919143e+01 +1.898491914e+02 +1.898491914e+02 -2.1677e+00 +1.3838e+00 +1.2649e+00 +2.2478e+00 -8.3692e-01 -4.2914e+00 +4.5971e+00 +2.4406e+00 -1.8055e-01 +2.8330e-01
4 0 +1.379898810e+01 +1.837289881e+02 +1.837289881e+02 +3.0483e+00 +3.2414e+00 -3.2864e+00 -3.1995e+00 -3.0763e+00 +4.6780e-01 +5.4533e-01 +4.5330e+00 -1.5238e-01 +2.8671e+00
27 0 +8.527434793e+00 +1.784574348e+02 +1.784574348e+02 +1.7545e+00 +3.2414e+00 -3.5802e-01 -3.1995e+00 -3.2276e+00 +4.6780e-01 +5.4533e-01 +4.5330e+00 -1.5238e-01 +2.8671e+00
251 0 +7.988295998e+00 +1.779182960e+02 +1.779182960e+02 -3.2830e+00 +2.1733e+00 -5.0000e+00 -5.0000e+00 +5.4927e-01 +1.9724e+00 -1.1298e+00 +1.7849e+00 +2.4872e+00 +3.9273e+00
533 0 +7.339656217e+00 +1.772696562e+02 +1.772696562e+02 -1.5959e-01 +4.1288e-01 -3.5441e+00 -4.4046e-01 -4.0512e+00 +1.1205e+00 -1.1099e+00 +2.8510e-01 +1.6845e+00 -1.1106e-02
567 0 +7.049885146e+00 +1.769798851e+02 +1.769798851e+02 -3.2670e+00 -1.3971e+00 -2.0841e+00 -1.4751e+00 -1.3110e+00 -9.3763e-01 -1.7162e+00 +5.0000e+00 -2.4780e+00 +2.1626e+00
819 0 +5.610383700e+00 +1.755403837e+02 +1.755403837e+02 +3.7394e-01 +1.9861e+00 -1.2123e+00 -2.5425e+00 -4.8344e+00 +3.0671e-01 -2.1462e+00 +3.0663e+00 -2.4733e+00 -2.4022e+00
1037 0 +4.927799668e+00 +1.748577997e+02 +1.748577997e+02 +2.1325e-01 +2.8203e+00 -2.4148e+00 -3.1662e+00 -1.2446e+00 +1.8695e-02 -6.0612e-01 +5.0000e+00 +5.9299e-01 +1.5551e-01
1313 0 +3.811255584e+00 +1.737412556e+02 +1.737412556e+02 +2.8147e-01 -7.6635e-01 -1.2436e+00 -3.3570e+00 -4.2934e+00 +1.8513e+00 -1.0913e+00 +1.4766e+00 -3.5340e-01 -9.8021e-01
1991 0 +2.993930051e+00 +1.729239301e+02 +1.729239301e+02 -7.7882e-01 +1.0119e+00 -1.8873e+00 -1.1568e+00 -4.6802e+00 +3.6685e-02 +2.2430e-01 +3.3920e+00 -3.8096e+00 -1.3350e+00
2259 0 +2.688483964e+00 +1.726184840e+02 +1.726184840e+02 -7.9133e-01 +3.6137e-01 -1.2123e+00 -2.5425e+00 -3.1131e+00 -1.5049e+00 -4.5628e-01 +5.0000e+00 -1.4953e+00 -2.4022e+00
2979 0 +2.379268005e+00 +1.723092680e+02 +1.723092680e+02 -7.5583e-01 +3.6137e-01 -1.2123e+00 -2.5425e+00 -3.1167e+00 -1.4241e+00 -4.5628e-01 +5.0000e+00 -1.4953e+00 -2.4022e+00
3645 0 +2.172645037e+00 +1.721026450e+02 +1.721026450e+02 -1.3730e+00 +1.6684e-01 -2.1239e+00 -2.2500e+00 -3.9478e+00 -7.8752e-02 +3.9525e-01 +3.0289e+00 -2.6218e+00 +1.5141e-01
3765 0 +1.832139533e+00 +1.717621395e+02 +1.717621395e+02 -1.5273e+00 +1.6684e-01 -2.1239e+00 -2.2500e+00 -3.9478e+00 -7.8752e-02 +8.3356e-01 +3.0289e+00 -2.7848e+00 +1.5141e-01
3949 0 +1.703104546e+00 +1.716331045e+02 +1.716331045e+02 -6.4696e-01 -1.5619e-01 -2.4576e+00 -2.9656e+00 -4.0022e+00 -9.6990e-02 +5.0004e-01 +2.4495e+00 -2.3628e+00 -1.4242e+00
% f evaluations | g evaluations | best noise-free fitness - Fopt (1.181700000000e+02) + sum g_i+ | measured fitness | best measured fitness or single-digit g-values | x1 | x2...
1 0 +8.161059395e+01 +1.997805940e+02 +1.997805940e+02 +1.3489e+00 -6.3593e-01 +2.9664e+00 -2.4459e+00 -4.5425e+00 -2.9986e+00 +1.6084e+00 +2.1836e+00 -3.5448e+00 -4.0379e+00
2 0 +2.860242654e+01 +1.467724265e+02 +1.467724265e+02 +4.3131e+00 -3.6316e+00 +1.5721e+00 +4.7741e+00 +3.6531e+00 +1.5985e+00 +3.5332e+00 +1.5713e+00 -3.2391e-01 +2.8879e+00
7 0 +2.066880774e+01 +1.388388077e+02 +1.388388077e+02 +3.3854e+00 +9.9036e-01 +3.8098e+00 +1.5390e-01 +5.7532e-01 -4.2714e+00 +1.0226e+00 -4.3515e+00 -3.4608e+00 +1.4405e+00
13 0 +1.492000635e+01 +1.330900064e+02 +1.330900064e+02 +3.1510e+00 -2.3893e+00 -1.5873e+00 +2.4552e+00 -2.5931e+00 +2.7695e+00 -4.6103e+00 -4.3067e+00 +5.4926e-01 +3.9241e+00
47 0 +1.240023687e+01 +1.305702369e+02 +1.305702369e+02 +3.1716e-01 +2.0847e-01 -1.7596e+00 +9.4948e-01 -2.8602e+00 -2.0299e+00 +8.6393e-01 -1.3217e+00 -1.4286e+00 -2.3270e+00
79 0 +8.232313672e+00 +1.264023137e+02 +1.264023137e+02 +2.1377e+00 -2.9866e+00 -3.3520e+00 +4.0145e+00 -3.6574e+00 -2.3064e+00 -2.7251e+00 -1.6651e+00 -2.4055e+00 +2.3552e+00
201 0 +7.080160094e+00 +1.252501601e+02 +1.252501601e+02 +2.3984e+00 -4.3052e+00 -4.8441e+00 +1.8871e+00 -2.5757e+00 -1.7180e+00 +7.7865e-01 -2.2832e+00 -3.4593e+00 +3.2369e-01
249 0 +6.372420898e+00 +1.245424209e+02 +1.245424209e+02 +9.9654e-01 -3.5208e+00 -3.0544e+00 +1.1243e+00 -1.9012e+00 -1.1469e+00 +3.3279e+00 -3.3828e+00 -2.6280e+00 +5.0000e+00
281 0 +5.744505759e+00 +1.239145058e+02 +1.239145058e+02 +3.5451e+00 -4.3052e+00 -2.2151e+00 +1.8871e+00 -2.7398e+00 -1.7180e+00 +4.0916e+00 -2.2832e+00 +6.0439e-01 +3.2369e-01
479 0 +4.958133273e+00 +1.231281333e+02 +1.231281333e+02 +2.1377e+00 -2.9866e+00 -3.1674e+00 +4.0145e+00 -3.8211e+00 -3.2373e+00 +2.9272e+00 -1.6651e+00 -2.8874e+00 +2.3552e+00
759 0 +4.652490987e+00 +1.228224910e+02 +1.228224910e+02 +2.4901e+00 -3.8845e+00 -2.5966e+00 +1.9957e+00 -3.8211e+00 -3.2373e+00 +2.9272e+00 -1.6651e+00 -2.1702e+00 +1.5142e+00
813 0 +4.279519583e+00 +1.224495196e+02 +1.224495196e+02 +6.0029e-01 -3.2748e+00 -3.3520e+00 +2.6722e+00 -1.7656e+00 -2.4575e+00 +2.7817e+00 -2.8478e+00 -5.0000e+00 +2.1093e+00
973 0 +3.832384280e+00 +1.220023843e+02 +1.220023843e+02 +6.0029e-01 -3.2748e+00 -3.6531e+00 +2.6722e+00 -1.7656e+00 -2.4575e+00 +2.7817e+00 -2.8478e+00 -5.0000e+00 +2.7756e+00
1093 0 +1.477319873e+00 +1.196473199e+02 +1.196473199e+02 +6.0029e-01 -3.2748e+00 -3.1856e+00 +1.9776e+00 -1.7656e+00 -2.4575e+00 +2.7817e+00 -2.6334e+00 -2.3880e+00 +2.7756e+00
3077 0 +1.413503100e+00 +1.195835031e+02 +1.195835031e+02 +7.9625e-01 -3.2032e+00 -3.3164e+00 +2.5471e+00 -2.3064e+00 -2.5875e+00 +2.6946e+00 -2.6697e+00 -1.4730e+00 +2.4248e+00
3125 0 +1.024383163e+00 +1.191943832e+02 +1.191943832e+02 +8.9657e-01 -3.1398e+00 -3.5743e+00 +2.7607e+00 -2.8773e+00 -2.5012e+00 +2.8823e+00 -2.3050e+00 -2.6310e+00 +2.5242e+00
3811 0 +9.686322011e-01 +1.191386322e+02 +1.191386322e+02 +7.8145e-01 -2.4606e+00 -3.0894e+00 +2.7214e+00 -2.6076e+00 -2.4069e+00 +3.4855e+00 -2.9663e+00 -2.7455e+00 +2.1936e+00
3949 0 +7.827004481e-01 +1.189527004e+02 +1.189527004e+02 +1.0115e+00 -2.2745e+00 -2.7007e+00 +2.3311e+00 -2.1909e+00 -1.9198e+00 +2.6942e+00 -2.9214e+00 -2.3026e+00 +2.1818e+00
% f evaluations | g evaluations | best noise-free fitness - Fopt (-1.791300000000e+02) + sum g_i+ | measured fitness | best measured fitness or single-digit g-values | x1 | x2...
1 0 +6.765955254e+01 -1.114704475e+02 -1.114704475e+02 +3.6904e+00 +1.0610e+00 -3.3336e+00 -1.3568e+00 +3.1354e+00 +3.2341e+00 -3.4854e+00 -1.2960e-01 -2.0971e+00 +1.3462e+00
2 0 +6.368801171e+01 -1.154419883e+02 -1.154419883e+02 +3.7365e+00 -1.3658e+00 -1.3795e+00 -3.8578e+00 -5.2435e-01 +4.1220e+00 +3.4765e+00 +4.9278e+00 +4.8253e+00 -3.7156e+00
3 0 +2.550645615e+01 -1.536235438e+02 -1.536235438e+02 +1.9804e+00 -1.7532e+00 +7.7292e-01 -2.7954e+00 +3.2749e+00 -2.5011e+00 +2.9853e+00 +2.7643e+00 -3.6719e+00 +8.4840e-01
6 0 +1.609763271e+01 -1.630323673e+02 -1.630323673e+02 +3.7526e+00 -4.7535e+00 +4.8594e+00 -2.3667e-01 -3.3453e+00 -3.6555e+00 +1.1154e+00 -1.0055e+00 +2.0489e+00 -2.3612e+00
7 0 +7.785222192e+00 -1.713447778e+02 -1.713447778e+02 +3.0018e+00 -1.2838e+00 -5.2090e-01 -2.2174e+00 +7.9675e-01 -1.2100e+00 -9.7731e-01 -4.9235e+00 -4.4410e-01 -2.5698e+00
119 0 +7.678020166e+00 -1.714519798e+02 -1.714519798e+02 +2.2109e+00 -3.4432e+00 -1.1275e+00 -3.0476e+00 -3.5964e+00 +4.2563e+00 +3.6638e-01 +9.6694e-01 -7.4877e-01 -3.1711e+00
137 0 +6.818738122e+00 -1.723112619e+02 -1.723112619e+02 +1.7133e+00 -1.3693e+00 +2.9547e+00 -2.9083e+00 +1.6176e+00 +3.2172e+00 +5.0497e-01 -2.5849e+00 -2.5506e+00 +2.2840e-01
223 0 +5.646506382e+00 -1.734834936e+02 -1.734834936e+02 +2.0689e+00 -1.3658e+00 -1.3795e+00 +4.4807e-01 -5.2435e-01 +4.1220e+00 -1.7928e+00 +1.4859e-01 -4.1260e+00 -3.7156e+00
473 0 +5.620468988e+00 -1.735095310e+02 -1.735095310e+02 +3.0018e+00 -1.2838e+00 -5.2090e-01 -2.2174e+00 +7.9675e-01 +4.2134e+00 -9.7731e-01 -2.5566e-01 -4.4410e-01 -2.5698e+00
745 0 +5.416004771e+00 -1.737139952e+02 -1.737139952e+02 +2.6919e+00 -2.4260e+00 +1.0101e+00 -3.7117e+00 -2.1501e+00 +3.6786e+00 -1.0424e+00 -2.5386e+00 -1.8494e+00 +8.6095e-01
773 0 +5.276624419e+00 -1.738533756e+02 -1.738533756e+02 +4.4458e+00 -3.0354e+00 +5.0949e-01 -2.7981e-01 +7.3837e-01 +5.0000e+00 -1.1329e+00 -1.3596e+00 -2.4717e+00 -1.7525e+00
865 0 +3.873446627e+00 -1.752565534e+02 -1.752565534e+02 +2.6919e+00 -2.3948e+00 +1.0101e+00 -3.7117e+00 -1.4165e+00 +3.6786e+00 -1.0424e+00 -2.5386e+00 -1.8494e+00 +8.6095e-01
889 0 +3.607086469e+00 -1.755229135e+02 -1.755229135e+02 +1.6734e+00 -1.0289e+00 -1.6828e+00 -1.3516e+00 -1.3054e-01 +5.0000e+00 -6.6277e-01 -3.1940e+00 -4.2783e+00 -3.0765e+00
989 0 +2.824458174e+00 -1.763055418e+02 -1.763055418e+02 +1.3540e+00 -1.8419e+00 -5.9162e-01 -3.0476e+00 +3.2645e-01 +1.5079e+00 -1.0419e+00 -3.2828e+00 -1.5777e+00 -2.0445e+00
1745 0 +2.620132765e+00 -1.765098672e+02 -1.765098672e+02 +2.8334e+00 -2.3948e+00 +5.6500e-01 -3.5336e+00 -8.9101e-02 +3.7779e+00 -1.8466e+00 -2.8375e+00 -2.5716e+00 -1.1918e+00
2105 0 +2.395301211e+00 -1.767346988e+02 -1.767346988e+02 +3.3390e+00 -2.3948e+00 +7.9724e-01 -3.5336e+00 -8.9101e-02 +2.7443e+00 -1.8466e+00 -3.0770e+00 -2.5716e+00 -1.1918e+00
2459 0 +2.098081991e+00 -1.770319180e+02 -1.770319180e+02 +2.4434e+00 -1.3788e+00 +2.6397e-01 -1.7572e+00 -7.1551e-01 +3.7779e+00 -1.2771e+00 -1.7183e+00 -1.5898e+00 -1.3427e+00
2509 0 +2.033023455e+00 -1.770969765e+02 -1.770969765e+02 +2.1348e+00 -1.8419e+00 +5.3060e-01 -4.0550e+00 -6.5364e-01 +2.8619e+00 -1.0419e+00 -2.3977e+00 -1.5777e+00 -1.0175e+00
3015 0 +1.507326649e+00 -1.776226734e+02 -1.776226734e+02 +2.7778e+00 -1.7950e+00 +7.6823e-01 -2.1808e+00 -6.6310e-01 +2.4043e+00 -9.2204e-01 -2.6678e+00 -1.2976e+00 -1.1041e+00
3499 0 +1.379564548e+00 -1.777504355e+02 -1.777504355e+02 +2.8021e+00 -1.3788e+00 +2.6397e-01 -1.7352e+00 -2.7043e-01 +3.4293e+00 -1.6239e+00 -1.7183e+00 -1.5898e+00 -1.3427e+00
% f evaluations | g evaluations | best noise-free fitness - Fopt (-5.784000000000e+02) + sum g_i+ | measured fitness | best measured fitness or single-digit g-values | x1 | x2...
1 0 +2.568352624e+02 -3.215647376e+02 -3.215647376e+02 +3.0584e+00 +2.0504e+00 +4.4148e+00 -1.4319e-01 -6.2380e-01 +3.5333e+00 +1.9707e+00 -3.5078e+00 -4.0722e+00 -1.9942e+00
2 0 +1.957946930e+02 -3.826053070e+02 -3.826053070e+02 +1.5118e+00 +5.3910e-01 -1.1876e+00 +3.4137e+00 +2.3053e-01 -2.3174e+00 +1.7674e+00 -7.7425e-01 -1.0501e+00 +3.4646e+00
3 0 +1.068647248e+02 -4.715352752e+02 -4.715352752e+02 +2.3273e+00 -3.8942e+00 +1.9031e+00 -2.2461e-01 -8.4624e-01 -3.0707e+00 -3.3611e+00 +2.4286e+00 -3.5205e+00 +4.7135e+00
4 0 +2.409118056e+01 -5.543088194e+02 -5.543088194e+02 +4.5145e+00 +1.3112e+00 -4.1090e+00 -4.3005e+00 +3.3530e-01 +2.8445e-01 -2.8074e+00 -3.6167e+00 -6.7403e-01 -1.2054e+00
6 0 +1.685648654e+01 -5.615435135e+02 -5.615435135e+02 -3.2343e+00 +1.3041e+00 -2.3442e+00 -4.0181e+00 -2.1876e+00 -4.5211e+00 -3.9066e+00 -8.6009e-01 -1.4774e+00 +2.2654e+00
12 0 +1.300400391e+01 -5.653959961e+02 -5.653959961e+02 -3.2542e+00 -3.2649e+00 -2.4191e+00 -8.9807e-01 -2.9030e+00 -4.0521e+00 -4.5901e+00 +2.8260e+00 +9.2978e-01 -3.4710e-01
169 0 +8.809173006e+00 -5.695908270e+02 -5.695908270e+02 -3.6757e+00 +1.6643e+00 -2.4567e+00 +7.7445e-02 -6.7619e-01 -2.4277e+00 -3.6047e+00 +3.0211e+00 +3.5893e+00 +3.4078e-01
235 0 +6.825196118e+00 -5.715748039e+02 -5.715748039e+02 -2.0754e+00 +4.9847e+00 -5.0000e+00 +1.9355e+00 -3.0093e+00 -5.0000e+00 -3.4182e+00 +5.2704e-01 +2.5812e+00 +8.4612e-01
261 0 +5.181773742e+00 -5.732182263e+02 -5.732182263e+02 -7.1381e-01 +5.0000e+00 -3.9174e+00 -8.4613e-01 -6.2380e-01 -1.8135e+00 -8.3653e-01 +1.5999e+00 +3.7774e+00 -1.9942e+00
599 0 +4.985391845e+00 -5.734146082e+02 -5.734146082e+02 -4.6360e+00 +2.2766e+00 -3.2027e+00 -1.6603e+00 -3.8881e+00 -1.1209e+00 -4.8274e+00 +3.2315e+00 +1.2999e+00 -2.8658e+00
755 0 +4.049730372e+00 -5.743502696e+02 -5.743502696e+02 -2.4813e+00 +4.7740e+00 -2.3346e+00 -5.7212e-01 -2.2463e+00 -2.9176e+00 -2.1539e+00 +5.2704e-01 +2.0848e+00 -1.9525e+00
1025 0 +3.802267538e+00 -5.745977325e+02 -5.745977325e+02 -1.7871e+00 +4.3585e+00 -2.6753e+00 +5.5557e-01 -1.0601e+00 -3.3963e+00 -2.3205e+00 +6.0224e-01 +3.6661e+00 -1.8228e+00
1185 0 +2.671892288e+00 -5.757281077e+02 -5.757281077e+02 -2.3613e+00 +4.3585e+00 -3.5232e+00 +9.7252e-01 -1.0601e+00 -3.3963e+00 -2.3205e+00 +6.0224e-01 +4.3607e+00 -1.8228e+00
1755 0 +2.201012601e+00 -5.761989874e+02 -5.761989874e+02 -4.7594e+00 +4.2264e+00 -2.3346e+00 -5.7212e-01 -1.2821e+00 -3.0771e+00 -3.1923e+00 -3.3376e-01 +2.0848e+00 -2.8150e+00
2143 0 +1.663379865e+00 -5.767366201e+02 -5.767366201e+02 -2.5153e+00 +5.0000e+00 -3.2050e+00 +5.9017e-01 -7.1365e-01 -3.3656e+00 -3.9383e+00 -1.1782e-01 +3.4534e+00 -3.2407e+00
2503 0 +1.637524457e+00 -5.767624755e+02 -5.767624755e+02 -2.5153e+00 +5.0000e+00 -3.2050e+00 +2.5961e-01 -7.1365e-01 -3.3656e+00 -3.9383e+00 -1.1782e-01 +3.4232e+00 -2.9510e+00
2563 0 +1.443229428e+00 -5.769567706e+02 -5.769567706e+02 -4.1595e+00 +3.8411e+00 -2.6006e+00 -5.3469e-01 -2.7492e+00 -2.3423e+00 -4.1449e+00 +1.2432e+00 +2.0326e+00 -2.0301e+00
2761 0 +1.391873654e+00 -5.770081263e+02 -5.770081263e+02 -3.5793e+00 +3.6823e+00 -2.5003e+00 +5.2617e-01 -2.1402e+00 -2.6440e+00 -3.2768e+00 +5.2258e-01 +1.7761e+00 -2.1215e+00
3001 0 +1.210139077e+00 -5.771898609e+02 -5.771898609e+02 -2.9603e+00 +5.0000e+00 -2.5003e+00 +5.2617e-01 -2.1402e+00 -2.5279e+00 -3.2768e+00 +1.1446e+00 +1.7761e+00 -2.0513e+00
3959 0 +8.003538910e-01 -5.775996461e+02 -5.775996461e+02 -3.8960e+00 +3.6940e+00 -2.6697e+00 -2.8346e-01 -2.2687e+00 -3.4811e+00 -3.7697e+00 +6.4630e-01 +1.3493e+00 -2.1037e+00
% f evaluations | g evaluations | best noise-free fitness - Fopt (1.000000000000e+03) + sum g_i+ | measured fitness | best measured fitness or single-digit g-values | x1 | x2...
1 0 +1.361703453e+01 +1.013617035e+03 +1.013617035e+03 -2.2553e+00 +6.4818e-01 -3.3310e+00 -2.8464e+00 -1.2982e+00 +4.4236e-01 +3.7859e-01 -1.6347e-01 +2.5539e+00 -1.6965e+00
33 0 +1.322766013e+01 +1.013227660e+03 +1.013227660e+03 +2.5665e+00 +8.8876e-01 -1.1828e+00 +1.2236e+00 +2.1805e+00 +3.7480e+00 +1.1212e+00 +3.0206e+00 -4.1048e+00 +2.1744e+00
141 0 +1.198978745e+01 +1.011989787e+03 +1.011989787e+03 +1.4119e+00 -3.0119e+00 +1.8721e+00 -2.8464e+00 -1.2982e+00 +4.4236e-01 +3.7859e-01 -1.6347e-01 -1.5803e+00 -1.6965e+00
181 0 +8.096446453e+00 +1.008096446e+03 +1.008096446e+03 +1.4119e+00 -3.0119e+00 +1.8721e+00 -2.8464e+00 -1.2982e+00 +4.4236e-01 -1.5003e+00 +1.7611e+00 -1.5803e+00 +1.9393e+00
535 0 +7.088718968e+00 +1.007088719e+03 +1.007088719e+03 -6.8044e-01 -6.8931e-01 +3.3812e+00 -3.4603e+00 -2.0503e+00 +5.0000e+00 -1.1873e+00 +3.2347e+00 -3.0235e+00 +2.9665e+00
623 0 +6.778897915e+00 +1.006778898e+03 +1.006778898e+03 -2.7958e+00 +7.0763e-01 -2.1427e+00 -3.3323e+00 -2.6281e+00 +2.2176e+00 +2.3076e+00 +2.3904e+00 -3.5096e+00 +3.9084e+00
863 0 +5.623456094e+00 +1.005623456e+03 +1.005623456e+03 -2.7958e+00 +3.9104e-01 -2.1427e+00 -3.3323e+00 -1.3290e+00 +2.2176e+00 +2.3076e+00 +3.6573e+00 -3.5096e+00 +3.9084e+00
1005 0 +4.732836311e+00 +1.004732836e+03 +1.004732836e+03 -7.7947e-01 -4.6567e+00 -1.9666e+00 -2.4065e+00 +9.0354e-01 +4.2509e+00 +5.4460e-01 +4.5663e+00 -2.4192e+00 +3.4125e+00
1477 0 +3.349732446e+00 +1.003349732e+03 +1.003349732e+03 -2.4684e+00 -2.8878e+00 -1.6859e+00 -1.8727e+00 -8.4429e-01 +3.2556e+00 +7.8870e-01 +2.9201e+00 -3.0937e+00 +4.2036e+00
1557 0 +3.137639731e+00 +1.003137640e+03 +1.003137640e+03 -2.4684e+00 -2.8878e+00 -1.8412e+00 -3.0667e+00 -1.6251e+00 +3.2556e+00 +7.8870e-01 +2.9201e+00 -3.1692e+00 +4.2036e+00
1717 0 +2.311379007e+00 +1.002311379e+03 +1.002311379e+03 -2.4684e+00 -2.8878e+00 -1.8412e+00 -2.8420e+00 -1.6251e+00 +3.2556e+00 +7.8870e-01 +2.9201e+00 -3.1692e+00 +4.2036e+00
3891 0 +1.997888502e+00 +1.001997889e+03 +1.001997889e+03 -3.3205e+00 -2.7655e+00 -4.1160e-01 -2.9819e+00 -2.7176e-01 +2.9171e+00 +4.5227e-01 +2.0368e+00 -3.7356e+00 +1.7549e+00
% f evaluations | g evaluations | best noise-free fitness - Fopt (-3.427000000000e+01) + sum g_i+ | measured fitness | best measured fitness or single-digit g-values | x1 | x2...
1 0 +2.206133750e+01 -1.220866250e+01 -1.220866250e+01 -3.8510e+00 -4.1079e+00 -1.2118e-01 -1.3831e+00 -2.4134e+00 +1.3136e+00 -4.1005e+00 -1.7787e-01 -2.6359e+00 -2.5872e+00
2 0 +1.998622720e+01 -1.428377280e+01 -1.428377280e+01 -1.6544e+00 +1.0348e+00 -3.8392e-02 -6.8810e-01 +2.4037e+00 -3.4092e+00 +1.4214e+00 +3.9451e+00 +4.1104e-02 +2.4856e-02
5 0 +1.877296927e+01 -1.549703073e+01 -1.549703073e+01 +2.2823e+00 -3.1213e+00 -2.8305e+00 +1.4080e-01 +2.1976e-01 +1.4169e+00 -1.6960e+00 -3.9929e+00 -8.2800e-01 -6.1062e-01
6 0 +1.657815435e+01 -1.769184565e+01 -1.769184565e+01 +2.0925e+00 +2.6617e-01 -1.6805e+00 -3.4682e+00 +8.2325e-01 +2.2122e+00 +1.3428e+00 -4.8308e+00 +3.6676e+00 -4.0035e+00
9 0 +1.607884560e+01 -1.819115440e+01 -1.819115440e+01 -3.2911e+00 -4.0731e-02 -3.8870e-01 +1.8874e+00 -1.3003e+00 -4.7549e+00 +3.1530e+00 -3.6349e+00 -3.0351e+00 +3.6576e-02
17 0 +1.450930163e+01 -1.976069837e+01 -1.976069837e+01 +4.2216e+00 +4.2306e+00 -1.8405e+00 +1.9248e-01 +2.5480e-01 +3.7531e+00 -1.4896e-02 -4.0558e+00 +1.1869e+00 +1.6867e+00
23 0 +8.554694827e+00 -2.571530517e+01 -2.571530517e+01 -2.1444e-01 -3.7030e+00 -3.8392e-02 -6.8810e-01 +2.4037e+00 -3.4092e+00 +1.4214e+00 -8.8703e-01 +4.1104e-02 +2.4856e-02
113 0 +7.715205783e+00 -2.655479422e+01 -2.655479422e+01 +4.2577e+00 -4.8610e-01 +8.8372e-01 -3.9553e-01 +2.6898e-01 -8.8107e-01 +1.1469e+00 -5.2410e-01 -1.6647e+00 +1.0964e+00
153 0 +7.476286735e+00 -2.679371326e+01 -2.679371326e+01 +4.2577e+00 -4.8610e-01 -9.2841e-01 -3.9553e-01 +2.6898e-01 -8.8107e-01 +1.1469e+00 -5.2410e-01 -1.6647e+00 +1.0964e+00
189 0 +7.043282567e+00 -2.722671743e+01 -2.722671743e+01 +2.2823e+00 -9.8348e-01 +1.3826e+00 +1.4080e-01 +2.1976e-01 +1.5461e-01 +2.3726e+00 +2.5035e+00 -3.0083e-01 +1.3534e+00
233 0 +6.458574248e+00 -2.781142575e+01 -2.781142575e+01 +4.2577e+00 -4.8610e-01 -9.2841e-01 +1.1483e+00 +1.8688e+00 -8.8107e-01 +1.1469e+00 -5.2410e-01 -6.8719e-01 +1.0964e+00
263 0 +5.617194436e+00 -2.865280556e+01 -2.865280556e+01 +5.0000e+00 +9.2103e-02 -3.8392e-02 +3.5392e-01 +2.4037e+00 -4.1407e-01 +1.8059e+00 +6.4213e-01 +4.1104e-02 +2.4856e-02
353 0 +4.846389936e+00 -2.942361006e+01 -2.942361006e+01 +1.9561e+00 -4.8610e-01 +4.3143e-01 +3.8270e+00 -1.2078e+00 -2.1653e+00 +2.3432e+00 -5.2410e-01 -8.8492e-01 -3.5071e+00
735 0 +4.360521496e+00 -2.990947850e+01 -2.990947850e+01 +2.6462e+00 -2.2915e+00 +1.0026e+00 +2.1198e+00 +1.8421e+00 -2.5059e+00 +1.4787e+00 -1.4647e+00 -6.6211e-02 -3.2026e+00
739 0 +4.194897012e+00 -3.007510299e+01 -3.007510299e+01 -1.3947e-01 +9.3770e-01 +1.1478e+00 +4.9918e-01 -1.7668e-01 +4.4442e-01 +3.9048e+00 +1.7215e+00 -1.9564e+00 -3.8407e+00
797 0 +3.258314587e+00 -3.101168541e+01 -3.101168541e+01 +2.2083e+00 -2.9656e-01 -9.8408e-02 +1.9946e+00 -6.3952e-01 -1.1373e+00 +9.1183e-01 +6.9966e-01 -3.0351e+00 -4.9850e+00
1019 0 +3.124939247e+00 -3.114506075e+01 -3.114506075e+01 +2.7841e+00 +1.0193e+00 +3.7207e-01 +3.2142e+00 +5.7854e-01 -1.3980e+00 +3.8604e+00 -2.8191e+00 +2.2850e+00 -3.8407e+00
1125 0 +1.935852625e+00 -3.233414737e+01 -3.233414737e+01 +2.9567e+00 +6.9922e-01 -3.6047e-01 -1.6313e+00 -3.0015e-01 +9.6101e-01 +1.0003e+00 +5.4914e-01 -1.0649e+00 -2.7690e+00
1869 0 +1.548836683e+00 -3.272116332e+01 -3.272116332e+01 +3.4119e+00 +6.3611e-01 -2.3361e-01 -1.5365e-01 +4.6996e-01 +1.2279e+00 +1.9626e+00 +4.9262e-01 -1.4900e+00 -2.6044e+00
1909 0 +1.360391123e+00 -3.290960888e+01 -3.290960888e+01 +3.4119e+00 +6.3611e-01 +8.6366e-02 -1.5365e-01 +9.3751e-01 +1.2279e+00 +2.0340e+00 +4.9262e-01 -1.4900e+00 -2.6044e+00
2057 0 +9.483256835e-01 -3.332167432e+01 -3.332167432e+01 +3.1443e+00 +3.1477e-01 +8.3690e-01 -1.2193e+00 +1.0448e+00 +1.6390e+00 +1.1452e+00 +5.9722e-01 -1.9640e+00 -2.7961e+00
% f evaluations | g evaluations | best noise-free fitness - Fopt (1.000000000000e+03) + sum g_i+ | measured fitness | best measured fitness or single-digit g-values | x1 | x2...
1 0 +1.278136698e+01 +1.012781367e+03 +1.012781367e+03 +3.6927e+00 -3.0793e-01 -1.1525e+00 -4.3149e+00 -3.0760e-01 -1.1107e+00 +2.8297e-01 -5.9792e-01 -2.4967e+00 +3.4100e+00
15 0 +1.172140790e+01 +1.011721408e+03 +1.011721408e+03 -1.5897e+00 +1.9186e+00 +7.7953e-01 +2.8883e-01 +1.4997e+00 +7.9575e-01 +9.1123e-01 +3.0684e+00 -2.8635e+00 -3.2294e-01
77 0 +1.088840744e+01 +1.010888407e+03 +1.010888407e+03 +4.7642e+00 +5.2601e-02 +2.2126e+00 -2.5004e+00 -3.7491e+00 -3.0164e+00 -1.4419e+00 -9.3889e-02 +7.7684e-01 +2.3189e+00
99 0 +1.038125552e+01 +1.010381256e+03 +1.010381256e+03 -2.5275e+00 -1.2607e+00 +2.2080e-01 -4.8580e-01 +3.0595e+00 +4.3693e+00 -4.3562e-01 +2.8562e+00 -1.3355e+00 +6.0136e-01
145 0 +9.339892241e+00 +1.009339892e+03 +1.009339892e+03 +2.5043e+00 -1.6758e+00 -8.3340e-01 -2.3079e+00 -1.9478e+00 -3.0802e+00 -2.1286e-01 +7.2639e-01 +6.3258e-02 +4.9761e+00
169 0 +6.379041060e+00 +1.006379041e+03 +1.006379041e+03 -1.5897e+00 +1.9186e+00 +2.1985e+00 +2.8883e-01 +1.4997e+00 +1.7604e+00 +9.1123e-01 -1.4266e+00 -2.8635e+00 +1.4701e+00
409 0 +4.896988363e+00 +1.004896988e+03 +1.004896988e+03 +5.2783e-01 +1.9186e+00 +2.1985e+00 -1.3120e+00 +1.4997e+00 +1.1393e+00 +9.1123e-01 -1.4266e+00 -5.2110e-01 +1.4701e+00
613 0 +4.560304344e+00 +1.004560304e+03 +1.004560304e+03 -2.2032e+00 +1.6617e+00 +1.2948e+00 -1.1966e+00 -1.0937e+00 +1.0680e+00 +1.8585e+00 -1.8974e-01 -9.8000e-01 +6.2885e-01
623 0 +4.450681330e+00 +1.004450681e+03 +1.004450681e+03 -2.8216e+00 +1.6631e+00 +1.5060e+00 -7.1536e-01 +1.2049e+00 +3.0339e+00 +1.9297e+00 -1.3077e+00 -2.9069e-01 -1.2657e-01
859 0 +4.056256616e+00 +1.004056257e+03 +1.004056257e+03 -2.5275e+00 +2.5643e+00 +2.3935e+00 -1.8779e+00 +1.5443e+00 +4.3693e+00 +2.6129e-01 -1.7361e+00 -1.0686e+00 +3.7852e-01
1061 0 +3.609913790e+00 +1.003609914e+03 +1.003609914e+03 -3.2059e+00 -3.0793e-01 +1.0252e+00 -2.5370e+00 +1.2750e+00 +5.0000e+00 -1.4676e+00 +1.8914e-01 +2.8125e-01 +2.3520e+00
1489 0 +3.317432890e+00 +1.003317433e+03 +1.003317433e+03 -5.2672e-01 +1.9186e+00 +2.1985e+00 -4.2611e-01 +1.4997e+00 +1.1393e+00 +1.8990e+00 -1.4266e+00 -5.2110e-01 +3.1068e-02
1643 0 +3.240632374e+00 +1.003240632e+03 +1.003240632e+03 -2.2337e+00 +3.0940e+00 +2.9005e+00 -1.9690e+00 -7.7385e-01 +2.2592e+00 -2.1028e-01 -1.9047e+00 -1.7186e+00 +2.2808e-01
1897 0 +2.721486222e+00 +1.002721486e+03 +1.002721486e+03 -1.9868e+00 +1.9456e+00 +1.1682e+00 -2.4586e-02 -1.2923e+00 +2.9733e+00 -6.4865e-01 -1.5042e+00 +1.4987e-02 +7.5529e-01
2083 0 +2.559019156e+00 +1.002559019e+03 +1.002559019e+03 -1.9600e+00 +1.2890e+00 +2.3509e+00 -1.5346e+00 -7.7385e-01 +3.1432e+00 -5.8783e-01 -1.9047e+00 -1.7186e+00 +2.2808e-01
2375 0 +1.752115096e+00 +1.001752115e+03 +1.001752115e+03 -7.4641e-01 +2.1268e+00 +1.6378e+00 -2.0216e+00 -1.0671e+00 +2.1778e+00 -2.0779e-01 -1.9190e+00 +7.2895e-01 +5.3653e-01
3187 0 +1.555764438e+00 +1.001555764e+03 +1.001555764e+03 -1.7374e+00 +1.3480e+00 +1.1934e+00 -7.8720e-01 -8.4023e-02 +3.4763e+00 +1.0238e+00 -2.7513e+00 -7.1145e-01 -5.7030e-01
3267 0 +1.207743396e+00 +1.001207743e+03 +1.001207743e+03 -1.7374e+00 +1.3480e+00 +1.1934e+00 -7.8720e-01 -8.4023e-02 +3.4763e+00 +3.7523e-01 -2.7513e+00 -7.1145e-01 -5.7030e-01
% f evaluations | g evaluations | best noise-free fitness - Fopt (-1.700300000000e+02) + sum g_i+ | measured fitness | best measured fitness or single-digit g-values | x1 | x2...
1 0 +2.188485655e+01 -1.481451434e+02 -1.481451434e+02 +2.5820e+00 +9.1714e-01 -6.9157e-01 -2.3477e+00 -2.7667e+00 +3.2731e+00 -4.4018e+00 +1.9571e+00 -2.6802e+00 +3.7856e+00
6 0 +1.546816763e+01 -1.545618324e+02 -1.545618324e+02 -3.0680e+00 -4.2165e+00 -2.7939e+00 -4.6639e+00 -2.2295e+00 +3.1089e+00 -4.1327e+00 -3.4684e+00 -2.8407e+00 -4.3144e+00
51 0 +9.988542744e+00 -1.600414573e+02 -1.600414573e+02 +1.4670e+00 +8.7369e-01 -3.1693e+00 +1.0507e+00 -4.8322e+00 +3.1940e+00 -3.4623e+00 -5.4643e-01 +1.3281e+00 +3.4257e-01
243 0 +7.250081913e+00 -1.627799181e+02 -1.627799181e+02 -1.8724e-01 -1.8333e+00 +1.3929e+00 +5.1173e-01 +3.9478e+00 -4.1920e+00 +3.6632e+00 -2.2061e+00 -1.8141e+00 -3.9515e+00
255 0 +6.585354864e+00 -1.634446451e+02 -1.634446451e+02 +8.2805e-01 -1.1902e+00 -9.6700e-01 +1.0151e+00 +2.5762e+00 -3.3893e+00 +4.2299e+00 -2.8047e+00 -5.0000e+00 -2.1077e-01
393 0 +6.079914635e+00 -1.639500854e+02 -1.639500854e+02 -1.2615e+00 -3.9184e+00 -9.3459e-01 +2.1138e+00 -1.0262e+00 +1.9959e+00 +2.6348e+00 -9.1918e-02 -4.0223e+00 -1.9219e+00
655 0 +5.998751521e+00 -1.640312485e+02 -1.640312485e+02 +1.6939e+00 -1.1902e+00 -9.6700e-01 +1.0151e+00 +2.5762e+00 -3.3893e+00 +4.2299e+00 +1.2411e+00 -4.1119e+00 -2.0330e+00
1359 0 +5.809709475e+00 -1.642202905e+02 -1.642202905e+02 -8.7551e-01 -1.7027e+00 +8.6373e-02 +1.9773e+00 +5.0000e+00 -5.0000e+00 +6.8879e-01 -2.1652e+00 -4.7365e+00 -2.0663e+00
1363 0 +3.586676759e+00 -1.664433232e+02 -1.664433232e+02 -1.8724e-01 -3.6511e+00 -1.1043e+00 +2.7439e+00 +3.9478e+00 -2.3074e+00 +3.6632e+00 -3.3583e+00 -5.0000e+00 -5.0000e+00
1633 0 +3.374564487e+00 -1.666554355e+02 -1.666554355e+02 -1.2615e+00 -3.9184e+00 -9.3459e-01 +8.9730e-01 +5.0000e+00 -4.2528e+00 +2.6348e+00 -9.1918e-02 -4.0223e+00 -1.9219e+00
1781 0 +3.284558697e+00 -1.667454413e+02 -1.667454413e+02 +3.0065e-01 -2.5349e+00 -2.8929e-01 +2.8478e+00 +4.6561e+00 -3.0272e+00 +1.5264e+00 -1.1431e+00 -4.5560e+00 -2.7975e+00
1981 0 +2.344432110e+00 -1.676855679e+02 -1.676855679e+02 +3.0065e-01 -2.5349e+00 -9.2489e-01 +2.8652e+00 +4.2954e+00 -3.8476e+00 +1.2146e+00 -1.1431e+00 -4.7365e+00 -2.7975e+00
2301 0 +2.282885642e+00 -1.677471144e+02 -1.677471144e+02 -1.9471e-01 -2.5349e+00 -9.2489e-01 +2.8652e+00 +3.4348e+00 -3.8476e+00 +1.2146e+00 -1.1431e+00 -4.7365e+00 -1.5473e+00
2445 0 +2.094318092e+00 -1.679356819e+02 -1.679356819e+02 +3.2258e-02 -3.4937e+00 -1.9602e+00 +2.0774e+00 +3.9512e+00 -2.5568e+00 +2.1472e+00 -2.4618e+00 -4.0137e+00 -4.8843e+00
2501 0 +2.016440629e+00 -1.680135594e+02 -1.680135594e+02 -1.9471e-01 -2.5349e+00 -9.2489e-01 +2.8652e+00 +3.4348e+00 -4.1459e+00 +1.2146e+00 -1.1431e+00 -4.7365e+00 -1.5473e+00
3583 0 +1.911543360e+00 -1.681184566e+02 -1.681184566e+02 +5.9194e-01 -2.9849e+00 -8.5172e-01 +2.8212e+00 +3.4348e+00 -3.2313e+00 +1.3691e+00 -1.5301e+00 -4.1932e+00 -2.1711e+00
3647 0 +1.759105197e+00 -1.682708948e+02 -1.682708948e+02 +4.0381e-01 -2.6214e+00 -1.3814e+00 +3.7404e+00 +4.1004e+00 -3.3757e+00 +2.3416e+00 -2.4808e+00 -4.2500e+00 -3.2016e+00
4007 0 +1.557242414e+00 -1.684727576e+02 -1.684727576e+02 +4.0381e-01 -2.6214e+00 -1.3814e+00 +3.0431e+00 +4.1004e+00 -3.3757e+00 +2.3416e+00 -2.1083e+00 -4.2500e+00 -3.2016e+00
4013 0 +1.294105951e+00 -1.687358940e+02 -1.687358940e+02 +2.8848e-02 -3.0354e+00 -1.6250e+00 +3.7459e+00 +2.1505e+00 -3.3757e+00 +2.5146e+00 -2.5223e+00 -4.2143e+00 -3.2623e+00
% f evaluations | g evaluations | best noise-free fitness - Fopt (2.567000000000e+01) + sum g_i+ | measured fitness | best measured fitness or single-digit g-values | x1 | x2...
1 0 +1.593604337e+01 +4.160604337e+01 +4.160604337e+01 -2.4502e+00 +1.4872e+00 +3.1980e-01 +2.3383e+00 -8.1485e-01 +1.3576e+00 +2.2655e+00 +9.9664e-01 -3.9779e+00 +2.8616e+00
6 0 +1.401168005e+01 +3.968168005e+01 +3.968168005e+01 +2.3422e+00 -3.7868e-01 -5.6317e-01 +1.3879e+00 -4.7473e+00 +2.7197e+00 -1.5146e-01 +3.1094e-01 -4.0269e+00 -3.3706e+00
18 0 +1.356938624e+01 +3.923938624e+01 +3.923938624e+01 +1.6906e+00 -2.1875e-02 +4.3565e+00 +1.5577e+00 -3.8321e+00 +4.1392e+00 +9.7675e-01 -6.2681e-02 -3.9804e+00 -1.9120e-01
25 0 +1.264619436e+01 +3.831619436e+01 +3.831619436e+01 -6.9787e-01 +1.1251e+00 +5.4549e-01 -7.2360e-01 -2.5405e+00 -1.6184e+00 -3.5036e+00 -1.8200e+00 +5.9382e-01 +3.2172e-01
59 0 +1.071929211e+01 +3.638929211e+01 +3.638929211e+01 +6.8627e-01 -3.4964e+00 +4.0508e+00 -3.8236e-03 -1.6979e+00 -3.2980e-01 +1.0928e+00 -4.6513e+00 -1.5559e+00 +3.6697e+00
145 0 +1.049355046e+01 +3.616355046e+01 +3.616355046e+01 +5.3257e-01 +1.9781e-01 +5.4549e-01 -7.2360e-01 -3.2994e+00 -1.6184e+00 -3.5036e+00 -5.0000e+00 +5.9382e-01 +3.2172e-01
215 0 +7.657474234e+00 +3.332747423e+01 +3.332747423e+01 +1.6906e+00 -2.1875e-02 +2.0725e+00 -9.5571e-02 -1.4093e-02 +2.0019e+00 +9.7675e-01 -6.2681e-02 -5.8511e-01 -1.9120e-01
437 0 +6.971606315e+00 +3.264160632e+01 +3.264160632e+01 +2.9265e+00 -2.7595e-01 -6.0311e-01 -2.7416e+00 -1.7447e+00 +2.2812e+00 -2.4468e+00 +1.4096e+00 -2.4200e+00 +1.3976e-01
581 0 +5.028856141e+00 +3.069885614e+01 +3.069885614e+01 -1.5597e+00 -1.5551e+00 +1.6746e+00 -1.6660e+00 -8.1485e-01 -7.1771e-01 -3.7201e+00 +1.3648e+00 -1.7517e+00 +7.0511e-01
1521 0 +4.369458557e+00 +3.003945856e+01 +3.003945856e+01 +1.7396e+00 -5.0000e+00 +1.8520e+00 -1.0226e+00 +4.1857e-01 +1.9321e+00 -2.5128e+00 -1.3277e-01 +1.9654e-01 -3.0120e+00
2095 0 +3.741852590e+00 +2.941185259e+01 +2.941185259e+01 +6.5074e-01 -2.4252e+00 +8.1486e-02 -3.6770e+00 -9.5076e-01 +3.6682e+00 -1.2368e+00 +1.9950e-01 -1.0723e+00 -1.3354e+00
2345 0 +3.682114874e+00 +2.935211487e+01 +2.935211487e+01 +6.9478e-01 -2.0604e+00 +5.4549e-01 -5.0000e+00 +1.2535e-01 +3.4162e+00 +1.3968e-01 -3.6280e-02 -3.3876e-01 -2.1374e+00
2425 0 +3.287305594e+00 +2.895730559e+01 +2.895730559e+01 +1.2634e+00 -2.0604e+00 +1.9844e+00 -5.0000e+00 +1.2535e-01 +3.4162e+00 +1.3968e-01 -9.4250e-02 -3.3876e-01 -1.9577e+00
2815 0 +3.111708740e+00 +2.878170874e+01 +2.878170874e+01 +6.5074e-01 -2.4252e+00 +8.1486e-02 -2.0798e+00 -9.5076e-01 +3.3963e+00 -1.3936e+00 +1.9950e-01 +2.1018e-02 -4.1069e+00
3531 0 +3.055181365e+00 +2.872518136e+01 +2.872518136e+01 +1.1309e+00 -1.8171e+00 +2.7419e+00 -4.3533e+00 +1.2774e+00 +1.4367e+00 -1.7910e+00 -2.1767e-01 -1.8441e+00 -3.0635e+00
3633 0 +2.633332994e+00 +2.830333299e+01 +2.830333299e+01 +5.6027e-01 -2.6156e+00 +1.3004e+00 -1.1447e+00 -1.9981e-01 +1.3836e+00 -2.8588e+00 -9.4952e-01 -7.4015e-01 -4.0039e+00
% f evaluations | g evaluations | best noise-free fitness - Fopt (2.081800000000e+02) + sum g_i+ | measured fitness | best measured fitness or single-digit g-values | x1 | x2...
1 0 +3.860007833e+01 +2.467800783e+02 +2.467800783e+02 +1.3008e+00 +2.7693e+00 +1.1292e+00 +4.2380e+00 +2.0445e+00 -2.2183e+00 +2.7719e-01 +1.9441e+00 +4.1420e+00 -8.3404e-01
2 0 +1.708942894e+01 +2.252694289e+02 +2.252694289e+02 -2.9979e+00 -1.7286e+00 -2.1398e+00 -4.2715e+00 -2.7228e+00 -2.9581e+00 -1.3490e+00 -2.4611e-01 +2.2693e+00 -8.8574e-01
6 0 +1.221458875e+01 +2.203945888e+02 +2.203945888e+02 -1.9263e+00 +9.7858e-01 -4.2181e-01 -1.3909e+00 -2.7666e+00 +4.3823e+00 -3.9651e+00 +6.7463e-01 -3.8747e+00 -5.2598e-01
23 0 +9.971966582e+00 +2.181519666e+02 +2.181519666e+02 -3.8800e-01 -1.7286e+00 -2.1398e+00 -4.2715e+00 -2.7228e+00 -2.9581e+00 -1.3490e+00 +9.7042e-01 -7.5263e-01 -8.8574e-01
33 0 +6.094549379e+00 +2.142745494e+02 +2.142745494e+02 +1.7270e+00 -4.7093e-01 -7.7152e-01 -3.4552e+00 -7.6135e-01 -1.6313e+00 +2.4111e+00 +1.0668e+00 +6.9071e-01 +1.9778e-01
265 0 +5.924651632e+00 +2.141046516e+02 +2.141046516e+02 -3.1037e+00 +5.2934e-01 +2.1253e+00 -3.9968e+00 -3.0774e+00 -2.8311e+00 -1.7032e+00 -3.5886e-01 -3.8003e+00 +4.7602e+00
529 0 +4.959536078e+00 +2.131395361e+02 +2.131395361e+02 -2.0356e+00 +1.7559e-01 -9.6285e-01 -2.1210e+00 -4.4309e+00 -3.1071e+00 -1.6084e+00 +2.2926e+00 -1.9324e+00 +5.0000e+00
1349 0 +3.701244130e+00 +2.118812441e+02 +2.118812441e+02 -2.8014e+00 -1.0567e+00 -1.0653e-02 -1.8557e+00 -1.1947e+00 -1.6835e-01 -5.8934e-01 -1.8421e+00 -1.0968e+00 +1.9682e+00
1383 0 +2.174862172e+00 +2.103548622e+02 +2.103548622e+02 -2.7218e+00 -8.8600e-01 +1.3764e+00 -2.1401e+00 -1.8451e+00 +4.6158e-02 -1.1516e+00 -1.4010e-01 -7.5263e-01 +2.0470e+00
1793 0 +1.850209955e+00 +2.100302100e+02 +2.100302100e+02 -1.6726e+00 -6.9641e-01 +9.1009e-01 -8.9073e-01 -7.6135e-01 +1.0178e+00 -1.5163e+00 +1.0668e+00 +1.4428e-01 +2.9532e+00
2577 0 +1.606631901e+00 +2.097866319e+02 +2.097866319e+02 -3.0692e+00 -5.9567e-01 -1.1550e+00 -2.3033e+00 -5.3115e-01 +4.3967e-01 -2.1980e+00 +5.0515e-02 -2.4945e-01 +2.4431e+00
