% f evaluations | g evaluations | best noise-free fitness - Fopt (7.627000000000e+01) + sum g_i+ | measured fitness | best measured fitness or single-digit g-values | x1 | x2...
1 0 +1.949914713e+07 +1.949922340e+07 +1.949922340e+07 +2.0705e-01 +1.9643e+00 -4.7339e+00 -2.5936e+00 +2.6466e+00
2 0 +1.777986386e+06 +1.778062656e+06 +1.778062656e+06 -3.4770e+00 -1.8886e+00 +4.3750e-01 -2.9406e+00 -1.1584e+00
17 0 +1.229110971e+05 +1.229873671e+05 +1.229873671e+05 -1.1245e+00 -2.1170e+00 -4.4382e-01 +2.1030e-01 -2.9640e+00
18 0 +3.566892556e+04 +3.574519556e+04 +3.574519556e+04 -3.0036e+00 -1.5567e+00 +6.0371e-02 -5.3909e-01 -2.1764e+00
31 0 +3.558178182e+03 +3.634448182e+03 +3.634448182e+03 -1.5868e+00 -2.7061e+00 -3.9571e-02 +1.2160e+00 -5.5693e+00
100 0 +1.426144695e+03 +1.502414695e+03 +1.502414695e+03 +6.1795e+00 -1.5129e+00 +9.2163e-01 -2.9552e+00 -1.0148e-01
121 0 +1.905592867e+02 +2.668292867e+02 +2.668292867e+02 +5.3849e+00 +4.7464e-01 +1.3709e+00 -6.6095e+00 +1.5982e+00
180 0 +1.109950647e+02 +1.872650647e+02 +1.872650647e+02 +4.6423e+00 +1.0634e-02 +1.8442e+00 -5.0154e+00 +4.9237e-01
216 0 +1.040395630e+02 +1.803095630e+02 +1.803095630e+02 +4.8493e+00 -5.6742e-02 +1.8930e+00 -4.9654e+00 +8.8314e-01
226 0 +9.650080687e+01 +1.727708069e+02 +1.727708069e+02 +5.1873e+00 -1.9814e-01 +2.5782e+00 -4.2606e+00 +7.0608e-01
227 0 +7.991720292e+01 +1.561872029e+02 +1.561872029e+02 +5.0578e+00 -1.8386e-01 +2.4167e+00 -4.3139e+00 +4.1955e-01
365 0 +7.701506217e+01 +1.532850622e+02 +1.532850622e+02 +4.2202e+00 +2.0273e-01 +2.1436e+00 -5.0231e+00 +3.3714e-01
413 0 +6.948048400e+01 +1.457504840e+02 +1.457504840e+02 +3.6407e+00 +2.4785e-01 +2.2953e+00 -4.7398e+00 -3.8076e-01
417 0 +5.734442871e+01 +1.336144287e+02 +1.336144287e+02 +2.6751e+00 +9.6265e-02 +2.3710e+00 -4.1095e+00 -6.7910e-01
426 0 +5.049955232e+01 +1.267695523e+02 +1.267695523e+02 +2.4982e+00 -2.8093e-01 +2.4805e+00 -3.2991e+00 -4.9541e-01
437 0 +4.370551868e+01 +1.199755187e+02 +1.199755187e+02 +2.5250e+00 -5.2673e-01 +2.7347e+00 -2.5911e+00 -9.2709e-01
463 0 +3.815383150e+01 +1.144238315e+02 +1.144238315e+02 +1.8170e+00 -5.1794e-01 +2.4320e+00 -2.5132e+00 -1.7160e+00
475 0 +3.744838247e+01 +1.137183825e+02 +1.137183825e+02 +1.9343e+00 -5.3008e-01 +2.4641e+00 -2.4953e+00 -1.7324e+00
478 0 +2.800181520e+01 +1.042718152e+02 +1.042718152e+02 +2.7310e-01 -6.3226e-01 +2.3644e+00 -1.7298e+00 -3.1579e+00
492 0 +2.666905070e+01 +1.029390507e+02 +1.029390507e+02 +1.0788e+00 -1.1923e+00 +2.4829e+00 -6.9882e-01 -3.6437e+00
509 0 +1.910593231e+01 +9.537593231e+01 +9.537593231e+01 +4.5415e-01 -1.9051e+00 +2.2321e+00 +6.0654e-01 -3.4698e+00
521 0 +1.865290906e+01 +9.492290906e+01 +9.492290906e+01 +1.0497e+00 -1.9950e+00 +1.7597e+00 +2.9796e-01 -3.4860e+00
533 0 +1.401111104e+01 +9.028111104e+01 +9.028111104e+01 -1.3974e+00 -2.0067e+00 +1.8587e+00 +8.8442e-01 -2.8133e+00
560 0 +1.038482536e+01 +8.665482536e+01 +8.665482536e+01 -2.9088e+00 -1.9134e+00 +7.5051e-01 +2.1491e-01 -2.3688e+00
564 0 +9.007989775e+00 +8.527798978e+01 +8.527798978e+01 -1.3498e+00 -2.7669e+00 +1.1064e+00 +1.7328e+00 -2.5518e+00
571 0 +8.118229658e+00 +8.438822966e+01 +8.438822966e+01 -1.1490e+00 -2.2779e+00 +1.0829e+00 +8.2649e-01 -3.0695e+00
576 0 +6.422735156e+00 +8.269273516e+01 +8.269273516e+01 -1.3996e+00 -2.2135e+00 +4.8595e-01 +1.2311e-01 -1.7481e+00
585 0 +4.720413346e+00 +8.099041335e+01 +8.099041335e+01 -1.2471e+00 -2.8845e+00 +2.6804e-01 +1.3417e+00 -2.6026e+00
587 0 +3.376445735e+00 +7.964644573e+01 +7.964644573e+01 -1.6829e+00 -2.3642e+00 +1.0648e-02 +2.3964e-01 -2.3637e+00
612 0 +3.226912695e+00 +7.949691269e+01 +7.949691269e+01 -1.7573e+00 -2.8450e+00 -5.2039e-01 +8.8060e-01 -2.8983e+00
624 0 +1.849399550e+00 +7.811939955e+01 +7.811939955e+01 -8.4300e-01 -2.8779e+00 -4.5974e-01 +7.2974e-01 -2.7081e+00
637 0 +1.502820332e+00 +7.777282033e+01 +7.777282033e+01 -1.6293e-01 -2.8398e+00 -4.3764e-01 +3.0248e-01 -1.4819e+00
639 0 +1.369317313e+00 +7.763931731e+01 +7.763931731e+01 -2.7108e-01 -3.0588e+00 -1.6382e+00 +6.9187e-02 -2.5610e+00
663 0 +1.189853313e+00 +7.745985331e+01 +7.745985331e+01 -8.5073e-01 -2.6107e+00 -4.0761e-01 +1.0511e-01 -1.7575e+00
667 0 +2.154143503e-01 +7.648541435e+01 +7.648541435e+01 -1.2915e+00 -3.0490e+00 -1.0625e+00 +5.9568e-01 -1.8535e+00
669 0 +7.567044455e-02 +7.634567044e+01 +7.634567044e+01 -8.6763e-01 -3.3021e+00 -1.3567e+00 +7.3622e-01 -1.6913e+00
734 0 +7.094451940e-02 +7.634094452e+01 +7.634094452e+01 -9.8906e-01 -3.2079e+00 -1.2201e+00 +6.9033e-01 -1.7246e+00
760 0 +6.890938918e-02 +7.633890939e+01 +7.633890939e+01 -1.1354e+00 -3.1939e+00 -1.2083e+00 +7.1617e-01 -1.7745e+00
769 0 +5.696571880e-02 +7.632696572e+01 +7.632696572e+01 -9.8646e-01 -3.1528e+00 -1.3084e+00 +5.1358e-01 -1.6733e+00
773 0 +5.578628970e-02 +7.632578629e+01 +7.632578629e+01 -9.4509e-01 -3.1085e+00 -1.1802e+00 +4.8989e-01 -1.5504e+00
779 0 +1.384849625e-02 +7.628384850e+01 +7.628384850e+01 -1.0577e+00 -3.1276e+00 -1.2411e+00 +5.4645e-01 -1.7678e+00
803 0 +3.659341787e-03 +7.627365934e+01 +7.627365934e+01 -9.5421e-01 -3.1664e+00 -1.2427e+00 +5.8555e-01 -1.7184e+00
889 0 +2.877678582e-03 +7.627287768e+01 +7.627287768e+01 -9.2216e-01 -3.1747e+00 -1.2610e+00 +5.8710e-01 -1.7597e+00
898 0 +1.982234284e-03 +7.627198223e+01 +7.627198223e+01 -9.2414e-01 -3.1660e+00 -1.2250e+00 +5.9372e-01 -1.7425e+00
911 0 +1.165752890e-03 +7.627116575e+01 +7.627116575e+01 -9.4248e-01 -3.1400e+00 -1.2390e+00 +5.3993e-01 -1.7487e+00
949 0 +9.680317716e-04 +7.627096803e+01 +7.627096803e+01 -9.2744e-01 -3.1444e+00 -1.2313e+00 +5.4668e-01 -1.7293e+00
959 0 +7.212944868e-04 +7.627072129e+01 +7.627072129e+01 -9.4603e-01 -3.1530e+00 -1.2315e+00 +5.6772e-01 -1.7291e+00
960 0 +6.361812766e-04 +7.627063618e+01 +7.627063618e+01 -9.2424e-01 -3.1489e+00 -1.2445e+00 +5.4901e-01 -1.7527e+00
961 0 +9.445952200e-05 +7.627009446e+01 +7.627009446e+01 -9.4190e-01 -3.1477e+00 -1.2401e+00 +5.5202e-01 -1.7395e+00
998 0 +5.099599494e-05 +7.627005100e+01 +7.627005100e+01 -9.3981e-01 -3.1539e+00 -1.2478e+00 +5.5917e-01 -1.7470e+00
1009 0 +4.700549373e-05 +7.627004701e+01 +7.627004701e+01 -9.4412e-01 -3.1490e+00 -1.2420e+00 +5.5450e-01 -1.7444e+00
1020 0 +1.966441506e-05 +7.627001966e+01 +7.627001966e+01 -9.4085e-01 -3.1502e+00 -1.2422e+00 +5.5696e-01 -1.7508e+00
1045 0 +1.658958166e-05 +7.627001659e+01 +7.627001659e+01 -9.3870e-01 -3.1502e+00 -1.2394e+00 +5.5779e-01 -1.7472e+00
1057 0 +1.514212700e-05 +7.627001514e+01 +7.627001514e+01 -9.3931e-01 -3.1509e+00 -1.2438e+00 +5.5567e-01 -1.7446e+00
1067 0 +1.454452013e-05 +7.627001454e+01 +7.627001454e+01 -9.3701e-01 -3.1507e+00 -1.2408e+00 +5.5675e-01 -1.7440e+00
1079 0 +9.248184284e-06 +7.627000925e+01 +7.627000925e+01 -9.3883e-01 -3.1508e+00 -1.2420e+00 +5.5697e-01 -1.7456e+00
1089 0 +7.645964715e-06 +7.627000765e+01 +7.627000765e+01 -9.3799e-01 -3.1509e+00 -1.2409e+00 +5.5779e-01 -1.7463e+00
1094 0 +4.232802823e-06 +7.627000423e+01 +7.627000423e+01 -9.3648e-01 -3.1509e+00 -1.2423e+00 +5.5652e-01 -1.7466e+00
1097 0 +3.434815142e-06 +7.627000343e+01 +7.627000343e+01 -9.3739e-01 -3.1511e+00 -1.2421e+00 +5.5708e-01 -1.7462e+00
1119 0 +1.670471349e-06 +7.627000167e+01 +7.627000167e+01 -9.3791e-01 -3.1509e+00 -1.2423e+00 +5.5687e-01 -1.7466e+00
1136 0 +1.580891222e-06 +7.627000158e+01 +7.627000158e+01 -9.3751e-01 -3.1505e+00 -1.2418e+00 +5.5641e-01 -1.7471e+00
1139 0 +1.019425710e-06 +7.627000102e+01 +7.627000102e+01 -9.3781e-01 -3.1508e+00 -1.2424e+00 +5.5660e-01 -1.7476e+00
1145 0 +4.796108328e-07 +7.627000048e+01 +7.627000048e+01 -9.3821e-01 -3.1507e+00 -1.2427e+00 +5.5631e-01 -1.7476e+00
1169 0 +1.739725235e-07 +7.627000017e+01 +7.627000017e+01 -9.3851e-01 -3.1503e+00 -1.2421e+00 +5.5616e-01 -1.7473e+00
1173 0 +1.167272075e-07 +7.627000012e+01 +7.627000012e+01 -9.3816e-01 -3.1505e+00 -1.2424e+00 +5.5611e-01 -1.7473e+00
1204 0 +2.131878318e-08 +7.627000002e+01 +7.627000002e+01 -9.3828e-01 -3.1504e+00 -1.2424e+00 +5.5595e-01 -1.7471e+00
1241 0 +1.608920286e-08 +7.627000002e+01 +7.627000002e+01 -9.3847e-01 -3.1504e+00 -1.2424e+00 +5.5607e-01 -1.7472e+00
1260 0 +9.205137985e-09 +7.627000001e+01 +7.627000001e+01 -9.3840e-01 -3.1504e+00 -1.2423e+00 +5.5600e-01 -1.7472e+00
1691 0 +0.000000000e+00 +7.627000000e+01 +7.627000000e+01 -9.3840e-01 -3.1504e+00 -1.2424e+00 +5.5600e-01 -1.7472e+00
% f evaluations | g evaluations | best noise-free fitness - Fopt (-2.255000000000e+01) + sum g_i+ | measured fitness | best measured fitness or single-digit g-values | x1 | x2...
1 0 +2.021913376e+07 +2.021911121e+07 +2.021911121e+07 -1.3927e+00 -4.7316e-01 -7.8681e-01 +4.4321e+00 +4.5942e+00
2 0 +6.728732224e+05 +6.728506724e+05 +6.728506724e+05 +1.3926e+00 +7.4550e-02 -3.0884e+00 +1.1660e+00 -1.2325e+00
4 0 +5.474307661e+05 +5.474082161e+05 +5.474082161e+05 +7.3716e-01 +1.1250e+00 -1.4545e+00 -1.6419e+00 -1.7029e+00
6 0 +2.819517601e+05 +2.819292101e+05 +2.819292101e+05 -6.9475e-01 +1.4371e+00 +2.1313e+00 -1.7305e+00 -1.1585e+00
10 0 +8.959433407e+04 +8.957178407e+04 +8.957178407e+04 +1.0846e+00 +2.2522e+00 +4.0118e+00 -7.4970e-01 +1.2996e+00
13 0 +1.094559339e+04 +1.092304339e+04 +1.092304339e+04 +6.4307e-01 +1.6083e+00 +2.3683e-01 -1.6071e-01 -1.2610e+00
25 0 +4.074632854e+03 +4.052082854e+03 +4.052082854e+03 +1.7969e+00 -1.5443e-01 -8.4736e-01 +5.7066e-01 -6.6366e-01
28 0 +4.045523378e+03 +4.022973378e+03 +4.022973378e+03 +5.5663e-01 -9.9949e-01 +2.2152e+00 +1.3671e-01 -5.0023e-02
80 0 +3.634733399e+03 +3.612183399e+03 +3.612183399e+03 +4.7693e-01 +7.3985e+00 -1.4294e+00 -1.9875e+00 -3.1189e+00
97 0 +9.495602770e+02 +9.270102770e+02 +9.270102770e+02 +1.4700e+00 +5.8173e+00 -1.3438e+00 -1.4380e+00 -1.7592e+00
136 0 +3.156709679e+01 +9.017096794e+00 +9.017096794e+00 +3.7440e+00 +4.8959e+00 -1.8786e+00 -3.0316e+00 +7.2174e-02
344 0 +2.823331625e+01 +5.683316249e+00 +5.683316249e+00 +3.0474e+00 +6.3535e+00 +4.2257e-01 -1.0929e+00 +1.7053e+00
386 0 +2.748615351e+01 +4.936153508e+00 +4.936153508e+00 +3.6522e+00 +6.7827e+00 -2.3943e-01 -1.7629e+00 +1.7574e+00
392 0 +1.595239604e+01 -6.597603959e+00 -6.597603959e+00 +3.8804e+00 +4.7368e+00 -2.2735e-01 -1.4349e+00 +1.9776e+00
% f evaluations | g evaluations | best noise-free fitness - Fopt (1.366000000000e+01) + sum g_i+ | measured fitness | best measured fitness or single-digit g-values | x1 | x2...
1 0 +4.968746046e+05 +4.968882646e+05 +4.968882646e+05 -1.4787e+00 -5.0896e-01 -1.5827e+00 +1.0349e+00 -3.2318e+00
3 0 +3.300805962e+05 +3.300942562e+05 +3.300942562e+05 -2.7819e+00 +1.7372e+00 -4.0389e+00 -4.8547e-01 -3.0171e+00
9 0 +1.663612661e+05 +1.663749261e+05 +1.663749261e+05 -1.1960e-01 +2.9545e+00 +4.1514e-01 +1.0011e+00 -2.8849e-01
16 0 +8.153961225e+04 +8.155327225e+04 +8.155327225e+04 -3.2552e+00 -3.6273e-02 -7.4790e-01 +3.9215e-01 -4.3834e+00
19 0 +4.573752568e+04 +4.575118568e+04 +4.575118568e+04 -1.0872e+00 +1.9691e+00 +4.1930e-02 -2.1430e-01 -2.2074e+00
25 0 +1.255934764e+02 +1.392534764e+02 +1.392534764e+02 -2.8976e+00 +1.3807e+00 -7.5763e-01 +1.6773e-01 -1.6644e+00
30 0 +3.640794953e+01 +5.006794953e+01 +5.006794953e+01 -4.0729e+00 +1.3854e+00 +7.0684e-01 -1.8859e+00 -2.8608e+00
103 0 +2.655901162e+01 +4.021901162e+01 +4.021901162e+01 -2.4437e+00 +4.2286e-01 +7.3337e-01 +6.9180e-03 -3.6288e+00
111 0 +2.434511409e+01 +3.800511409e+01 +3.800511409e+01 -2.3329e+00 +1.5853e-01 +1.1065e-01 +5.2890e-01 -3.6990e+00
426 0 +2.273987943e+01 +3.639987943e+01 +3.639987943e+01 -3.8061e+00 +1.3594e+00 +6.3172e-01 +3.6837e-01 -1.1032e+00
440 0 +2.134776294e+01 +3.500776294e+01 +3.500776294e+01 -3.2730e+00 +1.5312e+00 +2.6245e-01 +9.1762e-02 -1.2785e+00
441 0 +2.012914421e+01 +3.378914421e+01 +3.378914421e+01 -3.2082e+00 +1.4149e+00 +1.5977e-01 +7.4629e-01 -9.4780e-01
442 0 +1.922748027e+01 +3.288748027e+01 +3.288748027e+01 -2.7485e+00 +1.7442e+00 -7.4387e-02 +6.7852e-01 -6.3725e-01
498 0 +1.690831399e+01 +3.056831399e+01 +3.056831399e+01 -1.5088e+00 +2.2821e+00 -9.9509e-01 -1.8583e-01 -9.8925e-01
506 0 +1.592837201e+01 +2.958837201e+01 +2.958837201e+01 -1.6109e+00 +2.4361e+00 -6.4806e-01 -4.2400e-01 -8.7817e-01
520 0 +1.458687832e+01 +2.824687832e+01 +2.824687832e+01 -2.6428e+00 +2.3661e+00 +5.4055e-01 -3.4604e-01 -4.7434e-01
533 0 +1.430399968e+01 +2.796399968e+01 +2.796399968e+01 -2.4901e+00 +2.3597e+00 +7.5246e-01 -8.9112e-01 -1.0208e+00
542 0 +1.310456888e+01 +2.676456888e+01 +2.676456888e+01 -2.1464e+00 +2.0958e+00 +5.6801e-01 -5.3387e-01 -1.3260e+00
577 0 +1.281111854e+01 +2.647111854e+01 +2.647111854e+01 -1.2922e+00 +2.0301e+00 -3.0055e-01 -6.3419e-01 -1.9020e+00
580 0 +1.240974513e+01 +2.606974513e+01 +2.606974513e+01 -1.0843e+00 +2.6632e+00 -2.2227e-01 -1.1815e-01 -4.5468e-01
587 0 +1.143543585e+01 +2.509543585e+01 +2.509543585e+01 -7.8929e-01 +2.8866e+00 +2.7571e-01 -9.2942e-01 -8.8245e-01
591 0 +1.118073947e+01 +2.484073947e+01 +2.484073947e+01 -2.1566e+00 +1.9781e+00 +7.4910e-01 -6.1805e-01 -1.5932e+00
594 0 +9.815250839e+00 +2.347525084e+01 +2.347525084e+01 -1.6728e+00 +2.0518e+00 +4.4396e-01 -7.6281e-01 -1.8041e+00
629 0 +9.639882144e+00 +2.329988214e+01 +2.329988214e+01 -1.5754e+00 +2.1918e+00 +5.4115e-01 -9.5055e-01 -1.7638e+00
630 0 +8.866019157e+00 +2.252601916e+01 +2.252601916e+01 -1.3646e+00 +2.1676e+00 +6.0161e-01 -6.9891e-01 -1.6843e+00
634 0 +8.534531083e+00 +2.219453108e+01 +2.219453108e+01 -1.2517e+00 +2.4504e+00 +6.6083e-01 -1.1741e+00 -1.6474e+00
684 0 +8.333564104e+00 +2.199356410e+01 +2.199356410e+01 -1.3776e+00 +2.5900e+00 +8.4048e-01 -1.0156e+00 -1.2139e+00
688 0 +8.241970508e+00 +2.190197051e+01 +2.190197051e+01 -1.4786e+00 +2.6214e+00 +1.0470e+00 -9.7115e-01 -1.0765e+00
689 0 +8.122221308e+00 +2.178222131e+01 +2.178222131e+01 -1.2968e+00 +2.6300e+00 +1.0813e+00 -1.3643e+00 -1.4771e+00
691 0 +7.511576039e+00 +2.117157604e+01 +2.117157604e+01 -1.3534e+00 +2.7860e+00 +1.2843e+00 -1.0157e+00 -8.8186e-01
707 0 +7.134878020e+00 +2.079487802e+01 +2.079487802e+01 -1.2842e+00 +2.8163e+00 +1.7570e+00 -1.5120e+00 -1.2815e+00
712 0 +6.808825004e+00 +2.046882500e+01 +2.046882500e+01 -1.1571e+00 +2.5566e+00 +1.3238e+00 -1.1790e+00 -1.5071e+00
729 0 +6.387137546e+00 +2.004713755e+01 +2.004713755e+01 -7.0740e-01 +3.1300e+00 +1.7455e+00 -1.2043e+00 -7.2942e-01
742 0 +5.699418360e+00 +1.935941836e+01 +1.935941836e+01 -1.2327e+00 +2.4278e+00 +1.3808e+00 -6.6466e-01 -1.2572e+00
765 0 +4.907115036e+00 +1.856711504e+01 +1.856711504e+01 -7.6179e-01 +2.9096e+00 +1.7240e+00 -7.7209e-01 -7.1697e-01
767 0 +4.808886533e+00 +1.846888653e+01 +1.846888653e+01 -8.0831e-01 +2.7369e+00 +1.6491e+00 -1.9423e-01 -5.0300e-01
770 0 +3.838547040e+00 +1.749854704e+01 +1.749854704e+01 -6.4096e-01 +2.6477e+00 +1.7530e+00 -8.2569e-01 -1.2704e+00
777 0 +3.796839941e+00 +1.745683994e+01 +1.745683994e+01 -4.8913e-01 +2.7469e+00 +1.6467e+00 -6.2810e-01 -9.9730e-01
793 0 +3.102904785e+00 +1.676290479e+01 +1.676290479e+01 -1.2451e+00 +2.2355e+00 +2.3837e+00 +6.1734e-02 -9.6012e-01
804 0 +2.135152808e+00 +1.579515281e+01 +1.579515281e+01 -7.3620e-01 +2.3541e+00 +2.4023e+00 +3.9652e-02 -9.9734e-01
816 0 +1.853503059e+00 +1.551350306e+01 +1.551350306e+01 -3.8595e-01 +2.1540e+00 +1.7500e+00 -5.4435e-02 -1.5811e+00
821 0 +1.124289364e+00 +1.478428936e+01 +1.478428936e+01 +3.9292e-02 +2.3073e+00 +1.9651e+00 +1.9389e-01 -1.2862e+00
843 0 +4.109337506e-01 +1.407093375e+01 +1.407093375e+01 +4.6869e-01 +2.4065e+00 +2.4002e+00 +1.7732e-01 -1.3172e+00
862 0 +3.740873568e-01 +1.403408736e+01 +1.403408736e+01 -5.1786e-03 +2.1633e+00 +2.6927e+00 +2.4351e-02 -1.6602e+00
885 0 +2.689241889e-01 +1.392892419e+01 +1.392892419e+01 +2.7026e-01 +2.0765e+00 +2.6246e+00 +3.5308e-01 -1.6499e+00
906 0 +2.155903672e-01 +1.387559037e+01 +1.387559037e+01 +1.5153e-01 +2.0991e+00 +2.4895e+00 +1.8075e-01 -1.7073e+00
920 0 +1.797946299e-01 +1.383979463e+01 +1.383979463e+01 +2.4752e-01 +2.1320e+00 +2.3523e+00 +4.0898e-01 -1.4976e+00
922 0 +1.469194748e-01 +1.380691947e+01 +1.380691947e+01 +2.3980e-01 +2.0236e+00 +2.5268e+00 +4.0368e-01 -1.6864e+00
923 0 +7.020273264e-02 +1.373020273e+01 +1.373020273e+01 +5.5382e-01 +2.2050e+00 +2.6683e+00 +3.4919e-01 -1.5551e+00
948 0 +4.540974507e-02 +1.370540975e+01 +1.370540975e+01 +4.9828e-01 +2.1757e+00 +2.5889e+00 +5.2813e-01 -1.4292e+00
971 0 +4.322834895e-02 +1.370322835e+01 +1.370322835e+01 +3.7096e-01 +2.1993e+00 +2.7324e+00 +4.9185e-01 -1.3630e+00
981 0 +3.727317918e-02 +1.369727318e+01 +1.369727318e+01 +3.9278e-01 +2.1389e+00 +2.6027e+00 +3.5423e-01 -1.5952e+00
987 0 +9.551326258e-03 +1.366955133e+01 +1.366955133e+01 +4.6464e-01 +2.2345e+00 +2.6426e+00 +3.3063e-01 -1.4813e+00
1012 0 +6.786499768e-03 +1.366678650e+01 +1.366678650e+01 +4.0826e-01 +2.1920e+00 +2.6123e+00 +3.9140e-01 -1.4783e+00
1040 0 +5.076068269e-03 +1.366507607e+01 +1.366507607e+01 +4.1586e-01 +2.1954e+00 +2.6600e+00 +3.8257e-01 -1.4832e+00
1050 0 +4.652503647e-03 +1.366465250e+01 +1.366465250e+01 +4.2016e-01 +2.2387e+00 +2.6246e+00 +3.1002e-01 -1.4719e+00
1058 0 +1.046969779e-03 +1.366104697e+01 +1.366104697e+01 +4.4678e-01 +2.2288e+00 +2.6699e+00 +3.4543e-01 -1.4703e+00
1088 0 +9.408005533e-04 +1.366094080e+01 +1.366094080e+01 +4.3532e-01 +2.2166e+00 +2.6486e+00 +3.4164e-01 -1.4899e+00
1090 0 +8.516016250e-04 +1.366085160e+01 +1.366085160e+01 +4.2507e-01 +2.2165e+00 +2.6668e+00 +3.3852e-01 -1.4880e+00
1096 0 +6.147568209e-04 +1.366061476e+01 +1.366061476e+01 +4.2772e-01 +2.2230e+00 +2.6462e+00 +3.5744e-01 -1.4619e+00
1111 0 +3.892528992e-04 +1.366038925e+01 +1.366038925e+01 +4.2845e-01 +2.2217e+00 +2.6658e+00 +3.5007e-01 -1.4707e+00
1123 0 +3.277324327e-04 +1.366032773e+01 +1.366032773e+01 +4.3970e-01 +2.2220e+00 +2.6655e+00 +3.4626e-01 -1.4784e+00
1139 0 +3.125861532e-04 +1.366031259e+01 +1.366031259e+01 +4.3347e-01 +2.2295e+00 +2.6580e+00 +3.3718e-01 -1.4704e+00
1140 0 +2.071965043e-04 +1.366020720e+01 +1.366020720e+01 +4.3615e-01 +2.2256e+00 +2.6667e+00 +3.4241e-01 -1.4738e+00
1152 0 +1.947696022e-04 +1.366019477e+01 +1.366019477e+01 +4.3786e-01 +2.2278e+00 +2.6539e+00 +3.4275e-01 -1.4705e+00
1154 0 +1.806016726e-04 +1.366018060e+01 +1.366018060e+01 +4.3071e-01 +2.2265e+00 +2.6574e+00 +3.3799e-01 -1.4737e+00
1158 0 +1.246392637e-04 +1.366012464e+01 +1.366012464e+01 +4.3369e-01 +2.2276e+00 +2.6636e+00 +3.4195e-01 -1.4697e+00
1161 0 +1.209755856e-04 +1.366012098e+01 +1.366012098e+01 +4.3298e-01 +2.2256e+00 +2.6551e+00 +3.4279e-01 -1.4721e+00
1165 0 +1.072375173e-04 +1.366010724e+01 +1.366010724e+01 +4.3289e-01 +2.2234e+00 +2.6647e+00 +3.5046e-01 -1.4693e+00
1173 0 +1.069152601e-04 +1.366010692e+01 +1.366010692e+01 +4.3272e-01 +2.2201e+00 +2.6631e+00 +3.5226e-01 -1.4734e+00
1179 0 +9.051818022e-05 +1.366009052e+01 +1.366009052e+01 +4.3472e-01 +2.2265e+00 +2.6610e+00 +3.4593e-01 -1.4686e+00
1185 0 +1.085749854e-05 +1.366001086e+01 +1.366001086e+01 +4.2861e-01 +2.2252e+00 +2.6579e+00 +3.4906e-01 -1.4656e+00
1219 0 +9.992395377e-06 +1.366000999e+01 +1.366000999e+01 +4.2533e-01 +2.2241e+00 +2.6613e+00 +3.4983e-01 -1.4652e+00
1234 0 +7.043085315e-06 +1.366000704e+01 +1.366000704e+01 +4.2826e-01 +2.2249e+00 +2.6605e+00 +3.4899e-01 -1.4660e+00
1247 0 +3.159174858e-06 +1.366000316e+01 +1.366000316e+01 +4.2776e-01 +2.2243e+00 +2.6613e+00 +3.4821e-01 -1.4674e+00
1263 0 +2.067794863e-06 +1.366000207e+01 +1.366000207e+01 +4.2675e-01 +2.2240e+00 +2.6589e+00 +3.4894e-01 -1.4668e+00
1281 0 +1.864083815e-06 +1.366000186e+01 +1.366000186e+01 +4.2622e-01 +2.2240e+00 +2.6594e+00 +3.4856e-01 -1.4670e+00
1283 0 +8.327555747e-07 +1.366000083e+01 +1.366000083e+01 +4.2778e-01 +2.2240e+00 +2.6606e+00 +3.4879e-01 -1.4675e+00
1330 0 +6.041387195e-07 +1.366000060e+01 +1.366000060e+01 +4.2687e-01 +2.2236e+00 +2.6602e+00 +3.4920e-01 -1.4675e+00
1336 0 +3.919237113e-07 +1.366000039e+01 +1.366000039e+01 +4.2688e-01 +2.2238e+00 +2.6602e+00 +3.4898e-01 -1.4673e+00
1351 0 +3.153850852e-07 +1.366000032e+01 +1.366000032e+01 +4.2712e-01 +2.2237e+00 +2.6600e+00 +3.4907e-01 -1.4675e+00
1363 0 +1.021485829e-07 +1.366000010e+01 +1.366000010e+01 +4.2715e-01 +2.2240e+00 +2.6601e+00 +3.4894e-01 -1.4670e+00
1373 0 +4.035884515e-08 +1.366000004e+01 +1.366000004e+01 +4.2723e-01 +2.2240e+00 +2.6600e+00 +3.4891e-01 -1.4671e+00
1434 0 +2.856718062e-08 +1.366000003e+01 +1.366000003e+01 +4.2724e-01 +2.2240e+00 +2.6599e+00 +3.4893e-01 -1.4672e+00
1451 0 +2.707340485e-08 +1.366000003e+01 +1.366000003e+01 +4.2717e-01 +2.2239e+00 +2.6600e+00 +3.4884e-01 -1.4673e+00
1473 0 +6.394749619e-09 +1.366000001e+01 +1.366000001e+01 +4.2720e-01 +2.2240e+00 +2.6600e+00 +3.4878e-01 -1.4672e+00
% f evaluations | g evaluations | best noise-free fitness - Fopt (9.378400000000e+02) + sum g_i+ | measured fitness | best measured fitness or single-digit g-values | x1 | x2...
1 0 +7.346102244e+05 +7.355480644e+05 +7.355480644e+05 +1.0391e+00 +1.9098e+00 +2.7606e+00 -1.3227e-01 +6.9535e-01
3 0 +2.404803527e+05 +2.414181927e+05 +2.414181927e+05 +4.4343e-01 +2.5295e+00 +2.0542e+00 -1.3132e+00 -2.0343e+00
6 0 +5.084488131e+04 +5.178272131e+04 +5.178272131e+04 +7.4295e-01 -7.7389e-01 +2.1710e+00 +3.1269e-01 +9.6428e-01
25 0 +1.403769500e+04 +1.497553500e+04 +1.497553500e+04 -9.2935e-02 -3.8336e-01 -1.7529e+00 -1.5775e+00 -2.8779e+00
30 0 +3.909050492e+03 +4.846890492e+03 +4.846890492e+03 +1.5299e+00 +5.8612e-02 +1.5407e+00 +2.6069e+00 +1.5369e+00
31 0 +2.447743023e+03 +3.385583023e+03 +3.385583023e+03 +7.1061e-01 +4.0898e-01 -1.1932e+00 +2.2262e+00 +1.0979e+00
71 0 +9.858388272e+02 +1.923678827e+03 +1.923678827e+03 +1.5074e+00 +3.0604e+00 -5.4853e+00 +2.3250e+00 -4.5485e+00
72 0 +6.308295971e+02 +1.568669597e+03 +1.568669597e+03 +1.9619e+00 +2.0904e+00 -2.7185e+00 +3.0286e+00 -2.5434e+00
83 0 +2.925198239e+02 +1.230359824e+03 +1.230359824e+03 +2.3872e+00 +4.1296e+00 -2.7004e+00 +3.0488e+00 -4.9632e+00
119 0 +2.378717993e+02 +1.175711799e+03 +1.175711799e+03 +1.6610e+00 +4.9675e+00 -3.5514e+00 +2.8282e+00 -4.0900e+00
134 0 +7.692017198e+01 +1.014760172e+03 +1.014760172e+03 +2.1171e+00 +5.4754e+00 +1.1674e+00 +3.0164e+00 -2.7590e+00
172 0 +6.471181938e+01 +1.002551819e+03 +1.002551819e+03 +2.5492e+00 +4.7852e+00 +1.4523e+00 +3.4513e+00 -2.6872e+00
206 0 +5.370824033e+01 +9.915482403e+02 +9.915482403e+02 +2.1470e+00 +8.0480e+00 +2.9444e+00 +2.4894e+00 -4.2553e+00
235 0 +5.272463505e+01 +9.905646350e+02 +9.905646350e+02 +1.8556e+00 +4.4047e+00 +3.7058e+00 +1.9800e+00 -1.9359e+00
245 0 +3.253836647e+01 +9.703783665e+02 +9.703783665e+02 +1.8409e+00 +4.2128e+00 +5.5100e+00 +2.5526e+00 +2.2735e-01
290 0 +1.651415331e+01 +9.543541533e+02 +9.543541533e+02 +1.3608e+00 +4.6743e+00 +3.8710e+00 +2.0505e+00 -4.4935e-01
328 0 +1.372345785e+01 +9.515634579e+02 +9.515634579e+02 +1.2990e+00 +3.3360e+00 +3.9477e+00 +1.5951e+00 -3.4118e-01
436 0 +1.202239805e+01 +9.498623981e+02 +9.498623981e+02 +7.3557e-01 +1.7487e+00 +2.5774e+00 +7.1233e-01 -2.3801e-01
437 0 +7.718574669e+00 +9.455585747e+02 +9.455585747e+02 +5.9387e-01 +2.6489e+00 +2.2484e+00 +3.5768e-01 -1.1487e+00
466 0 +6.619788695e+00 +9.444597887e+02 +9.444597887e+02 +6.1670e-01 +2.7072e+00 +2.8596e+00 +3.1347e-01 -9.8873e-01
472 0 +5.605980046e+00 +9.434459800e+02 +9.434459800e+02 +3.2535e-01 +2.8466e+00 +2.8823e+00 +1.1110e-01 -5.8117e-01
488 0 +5.284976206e+00 +9.431249762e+02 +9.431249762e+02 +4.9696e-01 +2.7927e+00 +2.7258e+00 -3.1960e-01 -1.9333e+00
519 0 +3.139007241e+00 +9.409790072e+02 +9.409790072e+02 +2.6336e-01 +2.1858e+00 +3.7032e+00 -7.5902e-01 -1.1982e+00
537 0 +1.256029156e+00 +9.390960292e+02 +9.390960292e+02 -2.6679e-01 +2.9091e+00 +3.2135e+00 -1.3905e+00 -1.4844e+00
539 0 +1.068092134e+00 +9.389080921e+02 +9.389080921e+02 -1.6238e-02 +3.2646e+00 +3.3915e+00 -9.9469e-01 -1.5784e+00
546 0 +6.024701874e-01 +9.384424702e+02 +9.384424702e+02 -5.2111e-02 +3.4092e+00 +3.4429e+00 -8.7439e-01 -1.3009e+00
593 0 +5.537546922e-01 +9.383937547e+02 +9.383937547e+02 -5.7038e-01 +3.4856e+00 +3.2998e+00 -1.6218e+00 -1.2962e+00
596 0 +1.065693208e-01 +9.379465693e+02 +9.379465693e+02 -2.5988e-01 +3.3213e+00 +3.8346e+00 -1.4154e+00 -1.4321e+00
611 0 +8.453147833e-02 +9.379245315e+02 +9.379245315e+02 -4.0346e-01 +3.6966e+00 +3.8612e+00 -1.4673e+00 -1.2989e+00
645 0 +7.221261575e-02 +9.379122126e+02 +9.379122126e+02 -3.9259e-01 +3.5715e+00 +4.0087e+00 -1.5735e+00 -1.3775e+00
653 0 +5.843183236e-02 +9.378984318e+02 +9.378984318e+02 -3.4031e-01 +3.5006e+00 +4.0565e+00 -1.5256e+00 -1.3762e+00
657 0 +4.274753070e-02 +9.378827475e+02 +9.378827475e+02 -2.2388e-01 +3.5005e+00 +3.9261e+00 -1.3267e+00 -1.4188e+00
685 0 +4.097611472e-02 +9.378809761e+02 +9.378809761e+02 -3.3122e-01 +3.5058e+00 +3.8268e+00 -1.3603e+00 -1.2279e+00
686 0 +3.233462212e-02 +9.378723346e+02 +9.378723346e+02 -3.1419e-01 +3.4559e+00 +3.8678e+00 -1.4060e+00 -1.3120e+00
693 0 +1.973386672e-02 +9.378597339e+02 +9.378597339e+02 -2.9758e-01 +3.4832e+00 +3.8760e+00 -1.3818e+00 -1.3255e+00
708 0 +1.650980832e-02 +9.378565098e+02 +9.378565098e+02 -3.3132e-01 +3.5765e+00 +3.9858e+00 -1.3668e+00 -1.1899e+00
720 0 +1.282348229e-02 +9.378528235e+02 +9.378528235e+02 -3.1462e-01 +3.5817e+00 +3.9352e+00 -1.3735e+00 -1.2816e+00
721 0 +1.224908748e-02 +9.378522491e+02 +9.378522491e+02 -2.8363e-01 +3.5568e+00 +3.8946e+00 -1.3425e+00 -1.3231e+00
724 0 +1.151304422e-02 +9.378515130e+02 +9.378515130e+02 -2.8972e-01 +3.5507e+00 +3.8907e+00 -1.3356e+00 -1.2914e+00
730 0 +7.202434798e-03 +9.378472024e+02 +9.378472024e+02 -3.1171e-01 +3.5190e+00 +3.9372e+00 -1.4122e+00 -1.3261e+00
734 0 +3.324327859e-03 +9.378433243e+02 +9.378433243e+02 -2.7944e-01 +3.5699e+00 +3.9549e+00 -1.3319e+00 -1.2893e+00
747 0 +1.392938652e-03 +9.378413929e+02 +9.378413929e+02 -2.9211e-01 +3.5613e+00 +3.9649e+00 -1.3543e+00 -1.2837e+00
769 0 +1.114450407e-03 +9.378411145e+02 +9.378411145e+02 -2.9419e-01 +3.5462e+00 +3.9804e+00 -1.3763e+00 -1.3015e+00
773 0 +3.854722306e-04 +9.378403855e+02 +9.378403855e+02 -2.9942e-01 +3.5751e+00 +3.9617e+00 -1.3713e+00 -1.3031e+00
801 0 +3.516898000e-04 +9.378403517e+02 +9.378403517e+02 -3.0277e-01 +3.5696e+00 +3.9791e+00 -1.3789e+00 -1.2948e+00
841 0 +1.882393890e-04 +9.378401882e+02 +9.378401882e+02 -2.9467e-01 +3.5900e+00 +3.9767e+00 -1.3672e+00 -1.3092e+00
856 0 +1.447213008e-04 +9.378401447e+02 +9.378401447e+02 -2.9870e-01 +3.5876e+00 +3.9863e+00 -1.3754e+00 -1.3059e+00
859 0 +1.149295973e-04 +9.378401149e+02 +9.378401149e+02 -2.9254e-01 +3.5798e+00 +3.9805e+00 -1.3711e+00 -1.3147e+00
872 0 +8.082279351e-05 +9.378400808e+02 +9.378400808e+02 -2.9607e-01 +3.5720e+00 +3.9791e+00 -1.3742e+00 -1.3069e+00
876 0 +4.488199772e-05 +9.378400449e+02 +9.378400449e+02 -2.9869e-01 +3.5762e+00 +3.9789e+00 -1.3750e+00 -1.3033e+00
902 0 +3.783868954e-05 +9.378400378e+02 +9.378400378e+02 -2.9867e-01 +3.5781e+00 +3.9790e+00 -1.3729e+00 -1.3003e+00
911 0 +2.268558910e-05 +9.378400227e+02 +9.378400227e+02 -2.9754e-01 +3.5817e+00 +3.9811e+00 -1.3724e+00 -1.3035e+00
916 0 +2.082939852e-05 +9.378400208e+02 +9.378400208e+02 -2.9739e-01 +3.5826e+00 +3.9797e+00 -1.3725e+00 -1.3054e+00
925 0 +1.166757249e-05 +9.378400117e+02 +9.378400117e+02 -2.9678e-01 +3.5799e+00 +3.9770e+00 -1.3715e+00 -1.3053e+00
940 0 +5.448462957e-06 +9.378400054e+02 +9.378400054e+02 -2.9616e-01 +3.5784e+00 +3.9795e+00 -1.3711e+00 -1.3041e+00
957 0 +2.534836426e-06 +9.378400025e+02 +9.378400025e+02 -2.9722e-01 +3.5787e+00 +3.9792e+00 -1.3725e+00 -1.3041e+00
972 0 +2.091820306e-06 +9.378400021e+02 +9.378400021e+02 -2.9648e-01 +3.5779e+00 +3.9795e+00 -1.3725e+00 -1.3055e+00
979 0 +1.460800036e-06 +9.378400015e+02 +9.378400015e+02 -2.9715e-01 +3.5793e+00 +3.9789e+00 -1.3726e+00 -1.3049e+00
996 0 +1.091659556e-06 +9.378400011e+02 +9.378400011e+02 -2.9669e-01 +3.5786e+00 +3.9795e+00 -1.3731e+00 -1.3064e+00
997 0 +6.834543456e-07 +9.378400007e+02 +9.378400007e+02 -2.9664e-01 +3.5786e+00 +3.9792e+00 -1.3725e+00 -1.3056e+00
1005 0 +5.173677664e-07 +9.378400005e+02 +9.378400005e+02 -2.9678e-01 +3.5778e+00 +3.9790e+00 -1.3727e+00 -1.3053e+00
1030 0 +4.334671075e-07 +9.378400004e+02 +9.378400004e+02 -2.9667e-01 +3.5784e+00 +3.9793e+00 -1.3724e+00 -1.3052e+00
1036 0 +2.133430144e-07 +9.378400002e+02 +9.378400002e+02 -2.9668e-01 +3.5785e+00 +3.9796e+00 -1.3727e+00 -1.3056e+00
1043 0 +7.696826287e-08 +9.378400001e+02 +9.378400001e+02 -2.9676e-01 +3.5784e+00 +3.9794e+00 -1.3729e+00 -1.3058e+00
1058 0 +7.390656265e-08 +9.378400001e+02 +9.378400001e+02 -2.9683e-01 +3.5784e+00 +3.9791e+00 -1.3729e+00 -1.3058e+00
1067 0 +3.490606559e-08 +9.378400000e+02 +9.378400000e+02 -2.9683e-01 +3.5786e+00 +3.9792e+00 -1.3728e+00 -1.3055e+00
1078 0 +2.567890078e-08 +9.378400000e+02 +9.378400000e+02 -2.9682e-01 +3.5784e+00 +3.9793e+00 -1.3729e+00 -1.3056e+00
1091 0 +2.268984645e-08 +9.378400000e+02 +9.378400000e+02 -2.9674e-01 +3.5784e+00 +3.9793e+00 -1.3728e+00 -1.3057e+00
1100 0 +1.588887244e-08 +9.378400000e+02 +9.378400000e+02 -2.9683e-01 +3.5783e+00 +3.9792e+00 -1.3728e+00 -1.3056e+00
1102 0 +1.440616870e-08 +9.378400000e+02 +9.378400000e+02 -2.9682e-01 +3.5784e+00 +3.9792e+00 -1.3729e+00 -1.3057e+00
1107 0 +1.099931524e-08 +9.378400000e+02 +9.378400000e+02 -2.9682e-01 +3.5784e+00 +3.9791e+00 -1.3728e+00 -1.3055e+00
1108 0 +2.161755219e-09 +9.378400000e+02 +9.378400000e+02 -2.9680e-01 +3.5784e+00 +3.9792e+00 -1.3728e+00 -1.3056e+00
1413 0 +0.000000000e+00 +9.378400000e+02 +9.378400000e+02 -2.9680e-01 +3.5784e+00 +3.9792e+00 -1.3728e+00 -1.3056e+00
% f evaluations | g evaluations | best noise-free fitness - Fopt (-7.872000000000e+01) + sum g_i+ | measured fitness | best measured fitness or single-digit g-values | x1 | x2...
1 0 +1.751931489e+06 +1.751852769e+06 +1.751852769e+06 -1.3059e+00 -3.3551e+00 -2.8232e+00 -1.8178e+00 +1.4757e+00
4 0 +1.570391777e+04 +1.562519777e+04 +1.562519777e+04 +2.9543e+00 +2.9097e-01 +1.6804e-01 -3.8038e-01 +1.7349e+00
18 0 +4.528984725e+03 +4.450264725e+03 +4.450264725e+03 +1.9435e+00 +1.5108e-01 -4.6416e-01 +1.2695e-01 +2.6830e-01
23 0 +3.862654161e+03 +3.783934161e+03 +3.783934161e+03 +5.4606e+00 +1.9946e+00 -3.2395e+00 -1.7858e+00 +1.9215e+00
55 0 +3.668886690e+03 +3.590166690e+03 +3.590166690e+03 -2.4259e-01 +3.0258e+00 -1.5933e+00 -1.1697e+00 +1.4823e+00
56 0 +6.526141878e+01 -1.345858122e+01 -1.345858122e+01 +4.4601e+00 +3.3971e+00 -4.3504e+00 -2.8111e+00 +3.6707e+00
223 0 +5.716726416e+01 -2.155273584e+01 -2.155273584e+01 +6.6353e+00 -3.6876e+00 -5.0976e+00 -2.7188e-01 -1.9056e+00
226 0 +3.728723360e+01 -4.143276640e+01 -4.143276640e+01 +6.5430e+00 -3.2987e+00 -6.2082e+00 -9.6118e-01 -1.0372e+00
% f evaluations | g evaluations | best noise-free fitness - Fopt (1.735400000000e+02) + sum g_i+ | measured fitness | best measured fitness or single-digit g-values | x1 | x2...
1 0 +4.883510694e+05 +4.885246094e+05 +4.885246094e+05 +7.9123e-01 +1.9411e+00 -1.2875e+00 +5.0253e-01 -8.9101e-01
2 0 +4.350253901e+05 +4.351989301e+05 +4.351989301e+05 -3.3571e+00 +2.8222e+00 -3.1113e+00 +1.7507e+00 -2.9730e+00
5 0 +3.317235619e+05 +3.318971019e+05 +3.318971019e+05 +1.6379e+00 +2.2329e+00 -1.0077e+00 +2.0827e+00 +2.7430e+00
6 0 +3.957988120e+04 +3.975342120e+04 +3.975342120e+04 +1.1392e+00 -3.4782e+00 -1.3797e+00 -1.6299e+00 -1.3043e+00
22 0 +3.665116261e+04 +3.682470261e+04 +3.682470261e+04 +9.2675e-02 -3.5364e-01 -7.8341e-01 -6.7601e-01 +1.6587e+00
28 0 +3.302780690e+03 +3.476320690e+03 +3.476320690e+03 -8.6640e-01 +1.9017e+00 -6.7344e-01 +4.7738e-01 +2.1809e+00
66 0 +2.291067245e+02 +4.026467245e+02 +4.026467245e+02 -2.4984e+00 +1.4331e+00 -5.8874e-01 -6.5345e-01 +2.4618e+00
145 0 +1.071411714e+02 +2.806811714e+02 +2.806811714e+02 -2.1826e+00 +6.7421e-01 -5.1585e-01 -3.2920e+00 +1.8326e+00
156 0 +9.097529791e+01 +2.645152979e+02 +2.645152979e+02 -2.0102e+00 -7.4171e-02 -1.2680e-03 -2.6742e+00 +2.7920e+00
374 0 +8.855624748e+01 +2.620962475e+02 +2.620962475e+02 -2.2108e+00 +2.9481e-01 -1.3149e-01 -1.8374e+00 +2.8413e+00
380 0 +8.564770820e+01 +2.591877082e+02 +2.591877082e+02 -2.3931e+00 +7.2206e-01 -2.7030e-01 -9.8297e-01 +2.8840e+00
386 0 +8.386403745e+01 +2.574040375e+02 +2.574040375e+02 -1.6948e+00 +1.0300e-01 -3.3355e-01 -8.8901e-01 +2.5324e+00
388 0 +7.942559409e+01 +2.529655941e+02 +2.529655941e+02 -1.1545e+00 -2.3466e-01 -1.9153e-01 -2.8647e-01 +2.7682e+00
394 0 +7.291207131e+01 +2.464520713e+02 +2.464520713e+02 -2.0445e+00 +4.1005e-01 -3.5364e-01 -4.5058e-02 +2.8095e+00
396 0 +5.855772747e+01 +2.320977275e+02 +2.320977275e+02 -2.7199e-01 -3.2912e-01 -5.1887e-01 +1.4132e-01 +2.0233e+00
433 0 +5.718550546e+01 +2.307255055e+02 +2.307255055e+02 -1.2072e+00 +1.4809e+00 -8.2106e-01 +2.2551e+00 +2.4383e+00
443 0 +5.521537940e+01 +2.287553794e+02 +2.287553794e+02 -4.0455e-01 -8.5003e-01 -5.5974e-01 +1.3807e+00 +2.1769e+00
451 0 +4.296858133e+01 +2.165085813e+02 +2.165085813e+02 -1.8934e-01 -2.3797e-01 -9.7962e-01 +1.6508e+00 +1.4822e+00
458 0 +3.878496881e+01 +2.123249688e+02 +2.123249688e+02 +1.4354e+00 -2.3388e+00 -9.1577e-01 +2.5342e+00 +1.0980e+00
481 0 +3.648430097e+01 +2.100243010e+02 +2.100243010e+02 +3.1680e-01 -1.2743e+00 -1.0802e+00 +2.8257e+00 +1.2719e+00
534 0 +3.555066906e+01 +2.090906691e+02 +2.090906691e+02 -2.1390e-01 -1.3024e+00 -1.0254e+00 +3.1944e+00 +1.5752e+00
548 0 +3.538919086e+01 +2.089291909e+02 +2.089291909e+02 +5.2963e-01 -2.5353e+00 -8.5028e-01 +2.8910e+00 +1.4719e+00
550 0 +3.293106878e+01 +2.064710688e+02 +2.064710688e+02 -4.9772e-01 -1.6172e+00 -1.0204e+00 +2.9678e+00 +1.5407e+00
555 0 +3.119536612e+01 +2.047353661e+02 +2.047353661e+02 -6.5086e-01 -1.5071e+00 -1.1138e+00 +2.6138e+00 +1.3326e+00
569 0 +2.797703346e+01 +2.015170335e+02 +2.015170335e+02 -1.1377e+00 -1.8346e+00 -1.1866e+00 +2.0988e+00 +1.1224e+00
591 0 +2.607790330e+01 +1.996179033e+02 +1.996179033e+02 -2.0395e+00 -1.3803e+00 -1.5529e+00 +9.0906e-01 +4.1991e-01
595 0 +2.415984656e+01 +1.976998466e+02 +1.976998466e+02 -7.0709e-01 -3.8521e+00 -1.5204e+00 +2.6432e-01 -3.7490e-01
607 0 +1.627964537e+01 +1.898196454e+02 +1.898196454e+02 -2.3251e+00 -1.6755e+00 -2.0077e+00 +1.9212e+00 -2.0867e-01
608 0 +1.603753902e+01 +1.895775390e+02 +1.895775390e+02 -3.0835e+00 -2.1826e+00 -1.9912e+00 +1.5423e+00 -1.8850e-01
626 0 +1.292033229e+01 +1.864603323e+02 +1.864603323e+02 -1.5953e+00 -3.5904e+00 -1.8848e+00 +1.9696e+00 -4.4915e-01
627 0 +9.689548896e+00 +1.832295489e+02 +1.832295489e+02 -3.2010e+00 -3.6071e+00 -2.2851e+00 +3.0583e+00 -6.2091e-01
646 0 +8.820033334e+00 +1.823600333e+02 +1.823600333e+02 -3.2352e+00 -4.3030e+00 -2.5100e+00 +3.8085e+00 -9.9187e-01
655 0 +8.173379881e+00 +1.817133799e+02 +1.817133799e+02 -2.9783e+00 -3.1736e+00 -2.7031e+00 +3.2663e+00 -1.3474e+00
661 0 +7.808949799e+00 +1.813489498e+02 +1.813489498e+02 -2.4009e+00 -4.7514e+00 -2.5083e+00 +2.5196e+00 -1.5406e+00
682 0 +7.445871675e+00 +1.809858717e+02 +1.809858717e+02 -2.6787e+00 -3.7567e+00 -2.3721e+00 +3.5400e+00 -8.1611e-01
683 0 +4.812508214e+00 +1.783525082e+02 +1.783525082e+02 -2.6283e+00 -4.1321e+00 -2.6484e+00 +3.2501e+00 -1.4872e+00
694 0 +4.569421415e+00 +1.781094214e+02 +1.781094214e+02 -2.6942e+00 -3.9128e+00 -2.7670e+00 +3.5425e+00 -1.5961e+00
696 0 +3.468913715e+00 +1.770089137e+02 +1.770089137e+02 -2.5774e+00 -3.8735e+00 -2.7152e+00 +2.8860e+00 -1.6673e+00
707 0 +3.019379900e+00 +1.765593799e+02 +1.765593799e+02 -3.2518e+00 -2.3777e+00 -3.2325e+00 +3.5841e+00 -2.1038e+00
714 0 +2.593845904e+00 +1.761338459e+02 +1.761338459e+02 -2.9255e+00 -3.4407e+00 -3.1115e+00 +4.1161e+00 -1.9979e+00
725 0 +1.560477299e+00 +1.751004773e+02 +1.751004773e+02 -2.7474e+00 -3.3242e+00 -3.3364e+00 +3.9113e+00 -2.4952e+00
744 0 +1.485147633e+00 +1.750251476e+02 +1.750251476e+02 -3.0843e+00 -3.1011e+00 -3.5783e+00 +3.7910e+00 -2.8772e+00
747 0 +1.272814747e+00 +1.748128147e+02 +1.748128147e+02 -2.8802e+00 -3.7256e+00 -3.8194e+00 +3.2139e+00 -3.6245e+00
754 0 +6.081465288e-01 +1.741481465e+02 +1.741481465e+02 -2.4501e+00 -3.1210e+00 -3.4987e+00 +3.8362e+00 -2.8573e+00
780 0 +4.391997246e-01 +1.739791997e+02 +1.739791997e+02 -2.7182e+00 -3.0209e+00 -3.4428e+00 +3.1543e+00 -2.8307e+00
790 0 +3.359345318e-01 +1.738759345e+02 +1.738759345e+02 -2.6562e+00 -3.3871e+00 -3.5465e+00 +3.3129e+00 -3.0688e+00
796 0 +2.869893744e-01 +1.738269894e+02 +1.738269894e+02 -2.5766e+00 -3.3003e+00 -3.5366e+00 +3.4390e+00 -3.0241e+00
811 0 +1.804124254e-01 +1.737204124e+02 +1.737204124e+02 -2.2184e+00 -3.1970e+00 -3.5425e+00 +3.7767e+00 -3.0174e+00
813 0 +1.229504482e-01 +1.736629504e+02 +1.736629504e+02 -2.3951e+00 -2.9919e+00 -3.5500e+00 +3.1795e+00 -3.0960e+00
817 0 +5.887482455e-02 +1.735988748e+02 +1.735988748e+02 -2.2721e+00 -2.9917e+00 -3.4951e+00 +3.3405e+00 -2.9807e+00
851 0 +5.291541541e-02 +1.735929154e+02 +1.735929154e+02 -1.9882e+00 -3.1939e+00 -3.5153e+00 +3.3328e+00 -3.1167e+00
871 0 +5.206009252e-02 +1.735920601e+02 +1.735920601e+02 -2.0869e+00 -3.2879e+00 -3.5652e+00 +3.4128e+00 -3.1887e+00
903 0 +5.101655321e-02 +1.735910166e+02 +1.735910166e+02 -2.0061e+00 -3.1557e+00 -3.5069e+00 +3.2573e+00 -3.1080e+00
917 0 +3.740010322e-02 +1.735774001e+02 +1.735774001e+02 -2.0844e+00 -3.2452e+00 -3.5074e+00 +3.3287e+00 -3.0907e+00
937 0 +2.792751907e-02 +1.735679275e+02 +1.735679275e+02 -2.1778e+00 -3.1111e+00 -3.5356e+00 +3.2207e+00 -3.1266e+00
939 0 +2.335366649e-02 +1.735633537e+02 +1.735633537e+02 -2.1797e+00 -3.2375e+00 -3.5316e+00 +3.4296e+00 -3.0918e+00
941 0 +1.763967741e-02 +1.735576397e+02 +1.735576397e+02 -2.0894e+00 -3.1704e+00 -3.5321e+00 +3.4482e+00 -3.0968e+00
944 0 +7.396588352e-03 +1.735473966e+02 +1.735473966e+02 -2.2142e+00 -3.1811e+00 -3.5494e+00 +3.3675e+00 -3.1232e+00
969 0 +7.090793969e-03 +1.735470908e+02 +1.735470908e+02 -2.0991e+00 -3.1483e+00 -3.5475e+00 +3.3985e+00 -3.1319e+00
978 0 +6.551768145e-03 +1.735465518e+02 +1.735465518e+02 -2.1878e+00 -3.0989e+00 -3.5863e+00 +3.4425e+00 -3.1688e+00
992 0 +5.308972602e-03 +1.735453090e+02 +1.735453090e+02 -2.1882e+00 -3.1476e+00 -3.5629e+00 +3.4258e+00 -3.1359e+00
995 0 +4.418748103e-03 +1.735444187e+02 +1.735444187e+02 -2.1402e+00 -3.1288e+00 -3.5734e+00 +3.3960e+00 -3.1702e+00
1007 0 +2.477889835e-03 +1.735424779e+02 +1.735424779e+02 -2.1863e+00 -3.1081e+00 -3.5661e+00 +3.4118e+00 -3.1391e+00
1012 0 +1.610292376e-03 +1.735416103e+02 +1.735416103e+02 -2.1409e+00 -3.1090e+00 -3.5471e+00 +3.3954e+00 -3.1162e+00
1017 0 +3.221139910e-04 +1.735403221e+02 +1.735403221e+02 -2.1619e+00 -3.1135e+00 -3.5514e+00 +3.3679e+00 -3.1269e+00
1042 0 +8.824584708e-05 +1.735400882e+02 +1.735400882e+02 -2.1718e+00 -3.1052e+00 -3.5531e+00 +3.3768e+00 -3.1247e+00
1111 0 +8.181788110e-05 +1.735400818e+02 +1.735400818e+02 -2.1638e+00 -3.1105e+00 -3.5526e+00 +3.3766e+00 -3.1265e+00
1118 0 +5.739323598e-05 +1.735400574e+02 +1.735400574e+02 -2.1623e+00 -3.1127e+00 -3.5544e+00 +3.3725e+00 -3.1314e+00
1127 0 +2.256634050e-05 +1.735400226e+02 +1.735400226e+02 -2.1624e+00 -3.1114e+00 -3.5514e+00 +3.3771e+00 -3.1243e+00
1159 0 +8.518234409e-06 +1.735400085e+02 +1.735400085e+02 -2.1653e+00 -3.1127e+00 -3.5543e+00 +3.3780e+00 -3.1294e+00
1185 0 +5.608205470e-06 +1.735400056e+02 +1.735400056e+02 -2.1647e+00 -3.1118e+00 -3.5535e+00 +3.3761e+00 -3.1282e+00
1205 0 +4.195464271e-06 +1.735400042e+02 +1.735400042e+02 -2.1623e+00 -3.1109e+00 -3.5537e+00 +3.3785e+00 -3.1284e+00
1207 0 +4.114893869e-06 +1.735400041e+02 +1.735400041e+02 -2.1626e+00 -3.1113e+00 -3.5530e+00 +3.3780e+00 -3.1272e+00
1211 0 +3.778884889e-06 +1.735400038e+02 +1.735400038e+02 -2.1643e+00 -3.1108e+00 -3.5536e+00 +3.3775e+00 -3.1281e+00
1220 0 +1.642066650e-06 +1.735400016e+02 +1.735400016e+02 -2.1646e+00 -3.1102e+00 -3.5532e+00 +3.3778e+00 -3.1271e+00
1221 0 +1.133238442e-06 +1.735400011e+02 +1.735400011e+02 -2.1639e+00 -3.1107e+00 -3.5539e+00 +3.3772e+00 -3.1288e+00
1245 0 +9.403208026e-07 +1.735400009e+02 +1.735400009e+02 -2.1638e+00 -3.1101e+00 -3.5535e+00 +3.3767e+00 -3.1281e+00
1251 0 +8.559307787e-07 +1.735400009e+02 +1.735400009e+02 -2.1644e+00 -3.1105e+00 -3.5537e+00 +3.3771e+00 -3.1283e+00
1258 0 +1.673881513e-07 +1.735400002e+02 +1.735400002e+02 -2.1639e+00 -3.1105e+00 -3.5537e+00 +3.3777e+00 -3.1283e+00
1266 0 +1.457059682e-07 +1.735400001e+02 +1.735400001e+02 -2.1638e+00 -3.1105e+00 -3.5537e+00 +3.3777e+00 -3.1282e+00
1273 0 +5.912181678e-08 +1.735400001e+02 +1.735400001e+02 -2.1639e+00 -3.1104e+00 -3.5535e+00 +3.3777e+00 -3.1279e+00
1287 0 +5.652515256e-08 +1.735400001e+02 +1.735400001e+02 -2.1642e+00 -3.1105e+00 -3.5536e+00 +3.3776e+00 -3.1280e+00
1313 0 +5.521718549e-08 +1.735400001e+02 +1.735400001e+02 -2.1639e+00 -3.1102e+00 -3.5536e+00 +3.3777e+00 -3.1280e+00
1323 0 +3.742937338e-08 +1.735400000e+02 +1.735400000e+02 -2.1639e+00 -3.1104e+00 -3.5536e+00 +3.3777e+00 -3.1281e+00
1340 0 +2.002022370e-08 +1.735400000e+02 +1.735400000e+02 -2.1640e+00 -3.1105e+00 -3.5536e+00 +3.3777e+00 -3.1280e+00
1344 0 +8.206342272e-09 +1.735400000e+02 +1.735400000e+02 -2.1640e+00 -3.1104e+00 -3.5536e+00 +3.3776e+00 -3.1280e+00
1784 0 +0.000000000e+00 +1.735400000e+02 +1.735400000e+02 -2.1640e+00 -3.1104e+00 -3.5536e+00 +3.3776e+00 -3.1280e+00
% f evaluations | g evaluations | best noise-free fitness - Fopt (-8.502000000000e+01) + sum g_i+ | measured fitness | best measured fitness or single-digit g-values | x1 | x2...
1 0 +1.947438053e+06 +1.947353033e+06 +1.947353033e+06 -1.8325e+00 -3.0874e-01 +7.0568e-03 +5.0652e-01 -8.7650e-01
2 0 +3.649327263e+03 +3.564307263e+03 +3.564307263e+03 -1.4298e+00 +1.0959e-02 -1.7704e+00 -2.2501e+00 -7.2714e-01
35 0 +1.375388267e+02 +5.251882670e+01 +5.251882670e+01 +7.8442e-01 +6.2952e+00 -1.3327e+00 -2.9330e-01 -1.9818e+00
341 0 +1.338823461e+02 +4.886234614e+01 +4.886234614e+01 +1.6925e+00 -8.2542e-01 -4.6559e+00 +4.4011e+00 -2.4398e+00
348 0 +1.214550581e+02 +3.643505809e+01 +3.643505809e+01 +2.3831e+00 -5.1614e-01 -4.2236e+00 +4.1556e+00 -1.9321e+00
360 0 +1.132844364e+02 +2.826443643e+01 +2.826443643e+01 +3.6367e+00 -2.0538e+00 -3.9123e+00 +4.1907e+00 -7.0973e-01
364 0 +1.092161471e+02 +2.419614714e+01 +2.419614714e+01 +5.0028e+00 -1.4781e+00 -3.1625e+00 +4.2946e+00 +2.1803e-01
367 0 +9.841195925e+01 +1.339195925e+01 +1.339195925e+01 +1.6424e+00 -2.0871e+00 -3.5648e+00 +3.5715e+00 -8.9968e-01
386 0 +8.912701377e+01 +4.107013774e+00 +4.107013774e+00 +3.0951e+00 -2.6899e+00 -2.4044e+00 +4.0315e+00 +9.2149e-01
395 0 +8.307069351e+01 -1.949306494e+00 -1.949306494e+00 +4.0875e+00 -1.9065e+00 -3.2476e+00 +2.8410e+00 -4.5859e-04
401 0 +7.691551598e+01 -8.104484020e+00 -8.104484020e+00 +4.0348e+00 -3.1469e+00 -2.4243e+00 +3.3090e+00 +1.2939e+00
% f evaluations | g evaluations | best noise-free fitness - Fopt (1.388500000000e+02) + sum g_i+ | measured fitness | best measured fitness or single-digit g-values | x1 | x2...
1 0 +6.038105950e+06 +6.038244800e+06 +6.038244800e+06 -2.8690e-01 +1.4885e+00 +2.8005e+00 +2.7777e+00 +1.8070e+00
5 0 +1.622819259e+06 +1.622958109e+06 +1.622958109e+06 -2.0806e-01 +4.1553e+00 +4.3920e-01 +3.8281e+00 +7.8375e-01
7 0 +1.865439640e+05 +1.866828140e+05 +1.866828140e+05 -1.3994e+00 -1.1361e+00 -2.9434e+00 +1.3022e+00 -2.0264e+00
24 0 +1.672152048e+05 +1.673540548e+05 +1.673540548e+05 +5.0840e-01 +2.1641e+00 -3.5735e+00 +3.1091e+00 -8.6196e-01
28 0 +1.471154117e+05 +1.472542617e+05 +1.472542617e+05 +1.9491e+00 +2.3326e+00 -4.0786e+00 +5.2281e+00 +1.9812e+00
43 0 +6.714350453e+03 +6.853200453e+03 +6.853200453e+03 +4.2608e+00 +3.2853e+00 -4.3694e-01 +8.2216e+00 +4.8304e+00
58 0 +2.725341557e+02 +4.113841557e+02 +4.113841557e+02 +2.7151e+00 +2.7529e+00 -1.0570e+00 +5.7422e+00 -3.7007e+00
66 0 +1.731896524e+02 +3.120396524e+02 +3.120396524e+02 +5.6409e-01 +1.9755e+00 -1.7259e+00 +4.1544e+00 -2.5042e+00
107 0 +1.154709979e+02 +2.543209979e+02 +2.543209979e+02 +1.3304e+00 +6.2060e+00 +4.4954e+00 +7.6074e+00 -4.0100e+00
247 0 +7.685187257e+01 +2.157018726e+02 +2.157018726e+02 -5.6934e+00 +4.1278e+00 +2.9888e+00 +1.9062e+00 -6.3176e+00
261 0 +6.724169763e+01 +2.060916976e+02 +2.060916976e+02 -8.7707e+00 -5.2399e-01 +4.5367e+00 -4.1547e-01 -6.3442e+00
322 0 +4.904877701e+01 +1.878987770e+02 +1.878987770e+02 -7.2203e+00 -2.7497e+00 +3.4112e+00 -4.2369e-01 -7.3329e+00
330 0 +1.498576830e+01 +1.538357683e+02 +1.538357683e+02 -5.5112e+00 -1.6854e+00 +5.3756e-01 +2.5717e-02 -5.5342e+00
394 0 +9.966564063e+00 +1.488165641e+02 +1.488165641e+02 -4.2571e+00 -5.8408e-01 +1.0705e+00 +1.3128e+00 -4.9040e+00
397 0 +4.914874836e+00 +1.437648748e+02 +1.437648748e+02 -3.9611e+00 +7.4943e-01 +1.8045e+00 +2.1539e+00 -4.0108e+00
417 0 +4.388851718e+00 +1.432388517e+02 +1.432388517e+02 -2.8421e+00 +4.9453e-01 -4.0406e-01 +2.0856e+00 -3.2151e+00
451 0 +3.546770625e+00 +1.423967706e+02 +1.423967706e+02 -4.4346e+00 -5.7008e-02 +4.9688e-01 +1.1659e+00 -4.3415e+00
462 0 +2.975577800e+00 +1.418255778e+02 +1.418255778e+02 -4.1694e+00 +2.4193e-01 +6.3499e-01 +1.4534e+00 -4.2641e+00
466 0 +2.414968745e+00 +1.412649687e+02 +1.412649687e+02 -3.2128e+00 +9.5938e-01 +7.7140e-01 +2.2783e+00 -4.0719e+00
472 0 +1.930987456e+00 +1.407809875e+02 +1.407809875e+02 -2.8319e+00 +6.7999e-01 +1.0049e+00 +2.5931e+00 -3.7136e+00
474 0 +1.178379786e+00 +1.400283798e+02 +1.400283798e+02 -3.6805e+00 +1.8453e-01 +3.5357e-01 +1.7012e+00 -3.8209e+00
489 0 +7.441590273e-01 +1.395941590e+02 +1.395941590e+02 -3.6278e+00 -1.8327e-01 +5.1200e-01 +1.7434e+00 -3.6213e+00
510 0 +6.373311283e-01 +1.394873311e+02 +1.394873311e+02 -3.4693e+00 -6.4861e-01 +5.0702e-01 +1.7640e+00 -3.4858e+00
518 0 +5.297061430e-01 +1.393797061e+02 +1.393797061e+02 -3.2155e+00 +1.0390e-01 +7.0194e-01 +2.1347e+00 -3.6088e+00
539 0 +3.962856458e-01 +1.392462856e+02 +1.392462856e+02 -3.0447e+00 -8.0298e-02 +7.5786e-01 +2.2176e+00 -3.6761e+00
559 0 +3.098190807e-01 +1.391598191e+02 +1.391598191e+02 -3.0653e+00 -3.4518e-01 +5.1469e-01 +2.0883e+00 -3.4507e+00
567 0 +2.914729891e-01 +1.391414730e+02 +1.391414730e+02 -3.2779e+00 -2.5883e-01 +4.6466e-01 +1.9324e+00 -3.6209e+00
588 0 +2.531725858e-01 +1.391031726e+02 +1.391031726e+02 -3.1262e+00 -3.0460e-01 +3.8754e-01 +1.9987e+00 -3.5544e+00
615 0 +2.358558094e-01 +1.390858558e+02 +1.390858558e+02 -3.2394e+00 -2.3335e-01 +5.1039e-01 +1.9727e+00 -3.6698e+00
619 0 +2.001785981e-01 +1.390501786e+02 +1.390501786e+02 -3.1322e+00 -2.3433e-01 +6.3722e-01 +2.0872e+00 -3.6718e+00
650 0 +1.775388302e-01 +1.390275388e+02 +1.390275388e+02 -3.0545e+00 -2.0477e-01 +4.6358e-01 +2.0807e+00 -3.6503e+00
655 0 +1.611172939e-01 +1.390111173e+02 +1.390111173e+02 -3.2231e+00 -3.0673e-01 +6.4481e-01 +2.0017e+00 -3.8054e+00
672 0 +1.121161109e-01 +1.389621161e+02 +1.389621161e+02 -3.0673e+00 -2.9708e-01 +6.0998e-01 +2.0987e+00 -3.7280e+00
684 0 +1.020683504e-01 +1.389520684e+02 +1.389520684e+02 -3.1447e+00 -3.2902e-01 +5.0071e-01 +2.0009e+00 -3.7437e+00
705 0 +6.642047881e-02 +1.389164205e+02 +1.389164205e+02 -2.9956e+00 -3.3535e-01 +4.8619e-01 +2.0853e+00 -3.7688e+00
714 0 +6.241454203e-02 +1.389124145e+02 +1.389124145e+02 -3.0299e+00 -5.1246e-01 +4.5020e-01 +2.0198e+00 -3.7257e+00
720 0 +5.230802859e-02 +1.389023080e+02 +1.389023080e+02 -2.9293e+00 -4.5986e-01 +6.1336e-01 +2.1407e+00 -3.8396e+00
722 0 +4.589070615e-02 +1.388958907e+02 +1.388958907e+02 -2.9321e+00 -3.6193e-01 +6.0582e-01 +2.1466e+00 -3.9189e+00
735 0 +3.855398610e-02 +1.388885540e+02 +1.388885540e+02 -2.9799e+00 -3.5953e-01 +6.0746e-01 +2.1110e+00 -3.9701e+00
753 0 +3.610434418e-02 +1.388861043e+02 +1.388861043e+02 -2.9705e+00 -3.9964e-01 +5.0734e-01 +2.0948e+00 -3.7814e+00
759 0 +2.261203023e-02 +1.388726120e+02 +1.388726120e+02 -2.9911e+00 -5.4541e-01 +5.7274e-01 +2.0658e+00 -3.8697e+00
769 0 +1.557434143e-02 +1.388655743e+02 +1.388655743e+02 -3.0195e+00 -5.0758e-01 +5.6674e-01 +2.0516e+00 -3.8831e+00
786 0 +1.422699367e-02 +1.388642270e+02 +1.388642270e+02 -2.9542e+00 -5.3237e-01 +4.9449e-01 +2.0646e+00 -3.8545e+00
789 0 +8.298983964e-03 +1.388582990e+02 +1.388582990e+02 -2.9847e+00 -4.4652e-01 +5.4575e-01 +2.0759e+00 -3.9013e+00
823 0 +7.521072782e-03 +1.388575211e+02 +1.388575211e+02 -2.9429e+00 -4.1866e-01 +5.1932e-01 +2.0900e+00 -3.9697e+00
837 0 +3.658590690e-03 +1.388536586e+02 +1.388536586e+02 -2.9542e+00 -4.8664e-01 +5.0281e-01 +2.0660e+00 -3.9443e+00
852 0 +2.146159096e-03 +1.388521462e+02 +1.388521462e+02 -2.9440e+00 -4.6686e-01 +4.7102e-01 +2.0627e+00 -3.9608e+00
859 0 +1.107707758e-03 +1.388511077e+02 +1.388511077e+02 -2.9619e+00 -5.0448e-01 +4.6969e-01 +2.0447e+00 -3.9490e+00
888 0 +3.931278896e-04 +1.388503931e+02 +1.388503931e+02 -2.9506e+00 -4.7756e-01 +4.6647e-01 +2.0557e+00 -3.9528e+00
908 0 +3.618737826e-04 +1.388503619e+02 +1.388503619e+02 -2.9574e+00 -4.8991e-01 +4.7430e-01 +2.0532e+00 -3.9409e+00
926 0 +2.332568934e-04 +1.388502333e+02 +1.388502333e+02 -2.9534e+00 -4.7740e-01 +4.6551e-01 +2.0543e+00 -3.9466e+00
960 0 +2.224476635e-04 +1.388502224e+02 +1.388502224e+02 -2.9606e+00 -4.6364e-01 +4.6643e-01 +2.0520e+00 -3.9541e+00
963 0 +1.065959566e-04 +1.388501066e+02 +1.388501066e+02 -2.9638e+00 -4.7143e-01 +4.6727e-01 +2.0492e+00 -3.9499e+00
984 0 +9.932752741e-05 +1.388500993e+02 +1.388500993e+02 -2.9571e+00 -4.7786e-01 +4.7001e-01 +2.0532e+00 -3.9489e+00
988 0 +6.273749094e-05 +1.388500627e+02 +1.388500627e+02 -2.9643e+00 -4.7574e-01 +4.7207e-01 +2.0500e+00 -3.9487e+00
993 0 +1.370961388e-05 +1.388500137e+02 +1.388500137e+02 -2.9609e+00 -4.7532e-01 +4.7450e-01 +2.0531e+00 -3.9486e+00
1024 0 +1.157524443e-05 +1.388500116e+02 +1.388500116e+02 -2.9617e+00 -4.7299e-01 +4.7160e-01 +2.0519e+00 -3.9489e+00
1027 0 +8.840340030e-06 +1.388500088e+02 +1.388500088e+02 -2.9621e+00 -4.7464e-01 +4.7319e-01 +2.0518e+00 -3.9501e+00
1028 0 +7.701455047e-06 +1.388500077e+02 +1.388500077e+02 -2.9623e+00 -4.7473e-01 +4.7541e-01 +2.0529e+00 -3.9471e+00
1045 0 +4.785373704e-06 +1.388500048e+02 +1.388500048e+02 -2.9617e+00 -4.7370e-01 +4.7488e-01 +2.0529e+00 -3.9493e+00
1054 0 +3.754976404e-06 +1.388500038e+02 +1.388500038e+02 -2.9629e+00 -4.7379e-01 +4.7301e-01 +2.0516e+00 -3.9483e+00
1058 0 +3.063786835e-06 +1.388500031e+02 +1.388500031e+02 -2.9624e+00 -4.7466e-01 +4.7462e-01 +2.0523e+00 -3.9489e+00
1059 0 +2.747699341e-06 +1.388500027e+02 +1.388500027e+02 -2.9628e+00 -4.7346e-01 +4.7357e-01 +2.0519e+00 -3.9489e+00
1061 0 +2.149828475e-06 +1.388500021e+02 +1.388500021e+02 -2.9635e+00 -4.7360e-01 +4.7508e-01 +2.0521e+00 -3.9474e+00
1071 0 +1.648060703e-06 +1.388500016e+02 +1.388500016e+02 -2.9633e+00 -4.7354e-01 +4.7479e-01 +2.0523e+00 -3.9469e+00
1080 0 +4.733296919e-07 +1.388500005e+02 +1.388500005e+02 -2.9630e+00 -4.7400e-01 +4.7420e-01 +2.0520e+00 -3.9477e+00
1121 0 +3.585274726e-07 +1.388500004e+02 +1.388500004e+02 -2.9629e+00 -4.7402e-01 +4.7449e-01 +2.0521e+00 -3.9482e+00
1122 0 +2.330996551e-07 +1.388500002e+02 +1.388500002e+02 -2.9630e+00 -4.7339e-01 +4.7416e-01 +2.0521e+00 -3.9482e+00
1156 0 +1.107728451e-07 +1.388500001e+02 +1.388500001e+02 -2.9630e+00 -4.7366e-01 +4.7420e-01 +2.0520e+00 -3.9481e+00
1159 0 +1.034228490e-07 +1.388500001e+02 +1.388500001e+02 -2.9631e+00 -4.7365e-01 +4.7440e-01 +2.0520e+00 -3.9481e+00
1183 0 +9.404897128e-08 +1.388500001e+02 +1.388500001e+02 -2.9633e+00 -4.7372e-01 +4.7435e-01 +2.0519e+00 -3.9481e+00
1203 0 +5.075122544e-08 +1.388500001e+02 +1.388500001e+02 -2.9632e+00 -4.7353e-01 +4.7426e-01 +2.0520e+00 -3.9479e+00
1212 0 +3.753024203e-08 +1.388500000e+02 +1.388500000e+02 -2.9633e+00 -4.7355e-01 +4.7447e-01 +2.0520e+00 -3.9481e+00
1246 0 +1.027740382e-08 +1.388500000e+02 +1.388500000e+02 -2.9632e+00 -4.7369e-01 +4.7441e-01 +2.0520e+00 -3.9480e+00
1281 0 +8.115307537e-09 +1.388500000e+02 +1.388500000e+02 -2.9632e+00 -4.7364e-01 +4.7437e-01 +2.0520e+00 -3.9480e+00
1705 0 +0.000000000e+00 +1.388500000e+02 +1.388500000e+02 -2.9632e+00 -4.7360e-01 +4.7440e-01 +2.0520e+00 -3.9480e+00
% f evaluations | g evaluations | best noise-free fitness - Fopt (1.672000000000e+01) + sum g_i+ | measured fitness | best measured fitness or single-digit g-values | x1 | x2...
1 0 +3.048241595e+07 +3.048243267e+07 +3.048243267e+07 +5.5971e-01 -2.6397e-01 +8.4406e-01 +2.0233e+00 +5.4616e+00
2 0 +1.343507699e+06 +1.343524419e+06 +1.343524419e+06 +6.7775e+00 +7.1563e-01 -5.4478e+00 -4.1178e+00 -2.7193e-01
8 0 +5.561824193e+04 +5.563496193e+04 +5.563496193e+04 +1.9606e+00 -3.4647e+00 +3.3945e+00 +3.7088e-01 +1.4404e+00
57 0 +1.029655953e+03 +1.046375953e+03 +1.046375953e+03 +5.3291e+00 +2.4110e-01 +1.2323e+00 -4.0002e+00 +4.8163e-01
64 0 +5.984003615e+02 +6.151203615e+02 +6.151203615e+02 +2.4148e+00 +2.0423e-01 +3.6475e+00 -1.8518e+00 -3.3570e+00
89 0 +2.450764114e+02 +2.617964114e+02 +2.617964114e+02 +2.3028e+00 +3.5643e-01 +2.7499e+00 -1.3386e+00 -4.7532e+00
103 0 +2.050194233e+02 +2.217394233e+02 +2.217394233e+02 +2.3073e+00 -4.9286e-01 +2.2045e+00 -2.4648e+00 -2.5794e+00
162 0 +9.717773257e+01 +1.138977326e+02 +1.138977326e+02 +3.0631e+00 -1.1807e+00 -6.5528e-01 -3.0671e+00 -1.9017e+00
193 0 +3.107391895e+01 +4.779391895e+01 +4.779391895e+01 +2.8377e+00 -9.1931e-01 -1.3109e+00 -3.5163e+00 -2.6989e+00
220 0 +2.915224135e+01 +4.587224135e+01 +4.587224135e+01 +2.3827e+00 -1.3155e+00 -3.7298e-01 -3.0070e+00 -2.3238e+00
251 0 +2.236702805e+01 +3.908702805e+01 +3.908702805e+01 +2.2698e+00 -1.9929e+00 -1.4297e+00 -2.9783e+00 -1.9732e+00
300 0 +1.791547284e+01 +3.463547284e+01 +3.463547284e+01 +2.5655e+00 -1.9879e+00 -1.7110e+00 -3.0416e+00 -1.7596e+00
341 0 +1.575235763e+01 +3.247235763e+01 +3.247235763e+01 +2.5527e+00 -1.9068e+00 -1.4272e+00 -3.2249e+00 -1.5638e+00
371 0 +1.490965799e+01 +3.162965799e+01 +3.162965799e+01 +2.8411e+00 -1.8406e+00 -1.5835e+00 -3.1185e+00 -1.5334e+00
383 0 +1.343374179e+01 +3.015374179e+01 +3.015374179e+01 +2.8053e+00 -1.9863e+00 -1.8074e+00 -3.1806e+00 -1.4110e+00
414 0 +1.300102950e+01 +2.972102950e+01 +2.972102950e+01 +2.7580e+00 -2.2938e+00 -2.4523e+00 -3.1461e+00 -1.3778e+00
422 0 +1.253389464e+01 +2.925389464e+01 +2.925389464e+01 +2.7281e+00 -2.2431e+00 -2.1340e+00 -3.1144e+00 -1.3165e+00
432 0 +1.183369650e+01 +2.855369650e+01 +2.855369650e+01 +2.9464e+00 -2.2147e+00 -2.2380e+00 -3.2557e+00 -1.0473e+00
434 0 +1.034018724e+01 +2.706018724e+01 +2.706018724e+01 +2.8331e+00 -2.3673e+00 -2.4215e+00 -3.3197e+00 -9.7997e-01
443 0 +9.921281424e+00 +2.664128142e+01 +2.664128142e+01 +2.7272e+00 -2.4625e+00 -2.4781e+00 -3.3401e+00 -9.5426e-01
446 0 +9.733344438e+00 +2.645334444e+01 +2.645334444e+01 +2.8295e+00 -2.3693e+00 -2.4354e+00 -3.4613e+00 -8.6410e-01
462 0 +9.132616107e+00 +2.585261611e+01 +2.585261611e+01 +3.0021e+00 -2.4045e+00 -2.5505e+00 -3.4340e+00 -6.8968e-01
466 0 +7.935156241e+00 +2.465515624e+01 +2.465515624e+01 +2.8359e+00 -2.6577e+00 -2.8477e+00 -3.5883e+00 -5.0472e-01
469 0 +6.262188666e+00 +2.298218867e+01 +2.298218867e+01 +2.9296e+00 -2.5416e+00 -2.6794e+00 -3.6176e+00 -4.5910e-01
488 0 +5.544798991e+00 +2.226479899e+01 +2.226479899e+01 +3.0743e+00 -2.7032e+00 -2.8967e+00 -3.8657e+00 +8.5310e-02
497 0 +3.732938211e+00 +2.045293821e+01 +2.045293821e+01 +3.1929e+00 -2.9310e+00 -3.3286e+00 -3.9178e+00 +3.9447e-01
507 0 +3.103606319e+00 +1.982360632e+01 +1.982360632e+01 +3.1568e+00 -3.0255e+00 -3.3769e+00 -4.2363e+00 +7.6732e-01
508 0 +2.733971750e+00 +1.945397175e+01 +1.945397175e+01 +3.3188e+00 -2.9210e+00 -3.2745e+00 -4.0392e+00 +6.7283e-01
524 0 +1.693089764e+00 +1.841308976e+01 +1.841308976e+01 +3.2554e+00 -2.9783e+00 -3.0136e+00 -4.3530e+00 +1.1552e+00
557 0 +1.058057745e+00 +1.777805775e+01 +1.777805775e+01 +3.4917e+00 -2.9252e+00 -2.9710e+00 -4.1015e+00 +1.1585e+00
574 0 +7.681794920e-01 +1.748817949e+01 +1.748817949e+01 +3.6233e+00 -2.9507e+00 -2.8317e+00 -3.8845e+00 +1.2733e+00
582 0 +5.043084024e-01 +1.722430840e+01 +1.722430840e+01 +3.6352e+00 -2.9032e+00 -2.5275e+00 -3.9657e+00 +1.4829e+00
592 0 +4.815468276e-01 +1.720154683e+01 +1.720154683e+01 +3.8178e+00 -2.8008e+00 -2.4666e+00 -3.9141e+00 +1.5152e+00
601 0 +4.035204423e-01 +1.712352044e+01 +1.712352044e+01 +3.9215e+00 -2.9747e+00 -2.8622e+00 -3.8414e+00 +1.6252e+00
626 0 +2.654939603e-01 +1.698549396e+01 +1.698549396e+01 +3.9424e+00 -2.9435e+00 -2.6931e+00 -3.6924e+00 +1.5817e+00
667 0 +2.558767044e-01 +1.697587670e+01 +1.697587670e+01 +3.7942e+00 -3.0712e+00 -2.8484e+00 -3.7526e+00 +1.5801e+00
670 0 +1.826392338e-01 +1.690263923e+01 +1.690263923e+01 +3.7047e+00 -3.1213e+00 -2.7689e+00 -3.7258e+00 +1.5946e+00
690 0 +1.753367391e-01 +1.689533674e+01 +1.689533674e+01 +3.9855e+00 -3.2596e+00 -2.8792e+00 -3.5466e+00 +1.9616e+00
695 0 +1.393047535e-01 +1.685930475e+01 +1.685930475e+01 +3.9781e+00 -3.1446e+00 -2.8001e+00 -3.6089e+00 +1.8493e+00
706 0 +1.354189286e-01 +1.685541893e+01 +1.685541893e+01 +3.8320e+00 -3.3174e+00 -2.9056e+00 -3.5064e+00 +1.8265e+00
711 0 +7.649852173e-02 +1.679649852e+01 +1.679649852e+01 +3.9568e+00 -3.0792e+00 -2.5336e+00 -3.5433e+00 +1.8311e+00
716 0 +2.479885735e-02 +1.674479886e+01 +1.674479886e+01 +3.7859e+00 -3.1539e+00 -2.5129e+00 -3.5059e+00 +1.7409e+00
722 0 +1.412171673e-02 +1.673412172e+01 +1.673412172e+01 +3.8168e+00 -3.1829e+00 -2.5463e+00 -3.5142e+00 +1.8163e+00
769 0 +7.494820372e-03 +1.672749482e+01 +1.672749482e+01 +3.7209e+00 -3.2629e+00 -2.5617e+00 -3.5157e+00 +1.8371e+00
823 0 +4.965073155e-03 +1.672496507e+01 +1.672496507e+01 +3.8074e+00 -3.2138e+00 -2.6115e+00 -3.4746e+00 +1.7823e+00
852 0 +4.046998213e-03 +1.672404700e+01 +1.672404700e+01 +3.7928e+00 -3.2136e+00 -2.5723e+00 -3.5007e+00 +1.8139e+00
855 0 +2.008429707e-03 +1.672200843e+01 +1.672200843e+01 +3.7812e+00 -3.2258e+00 -2.5865e+00 -3.4834e+00 +1.7973e+00
872 0 +1.624986422e-03 +1.672162499e+01 +1.672162499e+01 +3.7771e+00 -3.2264e+00 -2.5748e+00 -3.4559e+00 +1.7777e+00
880 0 +1.340125552e-03 +1.672134013e+01 +1.672134013e+01 +3.7764e+00 -3.2456e+00 -2.6073e+00 -3.4779e+00 +1.8087e+00
891 0 +1.132839451e-03 +1.672113284e+01 +1.672113284e+01 +3.7995e+00 -3.2407e+00 -2.5970e+00 -3.4391e+00 +1.8014e+00
894 0 +9.223391188e-04 +1.672092234e+01 +1.672092234e+01 +3.7793e+00 -3.2574e+00 -2.5972e+00 -3.4626e+00 +1.8277e+00
895 0 +8.651123420e-04 +1.672086511e+01 +1.672086511e+01 +3.7733e+00 -3.2521e+00 -2.5966e+00 -3.4740e+00 +1.8209e+00
899 0 +5.499863740e-04 +1.672054999e+01 +1.672054999e+01 +3.7781e+00 -3.2396e+00 -2.5859e+00 -3.4711e+00 +1.8087e+00
918 0 +3.211221568e-04 +1.672032112e+01 +1.672032112e+01 +3.7749e+00 -3.2545e+00 -2.5850e+00 -3.4582e+00 +1.8217e+00
946 0 +2.792653970e-04 +1.672027927e+01 +1.672027927e+01 +3.7577e+00 -3.2563e+00 -2.5856e+00 -3.4587e+00 +1.8038e+00
951 0 +1.755909411e-04 +1.672017559e+01 +1.672017559e+01 +3.7729e+00 -3.2501e+00 -2.5879e+00 -3.4563e+00 +1.8075e+00
963 0 +1.502796308e-04 +1.672015028e+01 +1.672015028e+01 +3.7714e+00 -3.2503e+00 -2.5841e+00 -3.4615e+00 +1.8130e+00
972 0 +9.183286457e-05 +1.672009183e+01 +1.672009183e+01 +3.7676e+00 -3.2567e+00 -2.5842e+00 -3.4524e+00 +1.8123e+00
977 0 +6.809588357e-05 +1.672006810e+01 +1.672006810e+01 +3.7686e+00 -3.2556e+00 -2.5805e+00 -3.4485e+00 +1.8107e+00
981 0 +6.559726365e-05 +1.672006560e+01 +1.672006560e+01 +3.7741e+00 -3.2522e+00 -2.5886e+00 -3.4521e+00 +1.8087e+00
993 0 +4.806337948e-05 +1.672004806e+01 +1.672004806e+01 +3.7668e+00 -3.2552e+00 -2.5826e+00 -3.4512e+00 +1.8087e+00
1003 0 +4.761024127e-05 +1.672004761e+01 +1.672004761e+01 +3.7711e+00 -3.2540e+00 -2.5813e+00 -3.4488e+00 +1.8104e+00
1008 0 +3.576092611e-05 +1.672003576e+01 +1.672003576e+01 +3.7691e+00 -3.2546e+00 -2.5824e+00 -3.4508e+00 +1.8100e+00
1011 0 +2.555272021e-05 +1.672002555e+01 +1.672002555e+01 +3.7719e+00 -3.2528e+00 -2.5827e+00 -3.4520e+00 +1.8111e+00
1015 0 +2.045262523e-05 +1.672002045e+01 +1.672002045e+01 +3.7694e+00 -3.2530e+00 -2.5813e+00 -3.4529e+00 +1.8100e+00
1026 0 +1.739938852e-05 +1.672001740e+01 +1.672001740e+01 +3.7696e+00 -3.2520e+00 -2.5809e+00 -3.4533e+00 +1.8091e+00
1037 0 +1.279474576e-05 +1.672001279e+01 +1.672001279e+01 +3.7695e+00 -3.2525e+00 -2.5841e+00 -3.4532e+00 +1.8075e+00
1043 0 +1.082137621e-05 +1.672001082e+01 +1.672001082e+01 +3.7718e+00 -3.2515e+00 -2.5837e+00 -3.4514e+00 +1.8073e+00
1048 0 +6.916494211e-06 +1.672000692e+01 +1.672000692e+01 +3.7695e+00 -3.2518e+00 -2.5827e+00 -3.4535e+00 +1.8076e+00
1057 0 +6.335455609e-06 +1.672000634e+01 +1.672000634e+01 +3.7707e+00 -3.2506e+00 -2.5826e+00 -3.4536e+00 +1.8069e+00
1069 0 +5.981523714e-06 +1.672000598e+01 +1.672000598e+01 +3.7695e+00 -3.2512e+00 -2.5816e+00 -3.4543e+00 +1.8078e+00
1073 0 +4.842827618e-06 +1.672000484e+01 +1.672000484e+01 +3.7698e+00 -3.2513e+00 -2.5824e+00 -3.4540e+00 +1.8076e+00
1081 0 +3.899843243e-06 +1.672000390e+01 +1.672000390e+01 +3.7699e+00 -3.2507e+00 -2.5805e+00 -3.4534e+00 +1.8075e+00
1082 0 +3.205925715e-06 +1.672000321e+01 +1.672000321e+01 +3.7707e+00 -3.2510e+00 -2.5820e+00 -3.4520e+00 +1.8066e+00
1090 0 +3.062173018e-06 +1.672000306e+01 +1.672000306e+01 +3.7709e+00 -3.2505e+00 -2.5824e+00 -3.4529e+00 +1.8067e+00
1105 0 +2.938084030e-06 +1.672000294e+01 +1.672000294e+01 +3.7705e+00 -3.2516e+00 -2.5823e+00 -3.4526e+00 +1.8079e+00
1109 0 +2.637654106e-06 +1.672000264e+01 +1.672000264e+01 +3.7703e+00 -3.2512e+00 -2.5822e+00 -3.4533e+00 +1.8075e+00
1110 0 +1.949356626e-06 +1.672000195e+01 +1.672000195e+01 +3.7705e+00 -3.2502e+00 -2.5819e+00 -3.4535e+00 +1.8065e+00
1111 0 +1.599024330e-06 +1.672000160e+01 +1.672000160e+01 +3.7715e+00 -3.2506e+00 -2.5827e+00 -3.4525e+00 +1.8069e+00
1121 0 +3.268172684e-07 +1.672000033e+01 +1.672000033e+01 +3.7714e+00 -3.2501e+00 -2.5815e+00 -3.4528e+00 +1.8069e+00
1151 0 +1.304704220e-07 +1.672000013e+01 +1.672000013e+01 +3.7710e+00 -3.2505e+00 -2.5816e+00 -3.4528e+00 +1.8072e+00
1174 0 +8.990813782e-08 +1.672000009e+01 +1.672000009e+01 +3.7711e+00 -3.2505e+00 -2.5816e+00 -3.4529e+00 +1.8074e+00
1197 0 +7.614637454e-08 +1.672000008e+01 +1.672000008e+01 +3.7712e+00 -3.2504e+00 -2.5817e+00 -3.4527e+00 +1.8070e+00
1212 0 +6.182697376e-08 +1.672000006e+01 +1.672000006e+01 +3.7712e+00 -3.2503e+00 -2.5815e+00 -3.4529e+00 +1.8073e+00
1216 0 +5.313757612e-08 +1.672000005e+01 +1.672000005e+01 +3.7713e+00 -3.2505e+00 -2.5817e+00 -3.4527e+00 +1.8073e+00
1221 0 +2.537705157e-08 +1.672000003e+01 +1.672000003e+01 +3.7712e+00 -3.2505e+00 -2.5816e+00 -3.4527e+00 +1.8073e+00
1230 0 +1.676813710e-08 +1.672000002e+01 +1.672000002e+01 +3.7712e+00 -3.2504e+00 -2.5817e+00 -3.4528e+00 +1.8072e+00
1265 0 +2.514660480e-09 +1.672000000e+01 +1.672000000e+01 +3.7712e+00 -3.2504e+00 -2.5816e+00 -3.4528e+00 +1.8072e+00
1706 0 +0.000000000e+00 +1.672000000e+01 +1.672000000e+01 +3.7712e+00 -3.2504e+00 -2.5816e+00 -3.4528e+00 +1.8072e+00
% f evaluations | g evaluations | best noise-free fitness - Fopt (-6.570000000000e+00) + sum g_i+ | measured fitness | best measured fitness or single-digit g-values | x1 | x2...
1 0 +5.267973301e+06 +5.267966731e+06 +5.267966731e+06 -1.6706e+00 +2.2909e-01 -9.0525e-01 -3.6395e+00 +1.5210e+00
9 0 +5.053408647e+06 +5.053402077e+06 +5.053402077e+06 -1.7393e+00 +3.9085e-02 +5.4368e+00 +8.9493e-01 +7.4554e-01
11 0 +2.839930671e+06 +2.839924101e+06 +2.839924101e+06 -2.3987e+00 +3.2290e+00 -7.1888e-01 -2.4779e+00 +2.5691e-01
19 0 +4.034934689e+05 +4.034868989e+05 +4.034868989e+05 -3.7840e+00 +1.7450e+00 +9.1904e-01 -4.2160e+00 +1.4982e+00
22 0 +1.206837462e+05 +1.206771762e+05 +1.206771762e+05 -7.6661e+00 +3.7311e+00 +3.1257e-01 +2.1778e+00 +7.6817e-01
26 0 +3.891536810e+04 +3.890879810e+04 +3.890879810e+04 -4.8226e+00 +2.2602e+00 +4.8761e+00 +1.0146e+00 +2.3792e-01
42 0 +1.203332303e+04 +1.202675303e+04 +1.202675303e+04 -7.2973e+00 +4.3517e+00 +2.0901e+00 +4.2932e+00 +2.0042e+00
50 0 +1.181251298e+03 +1.174681298e+03 +1.174681298e+03 -4.1298e+00 +7.0300e+00 -2.6875e-02 +2.3845e-01 +1.9987e+00
74 0 +6.366199336e+01 +5.709199336e+01 +5.709199336e+01 -5.6114e+00 +2.6699e+00 +2.6641e+00 +1.2555e+00 +1.0505e+00
369 0 +4.724629305e+01 +4.067629305e+01 +4.067629305e+01 -4.0010e+00 +2.2226e+00 -4.2647e+00 -6.4809e+00 +1.3766e+00
381 0 +4.611968398e+01 +3.954968398e+01 +3.954968398e+01 -4.8776e+00 +1.7102e+00 -3.8666e+00 -5.2563e+00 +1.6041e+00
393 0 +4.120186529e+01 +3.463186529e+01 +3.463186529e+01 -3.1653e+00 +1.8895e+00 -2.1605e+00 -6.1591e+00 +1.5859e+00
425 0 +3.014071250e+01 +2.357071250e+01 +2.357071250e+01 -3.5519e+00 +1.8208e+00 -2.1750e+00 -5.5701e+00 +1.9843e+00
433 0 +2.790001305e+01 +2.133001305e+01 +2.133001305e+01 -3.3453e+00 +2.5882e+00 -2.4530e+00 -5.8947e+00 +7.9597e-01
442 0 +2.499921290e+01 +1.842921290e+01 +1.842921290e+01 -3.4301e+00 +1.6546e+00 -6.6243e-01 -4.6258e+00 +2.1798e+00
444 0 +2.425639044e+01 +1.768639044e+01 +1.768639044e+01 -4.5593e+00 +2.0392e+00 -2.5529e+00 -4.6969e+00 +7.3575e-01
463 0 +1.566304082e+01 +9.093040820e+00 +9.093040820e+00 -3.9272e+00 +1.8627e+00 -1.5103e+00 -4.9912e+00 +3.0207e-01
465 0 +1.152940041e+01 +4.959400409e+00 +4.959400409e+00 -4.3338e+00 +2.1145e+00 -1.5816e+00 -4.5613e+00 -5.2819e-01
476 0 +1.032987031e+01 +3.759870312e+00 +3.759870312e+00 -3.9280e+00 +2.1886e+00 -1.3006e+00 -5.1878e+00 -1.7328e+00
479 0 +6.857791978e+00 +2.877919781e-01 +2.877919781e-01 -4.2768e+00 +1.9499e+00 -8.7862e-01 -4.3465e+00 -1.0292e+00
485 0 +4.712492342e+00 -1.857507658e+00 -1.857507658e+00 -4.0316e+00 +1.9639e+00 -4.2716e-01 -4.3458e+00 -1.1100e+00
971 0 +3.319481802e+00 -3.250518198e+00 -3.250518198e+00 -3.1693e+00 +1.6122e+00 +1.1839e+00 -4.4021e+00 -7.3815e-01
% f evaluations | g evaluations | best noise-free fitness - Fopt (6.080000000000e+01) + sum g_i+ | measured fitness | best measured fitness or single-digit g-values | x1 | x2...
1 0 +1.507968689e+06 +1.508029489e+06 +1.508029489e+06 +5.0821e-02 +3.0207e+00 +1.7283e+00 -3.7123e+00 +1.7700e+00
3 0 +1.407716812e+05 +1.408324812e+05 +1.408324812e+05 -9.7580e-01 -2.2392e+00 -2.0874e+00 -2.6025e-01 -9.7656e-01
8 0 +1.533527493e+04 +1.539607493e+04 +1.539607493e+04 -9.4230e-01 -2.5680e+00 -1.3264e+00 -6.8931e-01 -7.6145e-01
20 0 +1.417063883e+04 +1.423143883e+04 +1.423143883e+04 -3.6356e+00 -5.5017e-01 +3.9708e-01 -8.3979e-01 -4.5532e-01
23 0 +1.333639403e+04 +1.339719403e+04 +1.339719403e+04 +1.0551e+00 +1.5420e+00 +1.5499e+00 -1.5975e+00 +1.0428e+00
35 0 +2.994441377e+03 +3.055241377e+03 +3.055241377e+03 +1.0701e+00 +2.9624e+00 +1.7071e+00 -1.0831e+00 +8.6318e-01
43 0 +2.090435444e+02 +2.698435444e+02 +2.698435444e+02 -2.1547e-01 +1.7434e+00 +9.0727e-01 -2.0072e-02 +3.7905e-01
166 0 +1.913406380e+02 +2.521406380e+02 +2.521406380e+02 +7.2826e-01 +4.4013e-01 +1.8795e+00 +3.0434e+00 +3.7561e+00
177 0 +1.223493719e+02 +1.831493719e+02 +1.831493719e+02 +6.8528e-01 +2.0469e+00 +1.9911e+00 +4.1454e+00 +3.2802e+00
285 0 +1.107843138e+02 +1.715843138e+02 +1.715843138e+02 +9.2393e-01 +6.6121e-01 +5.6781e-01 +4.7210e+00 +2.4205e+00
331 0 +9.986300807e+01 +1.606630081e+02 +1.606630081e+02 +1.7495e+00 +1.0692e+00 +1.2646e+00 +2.8962e+00 +2.7908e+00
341 0 +4.333648647e+01 +1.041364865e+02 +1.041364865e+02 +1.3586e+00 -1.7476e-01 -1.3017e+00 +1.9819e+00 -4.0842e-01
348 0 +3.411695736e+01 +9.491695736e+01 +9.491695736e+01 -5.4943e-01 -7.2494e-02 -3.2267e+00 +9.7632e-01 -4.0468e+00
356 0 +2.553382914e+01 +8.633382914e+01 +8.633382914e+01 +8.9588e-01 -1.1200e+00 -2.8033e+00 +2.2371e-01 -2.6195e+00
362 0 +1.821442308e+01 +7.901442308e+01 +7.901442308e+01 +1.3998e+00 -5.2566e-01 -1.8257e+00 -2.1279e-01 -1.6144e+00
448 0 +1.814541824e+01 +7.894541824e+01 +7.894541824e+01 +1.0037e-01 -1.0969e+00 -3.0182e+00 -3.0981e-01 -3.3427e+00
481 0 +1.132228225e+01 +7.212228225e+01 +7.212228225e+01 -7.7538e-02 -1.3133e+00 -3.2152e+00 -1.2485e+00 -3.8362e+00
490 0 +8.920576900e+00 +6.972057690e+01 +6.972057690e+01 +3.8407e-02 -2.2349e+00 -3.0935e+00 -2.4079e+00 -3.4353e+00
505 0 +3.946929934e+00 +6.474692993e+01 +6.474692993e+01 +6.7096e-01 -1.5411e+00 -2.4720e+00 -3.1183e+00 -3.0376e+00
517 0 +9.501674567e-01 +6.175016746e+01 +6.175016746e+01 +2.5407e-01 -7.6368e-01 -1.9849e+00 -3.1443e+00 -2.9758e+00
568 0 +8.424643832e-01 +6.164246438e+01 +6.164246438e+01 +2.8417e-01 -9.7038e-01 -1.4088e+00 -3.9195e+00 -2.2908e+00
570 0 +8.201252164e-01 +6.162012522e+01 +6.162012522e+01 +3.7069e-01 -1.1545e+00 -2.0136e+00 -3.8223e+00 -2.9579e+00
602 0 +7.522338837e-01 +6.155223388e+01 +6.155223388e+01 -1.7985e-01 -1.0324e+00 -1.6452e+00 -3.9187e+00 -2.7182e+00
612 0 +6.900953902e-01 +6.149009539e+01 +6.149009539e+01 -1.8774e-01 -1.1868e+00 -1.4821e+00 -3.7627e+00 -2.3515e+00
615 0 +2.052348079e-01 +6.100523481e+01 +6.100523481e+01 -5.6281e-01 -3.9977e-01 -1.5139e+00 -3.7026e+00 -2.9727e+00
662 0 +1.527170442e-01 +6.095271704e+01 +6.095271704e+01 -3.5360e-02 -6.2938e-01 -1.5748e+00 -3.9303e+00 -2.8292e+00
666 0 +5.593005924e-02 +6.085593006e+01 +6.085593006e+01 -1.3343e-01 -5.6484e-01 -1.5605e+00 -3.7401e+00 -2.8182e+00
678 0 +3.976479550e-02 +6.083976480e+01 +6.083976480e+01 -2.1188e-01 -5.9308e-01 -1.4789e+00 -4.0429e+00 -2.8084e+00
705 0 +2.084513659e-02 +6.082084514e+01 +6.082084514e+01 -3.9533e-01 -6.6548e-01 -1.5296e+00 -3.9318e+00 -2.8541e+00
710 0 +9.400544095e-03 +6.080940054e+01 +6.080940054e+01 -2.2404e-01 -6.4298e-01 -1.5428e+00 -3.9957e+00 -2.8550e+00
732 0 +8.906007384e-03 +6.080890601e+01 +6.080890601e+01 -1.8805e-01 -6.6914e-01 -1.5704e+00 -3.9110e+00 -2.8391e+00
736 0 +7.969209911e-03 +6.080796921e+01 +6.080796921e+01 -2.4548e-01 -6.1428e-01 -1.5642e+00 -3.8916e+00 -2.8756e+00
737 0 +4.082842929e-03 +6.080408284e+01 +6.080408284e+01 -2.0845e-01 -5.9043e-01 -1.5453e+00 -3.8975e+00 -2.8545e+00
796 0 +2.893790494e-03 +6.080289379e+01 +6.080289379e+01 -2.4684e-01 -5.7771e-01 -1.5414e+00 -3.8972e+00 -2.8685e+00
801 0 +1.959568001e-03 +6.080195957e+01 +6.080195957e+01 -2.6021e-01 -5.9409e-01 -1.5227e+00 -3.9315e+00 -2.8476e+00
818 0 +1.575000530e-03 +6.080157500e+01 +6.080157500e+01 -2.7146e-01 -5.9235e-01 -1.5381e+00 -3.8906e+00 -2.8603e+00
849 0 +1.520516754e-03 +6.080152052e+01 +6.080152052e+01 -2.5098e-01 -6.0123e-01 -1.5357e+00 -3.8943e+00 -2.8464e+00
850 0 +1.193039738e-03 +6.080119304e+01 +6.080119304e+01 -2.6062e-01 -5.9265e-01 -1.5358e+00 -3.9211e+00 -2.8634e+00
857 0 +7.361651522e-04 +6.080073617e+01 +6.080073617e+01 -2.5319e-01 -5.9847e-01 -1.5387e+00 -3.9130e+00 -2.8590e+00
868 0 +6.609318571e-04 +6.080066093e+01 +6.080066093e+01 -2.5443e-01 -6.0692e-01 -1.5521e+00 -3.9129e+00 -2.8727e+00
870 0 +4.399021416e-04 +6.080043990e+01 +6.080043990e+01 -2.4443e-01 -6.1323e-01 -1.5421e+00 -3.9234e+00 -2.8553e+00
874 0 +2.583012269e-04 +6.080025830e+01 +6.080025830e+01 -2.4797e-01 -6.1704e-01 -1.5513e+00 -3.9043e+00 -2.8607e+00
914 0 +1.085926760e-04 +6.080010859e+01 +6.080010859e+01 -2.5889e-01 -6.1326e-01 -1.5432e+00 -3.9186e+00 -2.8596e+00
930 0 +8.978504867e-05 +6.080008979e+01 +6.080008979e+01 -2.5906e-01 -6.1326e-01 -1.5422e+00 -3.9104e+00 -2.8557e+00
938 0 +8.411036705e-05 +6.080008411e+01 +6.080008411e+01 -2.6221e-01 -6.1887e-01 -1.5469e+00 -3.9067e+00 -2.8585e+00
939 0 +3.678941491e-05 +6.080003679e+01 +6.080003679e+01 -2.6345e-01 -6.2145e-01 -1.5454e+00 -3.9180e+00 -2.8588e+00
970 0 +2.003911236e-05 +6.080002004e+01 +6.080002004e+01 -2.5910e-01 -6.1793e-01 -1.5477e+00 -3.9156e+00 -2.8622e+00
973 0 +9.103178108e-06 +6.080000910e+01 +6.080000910e+01 -2.5979e-01 -6.1877e-01 -1.5448e+00 -3.9144e+00 -2.8574e+00
1001 0 +4.795520191e-06 +6.080000480e+01 +6.080000480e+01 -2.5846e-01 -6.2008e-01 -1.5464e+00 -3.9158e+00 -2.8589e+00
1038 0 +4.460306243e-06 +6.080000446e+01 +6.080000446e+01 -2.5943e-01 -6.2055e-01 -1.5474e+00 -3.9152e+00 -2.8601e+00
1044 0 +2.692789316e-06 +6.080000269e+01 +6.080000269e+01 -2.5949e-01 -6.2072e-01 -1.5468e+00 -3.9144e+00 -2.8589e+00
1051 0 +1.156430521e-06 +6.080000116e+01 +6.080000116e+01 -2.5994e-01 -6.1986e-01 -1.5466e+00 -3.9145e+00 -2.8594e+00
1068 0 +3.417118180e-07 +6.080000034e+01 +6.080000034e+01 -2.5915e-01 -6.1914e-01 -1.5465e+00 -3.9148e+00 -2.8595e+00
1102 0 +1.599943147e-07 +6.080000016e+01 +6.080000016e+01 -2.5908e-01 -6.1953e-01 -1.5465e+00 -3.9146e+00 -2.8591e+00
1147 0 +9.587251526e-08 +6.080000010e+01 +6.080000010e+01 -2.5943e-01 -6.1928e-01 -1.5464e+00 -3.9144e+00 -2.8592e+00
1153 0 +4.977787427e-08 +6.080000005e+01 +6.080000005e+01 -2.5917e-01 -6.1923e-01 -1.5465e+00 -3.9142e+00 -2.8592e+00
1182 0 +2.154185097e-08 +6.080000002e+01 +6.080000002e+01 -2.5919e-01 -6.1908e-01 -1.5464e+00 -3.9144e+00 -2.8592e+00
1203 0 +1.967634233e-08 +6.080000002e+01 +6.080000002e+01 -2.5918e-01 -6.1921e-01 -1.5465e+00 -3.9145e+00 -2.8593e+00
1221 0 +7.232131338e-09 +6.080000001e+01 +6.080000001e+01 -2.5919e-01 -6.1914e-01 -1.5464e+00 -3.9144e+00 -2.8592e+00
1673 0 +0.000000000e+00 +6.080000000e+01 +6.080000000e+01 -2.5920e-01 -6.1920e-01 -1.5464e+00 -3.9144e+00 -2.8592e+00
% f evaluations | g evaluations | best noise-free fitness - Fopt (-1.258000000000e+01) + sum g_i+ | measured fitness | best measured fitness or single-digit g-values | x1 | x2...
1 0 +8.159813098e+06 +8.159800518e+06 +8.159800518e+06 -2.7607e+00 -3.0184e+00 -1.7210e+00 +3.5601e+00 +2.6548e-02
2 0 +4.696721704e+05 +4.696595904e+05 +4.696595904e+05 -1.5288e+00 -4.0497e-01 +7.6292e-03 -2.0913e+00 +5.6286e-02
7 0 +6.309957643e+04 +6.308699643e+04 +6.308699643e+04 +4.6888e+00 -1.3671e-01 +5.5216e-01 -9.4102e-01 +5.8521e-01
13 0 +3.140013493e+03 +3.127433493e+03 +3.127433493e+03 +1.3633e+00 +9.2253e-01 -1.1876e+00 -1.6856e+00 -1.8958e+00
49 0 +2.806363236e+03 +2.793783236e+03 +2.793783236e+03 -1.5998e+00 +3.0546e+00 -5.4322e+00 -5.4710e+00 -4.3490e+00
66 0 +1.285430237e+03 +1.272850237e+03 +1.272850237e+03 -3.2333e+00 +3.1762e+00 -6.1140e+00 -6.7535e+00 -6.0358e+00
77 0 +5.640267585e+02 +5.514467585e+02 +5.514467585e+02 -6.5096e+00 +4.0432e+00 -9.4757e+00 -1.2585e+01 -8.0718e+00
91 0 +1.646782350e+02 +1.520982350e+02 +1.520982350e+02 -2.7545e+00 +2.0119e+00 -5.3872e+00 -9.6864e+00 -6.2237e+00
130 0 +1.079001867e+02 +9.532018669e+01 +9.532018669e+01 -1.7200e+00 +1.3866e+00 -2.9099e+00 -5.7752e+00 -9.3846e+00
225 0 +1.040654500e+02 +9.148545004e+01 +9.148545004e+01 -3.2587e+00 +4.0508e+00 -4.4446e+00 +7.2038e-01 -1.2177e+01
228 0 +9.255523479e+01 +7.997523479e+01 +7.997523479e+01 -3.4512e+00 +4.9786e+00 -5.3338e+00 +2.9938e+00 -9.6295e+00
254 0 +7.504809430e+01 +6.246809430e+01 +6.246809430e+01 -3.3060e+00 +3.4324e+00 -3.9688e+00 +1.0023e+00 -1.0138e+01
378 0 +6.999328149e+01 +5.741328149e+01 +5.741328149e+01 -2.3425e+00 +3.5973e+00 -3.4805e+00 +2.1829e+00 -1.0400e+01
392 0 +6.331170353e+01 +5.073170353e+01 +5.073170353e+01 -2.0598e+00 +3.6510e+00 -3.3498e+00 +2.7448e+00 -1.0037e+01
399 0 +6.075513811e+01 +4.817513811e+01 +4.817513811e+01 -1.8973e+00 +3.4086e+00 -2.9921e+00 +2.9157e+00 -9.9044e+00
413 0 +5.777349931e+01 +4.519349931e+01 +4.519349931e+01 -1.8593e+00 +3.2625e+00 -2.8811e+00 +2.6447e+00 -9.9252e+00
418 0 +4.169323153e+01 +2.911323153e+01 +2.911323153e+01 -1.3788e+00 +2.7544e+00 -2.2620e+00 +2.6323e+00 -9.0257e+00
426 0 +3.779822099e+01 +2.521822099e+01 +2.521822099e+01 -1.1361e+00 +2.2189e+00 -1.6576e+00 +2.4730e+00 -8.6961e+00
434 0 +3.384971637e+01 +2.126971637e+01 +2.126971637e+01 -9.7516e-01 +1.9263e+00 -1.5178e+00 +1.6563e+00 -8.3918e+00
445 0 +2.991670091e+01 +1.733670091e+01 +1.733670091e+01 -1.0658e+00 +2.0049e+00 -1.8160e+00 +1.1874e+00 -7.9140e+00
457 0 +2.722586036e+01 +1.464586036e+01 +1.464586036e+01 -3.6144e-01 +1.6400e+00 -1.3288e+00 +5.7768e-01 -7.7492e+00
466 0 +2.561495366e+01 +1.303495366e+01 +1.303495366e+01 -9.2333e-01 +2.3105e+00 -2.1499e+00 +1.0871e+00 -7.8356e+00
469 0 +1.797784029e+01 +5.397840293e+00 +5.397840293e+00 +3.4508e-01 +8.3840e-01 -2.1262e-01 +7.0161e-01 -7.2423e+00
489 0 +1.420626111e+01 +1.626261109e+00 +1.626261109e+00 +1.3753e+00 +2.9506e-01 +6.8649e-01 +1.0549e+00 -6.0224e+00
501 0 +1.168806382e+01 -8.919361818e-01 -8.919361818e-01 +6.0185e-01 +1.3347e+00 -7.8936e-01 +5.6059e-01 -6.7325e+00
% f evaluations | g evaluations | best noise-free fitness - Fopt (-3.333400000000e+02) + sum g_i+ | measured fitness | best measured fitness or single-digit g-values | x1 | x2...
1 0 +2.770693701e+07 +2.770660367e+07 +2.770660367e+07 +2.3135e+00 +2.5303e+00 -4.0453e+00 -1.0685e+00 +2.1590e+00
2 0 +1.651072059e+07 +1.651038725e+07 +1.651038725e+07 +2.6001e+00 +8.4612e-01 -2.7005e+00 -6.1520e-01 +1.2242e+00
3 0 +3.356390689e+05 +3.353057289e+05 +3.353057289e+05 -1.2754e-01 +3.4976e+00 +1.2356e+00 +1.2954e+00 -1.7511e+00
5 0 +2.402097230e+05 +2.398763830e+05 +2.398763830e+05 -3.4420e+00 +5.2597e-02 +3.0777e+00 -1.5664e+00 -2.1131e+00
8 0 +1.995129779e+04 +1.961795779e+04 +1.961795779e+04 +1.6425e+00 +1.2179e+00 +3.8576e-01 +8.1222e-01 -2.4501e+00
17 0 +7.920557455e+03 +7.587217455e+03 +7.587217455e+03 +1.4461e+00 +7.6734e-01 -3.3880e-01 -4.0413e-01 -2.3150e+00
47 0 +7.249998381e+02 +3.916598381e+02 +3.916598381e+02 +4.7884e-01 -3.2179e+00 -2.7383e+00 -5.0952e-01 -2.7533e+00
84 0 +2.839414319e+02 -4.939856812e+01 -4.939856812e+01 +1.1386e+00 -7.5288e+00 -4.4593e+00 -5.9378e+00 -2.5082e+00
174 0 +1.017274466e+02 -2.316125534e+02 -2.316125534e+02 +3.6304e+00 +3.0302e-01 +2.9179e+00 -5.5603e-01 -1.3418e+00
319 0 +9.617657276e+01 -2.371634272e+02 -2.371634272e+02 +2.4202e-01 +1.4392e+00 +3.2387e+00 +1.0158e+01 -1.9869e+00
357 0 +1.518069583e+01 -3.181593042e+02 -3.181593042e+02 -6.6970e-01 +3.3731e-01 +1.9959e+00 +1.7283e+00 -1.9151e+00
% f evaluations | g evaluations | best noise-free fitness - Fopt (-2.791300000000e+02) + sum g_i+ | measured fitness | best measured fitness or single-digit g-values | x1 | x2...
1 0 +2.130768782e+07 +2.130740869e+07 +2.130740869e+07 -1.4841e+00 -9.9476e-01 -2.9605e+00 +3.6721e-02 +7.9660e-01
3 0 +1.464424278e+07 +1.464396365e+07 +1.464396365e+07 -3.0906e-01 +1.1664e+00 -1.2047e+00 +7.8297e-01 +9.5644e-01
4 0 +1.073439176e+07 +1.073411263e+07 +1.073411263e+07 -3.3533e+00 -5.2465e+00 +2.9666e+00 +1.4897e+00 -9.6326e-01
12 0 +7.370985682e+06 +7.370706552e+06 +7.370706552e+06 -2.3871e+00 -1.9554e+00 +1.3264e+00 +2.8089e+00 +1.2664e+00
13 0 +4.488131648e+06 +4.487852518e+06 +4.487852518e+06 -5.2106e+00 -4.0033e+00 +1.5765e+00 +3.8914e+00 -1.8514e+00
14 0 +3.498951120e+06 +3.498671990e+06 +3.498671990e+06 -2.5098e+00 -3.2224e+00 +5.3650e-01 +4.0429e+00 +1.7278e+00
15 0 +5.293135818e+05 +5.290344518e+05 +5.290344518e+05 -9.7623e-02 -3.0805e+00 +4.9257e+00 +5.4845e+00 +7.1427e-01
17 0 +4.594275884e+05 +4.591484584e+05 +4.591484584e+05 -9.3553e-01 -2.8261e+00 +3.6997e+00 +6.3702e+00 +2.4414e+00
20 0 +1.369906967e+05 +1.367115667e+05 +1.367115667e+05 -7.4143e+00 -8.1891e+00 +1.1026e+00 +8.3361e+00 +6.7726e-01
30 0 +6.178265248e+04 +6.150352248e+04 +6.150352248e+04 -4.2069e+00 -6.6816e+00 -1.7089e+00 +7.1063e+00 +2.3451e+00
41 0 +9.301276484e+02 +6.509976484e+02 +6.509976484e+02 -6.0968e+00 -6.2639e+00 -6.5649e-01 +7.9274e+00 +2.1396e+00
331 0 +6.823698669e+02 +4.032398669e+02 +4.032398669e+02 +8.1772e-01 -5.0725e-01 +1.7280e+01 +5.3950e+00 +3.6337e+00
348 0 +6.730651308e+02 +3.939351308e+02 +3.939351308e+02 -8.8671e+00 -7.5433e+00 +1.8919e+01 +5.6482e+00 -9.2911e+00
359 0 +5.539288529e+02 +2.747988529e+02 +2.747988529e+02 -6.4422e+00 -9.8994e+00 +1.6077e+01 +6.2397e+00 -1.9357e+00
455 0 +5.339476550e+02 +2.548176550e+02 +2.548176550e+02 -1.8370e+00 +3.1055e+00 +2.1598e+01 +3.9627e+00 -7.4196e+00
468 0 +5.049570662e+02 +2.258270662e+02 +2.258270662e+02 +1.3996e+00 +5.6455e+00 +2.1162e+01 +3.1998e+00 -5.2937e+00
473 0 +4.642494654e+02 +1.851194654e+02 +1.851194654e+02 +1.8511e+00 +6.9657e+00 +1.8846e+01 +2.5061e+00 -7.2768e+00
491 0 +4.008712835e+02 +1.217412835e+02 +1.217412835e+02 -3.0481e+00 +4.7940e+00 +7.4957e+00 +1.4270e+00 -1.8080e+01
500 0 +3.629735636e+02 +8.384356358e+01 +8.384356358e+01 +6.2740e-01 +1.0790e+00 +1.5000e+01 +2.4248e+00 -6.6800e+00
504 0 +3.427444088e+02 +6.361440879e+01 +6.361440879e+01 -5.2604e-01 +3.6429e+00 +1.4967e+01 +3.1801e+00 -7.6943e+00
514 0 +1.104977794e+02 -1.686322206e+02 -1.686322206e+02 -1.0735e+00 +1.0237e+00 +8.0839e+00 +3.3103e+00 -6.8672e+00
% f evaluations | g evaluations | best noise-free fitness - Fopt (-2.293200000000e+02) + sum g_i+ | measured fitness | best measured fitness or single-digit g-values | x1 | x2...
1 0 +1.486900635e+07 +1.486877703e+07 +1.486877703e+07 -2.1869e+00 -1.3834e-01 -1.3935e+00 +7.1689e-01 +1.4797e-01
6 0 +4.550565922e+06 +4.550336602e+06 +4.550336602e+06 -2.5873e+00 +1.2420e-01 +1.6757e+00 +5.5070e-01 -1.2967e+00
10 0 +1.240967711e+05 +1.238674511e+05 +1.238674511e+05 -2.0082e+00 -2.6504e+00 +1.4606e+00 -6.2645e-01 +3.8944e+00
26 0 +9.952656363e+04 +9.929724363e+04 +9.929724363e+04 -5.1062e+00 +4.8757e+00 +1.3923e+00 -4.5688e+00 +2.3393e+00
29 0 +1.386464854e+03 +1.157144854e+03 +1.157144854e+03 -3.3385e+00 -7.1885e-01 +4.9378e-01 -4.4788e+00 +4.6193e+00
36 0 +4.273929411e+02 +1.980729411e+02 +1.980729411e+02 -4.3488e+00 -3.1556e+00 -2.7774e+00 -8.6963e+00 +7.5833e+00
61 0 +1.563242439e+02 -7.299575614e+01 -7.299575614e+01 -2.5735e+00 -7.2445e+00 -2.1429e+00 -1.0841e+01 +8.1712e+00
