% f evaluations | g evaluations | best noise-free fitness - Fopt (1.491500000000e+02) + sum g_i+ | measured fitness | best measured fitness or single-digit g-values | x1 | x2...
1 0 +3.957131051e+03 +4.106281051e+03 +4.106281051e+03 +1.8356e+00 +6.9836e-01
2 0 +2.590349081e+02 +4.081849081e+02 +4.081849081e+02 +9.9350e-01 +4.4324e+00
11 0 +2.400518186e+01 +1.731551819e+02 +1.731551819e+02 +1.7381e-01 -3.4975e-01
18 0 +1.419526347e+00 +1.505695263e+02 +1.505695263e+02 +6.7127e-01 +1.7043e+00
85 0 +9.045018503e-01 +1.500545019e+02 +1.500545019e+02 -4.2483e-01 -8.8580e-01
485 0 +2.206554743e-01 +1.493706555e+02 +1.493706555e+02 +2.2011e-01 +2.9368e-01
901 0 +6.405298358e-02 +1.492140530e+02 +1.492140530e+02 +1.9737e-01 +1.9652e-01
2189 0 +1.848556264e-03 +1.491518486e+02 +1.491518486e+02 -1.8748e-02 -2.9885e-01
4471 0 +1.128727793e-03 +1.491511287e+02 +1.491511287e+02 -2.2943e-02 -3.0619e-01
4811 0 +8.702220065e-04 +1.491508702e+02 +1.491508702e+02 -3.8783e-02 -3.3525e-01
4861 0 +7.445665162e-04 +1.491507446e+02 +1.491507446e+02 -2.9916e-02 -3.1857e-01
5253 0 +2.601435671e-04 +1.491502601e+02 +1.491502601e+02 -6.1852e-02 -3.8553e-01
5531 0 +5.393320473e-05 +1.491500539e+02 +1.491500539e+02 -4.8899e-02 -3.5778e-01
5631 0 +3.573225766e-05 +1.491500357e+02 +1.491500357e+02 -5.6438e-02 -3.7386e-01
6033 0 +2.442240176e-05 +1.491500244e+02 +1.491500244e+02 -5.5320e-02 -3.7153e-01
6071 0 +1.119681286e-06 +1.491500011e+02 +1.491500011e+02 -5.4887e-02 -3.7027e-01
6173 0 +7.909971771e-07 +1.491500008e+02 +1.491500008e+02 -5.5545e-02 -3.7157e-01
7473 0 +1.937813465e-07 +1.491500002e+02 +1.491500002e+02 -5.5637e-02 -3.7168e-01
7767 0 +1.207030493e-07 +1.491500001e+02 +1.491500001e+02 -5.4883e-02 -3.7015e-01
7943 0 +7.389382972e-08 +1.491500001e+02 +1.491500001e+02 -5.5307e-02 -3.7099e-01
8061 0 +5.212967835e-09 +1.491500000e+02 +1.491500000e+02 -5.5270e-02 -3.7094e-01
13251 0 +0.000000000e+00 +1.491500000e+02 +1.491500000e+02 -5.5200e-02 -3.7080e-01
% f evaluations | g evaluations | best noise-free fitness - Fopt (-1.000000000000e+03) + sum g_i+ | measured fitness | best measured fitness or single-digit g-values | x1 | x2...
1 0 +3.289012417e+05 +3.279012417e+05 +3.279012417e+05 +3.7311e+00 +2.7700e-01
2 0 +3.211935582e+05 +3.201935582e+05 +3.201935582e+05 +3.8010e+00 +2.0166e+00
3 0 +5.855295215e+02 -4.144704785e+02 -4.144704785e+02 -1.2002e+00 +4.7745e+00
5 0 +9.484407253e+01 -9.051559275e+02 -9.051559275e+02 -1.9244e+00 +4.8470e+00
10 0 +8.804851354e-01 -9.991195149e+02 -9.991195149e+02 -1.9102e+00 +3.9350e+00
293 0 +1.793816062e-01 -9.998206184e+02 -9.998206184e+02 -2.7876e+00 +1.3433e+00
1351 0 +2.645129691e-02 -9.999735487e+02 -9.999735487e+02 -2.8363e+00 +1.2167e+00
1551 0 +1.720542429e-03 -9.999982795e+02 -9.999982795e+02 -2.8363e+00 +1.2045e+00
4247 0 +4.243519683e-04 -9.999995756e+02 -9.999995756e+02 -2.8598e+00 +1.1519e+00
4465 0 +1.558129106e-04 -9.999998442e+02 -9.999998442e+02 -2.8470e+00 +1.1778e+00
5215 0 +1.283099383e-04 -9.999998717e+02 -9.999998717e+02 -2.8392e+00 +1.1941e+00
6105 0 +1.100662450e-05 -9.999999890e+02 -9.999999890e+02 -2.8514e+00 +1.1702e+00
7065 0 +7.961236861e-07 -9.999999992e+02 -9.999999992e+02 -2.8478e+00 +1.1773e+00
7397 0 +2.950093858e-08 -1.000000000e+03 -1.000000000e+03 -2.8483e+00 +1.1764e+00
8877 0 +6.910681805e-09 -1.000000000e+03 -1.000000000e+03 -2.8481e+00 +1.1768e+00
11931 0 +0.000000000e+00 -1.000000000e+03 -1.000000000e+03 -2.8482e+00 +1.1766e+00
% f evaluations | g evaluations | best noise-free fitness - Fopt (9.862000000000e+01) + sum g_i+ | measured fitness | best measured fitness or single-digit g-values | x1 | x2...
1 0 +5.425574976e+03 +5.524194976e+03 +5.524194976e+03 -4.8987e+00 +6.7349e-02
2 0 +4.281161689e+00 +1.029011617e+02 +1.029011617e+02 -1.8358e+00 -2.3263e+00
14 0 +1.176276569e+00 +9.979627657e+01 +9.979627657e+01 -5.5473e-02 +8.3537e-01
473 0 +5.472856072e-01 +9.916728561e+01 +9.916728561e+01 -2.0327e-01 +4.6138e-01
1277 0 +4.148888175e-01 +9.903488882e+01 +9.903488882e+01 -2.1852e-01 +3.4315e-01
1581 0 +1.849905566e-01 +9.880499056e+01 +9.880499056e+01 -4.1400e-01 -2.3025e-01
1969 0 +1.148342994e-01 +9.873483430e+01 +9.873483430e+01 -5.9224e-01 -6.5017e-01
2677 0 +8.661986397e-02 +9.870661986e+01 +9.870661986e+01 -5.6397e-01 -6.2402e-01
3263 0 +3.885449157e-02 +9.865885449e+01 +9.865885449e+01 -7.2017e-01 -9.8830e-01
3325 0 +3.774066589e-03 +9.862377407e+01 +9.862377407e+01 -7.5574e-01 -1.0501e+00
4507 0 +3.471443596e-03 +9.862347144e+01 +9.862347144e+01 -7.7930e-01 -1.0900e+00
4933 0 +1.432308472e-03 +9.862143231e+01 +9.862143231e+01 -7.7100e-01 -1.0766e+00
5339 0 +1.726174782e-04 +9.862017262e+01 +9.862017262e+01 -8.0810e-01 -1.1523e+00
5701 0 +1.669643542e-04 +9.862016696e+01 +9.862016696e+01 -8.1548e-01 -1.1690e+00
5887 0 +1.496950034e-04 +9.862014970e+01 +9.862014970e+01 -8.1145e-01 -1.1592e+00
6403 0 +6.244184860e-05 +9.862006244e+01 +9.862006244e+01 -7.9773e-01 -1.1331e+00
6453 0 +4.362672921e-05 +9.862004363e+01 +9.862004363e+01 -8.1099e-01 -1.1597e+00
6489 0 +1.842134918e-05 +9.862001842e+01 +9.862001842e+01 -8.0092e-01 -1.1393e+00
6869 0 +8.875586246e-06 +9.862000888e+01 +9.862000888e+01 -8.0453e-01 -1.1467e+00
7101 0 +7.494612930e-08 +9.862000007e+01 +9.862000007e+01 -8.0509e-01 -1.1476e+00
7821 0 +1.336745470e-08 +9.862000001e+01 +9.862000001e+01 -8.0510e-01 -1.1476e+00
9693 0 +1.057652810e-08 +9.862000001e+01 +9.862000001e+01 -8.0530e-01 -1.1480e+00
9749 0 +2.986752179e-09 +9.862000000e+01 +9.862000000e+01 -8.0516e-01 -1.1477e+00
15481 0 +0.000000000e+00 +9.862000000e+01 +9.862000000e+01 -8.0520e-01 -1.1478e+00
% f evaluations | g evaluations | best noise-free fitness - Fopt (-4.715000000000e+01) + sum g_i+ | measured fitness | best measured fitness or single-digit g-values | x1 | x2...
1 0 +2.225999747e+02 +1.754499747e+02 +1.754499747e+02 -2.1144e+00 -2.6679e+00
225 0 +3.857887343e+01 -8.571126565e+00 -8.571126565e+00 -1.0061e+00 -1.0782e+00
251 0 +9.537550617e+00 -3.761244938e+01 -3.761244938e+01 -2.8475e-01 -3.9839e-01
255 0 +5.779220129e+00 -4.137077987e+01 -4.137077987e+01 -2.4794e+00 -3.7350e-01
265 0 +4.817394918e+00 -4.233260508e+01 -4.233260508e+01 -2.1006e+00 -1.0782e+00
445 0 +1.479268832e-01 -4.700207312e+01 -4.700207312e+01 -4.1998e-01 -9.3437e-01
1631 0 +1.253051639e-01 -4.702469484e+01 -4.702469484e+01 +3.0817e-04 -1.7112e-02
1953 0 +9.494188723e-02 -4.705505811e+01 -4.705505811e+01 -5.6171e-01 -1.2302e+00
2703 0 +7.054848335e-02 -4.707945152e+01 -4.707945152e+01 -1.6331e-01 -4.5905e-01
2899 0 +4.932841671e-02 -4.710067158e+01 -4.710067158e+01 -2.0566e-01 -5.1715e-01
3525 0 +4.222241557e-02 -4.710777758e+01 -4.710777758e+01 -5.3577e-01 -1.1704e+00
3613 0 +2.232680092e-02 -4.712767320e+01 -4.712767320e+01 -1.8214e-01 -4.8035e-01
3877 0 +1.417297842e-02 -4.713582702e+01 -4.713582702e+01 -3.6042e-01 -8.4823e-01
4583 0 +6.669475214e-03 -4.714333052e+01 -4.714333052e+01 -3.6395e-01 -8.7404e-01
4623 0 +4.679450102e-03 -4.714532055e+01 -4.714532055e+01 -3.7069e-01 -8.7404e-01
4921 0 +2.619230814e-03 -4.714738077e+01 -4.714738077e+01 -3.7329e-01 -8.8174e-01
5497 0 +1.297424177e-03 -4.714870258e+01 -4.714870258e+01 -3.4230e-01 -8.2087e-01
5753 0 +6.764444771e-04 -4.714932356e+01 -4.714932356e+01 -3.5007e-01 -8.3783e-01
5835 0 +2.913218939e-04 -4.714970868e+01 -4.714970868e+01 -3.3925e-01 -8.1674e-01
6073 0 +1.481821903e-05 -4.714998518e+01 -4.714998518e+01 -3.3375e-01 -8.0706e-01
7419 0 +6.622213043e-06 -4.714999338e+01 -4.714999338e+01 -3.2804e-01 -7.9584e-01
7821 0 +3.030817176e-06 -4.714999697e+01 -4.714999697e+01 -3.3143e-01 -8.0281e-01
7857 0 +7.480829538e-07 -4.714999925e+01 -4.714999925e+01 -3.3083e-01 -8.0137e-01
8295 0 +2.092810476e-07 -4.714999979e+01 -4.714999979e+01 -3.3033e-01 -8.0050e-01
8495 0 +2.208315664e-08 -4.714999998e+01 -4.714999998e+01 -3.3046e-01 -8.0071e-01
9737 0 +7.635179600e-09 -4.714999999e+01 -4.714999999e+01 -3.3068e-01 -8.0117e-01
15117 0 +0.000000000e+00 -4.715000000e+01 -4.715000000e+01 -3.3060e-01 -8.0100e-01
% f evaluations | g evaluations | best noise-free fitness - Fopt (3.752000000000e+01) + sum g_i+ | measured fitness | best measured fitness or single-digit g-values | x1 | x2...
1 0 +5.031542499e+04 +5.035294499e+04 +5.035294499e+04 -3.1142e+00 -4.1947e+00
2 0 +3.612815740e+02 +3.988015740e+02 +3.988015740e+02 +2.4428e-01 -3.3048e+00
3 0 +4.490801510e+01 +8.242801510e+01 +8.242801510e+01 +7.8333e-01 -1.8218e+00
6 0 +4.238687480e+00 +4.175868748e+01 +4.175868748e+01 +4.1300e+00 +4.1248e+00
159 0 +4.757072636e-01 +3.799570726e+01 +3.799570726e+01 +2.1171e+00 -2.5179e+00
515 0 +3.065858975e-01 +3.782658590e+01 +3.782658590e+01 +2.1019e+00 -2.5553e+00
909 0 +9.147375758e-03 +3.752914738e+01 +3.752914738e+01 +2.4007e+00 -2.1432e+00
2527 0 +2.700365776e-03 +3.752270037e+01 +3.752270037e+01 +2.5418e+00 -1.8625e+00
4513 0 +1.539114658e-03 +3.752153911e+01 +3.752153911e+01 +2.5144e+00 -1.9168e+00
4533 0 +1.239642960e-03 +3.752123964e+01 +3.752123964e+01 +2.4972e+00 -1.9581e+00
4663 0 +1.030618888e-03 +3.752103062e+01 +3.752103062e+01 +2.5126e+00 -1.9257e+00
4691 0 +6.447159829e-04 +3.752064472e+01 +3.752064472e+01 +2.5006e+00 -1.9502e+00
4853 0 +3.091116519e-05 +3.752003091e+01 +3.752003091e+01 +2.4955e+00 -1.9581e+00
5483 0 +2.075227187e-05 +3.752002075e+01 +3.752002075e+01 +2.4861e+00 -1.9767e+00
5731 0 +1.580895447e-05 +3.752001581e+01 +3.752001581e+01 +2.4924e+00 -1.9647e+00
6109 0 +2.374346302e-06 +3.752000237e+01 +3.752000237e+01 +2.4885e+00 -1.9721e+00
6403 0 +1.837702769e-06 +3.752000184e+01 +3.752000184e+01 +2.4903e+00 -1.9684e+00
6441 0 +2.562847783e-07 +3.752000026e+01 +3.752000026e+01 +2.4896e+00 -1.9700e+00
7247 0 +2.983605185e-08 +3.752000003e+01 +3.752000003e+01 +2.4901e+00 -1.9689e+00
7813 0 +1.260590210e-08 +3.752000001e+01 +3.752000001e+01 +2.4901e+00 -1.9691e+00
8797 0 +7.889290998e-09 +3.752000001e+01 +3.752000001e+01 +2.4901e+00 -1.9691e+00
14917 0 +0.000000000e+00 +3.752000000e+01 +3.752000000e+01 +2.4900e+00 -1.9692e+00
% f evaluations | g evaluations | best noise-free fitness - Fopt (1.699800000000e+02) + sum g_i+ | measured fitness | best measured fitness or single-digit g-values | x1 | x2...
1 0 +8.168824562e+03 +8.338804562e+03 +8.338804562e+03 +2.3608e-02 -1.1474e+00
5 0 +5.867093782e+01 +2.286509378e+02 +2.286509378e+02 -1.7118e+00 -5.4422e-01
6 0 +9.022619732e+00 +1.790026197e+02 +1.790026197e+02 -4.8838e+00 +1.6723e+00
8 0 +8.873136149e-01 +1.708673136e+02 +1.708673136e+02 -2.1816e+00 -9.1206e-01
1531 0 +7.848753607e-01 +1.707648754e+02 +1.707648754e+02 -1.2530e+00 +1.7003e+00
1881 0 +4.613480172e-01 +1.704413480e+02 +1.704413480e+02 -2.3179e+00 -9.7525e-01
2635 0 +1.086272077e-01 +1.700886272e+02 +1.700886272e+02 -2.1816e+00 -8.4909e-01
3709 0 +9.980117117e-02 +1.700798012e+02 +1.700798012e+02 -1.7681e+00 +8.6695e-02
4181 0 +8.953197673e-02 +1.700695320e+02 +1.700695320e+02 -2.0597e+00 -6.2128e-01
4379 0 +6.149960578e-02 +1.700414996e+02 +1.700414996e+02 -2.2412e+00 -9.0291e-01
4537 0 +4.908501733e-02 +1.700290850e+02 +1.700290850e+02 -2.1038e+00 -6.9853e-01
4747 0 +1.380451713e-02 +1.699938045e+02 +1.699938045e+02 -2.1677e+00 -7.9175e-01
4903 0 +1.091675975e-02 +1.699909168e+02 +1.699909168e+02 -2.1283e+00 -7.1561e-01
5017 0 +9.968402509e-03 +1.699899684e+02 +1.699899684e+02 -2.1038e+00 -6.8557e-01
5349 0 +7.792185119e-03 +1.699877922e+02 +1.699877922e+02 -2.0791e+00 -6.2114e-01
5469 0 +9.758651566e-04 +1.699809759e+02 +1.699809759e+02 -2.0791e+00 -6.3132e-01
6269 0 +4.311558085e-04 +1.699804312e+02 +1.699804312e+02 -2.0693e+00 -6.1172e-01
6641 0 +2.200924558e-04 +1.699802201e+02 +1.699802201e+02 -2.0587e+00 -5.8801e-01
6695 0 +1.687403452e-04 +1.699801687e+02 +1.699801687e+02 -2.0422e+00 -5.5707e-01
6761 0 +8.431675394e-05 +1.699800843e+02 +1.699800843e+02 -2.0624e+00 -5.9670e-01
7147 0 +1.311799406e-05 +1.699800131e+02 +1.699800131e+02 -2.0497e+00 -5.7125e-01
7163 0 +4.538357302e-06 +1.699800045e+02 +1.699800045e+02 -2.0550e+00 -5.8195e-01
7799 0 +8.997332088e-07 +1.699800009e+02 +1.699800009e+02 -2.0535e+00 -5.7886e-01
8847 0 +3.373421009e-07 +1.699800003e+02 +1.699800003e+02 -2.0533e+00 -5.7860e-01
8923 0 +2.064812463e-07 +1.699800002e+02 +1.699800002e+02 -2.0533e+00 -5.7852e-01
9183 0 +1.327786947e-07 +1.699800001e+02 +1.699800001e+02 -2.0536e+00 -5.7910e-01
9439 0 +8.868454415e-08 +1.699800001e+02 +1.699800001e+02 -2.0535e+00 -5.7896e-01
9749 0 +2.844268465e-08 +1.699800000e+02 +1.699800000e+02 -2.0531e+00 -5.7811e-01
9857 0 +1.858609266e-08 +1.699800000e+02 +1.699800000e+02 -2.0531e+00 -5.7815e-01
10069 0 +4.765894346e-09 +1.699800000e+02 +1.699800000e+02 -2.0532e+00 -5.7846e-01
16571 0 +0.000000000e+00 +1.699800000e+02 +1.699800000e+02 -2.0532e+00 -5.7840e-01
% f evaluations | g evaluations | best noise-free fitness - Fopt (-2.347800000000e+02) + sum g_i+ | measured fitness | best measured fitness or single-digit g-values | x1 | x2...
1 0 +5.970156050e+04 +5.946678050e+04 +5.946678050e+04 +2.6726e+00 -2.5091e+00
2 0 +6.992758168e+01 -1.648524183e+02 -1.648524183e+02 -2.1251e+00 -2.1504e+00
8 0 +2.911503402e+01 -2.056649660e+02 -2.056649660e+02 -1.0077e+00 +5.2019e-01
12 0 +5.561830443e-01 -2.342238170e+02 -2.342238170e+02 -1.5007e+00 -8.3521e-01
575 0 +1.315772418e-01 -2.346484228e+02 -2.346484228e+02 -1.3942e+00 -7.2486e-01
2445 0 +1.252738621e-01 -2.346547261e+02 -2.346547261e+02 -7.9573e-01 +5.1231e-01
2641 0 +7.569072497e-02 -2.347043093e+02 -2.347043093e+02 -1.1890e+00 -4.2716e-01
2725 0 +2.126716859e-02 -2.347587328e+02 -2.347587328e+02 -1.0140e+00 -2.7797e-02
3241 0 +4.218383170e-03 -2.347757816e+02 -2.347757816e+02 -1.2013e+00 -4.2716e-01
4343 0 +9.422887920e-04 -2.347790577e+02 -2.347790577e+02 -1.1767e+00 -3.7747e-01
5891 0 +6.384211503e-04 -2.347793616e+02 -2.347793616e+02 -1.1691e+00 -3.6289e-01
5999 0 +3.178982830e-04 -2.347796821e+02 -2.347796821e+02 -1.1392e+00 -3.0038e-01
6093 0 +2.860012593e-04 -2.347797140e+02 -2.347797140e+02 -1.1607e+00 -3.4609e-01
6199 0 +8.243018414e-06 -2.347799918e+02 -2.347799918e+02 -1.1498e+00 -3.2336e-01
6833 0 +1.544979597e-06 -2.347799985e+02 -2.347799985e+02 -1.1495e+00 -3.2264e-01
8067 0 +1.448691620e-06 -2.347799986e+02 -2.347799986e+02 -1.1474e+00 -3.1832e-01
8335 0 +6.483715822e-07 -2.347799994e+02 -2.347799994e+02 -1.1492e+00 -3.2201e-01
8659 0 +5.223595849e-07 -2.347799995e+02 -2.347799995e+02 -1.1491e+00 -3.2182e-01
8913 0 +1.494301500e-07 -2.347799999e+02 -2.347799999e+02 -1.1482e+00 -3.2005e-01
9305 0 +8.723702649e-09 -2.347800000e+02 -2.347800000e+02 -1.1483e+00 -3.2024e-01
15151 0 +0.000000000e+00 -2.347800000e+02 -2.347800000e+02 -1.1484e+00 -3.2040e-01
% f evaluations | g evaluations | best noise-free fitness - Fopt (-9.473000000000e+01) + sum g_i+ | measured fitness | best measured fitness or single-digit g-values | x1 | x2...
1 0 +1.911921806e+04 +1.902448806e+04 +1.902448806e+04 +2.3675e+00 +4.0177e+00
2 0 +1.678012123e+04 +1.668539123e+04 +1.668539123e+04 +9.4982e-01 -4.6692e+00
4 0 +3.285153366e+03 +3.190423366e+03 +3.190423366e+03 +6.4060e-01 +1.0028e+00
5 0 +8.507739608e+00 -8.622226039e+01 -8.622226039e+01 -3.5109e+00 +4.3503e+00
9 0 +6.788274331e+00 -8.794172567e+01 -8.794172567e+01 -3.2968e+00 +3.7410e+00
215 0 +4.473758171e+00 -9.025624183e+01 -9.025624183e+01 -1.4069e+00 +1.0906e+00
245 0 +4.166786571e-02 -9.468833213e+01 -9.468833213e+01 -8.1002e-01 +2.0291e+00
1807 0 +8.112917990e-04 -9.472918871e+01 -9.472918871e+01 -7.4028e-01 +2.1414e+00
3619 0 +1.404375298e-04 -9.472985956e+01 -9.472985956e+01 -7.0268e-01 +2.2156e+00
4263 0 +2.872505618e-05 -9.472997127e+01 -9.472997127e+01 -7.0899e-01 +2.2032e+00
4751 0 +1.732427846e-05 -9.472998268e+01 -9.472998268e+01 -7.1588e-01 +2.1897e+00
4837 0 +1.474566061e-05 -9.472998525e+01 -9.472998525e+01 -7.1054e-01 +2.2002e+00
5453 0 +7.582617684e-06 -9.472999242e+01 -9.472999242e+01 -7.1436e-01 +2.1931e+00
5613 0 +3.623871876e-06 -9.472999638e+01 -9.472999638e+01 -7.1173e-01 +2.1980e+00
6683 0 +2.722764393e-06 -9.472999728e+01 -9.472999728e+01 -7.1344e-01 +2.1946e+00
6895 0 +4.992612901e-07 -9.472999950e+01 -9.472999950e+01 -7.1272e-01 +2.1962e+00
6925 0 +1.248119474e-08 -9.472999999e+01 -9.472999999e+01 -7.1224e-01 +2.1971e+00
7713 0 +1.024115193e-08 -9.472999999e+01 -9.472999999e+01 -7.1225e-01 +2.1971e+00
8803 0 +1.198813493e-09 -9.473000000e+01 -9.473000000e+01 -7.1219e-01 +2.1972e+00
14321 0 +0.000000000e+00 -9.473000000e+01 -9.473000000e+01 -7.1220e-01 +2.1972e+00
% f evaluations | g evaluations | best noise-free fitness - Fopt (-7.158000000000e+02) + sum g_i+ | measured fitness | best measured fitness or single-digit g-values | x1 | x2...
1 0 +2.593641394e+05 +2.586483394e+05 +2.586483394e+05 +4.9436e+00 +3.2278e+00
2 0 +1.173526664e+03 +4.577266640e+02 +4.577266640e+02 -3.5124e+00 -3.1632e+00
4 0 +8.668156854e+02 +1.510156854e+02 +1.510156854e+02 -2.6148e+00 +2.1348e+00
5 0 +8.424085060e+00 -7.073759149e+02 -7.073759149e+02 -1.1588e+00 +1.1830e+00
395 0 +4.583721098e+00 -7.112162789e+02 -7.112162789e+02 -2.3843e-01 +3.9824e+00
483 0 +1.301093264e+00 -7.144989067e+02 -7.144989067e+02 -2.3764e+00 -8.8822e-01
505 0 +3.220609297e-01 -7.154779391e+02 -7.154779391e+02 -1.9988e+00 -6.2555e-01
859 0 +2.736600096e-01 -7.155263400e+02 -7.155263400e+02 -9.5166e-01 +1.4751e+00
1331 0 +1.891775119e-01 -7.156108225e+02 -7.156108225e+02 -1.2995e+00 +5.0516e-01
1359 0 +1.069468052e-01 -7.156930532e+02 -7.156930532e+02 -1.3789e+00 +3.9667e-01
2417 0 +5.488375503e-02 -7.157451162e+02 -7.157451162e+02 -1.6687e+00 -1.7126e-01
2901 0 +1.376438559e-02 -7.157862356e+02 -7.157862356e+02 -1.5411e+00 +2.7905e-02
2943 0 +5.749234094e-03 -7.157942508e+02 -7.157942508e+02 -1.3987e+00 +3.2463e-01
3429 0 +4.658461979e-03 -7.157953415e+02 -7.157953415e+02 -1.5269e+00 +6.7923e-02
3893 0 +2.510577614e-03 -7.157974894e+02 -7.157974894e+02 -1.4308e+00 +2.5175e-01
4329 0 +9.095831291e-04 -7.157990904e+02 -7.157990904e+02 -1.4533e+00 +2.1076e-01
4687 0 +7.011430635e-04 -7.157992989e+02 -7.157992989e+02 -1.4936e+00 +1.2641e-01
4913 0 +5.374960576e-04 -7.157994625e+02 -7.157994625e+02 -1.4482e+00 +2.1854e-01
5147 0 +1.852132611e-04 -7.157998148e+02 -7.157998148e+02 -1.4577e+00 +1.9959e-01
5289 0 +1.694929531e-04 -7.157998305e+02 -7.157998305e+02 -1.4839e+00 +1.4662e-01
5409 0 +3.917016693e-05 -7.157999608e+02 -7.157999608e+02 -1.4662e+00 +1.8195e-01
5721 0 +3.695187604e-05 -7.157999630e+02 -7.157999630e+02 -1.4732e+00 +1.6756e-01
6417 0 +3.582729926e-05 -7.157999642e+02 -7.157999642e+02 -1.4749e+00 +1.6428e-01
6433 0 +2.417453061e-05 -7.157999758e+02 -7.157999758e+02 -1.4713e+00 +1.7150e-01
6467 0 +1.786038354e-05 -7.157999821e+02 -7.157999821e+02 -1.4711e+00 +1.7204e-01
6763 0 +3.654019679e-06 -7.157999963e+02 -7.157999963e+02 -1.4722e+00 +1.7039e-01
7019 0 +2.056658559e-06 -7.157999979e+02 -7.157999979e+02 -1.4721e+00 +1.7020e-01
7099 0 +9.171383226e-07 -7.157999991e+02 -7.157999991e+02 -1.4721e+00 +1.7032e-01
7501 0 +4.940422969e-07 -7.157999995e+02 -7.157999995e+02 -1.4716e+00 +1.7125e-01
7721 0 +4.235206461e-07 -7.157999996e+02 -7.157999996e+02 -1.4712e+00 +1.7207e-01
8035 0 +3.217021458e-07 -7.157999997e+02 -7.157999997e+02 -1.4706e+00 +1.7333e-01
8063 0 +7.692165127e-09 -7.158000000e+02 -7.158000000e+02 -1.4711e+00 +1.7237e-01
12555 0 +0.000000000e+00 -7.158000000e+02 -7.158000000e+02 -1.4712e+00 +1.7220e-01
% f evaluations | g evaluations | best noise-free fitness - Fopt (2.545000000000e+01) + sum g_i+ | measured fitness | best measured fitness or single-digit g-values | x1 | x2...
1 0 +4.570726730e+04 +4.573271730e+04 +4.573271730e+04 -3.4205e+00 +2.1488e-01
2 0 +2.293998242e+03 +2.319448242e+03 +2.319448242e+03 +4.2377e+00 -1.6480e+00
5 0 +1.896200738e+02 +2.150700738e+02 +2.150700738e+02 +2.0563e+00 -4.9298e+00
8 0 +1.307537020e+02 +1.562037020e+02 +1.562037020e+02 +3.9241e+00 +4.5478e-01
9 0 +6.986705939e+01 +9.531705939e+01 +9.531705939e+01 +2.6951e+00 -1.7437e+00
17 0 +1.868299532e+01 +4.413299532e+01 +4.413299532e+01 +8.6511e-01 -3.5864e+00
43 0 +6.211350116e+00 +3.166135012e+01 +3.166135012e+01 +2.2863e-01 -1.7614e+00
135 0 +4.500534249e+00 +2.995053425e+01 +2.995053425e+01 +6.3434e-01 -2.7161e+00
139 0 +1.900539785e+00 +2.735053978e+01 +2.735053978e+01 +3.8700e+00 +1.4004e+00
1189 0 +1.719058124e+00 +2.716905812e+01 +2.716905812e+01 +3.1822e+00 -1.4062e+00
1387 0 +6.599308580e-01 +2.610993086e+01 +2.610993086e+01 +3.0177e+00 -1.7067e+00
1555 0 +5.889937436e-01 +2.603899374e+01 +2.603899374e+01 +1.9117e+00 -3.6300e+00
1847 0 +3.559892785e-01 +2.580598928e+01 +2.580598928e+01 +2.0601e+00 -3.5280e+00
2073 0 +1.454976911e-01 +2.559549769e+01 +2.559549769e+01 +2.9509e+00 -1.9427e+00
2285 0 +7.260552346e-02 +2.552260552e+01 +2.552260552e+01 +2.3438e+00 -3.2175e+00
2933 0 +2.547255885e-02 +2.547547256e+01 +2.547547256e+01 +2.6529e+00 -2.6845e+00
4049 0 +2.501859789e-03 +2.545250186e+01 +2.545250186e+01 +2.6614e+00 -2.6499e+00
5267 0 +1.093471401e-04 +2.545010935e+01 +2.545010935e+01 +2.6231e+00 -2.7303e+00
5995 0 +4.324680447e-05 +2.545004325e+01 +2.545004325e+01 +2.6064e+00 -2.7635e+00
6199 0 +1.731159158e-05 +2.545001731e+01 +2.545001731e+01 +2.6089e+00 -2.7585e+00
6431 0 +5.243059160e-06 +2.545000524e+01 +2.545000524e+01 +2.6119e+00 -2.7524e+00
7077 0 +2.503001038e-06 +2.545000250e+01 +2.545000250e+01 +2.6122e+00 -2.7519e+00
7115 0 +2.051854260e-06 +2.545000205e+01 +2.545000205e+01 +2.6119e+00 -2.7525e+00
7459 0 +1.502076778e-06 +2.545000150e+01 +2.545000150e+01 +2.6141e+00 -2.7483e+00
7489 0 +5.177775506e-07 +2.545000052e+01 +2.545000052e+01 +2.6136e+00 -2.7491e+00
8013 0 +4.292831122e-07 +2.545000043e+01 +2.545000043e+01 +2.6136e+00 -2.7491e+00
8181 0 +1.180586793e-07 +2.545000012e+01 +2.545000012e+01 +2.6127e+00 -2.7511e+00
8439 0 +7.651554768e-08 +2.545000008e+01 +2.545000008e+01 +2.6132e+00 -2.7499e+00
8501 0 +5.172921647e-09 +2.545000001e+01 +2.545000001e+01 +2.6130e+00 -2.7504e+00
15785 0 +0.000000000e+00 +2.545000000e+01 +2.545000000e+01 +2.6130e+00 -2.7504e+00
% f evaluations | g evaluations | best noise-free fitness - Fopt (1.592800000000e+02) + sum g_i+ | measured fitness | best measured fitness or single-digit g-values | x1 | x2...
1 0 +1.032258347e+03 +1.191538347e+03 +1.191538347e+03 +3.6448e+00 +3.2845e+00
5 0 +4.047832776e+02 +5.640632776e+02 +5.640632776e+02 -1.7744e+00 +4.2457e+00
18 0 +2.522744639e+02 +4.115544639e+02 +4.115544639e+02 +2.5252e+00 +3.6148e-02
85 0 +1.091638056e+02 +2.684438056e+02 +2.684438056e+02 +3.3087e-02 -1.2425e+00
93 0 +7.195108337e+01 +2.312310834e+02 +2.312310834e+02 -1.6044e+00 +4.5679e+00
135 0 +1.188112707e+01 +1.711611271e+02 +1.711611271e+02 +2.5252e+00 +1.2841e+00
231 0 +1.081109966e+01 +1.700910997e+02 +1.700910997e+02 +2.2691e+00 +5.3477e-01
249 0 +9.270403575e+00 +1.685504036e+02 +1.685504036e+02 -1.0565e+00 +2.8161e+00
379 0 +4.621855444e+00 +1.639018554e+02 +1.639018554e+02 +9.0127e-01 -1.1741e+00
631 0 +3.572961962e+00 +1.628529620e+02 +1.628529620e+02 +6.2682e-01 -1.0427e+00
831 0 +1.397768352e+00 +1.606777684e+02 +1.606777684e+02 +1.0669e+00 -1.0427e+00
1269 0 +1.364110285e+00 +1.606441103e+02 +1.606441103e+02 +8.7141e-01 -1.0362e+00
1471 0 +1.269047572e+00 +1.605490476e+02 +1.605490476e+02 +9.9951e-01 -1.0427e+00
1645 0 +9.576682599e-01 +1.602376683e+02 +1.602376683e+02 +1.1581e+00 -8.6047e-01
1871 0 +8.310585337e-01 +1.601110585e+02 +1.601110585e+02 +9.9951e-01 -9.8011e-01
2001 0 +7.790075919e-01 +1.600590076e+02 +1.600590076e+02 +1.1345e+00 -8.9213e-01
2081 0 +7.534957125e-01 +1.600334957e+02 +1.600334957e+02 +1.0527e+00 -9.5080e-01
2291 0 +7.001542318e-01 +1.599801542e+02 +1.599801542e+02 +1.0759e+00 -9.6315e-01
2295 0 +6.308436528e-01 +1.599108437e+02 +1.599108437e+02 +1.1330e+00 -9.1855e-01
2343 0 +5.994903504e-01 +1.598794904e+02 +1.598794904e+02 +1.1366e+00 -9.3591e-01
2509 0 +5.480980371e-01 +1.598280980e+02 +1.598280980e+02 +1.1701e+00 -9.1757e-01
3075 0 +5.183606719e-01 +1.597983607e+02 +1.597983607e+02 +1.1914e+00 -9.0914e-01
3283 0 +5.104084178e-01 +1.597904084e+02 +1.597904084e+02 +1.2105e+00 -9.0867e-01
3341 0 +4.974721636e-01 +1.597774722e+02 +1.597774722e+02 +1.2068e+00 -9.0144e-01
3833 0 +4.822827298e-01 +1.597622827e+02 +1.597622827e+02 +1.2222e+00 -8.9649e-01
4059 0 +4.765153306e-01 +1.597565153e+02 +1.597565153e+02 +1.2219e+00 -8.9233e-01
4211 0 +4.644101032e-01 +1.597444101e+02 +1.597444101e+02 +1.2393e+00 -8.8807e-01
4443 0 +4.526416909e-01 +1.597326417e+02 +1.597326417e+02 +1.2526e+00 -8.8142e-01
4665 0 +4.349756526e-01 +1.597149757e+02 +1.597149757e+02 +1.2770e+00 -8.6838e-01
4679 0 +4.176269354e-01 +1.596976269e+02 +1.596976269e+02 +1.2757e+00 -8.6312e-01
4839 0 +4.114760992e-01 +1.596914761e+02 +1.596914761e+02 +1.2700e+00 -8.5876e-01
5047 0 +4.041361547e-01 +1.596841362e+02 +1.596841362e+02 +1.2912e+00 -8.5379e-01
5151 0 +3.873541705e-01 +1.596673542e+02 +1.596673542e+02 +1.2942e+00 -8.4585e-01
5293 0 +3.759709857e-01 +1.596559710e+02 +1.596559710e+02 +1.2996e+00 -8.3830e-01
5447 0 +3.575609104e-01 +1.596375609e+02 +1.596375609e+02 +1.3128e+00 -8.2052e-01
5921 0 +3.449411816e-01 +1.596249412e+02 +1.596249412e+02 +1.3354e+00 -8.1575e-01
6321 0 +3.313115673e-01 +1.596113116e+02 +1.596113116e+02 +1.3354e+00 -8.0635e-01
6379 0 +3.263859581e-01 +1.596063860e+02 +1.596063860e+02 +1.3395e+00 -8.0243e-01
6415 0 +3.173952394e-01 +1.595973952e+02 +1.595973952e+02 +1.3470e+00 -7.9426e-01
6499 0 +3.143726339e-01 +1.595943726e+02 +1.595943726e+02 +1.3502e+00 -7.8856e-01
7083 0 +3.074905491e-01 +1.595874905e+02 +1.595874905e+02 +1.3574e+00 -7.8868e-01
7685 0 +3.008402905e-01 +1.595808403e+02 +1.595808403e+02 +1.3619e+00 -7.8095e-01
8425 0 +2.946680391e-01 +1.595746680e+02 +1.595746680e+02 +1.3695e+00 -7.7821e-01
9945 0 +2.883417945e-01 +1.595683418e+02 +1.595683418e+02 +1.3739e+00 -7.7183e-01
11783 0 +2.818225395e-01 +1.595618225e+02 +1.595618225e+02 +1.3801e+00 -7.6626e-01
13797 0 +2.752281437e-01 +1.595552281e+02 +1.595552281e+02 +1.3861e+00 -7.5994e-01
16201 0 +2.689579474e-01 +1.595489579e+02 +1.595489579e+02 +1.3920e+00 -7.5402e-01
18643 0 +2.629099039e-01 +1.595429099e+02 +1.595429099e+02 +1.3998e+00 -7.4958e-01
% f evaluations | g evaluations | best noise-free fitness - Fopt (5.100000000000e-01) + sum g_i+ | measured fitness | best measured fitness or single-digit g-values | x1 | x2...
1 0 +4.889975363e+04 +4.890026363e+04 +4.890026363e+04 +4.9922e+00 -4.7114e-01
2 0 +2.943668064e+04 +2.943719064e+04 +2.943719064e+04 +4.3774e+00 -1.1796e+00
3 0 +2.956088814e+03 +2.956598814e+03 +2.956598814e+03 +3.0831e+00 +1.0873e+00
7 0 +5.791782118e+02 +5.796882118e+02 +5.796882118e+02 -2.2505e-01 -1.3959e-02
9 0 +6.986304731e+01 +7.037304731e+01 +7.037304731e+01 +2.8326e+00 +4.2604e+00
13 0 +1.652810548e+01 +1.703810548e+01 +1.703810548e+01 -2.2711e+00 +3.2405e+00
33 0 +3.368423332e-01 +8.468423332e-01 +8.468423332e-01 +1.6583e+00 -1.3959e-02
3139 0 +3.170400886e-01 +8.270400886e-01 +8.270400886e-01 +1.6113e+00 -1.7669e-01
3295 0 +2.810543193e-01 +7.910543193e-01 +7.910543193e-01 +1.6079e+00 -1.6686e-01
3417 0 +2.526851666e-01 +7.626851666e-01 +7.626851666e-01 +1.5783e+00 -2.5357e-01
3443 0 +2.237999920e-01 +7.337999920e-01 +7.337999920e-01 +1.5422e+00 -3.7509e-01
3723 0 +2.120812631e-01 +7.220812631e-01 +7.220812631e-01 +1.5384e+00 -3.7509e-01
3883 0 +2.089200357e-01 +7.189200357e-01 +7.189200357e-01 +1.5292e+00 -4.1100e-01
3939 0 +1.737382433e-01 +6.837382433e-01 +6.837382433e-01 +1.4841e+00 -5.4189e-01
4331 0 +1.650717309e-01 +6.750717309e-01 +6.750717309e-01 +1.4733e+00 -5.7203e-01
4363 0 +1.599367244e-01 +6.699367244e-01 +6.699367244e-01 +1.4766e+00 -5.5004e-01
4411 0 +1.575000744e-01 +6.675000744e-01 +6.675000744e-01 +1.4733e+00 -5.6627e-01
4633 0 +1.400180116e-01 +6.500180116e-01 +6.500180116e-01 +1.4273e+00 -7.0249e-01
4991 0 +1.352819574e-01 +6.452819574e-01 +6.452819574e-01 +1.4440e+00 -6.4739e-01
5197 0 +1.181994365e-01 +6.281994365e-01 +6.281994365e-01 +1.4203e+00 -7.1111e-01
5613 0 +1.171829408e-01 +6.271829408e-01 +6.271829408e-01 +1.4146e+00 -7.2951e-01
5757 0 +1.121749070e-01 +6.221749070e-01 +6.221749070e-01 +1.4119e+00 -7.3329e-01
5991 0 +1.072168627e-01 +6.172168627e-01 +6.172168627e-01 +1.3848e+00 -8.1343e-01
6141 0 +1.033904359e-01 +6.133904359e-01 +6.133904359e-01 +1.3980e+00 -7.7053e-01
6197 0 +1.017331614e-01 +6.117331614e-01 +6.117331614e-01 +1.3835e+00 -8.1436e-01
6425 0 +9.551682598e-02 +6.055168260e-01 +6.055168260e-01 +1.3855e+00 -7.9666e-01
6489 0 +8.641224328e-02 +5.964122433e-01 +5.964122433e-01 +1.3721e+00 -8.3563e-01
6967 0 +8.280811252e-02 +5.928081125e-01 +5.928081125e-01 +1.3657e+00 -8.5012e-01
7759 0 +7.949796800e-02 +5.894979680e-01 +5.894979680e-01 +1.3601e+00 -8.6512e-01
7817 0 +7.832660864e-02 +5.883266086e-01 +5.883266086e-01 +1.3581e+00 -8.7077e-01
8029 0 +7.432576145e-02 +5.843257615e-01 +5.843257615e-01 +1.3497e+00 -8.9477e-01
8049 0 +7.408819821e-02 +5.840881982e-01 +5.840881982e-01 +1.3501e+00 -8.9003e-01
8177 0 +7.223992586e-02 +5.822399259e-01 +5.822399259e-01 +1.3466e+00 -9.0141e-01
8421 0 +7.064665140e-02 +5.806466514e-01 +5.806466514e-01 +1.3440e+00 -9.0686e-01
8527 0 +6.811387852e-02 +5.781138785e-01 +5.781138785e-01 +1.3391e+00 -9.2008e-01
8569 0 +6.755419601e-02 +5.775541960e-01 +5.775541960e-01 +1.3370e+00 -9.2671e-01
8621 0 +6.575597656e-02 +5.757559766e-01 +5.757559766e-01 +1.3342e+00 -9.3273e-01
8831 0 +6.367617574e-02 +5.736761757e-01 +5.736761757e-01 +1.3305e+00 -9.4131e-01
8903 0 +6.215946974e-02 +5.721594697e-01 +5.721594697e-01 +1.3273e+00 -9.4771e-01
8999 0 +5.952733565e-02 +5.695273357e-01 +5.695273357e-01 +1.3176e+00 -9.7747e-01
9239 0 +5.855582959e-02 +5.685558296e-01 +5.685558296e-01 +1.3197e+00 -9.6617e-01
9297 0 +5.533585691e-02 +5.653358569e-01 +5.653358569e-01 +1.3036e+00 -1.0141e+00
9473 0 +5.283804105e-02 +5.628380410e-01 +5.628380410e-01 +1.3075e+00 -9.9962e-01
9697 0 +5.129805748e-02 +5.612980575e-01 +5.612980575e-01 +1.3036e+00 -1.0052e+00
10065 0 +4.837594379e-02 +5.583759438e-01 +5.583759438e-01 +1.2963e+00 -1.0282e+00
10153 0 +4.624757475e-02 +5.562475747e-01 +5.562475747e-01 +1.2929e+00 -1.0349e+00
10375 0 +4.381978452e-02 +5.538197845e-01 +5.538197845e-01 +1.2859e+00 -1.0529e+00
10459 0 +4.112403957e-02 +5.511240396e-01 +5.511240396e-01 +1.2735e+00 -1.0749e+00
10577 0 +3.827714916e-02 +5.482771492e-01 +5.482771492e-01 +1.2738e+00 -1.0795e+00
10817 0 +3.745344914e-02 +5.474534491e-01 +5.474534491e-01 +1.2631e+00 -1.1108e+00
10853 0 +3.640449899e-02 +5.464044990e-01 +5.464044990e-01 +1.2501e+00 -1.1440e+00
10921 0 +3.605980683e-02 +5.460598068e-01 +5.460598068e-01 +1.2672e+00 -1.0970e+00
10931 0 +3.498909027e-02 +5.449890903e-01 +5.449890903e-01 +1.2563e+00 -1.1268e+00
10961 0 +3.227293029e-02 +5.422729303e-01 +5.422729303e-01 +1.2506e+00 -1.1395e+00
11111 0 +3.155234290e-02 +5.415523429e-01 +5.415523429e-01 +1.2524e+00 -1.1268e+00
11281 0 +2.412256877e-02 +5.341225688e-01 +5.341225688e-01 +1.2302e+00 -1.1787e+00
11491 0 +2.254082864e-02 +5.325408286e-01 +5.325408286e-01 +1.2274e+00 -1.1867e+00
11669 0 +1.925612914e-02 +5.292561291e-01 +5.292561291e-01 +1.2166e+00 -1.2121e+00
11683 0 +1.759654557e-02 +5.275965456e-01 +5.275965456e-01 +1.2100e+00 -1.2295e+00
11883 0 +1.649359604e-02 +5.264935960e-01 +5.264935960e-01 +1.2062e+00 -1.2376e+00
11947 0 +1.226752375e-02 +5.222675238e-01 +5.222675238e-01 +1.1879e+00 -1.2792e+00
12497 0 +9.633307039e-03 +5.196333070e-01 +5.196333070e-01 +1.1719e+00 -1.3157e+00
12801 0 +6.550535613e-03 +5.165505356e-01 +5.165505356e-01 +1.1581e+00 -1.3441e+00
12961 0 +6.335770191e-03 +5.163357702e-01 +5.163357702e-01 +1.1570e+00 -1.3441e+00
13075 0 +6.306002266e-03 +5.163060023e-01 +5.163060023e-01 +1.1560e+00 -1.3490e+00
13103 0 +5.516204281e-03 +5.155162043e-01 +5.155162043e-01 +1.1434e+00 -1.3779e+00
13175 0 +2.591639714e-03 +5.125916397e-01 +5.125916397e-01 +1.1285e+00 -1.4067e+00
13439 0 +2.446286354e-03 +5.124462864e-01 +5.124462864e-01 +1.1276e+00 -1.4078e+00
13479 0 +2.285301303e-03 +5.122853013e-01 +5.122853013e-01 +1.1022e+00 -1.4646e+00
13875 0 +2.162598575e-03 +5.121625986e-01 +5.121625986e-01 +1.1199e+00 -1.4260e+00
14103 0 +1.455247107e-03 +5.114552471e-01 +5.114552471e-01 +1.1041e+00 -1.4593e+00
14641 0 +1.393246861e-03 +5.113932469e-01 +5.113932469e-01 +1.1078e+00 -1.4512e+00
14657 0 +7.579417650e-04 +5.107579418e-01 +5.107579418e-01 +1.1054e+00 -1.4534e+00
15063 0 +6.084276552e-04 +5.106084277e-01 +5.106084277e-01 +1.1028e+00 -1.4593e+00
15307 0 +6.003443159e-04 +5.106003443e-01 +5.106003443e-01 +1.1023e+00 -1.4598e+00
15329 0 +3.470594529e-04 +5.103470595e-01 +5.103470595e-01 +1.0968e+00 -1.4714e+00
15653 0 +2.845462505e-04 +5.102845463e-01 +5.102845463e-01 +1.0948e+00 -1.4759e+00
15727 0 +2.032623515e-04 +5.102032624e-01 +5.102032624e-01 +1.0924e+00 -1.4806e+00
16107 0 +1.936732219e-04 +5.101936732e-01 +5.101936732e-01 +1.0863e+00 -1.4938e+00
16109 0 +1.248907807e-04 +5.101248908e-01 +5.101248908e-01 +1.0893e+00 -1.4868e+00
16525 0 +1.132976672e-04 +5.101132977e-01 +5.101132977e-01 +1.0884e+00 -1.4881e+00
16587 0 +2.824811005e-05 +5.100282481e-01 +5.100282481e-01 +1.0833e+00 -1.4986e+00
16625 0 +2.780741409e-05 +5.100278074e-01 +5.100278074e-01 +1.0834e+00 -1.4987e+00
17051 0 +7.053679600e-06 +5.100070537e-01 +5.100070537e-01 +1.0805e+00 -1.5043e+00
17305 0 +3.103503024e-06 +5.100031035e-01 +5.100031035e-01 +1.0771e+00 -1.5112e+00
17727 0 +6.986912858e-07 +5.100006987e-01 +5.100006987e-01 +1.0781e+00 -1.5092e+00
18493 0 +1.135348896e-07 +5.100001135e-01 +5.100001135e-01 +1.0785e+00 -1.5083e+00
18667 0 +1.916789860e-08 +5.100000192e-01 +5.100000192e-01 +1.0781e+00 -1.5093e+00
19645 0 +1.844453656e-08 +5.100000184e-01 +5.100000184e-01 +1.0781e+00 -1.5092e+00
19729 0 +8.926894113e-09 +5.100000089e-01 +5.100000089e-01 +1.0783e+00 -1.5088e+00
26213 0 +0.000000000e+00 +5.100000000e-01 +5.100000000e-01 +1.0782e+00 -1.5090e+00
% f evaluations | g evaluations | best noise-free fitness - Fopt (6.433000000000e+01) + sum g_i+ | measured fitness | best measured fitness or single-digit g-values | x1 | x2...
1 0 +7.180574721e+04 +7.187007721e+04 +7.187007721e+04 -3.5921e+00 -1.9500e-02
2 0 +1.533161359e+04 +1.539594359e+04 +1.539594359e+04 +4.9684e+00 -2.3995e+00
4 0 +1.265957076e+03 +1.330287076e+03 +1.330287076e+03 +1.8400e+00 -4.4347e+00
5 0 +6.929809358e+02 +7.573109358e+02 +7.573109358e+02 +1.5019e+00 +1.7507e+00
6 0 +5.639132769e+02 +6.282432769e+02 +6.282432769e+02 +2.9004e+00 -1.7648e+00
11 0 +5.193452412e+02 +5.836752412e+02 +5.836752412e+02 +3.0541e+00 -1.2665e+00
19 0 +2.606140990e+00 +6.693614099e+01 +6.693614099e+01 +1.5302e+00 -1.0022e+00
49 0 +5.169150746e-01 +6.484691507e+01 +6.484691507e+01 +2.1867e+00 -5.8541e-01
429 0 +1.891200600e-02 +6.434891201e+01 +6.434891201e+01 +2.6004e+00 -5.1004e-02
2587 0 +3.401541765e-03 +6.433340154e+01 +6.433340154e+01 +2.6819e+00 +1.1370e-01
4021 0 +2.539625157e-03 +6.433253963e+01 +6.433253963e+01 +2.6317e+00 +1.6751e-02
4363 0 +1.346233173e-03 +6.433134623e+01 +6.433134623e+01 +2.6354e+00 +2.8862e-02
5067 0 +5.625935432e-05 +6.433005626e+01 +6.433005626e+01 +2.6650e+00 +8.6100e-02
5967 0 +5.292531527e-05 +6.433005293e+01 +6.433005293e+01 +2.6746e+00 +1.0429e-01
6103 0 +2.657370634e-05 +6.433002657e+01 +6.433002657e+01 +2.6637e+00 +8.2706e-02
6193 0 +4.978973550e-06 +6.433000498e+01 +6.433000498e+01 +2.6692e+00 +9.4023e-02
6801 0 +2.532631441e-06 +6.433000253e+01 +6.433000253e+01 +2.6703e+00 +9.5920e-02
7313 0 +3.065408833e-07 +6.433000031e+01 +6.433000031e+01 +2.6692e+00 +9.3766e-02
8269 0 +6.790378393e-08 +6.433000007e+01 +6.433000007e+01 +2.6687e+00 +9.2741e-02
9235 0 +6.196202662e-08 +6.433000006e+01 +6.433000006e+01 +2.6690e+00 +9.3494e-02
9309 0 +2.403244537e-08 +6.433000002e+01 +6.433000002e+01 +2.6687e+00 +9.2775e-02
10477 0 +1.127655480e-08 +6.433000001e+01 +6.433000001e+01 +2.6689e+00 +9.3110e-02
10667 0 +4.241158535e-09 +6.433000000e+01 +6.433000000e+01 +2.6687e+00 +9.2888e-02
15717 0 +0.000000000e+00 +6.433000000e+01 +6.433000000e+01 +2.6688e+00 +9.3000e-02
% f evaluations | g evaluations | best noise-free fitness - Fopt (2.223100000000e+02) + sum g_i+ | measured fitness | best measured fitness or single-digit g-values | x1 | x2...
1 0 +2.911364724e+04 +2.933595724e+04 +2.933595724e+04 +1.9819e+00 +2.5050e+00
2 0 +5.117751486e+01 +2.734875149e+02 +2.734875149e+02 -2.6028e+00 +9.5265e-02
10 0 +4.004424028e+01 +2.623542403e+02 +2.623542403e+02 -4.1829e+00 +1.6020e+00
12 0 +1.414333886e+01 +2.364533389e+02 +2.364533389e+02 -3.3111e+00 -3.0994e-01
69 0 +3.227401402e+00 +2.255374014e+02 +2.255374014e+02 -1.1150e+00 +1.1527e+00
289 0 +6.946395983e-01 +2.230046396e+02 +2.230046396e+02 -1.2610e+00 +1.0212e+00
831 0 +5.295925104e-01 +2.228395925e+02 +2.228395925e+02 -1.9832e+00 -3.9720e-01
853 0 +4.911693881e-01 +2.228011694e+02 +2.228011694e+02 -2.2107e+00 -5.3372e-01
871 0 +2.269069418e-01 +2.225369069e+02 +2.225369069e+02 -1.9832e+00 -3.3572e-01
1059 0 +2.080024929e-01 +2.225180025e+02 +2.225180025e+02 -1.9293e+00 -3.0023e-01
1481 0 +1.975508628e-01 +2.225075509e+02 +2.225075509e+02 -1.9551e+00 -3.1264e-01
1739 0 +1.752362443e-01 +2.224852362e+02 +2.224852362e+02 -1.9293e+00 -2.8136e-01
1983 0 +1.477839770e-01 +2.224577840e+02 +2.224577840e+02 -1.8952e+00 -2.4173e-01
2493 0 +1.407001275e-01 +2.224507001e+02 +2.224507001e+02 -1.8816e+00 -2.1873e-01
2525 0 +1.351310200e-01 +2.224451310e+02 +2.224451310e+02 -1.8775e+00 -2.2170e-01
2705 0 +1.103450340e-01 +2.224203450e+02 +2.224203450e+02 -1.8372e+00 -1.6023e-01
2931 0 +9.038221758e-02 +2.224003822e+02 +2.224003822e+02 -1.8043e+00 -1.2755e-01
3029 0 +8.684760268e-02 +2.223968476e+02 +2.223968476e+02 -1.8055e+00 -1.2217e-01
3449 0 +7.235787910e-02 +2.223823579e+02 +2.223823579e+02 -1.7681e+00 -7.6438e-02
3601 0 +6.791110507e-02 +2.223779111e+02 +2.223779111e+02 -1.7680e+00 -7.2645e-02
3775 0 +6.533224462e-02 +2.223753322e+02 +2.223753322e+02 -1.7653e+00 -6.6798e-02
3907 0 +5.572273919e-02 +2.223657227e+02 +2.223657227e+02 -1.7395e+00 -3.1159e-02
4197 0 +4.936774669e-02 +2.223593677e+02 +2.223593677e+02 -1.7174e+00 +1.0767e-03
4521 0 +4.839359103e-02 +2.223583936e+02 +2.223583936e+02 -1.7224e+00 +7.4649e-03
4529 0 +3.297979543e-02 +2.223429798e+02 +2.223429798e+02 -1.6834e+00 +5.8753e-02
4591 0 +2.285218438e-02 +2.223328522e+02 +2.223328522e+02 -1.6549e+00 +1.0778e-01
4687 0 +2.106049065e-02 +2.223310605e+02 +2.223310605e+02 -1.6227e+00 +1.5924e-01
4717 0 +1.185712713e-02 +2.223218571e+02 +2.223218571e+02 -1.6106e+00 +1.8578e-01
5243 0 +8.684967603e-03 +2.223186850e+02 +2.223186850e+02 -1.5946e+00 +2.1509e-01
5937 0 +7.839201870e-03 +2.223178392e+02 +2.223178392e+02 -1.5914e+00 +2.2884e-01
6015 0 +6.297022699e-03 +2.223162970e+02 +2.223162970e+02 -1.5838e+00 +2.4216e-01
6061 0 +3.592673418e-03 +2.223135927e+02 +2.223135927e+02 -1.5637e+00 +2.7400e-01
6345 0 +3.310121934e-03 +2.223133101e+02 +2.223133101e+02 -1.5632e+00 +2.7543e-01
6449 0 +2.859014086e-03 +2.223128590e+02 +2.223128590e+02 -1.5604e+00 +2.8110e-01
6463 0 +2.287490988e-03 +2.223122875e+02 +2.223122875e+02 -1.5542e+00 +2.9290e-01
6527 0 +1.563393703e-03 +2.223115634e+02 +2.223115634e+02 -1.5482e+00 +3.0516e-01
6629 0 +7.535656128e-04 +2.223107536e+02 +2.223107536e+02 -1.5375e+00 +3.2769e-01
7289 0 +1.059245670e-04 +2.223101059e+02 +2.223101059e+02 -1.5207e+00 +3.6045e-01
7433 0 +5.825939428e-05 +2.223100583e+02 +2.223100583e+02 -1.5184e+00 +3.6483e-01
8299 0 +4.263456646e-06 +2.223100043e+02 +2.223100043e+02 -1.5117e+00 +3.7786e-01
9611 0 +2.862136540e-06 +2.223100029e+02 +2.223100029e+02 -1.5109e+00 +3.7952e-01
9693 0 +6.993678028e-07 +2.223100007e+02 +2.223100007e+02 -1.5100e+00 +3.8147e-01
9965 0 +6.017744170e-07 +2.223100006e+02 +2.223100006e+02 -1.5101e+00 +3.8131e-01
10145 0 +2.785526760e-07 +2.223100003e+02 +2.223100003e+02 -1.5105e+00 +3.8026e-01
10315 0 +2.664836529e-07 +2.223100003e+02 +2.223100003e+02 -1.5103e+00 +3.8073e-01
10561 0 +2.540200228e-07 +2.223100003e+02 +2.223100003e+02 -1.5108e+00 +3.7986e-01
10711 0 +1.475376337e-07 +2.223100001e+02 +2.223100001e+02 -1.5105e+00 +3.8027e-01
11059 0 +1.275750208e-07 +2.223100001e+02 +2.223100001e+02 -1.5111e+00 +3.7923e-01
11199 0 +8.952309827e-08 +2.223100001e+02 +2.223100001e+02 -1.5111e+00 +3.7921e-01
11277 0 +6.129926078e-08 +2.223100001e+02 +2.223100001e+02 -1.5109e+00 +3.7960e-01
11405 0 +2.042168035e-08 +2.223100000e+02 +2.223100000e+02 -1.5107e+00 +3.8002e-01
11437 0 +1.832398766e-08 +2.223100000e+02 +2.223100000e+02 -1.5109e+00 +3.7957e-01
12183 0 +1.176226760e-08 +2.223100000e+02 +2.223100000e+02 -1.5107e+00 +3.7989e-01
12211 0 +5.774609235e-09 +2.223100000e+02 +2.223100000e+02 -1.5107e+00 +3.7994e-01
17009 0 +0.000000000e+00 +2.223100000e+02 +2.223100000e+02 -1.5108e+00 +3.7980e-01
% f evaluations | g evaluations | best noise-free fitness - Fopt (9.175000000000e+01) + sum g_i+ | measured fitness | best measured fitness or single-digit g-values | x1 | x2...
1 0 +1.809287768e+05 +1.810205268e+05 +1.810205268e+05 +3.8130e+00 +2.0455e+00
2 0 +9.508780331e+04 +9.517955331e+04 +9.517955331e+04 +3.0006e+00 +3.7238e+00
3 0 +9.980727991e+03 +1.007247799e+04 +1.007247799e+04 +3.9564e-01 +1.3367e+00
4 0 +1.900839524e+03 +1.992589524e+03 +1.992589524e+03 -2.1321e+00 -2.6038e+00
5 0 +2.230146021e+02 +3.147646021e+02 +3.147646021e+02 -4.1327e+00 +4.7163e+00
27 0 +1.459063792e+02 +2.376563792e+02 +2.376563792e+02 -2.1321e+00 +2.9633e+00
57 0 +1.258265380e+02 +2.175765380e+02 +2.175765380e+02 -9.8966e-01 +3.3790e+00
79 0 +6.480660061e+01 +1.565566006e+02 +1.565566006e+02 -2.4884e+00 +6.3300e-01
87 0 +1.514232223e+01 +1.068923222e+02 +1.068923222e+02 -3.8766e+00 +2.2784e+00
127 0 +8.126431323e+00 +9.987643132e+01 +9.987643132e+01 -3.8766e+00 +2.4139e+00
179 0 +1.207749722e+00 +9.295774972e+01 +9.295774972e+01 -8.4966e-01 +4.9522e+00
307 0 +1.087173159e-01 +9.185871732e+01 +9.185871732e+01 -1.9405e+00 +2.0613e+00
381 0 +7.565288117e-02 +9.182565288e+01 +9.182565288e+01 -1.8396e+00 +2.2358e+00
2657 0 +5.255331557e-02 +9.180255332e+01 +9.180255332e+01 -1.9344e+00 +2.0587e+00
3455 0 +4.282306801e-02 +9.179282307e+01 +9.179282307e+01 -1.8779e+00 +2.1574e+00
3715 0 +3.701182467e-02 +9.178701182e+01 +9.178701182e+01 -1.9253e+00 +2.0689e+00
4035 0 +3.548784806e-02 +9.178548785e+01 +9.178548785e+01 -1.7721e+00 +2.3195e+00
4291 0 +3.315612372e-02 +9.178315612e+01 +9.178315612e+01 -1.9091e+00 +2.0966e+00
4315 0 +1.343563861e-02 +9.176343564e+01 +9.176343564e+01 -1.7721e+00 +2.3268e+00
4427 0 +5.411074806e-03 +9.175541107e+01 +9.175541107e+01 -1.8318e+00 +2.2219e+00
4511 0 +3.024025541e-03 +9.175302403e+01 +9.175302403e+01 -1.7471e+00 +2.3938e+00
4929 0 +5.189091723e-06 +9.175000519e+01 +9.175000519e+01 -1.7633e+00 +2.3559e+00
6733 0 +1.715274692e-06 +9.175000172e+01 +9.175000172e+01 -1.7618e+00 +2.3589e+00
6791 0 +5.911032872e-07 +9.175000059e+01 +9.175000059e+01 -1.7604e+00 +2.3616e+00
7689 0 +1.410854082e-07 +9.175000014e+01 +9.175000014e+01 -1.7612e+00 +2.3600e+00
7983 0 +2.101431562e-08 +9.175000002e+01 +9.175000002e+01 -1.7611e+00 +2.3603e+00
8977 0 +1.383162385e-08 +9.175000001e+01 +9.175000001e+01 -1.7611e+00 +2.3603e+00
9525 0 +1.335266120e-08 +9.175000001e+01 +9.175000001e+01 -1.7611e+00 +2.3602e+00
9563 0 +9.116632782e-09 +9.175000001e+01 +9.175000001e+01 -1.7610e+00 +2.3603e+00
15515 0 +0.000000000e+00 +9.175000000e+01 +9.175000000e+01 -1.7610e+00 +2.3604e+00
